y,2022-11-06 15:05:50.850733,-1.948979,9.859826,-1.422228,0.154852,-0.025070,-0.204739,88.783187,14.204958,-25.398838,1
y,2022-11-06 15:05:50.950735,-2.293762,9.270822,-2.092639,0.079883,-0.177139,-0.047743,82.173576,15.463626,-33.519554,1
y,2022-11-06 15:05:51.040735,-2.375169,9.424058,-1.843629,-0.034235,-0.004430,0.148135,82.173576,15.463626,-33.519554,1
y,2022-11-06 15:05:51.140664,-2.107005,9.017024,-1.723913,-0.222257,0.044040,0.161318,76.099876,15.463626,-36.975181,1
y,2022-11-06 15:05:51.240661,-1.460537,9.615605,-1.225894,-0.294430,0.211955,0.096869,78.064895,15.283817,-38.875774,1
y,2022-11-06 15:05:51.320664,-1.642506,9.538986,-1.096600,0.135677,0.351640,-0.036291,80.565834,16.722291,-39.221336,1
y,2022-11-06 15:05:51.430732,-0.603370,8.700973,-0.967307,-0.881533,-0.199510,-0.392095,80.565834,16.722291,-39.221336,1
y,2022-11-06 15:05:51.520734,-2.739106,10.424886,-0.205912,-1.056239,0.050432,-0.606882,80.923103,13.845339,-36.802398,1
y,2022-11-06 15:05:51.600739,-1.192373,13.034699,1.225894,0.764858,-0.234664,0.544287,79.851280,6.293336,-45.787021,1
y,2022-11-06 15:05:51.700737,-1.948979,8.035351,-3.079100,1.607761,-0.342124,0.174501,75.028045,8.271242,-42.849742,1
y,2022-11-06 15:05:51.790662,-1.618563,8.083237,-1.676027,-0.573800,-0.083660,0.142276,75.028045,8.271242,-42.849742,1
y,2022-11-06 15:05:51.890662,-1.585042,9.543775,-0.641679,-0.439575,0.141646,-0.285301,70.383453,8.271242,-48.033176,1
y,2022-11-06 15:05:51.990774,-1.925036,9.486311,-0.244221,-0.771143,0.490126,-0.423121,72.527114,5.753907,-45.614238,1
y,2022-11-06 15:05:52.090748,-2.566715,11.095296,-0.090984,-0.665814,0.302371,-0.082897,79.851280,0.179810,-45.787021,1
y,2022-11-06 15:05:52.180767,0.421401,11.301208,-0.253798,0.077486,0.287723,0.214183,88.961822,-7.552003,-40.776367,1
y,2022-11-06 15:05:52.280866,-0.445344,10.975581,1.819686,0.027684,0.679746,-0.456545,88.961822,-7.552003,-40.776367,1
y,2022-11-06 15:05:52.370963,-3.984155,8.327458,-0.790127,1.585790,0.203832,-0.745369,87.889999,-5.034669,-36.629615,1
y,2022-11-06 15:05:52.470956,-3.936268,8.135912,-2.490097,0.502932,0.086252,-0.684115,77.886260,6.113526,-38.357429,1
