w,2022-10-14 11:37:45.471155,0.49,-0.76,0.76,-0.85,-17.58,19.35,-12.22,43.62,-134.02,1
w,2022-10-14 11:37:45.486792,0.51,-0.61,0.73,-17.64,-19.47,20.75,-12.22,43.62,-134.02,1
w,2022-10-14 11:37:45.502425,0.49,-0.43,0.77,-34.79,-23.50,7.20,-12.22,43.62,-134.02,1
w,2022-10-14 11:37:45.518054,0.41,-0.43,0.85,-48.46,-23.80,-12.39,-13.20,43.09,-137.21,1
w,2022-10-14 11:37:45.533677,0.36,-0.48,0.84,-44.49,-20.32,-10.80,-13.20,43.09,-137.21,1
w,2022-10-14 11:37:45.564913,0.36,-0.41,0.75,-36.25,-22.16,-0.92,-13.20,43.09,-137.21,1
w,2022-10-14 11:37:45.580536,0.40,-0.31,0.99,-28.99,-16.72,3.72,-15.15,42.10,-141.26,1
w,2022-10-14 11:37:45.596184,0.13,0.02,0.79,-17.21,-0.24,8.85,-15.15,42.10,-141.26,1
w,2022-10-14 11:37:45.611807,0.34,-0.27,0.79,-7.45,-15.20,-18.25,-14.90,42.32,-141.77,1
w,2022-10-14 11:37:45.627432,0.34,-0.30,0.77,-1.71,-8.48,-8.67,-14.90,42.32,-141.77,1
w,2022-10-14 11:37:45.658666,0.34,-0.27,0.78,2.01,1.71,0.18,-14.90,42.32,-141.77,1
w,2022-10-14 11:37:45.674311,0.31,-0.27,0.77,19.23,21.24,12.94,-15.28,42.14,-141.59,1
w,2022-10-14 11:37:45.689936,0.12,-0.13,0.64,20.87,11.78,-13.92,-15.28,42.14,-141.59,1
w,2022-10-14 11:37:45.705562,0.23,-0.29,0.69,30.03,-0.49,-24.78,-15.28,42.14,-141.59,1
w,2022-10-14 11:37:45.721188,0.37,-0.42,0.73,30.15,-3.78,-23.93,-15.80,40.50,-141.41,1
w,2022-10-14 11:37:45.752421,0.31,-0.51,0.77,20.57,-6.41,-9.22,-15.80,40.50,-141.41,1
w,2022-10-14 11:37:45.768064,0.39,-0.43,0.89,18.55,-9.46,-2.20,-21.02,39.47,-141.22,1
w,2022-10-14 11:37:45.783695,0.48,-0.42,0.92,26.06,-2.87,8.00,-21.02,39.47,-141.22,1
w,2022-10-14 11:37:45.799317,0.47,-0.47,0.96,36.13,4.03,14.95,-21.02,39.47,-141.22,1
w,2022-10-14 11:37:45.814946,0.50,-0.55,0.98,39.37,6.96,15.69,-24.55,40.25,-140.59,1
w,2022-10-14 11:37:45.830569,0.54,-0.65,0.93,29.79,8.30,13.12,-24.55,40.25,-140.59,1
w,2022-10-14 11:37:45.861804,0.44,-0.58,0.89,14.16,3.97,10.01,-24.55,40.25,-140.59,1
w,2022-10-14 11:37:45.877430,0.41,-0.51,0.89,-0.73,-11.41,-4.52,-24.74,40.43,-139.67,1
w,2022-10-14 11:37:45.893077,0.41,-0.49,0.89,-8.12,-30.09,-20.63,-24.74,40.43,-139.67,1
w,2022-10-14 11:37:45.908699,0.40,-0.59,2.51,-9.09,-50.17,-25.82,-26.34,40.43,-138.23,1
w,2022-10-14 11:37:45.924325,-0.01,-0.61,0.01,-54.20,62.38,-31.43,-26.34,40.43,-138.23,1
w,2022-10-14 11:37:45.955559,0.50,-0.37,1.10,-19.04,-15.26,-9.95,-26.34,40.43,-138.23,1
w,2022-10-14 11:37:45.971204,0.34,-0.31,0.90,-22.83,29.48,-6.96,-18.13,36.79,-139.53,1
w,2022-10-14 11:37:45.986810,0.33,-0.28,0.76,-17.88,27.04,-6.53,-18.13,36.79,-139.53,1
w,2022-10-14 11:37:46.002453,0.32,-0.31,0.72,-0.31,12.94,-0.92,-18.13,36.79,-139.53,1
w,2022-10-14 11:37:46.018084,0.26,-0.32,0.72,9.83,10.74,1.95,-9.89,35.07,-137.26,1
w,2022-10-14 11:37:46.049317,0.15,-0.41,0.48,33.63,-23.62,15.93,-9.89,35.07,-137.26,1
w,2022-10-14 11:37:46.064940,0.31,-0.45,0.67,39.61,-42.72,20.14,-7.92,35.74,-135.35,1
w,2022-10-14 11:37:46.080584,0.31,-0.50,0.69,23.80,-24.05,17.64,-7.92,35.74,-135.35,1
w,2022-10-14 11:37:46.096214,0.31,-0.49,0.70,2.14,-4.82,11.72,-7.92,35.74,-135.35,1
w,2022-10-14 11:37:46.111836,0.27,-0.45,0.69,-27.53,18.74,-0.55,-6.74,35.73,-136.99,1
w,2022-10-14 11:37:46.127465,0.21,-0.24,0.67,-28.08,0.18,-32.47,-6.74,35.73,-136.99,1
w,2022-10-14 11:37:46.158696,0.23,-0.26,0.74,-24.72,3.85,-39.98,-6.74,35.73,-136.99,1
w,2022-10-14 11:37:46.174322,0.29,-0.24,0.79,-22.28,11.84,-43.09,-9.52,30.24,-136.91,1
w,2022-10-14 11:37:46.189966,0.33,-0.27,0.87,-9.83,16.91,-32.53,-9.52,30.24,-136.91,1
w,2022-10-14 11:37:46.205596,0.39,-0.29,0.84,22.89,16.54,-22.34,-9.52,30.24,-136.91,1
w,2022-10-14 11:37:46.221217,0.49,-0.56,0.90,41.32,13.92,-15.81,-12.22,27.66,-134.79,1
w,2022-10-14 11:37:46.252450,0.47,-0.64,0.90,44.01,12.33,-4.58,-12.22,27.66,-134.79,1
w,2022-10-14 11:37:46.268077,0.51,-0.66,0.91,39.18,-12.27,5.07,-14.04,26.28,-134.47,1
w,2022-10-14 11:37:46.283724,0.55,-0.71,0.93,22.83,-6.77,7.39,-14.04,26.28,-134.47,1
w,2022-10-14 11:37:46.299347,0.60,-0.79,0.92,16.54,-10.19,12.45,-14.04,26.28,-134.47,1
w,2022-10-14 11:37:46.314972,0.40,-0.56,0.86,9.28,-15.99,13.24,-14.95,26.62,-131.99,1
w,2022-10-14 11:37:46.330598,0.39,-0.52,0.85,4.88,-29.66,-1.46,-14.95,26.62,-131.99,1
w,2022-10-14 11:37:46.361833,0.38,-0.48,2.08,-1.77,-44.56,-11.72,-14.95,26.62,-131.99,1
w,2022-10-14 11:37:46.377468,0.20,-0.49,0.55,-36.01,33.02,-5.07,-15.49,27.25,-130.62,1
w,2022-10-14 11:37:46.393102,0.43,-0.37,0.98,-18.74,6.16,-3.48,-15.49,27.25,-130.62,1
w,2022-10-14 11:37:46.408728,0.46,-0.42,0.96,-15.08,16.05,-6.90,-7.69,26.83,-129.97,1
w,2022-10-14 11:37:46.424354,0.31,-0.48,0.73,-22.22,20.94,-6.77,-7.69,26.83,-129.97,1
w,2022-10-14 11:37:46.455588,0.40,-0.38,0.80,-17.64,12.33,-4.21,-7.69,26.83,-129.97,1
w,2022-10-14 11:37:46.471213,0.33,-0.40,0.70,-12.51,4.94,-3.78,-0.28,27.06,-128.02,1
w,2022-10-14 11:37:46.486860,0.25,-0.41,0.65,-7.93,-3.48,-0.31,-0.28,27.06,-128.02,1
w,2022-10-14 11:37:46.502465,0.26,-0.34,0.70,4.09,-22.95,0.73,-0.28,27.06,-128.02,1
w,2022-10-14 11:37:46.518113,0.18,-0.33,0.60,13.37,-34.97,-3.30,3.50,27.16,-126.06,1
w,2022-10-14 11:37:46.549343,0.29,-0.43,0.72,11.66,-38.64,-2.26,3.50,27.16,-126.06,1
w,2022-10-14 11:37:46.564970,0.09,-0.29,0.67,-14.89,-22.28,-8.73,2.10,27.77,-125.15,1
w,2022-10-14 11:37:46.580614,-0.22,-0.39,1.07,1.71,-13.67,-13.92,2.10,27.77,-125.15,1
w,2022-10-14 11:37:46.596243,-0.03,-0.42,1.04,31.62,43.46,10.25,2.10,27.77,-125.15,1
