v,2022-10-15 11:35:56.267567,0.09,-0.90,0.50,-21.00,-73.00,27.83,-55.51,-38.16,1.87,1
v,2022-10-15 11:35:56.277534,0.08,-0.90,0.58,-25.88,-72.75,31.19,-55.51,-38.16,1.87,1
v,2022-10-15 11:35:56.280831,0.11,-0.87,0.61,-32.35,-73.67,34.06,-55.51,-38.16,1.87,1
v,2022-10-15 11:35:56.293358,0.14,-0.81,0.63,-34.18,-75.20,36.25,-49.85,-35.56,9.44,1
v,2022-10-15 11:35:56.307661,0.15,-0.72,0.69,-35.22,-76.72,37.96,-49.85,-35.56,9.44,1
v,2022-10-15 11:35:56.311994,0.14,-0.67,0.73,-32.23,-79.04,40.28,-49.85,-35.56,9.44,1
v,2022-10-15 11:35:56.322019,0.15,-0.63,0.77,-27.28,-81.97,42.72,-49.85,-35.56,9.44,1
v,2022-10-15 11:35:56.330921,0.10,-0.61,0.71,-11.78,-81.18,45.04,-49.85,-35.56,9.44,1
v,2022-10-15 11:35:56.340015,0.06,-0.65,0.84,-9.64,-78.92,43.64,-42.82,-32.41,15.80,1
v,2022-10-15 11:35:56.353954,0.02,-0.64,0.90,-6.47,-76.23,42.18,-42.82,-32.41,15.80,1
v,2022-10-15 11:35:56.367970,0.02,-0.61,0.97,-5.74,-73.00,40.89,-42.82,-32.41,15.80,1
v,2022-10-15 11:35:56.372120,0.02,-0.58,0.98,0.18,-71.47,39.98,-42.82,-32.41,15.80,1
v,2022-10-15 11:35:56.381950,0.02,-0.57,0.98,5.25,-69.58,40.22,-42.82,-32.41,15.80,1
v,2022-10-15 11:35:56.386634,0.03,-0.55,0.96,9.40,-67.14,40.71,-42.82,-32.41,15.80,1
v,2022-10-15 11:35:56.404266,0.02,-0.56,0.93,13.55,-63.60,40.65,-35.10,-31.67,19.89,1
v,2022-10-15 11:35:56.405745,-0.01,-0.56,0.91,17.21,-55.73,37.72,-35.10,-31.67,19.89,1
v,2022-10-15 11:35:56.420173,-0.02,-0.55,0.88,17.21,-55.73,37.72,-35.10,-31.67,19.89,1
v,2022-10-15 11:35:56.420173,-0.03,-0.53,0.87,17.03,-49.44,37.29,-35.10,-31.67,19.89,1
v,2022-10-15 11:35:56.434851,-0.05,-0.53,0.83,18.01,-46.02,38.02,-35.10,-31.67,19.89,1
v,2022-10-15 11:35:56.445198,0.02,-0.60,0.75,14.83,-41.75,37.78,-26.84,-31.46,23.60,1
v,2022-10-15 11:35:56.452192,0.04,-0.64,0.79,9.95,-38.39,34.73,-26.84,-31.46,23.60,1
v,2022-10-15 11:35:56.466213,0.02,-0.67,0.85,4.33,-36.87,30.15,-26.84,-31.46,23.60,1
v,2022-10-15 11:35:56.471153,-0.02,-0.67,0.86,-0.85,-37.23,25.63,-26.84,-31.46,23.60,1
v,2022-10-15 11:35:56.481960,-0.07,-0.66,0.85,-6.84,-38.15,22.28,-26.84,-31.46,23.60,1
v,2022-10-15 11:35:56.489461,-0.11,-0.63,0.84,-13.12,-37.23,20.87,-26.84,-31.46,23.60,1
v,2022-10-15 11:35:56.495725,-0.13,-0.57,0.86,-19.10,-34.24,21.85,-20.73,-31.02,25.02,1
v,2022-10-15 11:35:56.514550,-0.10,-0.57,0.94,-22.52,-29.36,26.61,-20.73,-31.02,25.02,1
v,2022-10-15 11:35:56.514550,-0.11,-0.60,1.03,-22.46,-27.53,26.67,-20.73,-31.02,25.02,1
v,2022-10-15 11:35:56.527481,-0.08,-0.61,0.96,-22.95,-26.73,25.21,-20.73,-31.02,25.02,1
v,2022-10-15 11:35:56.543134,-0.09,-0.61,0.90,-18.92,-23.93,22.28,-20.73,-31.02,25.02,1
v,2022-10-15 11:35:56.543134,-0.07,-0.59,0.89,-18.37,-17.64,19.96,-15.20,-30.15,24.55,1
v,2022-10-15 11:35:56.561370,-0.10,-0.58,0.96,-15.14,-6.23,18.55,-15.20,-30.15,24.55,1
v,2022-10-15 11:35:56.568172,-0.11,-0.57,0.99,-13.18,-2.69,18.68,-15.20,-30.15,24.55,1
v,2022-10-15 11:35:56.583681,-0.10,-0.58,1.00,-10.93,-0.61,20.08,-15.20,-30.15,24.55,1
v,2022-10-15 11:35:56.590483,-0.09,-0.54,1.00,-8.91,0.49,21.61,-15.20,-30.15,24.55,1
v,2022-10-15 11:35:56.597022,-0.08,-0.53,0.96,-4.64,1.10,23.19,-11.38,-29.63,25.76,1
v,2022-10-15 11:35:56.610994,-0.06,-0.52,0.91,0.49,2.26,25.82,-11.38,-29.63,25.76,1
v,2022-10-15 11:35:56.615288,-0.03,-0.49,0.88,6.90,3.97,45.04,-11.38,-29.63,25.76,1
v,2022-10-15 11:35:56.624578,-0.01,-0.50,0.87,28.32,6.23,36.68,-11.38,-29.63,25.76,1
v,2022-10-15 11:35:56.639486,-0.08,-0.64,0.78,36.01,8.00,39.49,-11.38,-29.63,25.76,1
v,2022-10-15 11:35:56.646850,-0.10,-0.66,0.79,38.09,11.41,39.79,-8.51,-29.88,27.86,1
v,2022-10-15 11:35:56.655133,-0.09,-0.69,0.83,41.02,14.22,38.09,-8.51,-29.88,27.86,1
v,2022-10-15 11:35:56.662726,-0.10,-0.78,0.79,40.22,15.14,34.24,-8.51,-29.88,27.86,1
v,2022-10-15 11:35:56.676226,-0.10,-0.75,0.81,32.71,16.36,25.82,-8.51,-29.88,27.86,1
v,2022-10-15 11:35:56.691094,-2.53,-0.95,0.92,26.49,14.04,13.31,-8.51,-29.88,27.86,1
v,2022-10-15 11:35:56.694021,-0.10,-0.52,0.52,-91.37,-2.08,15.63,-7.47,-28.76,28.00,1
v,2022-10-15 11:35:56.704965,-0.14,-0.37,0.59,-51.51,-1.28,12.70,-7.47,-28.76,28.00,1
v,2022-10-15 11:35:56.704965,-0.12,-0.42,0.58,-36.32,-1.95,12.33,-7.47,-28.76,28.00,1
v,2022-10-15 11:35:56.718197,-0.07,-0.27,0.36,-24.72,-0.55,14.10,-7.47,-28.76,28.00,1
v,2022-10-15 11:35:56.735000,-0.08,-0.31,0.27,-5.80,10.19,22.77,-7.47,-28.76,28.00,1
v,2022-10-15 11:35:56.740756,-0.06,-0.43,0.43,10.07,25.51,33.75,-7.47,-28.76,28.00,1
v,2022-10-15 11:35:56.754038,-0.25,-0.90,0.90,26.73,35.64,37.84,-6.46,-28.66,28.08,1
v,2022-10-15 11:35:56.768398,-0.13,-1.00,0.54,-1.22,-26.00,-20.26,-6.46,-28.66,28.08,1
v,2022-10-15 11:35:56.774924,-0.10,-0.80,0.39,-18.07,-38.51,-48.65,-6.46,-28.66,28.08,1
v,2022-10-15 11:35:56.785603,-0.11,-0.63,0.35,-27.83,-33.69,-65.73,-6.46,-28.66,28.08,1
v,2022-10-15 11:35:56.795917,-0.09,-0.39,0.61,-40.28,-25.63,-74.10,-6.46,-28.66,28.08,1
v,2022-10-15 11:35:56.806074,-0.09,-0.38,0.66,-24.84,-28.56,-69.09,-8.25,-28.88,25.59,1
v,2022-10-15 11:35:56.813013,-0.09,-0.42,0.75,-14.77,-28.93,-64.03,-8.25,-28.88,25.59,1
v,2022-10-15 11:35:56.829131,-0.09,-0.49,0.62,-7.02,-27.65,-59.81,-8.25,-28.88,25.59,1
v,2022-10-15 11:35:56.835247,-0.10,-0.61,0.74,-3.36,-15.69,-51.09,-8.25,-28.88,25.59,1
v,2022-10-15 11:35:56.845383,-0.09,-0.58,0.95,-7.57,-7.57,-46.26,-10.31,-29.19,26.66,1
v,2022-10-15 11:35:56.868480,-0.07,-0.62,1.12,-4.15,0.31,-40.04,-10.31,-29.19,26.66,1
v,2022-10-15 11:35:56.871050,-0.09,-0.80,1.12,7.26,4.82,-28.32,-10.31,-29.19,26.66,1
v,2022-10-15 11:35:56.875567,-0.07,-0.76,1.20,17.40,9.09,-22.77,-10.31,-29.19,26.66,1
v,2022-10-15 11:35:56.887503,-0.04,-0.88,1.16,29.91,9.77,-12.88,-10.31,-29.19,26.66,1
v,2022-10-15 11:35:56.899013,-0.02,-0.98,1.16,34.12,7.45,-5.86,-11.46,-29.77,26.83,1
v,2022-10-15 11:35:56.901289,-0.06,-1.09,1.07,34.97,1.95,-3.66,-11.46,-29.77,26.83,1
v,2022-10-15 11:35:56.908329,-0.09,-1.12,0.84,28.14,-0.12,-6.47,-11.46,-29.77,26.83,1
v,2022-10-15 11:35:56.927548,-0.10,-0.86,0.80,8.61,12.63,-11.47,-11.46,-29.77,26.83,1
v,2022-10-15 11:35:56.931931,-0.09,-0.71,0.94,-4.03,31.56,-9.77,-11.46,-29.77,26.83,1
v,2022-10-15 11:35:56.942897,-0.06,-0.65,1.07,-5.68,47.00,6.23,-11.46,-29.77,26.83,1
v,2022-10-15 11:35:56.950889,-0.05,-0.54,1.04,9.16,45.17,16.85,-13.68,-29.32,25.96,1
v,2022-10-15 11:35:56.963711,-0.05,-0.60,0.92,26.92,44.80,27.47,-13.68,-29.32,25.96,1
v,2022-10-15 11:35:56.974964,-0.04,-0.65,0.89,39.67,48.03,34.97,-13.68,-29.32,25.96,1
v,2022-10-15 11:35:56.980557,-0.03,-0.72,0.84,47.79,51.21,37.96,-13.68,-29.32,25.96,1
v,2022-10-15 11:35:56.992364,-0.04,-0.78,0.79,49.01,51.82,36.99,-13.68,-29.32,25.96,1
v,2022-10-15 11:35:57.002520,-0.05,-0.80,0.70,45.84,50.17,32.65,-15.36,-29.33,27.95,1
v,2022-10-15 11:35:57.010426,-0.06,-0.71,0.58,34.73,41.63,22.34,-15.36,-29.33,27.95,1
v,2022-10-15 11:35:57.023851,-0.08,-0.77,0.54,29.72,30.52,18.49,-15.36,-29.33,27.95,1
v,2022-10-15 11:35:57.026797,-0.09,-0.76,0.42,19.35,17.46,12.02,-15.36,-29.33,27.95,1
v,2022-10-15 11:35:57.037090,-0.10,-0.72,0.34,12.94,8.61,4.09,-15.36,-29.33,27.95,1
v,2022-10-15 11:35:57.052873,-0.12,-0.67,0.32,8.85,2.87,-3.54,-16.42,-28.99,28.63,1
v,2022-10-15 11:35:57.055137,-0.13,-0.60,0.33,4.39,-1.65,-11.47,-16.42,-28.99,28.63,1
v,2022-10-15 11:35:57.069774,-0.14,-0.52,0.27,6.71,-2.87,-22.71,-16.42,-28.99,28.63,1
v,2022-10-15 11:35:57.080853,-0.34,-0.49,0.20,14.53,4.21,-23.32,-16.42,-28.99,28.63,1
v,2022-10-15 11:35:57.089141,-0.60,-0.50,0.36,13.85,16.05,-23.86,-16.42,-28.99,28.63,1
v,2022-10-15 11:35:57.098199,-0.54,-0.52,0.47,-6.59,22.46,-21.12,-18.10,-29.96,28.74,1
v,2022-10-15 11:35:57.112010,-0.45,-0.50,0.58,-30.58,21.48,-1.95,-18.10,-29.96,28.74,1
v,2022-10-15 11:35:57.117497,-0.28,-0.42,0.76,-28.50,12.57,11.35,-18.10,-29.96,28.74,1
v,2022-10-15 11:35:57.133696,-0.18,-0.48,0.74,-18.92,2.81,23.50,-18.10,-29.96,28.74,1
v,2022-10-15 11:35:57.139999,-0.11,-0.60,0.68,-7.51,-3.85,27.77,-18.10,-29.96,28.74,1
v,2022-10-15 11:35:57.145376,-0.05,-0.70,0.67,-3.17,-5.49,7.08,-17.27,-30.05,26.82,1
v,2022-10-15 11:35:57.160170,0.04,-0.73,0.73,-10.74,-1.83,-4.64,-17.27,-30.05,26.82,1
v,2022-10-15 11:35:57.168812,0.05,-0.67,0.81,-16.60,-1.40,-18.01,-17.27,-30.05,26.82,1
v,2022-10-15 11:35:57.177636,0.03,-0.64,0.80,-19.90,-3.48,-27.16,-17.27,-30.05,26.82,1
v,2022-10-15 11:35:57.194055,0.06,-0.57,0.82,-24.41,-4.94,-30.64,-17.27,-30.05,26.82,1
v,2022-10-15 11:35:57.194055,0.12,-0.53,0.85,-26.12,-8.48,-25.76,-18.58,-31.65,22.38,1
v,2022-10-15 11:35:57.208579,0.17,-0.49,0.87,-18.92,-10.31,-21.48,-18.58,-31.65,22.38,1
v,2022-10-15 11:35:57.226049,0.22,-0.53,0.91,-11.11,-9.46,-18.25,-18.58,-31.65,22.38,1
v,2022-10-15 11:35:57.229468,0.19,-0.55,0.84,-4.27,-7.93,-17.15,-18.58,-31.65,22.38,1
