G,2022-10-21 15:19:31.432745,0.59,-0.13,0.76,32.23,-1.65,-4.15,22.79,19.87,-84.47,1
G,2022-10-21 15:19:31.451328,0.59,-0.11,0.78,26.43,-12.15,-5.49,22.79,19.87,-84.47,1
G,2022-10-21 15:19:31.470887,0.61,-0.13,0.74,18.80,-23.56,-8.67,21.98,21.34,-83.80,1
G,2022-10-21 15:19:31.487237,0.55,-0.12,0.74,15.50,-30.76,-6.90,21.98,21.34,-83.80,1
G,2022-10-21 15:19:31.505654,0.48,-0.18,0.77,12.82,-24.11,-3.85,21.98,21.34,-83.80,1
G,2022-10-21 15:19:31.524898,0.49,-0.14,0.82,8.79,-21.61,-3.78,21.70,21.77,-85.42,1
G,2022-10-21 15:19:31.542821,0.53,-0.07,0.82,16.30,-32.29,-1.95,21.70,21.77,-85.42,1
G,2022-10-21 15:19:31.562882,-2.68,-0.41,0.31,42.79,-37.05,11.41,21.70,21.77,-85.42,1
G,2022-10-21 15:19:31.580110,0.69,-0.26,0.23,-46.81,-0.43,-0.49,21.51,22.63,-84.53,1
G,2022-10-21 15:19:31.599055,0.41,-0.21,0.92,65.86,20.87,46.26,21.51,22.63,-84.53,1
G,2022-10-21 15:19:31.617106,0.45,-0.60,0.79,47.55,8.79,59.94,21.51,22.63,-84.53,1
G,2022-10-21 15:19:31.636078,0.40,-0.40,0.83,14.16,6.84,46.51,22.96,24.58,-83.52,1
G,2022-10-21 15:19:31.655022,0.38,-0.41,0.78,-10.93,1.28,43.33,22.96,24.58,-83.52,1
G,2022-10-21 15:19:31.672864,0.32,-0.24,0.78,-42.05,-6.77,19.47,22.99,22.55,-83.34,1
G,2022-10-21 15:19:31.690872,0.32,0.11,0.68,-63.05,-22.64,16.78,22.99,22.55,-83.34,1
G,2022-10-21 15:19:31.708654,0.38,0.25,0.67,-49.50,-24.11,20.69,22.99,22.55,-83.34,1
G,2022-10-21 15:19:31.727619,0.37,0.21,0.65,-24.84,-20.94,24.60,21.06,19.31,-85.08,1
G,2022-10-21 15:19:31.746358,0.39,0.24,0.73,-16.85,-17.52,21.61,21.06,19.31,-85.08,1
G,2022-10-21 15:19:31.763719,0.50,0.27,0.80,-13.37,-17.03,15.81,21.06,19.31,-85.08,1
G,2022-10-21 15:19:31.782654,0.43,0.31,0.82,-6.71,-19.90,11.29,19.30,19.04,-85.07,1
G,2022-10-21 15:19:31.800213,0.51,0.22,0.93,11.05,-14.22,14.40,19.30,19.04,-85.07,1
G,2022-10-21 15:19:31.818381,0.49,0.07,0.95,17.76,-14.95,12.63,19.30,19.04,-85.07,1
G,2022-10-21 15:19:31.838208,0.54,-0.01,0.87,0.00,-18.80,-8.67,17.70,20.34,-85.73,1
G,2022-10-21 15:19:31.855111,0.53,0.18,0.92,-17.76,-14.28,-38.39,17.70,20.34,-85.73,1
G,2022-10-21 15:19:31.876698,0.53,0.18,0.89,-6.23,-6.41,-35.40,15.32,19.68,-87.23,1
G,2022-10-21 15:19:31.893677,0.53,0.13,0.95,10.25,1.04,-31.49,15.32,19.68,-87.23,1
G,2022-10-21 15:19:31.912477,0.50,0.06,1.00,29.42,7.87,-22.58,15.32,19.68,-87.23,1
G,2022-10-21 15:19:31.933002,0.53,-0.13,1.02,42.24,11.11,-13.31,14.93,20.96,-88.83,1
G,2022-10-21 15:19:31.949715,0.46,-0.25,1.09,26.73,11.72,-5.37,14.93,20.96,-88.83,1
G,2022-10-21 15:19:31.967853,0.50,-0.69,0.83,17.76,11.90,-5.86,14.93,20.96,-88.83,1
G,2022-10-21 15:19:31.987291,0.44,-0.16,1.10,-13.43,18.86,-17.03,16.24,22.19,-86.95,1
G,2022-10-21 15:19:32.005169,0.50,-0.29,0.92,-2.87,13.37,8.73,16.24,22.19,-86.95,1
G,2022-10-21 15:19:32.022922,0.43,-0.29,0.99,4.46,14.83,11.54,17.96,21.37,-86.93,1
G,2022-10-21 15:19:32.042454,0.43,-0.24,0.85,-4.58,3.78,7.26,17.96,21.37,-86.93,1
G,2022-10-21 15:19:32.059896,0.37,-0.17,0.85,-24.60,-2.56,-3.17,17.96,21.37,-86.93,1
G,2022-10-21 15:19:32.079359,0.34,0.05,0.76,-41.87,-9.89,-12.70,18.15,19.87,-87.07,1
G,2022-10-21 15:19:32.097087,0.37,0.26,0.71,-40.34,-12.88,-11.29,18.15,19.87,-87.07,1
G,2022-10-21 15:19:32.115502,0.31,0.31,0.73,-8.36,-13.85,5.74,18.15,19.87,-87.07,1
G,2022-10-21 15:19:32.135887,0.39,-0.05,0.54,28.44,-3.05,18.86,17.91,18.25,-86.89,1
G,2022-10-21 15:19:32.153420,0.41,-0.20,0.63,42.11,17.46,15.50,17.91,18.25,-86.89,1
G,2022-10-21 15:19:32.170942,0.20,-0.29,1.12,25.70,21.79,3.48,17.91,18.25,-86.89,1
G,2022-10-21 15:19:32.189868,0.27,-0.09,0.75,-16.42,-6.47,-6.90,18.47,20.17,-86.90,1
G,2022-10-21 15:19:32.211203,0.34,0.09,0.76,-20.45,-18.07,-2.26,18.47,20.17,-86.90,1
G,2022-10-21 15:19:32.230206,0.40,0.04,0.69,-6.35,-19.53,4.46,15.98,18.81,-87.95,1
G,2022-10-21 15:19:32.246211,0.40,-0.01,0.83,7.39,-10.62,12.02,15.98,18.81,-87.95,1
G,2022-10-21 15:19:32.262382,0.47,-0.21,0.81,6.59,-5.31,14.53,15.98,18.81,-87.95,1
G,2022-10-21 15:19:32.281391,0.52,-0.11,0.86,-12.82,-2.44,9.09,14.04,19.35,-90.27,1
G,2022-10-21 15:19:32.299394,0.48,0.12,1.22,-13.18,5.86,7.26,14.04,19.35,-90.27,1
G,2022-10-21 15:19:32.318071,0.59,0.15,1.14,12.15,3.30,17.33,14.04,19.35,-90.27,1
G,2022-10-21 15:19:32.336681,0.51,-0.05,1.27,34.67,0.61,17.52,13.90,19.62,-90.09,1
G,2022-10-21 15:19:32.354145,0.49,-0.20,1.14,27.16,-15.75,14.40,13.90,19.62,-90.09,1
G,2022-10-21 15:19:32.372405,0.55,-0.50,0.77,-4.82,-27.28,-9.89,13.90,19.62,-90.09,1
G,2022-10-21 15:19:32.391499,0.25,-0.09,0.87,-57.13,1.53,-55.66,12.61,19.21,-89.43,1
G,2022-10-21 15:19:32.409901,0.37,0.46,0.91,-63.96,26.61,-43.03,12.61,19.21,-89.43,1
G,2022-10-21 15:19:32.428250,0.43,0.39,0.91,-3.11,28.75,-15.14,13.94,16.59,-88.37,1
G,2022-10-21 15:19:32.446456,0.49,0.13,0.84,31.98,27.16,1.10,13.94,16.59,-88.37,1
G,2022-10-21 15:19:32.464655,0.50,-0.02,0.83,35.52,27.16,-1.95,13.94,16.59,-88.37,1
G,2022-10-21 15:19:32.483655,0.53,-0.01,0.78,18.31,25.76,-13.18,15.69,17.70,-89.11,1
G,2022-10-21 15:19:32.502697,0.59,0.01,0.80,14.71,21.85,-8.12,15.69,17.70,-89.11,1
G,2022-10-21 15:19:32.519678,0.61,-0.09,0.80,18.80,10.31,-2.01,15.69,17.70,-89.11,1
