u,2022-11-05 10:49:56.132654,-0.20,0.61,-0.82,-16.30,-3.36,4.70,-41.81,75.67,4.74,1
u,2022-11-05 10:49:56.151418,-0.17,0.60,-0.78,-6.90,-3.78,3.60,-39.95,76.97,5.55,1
u,2022-11-05 10:49:56.170724,-0.13,0.61,-0.80,-5.55,0.98,6.16,-39.95,76.97,5.55,1
u,2022-11-05 10:49:56.189300,-0.11,0.60,-0.81,-8.12,1.59,7.57,-39.95,76.97,5.55,1
u,2022-11-05 10:49:56.208436,-0.10,0.62,-0.76,-8.36,2.87,6.16,-38.73,79.03,5.92,1
u,2022-11-05 10:49:56.226823,-0.31,0.71,-0.89,-4.94,-0.37,-9.16,-38.73,79.03,5.92,1
u,2022-11-05 10:49:56.244564,-0.11,0.67,-0.76,12.82,-8.00,-27.89,-38.73,79.03,5.92,1
u,2022-11-05 10:49:56.263240,-0.12,0.61,-0.77,-18.07,-17.15,-12.27,-38.33,79.16,6.71,1
u,2022-11-05 10:49:56.281445,-0.09,0.57,-0.76,-30.76,-4.27,9.09,-38.33,79.16,6.71,1
u,2022-11-05 10:49:56.300817,-0.14,0.51,-0.64,-11.17,31.80,14.89,-39.22,80.55,5.98,1
u,2022-11-05 10:49:56.318242,-0.17,0.47,-0.64,1.53,26.86,2.93,-39.22,80.55,5.98,1
u,2022-11-05 10:49:56.336569,-0.13,0.51,-0.79,17.64,44.13,1.28,-39.22,80.55,5.98,1
u,2022-11-05 10:49:56.355663,-0.18,0.51,-0.81,18.55,38.70,5.43,-39.56,79.08,8.11,1
u,2022-11-05 10:49:56.372894,-0.13,0.52,-0.88,19.65,17.52,10.50,-39.56,79.08,8.11,1
u,2022-11-05 10:49:56.391119,-0.14,0.58,-0.94,21.55,26.43,11.47,-39.56,79.08,8.11,1
u,2022-11-05 10:49:56.410757,-0.19,0.61,-0.92,24.72,23.50,7.57,-39.87,79.03,10.99,1
u,2022-11-05 10:49:56.428791,-0.18,0.64,-0.96,28.14,21.24,7.14,-39.87,79.03,10.99,1
u,2022-11-05 10:49:56.446868,-0.19,0.66,-0.95,25.02,16.24,6.47,-39.87,79.03,10.99,1
u,2022-11-05 10:49:56.464419,-0.19,0.64,-0.95,23.50,6.59,11.96,-39.67,77.98,11.10,1
u,2022-11-05 10:49:56.483706,-0.20,0.66,-0.91,21.12,-1.16,16.11,-39.67,77.98,11.10,1
u,2022-11-05 10:49:56.503622,-0.19,0.67,-0.90,22.46,-5.25,14.65,-38.18,78.94,9.47,1
u,2022-11-05 10:49:56.523025,-0.22,0.68,-0.81,15.69,-4.03,15.69,-38.18,78.94,9.47,1
u,2022-11-05 10:49:56.541374,-0.24,0.72,-0.84,15.69,-5.62,19.59,-38.18,78.94,9.47,1
u,2022-11-05 10:49:56.560453,-0.22,0.73,-0.79,16.91,-7.51,16.11,-36.55,78.47,10.07,1
u,2022-11-05 10:49:56.579121,-0.22,0.79,-0.81,17.70,-4.82,4.94,-36.55,78.47,10.07,1
u,2022-11-05 10:49:56.598578,-0.22,0.81,-0.77,11.78,-1.34,-6.59,-34.24,77.93,7.93,1
u,2022-11-05 10:49:56.616366,-0.18,0.81,-0.85,6.96,-5.62,-14.65,-34.24,77.93,7.93,1
u,2022-11-05 10:49:56.635718,-0.25,0.74,-0.71,-3.85,-25.39,-27.16,-34.24,77.93,7.93,1
u,2022-11-05 10:49:56.655530,-0.15,0.76,-0.83,-9.34,-36.74,-29.54,-33.59,77.93,6.52,1
u,2022-11-05 10:49:56.674212,-0.24,0.68,-0.62,-13.37,-38.82,-33.87,-33.59,77.93,6.52,1
u,2022-11-05 10:49:56.693741,-0.19,0.62,-0.64,-14.16,-24.72,-30.27,-33.59,77.93,6.52,1
u,2022-11-05 10:49:56.712763,-0.17,0.53,-0.64,-15.14,-11.90,-15.87,-33.03,78.66,4.02,1
u,2022-11-05 10:49:56.730784,-0.16,0.48,-0.62,-10.86,6.53,3.42,-33.03,78.66,4.02,1
u,2022-11-05 10:49:56.750657,-0.14,0.54,-0.69,-1.77,23.68,14.53,-33.50,78.71,3.77,1
u,2022-11-05 10:49:56.768418,-0.12,0.54,-0.67,-1.28,12.51,-0.61,-33.50,78.71,3.77,1
u,2022-11-05 10:49:56.788018,-0.16,0.55,-0.70,-12.45,-8.91,-12.39,-33.50,78.71,3.77,1
u,2022-11-05 10:49:56.807477,-0.16,0.53,-0.61,-18.80,-2.50,-2.14,-32.92,77.95,5.38,1
u,2022-11-05 10:49:56.826284,-0.19,0.51,-0.63,-19.17,19.10,43.21,-32.92,77.95,5.38,1
u,2022-11-05 10:49:56.844859,-0.18,0.55,-0.69,-4.09,29.05,26.61,-32.92,77.95,5.38,1
u,2022-11-05 10:49:56.864413,-0.19,0.55,-0.70,5.49,32.65,26.12,-33.56,79.36,6.07,1
u,2022-11-05 10:49:56.882731,-0.17,0.60,-0.75,17.09,33.81,21.79,-33.56,79.36,6.07,1
u,2022-11-05 10:49:56.900766,-0.20,0.67,-0.82,20.94,28.81,13.55,-32.87,78.59,8.15,1
u,2022-11-05 10:49:56.919418,-0.23,0.72,-0.85,12.21,26.06,17.46,-32.87,78.59,8.15,1
u,2022-11-05 10:49:56.937545,-0.30,0.76,-0.90,-1.53,16.72,13.92,-32.87,78.59,8.15,1
u,2022-11-05 10:49:56.957809,-0.28,0.73,-0.85,-3.54,19.47,10.44,-33.28,77.44,9.59,1
u,2022-11-05 10:49:56.975134,-0.28,0.79,-0.88,4.82,15.63,-3.54,-33.28,77.44,9.59,1
u,2022-11-05 10:49:56.993162,-0.52,0.88,-0.84,16.05,-5.74,-17.70,-33.28,77.44,9.59,1
u,2022-11-05 10:49:57.012609,-0.50,0.99,-0.83,26.06,-22.64,-22.09,-33.90,76.57,10.46,1
u,2022-11-05 10:49:57.030583,-0.45,1.08,-0.74,26.92,-38.27,-30.03,-33.90,76.57,10.46,1
u,2022-11-05 10:49:57.049658,-0.39,1.03,-0.57,28.56,-42.48,-42.24,-36.60,73.74,8.72,1
u,2022-11-05 10:49:57.067186,-0.29,1.05,-0.30,16.60,-34.67,-52.43,-36.60,73.74,8.72,1
u,2022-11-05 10:49:57.085787,-0.20,1.07,-0.22,10.25,-19.41,-59.81,-36.60,73.74,8.72,1
u,2022-11-05 10:49:57.105418,-0.11,1.05,-0.16,3.30,-1.59,-68.73,-42.07,69.51,9.18,1
u,2022-11-05 10:49:57.124395,-0.02,1.00,-0.14,-15.08,25.45,-78.06,-42.07,69.51,9.18,1
u,2022-11-05 10:49:57.142391,0.08,0.86,-0.26,-34.42,41.75,-80.81,-42.07,69.51,9.18,1
u,2022-11-05 10:49:57.161353,0.07,0.73,-0.40,-56.88,52.31,-83.98,-49.87,63.17,8.58,1
