z,2022-10-20 18:37:06.712138,0.56,-0.60,0.60,-26.00,8.67,-21.36,59.22,19.40,-64.61,1
z,2022-10-20 18:37:06.730991,0.44,-0.58,0.66,-49.26,10.07,-23.01,57.63,23.35,-67.37,1
z,2022-10-20 18:37:06.749177,0.49,-0.47,0.65,-40.34,12.08,-14.53,57.63,23.35,-67.37,1
z,2022-10-20 18:37:06.766965,0.53,-0.47,0.58,-13.43,2.50,-7.02,57.63,23.35,-67.37,1
z,2022-10-20 18:37:06.786274,0.50,-0.44,0.58,-7.57,-5.07,-6.96,56.12,25.09,-66.15,1
z,2022-10-20 18:37:06.804225,0.48,-0.43,0.65,-11.35,-6.35,-15.69,56.12,25.09,-66.15,1
z,2022-10-20 18:37:06.822308,0.41,-0.46,0.73,-23.25,-2.69,-21.79,56.12,25.09,-66.15,1
z,2022-10-20 18:37:06.840804,0.51,-0.46,0.69,2.14,3.05,-3.91,56.16,26.64,-65.81,1
z,2022-10-20 18:37:06.858767,0.54,-0.58,0.67,17.33,0.43,9.95,56.16,26.64,-65.81,1
z,2022-10-20 18:37:06.876831,0.49,-0.61,0.68,14.28,1.28,15.56,56.16,26.64,-65.81,1
z,2022-10-20 18:37:06.895913,0.45,-0.67,0.75,7.39,4.64,12.57,57.37,27.14,-61.45,1
z,2022-10-20 18:37:06.913805,0.40,-0.70,0.80,-5.92,9.77,9.34,57.37,27.14,-61.45,1
z,2022-10-20 18:37:06.932791,0.46,-0.73,0.78,-11.96,15.63,19.23,58.37,25.61,-61.02,1
z,2022-10-20 18:37:06.951184,0.61,-0.55,0.70,-23.68,20.51,21.48,58.37,25.61,-61.02,1
z,2022-10-20 18:37:06.969263,0.56,-0.45,0.62,-40.65,19.78,16.48,58.37,25.61,-61.02,1
z,2022-10-20 18:37:06.988015,0.52,-0.42,0.57,-50.60,11.60,11.90,56.98,23.41,-61.46,1
z,2022-10-20 18:37:07.005968,0.54,-0.41,0.57,-59.27,-5.13,3.97,56.98,23.41,-61.46,1
z,2022-10-20 18:37:07.023969,0.50,-0.35,0.72,-65.25,-7.14,1.04,56.98,23.41,-61.46,1
z,2022-10-20 18:37:07.043385,0.44,-0.38,0.71,-77.15,-3.66,-3.36,57.81,21.61,-61.94,1
z,2022-10-20 18:37:07.061266,0.50,-0.37,0.69,-76.17,-2.14,0.98,57.81,21.61,-61.94,1
z,2022-10-20 18:37:07.080117,0.57,-0.36,0.67,-88.93,-2.75,-1.53,59.56,19.38,-60.99,1
z,2022-10-20 18:37:07.098156,0.50,-0.13,0.71,-96.50,-19.41,-4.88,59.56,19.38,-60.99,1
z,2022-10-20 18:37:07.116034,0.47,-0.12,0.84,-84.90,-27.77,-12.51,59.56,19.38,-60.99,1
z,2022-10-20 18:37:07.135402,-0.00,-0.10,1.34,-83.37,-21.97,-16.97,62.51,17.59,-59.96,1
z,2022-10-20 18:37:07.152937,0.34,0.24,0.89,-72.51,24.48,-10.68,62.51,17.59,-59.96,1
z,2022-10-20 18:37:07.170822,0.51,0.13,0.94,10.62,5.74,3.72,62.51,17.59,-59.96,1
z,2022-10-20 18:37:07.189711,0.43,0.26,1.06,51.27,8.91,7.20,62.29,17.19,-60.05,1
z,2022-10-20 18:37:07.207805,0.34,0.39,1.05,43.58,25.09,-33.20,62.29,17.19,-60.05,1
z,2022-10-20 18:37:07.225932,0.37,0.17,0.96,67.75,30.27,-61.71,62.29,17.19,-60.05,1
z,2022-10-20 18:37:07.244776,0.50,-0.16,0.90,75.87,34.55,-74.89,57.26,22.33,-59.92,1
z,2022-10-20 18:37:07.262788,0.52,-0.57,0.56,67.99,36.32,-55.05,57.26,22.33,-59.92,1
z,2022-10-20 18:37:07.281905,0.53,-0.78,0.50,86.18,17.58,-23.07,50.21,28.70,-59.27,1
z,2022-10-20 18:37:07.299906,0.59,-0.92,0.45,90.58,0.06,-2.87,50.21,28.70,-59.27,1
z,2022-10-20 18:37:07.317829,0.63,-0.96,0.48,67.08,-10.68,11.72,50.21,28.70,-59.27,1
z,2022-10-20 18:37:07.336923,0.49,-0.77,0.57,-39.67,4.27,-8.97,50.29,29.27,-59.30,1
z,2022-10-20 18:37:07.355113,0.20,-0.65,0.21,-84.72,7.20,-19.78,50.29,29.27,-59.30,1
z,2022-10-20 18:37:07.372760,0.44,-0.60,0.45,16.24,-61.71,36.13,50.29,29.27,-59.30,1
z,2022-10-20 18:37:07.392166,0.36,-0.47,0.52,69.89,-99.37,60.12,55.40,27.00,-59.22,1
z,2022-10-20 18:37:07.409721,0.33,-0.31,0.92,49.38,-100.40,38.33,55.40,27.00,-59.22,1
z,2022-10-20 18:37:07.429172,0.59,-0.34,1.03,30.58,-91.55,22.58,66.38,20.52,-61.21,1
z,2022-10-20 18:37:07.446871,0.46,-0.41,0.89,-13.85,-55.05,9.77,66.38,20.52,-61.21,1
z,2022-10-20 18:37:07.464812,0.51,-0.33,0.92,-23.13,-49.62,11.72,66.38,20.52,-61.21,1
z,2022-10-20 18:37:07.483982,0.42,-0.26,0.90,-36.93,-35.03,7.39,70.63,17.86,-65.93,1
z,2022-10-20 18:37:07.501928,0.45,-0.18,1.06,-16.17,-18.68,1.28,70.63,17.86,-65.93,1
z,2022-10-20 18:37:07.519976,0.38,-0.21,0.95,-44.92,9.16,-15.14,70.63,17.86,-65.93,1
z,2022-10-20 18:37:07.538895,0.42,-0.29,0.88,-37.54,6.53,-8.30,71.81,17.26,-67.85,1
z,2022-10-20 18:37:07.557108,0.42,-0.23,0.93,-22.22,-0.73,-5.13,71.81,17.26,-67.85,1
z,2022-10-20 18:37:07.575038,0.41,-0.16,0.90,14.10,-0.43,-0.12,71.81,17.26,-67.85,1
z,2022-10-20 18:37:07.593950,0.40,-0.25,0.87,42.60,-5.31,7.75,71.53,17.35,-67.26,1
z,2022-10-20 18:37:07.611849,0.39,-0.23,0.88,66.47,-8.12,13.31,71.53,17.35,-67.26,1
z,2022-10-20 18:37:07.631045,0.13,0.16,1.32,62.19,4.70,-13.00,70.41,18.90,-65.47,1
z,2022-10-20 18:37:07.648898,0.18,0.17,1.05,39.61,66.77,-99.24,70.41,18.90,-65.47,1
z,2022-10-20 18:37:07.666917,0.47,-0.20,0.77,51.94,71.47,-95.58,70.41,18.90,-65.47,1
z,2022-10-20 18:37:07.685696,0.43,-0.38,0.71,115.30,51.94,-50.66,62.66,27.61,-63.55,1
z,2022-10-20 18:37:07.703663,0.43,-0.71,0.36,142.52,40.22,-25.09,62.66,27.61,-63.55,1
z,2022-10-20 18:37:07.721910,0.49,-0.95,0.30,114.50,36.68,-3.66,62.66,27.61,-63.55,1
z,2022-10-20 18:37:07.740776,0.55,-1.25,0.15,65.73,8.79,-4.76,56.79,33.25,-58.19,1
z,2022-10-20 18:37:07.759003,0.40,-0.93,0.52,26.49,-17.46,6.59,56.79,33.25,-58.19,1
z,2022-10-20 18:37:07.777103,0.40,-0.70,0.63,-47.79,-5.92,-11.05,56.79,33.25,-58.19,1
z,2022-10-20 18:37:07.795839,0.25,-0.56,0.76,-60.73,-10.07,19.29,56.41,33.70,-59.42,1
z,2022-10-20 18:37:07.813628,0.10,-0.27,1.03,64.51,-9.70,81.85,56.41,33.70,-59.42,1
z,2022-10-20 18:37:07.832739,0.43,-0.27,0.95,68.73,6.90,59.51,58.11,31.73,-61.45,1
z,2022-10-20 18:37:07.850748,0.50,-0.39,0.70,70.74,18.80,53.77,58.11,31.73,-61.45,1
z,2022-10-20 18:37:07.868732,0.57,-0.55,0.64,58.17,11.66,32.90,58.11,31.73,-61.45,1
z,2022-10-20 18:37:07.887783,0.55,-0.62,0.67,17.52,10.62,5.62,54.98,33.92,-61.60,1
z,2022-10-20 18:37:07.905859,0.59,-0.57,0.70,-29.11,14.47,-2.99,54.98,33.92,-61.60,1
z,2022-10-20 18:37:07.923960,0.55,-0.55,0.68,-52.31,22.16,-8.67,54.98,33.92,-61.60,1
z,2022-10-20 18:37:07.943125,0.54,-0.55,0.60,-46.88,22.03,-4.52,49.40,38.62,-65.58,1
z,2022-10-20 18:37:07.960877,0.61,-0.60,0.52,-37.84,16.91,-5.25,49.40,38.62,-65.58,1
z,2022-10-20 18:37:07.980077,0.68,-0.61,0.50,-34.85,4.27,-5.68,45.50,40.83,-68.62,1
z,2022-10-20 18:37:07.998032,0.58,-0.55,0.49,-28.81,-5.43,-2.01,45.50,40.83,-68.62,1
z,2022-10-20 18:37:08.015927,0.49,-0.53,0.52,-23.38,-10.80,-1.16,45.50,40.83,-68.62,1
z,2022-10-20 18:37:08.035086,0.50,-0.54,0.50,-18.55,-10.50,-0.06,43.41,43.44,-71.47,1
z,2022-10-20 18:37:08.052996,0.59,-0.53,0.41,-11.29,-17.46,6.47,43.41,43.44,-71.47,1
z,2022-10-20 18:37:08.070826,0.39,-0.68,0.64,-17.46,-27.95,3.42,43.41,43.44,-71.47,1
z,2022-10-20 18:37:08.090034,0.10,-0.86,0.82,-30.94,-17.03,-4.21,43.05,43.76,-67.50,1
z,2022-10-20 18:37:08.107979,0.35,-0.64,0.81,-24.96,-11.60,1.65,43.05,43.76,-67.50,1
