z,2022-10-20 18:37:28.553439,0.62,-0.45,0.60,-90.82,44.43,-14.10,61.71,27.67,-95.13,1
z,2022-10-20 18:37:28.571432,0.57,-0.58,0.55,-84.59,40.28,-13.49,61.71,27.67,-95.13,1
z,2022-10-20 18:37:28.590226,0.34,-0.76,0.54,-76.11,34.42,12.08,57.51,29.02,-93.70,1
z,2022-10-20 18:37:28.608343,0.36,-0.81,0.38,-46.63,29.11,41.08,57.51,29.02,-93.70,1
z,2022-10-20 18:37:28.626262,0.41,-0.78,0.35,-32.84,14.65,43.09,57.51,29.02,-93.70,1
z,2022-10-20 18:37:28.645256,0.46,-0.80,0.37,-39.86,3.11,30.27,55.58,30.10,-93.59,1
z,2022-10-20 18:37:28.663517,0.51,-0.81,0.39,-32.53,-6.23,24.48,55.58,30.10,-93.59,1
z,2022-10-20 18:37:28.682226,0.41,-0.79,0.50,-43.95,-10.50,21.30,57.45,29.94,-95.10,1
z,2022-10-20 18:37:28.700532,0.37,-0.75,0.60,-49.13,-13.00,22.83,57.45,29.94,-95.10,1
z,2022-10-20 18:37:28.718572,0.41,-0.58,0.70,-58.41,-12.51,26.86,57.45,29.94,-95.10,1
z,2022-10-20 18:37:28.737268,0.54,-0.45,0.70,-66.59,-3.30,23.56,60.94,25.99,-94.90,1
z,2022-10-20 18:37:28.755455,0.56,-0.18,0.66,-85.94,-3.11,7.32,60.94,25.99,-94.90,1
z,2022-10-20 18:37:28.773437,0.43,-0.04,0.79,-86.91,-10.86,-9.58,60.94,25.99,-94.90,1
z,2022-10-20 18:37:28.792422,0.33,0.04,1.10,-50.48,-17.21,-14.34,64.27,23.38,-95.21,1
z,2022-10-20 18:37:28.810104,0.44,0.01,1.06,38.45,11.29,5.07,64.27,23.38,-95.21,1
z,2022-10-20 18:37:28.829051,0.45,0.13,1.16,44.49,25.27,-23.56,63.93,24.37,-93.91,1
z,2022-10-20 18:37:28.847092,0.42,0.11,1.06,19.78,60.00,-68.66,63.93,24.37,-93.91,1
z,2022-10-20 18:37:28.865143,0.39,-0.34,0.77,9.58,70.19,-94.73,63.93,24.37,-93.91,1
z,2022-10-20 18:37:28.884187,0.45,-0.64,0.47,41.44,45.72,-64.94,56.74,29.48,-93.99,1
z,2022-10-20 18:37:28.902367,0.48,-0.99,0.35,86.98,-7.39,-9.34,56.74,29.48,-93.99,1
z,2022-10-20 18:37:28.920085,0.51,-0.99,0.40,72.63,-21.79,8.97,56.74,29.48,-93.99,1
z,2022-10-20 18:37:28.938944,0.55,-0.81,0.56,20.45,-7.14,0.67,53.85,32.31,-92.81,1
z,2022-10-20 18:37:28.957426,0.46,-0.65,0.61,-37.72,18.49,-18.68,53.85,32.31,-92.81,1
z,2022-10-20 18:37:28.975589,0.28,-0.66,0.31,-13.43,-18.80,9.22,53.85,32.31,-92.81,1
z,2022-10-20 18:37:28.994420,0.24,-0.56,0.31,-3.97,-48.10,25.82,55.31,31.07,-92.50,1
z,2022-10-20 18:37:29.012376,0.34,-0.46,0.78,71.23,-104.74,50.11,55.31,31.07,-92.50,1
z,2022-10-20 18:37:29.031271,0.37,-0.34,0.70,55.60,-112.67,27.53,60.13,29.27,-93.59,1
z,2022-10-20 18:37:29.049284,0.50,-0.44,0.99,29.17,-91.37,0.37,60.13,29.27,-93.59,1
z,2022-10-20 18:37:29.067351,0.34,-0.42,0.79,-10.01,-65.86,-3.60,60.13,29.27,-93.59,1
z,2022-10-20 18:37:29.086451,0.44,-0.50,0.87,-9.09,-73.79,-3.30,62.71,28.37,-97.07,1
z,2022-10-20 18:37:29.104445,0.48,-0.48,0.97,-12.88,-65.86,-6.65,62.71,28.37,-97.07,1
z,2022-10-20 18:37:29.122519,0.53,-0.33,1.29,-16.97,-25.82,-11.35,62.71,28.37,-97.07,1
z,2022-10-20 18:37:29.141061,0.36,-0.29,0.90,4.33,7.02,-10.38,64.00,26.55,-100.65,1
z,2022-10-20 18:37:29.159130,0.35,-0.33,0.87,42.97,-6.84,4.76,64.00,26.55,-100.65,1
z,2022-10-20 18:37:29.178064,0.35,-0.38,0.79,85.02,-13.61,16.17,62.56,29.19,-98.39,1
z,2022-10-20 18:37:29.196319,0.21,-0.39,0.80,137.33,-17.88,20.57,62.56,29.19,-98.39,1
z,2022-10-20 18:37:29.214087,0.09,-0.23,1.06,82.03,16.30,-66.47,62.56,29.19,-98.39,1
z,2022-10-20 18:37:29.233039,0.44,-0.46,0.84,5.98,102.66,-124.76,58.64,32.54,-95.21,1
z,2022-10-20 18:37:29.251169,0.41,-0.61,0.55,17.64,96.44,-90.94,58.64,32.54,-95.21,1
z,2022-10-20 18:37:29.269248,0.40,-0.86,0.31,54.08,57.74,-42.79,58.64,32.54,-95.21,1
z,2022-10-20 18:37:29.288139,0.31,-0.99,0.46,90.52,15.56,-6.29,51.76,36.33,-91.42,1
z,2022-10-20 18:37:29.306031,0.35,-1.11,0.26,33.14,8.36,1.16,51.76,36.33,-91.42,1
z,2022-10-20 18:37:29.324225,0.31,-0.95,0.42,-0.18,-0.92,4.33,51.76,36.33,-91.42,1
z,2022-10-20 18:37:29.343330,0.32,-0.76,0.57,-48.65,10.07,-9.83,49.56,36.76,-91.48,1
z,2022-10-20 18:37:29.361229,0.39,-0.68,0.70,-74.34,13.85,-11.05,49.56,36.76,-91.48,1
z,2022-10-20 18:37:29.380312,0.27,-0.66,0.79,-4.64,-9.89,57.92,51.56,36.66,-93.02,1
z,2022-10-20 18:37:29.398308,0.16,-0.53,0.89,14.16,-12.57,61.40,51.56,36.66,-93.02,1
