T,2022-10-22 14:54:39.031820,0.58,0.07,-1.12,-6.10,-34.55,-92.47,-4.50,0.77,4.91,1
T,2022-10-22 14:54:39.049718,0.54,0.14,-1.10,-25.70,0.92,-91.25,-4.50,0.77,4.91,1
T,2022-10-22 14:54:39.068686,0.50,0.06,-0.95,-43.46,29.97,-64.64,-2.73,1.29,5.38,1
T,2022-10-22 14:54:39.086618,0.39,-0.22,-0.85,-74.89,57.07,-18.19,-2.73,1.29,5.38,1
T,2022-10-22 14:54:39.104535,0.30,-0.39,-0.76,-92.96,76.42,10.38,-2.73,1.29,5.38,1
T,2022-10-22 14:54:39.123701,0.16,-0.54,-0.57,-110.78,92.83,42.85,-6.52,6.42,4.63,1
T,2022-10-22 14:54:39.141551,0.10,-0.75,-0.39,-120.73,97.05,70.07,-6.52,6.42,4.63,1
T,2022-10-22 14:54:39.160538,0.03,-1.02,-0.33,-105.96,87.16,82.76,-13.06,14.71,5.92,1
T,2022-10-22 14:54:39.178626,-0.10,-1.30,-0.32,-71.17,59.27,79.71,-13.06,14.71,5.92,1
T,2022-10-22 14:54:39.196810,-0.23,-1.44,-0.38,-41.50,33.14,59.27,-13.06,14.71,5.92,1
T,2022-10-22 14:54:39.215875,-0.26,-1.42,-0.48,-13.31,9.34,30.09,-17.44,19.76,4.72,1
T,2022-10-22 14:54:39.233811,-0.19,-1.22,-0.62,3.97,-6.96,11.35,-17.44,19.76,4.72,1
T,2022-10-22 14:54:39.251822,-0.10,-0.96,-0.80,21.85,-13.98,8.18,-17.44,19.76,4.72,1
T,2022-10-22 14:54:39.270630,0.03,-0.75,-0.93,25.27,5.43,27.71,-19.49,20.54,7.26,1
T,2022-10-22 14:54:39.288589,0.09,-0.74,-0.94,16.36,29.66,35.10,-19.49,20.54,7.26,1
T,2022-10-22 14:54:39.306654,-0.04,-0.78,-0.85,11.29,41.32,22.95,-19.49,20.54,7.26,1
T,2022-10-22 14:54:39.325822,-0.15,-0.73,-0.75,12.15,34.55,-2.56,-22.77,20.39,6.20,1
T,2022-10-22 14:54:39.343735,-0.41,-0.52,-0.91,24.66,12.70,-31.49,-22.77,20.39,6.20,1
T,2022-10-22 14:54:39.362805,-0.42,-0.14,-2.24,-14.40,2.56,2.44,-24.82,19.43,7.14,1
T,2022-10-22 14:54:39.380723,-0.10,-0.53,-0.70,-2.75,-25.63,2.44,-24.82,19.43,7.14,1
T,2022-10-22 14:54:39.398607,0.44,-0.80,-0.73,-5.07,-62.56,5.74,-24.82,19.43,7.14,1
T,2022-10-22 14:54:39.417697,0.51,-0.79,-0.84,6.53,-66.71,3.85,-22.62,19.45,8.94,1
T,2022-10-22 14:54:39.435696,0.62,-0.47,-1.09,-8.24,-44.56,-18.01,-22.62,19.45,8.94,1
T,2022-10-22 14:54:39.453801,0.60,-0.23,-1.28,-69.70,40.77,-4.33,-22.62,19.45,8.94,1
T,2022-10-22 14:54:39.472821,-0.49,-0.29,-0.76,-77.33,88.50,35.52,-23.47,21.17,8.86,1
T,2022-10-22 14:54:39.490824,-0.21,-0.66,-0.19,-52.43,39.67,52.55,-23.47,21.17,8.86,1
T,2022-10-22 14:54:39.508605,0.03,-0.99,-0.79,46.88,15.44,44.92,-23.47,21.17,8.86,1
T,2022-10-22 14:54:39.527432,0.13,-1.09,-0.63,26.25,10.13,16.36,-25.21,23.97,9.02,1
T,2022-10-22 14:54:39.545799,0.04,-0.86,-0.68,13.73,-3.85,-21.97,-25.21,23.97,9.02,1
T,2022-10-22 14:54:39.564731,-0.28,-0.49,-0.98,19.53,2.08,-20.57,-24.66,21.91,8.54,1
T,2022-10-22 14:54:39.582530,-0.14,-0.55,-0.80,24.66,33.75,11.41,-24.66,21.91,8.54,1
T,2022-10-22 14:54:39.600566,0.00,-0.62,-0.65,37.35,36.87,33.33,-24.66,21.91,8.54,1
T,2022-10-22 14:54:39.619677,-0.00,-0.72,-0.61,56.09,23.86,46.20,-24.90,21.30,7.28,1
T,2022-10-22 14:54:39.637516,-0.07,-0.75,-0.67,83.25,5.07,49.32,-24.90,21.30,7.28,1
T,2022-10-22 14:54:39.655474,0.01,-0.64,-0.85,93.26,8.36,52.92,-24.90,21.30,7.28,1
T,2022-10-22 14:54:39.674817,0.13,-0.56,-0.87,89.90,7.20,46.33,-23.94,19.45,5.65,1
T,2022-10-22 14:54:39.692804,0.15,-0.40,-0.95,72.63,-1.59,34.30,-23.94,19.45,5.65,1
T,2022-10-22 14:54:39.710677,0.21,-0.30,-0.99,58.11,-4.21,27.53,-23.94,19.45,5.65,1
T,2022-10-22 14:54:39.729669,0.25,-0.25,-1.09,50.35,-11.78,13.43,-22.17,18.31,5.11,1
T,2022-10-22 14:54:39.747812,0.29,-0.09,-1.10,31.80,-8.67,-15.26,-22.17,18.31,5.11,1
T,2022-10-22 14:54:39.766885,0.15,0.07,-1.11,5.98,-12.94,-28.20,-21.35,16.87,4.50,1
T,2022-10-22 14:54:39.784732,-0.04,0.00,-1.04,-12.45,-17.94,-29.11,-21.35,16.87,4.50,1
T,2022-10-22 14:54:39.802614,0.01,0.01,-1.13,-50.42,-27.95,-38.27,-21.35,16.87,4.50,1
T,2022-10-22 14:54:39.821797,0.27,-0.14,-1.09,-66.71,-23.99,-30.64,-20.80,18.01,5.88,1
T,2022-10-22 14:54:39.839852,0.44,-0.46,-1.03,-66.59,-15.69,-24.78,-20.80,18.01,5.88,1
T,2022-10-22 14:54:39.857676,0.47,-0.54,-0.99,-66.04,-9.77,-28.44,-20.80,18.01,5.88,1
T,2022-10-22 14:54:39.876609,0.33,-0.52,-0.91,-64.45,0.06,-26.18,-21.40,19.42,7.39,1
T,2022-10-22 14:54:39.894810,0.25,-0.50,-0.84,-59.27,6.35,-14.28,-21.40,19.42,7.39,1
T,2022-10-22 14:54:39.912566,0.15,-0.44,-0.91,-58.23,15.26,6.29,-21.40,19.42,7.39,1
T,2022-10-22 14:54:39.931706,0.03,-0.47,-0.96,-63.60,60.24,50.96,-23.28,21.90,8.07,1
T,2022-10-22 14:54:39.949528,0.05,-1.18,-0.30,-53.22,27.65,62.93,-23.28,21.90,8.07,1
T,2022-10-22 14:54:39.968553,0.14,-1.07,-0.67,26.86,7.63,23.38,-24.08,24.66,5.99,1
T,2022-10-22 14:54:39.986888,-0.08,-1.03,-0.76,9.22,-2.38,-9.03,-24.08,24.66,5.99,1
T,2022-10-22 14:54:40.004617,-0.36,-0.72,-1.03,13.18,23.32,-49.44,-24.08,24.66,5.99,1
T,2022-10-22 14:54:40.023800,0.00,-0.39,-0.79,-28.38,95.15,-87.22,-25.27,21.48,4.90,1
T,2022-10-22 14:54:40.041726,0.02,-0.38,-0.76,-38.82,110.96,-81.30,-25.27,21.48,4.90,1
T,2022-10-22 14:54:40.059531,0.02,-0.43,-0.75,4.03,97.47,-66.28,-25.27,21.48,4.90,1
T,2022-10-22 14:54:40.078577,0.08,-0.53,-0.80,28.08,80.75,-47.91,-29.17,20.04,-0.33,1
T,2022-10-22 14:54:40.096817,-0.01,-0.57,-0.75,26.25,54.81,-45.35,-29.17,20.04,-0.33,1
T,2022-10-22 14:54:40.114890,-0.07,-0.57,-0.85,14.59,18.86,-35.28,-29.17,20.04,-0.33,1
T,2022-10-22 14:54:40.134090,-0.16,-0.48,-0.89,5.92,-6.04,-15.26,-31.67,16.70,-2.09,1
T,2022-10-22 14:54:40.151878,-0.17,-0.56,-1.00,5.19,-11.47,0.37,-31.67,16.70,-2.09,1
T,2022-10-22 14:54:40.170957,-0.17,-0.67,-1.05,-1.04,-0.31,-1.59,-31.95,17.04,-1.87,1
T,2022-10-22 14:54:40.188895,-0.18,-0.66,-0.90,-13.92,11.41,-10.13,-31.95,17.04,-1.87,1
T,2022-10-22 14:54:40.207014,-0.20,-0.62,-0.71,-5.92,-2.75,1.34,-31.95,17.04,-1.87,1
T,2022-10-22 14:54:40.225882,-0.21,-0.58,-0.88,21.00,-5.86,-5.92,-32.15,16.55,-3.06,1
