t,2022-10-11 12:36:47.990572,-3.332899,8.969137,-1.350399,0.148238,-0.150973,-0.019640,38.480426,-53.948738,-155.951141,1
t,2022-10-11 12:36:48.086420,-0.928998,9.768841,-1.709547,0.163019,0.005224,0.236827,26.532165,-73.051895,-147.770095,1
t,2022-10-11 12:36:48.198167,-2.442210,8.940405,-1.743068,0.012148,0.043973,0.457473,22.490842,-77.120162,-151.690185,1
t,2022-10-11 12:36:48.294136,-2.523617,8.624355,-1.350399,-0.640869,0.038381,-0.203534,22.490842,-77.120162,-151.690185,1
t,2022-10-11 12:36:48.390163,-2.020809,8.988291,-1.470115,-0.324347,-0.073207,0.262793,15.813875,-66.507293,-167.370513,1
t,2022-10-11 12:36:48.486050,-1.953768,10.171088,-1.532367,-0.331272,-0.006894,0.069711,1.932807,-23.525186,-195.492858,1
t,2022-10-11 12:36:48.581895,-1.896304,9.960387,-1.494058,-0.146978,-0.116351,0.085157,1.054258,24.409591,-196.345046,1
t,2022-10-11 12:36:48.677925,-3.596274,8.882942,-0.828436,0.055825,-0.200908,-0.041611,2.459936,21.933256,-171.801910,1
t,2022-10-11 12:36:48.775025,-2.078273,9.222935,-0.780550,0.029193,-0.096644,0.338161,2.459936,21.933256,-171.801910,1
t,2022-10-11 12:36:48.869825,-2.528406,9.826305,-1.273780,-0.129534,0.093642,-0.217249,2.459936,21.933256,-171.801910,1
t,2022-10-11 12:36:48.965846,-3.902748,9.313920,-1.987289,0.497517,0.258095,-0.519256,6.325550,21.933256,-164.984375,1
t,2022-10-11 12:36:49.061756,-0.747029,8.083237,-2.461365,0.157559,0.565029,-0.014047,27.235004,-12.558559,-165.836578,1
t,2022-10-11 12:36:49.157912,-1.714336,7.575640,-2.059118,-0.334068,-0.001434,0.287694,27.937843,-44.750919,-190.038818,1
t,2022-10-11 12:36:49.253942,-2.470942,9.318708,-1.489269,-0.062022,0.036117,-0.548685,27.937843,-44.750919,-190.038818,1
t,2022-10-11 12:36:49.349888,-2.097428,9.471945,-1.647295,-0.087589,-0.021408,0.240422,19.855197,-50.411113,-203.333023,1
t,2022-10-11 12:36:49.461909,-0.119716,9.917289,-1.546733,-0.391726,0.267283,-0.338824,16.341003,-51.826164,-205.037399,1
t,2022-10-11 12:36:49.557707,-6.838189,7.973098,-0.478865,-0.020876,-0.192519,-1.311692,16.341003,-40.152011,-140.611694,1
