i,2022-11-02 13:58:04.274370,-0.24,0.52,0.79,-12.63,5.13,-1.53,38.60,-19.68,-37.27,1
i,2022-11-02 13:58:04.295742,-0.24,0.58,0.78,-10.01,4.76,-0.79,38.60,-19.68,-37.27,1
i,2022-11-02 13:58:04.317853,-0.24,0.55,0.74,-2.50,3.48,1.71,39.56,-19.42,-35.91,1
i,2022-11-02 13:58:04.338469,-0.23,0.56,0.75,1.83,1.65,3.48,39.56,-19.42,-35.91,1
i,2022-11-02 13:58:04.360776,-0.24,0.49,0.74,-2.62,-0.85,2.87,40.15,-18.29,-35.14,1
i,2022-11-02 13:58:04.381770,-0.30,0.53,0.75,-11.90,0.06,-0.67,40.15,-18.29,-35.14,1
i,2022-11-02 13:58:04.403062,-0.23,0.59,0.78,-5.07,5.25,-1.89,40.15,-18.29,-35.14,1
i,2022-11-02 13:58:04.426207,-0.22,0.57,0.78,0.79,1.95,7.20,41.09,-18.41,-34.51,1
i,2022-11-02 13:58:04.446357,-0.25,0.50,0.75,2.99,-0.55,8.79,41.09,-18.41,-34.51,1
i,2022-11-02 13:58:04.470113,-0.28,0.53,0.76,-0.67,-0.31,6.41,40.98,-17.24,-31.62,1
i,2022-11-02 13:58:04.490675,-0.23,0.52,0.75,-3.30,-0.18,6.23,40.98,-17.24,-31.62,1
i,2022-11-02 13:58:04.512492,-0.23,0.53,0.75,-8.79,-3.78,7.87,41.42,-17.31,-30.40,1
i,2022-11-02 13:58:04.534519,-0.25,0.56,0.73,-12.57,-3.85,3.60,41.42,-17.31,-30.40,1
i,2022-11-02 13:58:04.556051,-0.29,0.63,0.77,-11.23,-5.37,2.69,42.57,-16.52,-27.98,1
i,2022-11-02 13:58:04.576927,-0.56,0.67,0.70,-2.26,-4.21,4.03,42.57,-16.52,-27.98,1
i,2022-11-02 13:58:04.595919,-0.26,0.57,0.83,22.22,15.63,17.40,42.57,-16.52,-27.98,1
i,2022-11-02 13:58:04.616130,-0.26,0.41,0.87,14.40,6.90,13.06,40.66,-16.81,-27.10,1
i,2022-11-02 13:58:04.635905,-0.25,0.48,0.81,1.04,1.34,5.74,40.66,-16.81,-27.10,1
i,2022-11-02 13:58:04.657607,-0.30,0.60,0.79,-13.00,-1.65,3.97,40.27,-16.71,-25.96,1
i,2022-11-02 13:58:04.679392,-0.31,0.71,0.70,6.71,4.58,-3.85,40.27,-16.71,-25.96,1
i,2022-11-02 13:58:04.701426,-0.26,0.64,0.77,26.12,8.61,0.43,40.27,-16.71,-25.96,1
i,2022-11-02 13:58:04.724270,-0.30,0.53,0.84,26.25,5.98,-0.67,38.53,-16.55,-26.67,1
i,2022-11-02 13:58:04.745872,-0.27,0.56,0.84,23.25,7.14,-16.72,38.53,-16.55,-26.67,1
i,2022-11-02 13:58:04.769141,-0.22,0.62,0.86,24.17,8.42,-16.54,35.03,-15.39,-26.14,1
i,2022-11-02 13:58:04.789712,-0.21,0.47,0.84,28.99,3.05,-4.82,35.03,-15.39,-26.14,1
i,2022-11-02 13:58:04.812248,-0.23,0.42,0.81,16.36,4.39,-6.23,30.24,-13.05,-26.56,1
i,2022-11-02 13:58:04.833032,-0.22,0.44,0.78,11.84,10.68,-11.29,30.24,-13.05,-26.56,1
i,2022-11-02 13:58:04.852872,-0.18,0.48,0.82,14.95,11.29,-10.56,30.24,-13.05,-26.56,1
i,2022-11-02 13:58:04.875342,-0.20,0.42,0.81,14.28,5.92,-4.03,26.99,-10.74,-27.38,1
i,2022-11-02 13:58:04.895860,-0.21,0.41,0.76,2.14,6.47,-4.33,26.99,-10.74,-27.38,1
i,2022-11-02 13:58:04.915280,-0.19,0.48,0.78,-0.49,9.52,-5.55,24.24,-8.76,-28.32,1
i,2022-11-02 13:58:04.937275,-0.20,0.43,0.77,-0.37,9.09,-2.99,24.24,-8.76,-28.32,1
i,2022-11-02 13:58:04.957918,-0.20,0.41,0.77,-0.37,7.51,-3.97,24.24,-8.76,-28.32,1
i,2022-11-02 13:58:04.980021,-0.19,0.44,0.76,-5.92,5.68,-5.55,23.18,-7.64,-28.49,1
i,2022-11-02 13:58:05.002669,-0.20,0.46,0.73,-7.63,2.69,-4.76,23.18,-7.64,-28.49,1
i,2022-11-02 13:58:05.025134,-0.19,0.47,0.68,-8.30,5.80,-5.86,23.40,-8.00,-30.53,1
i,2022-11-02 13:58:05.045407,-0.15,0.52,0.80,-17.46,-0.37,9.34,23.40,-8.00,-30.53,1
i,2022-11-02 13:58:05.067517,-0.21,0.44,0.65,-11.84,-12.51,18.25,25.78,-8.51,-28.14,1
i,2022-11-02 13:58:05.087050,-0.22,0.57,0.75,-11.78,-5.49,12.88,25.78,-8.51,-28.14,1
i,2022-11-02 13:58:05.109568,-0.20,0.58,0.76,-2.08,-5.68,17.33,25.78,-8.51,-28.14,1
i,2022-11-02 13:58:05.131763,-0.26,0.53,0.75,5.68,-5.19,20.75,29.06,-11.06,-28.23,1
i,2022-11-02 13:58:05.152569,-0.27,0.59,0.82,-0.98,2.99,9.03,29.06,-11.06,-28.23,1
i,2022-11-02 13:58:05.174606,-0.23,0.62,0.85,6.04,2.81,7.57,31.99,-13.83,-26.45,1
i,2022-11-02 13:58:05.195742,-0.23,0.57,0.87,23.01,2.56,11.11,31.99,-13.83,-26.45,1
i,2022-11-02 13:58:05.216964,-0.23,0.40,0.85,19.84,1.46,10.62,32.58,-14.95,-25.07,1
i,2022-11-02 13:58:05.237960,-0.23,0.56,0.89,-4.15,0.43,0.43,32.58,-14.95,-25.07,1
i,2022-11-02 13:58:05.258096,-0.22,0.61,0.87,4.09,-3.17,2.08,32.58,-14.95,-25.07,1
i,2022-11-02 13:58:05.281694,-0.22,0.42,0.87,18.43,-8.79,6.65,32.87,-15.71,-24.07,1
i,2022-11-02 13:58:05.301643,-0.23,0.42,0.88,7.93,-11.90,2.20,32.87,-15.71,-24.07,1
i,2022-11-02 13:58:05.325249,-0.29,0.63,0.93,-8.91,-16.85,-0.18,30.98,-14.71,-24.60,1
i,2022-11-02 13:58:05.346384,-0.60,0.81,0.85,29.17,6.65,-12.70,30.98,-14.71,-24.60,1
i,2022-11-02 13:58:05.367161,-0.27,0.51,1.02,70.50,27.22,-2.08,27.33,-13.72,-25.70,1
i,2022-11-02 13:58:05.389031,-0.20,0.24,0.96,29.11,25.63,-11.11,27.33,-13.72,-25.70,1
i,2022-11-02 13:58:05.409294,-0.19,0.44,0.92,6.04,27.59,-19.65,27.33,-13.72,-25.70,1
i,2022-11-02 13:58:05.433502,-0.10,0.46,0.81,13.85,36.01,-9.95,22.17,-11.33,-30.25,1
i,2022-11-02 13:58:05.453756,-0.09,0.41,0.80,6.84,30.58,-5.49,22.17,-11.33,-30.25,1
i,2022-11-02 13:58:05.475938,-0.04,0.40,0.74,-5.80,25.51,-7.51,16.75,-8.65,-32.41,1
i,2022-11-02 13:58:05.497785,-0.10,0.46,0.69,-10.50,14.89,-7.93,16.75,-8.65,-32.41,1
i,2022-11-02 13:58:05.519713,-0.08,0.47,0.70,-3.11,13.85,-5.00,14.05,-5.33,-34.64,1
i,2022-11-02 13:58:05.540262,-0.07,0.36,0.71,-1.16,3.05,1.59,14.05,-5.33,-34.64,1
i,2022-11-02 13:58:05.562498,-0.11,0.38,0.71,-10.44,-4.70,2.93,14.05,-5.33,-34.64,1
i,2022-11-02 13:58:05.583828,-0.16,0.53,0.73,-11.72,-8.48,2.08,11.72,-2.84,-32.68,1
i,2022-11-02 13:58:05.604535,-0.21,0.45,0.76,0.98,-4.21,3.05,11.72,-2.84,-32.68,1
i,2022-11-02 13:58:05.626667,-0.14,0.45,0.83,-0.98,-2.56,-1.40,12.44,-1.20,-32.09,1
i,2022-11-02 13:58:05.647010,-0.17,0.48,0.83,-3.17,-9.22,2.93,12.44,-1.20,-32.09,1
i,2022-11-02 13:58:05.670542,-0.24,0.48,0.82,-4.58,-7.26,1.10,12.29,-1.17,-31.04,1
i,2022-11-02 13:58:05.691795,-0.17,0.46,0.83,-0.12,1.71,-2.44,12.29,-1.17,-31.04,1
i,2022-11-02 13:58:05.712972,-0.41,0.60,0.82,21.36,5.92,-0.06,12.29,-1.17,-31.04,1
i,2022-11-02 13:58:05.734628,-0.15,0.45,0.90,19.35,5.92,5.00,13.43,-0.88,-30.52,1
i,2022-11-02 13:58:05.755765,-0.15,0.44,0.82,2.87,1.16,2.20,13.43,-0.88,-30.52,1
i,2022-11-02 13:58:05.777411,-0.16,0.48,0.83,5.13,1.16,0.24,13.23,-0.88,-29.68,1
i,2022-11-02 13:58:05.799627,-0.17,0.43,0.78,20.69,1.83,2.14,13.23,-0.88,-29.68,1
i,2022-11-02 13:58:05.820920,-0.15,0.37,0.78,16.17,5.19,0.43,13.45,-0.90,-29.27,1
i,2022-11-02 13:58:05.841122,-0.14,0.41,0.79,-6.16,8.61,-4.70,13.45,-0.90,-29.27,1
i,2022-11-02 13:58:05.860509,-0.13,0.46,0.86,-21.55,7.93,0.73,13.45,-0.90,-29.27,1
i,2022-11-02 13:58:05.882106,-0.18,0.51,0.80,-24.78,-2.44,7.02,15.14,-1.61,-28.31,1
i,2022-11-02 13:58:05.902330,-0.18,0.61,0.81,-17.94,-1.28,3.11,15.14,-1.61,-28.31,1
i,2022-11-02 13:58:05.922380,-0.16,0.61,0.86,-0.67,-2.08,3.66,16.03,-3.21,-28.85,1
i,2022-11-02 13:58:05.941594,-0.16,0.58,0.85,7.63,-2.08,5.43,16.03,-3.21,-28.85,1
i,2022-11-02 13:58:05.961083,-0.14,0.55,0.88,20.51,0.12,10.68,16.03,-3.21,-28.85,1
i,2022-11-02 13:58:05.983382,-0.13,0.37,0.91,25.82,0.37,11.11,15.10,-2.80,-27.88,1
i,2022-11-02 13:58:06.003623,-0.15,0.34,0.90,19.78,-2.44,6.90,15.10,-2.80,-27.88,1
i,2022-11-02 13:58:06.027251,-0.16,0.48,0.83,15.08,-7.14,0.31,14.50,-1.93,-29.63,1
i,2022-11-02 13:58:06.046267,-0.17,0.49,0.80,24.41,-5.00,1.77,14.50,-1.93,-29.63,1
i,2022-11-02 13:58:06.067666,-0.17,0.35,0.79,21.97,-2.08,2.08,14.50,-1.93,-29.63,1
i,2022-11-02 13:58:06.089034,-0.16,0.35,0.78,2.75,3.17,-2.14,14.15,-1.99,-29.70,1
i,2022-11-02 13:58:06.110022,-0.15,0.47,0.84,-15.44,11.41,-2.50,14.15,-1.99,-29.70,1
i,2022-11-02 13:58:06.131736,-0.14,0.48,0.86,-6.35,10.38,5.25,14.95,-2.77,-28.93,1
i,2022-11-02 13:58:06.153423,-0.17,0.45,0.86,-0.06,7.26,8.06,14.95,-2.77,-28.93,1
i,2022-11-02 13:58:06.173922,-0.17,0.50,0.87,0.55,4.15,4.52,15.69,-2.40,-30.03,1
i,2022-11-02 13:58:06.193802,-0.20,0.50,0.84,2.08,4.09,7.14,15.69,-2.40,-30.03,1
i,2022-11-02 13:58:06.212695,-0.36,0.54,0.86,19.23,11.78,9.46,15.69,-2.40,-30.03,1
i,2022-11-02 13:58:06.232745,-0.20,0.34,0.87,29.91,8.61,12.57,14.95,-2.72,-29.09,1
i,2022-11-02 13:58:06.251249,-0.22,0.31,0.83,12.94,2.32,9.77,14.95,-2.72,-29.09,1
i,2022-11-02 13:58:06.272180,-0.21,0.40,0.81,0.79,-3.48,12.27,15.33,-4.57,-30.90,1
i,2022-11-02 13:58:06.292429,-0.16,0.42,0.73,3.17,-7.02,17.21,15.33,-4.57,-30.90,1
i,2022-11-02 13:58:06.315232,-0.21,0.41,0.71,1.77,-8.24,17.33,15.33,-4.57,-30.90,1
i,2022-11-02 13:58:06.332810,-0.17,0.43,0.75,0.67,-11.60,8.24,17.30,-8.03,-32.39,1
i,2022-11-02 13:58:06.353315,-0.18,0.42,0.72,2.50,-15.81,7.87,17.30,-8.03,-32.39,1
