b,2022-10-31 18:42:42.958284,0.26,0.22,0.84,-5.00,9.34,-11.60,-7.89,-36.84,-135.11,1
b,2022-10-31 18:42:42.977976,0.25,0.14,0.79,1.59,1.59,-13.49,-7.89,-36.84,-135.11,1
b,2022-10-31 18:42:42.999835,0.24,0.05,0.84,5.19,-11.60,-11.35,-7.08,-36.82,-136.08,1
b,2022-10-31 18:42:43.018091,0.18,0.07,0.86,1.28,-12.08,-16.48,-7.08,-36.82,-136.08,1
b,2022-10-31 18:42:43.039029,0.18,-0.10,0.84,2.08,-9.34,-19.47,-10.21,-35.44,-138.06,1
b,2022-10-31 18:42:43.059581,0.26,-0.11,0.68,-2.75,-17.46,-9.16,-10.21,-35.44,-138.06,1
b,2022-10-31 18:42:43.079378,0.21,-0.08,0.69,-13.12,-36.93,-8.67,-10.21,-35.44,-138.06,1
b,2022-10-31 18:42:43.100401,0.13,-0.12,0.75,-12.70,-48.40,-7.20,-14.62,-33.04,-140.64,1
b,2022-10-31 18:42:43.119347,0.12,-0.03,1.00,5.55,52.67,10.80,-14.62,-33.04,-140.64,1
b,2022-10-31 18:42:43.139176,0.27,-0.24,1.14,5.37,-17.03,-17.70,-16.48,-31.14,-140.77,1
b,2022-10-31 18:42:43.159286,0.10,-0.06,0.73,3.60,-24.23,-12.76,-16.48,-31.14,-140.77,1
b,2022-10-31 18:42:43.178002,0.16,-0.01,0.88,-7.51,-40.71,-11.96,-16.48,-31.14,-140.77,1
b,2022-10-31 18:42:43.201585,0.12,-0.05,0.84,-6.84,-40.53,-7.32,-20.95,-29.72,-137.30,1
b,2022-10-31 18:42:43.220203,0.19,0.04,1.09,12.57,-34.55,11.47,-20.95,-29.72,-137.30,1
b,2022-10-31 18:42:43.239872,0.16,-0.02,1.06,17.27,-9.64,8.97,-23.68,-28.27,-135.94,1
b,2022-10-31 18:42:43.259865,0.22,-0.07,1.03,2.50,-16.97,-1.34,-23.68,-28.27,-135.94,1
b,2022-10-31 18:42:43.281012,0.19,-0.09,1.18,-7.63,-19.23,-3.91,-23.68,-28.27,-135.94,1
b,2022-10-31 18:42:43.304526,0.18,-0.07,1.17,-1.65,-23.68,2.32,-25.04,-28.36,-133.02,1
b,2022-10-31 18:42:43.321145,0.18,-0.02,1.21,0.73,-16.91,8.73,-25.04,-28.36,-133.02,1
b,2022-10-31 18:42:43.342556,0.16,-0.03,1.11,-2.14,-4.94,8.61,-25.83,-27.78,-131.97,1
b,2022-10-31 18:42:43.361889,0.14,0.02,1.10,-8.42,-14.40,4.64,-25.83,-27.78,-131.97,1
b,2022-10-31 18:42:43.381753,0.31,0.25,1.56,5.62,27.59,2.99,-25.83,-27.78,-131.97,1
b,2022-10-31 18:42:43.405803,-0.04,0.15,1.65,11.23,8.18,4.82,-24.38,-28.45,-135.05,1
b,2022-10-31 18:42:43.422284,0.13,0.07,0.88,12.94,53.83,-9.03,-24.38,-28.45,-135.05,1
b,2022-10-31 18:42:43.442840,0.15,0.11,0.83,11.72,39.06,-16.30,-23.67,-28.38,-137.35,1
b,2022-10-31 18:42:43.466363,0.17,0.19,0.93,21.67,23.19,-15.26,-23.67,-28.38,-137.35,1
b,2022-10-31 18:42:43.484991,0.12,0.09,0.75,39.37,15.14,-23.01,-25.28,-29.09,-139.65,1
b,2022-10-31 18:42:43.503125,0.11,-0.04,0.75,52.06,5.86,-27.22,-25.28,-29.09,-139.65,1
b,2022-10-31 18:42:43.523256,0.06,-0.11,0.68,38.64,9.28,-61.34,-25.28,-29.09,-139.65,1
b,2022-10-31 18:42:43.544095,0.08,-0.48,0.69,18.31,1.16,-35.22,-29.75,-30.30,-141.14,1
b,2022-10-31 18:42:43.569027,0.04,-0.17,0.63,18.31,-1.40,-18.68,-29.75,-30.30,-141.14,1
b,2022-10-31 18:42:43.586074,0.09,-0.30,0.76,12.94,-20.51,-26.37,-33.87,-30.52,-140.45,1
b,2022-10-31 18:42:43.605538,0.11,-0.31,0.78,11.47,-17.21,-11.47,-33.87,-30.52,-140.45,1
b,2022-10-31 18:42:43.624526,0.15,-0.28,0.98,16.48,-5.49,-7.32,-33.87,-30.52,-140.45,1
b,2022-10-31 18:42:43.645385,0.16,-0.30,0.93,9.28,-2.87,-6.71,-36.54,-28.80,-135.24,1
b,2022-10-31 18:42:43.664340,0.17,-0.34,1.15,2.32,-16.97,12.94,-36.54,-28.80,-135.24,1
b,2022-10-31 18:42:43.684083,0.20,-0.35,1.11,7.63,-18.01,30.40,-34.79,-27.33,-132.28,1
b,2022-10-31 18:42:43.703066,0.18,-0.31,1.12,-4.76,-18.31,34.00,-34.79,-27.33,-132.28,1
b,2022-10-31 18:42:43.723604,0.18,-0.10,1.16,-14.65,-20.08,40.34,-34.79,-27.33,-132.28,1
b,2022-10-31 18:42:43.743999,0.09,-0.14,1.18,-11.60,-11.96,38.33,-29.85,-25.62,-129.60,1
b,2022-10-31 18:42:43.762949,-0.11,-0.00,1.35,5.07,25.02,21.85,-29.85,-25.62,-129.60,1
b,2022-10-31 18:42:43.782983,0.07,-0.24,1.09,2.44,52.49,4.33,-23.52,-26.11,-128.05,1
b,2022-10-31 18:42:43.800851,0.23,-0.44,0.91,-1.89,49.56,7.87,-23.52,-26.11,-128.05,1
b,2022-10-31 18:42:43.818940,0.24,-0.42,0.91,-29.17,31.37,18.74,-23.52,-26.11,-128.05,1
b,2022-10-31 18:42:43.839851,0.30,-0.38,0.86,-29.36,25.88,19.04,-14.49,-28.03,-129.80,1
b,2022-10-31 18:42:43.858954,0.32,-0.36,0.84,-35.28,15.63,27.34,-14.49,-28.03,-129.80,1
b,2022-10-31 18:42:43.877087,0.29,-0.20,0.88,-30.82,5.25,45.59,-14.49,-28.03,-129.80,1
b,2022-10-31 18:42:43.897555,0.30,0.02,0.85,-29.05,1.10,48.22,-6.12,-31.20,-128.11,1
