i,2022-11-01 18:49:37.064353,2.906709,6.723261,-4.654565,-0.108367,-0.504026,0.274217,27.153007,-42.075447,-35.247367,1
i,2022-11-01 18:49:37.160775,5.013714,6.910018,-3.586697,-0.692274,0.067098,-1.702278,27.153007,-42.075447,-35.247367,1
i,2022-11-01 18:49:37.254720,0.799704,8.284360,-3.466981,-0.453118,-0.133441,-0.992668,39.479042,-40.097541,-39.566898,1
i,2022-11-01 18:49:37.351872,3.715990,8.466329,-3.514867,-0.271355,0.492145,-0.933146,50.018695,-41.356208,-41.121929,1
i,2022-11-01 18:49:37.447480,1.206739,8.739282,-3.007271,-0.076009,-0.045289,-0.483331,57.700141,-41.176399,-41.640274,1
i,2022-11-01 18:49:37.543115,1.230682,8.959560,-2.174046,-0.284937,0.011703,0.068085,60.201076,-42.974494,-44.404773,1
i,2022-11-01 18:49:37.639945,1.331244,9.610816,-1.925036,0.040373,-0.075117,0.060495,60.201076,-42.974494,-44.404773,1
i,2022-11-01 18:49:37.734422,1.149275,9.625182,-1.647295,-0.085597,-0.009070,-0.007284,58.236053,-43.873542,-45.614238,1
i,2022-11-01 18:49:37.831359,2.490097,9.692223,-1.867572,-0.265496,0.333019,-0.172536,55.913757,-45.132209,-45.787021,1
i,2022-11-01 18:49:37.926288,0.866745,10.467984,-2.341649,0.246238,-0.320531,-0.198502,55.913757,-44.053352,-47.169269,1
i,2022-11-01 18:49:38.023183,0.986461,9.275610,-1.929825,0.103091,-0.174188,0.422690,55.913757,-44.053352,-47.169269,1
i,2022-11-01 18:49:38.119367,0.895477,7.403249,-1.106178,-0.243125,0.030745,-0.184120,50.554611,-35.422492,-44.750335,1
i,2022-11-01 18:49:38.214994,0.641679,8.222108,-1.235471,-0.552456,0.048722,-0.025793,46.088657,-33.804203,-46.996490,1
i,2022-11-01 18:49:38.310866,2.595447,10.985157,-1.608985,-0.026474,-0.149953,0.153973,49.840057,-44.412971,-49.588207,1
i,2022-11-01 18:49:38.407145,0.407035,9.993907,-1.968134,-0.116090,-0.015728,-0.050827,49.840057,-44.412971,-49.588207,1
i,2022-11-01 18:49:38.503510,2.537983,12.460061,1.273780,0.274202,0.334084,-0.356563,54.663291,-47.110115,-51.143238,1
i,2022-11-01 18:49:38.598811,0.569849,8.394499,-4.362458,1.085014,0.441677,-0.229262,54.306015,-43.154304,-50.452114,1
i,2022-11-01 18:49:38.694840,1.005616,9.452791,-1.460537,0.014939,0.028748,0.222684,47.160484,-34.163822,-45.268676,1
i,2022-11-01 18:49:38.790037,0.359149,7.144662,-2.590658,-0.111563,0.019427,-0.314085,43.409084,-28.949346,-48.897083,1
i,2022-11-01 18:49:38.887026,1.637717,7.034523,-2.921075,-0.189328,-0.546770,0.134532,43.409084,-28.949346,-48.897083,1
i,2022-11-01 18:49:38.982716,1.259414,9.577295,-1.450960,-0.206772,-0.379121,0.248517,41.086788,-30.208013,-52.179927,1
i,2022-11-01 18:49:39.078697,2.978539,11.396982,1.058291,0.010678,0.535955,-0.344445,40.372234,-30.567632,-56.326675,1
i,2022-11-01 18:49:39.174685,2.796570,8.236474,-3.126987,0.422276,0.079615,-0.981217,48.946868,-29.848394,-44.231990,1
i,2022-11-01 18:49:39.271125,-0.292108,10.338690,-1.359976,-0.362969,-0.048751,-0.431132,48.946868,-29.848394,-44.231990,1
i,2022-11-01 18:49:39.365601,-0.325628,10.525447,-1.695181,-0.024077,-0.124652,0.060095,60.915626,-41.536018,-40.949146,1
i,2022-11-01 18:49:39.462777,-0.119716,9.615605,-2.796570,-0.082534,-0.298160,0.454515,70.383453,-54.302497,-50.797676,1
