B,2022-10-18 14:30:43.627472,0.55,0.17,0.73,68.12,-27.22,86.43,-33.29,7.46,-69.80,1
B,2022-10-18 14:30:43.647030,0.41,0.42,0.55,46.45,9.09,43.15,-33.29,7.46,-69.80,1
B,2022-10-18 14:30:43.658408,0.47,0.48,0.56,22.58,39.92,18.55,-33.29,7.46,-69.80,1
B,2022-10-18 14:30:43.685342,0.58,0.48,0.58,-12.57,60.61,-12.45,-35.40,10.82,-72.20,1
B,2022-10-18 14:30:43.702213,0.44,0.28,0.91,-38.33,58.29,-37.41,-35.40,10.82,-72.20,1
B,2022-10-18 14:30:43.717920,0.34,0.33,0.69,-82.64,25.45,-36.62,-33.90,3.94,-76.84,1
B,2022-10-18 14:30:43.733526,0.65,0.35,0.62,-59.14,29.24,-25.45,-33.90,3.94,-76.84,1
B,2022-10-18 14:30:43.749088,0.59,0.32,0.71,-64.21,12.02,-17.27,-33.90,3.94,-76.84,1
B,2022-10-18 14:30:43.780793,0.48,0.40,0.70,-82.03,-14.59,-8.06,-34.42,-1.86,-77.06,1
B,2022-10-18 14:30:43.796420,0.37,0.65,0.56,-64.64,-14.34,-2.69,-34.42,-1.86,-77.06,1
B,2022-10-18 14:30:43.812122,0.55,0.60,0.61,-32.29,-11.72,3.66,-34.42,-1.86,-77.06,1
B,2022-10-18 14:30:43.827745,0.48,0.50,0.67,-31.37,-16.91,7.69,-35.46,-5.85,-74.85,1
B,2022-10-18 14:30:43.843369,0.43,0.56,0.72,-23.13,-19.35,10.07,-35.46,-5.85,-74.85,1
B,2022-10-18 14:30:43.879104,0.39,0.58,0.51,-22.28,-26.98,21.67,-37.66,-6.35,-73.47,1
B,2022-10-18 14:30:43.890607,0.39,0.77,0.67,162.05,-24.48,29.79,-37.66,-6.35,-73.47,1
B,2022-10-18 14:30:43.906234,0.41,0.39,0.77,182.31,-34.67,36.13,-37.66,-6.35,-73.47,1
B,2022-10-18 14:30:43.921858,0.60,0.23,0.65,140.08,-44.74,39.06,-38.54,5.40,-74.73,1
B,2022-10-18 14:30:43.937481,0.38,0.33,0.69,80.69,-44.19,32.84,-38.54,5.40,-74.73,1
B,2022-10-18 14:30:43.968728,0.46,0.36,0.80,53.65,-49.26,35.77,-38.54,5.40,-74.73,1
B,2022-10-18 14:30:43.984735,0.49,0.39,0.83,44.43,-77.94,46.45,-40.25,11.91,-71.41,1
B,2022-10-18 14:30:44.000362,0.49,0.24,0.69,96.25,-74.77,46.02,-40.25,11.91,-71.41,1
B,2022-10-18 14:30:44.015986,0.41,0.17,0.83,117.37,-79.10,36.50,-42.65,19.79,-66.39,1
B,2022-10-18 14:30:44.031609,0.39,0.36,0.84,121.09,-82.70,24.84,-42.65,19.79,-66.39,1
B,2022-10-18 14:30:44.062856,0.46,0.41,0.83,131.04,-73.43,33.14,-42.65,19.79,-66.39,1
B,2022-10-18 14:30:44.082422,0.41,0.23,0.92,115.78,-52.00,34.55,-45.26,28.48,-62.61,1
B,2022-10-18 14:30:44.094425,0.42,0.09,0.89,94.12,-44.74,29.85,-45.26,28.48,-62.61,1
B,2022-10-18 14:30:44.110179,0.41,-0.01,0.79,61.46,-20.57,18.92,-45.26,28.48,-62.61,1
B,2022-10-18 14:30:44.140602,0.27,-0.08,0.98,-5.86,7.39,-0.55,-45.89,33.00,-59.62,1
B,2022-10-18 14:30:44.149909,0.57,-0.03,0.67,-42.85,10.07,-12.08,-45.89,33.00,-59.62,1
B,2022-10-18 14:30:44.165687,0.14,0.68,0.44,-89.11,87.10,-30.03,-44.47,29.57,-62.68,1
B,2022-10-18 14:30:44.197226,0.42,0.50,0.48,-61.10,183.47,-4.88,-44.47,29.57,-62.68,1
B,2022-10-18 14:30:44.203309,0.93,0.01,0.74,-75.81,268.92,-40.28,-44.47,29.57,-62.68,1
B,2022-10-18 14:30:44.235768,0.62,0.19,1.45,-158.63,226.38,-89.72,-32.25,21.37,-75.35,1
B,2022-10-18 14:30:44.252579,0.50,-0.09,1.27,-179.20,110.41,-99.30,-32.25,21.37,-75.35,1
B,2022-10-18 14:30:44.271333,0.75,0.63,0.75,-208.44,29.48,-78.74,-32.25,21.37,-75.35,1
B,2022-10-18 14:30:44.287347,0.78,0.45,0.67,-168.52,-14.83,11.90,-30.21,4.61,-77.49,1
B,2022-10-18 14:30:44.308271,0.53,0.51,0.75,-164.49,-43.33,23.32,-30.21,4.61,-77.49,1
B,2022-10-18 14:30:44.319617,0.40,0.62,0.52,-150.39,-52.25,17.46,-36.01,-5.41,-74.23,1
B,2022-10-18 14:30:44.335250,-0.71,0.88,0.31,-124.21,-36.25,7.32,-36.01,-5.41,-74.23,1
B,2022-10-18 14:30:44.365260,0.63,0.50,0.51,-41.38,3.42,1.34,-36.01,-5.41,-74.23,1
B,2022-10-18 14:30:44.380973,0.48,0.37,0.68,-46.88,-1.34,-17.52,-37.48,-10.29,-73.23,1
B,2022-10-18 14:30:44.396772,0.42,0.58,0.56,-59.63,-14.34,-38.27,-37.48,-10.29,-73.23,1
B,2022-10-18 14:30:44.417125,0.50,0.47,0.52,-36.13,-27.47,-56.46,-37.48,-10.29,-73.23,1
B,2022-10-18 14:30:44.439842,0.58,0.55,0.54,-27.65,-44.01,-75.38,-36.99,-16.41,-70.81,1
B,2022-10-18 14:30:44.455537,0.52,0.58,0.60,-13.98,-48.10,-68.60,-36.99,-16.41,-70.81,1
B,2022-10-18 14:30:44.479858,0.56,0.47,0.63,-0.85,-50.72,-62.44,-36.41,-21.48,-67.91,1
B,2022-10-18 14:30:44.497998,0.50,0.47,0.72,14.10,-44.37,-39.98,-36.41,-21.48,-67.91,1
B,2022-10-18 14:30:44.517706,0.56,0.34,0.70,22.40,-38.21,-22.40,-36.41,-21.48,-67.91,1
B,2022-10-18 14:30:44.533402,0.46,0.52,0.64,25.45,-39.31,-20.20,-36.82,-21.31,-66.46,1
B,2022-10-18 14:30:44.543508,0.46,0.56,0.60,40.28,-30.52,4.33,-36.82,-21.31,-66.46,1
B,2022-10-18 14:30:44.576061,0.37,0.61,0.71,52.98,-32.65,22.34,-36.82,-21.31,-66.46,1
B,2022-10-18 14:30:44.586052,0.50,0.45,0.68,73.43,-36.80,41.56,-37.82,-17.65,-64.28,1
B,2022-10-18 14:30:44.605184,0.54,0.31,0.69,69.52,-30.70,54.26,-37.82,-17.65,-64.28,1
B,2022-10-18 14:30:44.635002,0.49,0.48,0.76,53.34,-25.27,64.64,-39.12,-10.14,-65.26,1
B,2022-10-18 14:30:44.648692,0.53,0.42,0.68,60.30,-17.21,78.12,-39.12,-10.14,-65.26,1
B,2022-10-18 14:30:44.664426,0.56,0.30,0.72,65.12,-4.82,88.56,-39.12,-10.14,-65.26,1
B,2022-10-18 14:30:44.690425,0.57,0.32,0.72,53.10,-0.43,80.51,-41.13,-1.92,-65.14,1
B,2022-10-18 14:30:44.704814,0.51,0.34,0.69,30.33,11.11,69.82,-41.13,-1.92,-65.14,1
B,2022-10-18 14:30:44.720521,0.50,0.45,0.68,10.25,17.82,62.26,-41.13,-1.92,-65.14,1
B,2022-10-18 14:30:44.736148,0.49,0.42,0.69,13.00,33.20,66.65,-41.15,2.94,-65.76,1
B,2022-10-18 14:30:44.751781,0.45,0.18,0.87,14.71,41.87,68.48,-41.15,2.94,-65.76,1
B,2022-10-18 14:30:44.783399,0.47,0.44,0.73,0.00,33.33,34.79,-41.06,6.88,-67.74,1
B,2022-10-18 14:30:44.799025,0.30,0.37,0.89,5.74,38.39,23.86,-41.06,6.88,-67.74,1
B,2022-10-18 14:30:44.814715,0.35,0.74,0.74,-11.23,11.17,-0.79,-41.06,6.88,-67.74,1
B,2022-10-18 14:30:44.830338,0.42,0.65,0.59,13.37,10.38,12.51,-40.88,7.18,-68.99,1
B,2022-10-18 14:30:44.845907,0.45,0.28,0.87,39.61,15.93,19.78,-40.88,7.18,-68.99,1
B,2022-10-18 14:30:44.877142,0.45,0.18,0.86,30.82,6.10,9.09,-40.88,7.18,-68.99,1
B,2022-10-18 14:30:44.893165,0.48,0.12,0.85,20.57,-1.95,-3.72,-40.76,9.13,-70.13,1
B,2022-10-18 14:30:44.908859,0.50,0.67,0.63,-39.79,-18.80,-106.20,-40.76,9.13,-70.13,1
B,2022-10-18 14:30:44.924483,0.46,0.58,0.73,-9.16,-10.01,-91.43,-39.43,4.14,-68.60,1
B,2022-10-18 14:30:44.955662,0.47,0.42,0.82,-8.48,-12.88,-67.02,-39.43,4.14,-68.60,1
B,2022-10-18 14:30:44.971285,0.40,0.21,0.87,8.48,-17.40,-43.95,-39.43,4.14,-68.60,1
B,2022-10-18 14:30:44.987448,0.44,0.16,0.80,20.81,-31.80,-48.46,-39.20,1.03,-67.87,1
B,2022-10-18 14:30:45.003126,0.46,0.36,0.76,13.55,-39.06,-60.06,-39.20,1.03,-67.87,1
B,2022-10-18 14:30:45.034335,0.42,0.50,0.73,18.37,-40.10,-56.70,-40.21,-0.57,-66.70,1
B,2022-10-18 14:30:45.049958,0.41,0.38,0.83,50.11,-39.79,-33.51,-40.21,-0.57,-66.70,1
B,2022-10-18 14:30:45.065654,0.42,0.33,0.81,65.12,-41.93,-20.81,-40.21,-0.57,-66.70,1
B,2022-10-18 14:30:45.081821,0.41,0.17,0.82,76.29,-42.79,-8.79,-40.25,3.00,-65.19,1
B,2022-10-18 14:30:45.097520,0.36,0.15,0.91,70.56,-51.39,-1.53,-40.25,3.00,-65.19,1
B,2022-10-18 14:30:45.129088,0.40,0.20,0.80,64.88,-56.03,6.16,-40.25,3.00,-65.19,1
B,2022-10-18 14:30:45.139801,0.34,0.22,0.77,61.40,-49.38,20.08,-42.20,7.41,-62.70,1
B,2022-10-18 14:30:45.167047,0.38,0.17,0.85,54.32,-45.23,32.41,-42.20,7.41,-62.70,1
B,2022-10-18 14:30:45.183966,0.38,0.07,0.79,34.12,-38.64,47.85,-43.64,12.98,-61.99,1
B,2022-10-18 14:30:45.205490,0.37,0.16,0.84,26.00,-29.91,50.72,-43.64,12.98,-61.99,1
B,2022-10-18 14:30:45.224927,0.38,0.19,0.86,6.47,-19.35,49.87,-43.64,12.98,-61.99,1
B,2022-10-18 14:30:45.241992,0.39,0.20,0.91,-14.65,-8.00,55.05,-45.20,17.26,-60.49,1
B,2022-10-18 14:30:45.256704,0.39,0.23,0.87,-21.36,-0.85,59.63,-45.20,17.26,-60.49,1
B,2022-10-18 14:30:45.281956,0.41,0.23,0.82,-23.86,12.02,64.94,-45.20,17.26,-60.49,1
B,2022-10-18 14:30:45.285233,0.43,0.17,0.80,-31.80,34.91,79.96,-45.18,19.56,-60.50,1
B,2022-10-18 14:30:45.314002,0.33,-0.05,0.96,-51.15,45.53,68.05,-45.18,19.56,-60.50,1
B,2022-10-18 14:30:45.336981,0.32,0.30,0.81,-61.22,37.60,38.64,-44.23,20.50,-62.24,1
B,2022-10-18 14:30:45.356941,0.21,0.49,0.92,-44.56,37.23,19.71,-44.23,20.50,-62.24,1
B,2022-10-18 14:30:45.367876,0.17,0.54,1.11,-6.84,17.21,1.22,-44.23,20.50,-62.24,1
B,2022-10-18 14:30:45.393769,0.33,0.53,0.87,60.49,4.88,26.18,-43.49,21.19,-63.13,1
B,2022-10-18 14:30:45.413479,0.34,0.20,0.93,59.69,3.30,39.55,-43.49,21.19,-63.13,1
B,2022-10-18 14:30:45.433321,0.33,0.20,0.88,34.55,-0.55,37.60,-43.49,21.19,-63.13,1
B,2022-10-18 14:30:45.446513,0.31,0.18,0.80,13.67,2.38,31.98,-43.99,24.08,-63.35,1
B,2022-10-18 14:30:45.462158,-0.55,0.20,0.54,-34.67,-7.51,-7.45,-43.99,24.08,-63.35,1
B,2022-10-18 14:30:45.483653,-0.24,1.11,0.06,0.79,73.73,-14.89,-40.89,23.46,-64.51,1
B,2022-10-18 14:30:45.508347,0.21,0.81,0.41,108.46,157.59,12.15,-40.89,23.46,-64.51,1
B,2022-10-18 14:30:45.527829,0.70,0.54,0.58,156.31,199.71,21.73,-40.89,23.46,-64.51,1
B,2022-10-18 14:30:45.544616,1.04,-0.05,0.95,113.77,200.81,19.59,-26.65,28.45,-69.85,1
B,2022-10-18 14:30:45.567582,1.14,-0.74,1.18,71.47,162.54,-18.37,-26.65,28.45,-69.85,1
