p,2022-10-13 18:21:27.095850,-6.570024,9.361806,-3.352053,-0.106584,-0.215152,1.078587,60.092720,8.136531,-128.851440,1
p,2022-10-13 18:21:27.189631,-4.084716,10.060949,-3.912325,0.214731,0.240788,1.651309,56.402816,20.695089,-144.361328,1
p,2022-10-13 18:21:27.283359,-1.513213,8.337036,-3.213182,0.458947,0.518959,1.502169,56.402816,20.695089,-144.361328,1
p,2022-10-13 18:21:27.377112,0.498019,2.394324,0.292108,0.029372,-0.015012,-0.291630,93.477561,8.844056,-172.824539,1
p,2022-10-13 18:21:27.470848,-1.513213,7.695356,-1.321667,-1.443644,-0.738471,-0.430782,83.286399,38.913841,-182.709976,1
p,2022-10-13 18:21:27.580183,-5.425538,8.854209,-1.029559,-0.557730,0.292055,-0.174449,44.454555,81.895950,-141.634323,1
p,2022-10-13 18:21:27.673948,-3.874016,6.933961,-1.834052,1.830762,0.981691,0.788298,44.454555,81.895950,-141.634323,1
p,2022-10-13 18:21:27.767709,-0.589004,8.657875,-0.933786,0.956433,-0.113018,0.602007,71.689559,62.615909,-174.528930,1
p,2022-10-13 18:21:27.861423,-5.339342,3.605851,-1.436594,-0.145999,-0.709575,0.332225,74.852333,21.225732,-200.435562,1
p,2022-10-13 18:21:27.955171,-8.289149,8.519004,-2.274607,-0.355194,0.722295,0.335155,24.775068,39.444484,-184.584793,1
p,2022-10-13 18:21:28.048918,-1.570676,16.721956,0.004789,0.391302,0.434802,-0.324254,63.431205,64.207839,-162.086929,1
p,2022-10-13 18:21:28.142645,-4.448653,7.187760,-3.304167,0.934461,0.381538,-2.111529,63.431205,64.207839,-162.086929,1
p,2022-10-13 18:21:28.251907,-5.152585,6.383267,-3.476558,0.807560,0.160892,-0.582585,57.808494,10.082223,-136.862045,1
