g,2022-10-31 11:44:00.933460,0.34,-0.51,0.81,4.09,58.11,-19.59,27.58,-3.23,-21.30,1
g,2022-10-31 11:44:00.952386,0.36,-0.52,0.79,2.56,53.16,-20.14,27.70,-3.16,-18.74,1
g,2022-10-31 11:44:00.970295,0.40,-0.52,0.75,2.08,46.20,-19.29,27.70,-3.16,-18.74,1
g,2022-10-31 11:44:00.988465,0.39,-0.50,0.74,1.22,38.76,-17.88,27.70,-3.16,-18.74,1
g,2022-10-31 11:44:01.007295,0.38,-0.50,0.72,2.08,31.43,-16.72,26.27,-3.87,-15.69,1
g,2022-10-31 11:44:01.025440,0.38,-0.53,0.70,3.72,25.88,-16.54,26.27,-3.87,-15.69,1
g,2022-10-31 11:44:01.043286,0.38,-0.54,0.69,3.48,19.29,-15.87,26.27,-3.87,-15.69,1
g,2022-10-31 11:44:01.062218,0.36,-0.54,0.70,3.54,15.50,-11.23,27.04,-4.06,-11.39,1
g,2022-10-31 11:44:01.080450,0.34,-0.60,0.70,4.76,12.82,-7.32,27.04,-4.06,-11.39,1
g,2022-10-31 11:44:01.099383,0.38,-0.64,0.70,4.39,12.82,-6.65,26.64,-5.20,-11.66,1
g,2022-10-31 11:44:01.117226,0.45,-0.65,0.67,1.10,16.17,-11.23,26.64,-5.20,-11.66,1
g,2022-10-31 11:44:01.135466,0.44,-0.62,0.70,-9.52,20.26,-17.58,26.64,-5.20,-11.66,1
g,2022-10-31 11:44:01.154371,0.45,-0.54,0.72,-22.16,13.85,-14.53,26.82,-5.70,-9.46,1
g,2022-10-31 11:44:01.172273,0.22,-0.47,0.76,-17.03,5.25,-7.57,26.82,-5.70,-9.46,1
g,2022-10-31 11:44:01.190231,0.29,-0.57,0.74,27.65,-5.07,9.52,26.82,-5.70,-9.46,1
g,2022-10-31 11:44:01.209472,0.47,-0.60,0.66,23.93,-7.45,11.17,26.38,-6.85,-8.18,1
g,2022-10-31 11:44:01.227306,0.46,-0.70,0.71,13.85,33.63,18.13,26.38,-6.85,-8.18,1
g,2022-10-31 11:44:01.245287,0.43,-0.69,0.78,-28.99,25.76,14.65,26.38,-6.85,-8.18,1
g,2022-10-31 11:44:01.264268,0.34,-0.56,0.77,-27.34,16.91,17.27,25.74,-7.14,-5.86,1
g,2022-10-31 11:44:01.282237,0.42,-0.57,0.65,-29.85,8.06,18.86,25.74,-7.14,-5.86,1
g,2022-10-31 11:44:01.301239,0.36,-0.50,0.64,-30.40,5.43,30.27,23.68,-7.23,-4.82,1
g,2022-10-31 11:44:01.319436,0.37,-0.52,0.69,-25.88,-8.30,45.65,23.68,-7.23,-4.82,1
g,2022-10-31 11:44:01.337250,0.37,-0.51,0.65,-26.49,-19.65,51.39,23.68,-7.23,-4.82,1
g,2022-10-31 11:44:01.356269,0.31,-0.48,0.72,-38.27,-22.77,48.10,22.69,-7.07,-5.68,1
g,2022-10-31 11:44:01.374210,0.31,-0.44,0.72,-48.71,-32.23,43.64,22.69,-7.07,-5.68,1
g,2022-10-31 11:44:01.392238,0.28,-0.34,0.77,-47.73,-34.42,37.17,22.69,-7.07,-5.68,1
g,2022-10-31 11:44:01.411170,0.28,-0.29,0.81,-31.86,-39.73,30.27,23.02,-7.75,-6.74,1
g,2022-10-31 11:44:01.429443,0.30,-0.26,0.86,-17.15,-39.61,15.14,23.02,-7.75,-6.74,1
g,2022-10-31 11:44:01.447215,0.23,-0.25,0.95,2.75,-38.76,1.40,23.02,-7.75,-6.74,1
g,2022-10-31 11:44:01.466178,0.28,-0.26,0.98,22.64,-45.78,-15.32,25.81,-7.25,-9.44,1
g,2022-10-31 11:44:01.484360,0.28,-0.25,0.97,38.09,-46.20,-30.09,25.81,-7.25,-9.44,1
g,2022-10-31 11:44:01.503449,0.30,-0.30,0.99,49.99,-42.79,-39.73,28.23,-7.21,-12.96,1
g,2022-10-31 11:44:01.521473,0.35,-0.27,0.96,59.69,-30.88,-41.20,28.23,-7.21,-12.96,1
g,2022-10-31 11:44:01.539371,0.45,-0.33,0.89,69.21,-12.70,-28.69,28.23,-7.21,-12.96,1
g,2022-10-31 11:44:01.558225,0.43,-0.39,0.87,79.65,8.48,-12.94,29.80,-6.90,-14.00,1
g,2022-10-31 11:44:01.576286,0.37,-0.59,0.89,77.76,26.43,4.94,29.80,-6.90,-14.00,1
g,2022-10-31 11:44:01.594274,0.39,-0.77,0.81,53.65,36.38,7.45,29.80,-6.90,-14.00,1
g,2022-10-31 11:44:01.613110,0.41,-0.75,0.74,2.32,49.87,1.22,29.74,-7.54,-12.99,1
g,2022-10-31 11:44:01.631146,0.37,-0.64,0.73,-19.90,53.04,2.99,29.74,-7.54,-12.99,1
g,2022-10-31 11:44:01.649190,0.35,-0.60,0.72,-31.07,51.27,3.72,29.74,-7.54,-12.99,1
g,2022-10-31 11:44:01.668250,0.28,-0.56,0.72,-35.46,44.19,3.36,27.93,-8.03,-10.35,1
g,2022-10-31 11:44:01.686259,0.23,-0.51,0.74,-33.33,28.44,2.99,27.93,-8.03,-10.35,1
g,2022-10-31 11:44:01.705201,0.28,-0.48,0.64,-13.12,-14.65,2.20,26.48,-6.80,-9.07,1
g,2022-10-31 11:44:01.723181,0.31,-0.34,0.53,-15.26,-2.01,7.26,26.48,-6.80,-9.07,1
g,2022-10-31 11:44:01.741170,0.12,-0.48,0.66,-9.46,10.44,15.26,26.48,-6.80,-9.07,1
g,2022-10-31 11:44:01.760304,0.04,-0.63,0.82,-1.83,-9.52,-8.30,26.79,-7.10,-7.56,1
g,2022-10-31 11:44:01.778454,0.28,-0.41,0.77,0.98,-50.66,-31.43,26.79,-7.10,-7.56,1
g,2022-10-31 11:44:01.796395,0.36,-0.34,0.71,33.87,-60.67,-18.07,26.79,-7.10,-7.56,1
g,2022-10-31 11:44:01.815158,0.27,-0.43,0.80,46.08,-52.00,-9.52,29.76,-6.15,-12.27,1
g,2022-10-31 11:44:01.833437,0.33,-0.55,0.80,53.71,-49.44,-7.93,29.76,-6.15,-12.27,1
g,2022-10-31 11:44:01.851437,0.36,-0.62,0.83,54.57,-42.30,-4.94,29.76,-6.15,-12.27,1
g,2022-10-31 11:44:01.870181,0.37,-0.70,0.80,51.64,-35.64,-2.20,32.65,-6.34,-16.13,1
g,2022-10-31 11:44:01.888196,0.35,-0.76,0.77,26.12,-17.88,5.25,32.65,-6.34,-16.13,1
g,2022-10-31 11:44:01.907300,0.33,-0.79,0.76,7.57,-10.62,6.53,33.57,-6.20,-17.70,1
g,2022-10-31 11:44:01.925439,0.34,-0.71,0.80,-8.42,-8.30,10.19,33.57,-6.20,-17.70,1
g,2022-10-31 11:44:01.943484,0.32,-0.64,0.84,-20.87,-6.59,17.15,33.57,-6.20,-17.70,1
g,2022-10-31 11:44:01.962183,0.36,-0.47,0.84,-17.76,-10.93,34.91,33.19,-6.76,-18.73,1
g,2022-10-31 11:44:01.980193,0.24,-0.73,0.80,-21.97,-12.94,47.49,33.19,-6.76,-18.73,1
g,2022-10-31 11:44:01.998353,0.15,-0.51,0.83,-51.27,-8.30,23.44,33.19,-6.76,-18.73,1
g,2022-10-31 11:44:02.017164,0.19,-0.37,0.87,-45.23,-7.02,19.47,32.20,-8.14,-17.83,1
g,2022-10-31 11:44:02.035185,0.12,-0.42,0.90,-34.30,-3.42,15.14,32.20,-8.14,-17.83,1
g,2022-10-31 11:44:02.053294,0.06,-0.31,0.95,-34.00,0.37,3.11,32.20,-8.14,-17.83,1
g,2022-10-31 11:44:02.072190,0.10,-0.19,0.91,-16.48,15.01,8.30,30.74,-7.90,-16.96,1
g,2022-10-31 11:44:02.090181,0.03,-0.30,0.91,16.05,30.03,16.17,30.74,-7.90,-16.96,1
g,2022-10-31 11:44:02.109182,0.17,-0.34,0.86,33.69,31.43,21.67,30.02,-7.41,-15.98,1
g,2022-10-31 11:44:02.127185,0.24,-0.48,0.79,47.67,28.08,23.07,30.02,-7.41,-15.98,1
