q,2022-10-17 09:49:38.784405,0.02,0.05,0.83,10.19,4.15,-7.02,27.76,43.90,-52.61,1
q,2022-10-17 09:49:38.792747,-0.04,0.02,0.85,4.15,0.00,-5.43,27.76,43.90,-52.61,1
q,2022-10-17 09:49:38.801126,-0.10,0.01,0.87,1.04,-1.83,-4.88,27.76,43.90,-52.61,1
q,2022-10-17 09:49:38.809575,-0.13,0.02,0.87,-2.44,-1.83,-6.10,27.76,43.90,-52.61,1
q,2022-10-17 09:49:38.819008,-0.12,0.04,0.88,-4.46,0.06,-8.42,26.77,42.52,-54.30,1
q,2022-10-17 09:49:38.827463,-0.10,0.09,0.89,-5.49,4.64,-12.63,26.77,42.52,-54.30,1
q,2022-10-17 09:49:38.835021,-0.10,0.15,0.91,-5.49,4.64,-12.63,26.77,42.52,-54.30,1
q,2022-10-17 09:49:38.843495,-0.10,0.20,0.95,-3.91,6.23,-13.00,26.77,42.52,-54.30,1
q,2022-10-17 09:49:38.851929,-0.07,0.22,0.97,1.28,6.71,-12.33,26.77,42.52,-54.30,1
q,2022-10-17 09:49:38.860327,-0.04,0.20,0.97,4.88,5.49,-10.86,26.77,42.52,-54.30,1
q,2022-10-17 09:49:38.869807,-0.04,0.21,0.99,6.53,3.54,-11.11,26.00,41.28,-53.80,1
q,2022-10-17 09:49:38.878346,-0.06,0.19,0.99,8.79,-0.31,-12.39,26.00,41.28,-53.80,1
q,2022-10-17 09:49:38.886903,-0.08,0.19,0.99,11.72,-1.16,-13.61,26.00,41.28,-53.80,1
q,2022-10-17 09:49:38.895448,-0.09,0.11,0.94,13.06,-0.61,-15.26,26.00,41.28,-53.80,1
q,2022-10-17 09:49:38.901985,-0.09,0.11,0.94,13.06,-0.61,-15.26,26.00,41.28,-53.80,1
q,2022-10-17 09:49:38.910485,-0.12,0.13,0.93,14.65,2.56,-16.24,26.00,41.28,-53.80,1
q,2022-10-17 09:49:38.918977,-0.10,0.10,0.96,14.65,2.56,-16.24,24.51,39.54,-53.74,1
q,2022-10-17 09:49:38.927282,-0.05,0.06,0.96,20.81,11.29,-13.92,24.51,39.54,-53.74,1
q,2022-10-17 09:49:38.934708,-0.04,0.01,0.97,20.81,11.29,-13.92,24.51,39.54,-53.74,1
q,2022-10-17 09:49:38.943065,-0.04,-0.04,0.98,15.99,11.72,-12.27,24.51,39.54,-53.74,1
q,2022-10-17 09:49:38.951437,-0.04,-0.06,1.00,12.45,10.50,-11.60,24.51,39.54,-53.74,1
q,2022-10-17 09:49:38.959968,-0.01,-0.07,1.03,12.21,8.12,-10.99,24.51,39.54,-53.74,1
q,2022-10-17 09:49:38.969427,-0.01,-0.05,1.03,11.41,5.00,-10.56,23.51,38.05,-52.66,1
q,2022-10-17 09:49:38.977885,-0.03,-0.03,1.01,7.26,1.40,-6.59,23.51,38.05,-52.66,1
q,2022-10-17 09:49:38.986228,-0.05,-0.01,0.99,6.65,2.44,-4.21,23.51,38.05,-52.66,1
q,2022-10-17 09:49:38.994380,-0.01,0.02,0.97,5.43,5.37,-2.01,0.00,0.00,0.00,1
q,2022-10-17 09:49:39.001471,0.02,0.02,0.96,5.43,5.37,-2.01,0.00,0.00,0.00,1
q,2022-10-17 09:49:39.009474,0.01,0.04,0.97,1.28,8.06,0.49,0.00,0.00,0.00,1
q,2022-10-17 09:49:39.018690,0.02,0.07,0.97,0.12,11.05,1.83,22.17,37.38,-54.16,1
q,2022-10-17 09:49:39.026994,0.05,0.07,0.99,0.12,15.20,-0.73,22.17,37.38,-54.16,1
q,2022-10-17 09:49:39.034408,0.05,0.08,1.02,0.12,15.20,-0.73,22.17,37.38,-54.16,1
q,2022-10-17 09:49:39.042770,0.07,0.07,1.03,-0.24,13.73,-2.26,22.17,37.38,-54.16,1
q,2022-10-17 09:49:39.051146,0.06,0.05,1.04,-1.89,11.17,-3.05,22.17,37.38,-54.16,1
q,2022-10-17 09:49:39.059480,-0.31,0.04,1.06,-4.70,7.45,-2.20,22.17,37.38,-54.16,1
q,2022-10-17 09:49:39.068954,-0.43,0.17,1.03,-3.30,-0.61,1.34,21.47,36.95,-55.51,1
q,2022-10-17 09:49:39.077218,-0.15,0.09,0.95,37.96,9.16,14.71,21.47,36.95,-55.51,1
q,2022-10-17 09:49:39.084731,-0.04,-0.11,0.89,37.96,9.16,14.71,21.47,36.95,-55.51,1
q,2022-10-17 09:49:39.093170,-0.05,-0.26,0.85,26.37,10.93,16.66,21.47,36.95,-55.51,1
q,2022-10-17 09:49:39.101406,-0.03,-0.25,0.97,19.65,15.99,13.31,21.47,36.95,-55.51,1
q,2022-10-17 09:49:39.109844,-0.01,-0.23,0.99,13.00,17.88,9.09,21.47,36.95,-55.51,1
q,2022-10-17 09:49:39.119212,-0.02,-0.11,0.88,-1.71,15.32,6.71,21.59,39.17,-56.74,1
q,2022-10-17 09:49:39.127512,-0.02,-0.03,0.85,-18.55,11.23,19.17,21.59,39.17,-56.74,1
q,2022-10-17 09:49:39.134978,-0.01,0.02,0.90,-18.55,11.23,19.17,21.59,39.17,-56.74,1
q,2022-10-17 09:49:39.143435,-0.03,0.06,0.94,-21.00,2.99,46.45,21.59,39.17,-56.74,1
q,2022-10-17 09:49:39.150882,-0.05,0.01,0.96,-21.00,2.99,46.45,21.59,39.17,-56.74,1
q,2022-10-17 09:49:39.159235,-0.04,0.05,0.92,-20.75,-26.61,48.03,21.59,39.17,-56.74,1
q,2022-10-17 09:49:39.168557,-0.07,0.04,0.87,-16.54,-43.21,51.39,20.10,42.46,-55.75,1
q,2022-10-17 09:49:39.177130,-0.09,0.15,0.85,-16.97,-60.61,44.25,20.10,42.46,-55.75,1
q,2022-10-17 09:49:39.184517,-0.13,0.21,0.80,-16.97,-60.61,44.25,20.10,42.46,-55.75,1
q,2022-10-17 09:49:39.192878,-0.13,0.32,0.75,-22.58,-60.18,36.13,20.10,42.46,-55.75,1
q,2022-10-17 09:49:39.201333,-0.17,0.46,0.77,-28.93,-51.27,24.72,20.10,42.46,-55.75,1
q,2022-10-17 09:49:39.209884,-0.15,0.56,0.86,-26.00,-38.64,13.67,20.10,42.46,-55.75,1
q,2022-10-17 09:49:39.219284,-0.16,0.72,0.96,-17.40,-26.67,4.52,18.91,43.03,-51.88,1
q,2022-10-17 09:49:39.227612,-0.16,0.74,1.08,4.82,-13.06,0.12,18.91,43.03,-51.88,1
q,2022-10-17 09:49:39.236028,-0.16,0.64,1.13,15.99,-8.91,-1.04,18.91,43.03,-51.88,1
q,2022-10-17 09:49:39.244494,-0.16,0.47,1.14,28.02,-4.15,-5.49,18.91,43.03,-51.88,1
q,2022-10-17 09:49:39.252884,-0.14,0.26,1.16,37.66,1.95,-14.95,18.91,43.03,-51.88,1
q,2022-10-17 09:49:39.261254,-0.12,0.13,1.12,42.85,10.44,-26.06,18.91,43.03,-51.88,1
q,2022-10-17 09:49:39.270478,-0.09,0.12,1.08,45.59,20.45,-32.10,18.97,40.59,-51.98,1
q,2022-10-17 09:49:39.278855,-0.04,0.01,1.06,50.17,29.11,-31.86,18.97,40.59,-51.98,1
q,2022-10-17 09:49:39.286266,-0.04,0.01,1.06,47.97,35.89,-27.89,18.97,40.59,-51.98,1
q,2022-10-17 09:49:39.294826,-0.01,-0.10,1.06,43.03,37.54,-22.03,18.97,40.59,-51.98,1
q,2022-10-17 09:49:39.303170,0.01,-0.34,1.07,36.99,32.59,-15.81,18.97,40.59,-51.98,1
q,2022-10-17 09:49:39.309489,0.01,-0.34,1.07,36.99,32.59,-15.81,18.97,40.59,-51.98,1
q,2022-10-17 09:49:39.318806,0.02,-0.34,1.08,28.44,24.66,-10.13,21.28,38.79,-54.05,1
q,2022-10-17 09:49:39.327127,0.01,-0.45,1.05,9.34,3.30,-1.77,21.28,38.79,-54.05,1
q,2022-10-17 09:49:39.334486,-0.00,-0.38,0.98,9.34,3.30,-1.77,21.28,38.79,-54.05,1
q,2022-10-17 09:49:39.343011,-0.02,-0.39,0.88,-0.06,-5.37,-1.22,21.28,38.79,-54.05,1
q,2022-10-17 09:49:39.351575,-0.05,-0.23,0.74,-7.08,-7.69,-5.25,21.28,38.79,-54.05,1
q,2022-10-17 09:49:39.360189,-0.05,-0.01,0.72,-11.35,14.28,-10.80,21.28,38.79,-54.05,1
q,2022-10-17 09:49:39.368514,-0.04,0.07,0.79,-11.35,14.28,-10.80,21.19,37.74,-54.22,1
q,2022-10-17 09:49:39.376996,-0.05,0.18,0.93,-3.48,9.95,-5.19,21.19,37.74,-54.22,1
q,2022-10-17 09:49:39.384529,-0.06,0.21,0.94,-3.48,9.95,-5.19,21.19,37.74,-54.22,1
q,2022-10-17 09:49:39.392966,-0.07,0.12,1.05,3.85,6.59,-3.36,21.19,37.74,-54.22,1
q,2022-10-17 09:49:39.401584,-0.06,0.17,0.96,10.50,-0.12,-4.15,21.19,37.74,-54.22,1
q,2022-10-17 09:49:39.409933,-0.08,0.20,0.80,11.78,2.14,2.38,21.19,37.74,-54.22,1
q,2022-10-17 09:49:39.418256,-0.08,-0.02,0.76,11.78,2.14,2.38,21.25,38.32,-54.04,1
q,2022-10-17 09:49:39.426777,-0.07,-0.24,0.82,12.57,13.55,-3.60,21.25,38.32,-54.04,1
q,2022-10-17 09:49:39.434344,-0.06,-0.06,1.07,12.57,13.55,-3.60,21.25,38.32,-54.04,1
q,2022-10-17 09:49:39.442976,0.01,-0.07,1.32,-7.69,-7.26,3.85,21.25,38.32,-54.04,1
q,2022-10-17 09:49:39.451475,-0.03,-0.15,1.06,-11.84,-47.36,36.87,21.25,38.32,-54.04,1
q,2022-10-17 09:49:39.458940,-0.03,-0.10,0.78,-11.84,-47.36,36.87,21.25,38.32,-54.04,1
q,2022-10-17 09:49:39.468409,-0.03,-0.20,0.64,-22.46,-87.46,39.73,18.97,40.12,-51.10,1
q,2022-10-17 09:49:39.476932,-0.04,-0.22,0.62,-33.14,-96.74,36.80,18.97,40.12,-51.10,1
q,2022-10-17 09:49:39.484506,-0.06,-0.24,0.67,-33.14,-96.74,36.80,18.97,40.12,-51.10,1
q,2022-10-17 09:49:39.492699,-0.09,-0.17,0.72,-44.92,-100.40,34.55,0.00,0.00,ovf,1
q,2022-10-17 09:49:39.500851,-0.12,-0.04,0.67,-51.39,-100.77,34.48,0.00,0.00,ovf,1
q,2022-10-17 09:49:39.508922,-0.10,0.04,0.63,-55.91,-95.95,35.46,0.00,0.00,ovf,1
q,2022-10-17 09:49:39.518340,-0.13,0.14,0.62,-59.20,-88.44,35.03,15.64,41.93,-43.66,1
q,2022-10-17 09:49:39.526880,-0.22,0.29,0.69,-66.35,-58.04,24.96,15.64,41.93,-43.66,1
q,2022-10-17 09:49:39.534281,-0.28,0.41,0.80,-66.35,-58.04,24.96,15.64,41.93,-43.66,1
q,2022-10-17 09:49:39.542893,-0.36,0.60,0.90,-61.83,-39.43,14.34,15.64,41.93,-43.66,1
q,2022-10-17 09:49:39.551476,-0.37,0.80,1.08,-49.13,-17.94,-4.46,15.64,41.93,-43.66,1
q,2022-10-17 09:49:39.559046,-0.37,0.98,1.20,-49.13,-17.94,-4.46,15.64,41.93,-43.66,1
q,2022-10-17 09:49:39.568492,-0.33,1.14,1.39,-1.22,16.85,-3.48,15.08,42.24,-39.56,1
q,2022-10-17 09:49:39.576766,-0.30,1.01,1.58,51.57,16.11,20.26,15.08,42.24,-39.56,1
q,2022-10-17 09:49:39.584152,-0.27,0.61,1.62,51.57,16.11,20.26,15.08,42.24,-39.56,1
q,2022-10-17 09:49:39.592426,-0.30,0.25,1.47,71.72,4.76,22.89,15.08,42.24,-39.56,1
q,2022-10-17 09:49:39.600980,-0.31,-0.03,1.17,95.28,-1.53,11.54,15.08,42.24,-39.56,1
q,2022-10-17 09:49:39.609427,-0.29,-0.10,1.01,108.83,0.18,-9.70,15.08,42.24,-39.56,1
q,2022-10-17 09:49:39.618687,-0.26,-0.05,0.89,110.29,7.26,-45.41,16.39,40.72,-40.34,1
q,2022-10-17 09:49:39.626994,-0.21,0.01,0.88,97.35,20.75,-42.36,16.39,40.72,-40.34,1
q,2022-10-17 09:49:39.634478,-0.18,-0.07,0.86,97.35,20.75,-42.36,16.39,40.72,-40.34,1
q,2022-10-17 09:49:39.642975,-0.17,-0.22,0.84,80.08,23.32,-37.72,16.39,40.72,-40.34,1
q,2022-10-17 09:49:39.650400,-0.16,-0.38,0.79,80.08,23.32,-37.72,16.39,40.72,-40.34,1
q,2022-10-17 09:49:39.658866,-0.13,-0.42,0.81,33.26,27.22,-38.82,16.39,40.72,-40.34,1
q,2022-10-17 09:49:39.668334,-0.11,-0.34,0.87,14.40,28.50,-40.65,18.33,37.24,-41.76,1
q,2022-10-17 09:49:39.676837,-0.09,-0.24,0.92,0.73,17.94,-27.65,18.33,37.24,-41.76,1
q,2022-10-17 09:49:39.684342,-0.08,-0.21,0.92,0.73,17.94,-27.65,18.33,37.24,-41.76,1
q,2022-10-17 09:49:39.692928,-0.10,-0.19,0.91,-1.22,10.07,-1.34,18.33,37.24,-41.76,1
q,2022-10-17 09:49:39.701555,-0.16,-0.21,0.93,-3.85,-11.66,-6.29,18.33,37.24,-41.76,1
q,2022-10-17 09:49:39.709263,-0.23,-0.23,0.96,-3.85,-11.66,-6.29,18.33,37.24,-41.76,1
q,2022-10-17 09:49:39.719022,-0.51,-0.01,0.95,-10.38,-4.76,-7.63,19.65,35.51,-41.50,1
q,2022-10-17 09:49:39.727575,-0.53,0.08,0.95,2.08,4.03,3.97,19.65,35.51,-41.50,1
q,2022-10-17 09:49:39.735988,-0.44,-0.08,0.99,-1.83,11.60,11.90,19.65,35.51,-41.50,1
q,2022-10-17 09:49:39.742389,-0.44,-0.08,0.99,-1.83,11.60,11.90,19.65,35.51,-41.50,1
q,2022-10-17 09:49:39.750827,-0.30,-0.10,1.00,-7.57,17.70,14.83,19.65,35.51,-41.50,1
q,2022-10-17 09:49:39.759212,-0.18,-0.09,1.05,-11.90,22.95,11.60,19.65,35.51,-41.50,1
q,2022-10-17 09:49:39.768697,-0.04,-0.06,1.12,-14.71,27.22,-12.08,23.88,36.17,-43.02,1
q,2022-10-17 09:49:39.777181,-0.01,0.03,1.14,-19.96,25.94,-16.30,23.88,36.17,-43.02,1
q,2022-10-17 09:49:39.785471,-0.02,0.12,1.15,-16.48,22.34,-24.17,23.88,36.17,-43.02,1
q,2022-10-17 09:49:39.793915,0.02,0.26,1.14,-10.68,19.10,-29.30,23.88,36.17,-43.02,1
q,2022-10-17 09:49:39.802325,0.03,0.35,1.10,-3.48,17.15,-29.66,23.88,36.17,-43.02,1
q,2022-10-17 09:49:39.810482,0.04,0.43,1.05,8.00,16.11,-26.00,23.88,36.17,-43.02,1
q,2022-10-17 09:49:39.819787,0.03,0.43,1.04,18.49,14.71,-20.69,26.87,34.67,-45.80,1
q,2022-10-17 09:49:39.828239,-0.05,0.12,0.90,27.47,13.92,-16.60,26.87,34.67,-45.80,1
q,2022-10-17 09:49:39.835545,-0.05,0.12,0.90,26.37,15.99,-14.95,26.87,34.67,-45.80,1
q,2022-10-17 09:49:39.843997,-0.07,0.10,0.89,28.81,18.37,-11.84,26.87,34.67,-45.80,1
