Z,2022-11-01 13:28:56.514038,0.62,-0.62,0.62,-5.00,14.65,-8.48,61.68,-29.03,-78.20,1
Z,2022-11-01 13:28:56.534557,0.61,-0.59,0.58,-9.28,8.73,16.85,63.83,-26.51,-76.79,1
Z,2022-11-01 13:28:56.553911,0.58,-0.42,0.59,-21.73,-2.56,14.22,63.83,-26.51,-76.79,1
Z,2022-11-01 13:28:56.573846,0.49,-0.31,0.71,-46.26,-2.44,3.72,63.83,-26.51,-76.79,1
Z,2022-11-01 13:28:56.594189,0.53,-0.33,0.64,-21.79,3.97,6.90,67.75,-27.26,-79.49,1
Z,2022-11-01 13:28:56.613989,0.55,-0.42,0.52,-7.14,-0.61,13.79,67.75,-27.26,-79.49,1
Z,2022-11-01 13:28:56.633639,0.59,-0.41,0.38,-13.55,-32.90,22.03,70.52,-30.29,-79.90,1
Z,2022-11-01 13:28:56.654303,0.56,-0.23,0.58,-40.28,-53.89,14.65,70.52,-30.29,-79.90,1
Z,2022-11-01 13:28:56.674111,0.02,-0.13,1.47,-69.34,-47.42,1.16,70.52,-30.29,-79.90,1
Z,2022-11-01 13:28:56.696579,0.54,-0.04,0.86,-22.64,-2.87,-4.21,72.74,-33.19,-82.34,1
Z,2022-11-01 13:28:56.714431,0.46,0.04,0.89,-10.19,2.32,-5.19,72.74,-33.19,-82.34,1
Z,2022-11-01 13:28:56.733623,0.42,0.38,1.08,-48.22,15.69,-50.54,73.33,-32.21,-82.41,1
Z,2022-11-01 13:28:56.753547,0.46,0.32,0.89,-43.52,23.68,-83.74,73.33,-32.21,-82.41,1
Z,2022-11-01 13:28:56.772245,0.54,0.06,0.77,-27.22,29.36,-94.73,73.33,-32.21,-82.41,1
Z,2022-11-01 13:28:56.792508,0.46,-0.37,0.68,63.35,25.21,-62.68,72.91,-20.08,-81.95,1
Z,2022-11-01 13:28:56.812204,0.66,-1.04,0.49,129.27,7.08,-7.93,72.91,-20.08,-81.95,1
Z,2022-11-01 13:28:56.835419,0.59,-1.02,0.45,59.81,-5.62,26.55,72.61,-13.06,-80.66,1
Z,2022-11-01 13:28:56.853237,0.52,-0.58,0.66,-49.87,6.35,0.43,72.61,-13.06,-80.66,1
Z,2022-11-01 13:28:56.873586,0.34,-0.34,0.57,-137.57,10.93,-30.76,72.61,-13.06,-80.66,1
Z,2022-11-01 13:28:56.895303,0.33,-0.22,0.50,-102.17,-14.16,-23.68,72.29,-14.79,-81.56,1
Z,2022-11-01 13:28:56.913465,0.39,-0.13,0.74,-29.85,-37.54,0.61,72.29,-14.79,-81.56,1
Z,2022-11-01 13:28:56.933635,0.42,-0.18,0.72,20.02,-50.05,15.75,68.79,-17.42,-84.78,1
Z,2022-11-01 13:28:56.953792,0.43,-0.24,0.70,48.40,-52.55,23.38,68.79,-17.42,-84.78,1
Z,2022-11-01 13:28:56.972871,0.41,-0.35,0.66,41.99,-42.05,21.42,68.79,-17.42,-84.78,1
Z,2022-11-01 13:28:56.994179,0.45,-0.36,0.77,31.43,-39.55,19.17,63.24,-18.74,-86.47,1
Z,2022-11-01 13:28:57.016301,0.51,-0.42,0.78,11.29,-33.20,23.93,63.24,-18.74,-86.47,1
Z,2022-11-01 13:28:57.035840,0.60,-0.09,1.10,-0.98,-24.29,29.05,58.89,-22.17,-86.13,1
Z,2022-11-01 13:28:57.055469,0.52,0.00,0.98,-69.46,24.84,-4.09,58.89,-22.17,-86.13,1
Z,2022-11-01 13:28:57.075207,0.61,0.08,1.12,-50.78,22.16,-3.17,58.89,-22.17,-86.13,1
Z,2022-11-01 13:28:57.097035,0.65,0.21,1.20,-14.59,30.88,6.90,57.08,-26.04,-84.07,1
Z,2022-11-01 13:28:57.113183,0.52,0.06,1.03,58.11,7.81,21.12,57.08,-26.04,-84.07,1
Z,2022-11-01 13:28:57.133072,0.48,0.09,1.01,123.60,-18.01,24.54,56.92,-24.69,-82.34,1
Z,2022-11-01 13:28:57.152117,0.36,0.42,1.44,76.90,-14.53,-26.49,56.92,-24.69,-82.34,1
Z,2022-11-01 13:28:57.172049,0.38,0.15,0.91,-91.74,38.15,-119.75,56.92,-24.69,-82.34,1
Z,2022-11-01 13:28:57.188416,0.42,-0.24,0.76,-32.53,27.34,-104.74,52.80,-16.31,-83.76,1
Z,2022-11-01 13:28:57.207391,0.40,-0.24,0.82,11.54,12.51,-72.45,52.80,-16.31,-83.76,1
Z,2022-11-01 13:28:57.227187,0.46,-0.55,0.76,156.31,-9.58,11.17,46.00,-5.71,-83.30,1
Z,2022-11-01 13:28:57.249085,0.49,-0.80,0.49,69.89,11.05,-8.24,46.00,-5.71,-83.30,1
Z,2022-11-01 13:28:57.267784,0.56,-1.18,0.46,41.20,-8.97,32.78,46.00,-5.71,-83.30,1
Z,2022-11-01 13:28:57.288726,0.48,-0.46,0.79,-70.80,-7.08,17.88,44.04,-3.08,-82.19,1
Z,2022-11-01 13:28:57.310741,0.55,-0.35,0.80,-96.92,-15.81,31.13,44.04,-3.08,-82.19,1
Z,2022-11-01 13:28:57.328563,0.46,0.21,1.09,-14.10,-14.77,46.81,45.89,-6.27,-84.16,1
Z,2022-11-01 13:28:57.347743,0.35,0.28,1.28,26.49,5.68,18.25,45.89,-6.27,-84.16,1
