Z,2022-11-01 13:29:38.887325,-0.06,-0.60,0.74,29.85,36.56,8.18,26.23,-34.36,-115.53,1
Z,2022-11-01 13:29:38.906978,-0.08,-0.61,0.74,13.31,27.53,17.27,26.23,-34.36,-115.53,1
Z,2022-11-01 13:29:38.930853,-0.08,-0.57,0.74,-0.55,22.83,35.71,29.99,-35.55,-116.10,1
Z,2022-11-01 13:29:38.948146,-0.04,-0.50,0.66,-4.46,10.07,42.72,29.99,-35.55,-116.10,1
Z,2022-11-01 13:29:38.967665,0.04,-0.34,0.65,-30.64,-14.53,36.44,29.99,-35.55,-116.10,1
Z,2022-11-01 13:29:38.988890,-0.02,-0.25,0.75,-49.13,-27.53,28.93,31.01,-38.33,-115.77,1
Z,2022-11-01 13:29:39.007504,-0.06,-0.05,0.82,-52.31,-39.06,18.49,31.01,-38.33,-115.77,1
Z,2022-11-01 13:29:39.028732,-0.03,0.13,0.84,-60.55,-39.25,0.43,28.03,-41.38,-116.92,1
Z,2022-11-01 13:29:39.050353,-0.03,0.26,0.86,-77.82,-39.43,-30.15,28.03,-41.38,-116.92,1
Z,2022-11-01 13:29:39.068318,-0.44,-0.09,1.64,8.18,-26.06,-34.79,28.03,-41.38,-116.92,1
Z,2022-11-01 13:29:39.088970,-0.10,0.25,0.99,120.61,-4.94,-3.42,26.46,-40.44,-120.08,1
Z,2022-11-01 13:29:39.107880,-0.18,-0.17,0.96,19.59,17.88,-71.59,26.46,-40.44,-120.08,1
Z,2022-11-01 13:29:39.128419,-0.16,-0.31,0.95,-1.16,25.15,-72.88,26.09,-36.91,-122.35,1
Z,2022-11-01 13:29:39.146530,-0.17,-0.23,0.91,-2.32,21.36,-55.66,26.09,-36.91,-122.35,1
Z,2022-11-01 13:29:39.165834,-0.21,-0.49,0.87,19.41,20.45,-39.73,26.09,-36.91,-122.35,1
Z,2022-11-01 13:29:39.183849,-0.24,-0.63,0.76,32.65,10.50,-18.98,26.11,-35.01,-124.94,1
Z,2022-11-01 13:29:39.205016,-0.26,-0.69,0.85,34.30,1.71,-0.37,26.11,-35.01,-124.94,1
Z,2022-11-01 13:29:39.224359,-0.18,-0.49,0.85,2.69,3.05,3.91,26.38,-33.96,-126.83,1
Z,2022-11-01 13:29:39.243621,-0.16,-0.39,0.86,-51.88,12.27,-17.88,26.38,-33.96,-126.83,1
Z,2022-11-01 13:29:39.264009,-0.19,-0.48,0.44,-88.50,-24.29,-14.10,26.38,-33.96,-126.83,1
Z,2022-11-01 13:29:39.286255,-0.22,-0.32,0.85,-30.82,-67.57,10.25,24.66,-36.84,-126.05,1
Z,2022-11-01 13:29:39.303796,-0.21,-0.22,0.84,-5.80,-60.24,26.86,24.66,-36.84,-126.05,1
Z,2022-11-01 13:29:39.324036,-0.21,-0.21,0.83,0.00,-59.69,29.17,19.37,-36.25,-123.58,1
Z,2022-11-01 13:29:39.345952,-0.22,-0.13,0.82,-12.39,-52.37,4.76,19.37,-36.25,-123.58,1
Z,2022-11-01 13:29:39.364619,-0.25,-0.04,0.95,-27.40,-43.76,5.68,19.37,-36.25,-123.58,1
Z,2022-11-01 13:29:39.384046,-0.27,0.01,1.03,-26.43,-34.42,-1.40,15.75,-36.74,-120.53,1
Z,2022-11-01 13:29:39.406282,-0.32,0.12,1.20,-18.92,-3.42,-8.12,15.75,-36.74,-120.53,1
Z,2022-11-01 13:29:39.424970,-0.30,0.10,1.25,-9.58,29.11,-5.25,15.30,-36.54,-118.63,1
Z,2022-11-01 13:29:39.445167,-0.21,-0.07,1.05,19.71,32.04,14.71,15.30,-36.54,-118.63,1
Z,2022-11-01 13:29:39.463486,-0.22,-0.09,1.02,34.24,11.35,23.68,15.30,-36.54,-118.63,1
Z,2022-11-01 13:29:39.486438,-0.22,-0.10,1.00,50.66,-3.66,31.92,15.75,-35.88,-118.75,1
Z,2022-11-01 13:29:39.502729,-0.10,0.40,0.98,38.27,-11.05,-1.89,15.75,-35.88,-118.75,1
Z,2022-11-01 13:29:39.523563,-0.25,0.21,1.02,-82.70,20.20,-105.29,15.03,-35.05,-119.03,1
Z,2022-11-01 13:29:39.541446,-0.23,-0.10,0.89,24.60,18.43,-52.80,15.03,-35.05,-119.03,1
Z,2022-11-01 13:29:39.560313,-0.20,-0.01,0.79,54.93,-4.88,-37.84,15.03,-35.05,-119.03,1
Z,2022-11-01 13:29:39.579489,-0.28,-0.35,0.80,56.40,-9.22,-44.43,10.91,-33.01,-122.49,1
Z,2022-11-01 13:29:39.597924,-0.35,-0.54,0.88,45.78,-11.17,-34.79,10.91,-33.01,-122.49,1
Z,2022-11-01 13:29:39.617186,-0.41,-0.68,0.93,38.15,-9.52,4.70,10.91,-33.01,-122.49,1
Z,2022-11-01 13:29:39.637769,-0.31,-0.59,0.92,41.99,-6.04,31.92,7.08,-31.85,-122.80,1
Z,2022-11-01 13:29:39.656714,-0.28,-0.34,0.87,-1.65,-6.77,24.17,7.08,-31.85,-122.80,1
Z,2022-11-01 13:29:39.677909,-0.32,-0.14,1.09,-31.07,-0.37,13.37,7.19,-32.51,-123.96,1
Z,2022-11-01 13:29:39.697045,-0.52,-0.02,1.28,-19.29,36.62,13.06,7.19,-32.51,-123.96,1
Z,2022-11-01 13:29:39.718888,-0.19,0.03,1.04,27.95,58.65,9.34,7.19,-32.51,-123.96,1
