A,2022-10-21 10:55:01.607966,0.41,0.38,0.81,-15.69,-4.88,14.22,27.15,5.94,-151.51,1
A,2022-10-21 10:55:01.623592,0.41,0.36,0.78,-18.98,-9.28,7.93,27.15,5.94,-151.51,1
A,2022-10-21 10:55:01.639238,0.38,0.31,0.79,-12.02,-16.24,13.24,26.03,4.20,-152.28,1
A,2022-10-21 10:55:01.654867,0.36,0.37,0.77,-6.10,-20.39,20.87,26.03,4.20,-152.28,1
A,2022-10-21 10:55:01.670490,0.33,0.42,0.81,-2.69,-27.53,21.06,23.75,3.34,-154.48,1
A,2022-10-21 10:55:01.701721,0.32,0.48,0.86,-3.91,-31.68,10.74,23.75,3.34,-154.48,1
A,2022-10-21 10:55:01.717348,-0.63,0.54,0.89,-10.13,-6.96,-11.35,23.75,3.34,-154.48,1
A,2022-10-21 10:55:01.732997,0.31,0.43,0.89,21.12,-5.68,1.77,21.53,2.65,-154.93,1
A,2022-10-21 10:55:01.748619,0.35,0.44,0.89,34.12,-11.84,13.00,21.53,2.65,-154.93,1
A,2022-10-21 10:55:01.772383,0.29,0.44,0.94,60.36,-23.86,26.73,21.53,2.65,-154.93,1
A,2022-10-21 10:55:01.795547,0.73,1.14,1.82,40.47,-9.70,11.78,20.23,6.67,-152.75,1
A,2022-10-21 10:55:01.811175,0.19,0.47,0.79,-23.74,69.15,-63.84,20.23,6.67,-152.75,1
A,2022-10-21 10:55:01.826820,0.44,0.49,0.95,0.06,48.65,-58.17,26.09,6.23,-150.38,1
A,2022-10-21 10:55:01.842446,0.36,0.36,0.83,-6.16,48.03,-56.27,26.09,6.23,-150.38,1
A,2022-10-21 10:55:01.858075,0.29,0.21,0.81,-5.86,36.25,-46.14,26.09,6.23,-150.38,1
A,2022-10-21 10:55:01.873699,-0.03,-0.04,0.94,8.79,22.03,-32.47,29.65,6.09,-147.96,1
A,2022-10-21 10:55:01.904929,0.48,0.23,0.57,-23.93,23.13,-49.01,29.65,6.09,-147.96,1
A,2022-10-21 10:55:01.920555,0.31,0.08,0.64,3.17,10.99,-26.12,29.65,6.09,-147.96,1
A,2022-10-21 10:55:01.936204,0.27,-0.01,0.63,16.66,-5.19,-2.26,29.68,5.54,-145.89,1
A,2022-10-21 10:55:01.951827,0.29,0.05,0.67,2.01,-5.98,-2.01,29.68,5.54,-145.89,1
A,2022-10-21 10:55:01.967456,0.29,0.36,0.62,-21.06,-2.38,-6.41,29.53,5.30,-144.90,1
A,2022-10-21 10:55:01.998684,0.18,0.46,0.58,-38.76,-11.05,-43.82,29.53,5.30,-144.90,1
A,2022-10-21 10:55:02.014310,0.26,0.26,0.59,-15.63,-19.10,-38.45,29.53,5.30,-144.90,1
A,2022-10-21 10:55:02.029956,0.23,0.20,0.58,4.03,-25.57,-21.30,30.85,2.20,-144.87,1
A,2022-10-21 10:55:02.045585,0.32,0.30,0.75,26.31,-36.74,-1.40,30.85,2.20,-144.87,1
A,2022-10-21 10:55:02.061207,0.37,0.39,0.71,38.02,-38.94,-2.75,30.85,2.20,-144.87,1
A,2022-10-21 10:55:02.076833,0.36,0.34,0.81,31.80,-35.83,-19.10,29.96,3.21,-143.81,1
A,2022-10-21 10:55:02.108065,0.45,0.21,0.93,24.84,-38.15,-26.86,29.96,3.21,-143.81,1
A,2022-10-21 10:55:02.123715,0.47,0.10,1.02,9.64,-32.96,-25.70,29.17,1.86,-145.31,1
A,2022-10-21 10:55:02.139337,0.47,0.12,1.05,6.71,-23.50,-7.57,29.17,1.86,-145.31,1
A,2022-10-21 10:55:02.154963,0.46,0.18,1.09,11.96,-19.53,-2.20,29.17,1.86,-145.31,1
A,2022-10-21 10:55:02.170570,0.45,0.08,1.08,10.01,-17.46,-4.70,27.87,2.31,-145.01,1
A,2022-10-21 10:55:02.201821,0.43,-0.06,1.10,4.76,-11.96,-3.91,27.87,2.31,-145.01,1
A,2022-10-21 10:55:02.217446,0.36,-0.09,1.32,2.08,32.96,27.10,27.87,2.31,-145.01,1
A,2022-10-21 10:55:02.233091,0.40,0.00,1.00,-14.22,59.57,34.12,28.58,2.15,-144.85,1
A,2022-10-21 10:55:02.248711,0.41,0.11,0.97,-39.67,69.46,32.29,28.58,2.15,-144.85,1
A,2022-10-21 10:55:02.264326,0.39,0.11,0.88,-52.49,80.08,25.02,30.71,2.83,-147.46,1
A,2022-10-21 10:55:02.295576,0.51,0.23,0.49,-58.90,73.24,39.86,30.71,2.83,-147.46,1
A,2022-10-21 10:55:02.311203,0.60,0.49,0.33,-75.81,45.47,39.67,30.71,2.83,-147.46,1
A,2022-10-21 10:55:02.326830,0.60,0.74,0.15,-67.50,0.67,33.75,31.30,0.16,-149.48,1
A,2022-10-21 10:55:02.342456,0.50,0.79,0.39,-34.97,-50.48,22.46,31.30,0.16,-149.48,1
A,2022-10-21 10:55:02.358081,-0.36,0.80,0.75,38.64,1.40,-7.81,31.30,0.16,-149.48,1
A,2022-10-21 10:55:02.389334,0.39,0.34,0.88,98.45,4.76,27.65,29.24,-0.15,-150.32,1
A,2022-10-21 10:55:02.404959,0.39,0.32,0.80,90.15,0.85,32.47,29.24,-0.15,-150.32,1
A,2022-10-21 10:55:02.420585,0.39,0.42,0.80,94.36,1.53,33.14,29.24,-0.15,-150.32,1
A,2022-10-21 10:55:02.436213,0.48,0.73,1.03,-12.70,11.90,-85.57,28.96,5.68,-150.94,1
A,2022-10-21 10:55:02.451839,0.37,0.28,0.80,35.46,1.22,-77.70,28.96,5.68,-150.94,1
A,2022-10-21 10:55:02.467465,0.37,0.12,0.84,38.57,-3.05,-63.72,31.41,5.26,-147.63,1
A,2022-10-21 10:55:02.498714,0.44,0.01,0.85,43.76,-5.07,-39.12,31.41,5.26,-147.63,1
A,2022-10-21 10:55:02.514351,0.42,-0.06,0.89,34.30,-8.00,-13.49,31.41,5.26,-147.63,1
A,2022-10-21 10:55:02.529987,0.46,-0.10,0.91,32.90,-12.76,5.37,32.78,7.13,-145.54,1
A,2022-10-21 10:55:02.545615,0.42,-0.13,0.85,3.72,-10.62,1.16,32.78,7.13,-145.54,1
A,2022-10-21 10:55:02.561287,0.42,0.07,0.86,-16.24,-17.03,4.33,32.78,7.13,-145.54,1
A,2022-10-21 10:55:02.592474,0.40,0.22,0.88,-46.26,-23.13,-3.60,31.62,6.42,-144.79,1
A,2022-10-21 10:55:02.608097,0.36,0.29,0.86,-48.89,-23.86,2.32,31.62,6.42,-144.79,1
A,2022-10-21 10:55:02.623743,0.02,0.39,1.05,-36.99,-18.98,10.19,30.49,4.43,-144.79,1
A,2022-10-21 10:55:02.639372,0.02,0.54,1.19,23.86,21.24,12.08,30.49,4.43,-144.79,1
A,2022-10-21 10:55:02.655148,0.32,0.45,0.74,16.54,38.27,-5.37,30.49,4.43,-144.79,1
A,2022-10-21 10:55:02.686228,0.40,0.36,0.70,9.28,30.70,-15.32,31.70,7.04,-144.06,1
A,2022-10-21 10:55:02.701854,0.41,0.34,0.73,10.38,19.71,-14.53,31.70,7.04,-144.06,1
A,2022-10-21 10:55:02.717503,0.41,0.36,0.76,17.03,11.96,-12.45,31.70,7.04,-144.06,1
A,2022-10-21 10:55:02.733108,0.45,0.36,0.78,31.92,9.40,-15.81,34.01,8.29,-143.46,1
A,2022-10-21 10:55:02.748733,0.56,0.17,0.64,26.43,7.69,-20.51,34.01,8.29,-143.46,1
