Y,2022-10-30 14:18:49.061261,0.06,-0.79,0.86,-26.92,21.42,35.28,49.63,4.64,-148.82,1
Y,2022-10-30 14:18:49.081239,0.17,-0.71,0.78,-19.96,20.08,42.79,49.63,4.64,-148.82,1
Y,2022-10-30 14:18:49.106678,0.23,-0.62,0.68,-23.38,16.72,40.16,49.22,2.58,-145.09,1
Y,2022-10-30 14:18:49.120075,0.29,-0.34,0.60,-56.70,5.00,20.51,49.22,2.58,-145.09,1
Y,2022-10-30 14:18:49.150150,0.34,-0.09,0.46,-68.91,-9.52,0.06,49.22,2.58,-145.09,1
Y,2022-10-30 14:18:49.170219,0.34,0.21,0.31,-72.88,-35.28,-50.05,51.78,0.94,-142.64,1
Y,2022-10-30 14:18:49.190246,0.12,-0.33,0.98,119.20,17.09,11.05,51.78,0.94,-142.64,1
Y,2022-10-30 14:18:49.210249,0.05,-0.49,0.87,70.56,-28.87,-67.14,53.52,1.72,-142.77,1
Y,2022-10-30 14:18:49.233926,-0.15,-0.14,0.71,20.63,-36.25,-80.63,53.52,1.72,-142.77,1
Y,2022-10-30 14:18:49.253948,-0.02,-0.42,0.88,25.15,-42.54,-118.41,53.52,1.72,-142.77,1
Y,2022-10-30 14:18:49.273950,-0.01,-0.48,0.82,50.66,-38.51,-105.96,52.34,7.29,-144.97,1
Y,2022-10-30 14:18:49.294581,-0.04,-0.66,0.80,98.08,-39.73,-58.47,52.34,7.29,-144.97,1
Y,2022-10-30 14:18:49.314575,-0.08,-0.88,0.77,112.85,-42.54,-21.24,51.43,10.63,-144.73,1
Y,2022-10-30 14:18:49.334573,-0.11,-1.12,0.86,64.58,-36.99,0.37,51.43,10.63,-144.73,1
Y,2022-10-30 14:18:49.354573,-0.21,-1.07,0.86,-51.76,1.95,14.89,50.73,10.24,-147.71,1
Y,2022-10-30 14:18:49.374575,-0.38,-0.70,1.21,-71.04,60.18,33.26,50.73,10.24,-147.71,1
Y,2022-10-30 14:18:49.395165,0.03,-0.44,0.88,-28.56,82.58,43.21,50.73,10.24,-147.71,1
Y,2022-10-30 14:18:49.425168,0.49,-0.35,0.75,-21.30,61.34,37.60,48.60,9.18,-143.68,1
Y,2022-10-30 14:18:49.445165,0.38,-0.24,0.68,-51.45,36.80,6.84,48.60,9.18,-143.68,1
Y,2022-10-30 14:18:49.465178,0.21,-0.40,0.40,-55.79,17.09,-12.63,47.94,8.65,-137.19,1
Y,2022-10-30 14:18:49.485167,-0.14,-0.51,0.89,77.39,-28.69,31.49,47.94,8.65,-137.19,1
Y,2022-10-30 14:18:49.505165,-0.13,-0.98,0.57,85.82,-24.54,23.99,48.79,8.03,-135.66,1
Y,2022-10-30 14:18:49.525168,-0.06,-0.83,0.62,8.91,5.62,-15.63,48.79,8.03,-135.66,1
Y,2022-10-30 14:18:49.545165,-0.13,-0.49,-0.30,-73.43,18.43,-45.53,48.79,8.03,-135.66,1
Y,2022-10-30 14:18:49.565282,0.00,-0.70,0.79,20.08,-80.26,-33.57,48.83,9.27,-136.54,1
Y,2022-10-30 14:18:49.591230,-0.06,-0.32,0.82,-21.61,-40.22,-22.95,48.83,9.27,-136.54,1
Y,2022-10-30 14:18:49.611248,-0.10,-0.42,1.01,8.24,-28.56,-27.40,50.39,9.67,-145.02,1
Y,2022-10-30 14:18:49.631284,-0.13,-0.41,0.90,-0.49,-13.06,-26.31,50.39,9.67,-145.02,1
Y,2022-10-30 14:18:49.651379,-0.11,-0.39,0.72,17.76,-21.36,-32.65,51.53,10.17,-148.41,1
Y,2022-10-30 14:18:49.681251,-0.12,-0.48,0.76,34.73,-33.20,-38.82,51.53,10.17,-148.41,1
Y,2022-10-30 14:18:49.692455,-0.16,-0.55,0.82,39.06,-33.51,-33.75,51.53,10.17,-148.41,1
Y,2022-10-30 14:18:49.715077,-0.18,-0.53,0.83,32.71,-20.26,-23.99,51.40,11.96,-152.12,1
Y,2022-10-30 14:18:49.735128,-0.16,-0.67,0.87,23.80,-6.65,-14.65,51.40,11.96,-152.12,1
Y,2022-10-30 14:18:49.755826,-0.16,-0.69,0.85,18.86,-7.08,-10.62,52.09,11.87,-155.16,1
Y,2022-10-30 14:18:49.771374,-0.17,-0.68,0.83,7.02,-16.48,-6.84,52.09,11.87,-155.16,1
Y,2022-10-30 14:18:49.801694,-0.20,-0.67,0.80,-1.53,-21.24,-6.29,52.09,11.87,-155.16,1
Y,2022-10-30 14:18:49.821970,-0.24,-0.67,0.83,-12.02,-18.19,1.22,51.59,11.79,-156.40,1
Y,2022-10-30 14:18:49.840479,-0.83,-0.67,1.22,-8.61,0.55,24.60,51.59,11.79,-156.40,1
Y,2022-10-30 14:18:49.860521,-0.34,-0.42,1.27,91.92,53.53,79.65,50.46,11.00,-155.36,1
Y,2022-10-30 14:18:49.880528,-0.10,-0.55,0.98,88.32,72.33,70.62,50.46,11.00,-155.36,1
Y,2022-10-30 14:18:49.905260,0.06,-0.58,0.79,40.34,68.24,58.65,45.04,11.54,-142.85,1
Y,2022-10-30 14:18:49.925619,0.18,-0.59,0.72,-3.36,63.78,40.16,45.04,11.54,-142.85,1
Y,2022-10-30 14:18:49.935602,0.25,-0.59,0.62,-44.56,53.22,30.27,45.04,11.54,-142.85,1
Y,2022-10-30 14:18:49.965603,0.44,-0.50,0.48,-54.26,35.46,28.93,43.04,11.88,-136.30,1
Y,2022-10-30 14:18:49.975683,0.22,-0.51,0.57,-72.57,13.55,21.12,43.04,11.88,-136.30,1
