H,2022-10-20 15:44:24.600602,-0.02,0.92,0.18,2.26,14.59,-5.13,-33.20,-47.62,-53.76,1
H,2022-10-20 15:44:24.624230,-0.04,0.95,0.17,-10.01,12.51,-6.71,-33.20,-47.62,-53.76,1
H,2022-10-20 15:44:24.643181,-0.08,0.97,0.13,-16.78,11.41,-9.03,-32.60,-48.25,-53.55,1
H,2022-10-20 15:44:24.658872,-0.13,1.00,0.02,10.68,12.57,-41.93,-32.60,-48.25,-53.55,1
H,2022-10-20 15:44:24.679057,0.10,1.05,0.09,15.20,11.78,-57.74,-32.60,-48.25,-53.55,1
H,2022-10-20 15:44:24.699190,0.11,1.10,0.16,-0.61,1.59,-63.48,-29.96,-50.17,-54.50,1
H,2022-10-20 15:44:24.710847,0.13,1.10,0.08,-13.61,-8.42,-59.94,-29.96,-50.17,-54.50,1
H,2022-10-20 15:44:24.729611,0.18,1.06,0.02,-11.41,-11.11,-51.45,-29.96,-50.17,-54.50,1
H,2022-10-20 15:44:24.750801,0.22,1.03,0.10,-3.36,-10.56,-45.84,-26.56,-52.34,-52.00,1
H,2022-10-20 15:44:24.774006,0.22,1.03,0.14,-3.11,-11.47,-36.13,-26.56,-52.34,-52.00,1
H,2022-10-20 15:44:24.791231,0.20,1.03,0.08,2.56,-9.22,-24.78,-23.52,-53.64,-50.76,1
H,2022-10-20 15:44:24.805961,0.23,0.91,0.12,23.07,3.42,-12.21,-23.52,-53.64,-50.76,1
H,2022-10-20 15:44:24.822480,0.19,0.86,0.27,16.97,7.14,-11.35,-23.52,-53.64,-50.76,1
H,2022-10-20 15:44:24.843663,0.15,0.86,0.28,4.88,7.39,-9.83,-22.41,-54.72,-52.03,1
H,2022-10-20 15:44:24.862872,0.17,0.85,0.25,-1.34,9.58,-8.85,-22.41,-54.72,-52.03,1
H,2022-10-20 15:44:24.883048,0.13,0.87,0.24,-7.08,12.33,-8.79,-22.41,-54.72,-52.03,1
H,2022-10-20 15:44:24.903452,0.11,0.88,0.24,-6.16,12.63,-8.79,-21.67,-55.33,-50.52,1
H,2022-10-20 15:44:24.917057,0.13,0.88,0.25,-9.22,6.71,-8.06,-21.67,-55.33,-50.52,1
H,2022-10-20 15:44:24.933663,0.09,0.91,0.21,-21.42,6.53,-3.23,-21.67,-55.33,-50.52,1
H,2022-10-20 15:44:24.954433,0.12,0.96,0.15,-22.64,13.24,5.62,-21.36,-56.12,-49.34,1
H,2022-10-20 15:44:24.974692,0.14,0.90,0.15,-10.38,22.46,15.01,-21.36,-56.12,-49.34,1
H,2022-10-20 15:44:24.995900,0.16,0.83,0.20,-13.92,19.78,19.65,-22.44,-56.35,-49.50,1
H,2022-10-20 15:44:25.012013,0.04,0.87,0.18,-25.33,9.70,21.91,-22.44,-56.35,-49.50,1
H,2022-10-20 15:44:25.027751,0.13,1.01,-0.22,17.94,-10.50,-11.05,-22.44,-56.35,-49.50,1
H,2022-10-20 15:44:25.045529,0.09,1.04,0.06,22.71,7.75,-9.83,-23.38,-56.53,-49.99,1
H,2022-10-20 15:44:25.066063,0.10,1.05,0.31,3.17,-9.46,15.38,-23.38,-56.53,-49.99,1
H,2022-10-20 15:44:25.086245,0.08,0.94,0.12,-12.15,-10.56,28.14,-23.38,-56.53,-49.99,1
H,2022-10-20 15:44:25.107445,0.07,0.99,0.12,-16.42,-13.00,37.96,-24.18,-55.97,-49.01,1
H,2022-10-20 15:44:25.126652,0.05,0.91,0.11,-5.13,-16.11,52.31,-24.18,-55.97,-49.01,1
H,2022-10-20 15:44:25.143010,0.08,0.82,0.10,-0.18,-18.37,61.83,-24.18,-55.97,-49.01,1
H,2022-10-20 15:44:25.157528,0.11,0.81,0.10,3.66,-18.98,51.15,-25.98,-53.74,-48.74,1
H,2022-10-20 15:44:25.177961,0.06,0.89,0.05,8.36,-15.75,43.52,-25.98,-53.74,-48.74,1
H,2022-10-20 15:44:25.198253,0.06,0.95,0.09,12.57,-14.22,38.70,-27.94,-51.28,-47.91,1
H,2022-10-20 15:44:25.218483,0.04,0.94,0.08,15.99,-14.04,33.75,-27.94,-51.28,-47.91,1
H,2022-10-20 15:44:25.238745,0.05,1.00,0.09,15.01,-12.45,30.33,-27.94,-51.28,-47.91,1
H,2022-10-20 15:44:25.249920,0.03,1.04,0.15,8.79,-10.56,29.97,-29.10,-50.15,-47.64,1
H,2022-10-20 15:44:25.269112,0.03,1.09,0.17,-7.39,-13.31,31.80,-29.10,-50.15,-47.64,1
H,2022-10-20 15:44:25.289177,0.02,1.07,0.09,-13.37,-10.31,30.52,-29.10,-50.15,-47.64,1
H,2022-10-20 15:44:25.309414,0.01,1.03,0.04,-13.43,-1.46,23.32,-30.20,-48.66,-47.40,1
H,2022-10-20 15:44:25.319503,0.00,1.01,0.03,-8.06,11.66,10.19,-30.20,-48.66,-47.40,1
H,2022-10-20 15:44:25.344796,-0.05,1.06,0.19,3.42,23.07,-4.15,-30.10,-47.52,-48.27,1
H,2022-10-20 15:44:25.360379,-0.08,0.97,0.05,37.72,22.89,-29.36,-30.10,-47.52,-48.27,1
H,2022-10-20 15:44:25.376247,0.01,0.98,0.10,52.25,30.88,-52.06,-30.10,-47.52,-48.27,1
H,2022-10-20 15:44:25.396478,0.08,1.08,0.27,44.31,31.25,-62.13,-28.52,-49.96,-50.70,1
H,2022-10-20 15:44:25.417066,0.15,1.08,0.32,23.19,21.12,-56.03,-28.52,-49.96,-50.70,1
H,2022-10-20 15:44:25.439691,0.16,1.04,0.26,2.99,6.65,-37.48,-28.52,-49.96,-50.70,1
H,2022-10-20 15:44:25.457388,0.12,0.99,0.19,6.47,9.34,-25.27,-25.88,-51.84,-51.16,1
H,2022-10-20 15:44:25.471061,0.13,0.88,0.25,12.76,13.85,-12.39,-25.88,-51.84,-51.16,1
H,2022-10-20 15:44:25.487725,0.11,0.85,0.25,0.92,11.05,-4.33,-25.88,-51.84,-51.16,1
H,2022-10-20 15:44:25.507984,0.10,0.85,0.20,-6.23,9.09,-0.98,-25.02,-53.09,-51.33,1
H,2022-10-20 15:44:25.528218,0.14,0.84,0.18,-17.21,10.56,5.74,-25.02,-53.09,-51.33,1
H,2022-10-20 15:44:25.549423,0.15,0.88,0.15,-22.22,11.54,11.05,-25.61,-52.99,-51.01,1
H,2022-10-20 15:44:25.569481,0.03,0.86,0.18,-28.20,10.80,19.04,-25.61,-52.99,-51.01,1
H,2022-10-20 15:44:25.580879,0.06,1.11,-0.04,0.31,-11.23,-0.67,-25.61,-52.99,-51.01,1
H,2022-10-20 15:44:25.600084,0.06,0.97,-0.06,12.27,3.48,-0.73,-26.40,-53.55,-50.38,1
H,2022-10-20 15:44:25.620423,0.10,1.01,0.22,1.04,9.95,3.17,-26.40,-53.55,-50.38,1
H,2022-10-20 15:44:25.640620,0.08,0.99,0.10,-0.18,10.74,5.80,-26.40,-53.55,-50.38,1
H,2022-10-20 15:44:25.661116,0.10,0.98,0.07,-0.98,13.85,7.75,-26.22,-53.19,-51.83,1
H,2022-10-20 15:44:25.676053,0.13,0.95,0.18,8.73,7.45,8.42,-26.22,-53.19,-51.83,1
H,2022-10-20 15:44:25.691881,0.16,0.92,0.15,-0.79,-22.95,4.03,-26.22,-53.19,-51.83,1
H,2022-10-20 15:44:25.712113,0.11,1.02,-0.10,-4.64,-53.34,-3.17,-25.35,-53.53,-50.55,1
H,2022-10-20 15:44:25.732254,0.03,0.99,-0.02,32.71,-34.00,4.39,-25.35,-53.53,-50.55,1
H,2022-10-20 15:44:25.752560,0.03,0.95,0.26,38.33,-9.28,8.73,-24.54,-53.70,-48.54,1
H,2022-10-20 15:44:25.762597,0.04,0.92,0.40,21.73,3.23,10.74,-24.54,-53.70,-48.54,1
H,2022-10-20 15:44:25.786885,0.05,0.94,0.47,2.69,6.16,12.33,-24.54,-53.70,-48.54,1
H,2022-10-20 15:44:25.803363,0.05,0.92,0.41,-9.03,4.39,15.87,-24.56,-53.61,-50.29,1
H,2022-10-20 15:44:25.823570,0.06,0.91,0.30,-17.33,-3.72,15.32,-24.56,-53.61,-50.29,1
H,2022-10-20 15:44:25.843725,0.07,0.90,0.08,-12.08,-6.77,7.63,-24.56,-53.61,-50.29,1
H,2022-10-20 15:44:25.853926,-0.03,0.93,-0.03,1.16,6.47,-7.81,-24.49,-52.62,-49.24,1
H,2022-10-20 15:44:25.874446,-0.09,1.03,0.14,16.30,19.04,-26.98,-24.49,-52.62,-49.24,1
H,2022-10-20 15:44:25.897218,0.11,0.97,0.22,11.60,4.09,-47.06,-24.49,-52.62,-49.24,1
H,2022-10-20 15:44:25.914965,0.11,1.06,0.06,0.00,-16.66,-58.29,-21.64,-53.63,-49.67,1
H,2022-10-20 15:44:25.935121,0.25,1.13,0.08,13.92,-6.16,-49.62,-21.64,-53.63,-49.67,1
H,2022-10-20 15:44:25.945808,0.28,1.03,0.22,25.94,2.99,-30.58,-17.92,-54.93,-50.34,1
H,2022-10-20 15:44:25.965587,0.25,0.89,0.28,29.72,6.96,-11.35,-17.92,-54.93,-50.34,1
H,2022-10-20 15:44:25.985946,0.18,0.78,0.33,27.59,13.43,-0.37,-17.92,-54.93,-50.34,1
H,2022-10-20 15:44:26.007199,0.16,0.73,0.34,15.20,18.92,-0.67,-17.33,-55.57,-50.79,1
H,2022-10-20 15:44:26.026409,0.14,0.80,0.29,-3.85,15.44,2.50,-17.33,-55.57,-50.79,1
H,2022-10-20 15:44:26.038985,0.11,0.82,0.26,-14.34,15.81,10.68,-17.33,-55.57,-50.79,1
H,2022-10-20 15:44:26.056773,0.09,0.82,0.24,-15.20,18.49,16.11,-17.74,-55.43,-51.66,1
H,2022-10-20 15:44:26.077473,0.10,0.82,0.27,-16.24,16.24,15.87,-17.74,-55.43,-51.66,1
H,2022-10-20 15:44:26.097719,0.12,0.87,0.22,-21.36,10.44,19.59,-17.74,-55.43,-51.66,1
H,2022-10-20 15:44:26.117902,0.13,0.89,0.23,-23.32,9.64,29.36,-18.99,-55.38,-49.28,1
H,2022-10-20 15:44:26.133045,0.10,1.11,-0.06,21.18,-5.43,-5.98,-18.99,-55.38,-49.28,1
H,2022-10-20 15:44:26.148230,0.06,1.10,0.17,5.80,2.14,0.37,-20.17,-55.76,-49.21,1
H,2022-10-20 15:44:26.168442,0.09,1.01,0.33,-21.30,-1.22,26.98,-20.17,-55.76,-49.21,1
H,2022-10-20 15:44:26.188960,0.05,0.93,0.17,-35.77,-14.65,38.02,-20.17,-55.76,-49.21,1
H,2022-10-20 15:44:26.211688,0.06,0.92,0.06,-18.86,-15.44,46.69,-21.72,-53.94,-47.73,1
H,2022-10-20 15:44:26.229502,0.02,0.83,0.13,2.32,-11.78,50.60,-21.72,-53.94,-47.73,1
H,2022-10-20 15:44:26.246091,0.04,0.86,0.22,8.97,-14.77,53.65,-21.72,-53.94,-47.73,1
H,2022-10-20 15:44:26.260236,0.05,0.88,0.20,11.90,-19.96,55.30,-23.06,-51.90,-48.40,1
H,2022-10-20 15:44:26.280356,0.04,0.83,0.09,10.44,-16.85,44.74,-23.06,-51.90,-48.40,1
H,2022-10-20 15:44:26.300545,0.04,0.93,0.06,10.62,-8.91,31.31,-23.06,-51.90,-48.40,1
H,2022-10-20 15:44:26.320779,0.04,1.01,0.05,15.14,0.43,18.19,-25.24,-50.37,-47.66,1
H,2022-10-20 15:44:26.341988,0.03,1.12,0.17,25.27,8.73,8.24,-25.24,-50.37,-47.66,1
H,2022-10-20 15:44:26.355808,0.05,1.06,0.23,26.49,10.80,5.55,-25.10,-49.90,-47.55,1
H,2022-10-20 15:44:26.372463,0.03,1.09,0.31,15.14,10.80,0.31,-25.10,-49.90,-47.55,1
H,2022-10-20 15:44:26.392717,0.02,1.11,0.31,3.72,5.98,5.31,-25.10,-49.90,-47.55,1
H,2022-10-20 15:44:26.412840,0.00,1.06,0.28,0.98,4.21,9.16,-25.95,-49.67,-48.95,1
H,2022-10-20 15:44:26.423012,-0.00,0.99,0.33,-1.22,1.10,13.49,-25.95,-49.67,-48.95,1
H,2022-10-20 15:44:26.446160,-0.01,0.91,0.27,-4.70,-5.68,16.17,-25.95,-49.67,-48.95,1
H,2022-10-20 15:44:26.466479,-0.02,0.93,0.21,-4.09,-8.85,12.82,-25.99,-49.21,-48.19,1
H,2022-10-20 15:44:26.484309,-0.03,0.84,0.17,3.72,-6.16,8.54,-25.99,-49.21,-48.19,1
H,2022-10-20 15:44:26.504513,-0.03,0.86,0.16,2.81,-3.85,1.40,-25.99,-49.21,-48.19,1
H,2022-10-20 15:44:26.524739,-0.03,0.91,0.17,4.33,-0.79,-3.54,-26.57,-49.29,-48.86,1
H,2022-10-20 15:44:26.534905,-0.02,0.92,0.20,5.80,2.01,-6.35,-26.57,-49.29,-48.86,1
H,2022-10-20 15:44:26.561211,-0.02,0.94,0.21,7.81,2.93,-6.84,-26.26,-49.37,-47.86,1
H,2022-10-20 15:44:26.576841,-0.02,0.97,0.23,7.20,3.23,-5.74,-26.26,-49.37,-47.86,1
H,2022-10-20 15:44:26.592497,-0.02,0.98,0.26,4.82,2.26,-3.23,-26.26,-49.37,-47.86,1
H,2022-10-20 15:44:26.616244,-0.01,0.98,0.23,2.01,0.06,-0.31,-26.20,-49.67,-48.49,1
H,2022-10-20 15:44:26.634816,-0.01,0.96,0.23,4.03,0.00,0.92,-26.20,-49.67,-48.49,1
H,2022-10-20 15:44:26.648155,-0.01,0.95,0.25,2.50,-0.98,2.20,-26.20,-49.67,-48.49,1
