B,2022-10-19 11:58:22.415139,0.39,0.07,1.41,-32.17,-28.87,-16.72,62.18,28.26,-103.65,1
B,2022-10-19 11:58:22.435269,0.36,-0.09,1.31,-9.95,-35.28,-16.48,62.18,28.26,-103.65,1
B,2022-10-19 11:58:22.455276,0.15,-0.22,1.30,-12.45,-30.27,-21.24,62.18,28.26,-103.65,1
B,2022-10-19 11:58:22.475296,0.04,-0.34,1.17,2.56,-7.39,-8.91,62.04,24.18,-102.72,1
B,2022-10-19 11:58:22.505194,0.17,-0.35,1.06,10.38,2.93,-10.01,62.04,24.18,-102.72,1
B,2022-10-19 11:58:22.517737,0.29,-0.55,0.93,-2.50,3.60,-20.81,61.89,21.89,-102.97,1
B,2022-10-19 11:58:22.537753,0.24,-0.54,0.88,-3.23,-7.93,-4.46,61.89,21.89,-102.97,1
B,2022-10-19 11:58:22.558280,0.23,-0.45,0.94,7.75,-22.03,7.69,61.89,21.89,-102.97,1
B,2022-10-19 11:58:22.578582,0.18,-0.45,0.93,-1.71,-2.50,2.08,61.71,21.37,-101.73,1
B,2022-10-19 11:58:22.598604,0.30,-0.41,0.92,-15.14,14.34,-4.03,61.71,21.37,-101.73,1
B,2022-10-19 11:58:22.618605,0.28,-0.33,0.78,-43.88,26.55,-11.96,61.67,20.06,-104.64,1
B,2022-10-19 11:58:22.638607,0.29,-0.18,0.73,-38.39,14.28,-12.27,61.67,20.06,-104.64,1
B,2022-10-19 11:58:22.658607,0.24,-0.20,0.66,-33.94,-2.81,-26.98,61.67,20.06,-104.64,1
B,2022-10-19 11:58:22.678980,0.09,-0.15,0.88,35.03,-3.54,-6.71,61.46,18.68,-105.05,1
B,2022-10-19 11:58:22.699226,0.22,-0.54,0.71,40.95,15.08,18.01,61.46,18.68,-105.05,1
B,2022-10-19 11:58:22.719206,0.12,-0.36,0.72,11.29,42.11,19.59,62.37,18.07,-105.35,1
B,2022-10-19 11:58:22.739207,0.08,-0.32,0.66,23.50,-43.46,-42.97,62.37,18.07,-105.35,1
B,2022-10-19 11:58:22.759206,0.18,-0.45,0.66,15.01,-75.56,-38.39,62.37,18.07,-105.35,1
B,2022-10-19 11:58:22.779205,0.20,-0.43,0.83,23.44,-60.61,-13.31,60.00,19.26,-101.67,1
B,2022-10-19 11:58:22.799632,0.24,-0.45,0.88,29.17,-27.59,3.42,60.00,19.26,-101.67,1
B,2022-10-19 11:58:22.819633,0.22,-0.53,1.02,29.66,-3.66,2.56,60.47,17.91,-98.50,1
B,2022-10-19 11:58:22.840207,0.32,-0.60,1.06,27.95,2.87,0.24,60.47,17.91,-98.50,1
B,2022-10-19 11:58:22.860221,0.31,-0.64,1.06,15.44,9.22,3.91,60.47,17.91,-98.50,1
B,2022-10-19 11:58:22.880626,0.35,-0.65,1.14,7.93,-3.23,-0.92,61.12,15.80,-96.91,1
B,2022-10-19 11:58:22.900626,0.25,-0.54,1.00,-9.34,5.92,-15.99,61.12,15.80,-96.91,1
B,2022-10-19 11:58:22.920950,0.23,-0.51,0.97,-12.15,-17.52,-25.33,61.72,15.49,-96.84,1
B,2022-10-19 11:58:22.940952,1.12,-1.17,2.31,-9.09,-19.59,-18.37,61.72,15.49,-96.84,1
B,2022-10-19 11:58:22.960950,0.05,-0.47,0.70,-9.64,74.77,22.71,61.72,15.49,-96.84,1
B,2022-10-19 11:58:22.981132,0.17,-0.44,0.91,7.81,27.10,23.50,62.17,15.08,-98.52,1
B,2022-10-19 11:58:23.001338,0.22,-0.48,0.95,-6.53,20.87,8.36,62.17,15.08,-98.52,1
B,2022-10-19 11:58:23.024339,0.16,-0.38,0.83,-14.16,25.76,2.44,61.99,17.03,-103.14,1
B,2022-10-19 11:58:23.042045,0.15,-0.30,0.85,-17.46,21.85,-12.27,61.99,17.03,-103.14,1
B,2022-10-19 11:58:23.061541,0.18,-0.19,0.88,-12.51,21.48,-17.58,61.99,17.03,-103.14,1
B,2022-10-19 11:58:23.081623,0.16,-0.11,0.93,-0.67,23.93,-26.73,62.32,17.52,-103.98,1
B,2022-10-19 11:58:23.091546,0.09,-0.16,0.69,13.61,29.97,-34.61,62.32,17.52,-103.98,1
B,2022-10-19 11:58:23.112224,0.09,-0.21,0.62,34.12,11.60,-24.29,63.11,18.76,-105.16,1
B,2022-10-19 11:58:23.134976,0.08,-0.23,0.62,60.67,-4.52,-18.68,63.11,18.76,-105.16,1
B,2022-10-19 11:58:23.155659,0.09,-0.41,0.60,61.10,-4.15,-27.22,63.11,18.76,-105.16,1
B,2022-10-19 11:58:23.177185,0.11,-0.53,0.59,46.51,6.29,-38.70,62.02,21.53,-101.99,1
B,2022-10-19 11:58:23.197177,0.17,-0.69,0.53,28.38,13.55,-32.84,62.02,21.53,-101.99,1
B,2022-10-19 11:58:23.217772,0.24,-0.79,0.62,31.07,-0.18,-13.06,60.67,22.00,-99.33,1
B,2022-10-19 11:58:23.228405,0.21,-0.80,0.60,23.93,-6.59,2.50,60.67,22.00,-99.33,1
B,2022-10-19 11:58:23.248502,0.25,-0.82,0.72,5.80,-18.07,9.34,60.67,22.00,-99.33,1
B,2022-10-19 11:58:23.268469,0.25,-0.81,0.71,-9.83,-12.63,6.53,60.62,21.92,-98.25,1
B,2022-10-19 11:58:23.288425,0.27,-0.82,0.69,-22.22,-9.70,6.04,60.62,21.92,-98.25,1
B,2022-10-19 11:58:23.308494,0.27,-0.72,0.78,-35.40,-11.17,16.36,61.46,19.35,-98.96,1
B,2022-10-19 11:58:23.328493,0.30,-0.62,0.95,-36.25,-16.60,22.89,61.46,19.35,-98.96,1
B,2022-10-19 11:58:23.349000,0.27,-0.50,0.98,-29.30,-20.14,24.66,61.46,19.35,-98.96,1
B,2022-10-19 11:58:23.369002,0.25,-0.34,1.04,-26.61,-6.65,7.87,61.36,17.49,-99.90,1
B,2022-10-19 11:58:23.389001,0.24,-0.23,1.08,-22.89,-2.69,0.06,61.36,17.49,-99.90,1
B,2022-10-19 11:58:23.409000,0.21,-0.14,1.03,-11.90,-2.38,-14.71,61.36,17.49,-99.90,1
B,2022-10-19 11:58:23.429054,0.24,-0.28,0.94,12.57,-18.07,-5.31,61.00,16.36,-99.69,1
B,2022-10-19 11:58:23.449057,0.29,0.06,1.61,44.80,-26.37,17.64,61.00,16.36,-99.69,1
B,2022-10-19 11:58:23.469110,0.12,-0.18,0.95,34.18,33.63,-17.58,61.47,16.82,-99.45,1
B,2022-10-19 11:58:23.489846,0.17,-0.31,0.79,32.65,29.48,-28.08,61.47,16.82,-99.45,1
B,2022-10-19 11:58:23.509909,0.18,-0.33,0.83,31.98,22.52,-27.16,60.78,18.16,-97.53,1
B,2022-10-19 11:58:23.529913,0.18,-0.36,0.79,40.53,17.33,-24.78,60.78,18.16,-97.53,1
B,2022-10-19 11:58:23.549912,0.17,-0.57,0.66,53.47,-4.21,-11.90,60.78,18.16,-97.53,1
B,2022-10-19 11:58:23.569879,0.15,-0.65,0.61,61.22,-17.27,-4.88,59.99,21.41,-94.97,1
B,2022-10-19 11:58:23.600230,0.17,-0.89,0.48,52.06,-20.39,-4.70,59.99,21.41,-94.97,1
B,2022-10-19 11:58:23.620918,0.19,-0.99,0.46,18.25,-13.98,-3.66,59.13,22.17,-90.50,1
B,2022-10-19 11:58:23.640918,0.19,-0.94,0.50,-3.72,-8.12,-3.85,59.13,22.17,-90.50,1
B,2022-10-19 11:58:23.660917,0.25,-0.94,0.58,-15.81,-19.90,3.36,59.13,22.17,-90.50,1
B,2022-10-19 11:58:23.680916,0.24,-0.90,0.60,-17.27,-20.81,17.82,59.31,20.51,-89.65,1
B,2022-10-19 11:58:23.700938,0.26,-0.83,0.65,-27.47,-25.21,33.94,59.31,20.51,-89.65,1
B,2022-10-19 11:58:23.720916,0.23,-0.75,0.79,-36.99,-28.44,41.14,61.61,17.83,-92.33,1
B,2022-10-19 11:58:23.740916,0.17,-0.42,0.99,-43.09,-13.55,35.64,61.61,17.83,-92.33,1
B,2022-10-19 11:58:23.760916,0.16,-0.27,1.11,-40.28,4.21,7.69,62.55,15.03,-96.00,1
B,2022-10-19 11:58:23.780991,0.21,-0.20,1.13,-42.36,12.88,-23.44,62.55,15.03,-96.00,1
B,2022-10-19 11:58:23.801781,0.22,-0.19,1.09,-20.08,-1.10,-40.34,62.55,15.03,-96.00,1
B,2022-10-19 11:58:23.821945,0.20,-0.31,0.97,1.34,-30.40,-9.34,61.77,13.93,-97.14,1
B,2022-10-19 11:58:23.842615,0.13,-0.29,0.97,24.84,-46.20,18.68,61.77,13.93,-97.14,1
B,2022-10-19 11:58:23.862674,-0.32,-0.30,1.08,48.22,26.55,18.25,62.67,15.06,-96.14,1
B,2022-10-19 11:58:23.882755,0.12,-0.31,1.02,81.67,44.74,50.96,62.67,15.06,-96.14,1
B,2022-10-19 11:58:23.902675,0.25,-0.50,0.96,53.77,55.91,14.89,62.67,15.06,-96.14,1
B,2022-10-19 11:58:23.932686,0.21,-0.58,0.90,38.33,69.27,4.46,62.81,19.60,-93.91,1
B,2022-10-19 11:58:23.952676,0.35,-0.64,0.77,38.76,74.89,2.93,62.81,19.60,-93.91,1
B,2022-10-19 11:58:23.972673,0.44,-0.67,0.72,35.64,62.38,-6.10,61.05,24.15,-94.82,1
