B,2022-10-19 11:58:37.733585,0.21,-0.38,0.99,-15.26,4.52,-4.15,64.38,10.40,-109.09,1
B,2022-10-19 11:58:37.753686,0.20,-0.36,0.89,-20.63,21.42,-5.25,64.38,10.40,-109.09,1
B,2022-10-19 11:58:37.773695,0.21,-0.36,0.76,-18.74,20.94,-5.13,64.38,10.40,-109.09,1
B,2022-10-19 11:58:37.793968,0.25,-0.38,0.68,-11.05,8.12,-2.69,64.83,9.11,-111.98,1
B,2022-10-19 11:58:37.814041,0.26,-0.25,0.65,-13.06,-12.94,-8.24,64.83,9.11,-111.98,1
B,2022-10-19 11:58:37.834113,-1.45,-0.27,1.29,-16.48,-16.36,-26.25,64.73,7.98,-112.49,1
B,2022-10-19 11:58:37.854130,0.14,-0.37,0.66,19.17,9.46,-6.84,64.73,7.98,-112.49,1
B,2022-10-19 11:58:37.874345,0.16,-0.28,0.73,14.10,13.85,-0.24,64.73,7.98,-112.49,1
B,2022-10-19 11:58:37.895042,0.05,-0.27,0.62,24.35,-12.94,-11.54,64.38,7.82,-112.83,1
B,2022-10-19 11:58:37.915159,0.14,-0.35,0.72,25.39,-35.28,-18.25,64.38,7.82,-112.83,1
B,2022-10-19 11:58:37.935266,0.13,-0.40,0.76,21.00,-34.42,-21.12,62.38,9.13,-110.25,1
B,2022-10-19 11:58:37.955266,0.19,-0.48,0.83,16.60,-26.79,-19.17,62.38,9.13,-110.25,1
B,2022-10-19 11:58:37.975267,0.28,-0.59,1.00,14.22,-7.45,-4.88,62.38,9.13,-110.25,1
B,2022-10-19 11:58:38.005183,0.28,-0.60,1.05,15.81,3.97,5.31,61.15,9.48,-108.04,1
B,2022-10-19 11:58:38.015186,0.33,-0.67,1.14,9.89,5.07,4.15,61.15,9.48,-108.04,1
B,2022-10-19 11:58:38.035257,0.27,-0.62,1.03,0.61,12.15,-0.67,61.73,9.31,-108.63,1
B,2022-10-19 11:58:38.055265,0.24,-0.57,0.98,-6.90,-7.51,-14.71,61.73,9.31,-108.63,1
B,2022-10-19 11:58:38.075286,0.31,-0.60,1.03,-7.81,-0.73,0.79,61.73,9.31,-108.63,1
B,2022-10-19 11:58:38.105294,0.26,-0.55,0.99,2.14,8.67,12.70,61.94,8.94,-108.79,1
B,2022-10-19 11:58:38.115348,0.25,-0.55,0.95,8.00,-0.12,19.23,61.94,8.94,-108.79,1
B,2022-10-19 11:58:38.136371,0.21,-0.48,0.90,1.71,4.09,15.63,62.68,8.47,-110.69,1
B,2022-10-19 11:58:38.157153,0.21,-0.43,0.94,-15.08,17.82,-0.12,62.68,8.47,-110.69,1
B,2022-10-19 11:58:38.177468,0.19,-0.30,0.88,-16.85,23.19,-1.89,64.70,8.23,-111.94,1
B,2022-10-19 11:58:38.197453,0.14,-0.19,0.85,1.46,17.52,-6.10,64.70,8.23,-111.94,1
B,2022-10-19 11:58:38.217444,0.14,-0.16,0.82,15.14,15.32,-15.81,64.70,8.23,-111.94,1
B,2022-10-19 11:58:38.237390,0.11,-0.22,0.73,22.77,13.12,-20.45,68.66,7.81,-113.34,1
B,2022-10-19 11:58:38.264855,0.08,-0.29,0.63,30.40,8.00,-21.48,68.66,7.81,-113.34,1
B,2022-10-19 11:58:38.275340,0.08,-0.38,0.61,33.08,2.99,-22.03,71.28,8.17,-110.40,1
B,2022-10-19 11:58:38.295410,0.08,-0.44,0.61,34.18,-1.40,-26.98,71.28,8.17,-110.40,1
B,2022-10-19 11:58:38.315365,0.11,-0.65,0.54,30.15,-5.86,-25.94,71.28,8.17,-110.40,1
B,2022-10-19 11:58:38.345539,0.13,-0.77,0.56,26.86,-10.50,-12.94,71.48,9.38,-108.35,1
B,2022-10-19 11:58:38.365541,0.13,-0.81,0.56,5.49,-14.71,-5.19,71.48,9.38,-108.35,1
B,2022-10-19 11:58:38.385540,0.15,-0.78,0.62,-6.59,-20.32,-0.43,69.93,8.87,-108.40,1
B,2022-10-19 11:58:38.405917,0.18,-0.73,0.73,-20.26,-20.81,4.46,69.93,8.87,-108.40,1
B,2022-10-19 11:58:38.416213,0.21,-0.69,0.81,-20.26,-22.58,14.28,69.93,8.87,-108.40,1
B,2022-10-19 11:58:38.437023,0.25,-0.47,1.06,-21.91,-18.92,19.35,65.28,8.86,-109.62,1
B,2022-10-19 11:58:38.458608,0.27,-0.35,1.17,-25.88,-1.28,4.64,65.28,8.86,-109.62,1
B,2022-10-19 11:58:38.479843,0.28,-0.27,1.18,-17.03,8.36,-5.31,62.07,8.54,-110.18,1
B,2022-10-19 11:58:38.500053,0.23,-0.27,1.06,9.64,1.95,-10.31,62.07,8.54,-110.18,1
B,2022-10-19 11:58:38.520035,0.20,-0.41,0.94,38.39,-20.75,1.71,62.07,8.54,-110.18,1
B,2022-10-19 11:58:38.541624,0.16,-0.31,1.00,34.73,-9.09,-3.11,63.13,8.61,-108.65,1
B,2022-10-19 11:58:38.561622,0.15,-0.39,0.87,21.67,23.74,-28.14,63.13,8.61,-108.65,1
B,2022-10-19 11:58:38.581680,0.12,-0.41,0.77,30.03,18.74,-24.96,66.13,6.79,-109.83,1
B,2022-10-19 11:58:38.601622,0.10,-0.50,0.69,36.19,12.63,-21.55,66.13,6.79,-109.83,1
B,2022-10-19 11:58:38.621622,0.09,-0.58,0.64,31.56,1.10,-18.13,66.13,6.79,-109.83,1
B,2022-10-19 11:58:38.641708,0.10,-0.62,0.66,24.29,-2.32,-24.60,68.65,8.02,-107.74,1
B,2022-10-19 11:58:38.662006,0.12,-0.71,0.64,11.54,-0.79,-25.21,68.65,8.02,-107.74,1
B,2022-10-19 11:58:38.682007,0.12,-0.74,0.66,7.57,0.67,-17.64,69.32,8.50,-106.20,1
B,2022-10-19 11:58:38.702479,0.15,-0.80,0.69,1.83,-2.26,-3.30,69.32,8.50,-106.20,1
B,2022-10-19 11:58:38.722482,0.13,-0.81,0.69,-4.88,-6.59,2.87,69.32,8.50,-106.20,1
B,2022-10-19 11:58:38.742484,0.16,-0.77,0.77,-14.65,-12.51,3.17,67.74,8.03,-106.75,1
B,2022-10-19 11:58:38.762681,0.15,-0.73,0.77,-13.92,-20.94,9.34,67.74,8.03,-106.75,1
B,2022-10-19 11:58:38.782686,0.15,-0.72,0.77,-10.07,-31.62,19.78,65.71,8.23,-107.24,1
B,2022-10-19 11:58:38.802691,0.14,-0.44,0.94,-18.62,-21.91,17.09,65.71,8.23,-107.24,1
B,2022-10-19 11:58:38.822684,0.16,-0.46,0.96,-26.31,-1.16,-1.04,65.71,8.23,-107.24,1
B,2022-10-19 11:58:38.843231,0.15,-0.33,1.00,-16.05,0.79,0.73,63.16,7.30,-107.98,1
B,2022-10-19 11:58:38.863258,0.10,-0.40,0.96,-1.10,-10.07,8.61,63.16,7.30,-107.98,1
B,2022-10-19 11:58:38.883468,-0.22,-0.29,1.22,12.82,-2.75,28.44,63.20,7.52,-106.92,1
B,2022-10-19 11:58:38.903815,-0.05,-0.28,1.27,43.09,38.76,33.45,63.20,7.52,-106.92,1
B,2022-10-19 11:58:38.923913,0.26,-0.27,1.06,53.47,57.31,33.87,63.20,7.52,-106.92,1
B,2022-10-19 11:58:38.944126,0.32,-0.28,1.00,45.29,47.85,10.07,66.74,10.85,-106.97,1
B,2022-10-19 11:58:38.964786,0.28,-0.34,0.93,45.90,51.27,-5.68,66.74,10.85,-106.97,1
