D,2022-11-06 09:54:49.437333,0.416612,10.573334,2.906709,0.596689,-0.428870,0.072494,52.162357,67.248786,-424.696228,1
D,2022-11-06 09:54:49.517710,0.517174,7.680990,1.513213,0.494289,-0.413157,0.201393,52.162357,67.248786,-424.696228,1
D,2022-11-06 09:54:49.613792,1.058291,5.358497,1.230682,-0.678186,-0.247772,0.526037,-25.902540,-24.274295,-439.037078,1
D,2022-11-06 09:54:49.709290,0.656045,8.241263,2.633756,-0.825860,-0.216213,0.710330,-64.488395,12.406863,-497.437103,1
D,2022-11-06 09:54:49.820964,2.030386,11.550218,4.764704,-0.595360,0.005765,0.304192,-26.259815,147.623687,-471.174377,1
D,2022-11-06 09:54:49.917289,2.078273,11.851902,5.396806,1.020271,0.127073,-0.818480,-26.259815,147.623687,-471.174377,1
D,2022-11-06 09:54:49.997564,0.933786,7.321842,0.861956,0.736640,0.227609,0.662925,-19.471565,136.835098,-460.807495,1
D,2022-11-06 09:54:50.093546,1.680815,7.451135,3.270646,-0.113054,-0.080390,-1.481085,7.681443,13.126101,-512.296325,1
D,2022-11-06 09:54:50.189478,2.552349,7.235646,2.700797,-0.358468,-0.715031,-0.520601,-81.459022,5.753907,-493.463134,1
D,2022-11-06 09:54:50.285481,-1.925036,9.955598,3.275435,-0.522122,0.272750,0.119499,-138.444610,81.813369,-415.538818,1
D,2022-11-06 09:54:50.381579,0.124505,10.673895,3.893170,0.049002,0.441331,0.382890,-138.444610,81.813369,-415.538818,1
D,2022-11-06 09:54:50.477367,3.294589,9.218147,4.391190,0.023701,0.283670,0.414182,-31.261686,140.071685,-460.807495,1
D,2022-11-06 09:54:50.573377,3.390362,8.839843,4.865266,0.279502,0.373819,-0.688117,65.381584,154.276641,-479.640655,1
