k,2022-10-30 18:21:11.182608,0.41,-0.06,0.86,-13.98,24.96,23.19,7.03,5.52,-33.67,1
k,2022-10-30 18:21:11.200592,0.42,-0.00,0.82,-18.92,24.41,18.62,7.03,5.52,-33.67,1
k,2022-10-30 18:21:11.220942,0.41,0.04,0.78,-18.86,20.75,14.89,7.18,5.30,-33.76,1
k,2022-10-30 18:21:11.238160,0.40,0.05,0.74,-14.47,11.47,14.40,7.18,5.30,-33.76,1
k,2022-10-30 18:21:11.255952,0.37,0.07,0.71,-14.77,6.41,15.63,7.18,5.30,-33.76,1
k,2022-10-30 18:21:11.274952,0.38,0.07,0.66,-15.93,1.04,18.68,7.13,3.45,-33.15,1
k,2022-10-30 18:21:11.292952,0.36,0.06,0.66,-22.83,-5.13,18.07,7.13,3.45,-33.15,1
k,2022-10-30 18:21:11.311960,0.33,0.10,0.66,-36.19,-14.65,12.70,6.91,2.25,-33.28,1
k,2022-10-30 18:21:11.331153,-0.09,0.19,0.49,0.73,6.90,-2.69,6.91,2.25,-33.28,1
k,2022-10-30 18:21:11.347952,0.33,0.39,0.61,-20.63,53.04,2.50,6.91,2.25,-33.28,1
k,2022-10-30 18:21:11.367300,0.34,-0.03,1.16,-3.30,8.36,-3.85,6.57,1.94,-32.84,1
k,2022-10-30 18:21:11.384986,0.22,0.26,0.91,-0.55,-31.25,-8.48,6.57,1.94,-32.84,1
k,2022-10-30 18:21:11.402739,0.27,0.16,0.74,39.00,-43.76,4.58,6.57,1.94,-32.84,1
k,2022-10-30 18:21:11.422791,0.34,0.03,0.75,47.06,-43.15,10.56,6.07,3.16,-32.12,1
k,2022-10-30 18:21:11.439404,0.48,0.05,0.71,26.61,-38.45,6.47,6.07,3.16,-32.12,1
k,2022-10-30 18:21:11.457957,0.34,0.09,0.89,22.34,-23.68,5.68,6.07,3.16,-32.12,1
k,2022-10-30 18:21:11.476952,0.43,0.09,0.94,26.67,-16.42,13.92,5.33,4.06,-31.81,1
k,2022-10-30 18:21:11.494501,0.49,-0.04,0.99,19.41,-14.89,13.49,5.33,4.06,-31.81,1
k,2022-10-30 18:21:11.514994,0.50,0.14,1.17,-12.45,-5.37,3.91,5.10,4.91,-32.36,1
k,2022-10-30 18:21:11.532778,0.53,0.28,1.30,-19.84,-0.73,9.77,5.10,4.91,-32.36,1
k,2022-10-30 18:21:11.550487,0.53,0.27,1.20,-6.84,-4.39,18.55,5.10,4.91,-32.36,1
k,2022-10-30 18:21:11.568952,0.39,0.23,1.25,6.47,-6.71,26.06,5.22,5.46,-32.32,1
k,2022-10-30 18:21:11.586645,0.43,0.17,0.87,8.54,1.89,14.65,5.22,5.46,-32.32,1
k,2022-10-30 18:21:11.604736,0.35,0.20,1.05,8.67,41.50,-8.18,5.22,5.46,-32.32,1
k,2022-10-30 18:21:11.624976,0.46,0.11,0.98,8.00,53.71,-26.98,5.98,5.08,-30.64,1
k,2022-10-30 18:21:11.641951,0.50,0.05,0.86,-14.16,46.94,-36.62,5.98,5.08,-30.64,1
k,2022-10-30 18:21:11.660160,0.52,0.10,0.81,-30.15,39.61,-33.94,5.98,5.08,-30.64,1
k,2022-10-30 18:21:11.679045,0.48,0.08,0.82,-24.78,26.73,-25.21,7.63,5.35,-32.89,1
k,2022-10-30 18:21:11.696951,0.46,0.04,0.75,-12.57,9.34,-15.99,7.63,5.35,-32.89,1
k,2022-10-30 18:21:11.717259,0.40,-0.03,0.69,-6.47,-6.29,-5.86,8.12,4.60,-31.95,1
k,2022-10-30 18:21:11.734159,0.27,-0.07,0.71,-6.41,-11.35,0.12,8.12,4.60,-31.95,1
k,2022-10-30 18:21:11.752077,0.23,-0.13,0.72,-4.88,-15.63,11.47,8.12,4.60,-31.95,1
k,2022-10-30 18:21:11.770951,0.24,-0.35,0.81,36.99,-2.62,-0.37,9.05,3.94,-32.17,1
k,2022-10-30 18:21:11.788951,0.02,0.37,0.88,-40.65,14.77,-15.99,9.05,3.94,-32.17,1
k,2022-10-30 18:21:11.808004,0.31,-0.03,0.98,46.45,-4.39,55.30,9.05,3.94,-32.17,1
k,2022-10-30 18:21:11.826008,0.40,-0.13,0.88,14.59,-11.11,37.90,7.79,4.15,-33.57,1
k,2022-10-30 18:21:11.843952,0.45,0.18,0.83,-13.12,-10.25,26.18,7.79,4.15,-33.57,1
k,2022-10-30 18:21:11.861975,0.46,0.14,0.82,-5.49,-6.23,22.46,7.79,4.15,-33.57,1
k,2022-10-30 18:21:11.881221,0.51,0.20,0.78,-19.53,0.43,-1.28,6.54,3.61,-32.26,1
k,2022-10-30 18:21:11.900479,0.47,0.49,0.80,-21.36,15.38,-12.45,6.54,3.61,-32.26,1
k,2022-10-30 18:21:11.917415,0.35,0.42,0.95,10.80,21.18,5.62,6.90,3.69,-30.88,1
k,2022-10-30 18:21:11.935309,0.43,0.28,1.00,58.04,3.23,14.10,6.90,3.69,-30.88,1
k,2022-10-30 18:21:11.953957,0.36,-0.00,1.01,80.14,-11.90,11.47,6.90,3.69,-30.88,1
k,2022-10-30 18:21:11.973143,0.45,-0.13,0.81,24.66,-34.12,-22.77,6.59,4.65,-32.47,1
k,2022-10-30 18:21:11.992196,0.35,0.28,0.77,-2.14,-29.30,-40.53,6.59,4.65,-32.47,1
k,2022-10-30 18:21:12.008952,0.34,0.08,0.72,15.01,-22.95,-28.75,6.59,4.65,-32.47,1
k,2022-10-30 18:21:12.027952,0.33,0.07,0.78,17.82,-15.14,-26.06,7.42,5.25,-31.47,1
k,2022-10-30 18:21:12.046117,0.32,0.05,0.89,26.73,-7.93,-17.27,7.42,5.25,-31.47,1
k,2022-10-30 18:21:12.063976,0.35,-0.21,0.90,18.43,-12.21,-13.31,7.42,5.25,-31.47,1
k,2022-10-30 18:21:12.083377,0.38,-0.18,0.99,0.12,-3.54,-8.48,7.56,6.21,-30.44,1
k,2022-10-30 18:21:12.101971,0.40,-0.13,1.05,-46.26,-10.44,-13.00,7.56,6.21,-30.44,1
k,2022-10-30 18:21:12.119952,0.33,0.02,1.11,-58.90,-10.56,-7.69,8.00,5.21,-30.92,1
k,2022-10-30 18:21:12.137952,0.10,0.18,1.02,-45.41,-9.77,7.81,8.00,5.21,-30.92,1
k,2022-10-30 18:21:12.155844,0.07,0.03,1.09,8.36,20.39,16.85,8.00,5.21,-30.92,1
k,2022-10-30 18:21:12.174665,0.22,-0.10,1.11,5.31,32.78,6.35,7.50,6.13,-31.74,1
k,2022-10-30 18:21:12.194191,0.31,-0.07,1.03,-14.04,34.06,-3.23,7.50,6.13,-31.74,1
k,2022-10-30 18:21:12.211257,0.32,-0.02,0.99,-17.15,29.54,2.08,7.50,6.13,-31.74,1
k,2022-10-30 18:21:12.229676,0.31,-0.03,0.95,-6.10,21.61,10.56,7.30,6.46,-32.68,1
k,2022-10-30 18:21:12.247963,0.29,-0.09,0.88,6.35,10.56,18.86,7.30,6.46,-32.68,1
k,2022-10-30 18:21:12.265795,0.24,-0.14,0.84,14.53,4.15,24.84,7.30,6.46,-32.68,1
k,2022-10-30 18:21:12.285840,0.24,-0.18,0.81,21.85,1.53,33.51,5.91,6.54,-33.29,1
k,2022-10-30 18:21:12.302975,0.27,-0.19,0.79,19.17,3.30,40.59,5.91,6.54,-33.29,1
k,2022-10-30 18:21:12.321960,0.30,-0.15,0.81,9.89,5.43,44.31,4.72,7.41,-33.29,1
k,2022-10-30 18:21:12.339533,0.33,-0.08,0.82,7.02,6.04,46.08,4.72,7.41,-33.29,1
k,2022-10-30 18:21:12.358205,0.37,-0.06,0.83,12.88,3.54,49.07,4.72,7.41,-33.29,1
k,2022-10-30 18:21:12.377897,0.39,-0.08,0.87,26.92,-7.87,55.91,3.09,8.50,-33.64,1
k,2022-10-30 18:21:12.395956,0.36,-0.09,0.83,21.24,-9.34,57.80,3.09,8.50,-33.64,1
k,2022-10-30 18:21:12.414504,0.36,-0.04,0.83,17.70,-7.39,57.86,3.09,8.50,-33.64,1
k,2022-10-30 18:21:12.432952,0.40,-0.01,0.82,17.27,-4.33,57.74,1.64,9.27,-34.81,1
k,2022-10-30 18:21:12.451142,0.44,0.01,0.79,21.18,-6.16,57.92,1.64,9.27,-34.81,1
