S,2022-11-09 17:16:47.988387,-0.00,-1.03,0.10,3.54,28.26,-1.22,-45.53,30.49,-6.95,1
S,2022-11-09 17:16:48.006788,0.08,-1.02,0.11,-6.04,28.50,5.74,-45.85,30.09,-9.51,1
S,2022-11-09 17:16:48.024813,0.07,-1.00,0.19,-13.24,21.85,5.92,-45.85,30.09,-9.51,1
S,2022-11-09 17:16:48.043960,0.08,-0.93,0.30,-23.68,18.31,5.86,-45.85,30.09,-9.51,1
S,2022-11-09 17:16:48.065395,0.13,-0.93,0.34,-18.55,22.22,8.36,-46.75,30.62,-10.91,1
S,2022-11-09 17:16:48.083160,0.17,-0.97,0.33,-14.40,18.37,7.39,-46.75,30.62,-10.91,1
S,2022-11-09 17:16:48.103404,0.09,-0.97,0.34,-22.89,7.45,7.45,-48.56,30.87,-12.07,1
S,2022-11-09 17:16:48.123345,-0.07,-1.01,0.30,-26.06,4.82,13.67,-48.56,30.87,-12.07,1
S,2022-11-09 17:16:48.143333,0.03,-1.03,0.22,-30.94,9.16,18.80,-48.56,30.87,-12.07,1
S,2022-11-09 17:16:48.161590,-0.33,-1.13,0.20,-15.81,4.09,5.74,-49.34,30.81,-12.94,1
S,2022-11-09 17:16:48.179833,0.03,-0.71,0.47,34.18,24.54,-9.28,-49.34,30.81,-12.94,1
S,2022-11-09 17:16:48.198973,0.03,-0.85,0.35,10.07,14.28,6.77,-49.34,30.81,-12.94,1
S,2022-11-09 17:16:48.220412,0.03,-0.86,0.33,-13.67,1.22,21.79,-49.12,30.59,-13.55,1
S,2022-11-09 17:16:48.239730,-0.03,-0.82,0.50,-43.58,-16.91,14.71,-49.12,30.59,-13.55,1
S,2022-11-09 17:16:48.258644,0.05,-0.74,0.54,-18.55,-41.14,-0.12,-49.01,31.47,-12.30,1
S,2022-11-09 17:16:48.278098,0.01,-0.75,0.54,5.25,-55.18,-21.48,-49.01,31.47,-12.30,1
S,2022-11-09 17:16:48.298104,0.03,-0.69,0.57,18.55,-47.12,-31.25,-49.01,31.47,-12.30,1
S,2022-11-09 17:16:48.316795,0.05,-0.74,0.61,27.28,-28.87,-31.13,-48.32,29.70,-9.06,1
S,2022-11-09 17:16:48.336926,-0.01,-0.79,0.58,43.52,-7.93,-36.19,-48.32,29.70,-9.06,1
S,2022-11-09 17:16:48.360108,-0.02,-0.95,0.41,47.73,0.98,-42.18,-47.40,26.86,-6.87,1
S,2022-11-09 17:16:48.376412,-0.04,-0.98,0.39,43.03,5.43,-49.62,-47.40,26.86,-6.87,1
S,2022-11-09 17:16:48.395239,-0.06,-1.02,0.30,52.25,0.92,-52.31,-47.40,26.86,-6.87,1
S,2022-11-09 17:16:48.415079,-0.09,-1.10,0.13,53.16,-7.63,-49.93,-47.69,23.36,-6.81,1
S,2022-11-09 17:16:48.434439,-0.15,-1.12,0.03,44.01,-14.34,-43.70,-47.69,23.36,-6.81,1
S,2022-11-09 17:16:48.454679,-0.17,-1.13,-0.01,14.34,-17.52,-25.02,-47.69,23.36,-6.81,1
S,2022-11-09 17:16:48.474107,-0.15,-1.13,0.14,-2.08,-15.99,-7.57,-46.97,21.09,-4.48,1
S,2022-11-09 17:16:48.493042,-0.15,-1.13,0.21,-1.65,-28.99,3.66,-46.97,21.09,-4.48,1
S,2022-11-09 17:16:48.512424,-0.12,-1.14,0.20,-21.97,-35.10,18.01,-46.74,20.58,-2.31,1
S,2022-11-09 17:16:48.533233,-0.12,-1.02,0.48,-22.40,-18.80,20.08,-46.74,20.58,-2.31,1
S,2022-11-09 17:16:48.550251,-0.11,-1.00,0.50,-9.83,-9.16,23.56,-46.74,20.58,-2.31,1
S,2022-11-09 17:16:48.570395,-0.10,-0.97,0.54,-2.99,-2.69,23.50,-45.65,21.50,-1.84,1
S,2022-11-09 17:16:48.589814,-0.12,-0.96,0.45,-22.16,-2.62,35.28,-45.65,21.50,-1.84,1
S,2022-11-09 17:16:48.610057,-0.28,-0.96,0.49,-35.95,7.93,43.40,-45.62,24.35,-1.83,1
S,2022-11-09 17:16:48.628158,-0.26,-0.96,0.55,-12.02,25.76,34.67,-45.62,24.35,-1.83,1
S,2022-11-09 17:16:48.646750,-0.08,-0.94,0.54,10.13,24.96,24.84,-45.62,24.35,-1.83,1
S,2022-11-09 17:16:48.667569,-0.07,-0.88,0.50,19.41,17.40,11.72,-45.83,25.96,-3.10,1
S,2022-11-09 17:16:48.687380,-0.06,-0.86,0.48,24.48,17.09,4.58,-45.83,25.96,-3.10,1
S,2022-11-09 17:16:48.705709,0.00,-0.87,0.45,32.35,24.84,1.10,-45.83,25.96,-3.10,1
