G,2022-10-20 18:54:51.651623,0.31,-0.15,0.77,14.22,12.02,-13.49,-0.61,-75.51,-158.52,1
G,2022-10-20 18:54:51.670530,0.25,-0.18,0.84,8.91,5.98,-12.02,7.15,-75.89,-157.01,1
G,2022-10-20 18:54:51.688569,0.23,-0.20,0.89,3.97,6.35,-11.47,7.15,-75.89,-157.01,1
G,2022-10-20 18:54:51.706800,0.20,-0.20,0.96,-2.01,6.04,-11.11,7.15,-75.89,-157.01,1
G,2022-10-20 18:54:51.725466,0.17,-0.18,1.00,-5.31,7.75,-6.04,12.08,-79.42,-154.27,1
G,2022-10-20 18:54:51.743697,0.18,-0.13,1.00,-0.37,11.05,-1.95,12.08,-79.42,-154.27,1
G,2022-10-20 18:54:51.762571,0.17,-0.12,0.99,3.36,11.66,-0.18,14.73,-80.90,-155.10,1
G,2022-10-20 18:54:51.780624,0.20,-0.16,0.95,3.60,13.92,-1.22,14.73,-80.90,-155.10,1
G,2022-10-20 18:54:51.798722,0.23,-0.13,0.92,-2.50,11.41,-1.77,14.73,-80.90,-155.10,1
G,2022-10-20 18:54:51.817621,0.22,-0.02,0.92,-8.42,11.05,-5.43,17.48,-81.37,-156.57,1
G,2022-10-20 18:54:51.835549,0.26,0.03,0.89,-7.57,12.39,-10.74,17.48,-81.37,-156.57,1
G,2022-10-20 18:54:51.853616,0.30,0.05,0.89,-7.69,12.21,-19.04,17.48,-81.37,-156.57,1
G,2022-10-20 18:54:51.872488,0.36,-0.03,0.79,-10.56,10.86,-28.75,21.18,-84.24,-156.20,1
G,2022-10-20 18:54:51.890668,0.31,-0.25,0.85,-16.48,-0.79,-29.60,21.18,-84.24,-156.20,1
G,2022-10-20 18:54:51.909675,0.33,-0.38,0.81,-8.42,-3.60,-8.36,24.58,-89.28,-154.37,1
G,2022-10-20 18:54:51.927493,0.07,-0.14,1.33,20.14,19.96,2.08,24.58,-89.28,-154.37,1
G,2022-10-20 18:54:51.945490,0.17,-0.35,0.83,13.79,38.51,4.09,24.58,-89.28,-154.37,1
G,2022-10-20 18:54:51.964642,0.20,-0.40,0.92,-33.51,20.87,5.49,25.54,-89.03,-158.50,1
G,2022-10-20 18:54:51.982615,0.19,-0.33,0.78,-15.14,8.67,36.25,25.54,-89.03,-158.50,1
G,2022-10-20 18:54:52.000578,0.16,-0.11,0.73,-11.17,-4.03,51.82,25.54,-89.03,-158.50,1
G,2022-10-20 18:54:52.019648,0.15,0.04,0.73,-13.24,-12.45,48.89,16.31,-88.83,-164.69,1
G,2022-10-20 18:54:52.037634,0.13,0.08,0.70,-12.57,-17.40,35.77,16.31,-88.83,-164.69,1
G,2022-10-20 18:54:52.055502,0.14,0.23,0.72,3.30,-27.83,36.01,16.31,-88.83,-164.69,1
G,2022-10-20 18:54:52.074469,0.17,0.34,0.76,11.35,-31.68,25.88,2.82,-87.67,-167.03,1
G,2022-10-20 18:54:52.092445,0.14,0.38,0.81,14.59,-34.36,11.17,2.82,-87.67,-167.03,1
G,2022-10-20 18:54:52.111356,0.20,0.37,0.88,19.41,-38.45,0.61,-6.38,-88.18,-164.97,1
G,2022-10-20 18:54:52.129491,0.24,0.34,0.99,48.10,-36.19,-5.43,-6.38,-88.18,-164.97,1
G,2022-10-20 18:54:52.147522,0.21,0.25,1.05,60.55,-31.74,-14.77,-6.38,-88.18,-164.97,1
G,2022-10-20 18:54:52.166549,0.28,0.13,1.13,60.49,-27.40,-24.72,-2.83,-88.98,-161.00,1
G,2022-10-20 18:54:52.184489,0.26,-0.02,1.19,58.41,-19.71,-29.72,-2.83,-88.98,-161.00,1
G,2022-10-20 18:54:52.202789,0.29,-0.17,1.21,42.66,-8.24,-36.93,-2.83,-88.98,-161.00,1
G,2022-10-20 18:54:52.221539,0.29,-0.45,1.21,28.93,-0.61,-31.25,8.98,-89.60,-153.81,1
G,2022-10-20 18:54:52.239630,0.23,-0.56,1.15,9.58,5.98,-22.40,8.98,-89.60,-153.81,1
G,2022-10-20 18:54:52.258580,0.24,-0.56,1.09,2.08,0.55,-6.90,17.02,-87.84,-150.95,1
G,2022-10-20 18:54:52.276705,0.27,-0.39,1.17,-44.31,17.15,-15.20,17.02,-87.84,-150.95,1
G,2022-10-20 18:54:52.294691,0.21,-0.42,1.02,-61.28,22.64,-8.42,17.02,-87.84,-150.95,1
G,2022-10-20 18:54:52.313660,0.16,-0.38,0.93,-53.16,24.41,6.16,17.53,-90.78,-148.75,1
G,2022-10-20 18:54:52.331633,0.15,-0.25,0.88,-47.00,20.51,18.86,17.53,-90.78,-148.75,1
G,2022-10-20 18:54:52.349601,0.16,-0.10,0.84,-48.52,13.85,20.81,17.53,-90.78,-148.75,1
G,2022-10-20 18:54:52.368331,0.14,0.12,0.81,-53.65,5.68,7.39,12.32,-92.82,-151.29,1
G,2022-10-20 18:54:52.386469,0.14,0.39,0.79,-47.24,-0.73,-4.33,12.32,-92.82,-151.29,1
G,2022-10-20 18:54:52.404679,0.16,0.38,0.85,-10.99,-7.14,-2.01,12.32,-92.82,-151.29,1
G,2022-10-20 18:54:52.423324,0.26,0.53,0.97,59.88,-1.89,14.95,10.82,-93.62,-149.62,1
G,2022-10-20 18:54:52.441351,0.16,0.44,0.84,6.53,12.76,-41.75,10.82,-93.62,-149.62,1
G,2022-10-20 18:54:52.460248,0.18,0.01,0.90,32.41,2.20,-40.04,20.30,-91.20,-147.92,1
G,2022-10-20 18:54:52.478592,0.18,-0.19,0.91,42.79,0.98,-30.52,20.30,-91.20,-147.92,1
G,2022-10-20 18:54:52.496645,0.17,-0.36,0.90,42.72,-1.59,-21.18,20.30,-91.20,-147.92,1
G,2022-10-20 18:54:52.515618,0.17,-0.51,0.92,30.64,-4.88,-14.83,28.92,-87.72,-144.79,1
G,2022-10-20 18:54:52.533605,0.19,-0.48,0.93,12.63,-3.91,-1.65,28.92,-87.72,-144.79,1
G,2022-10-20 18:54:52.551822,0.18,-0.34,0.88,-19.65,-0.92,-5.37,28.92,-87.72,-144.79,1
G,2022-10-20 18:54:52.570698,0.12,-0.21,0.80,-45.17,-0.85,-12.63,30.29,-88.85,-141.04,1
G,2022-10-20 18:54:52.588726,0.12,-0.11,0.80,-31.98,-10.31,-7.51,30.29,-88.85,-141.04,1
G,2022-10-20 18:54:52.607638,0.10,-0.04,0.76,-6.47,-22.58,1.95,27.58,-91.33,-139.37,1
G,2022-10-20 18:54:52.625552,0.10,0.06,0.74,15.32,-34.61,7.32,27.58,-91.33,-139.37,1
G,2022-10-20 18:54:52.643367,0.14,0.12,0.85,26.49,-41.08,3.48,27.58,-91.33,-139.37,1
G,2022-10-20 18:54:52.662549,0.15,0.03,0.96,31.25,-36.38,-2.38,25.38,-92.18,-138.01,1
G,2022-10-20 18:54:52.680566,0.19,-0.07,1.10,28.32,-24.72,4.52,25.38,-92.18,-138.01,1
G,2022-10-20 18:54:52.698649,0.22,-0.13,1.21,19.17,-21.36,9.40,25.38,-92.18,-138.01,1
G,2022-10-20 18:54:52.717659,0.22,-0.11,1.28,6.04,-21.55,13.61,26.33,-92.65,-137.08,1
G,2022-10-20 18:54:52.735769,0.16,-0.08,1.31,-6.90,-26.00,14.34,26.33,-92.65,-137.08,1
G,2022-10-20 18:54:52.753632,-0.25,0.07,1.73,-7.87,-10.86,11.11,26.33,-92.65,-137.08,1
G,2022-10-20 18:54:52.772533,0.01,0.07,1.36,35.83,45.23,-0.55,25.65,-89.92,-136.85,1
G,2022-10-20 18:54:52.790630,0.29,-0.12,1.08,14.22,49.01,-14.10,25.65,-89.92,-136.85,1
G,2022-10-20 18:54:52.809585,0.33,-0.04,0.99,4.82,43.09,-11.29,30.71,-80.60,-137.89,1
G,2022-10-20 18:54:52.827557,0.35,0.02,0.92,-0.12,36.93,-13.24,30.71,-80.60,-137.89,1
