h,2022-10-31 13:30:06.061326,0.33,0.30,0.82,0.85,3.97,5.25,19.93,11.00,-13.40,1
h,2022-10-31 13:30:06.082487,0.32,0.28,0.76,-6.16,7.45,9.22,19.93,11.00,-13.40,1
h,2022-10-31 13:30:06.103675,0.33,0.27,0.75,-47.12,18.01,13.92,20.28,11.43,-11.80,1
h,2022-10-31 13:30:06.119240,0.17,0.43,0.76,-40.65,27.16,14.83,20.28,11.43,-11.80,1
h,2022-10-31 13:30:06.135999,0.29,0.48,0.73,11.96,41.20,17.15,20.28,11.43,-11.80,1
h,2022-10-31 13:30:06.157290,0.26,0.25,0.92,47.91,53.22,18.01,22.22,12.38,-11.82,1
h,2022-10-31 13:30:06.167813,0.46,0.23,0.94,43.52,53.04,1.40,22.22,12.38,-11.82,1
h,2022-10-31 13:30:06.189001,0.62,0.24,0.92,0.06,42.05,-19.90,22.22,12.38,-11.82,1
h,2022-10-31 13:30:06.210508,0.54,0.40,0.92,-20.14,32.96,-29.11,23.99,13.16,-11.63,1
h,2022-10-31 13:30:06.231981,0.55,0.45,0.88,-11.72,25.82,-29.24,23.99,13.16,-11.63,1
h,2022-10-31 13:30:06.242547,0.57,0.40,0.85,2.56,18.49,-22.95,23.99,13.16,-11.63,1
h,2022-10-31 13:30:06.263749,0.56,0.29,0.81,5.07,10.93,-17.09,24.60,13.84,-11.72,1
h,2022-10-31 13:30:06.285072,0.53,0.24,0.80,1.34,7.14,-17.03,24.60,13.84,-11.72,1
h,2022-10-31 13:30:06.306754,0.51,0.23,0.82,-7.02,7.75,-15.44,25.42,14.58,-11.06,1
h,2022-10-31 13:30:06.322897,0.43,0.26,0.85,-9.89,8.61,-14.53,25.42,14.58,-11.06,1
h,2022-10-31 13:30:06.338701,0.36,0.25,0.88,0.37,10.93,-10.99,25.42,14.58,-11.06,1
h,2022-10-31 13:30:06.359924,0.41,0.15,0.91,11.41,13.24,-7.08,25.38,14.94,-10.30,1
h,2022-10-31 13:30:06.370447,0.44,0.11,0.88,-9.52,14.28,-8.79,25.38,14.94,-10.30,1
h,2022-10-31 13:30:06.391725,0.47,0.25,0.80,-16.91,16.11,-12.94,25.38,14.94,-10.30,1
h,2022-10-31 13:30:06.413289,0.48,0.29,0.77,-15.01,18.13,-11.78,24.95,15.38,-10.49,1
h,2022-10-31 13:30:06.434602,0.48,0.29,0.78,-5.31,17.03,-9.70,24.95,15.38,-10.49,1
h,2022-10-31 13:30:06.449211,0.47,0.25,0.76,5.92,13.37,-10.25,24.95,15.38,-10.49,1
h,2022-10-31 13:30:06.466618,0.47,0.21,0.76,7.93,8.91,-8.48,24.98,16.63,-11.19,1
h,2022-10-31 13:30:06.488111,0.50,0.15,0.76,11.84,4.46,8.54,24.98,16.63,-11.19,1
h,2022-10-31 13:30:06.498195,0.48,0.06,0.82,3.91,0.92,19.23,24.94,15.58,-10.47,1
h,2022-10-31 13:30:06.519529,0.43,0.10,0.79,-10.07,-6.23,20.02,24.94,15.58,-10.47,1
h,2022-10-31 13:30:06.541187,0.44,0.12,0.77,-13.49,-8.30,13.37,24.94,15.58,-10.47,1
h,2022-10-31 13:30:06.562469,0.44,0.23,0.73,-23.62,-9.34,4.46,25.11,15.43,-10.83,1
h,2022-10-31 13:30:06.573200,0.47,0.31,0.70,-14.22,-5.74,1.04,25.11,15.43,-10.83,1
h,2022-10-31 13:30:06.594487,0.43,0.31,0.74,-11.54,-3.42,3.30,25.11,15.43,-10.83,1
h,2022-10-31 13:30:06.615722,0.47,0.37,0.79,8.12,2.99,2.99,25.24,14.95,-10.56,1
h,2022-10-31 13:30:06.633732,0.49,0.26,0.81,7.69,3.60,9.03,25.24,14.95,-10.56,1
h,2022-10-31 13:30:06.647642,0.48,0.27,0.81,4.03,1.77,8.30,25.24,14.95,-10.56,1
h,2022-10-31 13:30:06.669243,0.48,0.31,0.82,15.75,-1.16,8.36,25.09,15.12,-11.16,1
h,2022-10-31 13:30:06.690432,0.47,0.31,0.85,11.90,-3.23,11.84,25.09,15.12,-11.16,1
h,2022-10-31 13:30:06.701218,0.38,0.29,1.14,-3.85,-21.30,19.90,25.34,15.41,-12.29,1
h,2022-10-31 13:30:06.722491,0.39,0.26,0.71,8.24,-41.44,18.25,25.34,15.41,-12.29,1
h,2022-10-31 13:30:06.743637,0.39,0.22,0.65,13.18,-43.88,15.93,25.34,15.41,-12.29,1
h,2022-10-31 13:30:06.765164,0.40,0.21,0.66,4.76,-33.20,11.90,24.88,15.39,-13.60,1
h,2022-10-31 13:30:06.775676,0.39,0.20,0.72,2.20,-27.40,9.95,24.88,15.39,-13.60,1
h,2022-10-31 13:30:06.797075,0.37,0.18,0.76,1.83,-25.33,7.39,24.88,15.39,-13.60,1
h,2022-10-31 13:30:06.818647,0.34,0.22,0.82,-0.79,-26.92,4.52,25.21,15.41,-15.54,1
h,2022-10-31 13:30:06.839019,0.42,0.22,0.79,3.36,-31.13,2.87,25.21,15.41,-15.54,1
h,2022-10-31 13:30:06.850263,0.40,0.25,0.86,4.76,-29.79,1.22,25.21,15.41,-15.54,1
h,2022-10-31 13:30:06.871771,0.37,0.28,0.86,2.62,-28.75,2.14,26.53,16.26,-15.11,1
h,2022-10-31 13:30:06.893136,0.38,0.28,0.87,7.02,-30.27,5.13,26.53,16.26,-15.11,1
h,2022-10-31 13:30:06.903692,0.40,0.29,0.86,5.86,-28.75,6.16,26.62,16.66,-15.81,1
h,2022-10-31 13:30:06.925127,0.37,0.32,0.92,5.19,-26.12,7.63,26.62,16.66,-15.81,1
h,2022-10-31 13:30:06.946524,0.38,0.31,0.92,2.87,-21.18,8.30,26.62,16.66,-15.81,1
h,2022-10-31 13:30:06.967799,0.39,0.33,0.92,-2.08,-13.49,7.93,27.64,17.21,-17.11,1
h,2022-10-31 13:30:06.978226,0.38,0.35,0.92,-3.85,-5.86,7.57,27.64,17.21,-17.11,1
h,2022-10-31 13:30:06.999540,0.40,0.36,0.91,-4.46,-0.37,8.54,27.64,17.21,-17.11,1
h,2022-10-31 13:30:07.021075,0.35,0.36,1.00,0.06,3.91,10.68,27.86,17.14,-17.35,1
h,2022-10-31 13:30:07.034207,0.34,0.29,1.01,12.70,-7.57,13.61,27.86,17.14,-17.35,1
h,2022-10-31 13:30:07.053217,0.32,0.25,0.92,14.40,-13.79,12.45,27.86,17.14,-17.35,1
h,2022-10-31 13:30:07.074517,0.31,0.28,0.87,18.07,-15.99,10.31,27.45,16.82,-17.77,1
h,2022-10-31 13:30:07.085164,0.33,0.31,0.79,26.49,-13.98,10.62,27.45,16.82,-17.77,1
h,2022-10-31 13:30:07.111260,0.26,0.59,0.71,17.58,61.71,0.37,27.49,16.97,-16.75,1
h,2022-10-31 13:30:07.132898,0.37,0.31,0.88,30.46,82.28,12.51,27.49,16.97,-16.75,1
h,2022-10-31 13:30:07.149175,0.37,0.08,1.07,29.48,68.24,11.84,27.49,16.97,-16.75,1
h,2022-10-31 13:30:07.170329,0.43,0.05,0.97,19.35,49.62,0.24,28.91,17.48,-15.86,1
h,2022-10-31 13:30:07.181061,0.46,0.16,0.96,2.69,39.06,-13.24,28.91,17.48,-15.86,1
h,2022-10-31 13:30:07.202213,0.46,0.25,0.85,-3.60,29.54,-16.78,28.91,17.48,-15.86,1
h,2022-10-31 13:30:07.224013,0.47,0.20,0.80,-2.50,30.27,-20.94,28.20,17.41,-15.06,1
h,2022-10-31 13:30:07.234507,0.35,0.32,0.82,-16.17,20.69,-25.94,28.20,17.41,-15.06,1
h,2022-10-31 13:30:07.255958,0.35,0.29,0.92,-19.47,8.61,-20.14,28.20,17.41,-15.06,1
h,2022-10-31 13:30:07.277377,0.36,0.27,0.83,-1.10,-6.04,-10.86,28.00,18.08,-13.48,1
h,2022-10-31 13:30:07.287936,0.36,0.20,0.77,21.24,-10.99,-4.94,28.00,18.08,-13.48,1
h,2022-10-31 13:30:07.309029,0.40,0.14,0.76,24.29,-9.89,-6.10,27.77,19.09,-15.84,1
h,2022-10-31 13:30:07.334824,0.35,0.10,0.81,8.61,-8.12,-14.47,27.77,19.09,-15.84,1
h,2022-10-31 13:30:07.352520,0.37,0.18,0.78,0.31,-10.13,-9.34,27.77,19.09,-15.84,1
h,2022-10-31 13:30:07.362187,0.38,0.13,0.83,5.68,-8.73,-1.40,28.08,19.51,-15.34,1
h,2022-10-31 13:30:07.383699,0.38,0.02,0.92,4.58,-15.75,-9.77,28.08,19.51,-15.34,1
h,2022-10-31 13:30:07.405077,0.38,0.29,0.80,-12.08,-26.92,-22.22,28.08,19.51,-15.34,1
h,2022-10-31 13:30:07.426871,0.38,0.31,0.76,13.61,-22.34,-4.82,27.50,20.35,-16.83,1
h,2022-10-31 13:30:07.437131,0.33,0.11,0.84,25.88,-18.19,3.48,27.50,20.35,-16.83,1
h,2022-10-31 13:30:07.458482,0.37,0.05,0.87,20.63,-22.40,1.40,27.50,20.35,-16.83,1
h,2022-10-31 13:30:07.479902,0.35,0.05,0.90,7.75,-25.21,-0.18,28.69,21.22,-16.65,1
h,2022-10-31 13:30:07.490553,0.34,0.14,0.84,-0.55,-29.79,0.49,28.69,21.22,-16.65,1
h,2022-10-31 13:30:07.511612,0.37,0.16,0.84,8.85,-30.03,7.32,29.08,22.24,-18.13,1
h,2022-10-31 13:30:07.534551,0.36,0.19,0.83,13.37,-25.82,11.78,29.08,22.24,-18.13,1
h,2022-10-31 13:30:07.554212,0.41,0.16,0.86,17.21,-21.18,15.08,29.08,22.24,-18.13,1
h,2022-10-31 13:30:07.565073,0.37,0.12,0.90,15.75,-14.59,13.79,29.08,21.69,-19.18,1
h,2022-10-31 13:30:07.586347,0.39,0.11,0.89,4.58,-6.29,7.26,29.08,21.69,-19.18,1
h,2022-10-31 13:30:07.607804,0.39,0.20,0.98,2.69,-3.78,6.71,29.08,21.69,-19.18,1
h,2022-10-31 13:30:07.629219,0.38,0.20,0.98,1.89,-2.14,7.69,29.43,22.38,-19.80,1
h,2022-10-31 13:30:07.639845,0.37,0.20,0.96,2.44,-0.67,9.03,29.43,22.38,-19.80,1
h,2022-10-31 13:30:07.661333,0.35,0.18,0.98,5.55,0.98,10.68,29.43,22.38,-19.80,1
h,2022-10-31 13:30:07.682399,0.33,0.13,0.96,8.18,-1.77,11.11,29.87,22.68,-19.84,1
h,2022-10-31 13:30:07.692954,0.31,0.11,0.87,10.13,-4.58,8.24,29.87,22.68,-19.84,1
h,2022-10-31 13:30:07.714387,0.31,0.10,0.83,8.61,-1.77,5.62,29.39,22.89,-20.91,1
h,2022-10-31 13:30:07.735580,0.31,0.13,0.82,4.33,2.87,3.11,29.39,22.89,-20.91,1
h,2022-10-31 13:30:07.757302,0.31,0.13,0.86,2.56,7.87,2.14,29.39,22.89,-20.91,1
h,2022-10-31 13:30:07.767639,0.32,0.15,0.89,-1.59,10.56,2.38,29.59,22.00,-19.92,1
h,2022-10-31 13:30:07.789052,0.33,0.17,0.92,0.31,10.44,3.48,29.59,22.00,-19.92,1
h,2022-10-31 13:30:07.810265,0.33,0.12,0.92,2.32,9.58,4.21,29.59,22.00,-19.92,1
h,2022-10-31 13:30:07.831966,0.33,0.11,0.92,1.77,7.69,2.32,30.21,22.35,-18.88,1
h,2022-10-31 13:30:07.842597,0.33,0.15,0.90,1.28,6.41,0.37,30.21,22.35,-18.88,1
h,2022-10-31 13:30:07.863840,0.33,0.11,0.92,2.01,4.88,-0.98,30.21,22.35,-18.88,1
h,2022-10-31 13:30:07.884889,0.33,0.14,0.90,-0.55,3.17,-2.50,31.04,22.51,-18.77,1
h,2022-10-31 13:30:07.895679,0.33,0.15,0.90,-0.73,2.93,-2.26,31.04,22.51,-18.77,1
h,2022-10-31 13:30:07.917107,0.33,0.16,0.88,-1.65,2.99,-2.08,30.27,22.42,-19.09,1
h,2022-10-31 13:30:07.938472,0.34,0.17,0.88,0.06,3.78,-1.77,30.27,22.42,-19.09,1
h,2022-10-31 13:30:07.959715,0.34,0.16,0.89,3.97,5.07,-0.37,30.27,22.42,-19.09,1
h,2022-10-31 13:30:07.970445,0.34,0.14,0.88,4.33,5.68,-0.43,30.48,22.53,-17.86,1
h,2022-10-31 13:30:07.991632,0.34,0.13,0.88,2.20,6.59,-0.73,30.48,22.53,-17.86,1
h,2022-10-31 13:30:08.013265,0.34,0.13,0.89,-2.44,6.77,-1.10,30.48,22.53,-17.86,1
h,2022-10-31 13:30:08.034493,0.35,0.16,0.89,-4.46,6.71,-1.46,30.71,22.84,-18.26,1
h,2022-10-31 13:30:08.045263,0.35,0.17,0.89,1.34,7.02,0.31,30.71,22.84,-18.26,1
h,2022-10-31 13:30:08.066743,0.35,0.14,0.89,1.40,6.23,0.92,31.15,23.47,-16.61,1
h,2022-10-31 13:30:08.087836,0.35,0.12,0.90,1.28,5.92,0.31,31.15,23.47,-16.61,1
h,2022-10-31 13:30:08.098413,0.35,0.12,0.89,-2.44,5.55,-0.61,31.15,23.47,-16.61,1
h,2022-10-31 13:30:08.120160,0.36,0.14,0.88,-7.81,5.68,-1.53,30.80,23.02,-17.54,1
h,2022-10-31 13:30:08.141197,0.36,0.17,0.87,-8.85,6.65,-0.85,30.80,23.02,-17.54,1
h,2022-10-31 13:30:08.162503,0.36,0.19,0.87,-5.31,7.51,0.98,30.80,23.02,-17.54,1
h,2022-10-31 13:30:08.173035,0.36,0.18,0.88,-0.79,7.93,2.69,31.19,23.63,-17.74,1
h,2022-10-31 13:30:08.194787,0.36,0.14,0.89,3.97,8.00,3.66,31.19,23.63,-17.74,1
h,2022-10-31 13:30:08.215882,0.37,0.13,0.89,3.30,7.26,2.69,31.19,23.63,-17.74,1
h,2022-10-31 13:30:08.235764,0.37,0.13,0.89,1.16,7.02,1.28,31.08,23.58,-16.76,1
h,2022-10-31 13:30:08.247725,0.37,0.15,0.90,-6.47,5.07,0.00,31.08,23.58,-16.76,1
h,2022-10-31 13:30:08.269161,0.37,0.17,0.89,-8.73,3.91,-0.24,31.36,23.93,-17.46,1
h,2022-10-31 13:30:08.290600,0.37,0.19,0.88,-8.97,3.42,0.31,31.36,23.93,-17.46,1
h,2022-10-31 13:30:08.301098,0.37,0.19,0.88,-6.84,3.11,1.46,31.36,23.93,-17.46,1
h,2022-10-31 13:30:08.322449,0.37,0.19,0.89,-5.31,2.50,2.99,31.26,22.85,-18.60,1
h,2022-10-31 13:30:08.343892,0.37,0.18,0.89,-3.11,1.22,4.39,31.26,22.85,-18.60,1
