k,2022-10-31 18:28:09.966398,0.41,-0.16,0.78,-14.65,0.00,-2.75,18.90,-98.01,-124.17,1
k,2022-10-31 18:28:09.985654,0.46,-0.14,0.79,-11.11,-8.48,4.27,18.98,-99.21,-122.89,1
k,2022-10-31 18:28:10.004126,0.40,-0.10,0.82,-17.33,-16.66,7.51,18.98,-99.21,-122.89,1
k,2022-10-31 18:28:10.023393,0.33,0.10,0.96,-24.48,-13.55,-1.65,18.84,-100.96,-123.28,1
k,2022-10-31 18:28:10.041717,0.37,0.16,0.94,-20.87,-7.14,-10.38,18.84,-100.96,-123.28,1
k,2022-10-31 18:28:10.061894,0.38,0.10,0.91,-13.43,-5.37,-14.65,18.84,-100.96,-123.28,1
k,2022-10-31 18:28:10.080359,0.35,-0.02,0.78,-5.86,-6.29,-8.67,18.02,-103.02,-121.94,1
k,2022-10-31 18:28:10.099073,-0.31,-0.10,1.25,-2.08,-10.44,-5.31,18.02,-103.02,-121.94,1
k,2022-10-31 18:28:10.118633,0.37,-0.00,0.91,28.56,2.56,2.99,18.44,-103.21,-121.59,1
k,2022-10-31 18:28:10.138159,0.39,-0.04,0.86,-6.71,2.01,-3.42,18.44,-103.21,-121.59,1
k,2022-10-31 18:28:10.156474,0.33,-0.03,0.85,-25.15,6.53,-5.74,18.44,-103.21,-121.59,1
k,2022-10-31 18:28:10.176222,0.35,-0.00,0.85,-45.72,15.93,-8.30,18.65,-104.31,-121.31,1
k,2022-10-31 18:28:10.196304,-0.03,0.17,0.36,-65.98,25.82,-7.81,18.65,-104.31,-121.31,1
k,2022-10-31 18:28:10.216014,0.34,-0.04,0.87,22.40,-41.14,-2.75,18.65,-104.31,-121.31,1
k,2022-10-31 18:28:10.235143,0.34,0.04,0.85,21.00,-29.85,6.41,17.66,-105.30,-121.80,1
k,2022-10-31 18:28:10.254015,0.33,0.19,0.86,10.31,-22.95,7.20,17.66,-105.30,-121.80,1
k,2022-10-31 18:28:10.273495,0.32,0.13,0.88,16.05,-20.14,4.76,17.20,-104.37,-121.89,1
k,2022-10-31 18:28:10.292639,0.30,0.03,0.87,14.95,-21.00,4.52,17.20,-104.37,-121.89,1
k,2022-10-31 18:28:10.312166,0.30,0.03,0.93,17.88,-23.25,8.61,17.20,-104.37,-121.89,1
k,2022-10-31 18:28:10.332196,0.39,0.09,1.07,20.94,-27.16,10.86,17.72,-103.85,-120.09,1
k,2022-10-31 18:28:10.351845,0.38,0.02,1.07,8.48,-8.67,7.75,17.72,-103.85,-120.09,1
k,2022-10-31 18:28:10.372315,0.37,-0.03,1.04,5.07,-5.37,10.19,18.48,-104.15,-120.14,1
k,2022-10-31 18:28:10.391950,0.33,-0.03,1.01,2.38,-9.64,12.51,18.48,-104.15,-120.14,1
k,2022-10-31 18:28:10.410340,0.34,-0.01,1.03,3.23,-18.07,11.54,18.48,-104.15,-120.14,1
k,2022-10-31 18:28:10.431953,0.36,-0.01,1.10,3.05,-21.55,9.40,18.33,-103.69,-119.19,1
k,2022-10-31 18:28:10.452359,0.33,0.03,1.05,-3.85,-16.97,8.97,18.33,-103.69,-119.19,1
k,2022-10-31 18:28:10.472541,0.24,0.06,1.10,-1.95,-17.09,11.72,18.46,-104.43,-119.45,1
k,2022-10-31 18:28:10.493054,0.19,0.38,1.68,10.13,-2.75,11.35,18.46,-104.43,-119.45,1
k,2022-10-31 18:28:10.511235,0.25,0.19,1.14,-3.42,56.15,-14.59,18.46,-104.43,-119.45,1
k,2022-10-31 18:28:10.532225,0.39,0.23,0.92,9.83,55.42,-13.37,19.47,-103.10,-119.08,1
k,2022-10-31 18:28:10.552368,0.38,0.01,0.91,9.28,36.13,-23.01,19.47,-103.10,-119.08,1
k,2022-10-31 18:28:10.572564,0.43,-0.08,0.82,6.16,33.26,-23.99,22.03,-99.87,-118.32,1
k,2022-10-31 18:28:10.591219,0.48,-0.12,0.74,-4.27,22.64,-25.45,22.03,-99.87,-118.32,1
k,2022-10-31 18:28:10.610948,0.47,-0.14,0.73,-15.32,16.48,-28.99,22.03,-99.87,-118.32,1
k,2022-10-31 18:28:10.629226,0.40,-0.16,0.76,-26.73,11.05,-26.55,23.25,-99.69,-118.93,1
k,2022-10-31 18:28:10.647683,0.40,-0.09,0.70,-26.92,1.34,-12.15,23.25,-99.69,-118.93,1
k,2022-10-31 18:28:10.667349,0.42,-0.03,0.64,-21.55,-8.54,-9.28,23.88,-101.34,-117.31,1
k,2022-10-31 18:28:10.686603,0.12,-0.06,0.90,-21.42,-19.53,-8.73,23.88,-101.34,-117.31,1
k,2022-10-31 18:28:10.706483,0.27,-0.03,0.92,14.34,8.79,-9.03,23.88,-101.34,-117.31,1
k,2022-10-31 18:28:10.727844,0.36,-0.05,0.88,-18.80,9.95,-18.25,24.11,-101.81,-117.24,1
k,2022-10-31 18:28:10.750555,0.24,-0.27,0.81,-14.22,-3.85,7.87,24.11,-101.81,-117.24,1
k,2022-10-31 18:28:10.770752,0.47,-0.10,0.91,98.63,-73.36,108.70,21.63,-102.39,-117.59,1
k,2022-10-31 18:28:10.787327,0.34,-0.15,0.75,-15.81,-28.02,42.60,21.63,-102.39,-117.59,1
k,2022-10-31 18:28:10.807429,0.37,0.50,1.13,-50.11,-5.43,8.36,21.63,-102.39,-117.59,1
k,2022-10-31 18:28:10.831202,0.40,0.55,1.08,-79.96,24.90,-34.12,19.13,-104.38,-118.80,1
k,2022-10-31 18:28:10.852101,0.35,0.45,1.06,-11.41,15.01,-8.18,19.13,-104.38,-118.80,1
k,2022-10-31 18:28:10.869142,0.35,0.27,0.96,43.27,3.78,19.78,19.21,-105.42,-118.41,1
k,2022-10-31 18:28:10.886595,0.26,0.19,0.91,85.33,-29.79,9.16,19.21,-105.42,-118.41,1
k,2022-10-31 18:28:10.904868,0.26,0.02,0.83,62.81,-29.91,-16.60,19.21,-105.42,-118.41,1
k,2022-10-31 18:28:10.926253,0.25,0.04,0.79,34.61,-24.78,-34.67,20.15,-103.41,-119.17,1
k,2022-10-31 18:28:10.945753,0.25,0.11,0.84,32.84,-24.84,-35.64,20.15,-103.41,-119.17,1
k,2022-10-31 18:28:10.965506,0.28,0.01,0.91,47.18,-22.58,-27.16,20.15,-103.41,-119.17,1
k,2022-10-31 18:28:10.986200,0.27,-0.11,0.97,45.59,-12.02,-17.64,21.57,-100.42,-118.21,1
k,2022-10-31 18:28:11.003932,0.31,-0.26,0.99,20.02,-5.80,-25.39,21.57,-100.42,-118.21,1
k,2022-10-31 18:28:11.025437,0.30,-0.21,0.99,13.31,-3.23,-9.22,23.65,-99.23,-117.22,1
k,2022-10-31 18:28:11.044736,0.33,-0.31,1.05,1.28,-4.88,-0.31,23.65,-99.23,-117.22,1
k,2022-10-31 18:28:11.064366,0.29,-0.20,1.04,-16.11,-5.49,6.35,23.65,-99.23,-117.22,1
k,2022-10-31 18:28:11.084319,0.10,-0.11,1.23,-25.94,-5.13,19.23,23.80,-98.93,-116.85,1
k,2022-10-31 18:28:11.102403,0.13,0.21,1.41,-0.31,21.42,36.80,23.80,-98.93,-116.85,1
k,2022-10-31 18:28:11.121316,0.32,0.38,1.20,-6.65,53.53,16.11,24.00,-98.12,-116.13,1
k,2022-10-31 18:28:11.139692,0.30,0.26,1.19,3.72,54.87,-7.14,24.00,-98.12,-116.13,1
k,2022-10-31 18:28:11.159692,0.41,0.21,0.94,32.41,47.61,-4.88,24.00,-98.12,-116.13,1
k,2022-10-31 18:28:11.179559,0.50,0.04,0.81,41.08,38.15,-12.15,25.45,-93.02,-116.17,1
