V,2022-10-27 14:31:43.900332,-0.45,-0.72,0.43,49.50,5.49,4.27,16.96,28.23,7.75,1
V,2022-10-27 14:31:43.920318,-0.45,-0.74,0.41,34.73,2.99,-1.53,16.96,28.23,7.75,1
V,2022-10-27 14:31:43.950314,-0.44,-0.75,0.44,25.70,3.05,-1.16,16.20,28.72,8.18,1
V,2022-10-27 14:31:43.970283,-0.40,-0.77,0.45,16.60,-2.75,-0.92,16.20,28.72,8.18,1
V,2022-10-27 14:31:43.983116,-0.43,-0.76,0.47,10.01,-5.55,-1.71,16.15,29.15,6.96,1
V,2022-10-27 14:31:44.003394,-0.45,-0.78,0.50,1.10,-2.99,-3.11,16.15,29.15,6.96,1
V,2022-10-27 14:31:44.033297,-0.45,-0.79,0.51,2.08,-3.23,-2.01,16.15,29.15,6.96,1
V,2022-10-27 14:31:44.053261,-0.51,-0.85,0.49,-3.17,-3.30,6.35,16.83,30.36,8.54,1
V,2022-10-27 14:31:44.073253,-0.51,-0.88,0.48,-14.22,-2.26,16.48,16.83,30.36,8.54,1
V,2022-10-27 14:31:44.093277,-0.55,-0.84,0.53,-38.02,5.49,22.22,17.44,30.25,7.34,1
V,2022-10-27 14:31:44.113241,-0.55,-0.78,0.54,-40.22,15.14,23.25,17.44,30.25,7.34,1
V,2022-10-27 14:31:44.133505,-0.45,-0.73,0.51,-34.85,29.54,21.73,17.44,30.25,7.34,1
V,2022-10-27 14:31:44.153570,-0.41,-0.70,0.47,-33.51,27.89,20.94,18.42,30.47,8.39,1
V,2022-10-27 14:31:44.173563,-0.37,-0.62,0.45,-29.91,9.64,10.07,18.42,30.47,8.39,1
V,2022-10-27 14:31:44.193561,-0.83,-0.61,0.47,-23.25,-5.92,-3.72,18.84,30.22,8.50,1
V,2022-10-27 14:31:44.213955,-0.39,-0.57,0.44,54.99,-13.61,-4.33,18.84,30.22,8.50,1
V,2022-10-27 14:31:44.234919,-0.35,-0.66,0.39,32.29,-14.95,-18.31,18.84,30.22,8.50,1
V,2022-10-27 14:31:44.255355,-0.38,-0.56,0.47,12.82,-16.48,-34.18,19.42,29.10,8.70,1
V,2022-10-27 14:31:44.275351,-0.35,-0.54,0.42,15.50,-25.57,-49.62,19.42,29.10,8.70,1
V,2022-10-27 14:31:44.295828,-0.44,-0.52,0.41,11.84,-29.97,-59.27,20.65,31.04,8.30,1
V,2022-10-27 14:31:44.317703,-0.57,-0.60,0.40,12.02,-30.64,-53.59,20.65,31.04,8.30,1
V,2022-10-27 14:31:44.337711,-0.60,-0.66,0.40,10.56,-27.95,-46.08,20.65,31.04,8.30,1
V,2022-10-27 14:31:44.363425,-0.66,-0.69,0.45,0.85,-22.22,-38.02,22.11,34.05,8.37,1
V,2022-10-27 14:31:44.373960,-0.72,-0.73,0.47,-2.69,-18.43,-32.65,22.11,34.05,8.37,1
V,2022-10-27 14:31:44.403876,-0.83,-0.77,0.54,-1.46,-11.23,-22.71,23.66,36.12,8.01,1
V,2022-10-27 14:31:44.423946,-0.88,-0.81,0.59,3.78,-4.94,-13.00,23.66,36.12,8.01,1
V,2022-10-27 14:31:44.443935,-0.79,-0.88,0.57,10.99,-2.75,5.62,24.56,37.27,9.53,1
V,2022-10-27 14:31:44.466967,-0.65,-0.87,0.48,3.85,-7.69,3.23,24.56,37.27,9.53,1
V,2022-10-27 14:31:44.483187,-0.82,-0.74,0.50,-4.21,1.65,-8.61,24.56,37.27,9.53,1
V,2022-10-27 14:31:44.503353,-0.88,-0.68,0.60,6.77,24.35,2.50,24.19,37.65,8.95,1
V,2022-10-27 14:31:44.523345,-0.80,-0.69,0.60,12.63,47.61,20.26,24.19,37.65,8.95,1
V,2022-10-27 14:31:44.543477,-0.64,-0.69,0.56,14.83,51.15,27.16,21.97,35.56,8.70,1
V,2022-10-27 14:31:44.563455,-0.57,-0.68,0.49,18.80,43.40,28.26,21.97,35.56,8.70,1
V,2022-10-27 14:31:44.583839,-0.60,-0.66,0.46,20.45,42.11,27.40,21.97,35.56,8.70,1
V,2022-10-27 14:31:44.603931,-0.55,-0.68,0.41,18.62,45.96,28.93,19.04,34.35,11.17,1
V,2022-10-27 14:31:44.623827,-0.46,-0.66,0.39,5.25,40.77,25.94,19.04,34.35,11.17,1
V,2022-10-27 14:31:44.644599,-0.47,-0.61,0.40,-1.10,28.99,20.14,17.41,33.01,10.61,1
V,2022-10-27 14:31:44.664563,-0.50,-0.59,0.43,-2.26,19.17,18.13,17.41,33.01,10.61,1
V,2022-10-27 14:31:44.694471,-0.55,-0.60,0.41,-8.36,25.02,22.83,17.41,33.01,10.61,1
V,2022-10-27 14:31:44.714436,-0.45,-0.64,0.43,-20.69,40.89,29.79,15.53,31.95,11.96,1
V,2022-10-27 14:31:44.734432,-0.36,-0.66,0.46,-20.08,32.65,23.74,15.53,31.95,11.96,1
V,2022-10-27 14:31:44.754423,-0.49,-0.58,0.43,-1.83,-1.83,2.38,14.18,31.92,11.33,1
V,2022-10-27 14:31:44.774418,-0.50,-0.55,0.52,10.93,0.73,6.65,14.18,31.92,11.33,1
V,2022-10-27 14:31:44.797623,-0.49,-0.69,0.52,19.90,1.59,15.69,14.82,31.60,11.82,1
V,2022-10-27 14:31:44.814205,-0.39,-0.75,0.50,4.27,-1.77,11.11,14.82,31.60,11.82,1
V,2022-10-27 14:31:44.834204,-0.59,-0.70,0.55,-13.92,-3.60,2.93,14.82,31.60,11.82,1
V,2022-10-27 14:31:44.854295,-0.74,-0.64,0.56,-4.27,-1.16,2.38,14.79,32.57,12.30,1
V,2022-10-27 14:31:44.874313,-0.57,-0.65,0.58,41.56,10.74,-0.43,14.79,32.57,12.30,1
