e,2022-11-01 13:59:20.051331,-0.25,0.39,1.05,13.79,-14.40,8.61,-8.25,28.56,-55.33,1
e,2022-11-01 13:59:20.072962,-0.24,0.25,1.02,13.92,-4.27,-6.29,-8.25,28.56,-55.33,1
e,2022-11-01 13:59:20.092904,-0.13,0.23,1.08,3.91,3.23,-20.20,-5.98,30.57,-57.26,1
e,2022-11-01 13:59:20.113375,-0.19,0.25,1.02,-11.11,5.55,-24.17,-5.98,30.57,-57.26,1
e,2022-11-01 13:59:20.135057,-0.16,0.24,1.04,-4.03,10.93,-22.28,-5.98,30.57,-57.26,1
e,2022-11-01 13:59:20.155602,-0.04,0.07,0.98,4.70,6.41,-17.40,-4.49,30.53,-55.74,1
e,2022-11-01 13:59:20.175929,-0.02,0.04,0.97,3.11,-4.88,-12.63,-4.49,30.53,-55.74,1
e,2022-11-01 13:59:20.198000,-0.16,0.02,0.89,-10.68,-11.90,-11.66,-4.43,30.97,-56.45,1
e,2022-11-01 13:59:20.216919,-0.18,0.13,0.91,-15.38,-10.50,-17.52,-4.43,30.97,-56.45,1
e,2022-11-01 13:59:20.237806,-0.20,0.20,0.89,-10.86,-15.56,-18.43,-4.43,30.97,-56.45,1
e,2022-11-01 13:59:20.259923,-0.18,0.36,1.18,-22.40,21.61,-5.13,-4.14,30.81,-56.26,1
e,2022-11-01 13:59:20.277653,-0.20,0.22,1.07,21.85,-15.08,-6.23,-4.14,30.81,-56.26,1
e,2022-11-01 13:59:20.298376,-0.17,0.26,0.98,36.74,-22.52,-12.63,-4.88,31.70,-55.43,1
e,2022-11-01 13:59:20.316351,-0.20,0.23,0.96,46.02,-20.57,-15.38,-4.88,31.70,-55.43,1
e,2022-11-01 13:59:20.335300,-0.19,0.12,0.91,48.58,-7.45,-22.89,-4.88,31.70,-55.43,1
e,2022-11-01 13:59:20.354285,-0.16,0.05,0.97,38.33,4.70,-30.21,-7.04,33.63,-53.63,1
e,2022-11-01 13:59:20.372202,-0.08,-0.10,1.00,36.68,6.59,-26.98,-7.04,33.63,-53.63,1
e,2022-11-01 13:59:20.391624,-0.10,-0.14,1.05,27.53,5.92,-17.46,-9.42,34.59,-55.32,1
e,2022-11-01 13:59:20.410866,-0.05,-0.23,1.02,22.83,17.94,-18.80,-9.42,34.59,-55.32,1
e,2022-11-01 13:59:20.430376,-0.00,-0.32,1.05,19.04,22.58,-11.78,-9.42,34.59,-55.32,1
e,2022-11-01 13:59:20.448199,-0.07,-0.35,0.96,29.24,13.67,-7.32,-9.75,34.01,-56.45,1
e,2022-11-01 13:59:20.467119,-0.07,-0.38,0.79,4.21,57.50,-8.54,-9.75,34.01,-56.45,1
e,2022-11-01 13:59:20.486122,0.00,-0.16,0.93,-86.98,71.17,-7.14,-9.75,34.01,-56.45,1
e,2022-11-01 13:59:20.506841,-0.01,0.01,1.01,-90.03,64.21,-6.10,-7.09,32.02,-57.26,1
e,2022-11-01 13:59:20.525030,-0.01,0.10,1.05,-60.00,46.14,-3.48,-7.09,32.02,-57.26,1
e,2022-11-01 13:59:20.543746,-0.01,0.02,0.96,-31.92,27.89,7.75,-3.70,30.10,-57.67,1
e,2022-11-01 13:59:20.562118,-0.02,0.05,0.95,-34.55,18.37,13.31,-3.70,30.10,-57.67,1
e,2022-11-01 13:59:20.580761,-0.04,0.12,0.90,-33.51,10.68,15.32,-3.70,30.10,-57.67,1
e,2022-11-01 13:59:20.602370,-0.05,0.19,0.91,-37.29,2.32,16.85,-1.26,28.14,-57.71,1
e,2022-11-01 13:59:20.624213,-0.09,0.27,0.91,-21.42,-14.53,21.91,-1.26,28.14,-57.71,1
e,2022-11-01 13:59:20.646685,-0.10,0.32,0.90,-5.80,-31.13,19.71,-0.37,28.19,-57.51,1
e,2022-11-01 13:59:20.664711,-0.12,0.42,0.98,27.34,-58.23,19.29,-0.37,28.19,-57.51,1
e,2022-11-01 13:59:20.685659,-0.12,0.40,0.95,66.41,-84.05,19.84,-0.37,28.19,-57.51,1
e,2022-11-01 13:59:20.708653,-0.21,0.39,0.91,70.80,-76.72,6.90,-3.60,30.77,-57.52,1
e,2022-11-01 13:59:20.727819,-0.24,0.34,0.90,87.77,-65.25,-2.08,-3.60,30.77,-57.52,1
e,2022-11-01 13:59:20.748135,-0.26,0.17,0.97,102.97,-43.15,-15.32,-8.41,35.30,-54.96,1
e,2022-11-01 13:59:20.770134,-0.24,-0.02,0.97,106.38,-28.50,-23.19,-8.41,35.30,-54.96,1
e,2022-11-01 13:59:20.788101,-0.22,-0.18,0.94,81.36,-6.35,-26.92,-8.41,35.30,-54.96,1
e,2022-11-01 13:59:20.809010,-0.14,-0.35,0.97,59.33,4.82,-25.27,-13.81,37.51,-53.30,1
e,2022-11-01 13:59:20.828019,-0.14,-0.48,0.91,21.48,8.67,-16.91,-13.81,37.51,-53.30,1
e,2022-11-01 13:59:20.851020,-0.16,-0.36,0.93,-25.39,13.00,-14.83,-15.33,36.68,-54.50,1
e,2022-11-01 13:59:20.869778,-0.26,-0.22,0.85,-51.82,20.57,-13.31,-15.33,36.68,-54.50,1
e,2022-11-01 13:59:20.889745,-0.55,0.43,1.38,-24.60,34.24,0.00,-15.33,36.68,-54.50,1
e,2022-11-01 13:59:20.910586,-0.27,0.05,1.10,67.87,8.97,26.25,-15.58,35.21,-54.70,1
e,2022-11-01 13:59:20.928705,-0.16,-0.16,1.02,74.95,3.48,16.42,-15.58,35.21,-54.70,1
e,2022-11-01 13:59:20.951275,0.02,-0.11,1.01,29.05,4.15,7.26,-17.18,35.33,-54.99,1
e,2022-11-01 13:59:20.972041,0.01,-0.11,0.99,7.39,13.67,-3.78,-17.18,35.33,-54.99,1
