E,2022-10-19 19:10:20.160883,0.07,-0.17,0.95,1.89,2.87,-2.38,50.62,10.18,-37.96,1
E,2022-10-19 19:10:20.179097,0.07,-0.22,0.96,7.08,2.44,-0.18,50.62,10.18,-37.96,1
E,2022-10-19 19:10:20.197878,0.08,-0.22,0.96,-3.66,0.61,-3.23,50.98,10.10,-36.56,1
E,2022-10-19 19:10:20.216001,0.07,-0.20,0.92,-7.45,0.79,-4.33,50.98,10.10,-36.56,1
E,2022-10-19 19:10:20.234951,0.06,-0.19,0.87,-11.11,7.02,-4.09,50.55,11.06,-37.05,1
E,2022-10-19 19:10:20.253120,0.05,-0.19,0.87,-18.01,19.78,-3.48,50.55,11.06,-37.05,1
E,2022-10-19 19:10:20.270966,0.07,-0.12,0.88,4.21,-25.45,-18.55,50.55,11.06,-37.05,1
E,2022-10-19 19:10:20.289925,0.03,-0.02,0.78,12.33,-27.22,-10.13,49.99,14.38,-41.89,1
E,2022-10-19 19:10:20.308131,0.02,-0.13,0.76,32.47,-31.98,-10.93,49.99,14.38,-41.89,1
E,2022-10-19 19:10:20.326047,0.02,-0.20,0.81,32.78,-33.75,-10.13,49.99,14.38,-41.89,1
E,2022-10-19 19:10:20.344776,0.03,-0.26,0.94,31.01,-33.63,-9.28,49.62,19.65,-48.41,1
E,2022-10-19 19:10:20.363108,0.04,-0.30,1.07,21.79,-25.82,-8.24,49.62,19.65,-48.41,1
E,2022-10-19 19:10:20.381080,0.04,-0.39,1.15,9.28,-23.99,-11.66,49.62,19.65,-48.41,1
E,2022-10-19 19:10:20.399963,0.04,-0.33,1.21,-9.40,-17.58,-13.79,47.97,23.13,-51.17,1
E,2022-10-19 19:10:20.418042,0.04,-0.30,1.27,-8.67,-13.85,-7.69,47.97,23.13,-51.17,1
E,2022-10-19 19:10:20.436944,0.02,-0.25,1.32,-4.27,-5.98,4.64,48.51,24.62,-53.56,1
E,2022-10-19 19:10:20.455053,-0.25,-0.42,1.64,20.75,-12.45,15.14,48.51,24.62,-53.56,1
E,2022-10-19 19:10:20.472781,-0.12,-0.27,1.31,20.08,34.06,25.88,48.51,24.62,-53.56,1
E,2022-10-19 19:10:20.491745,0.05,-0.38,1.17,3.72,44.19,11.47,47.39,19.31,-49.13,1
E,2022-10-19 19:10:20.509954,0.19,-0.29,1.00,-7.39,43.40,18.43,47.39,19.31,-49.13,1
E,2022-10-19 19:10:20.527964,0.25,-0.16,0.80,-26.12,41.32,9.09,47.39,19.31,-49.13,1
E,2022-10-19 19:10:20.546914,0.22,-0.17,0.69,-30.94,35.58,1.59,43.44,14.66,-44.45,1
E,2022-10-19 19:10:20.564971,0.19,-0.29,0.58,-28.93,23.38,2.14,43.44,14.66,-44.45,1
E,2022-10-19 19:10:20.584075,0.22,-0.28,0.59,-31.37,6.04,9.03,44.67,12.41,-39.27,1
E,2022-10-19 19:10:20.601983,0.11,-0.10,0.71,-40.34,-8.73,12.33,44.67,12.41,-39.27,1
E,2022-10-19 19:10:20.620120,0.08,-0.10,0.82,-60.00,-9.09,-4.33,44.67,12.41,-39.27,1
E,2022-10-19 19:10:20.639081,-0.19,0.13,1.13,-59.39,-2.75,-14.71,50.61,11.63,-40.59,1
E,2022-10-19 19:10:20.657090,0.11,-0.05,1.06,35.16,-4.15,5.98,50.61,11.63,-40.59,1
E,2022-10-19 19:10:20.674778,0.07,0.10,1.03,75.81,-23.56,34.24,50.61,11.63,-40.59,1
E,2022-10-19 19:10:20.693970,0.07,0.50,1.00,-24.48,35.77,-20.94,50.88,12.04,-38.21,1
E,2022-10-19 19:10:20.712000,0.08,0.11,0.95,-2.56,24.17,-40.41,50.88,12.04,-38.21,1
E,2022-10-19 19:10:20.729967,0.06,-0.11,0.87,40.53,9.46,-29.72,50.88,12.04,-38.21,1
E,2022-10-19 19:10:20.748876,0.04,-0.51,0.79,63.35,6.84,-12.63,43.63,21.77,-35.90,1
E,2022-10-19 19:10:20.767087,0.04,-0.88,0.76,53.28,-2.26,-1.22,43.63,21.77,-35.90,1
E,2022-10-19 19:10:20.785770,0.05,-0.75,0.77,13.31,0.37,2.50,41.16,26.15,-36.29,1
E,2022-10-19 19:10:20.804090,0.02,-0.50,0.80,-67.63,18.86,-29.05,41.16,26.15,-36.29,1
E,2022-10-19 19:10:20.822125,-0.08,-0.44,0.74,-44.19,-16.72,1.77,41.16,26.15,-36.29,1
E,2022-10-19 19:10:20.840970,-0.09,-0.30,0.73,23.74,-33.33,31.31,43.82,22.83,-38.50,1
E,2022-10-19 19:10:20.858969,0.14,-0.24,0.93,23.62,-30.09,24.48,43.82,22.83,-38.50,1
E,2022-10-19 19:10:20.876881,0.27,-0.20,0.92,7.14,-30.09,22.83,43.82,22.83,-38.50,1
E,2022-10-19 19:10:20.895975,0.20,-0.10,0.87,-33.26,-24.05,8.42,48.30,15.03,-42.97,1
E,2022-10-19 19:10:20.913881,0.27,0.05,0.94,-39.25,-28.26,1.65,48.30,15.03,-42.97,1
E,2022-10-19 19:10:20.932805,0.03,0.32,1.31,-74.46,36.07,-30.76,53.22,12.05,-47.97,1
E,2022-10-19 19:10:20.950923,0.14,-0.05,1.18,25.02,26.12,4.46,53.22,12.05,-47.97,1
E,2022-10-19 19:10:20.968887,0.11,0.11,1.16,61.58,-10.38,22.22,53.22,12.05,-47.97,1
E,2022-10-19 19:10:20.987894,0.07,0.21,1.37,41.50,-20.02,-55.30,52.61,15.27,-45.34,1
E,2022-10-19 19:10:21.005705,0.04,0.09,0.95,23.86,20.75,-42.42,52.61,15.27,-45.34,1
E,2022-10-19 19:10:21.023959,0.02,-0.16,0.76,68.66,14.59,-28.20,52.61,15.27,-45.34,1
E,2022-10-19 19:10:21.043059,-0.02,-0.69,0.65,62.44,13.18,-31.68,45.19,28.10,-40.31,1
E,2022-10-19 19:10:21.060974,-0.01,-0.94,0.68,54.99,0.00,-7.63,45.19,28.10,-40.31,1
E,2022-10-19 19:10:21.078919,0.01,-0.89,0.75,-15.81,1.53,0.12,45.19,28.10,-40.31,1
E,2022-10-19 19:10:21.097951,0.02,-0.38,0.86,-74.22,16.24,-21.24,42.86,32.78,-41.38,1
E,2022-10-19 19:10:21.116006,-0.03,-0.28,0.73,-73.61,-4.15,-25.88,42.86,32.78,-41.38,1
E,2022-10-19 19:10:21.134996,-0.10,-0.22,0.80,34.24,-40.77,30.64,44.52,30.98,-43.62,1
E,2022-10-19 19:10:21.153112,-0.06,-0.34,0.87,40.83,-30.27,17.46,44.52,30.98,-43.62,1
E,2022-10-19 19:10:21.170956,0.16,-0.40,0.86,8.79,-30.82,15.44,44.52,30.98,-43.62,1
E,2022-10-19 19:10:21.189802,0.15,-0.28,0.85,-15.26,-33.14,9.83,43.86,27.31,-46.01,1
E,2022-10-19 19:10:21.207968,0.26,-0.16,0.81,-15.01,-39.55,7.93,43.86,27.31,-46.01,1
E,2022-10-19 19:10:21.225988,0.25,0.01,0.92,-18.68,-51.94,-12.51,43.86,27.31,-46.01,1
E,2022-10-19 19:10:21.244903,-0.26,0.05,0.98,-37.29,49.93,-24.54,48.52,25.26,-50.50,1
E,2022-10-19 19:10:21.262884,0.00,0.11,1.11,70.80,-6.04,-7.51,48.52,25.26,-50.50,1
E,2022-10-19 19:10:21.281887,0.02,0.24,1.24,107.73,-15.08,-4.70,45.31,30.47,-48.51,1
E,2022-10-19 19:10:21.299994,-0.02,-0.16,1.10,91.92,-11.96,-21.30,45.31,30.47,-48.51,1
E,2022-10-19 19:10:21.317911,-0.04,-0.48,0.94,70.50,-0.85,-16.30,45.31,30.47,-48.51,1
E,2022-10-19 19:10:21.336802,-0.06,-0.82,0.76,17.46,14.89,-25.27,38.89,41.11,-44.86,1
E,2022-10-19 19:10:21.354969,-0.06,-0.70,0.79,-3.42,11.23,-8.24,38.89,41.11,-44.86,1
E,2022-10-19 19:10:21.372959,-0.15,-0.59,0.99,-19.10,14.77,2.08,38.89,41.11,-44.86,1
E,2022-10-19 19:10:21.391895,-0.24,-0.23,1.10,-38.39,34.06,19.41,37.51,42.11,-44.81,1
E,2022-10-19 19:10:21.409983,-0.05,-0.14,1.17,-3.91,37.11,6.10,37.51,42.11,-44.81,1
E,2022-10-19 19:10:21.427892,0.06,-0.17,1.03,-2.56,40.10,-5.25,37.51,42.11,-44.81,1
E,2022-10-19 19:10:21.446893,0.10,-0.18,0.96,19.84,29.85,-4.52,30.44,37.55,-44.80,1
E,2022-10-19 19:10:21.464886,0.14,-0.19,0.91,30.64,23.38,-6.65,30.44,37.55,-44.80,1
E,2022-10-19 19:10:21.483785,0.14,-0.23,0.86,46.39,18.31,-5.13,19.53,37.74,-44.07,1
