I,2022-10-19 14:42:03.479361,-0.03,0.18,0.88,-16.17,20.69,34.48,13.85,31.76,-5.53,1
I,2022-10-19 14:42:03.502043,-0.06,0.23,0.85,-31.25,16.60,31.31,13.85,31.76,-5.53,1
I,2022-10-19 14:42:03.518874,-0.08,0.35,0.82,-38.64,10.07,24.05,12.78,32.24,-3.82,1
I,2022-10-19 14:42:03.537250,-0.08,0.48,0.76,-35.46,-2.62,20.32,12.78,32.24,-3.82,1
I,2022-10-19 14:42:03.557331,-0.14,0.54,0.72,-37.41,-4.46,18.74,12.63,31.77,-3.45,1
I,2022-10-19 14:42:03.577522,-0.34,0.61,0.74,-31.01,-6.04,5.55,12.63,31.77,-3.45,1
I,2022-10-19 14:42:03.594898,-0.15,0.91,0.80,29.85,19.35,12.27,12.63,31.77,-3.45,1
I,2022-10-19 14:42:03.614292,-0.13,0.64,0.78,43.27,-2.38,-17.58,12.89,31.88,-2.92,1
I,2022-10-19 14:42:03.634628,-0.11,0.54,0.82,37.48,-4.94,-26.79,12.89,31.88,-2.92,1
I,2022-10-19 14:42:03.656333,-0.10,0.51,0.87,37.11,-12.39,-36.38,12.89,31.88,-2.92,1
I,2022-10-19 14:42:03.674947,-0.10,0.37,0.87,30.94,-16.97,-41.63,13.68,31.69,-4.87,1
I,2022-10-19 14:42:03.694464,-0.12,0.32,0.94,25.45,-14.53,-35.95,13.68,31.69,-4.87,1
I,2022-10-19 14:42:03.716241,-0.12,0.18,0.95,18.49,-9.03,-13.49,14.56,32.04,-4.24,1
I,2022-10-19 14:42:03.732620,-0.13,0.10,1.01,5.62,-2.32,1.77,14.56,32.04,-4.24,1
I,2022-10-19 14:42:03.752594,-0.14,0.06,1.05,1.59,2.62,13.31,14.56,32.04,-4.24,1
I,2022-10-19 14:42:03.771532,-0.27,0.36,0.82,-10.86,17.46,16.24,14.18,31.97,-5.41,1
I,2022-10-19 14:42:03.790101,0.03,0.24,1.06,19.41,26.73,39.12,14.18,31.97,-5.41,1
I,2022-10-19 14:42:03.810130,-0.01,0.26,0.90,1.28,12.51,28.87,14.43,31.31,-5.03,1
I,2022-10-19 14:42:03.830626,0.03,0.34,0.91,-16.24,9.28,28.38,14.43,31.31,-5.03,1
I,2022-10-19 14:42:03.847766,-0.03,0.38,0.82,-19.29,0.79,27.40,14.43,31.31,-5.03,1
I,2022-10-19 14:42:03.867734,-0.02,0.40,0.80,-15.87,-0.98,25.39,14.00,31.65,-5.00,1
I,2022-10-19 14:42:03.885274,-0.13,0.35,0.83,-10.80,-7.75,22.34,14.00,31.65,-5.00,1
I,2022-10-19 14:42:03.904823,-0.17,0.59,0.78,6.84,6.77,-10.50,14.00,31.65,-5.00,1
I,2022-10-19 14:42:03.924138,-0.13,0.40,0.96,11.41,10.99,2.81,13.71,31.63,-4.09,1
I,2022-10-19 14:42:03.940845,-0.13,0.36,0.86,12.63,-7.81,14.83,13.71,31.63,-4.09,1
I,2022-10-19 14:42:03.960579,-0.13,0.28,0.81,2.20,-23.80,18.43,14.45,31.74,-4.48,1
I,2022-10-19 14:42:03.981068,-0.13,0.30,0.79,-1.53,-31.01,17.03,14.45,31.74,-4.48,1
I,2022-10-19 14:42:03.998382,-0.16,0.37,0.75,11.35,-36.32,22.09,14.45,31.74,-4.48,1
I,2022-10-19 14:42:04.017732,-0.16,0.38,0.74,21.18,-39.00,27.77,14.11,32.15,-4.42,1
I,2022-10-19 14:42:04.035446,-0.17,0.34,0.81,33.45,-41.63,28.63,14.11,32.15,-4.42,1
I,2022-10-19 14:42:04.055731,-0.19,0.32,0.86,40.16,-45.96,25.33,14.11,32.15,-4.42,1
I,2022-10-19 14:42:04.075754,-0.24,0.26,0.93,17.40,-42.36,19.78,15.52,31.99,-4.49,1
I,2022-10-19 14:42:04.094476,-0.25,0.25,1.00,-5.68,-34.42,13.43,15.52,31.99,-4.49,1
I,2022-10-19 14:42:04.113574,-0.28,0.32,1.01,-31.25,-19.29,4.88,16.09,32.39,-3.93,1
I,2022-10-19 14:42:04.133526,-0.44,0.41,1.00,-41.69,-2.75,1.22,16.09,32.39,-3.93,1
I,2022-10-19 14:42:04.152575,-0.49,0.51,0.99,-18.13,11.47,6.04,16.09,32.39,-3.93,1
I,2022-10-19 14:42:04.173431,-0.26,0.43,1.04,15.38,26.00,6.65,16.25,31.53,-5.77,1
I,2022-10-19 14:42:04.190330,-0.14,0.30,1.00,19.17,28.02,5.92,16.25,31.53,-5.77,1
I,2022-10-19 14:42:04.209024,-0.10,0.23,0.97,6.10,23.80,11.11,16.25,31.53,-5.77,1
I,2022-10-19 14:42:04.229945,-0.07,0.27,0.92,-12.39,21.36,17.40,15.37,32.69,-5.88,1
I,2022-10-19 14:42:04.248396,-0.07,0.26,0.93,-25.39,9.77,21.55,15.37,32.69,-5.88,1
I,2022-10-19 14:42:04.269567,-0.10,0.37,0.82,-27.65,-0.79,13.92,15.82,32.67,-6.37,1
I,2022-10-19 14:42:04.287904,-0.18,0.43,0.79,-21.36,-3.36,11.41,15.82,32.67,-6.37,1
I,2022-10-19 14:42:04.307501,-0.22,0.36,0.77,-20.39,-5.98,7.51,15.82,32.67,-6.37,1
I,2022-10-19 14:42:04.325718,-0.23,0.46,0.75,-25.21,-4.76,-0.37,15.97,32.02,-5.92,1
I,2022-10-19 14:42:04.344981,-0.55,0.54,0.78,-23.80,-9.58,-1.53,15.97,32.02,-5.92,1
I,2022-10-19 14:42:04.365966,-0.24,0.75,1.00,26.06,15.63,16.85,15.93,31.96,-4.82,1
I,2022-10-19 14:42:04.385533,-0.27,0.50,0.83,22.28,-11.17,1.53,15.93,31.96,-4.82,1
I,2022-10-19 14:42:04.404774,-0.27,0.47,0.77,21.73,-13.37,-8.97,15.93,31.96,-4.82,1
I,2022-10-19 14:42:04.423617,-0.26,0.51,0.80,34.30,-17.82,-30.46,15.71,31.86,-4.46,1
I,2022-10-19 14:42:04.441993,-0.26,0.44,0.75,32.29,-17.88,-38.51,15.71,31.86,-4.46,1
I,2022-10-19 14:42:04.459984,-0.25,0.32,0.84,26.86,-9.64,-31.43,15.71,31.86,-4.46,1
I,2022-10-19 14:42:04.479676,-0.24,0.24,0.90,27.59,-5.07,-20.20,16.50,32.58,-5.07,1
I,2022-10-19 14:42:04.497666,-0.24,0.16,0.97,10.13,-1.53,-6.65,16.50,32.58,-5.07,1
I,2022-10-19 14:42:04.516772,-0.25,0.24,0.99,-0.06,1.77,-2.56,17.03,32.97,-5.36,1
I,2022-10-19 14:42:04.534719,-0.29,0.25,1.01,-4.21,4.21,4.46,17.03,32.97,-5.36,1
I,2022-10-19 14:42:04.554092,-0.37,0.31,0.92,-3.72,9.58,4.46,17.03,32.97,-5.36,1
I,2022-10-19 14:42:04.573255,-0.44,0.54,0.99,5.37,19.90,1.77,17.43,32.67,-6.27,1
I,2022-10-19 14:42:04.594607,-0.15,0.35,0.97,32.47,19.17,12.57,17.43,32.67,-6.27,1
I,2022-10-19 14:42:04.611427,-0.15,0.27,0.88,20.63,11.35,4.09,17.43,32.67,-6.27,1
I,2022-10-19 14:42:04.630598,-0.15,0.31,0.84,3.97,9.22,-3.72,16.93,33.50,-5.47,1
I,2022-10-19 14:42:04.649436,-0.14,0.28,0.86,-1.95,2.62,-6.96,16.93,33.50,-5.47,1
I,2022-10-19 14:42:04.669923,-0.21,0.32,0.81,-10.38,1.22,-11.17,16.76,33.56,-6.56,1
I,2022-10-19 14:42:04.686508,-0.23,0.35,0.83,-7.81,5.25,-13.18,16.76,33.56,-6.56,1
I,2022-10-19 14:42:04.704622,-0.20,0.35,0.85,-1.95,10.44,-14.65,16.76,33.56,-6.56,1
