g,2022-11-02 10:59:18.330095,0.64,-0.21,0.77,12.94,17.82,-17.70,-25.44,38.60,-27.14,1
g,2022-11-02 10:59:18.345809,0.63,-0.25,0.77,21.85,18.43,-17.46,-25.44,38.60,-27.14,1
g,2022-11-02 10:59:18.361445,0.62,-0.28,0.75,25.27,17.46,-19.29,-25.44,38.60,-27.14,1
g,2022-11-02 10:59:18.392601,0.64,-0.22,0.76,29.24,8.24,-15.56,-28.64,37.66,-29.37,1
g,2022-11-02 10:59:18.408224,0.63,-0.19,0.74,38.82,0.73,-6.10,-28.64,37.66,-29.37,1
g,2022-11-02 10:59:18.424410,0.64,-0.22,0.73,53.10,-3.30,2.01,-31.12,36.47,-31.92,1
g,2022-11-02 10:59:18.440052,-0.09,-0.30,0.55,53.22,19.78,28.69,-31.12,36.47,-31.92,1
g,2022-11-02 10:59:18.471296,0.69,-0.49,0.71,69.15,12.88,44.86,-31.12,36.47,-31.92,1
g,2022-11-02 10:59:18.486921,0.60,-0.47,0.64,51.88,10.99,42.05,-29.96,38.10,-33.80,1
g,2022-11-02 10:59:18.502631,0.62,-0.46,0.62,35.03,8.12,48.77,-29.96,38.10,-33.80,1
g,2022-11-02 10:59:18.519792,0.60,-0.42,0.66,31.92,5.25,55.42,-29.96,38.10,-33.80,1
g,2022-11-02 10:59:18.550119,0.54,-0.44,0.66,17.70,-1.16,53.65,-29.58,39.76,-36.30,1
g,2022-11-02 10:59:18.565749,0.51,-0.28,0.69,-4.64,-15.99,59.14,-29.58,39.76,-36.30,1
g,2022-11-02 10:59:18.581446,0.50,-0.32,0.63,8.06,-22.58,64.64,-28.47,42.20,-37.46,1
g,2022-11-02 10:59:18.597069,0.46,-0.25,0.69,-4.09,-25.15,53.77,-28.47,42.20,-37.46,1
g,2022-11-02 10:59:18.619707,0.50,-0.13,0.76,-6.23,-46.63,62.93,-28.47,42.20,-37.46,1
g,2022-11-02 10:59:18.644434,0.48,-0.25,0.64,-1.40,-51.15,66.65,-26.49,43.87,-35.28,1
g,2022-11-02 10:59:18.660137,0.46,-0.16,0.68,-10.99,-48.10,50.66,-26.49,43.87,-35.28,1
g,2022-11-02 10:59:18.676471,0.48,-0.03,0.79,-7.02,-39.67,25.82,-25.50,45.18,-31.13,1
g,2022-11-02 10:59:18.692180,0.48,-0.09,0.87,31.74,-38.27,18.07,-25.50,45.18,-31.13,1
g,2022-11-02 10:59:18.723826,0.53,-0.37,0.80,43.27,-40.65,3.36,-25.50,45.18,-31.13,1
g,2022-11-02 10:59:18.739456,0.64,-0.24,0.73,5.62,-32.10,-19.47,-24.26,44.15,-26.26,1
g,2022-11-02 10:59:18.755153,0.75,-0.06,0.74,-24.66,-11.90,-42.85,-24.26,44.15,-26.26,1
g,2022-11-02 10:59:18.770783,0.70,-0.02,0.85,-6.23,1.10,-30.94,-24.26,44.15,-26.26,1
g,2022-11-02 10:59:18.801950,0.70,-0.27,0.80,22.34,10.25,-25.82,-23.47,42.22,-22.68,1
g,2022-11-02 10:59:18.820078,0.74,-0.52,0.69,3.11,29.05,-43.21,-23.47,42.22,-22.68,1
g,2022-11-02 10:59:18.833657,0.77,-0.24,0.79,-54.93,53.22,-74.77,-24.45,40.61,-24.13,1
g,2022-11-02 10:59:18.864924,0.79,0.01,0.85,-22.28,49.19,-40.28,-24.45,40.61,-24.13,1
g,2022-11-02 10:59:18.880547,0.73,-0.20,0.78,21.97,46.63,-11.11,-24.45,40.61,-24.13,1
g,2022-11-02 10:59:18.896174,0.87,-0.30,0.71,43.03,38.70,8.42,-25.49,39.76,-28.10,1
g,2022-11-02 10:59:18.920388,0.60,-0.36,0.78,47.24,39.79,21.73,-25.49,39.76,-28.10,1
g,2022-11-02 10:59:18.927969,0.43,-0.47,0.75,48.34,24.72,24.35,-26.55,40.78,-32.32,1
g,2022-11-02 10:59:18.959224,0.46,-0.51,0.70,27.34,9.28,10.01,-26.55,40.78,-32.32,1
g,2022-11-02 10:59:18.974916,0.40,-0.35,0.64,-12.88,-3.42,-2.14,-26.55,40.78,-32.32,1
g,2022-11-02 10:59:18.990544,0.57,-0.22,0.53,-27.04,-11.54,-10.50,-25.46,40.75,-33.18,1
g,2022-11-02 10:59:19.020684,0.17,-0.14,0.64,-12.76,-1.83,-9.03,-25.46,40.75,-33.18,1
g,2022-11-02 10:59:19.025409,0.42,-0.29,0.63,3.11,-30.21,-8.42,-25.68,40.65,-32.67,1
g,2022-11-02 10:59:19.057017,0.43,-0.25,0.64,-2.50,-37.90,-11.54,-25.68,40.65,-32.67,1
g,2022-11-02 10:59:19.072729,0.51,-0.23,0.60,-3.17,-41.93,-10.25,-25.68,40.65,-32.67,1
g,2022-11-02 10:59:19.088344,0.47,-0.28,0.65,-0.49,-39.55,-9.28,-24.33,39.01,-28.65,1
g,2022-11-02 10:59:19.103973,0.58,-0.26,0.67,-3.36,-39.79,-7.32,-24.33,39.01,-28.65,1
g,2022-11-02 10:59:19.135644,0.53,-0.31,0.73,-4.39,-35.40,-4.82,-23.57,38.04,-22.88,1
g,2022-11-02 10:59:19.151355,0.83,-0.36,0.52,-9.28,-39.49,-2.44,-23.57,38.04,-22.88,1
g,2022-11-02 10:59:19.166973,0.62,-0.32,0.89,-19.53,-19.78,2.50,-23.57,38.04,-22.88,1
g,2022-11-02 10:59:19.198144,0.70,-0.42,0.81,-32.35,-16.30,9.52,-21.51,37.67,-17.59,1
g,2022-11-02 10:59:19.213768,0.76,-0.30,0.67,-9.28,-36.13,32.71,-21.51,37.67,-17.59,1
g,2022-11-02 10:59:19.229939,0.69,-0.51,0.75,-12.76,-27.59,40.83,-21.51,37.67,-17.59,1
g,2022-11-02 10:59:19.245654,0.69,-0.32,0.80,-46.94,-5.13,20.75,-18.43,38.60,-16.26,1
g,2022-11-02 10:59:19.276827,0.60,-0.15,0.91,-29.30,1.34,34.06,-18.43,38.60,-16.26,1
g,2022-11-02 10:59:19.292448,0.67,-0.15,0.77,1.04,5.55,50.78,-18.71,39.42,-15.49,1
g,2022-11-02 10:59:19.308151,0.58,-0.26,0.84,3.42,9.70,42.97,-18.71,39.42,-15.49,1
g,2022-11-02 10:59:19.324259,0.51,-0.19,0.98,-15.38,10.50,18.68,-18.71,39.42,-15.49,1
g,2022-11-02 10:59:19.355526,0.44,0.05,0.99,-13.43,0.37,-0.67,-19.48,41.82,-16.83,1
g,2022-11-02 10:59:19.371216,0.47,0.06,0.89,3.48,-8.36,-4.88,-19.48,41.82,-16.83,1
g,2022-11-02 10:59:19.386847,0.36,-0.13,0.78,20.63,-8.48,-10.31,-20.47,41.94,-19.04,1
g,2022-11-02 10:59:19.405332,0.14,-0.03,0.76,-7.14,7.75,-19.96,-20.47,41.94,-19.04,1
g,2022-11-02 10:59:19.436673,0.26,0.04,0.76,-13.43,39.92,4.15,-20.47,41.94,-19.04,1
g,2022-11-02 10:59:19.458408,0.57,-0.02,0.74,6.23,53.53,7.93,-19.58,41.63,-20.59,1
g,2022-11-02 10:59:19.474540,0.63,-0.07,0.80,20.94,58.17,-1.16,-19.58,41.63,-20.59,1
g,2022-11-02 10:59:19.490168,0.67,-0.16,0.78,28.14,51.03,-15.44,-17.72,39.95,-22.36,1
g,2022-11-02 10:59:19.505860,0.67,-0.20,0.75,12.33,38.15,-37.29,-17.72,39.95,-22.36,1
g,2022-11-02 10:59:19.521878,0.67,-0.19,0.74,-0.37,27.89,-45.53,-17.72,39.95,-22.36,1
