g,2022-10-31 11:28:34.564542,0.13,-0.06,0.97,23.32,16.24,-14.89,-2.17,6.80,-64.93,1
g,2022-10-31 11:28:34.582467,0.14,-0.05,0.91,5.07,6.59,-18.37,-2.17,6.80,-64.93,1
g,2022-10-31 11:28:34.601482,0.18,-0.02,0.87,-2.32,2.26,-23.50,0.93,9.39,-64.23,1
g,2022-10-31 11:28:34.619375,0.19,0.08,0.83,14.16,3.60,-17.33,0.93,9.39,-64.23,1
g,2022-10-31 11:28:34.637373,0.13,0.02,0.87,43.27,7.45,-2.93,0.93,9.39,-64.23,1
g,2022-10-31 11:28:34.656291,0.05,-0.14,0.99,49.99,2.93,5.00,3.85,12.32,-64.06,1
g,2022-10-31 11:28:34.674481,-0.03,-0.25,1.05,29.66,-6.53,-5.00,3.85,12.32,-64.06,1
g,2022-10-31 11:28:34.693585,-0.04,-0.22,1.03,-0.98,-15.50,-26.67,6.54,15.26,-64.07,1
g,2022-10-31 11:28:34.711744,0.00,0.03,0.93,-16.36,-13.79,-23.56,6.54,15.26,-64.07,1
g,2022-10-31 11:28:34.729561,0.06,0.05,0.86,4.76,-6.84,-14.95,6.54,15.26,-64.07,1
g,2022-10-31 11:28:34.748363,0.07,0.01,0.88,28.20,-1.71,-9.52,7.85,18.03,-64.16,1
g,2022-10-31 11:28:34.766386,0.05,-0.06,0.94,39.98,-3.48,-4.82,7.85,18.03,-64.16,1
g,2022-10-31 11:28:34.784505,-0.02,-0.15,0.97,47.42,-4.39,-4.82,7.85,18.03,-64.16,1
g,2022-10-31 11:28:34.803457,-0.01,-0.17,0.93,52.31,6.35,4.46,9.73,22.91,-64.06,1
g,2022-10-31 11:28:34.821451,-1.30,-0.40,1.02,56.52,19.41,20.75,9.73,22.91,-64.06,1
g,2022-10-31 11:28:34.839460,0.07,-0.28,1.02,-51.76,23.99,7.69,9.73,22.91,-64.06,1
g,2022-10-31 11:28:34.858470,0.01,0.10,0.96,-24.90,33.75,-0.61,11.38,24.10,-64.72,1
g,2022-10-31 11:28:34.876309,0.04,0.07,0.88,29.30,33.26,27.16,11.38,24.10,-64.72,1
g,2022-10-31 11:28:34.895391,-0.01,0.04,0.85,40.28,44.01,55.79,12.60,25.27,-65.04,1
g,2022-10-31 11:28:34.913367,0.09,-0.05,0.91,50.48,47.06,92.22,12.60,25.27,-65.04,1
g,2022-10-31 11:28:34.931400,0.14,-0.26,0.99,39.92,32.10,104.61,12.60,25.27,-65.04,1
g,2022-10-31 11:28:34.950460,0.10,-0.34,1.07,-1.89,2.56,75.93,13.29,26.23,-62.45,1
g,2022-10-31 11:28:34.968430,0.09,-0.14,1.09,-59.45,-52.86,43.09,13.29,26.23,-62.45,1
g,2022-10-31 11:28:34.986458,0.10,0.00,0.96,-49.26,-76.42,32.47,13.29,26.23,-62.45,1
g,2022-10-31 11:28:35.005454,0.12,0.15,0.93,-31.74,-83.86,25.51,8.95,23.43,-64.44,1
g,2022-10-31 11:28:35.023491,0.09,0.04,0.95,-2.56,-72.45,24.05,8.95,23.43,-64.44,1
g,2022-10-31 11:28:35.041465,0.08,-0.13,0.98,13.73,-56.21,9.64,8.95,23.43,-64.44,1
g,2022-10-31 11:28:35.060470,0.08,-0.12,1.04,8.91,-43.70,-21.48,4.54,24.30,-63.84,1
g,2022-10-31 11:28:35.078562,0.07,-0.16,1.01,25.82,-14.40,-75.01,4.54,24.30,-63.84,1
g,2022-10-31 11:28:35.097562,-0.00,-0.03,1.07,48.89,17.03,-83.31,3.25,25.24,-62.87,1
g,2022-10-31 11:28:35.115396,0.04,-0.17,1.12,56.03,47.18,-50.54,3.25,25.24,-62.87,1
g,2022-10-31 11:28:35.133568,0.08,-0.22,1.05,49.74,76.60,-36.99,3.25,25.24,-62.87,1
g,2022-10-31 11:28:35.152568,0.07,-0.05,1.09,29.79,84.35,-30.70,6.91,28.34,-63.20,1
g,2022-10-31 11:28:35.170430,0.05,-0.27,1.08,14.34,66.22,-7.63,6.91,28.34,-63.20,1
g,2022-10-31 11:28:35.188489,0.06,-0.23,1.06,-17.15,52.92,-1.40,6.91,28.34,-63.20,1
g,2022-10-31 11:28:35.207471,0.03,-0.22,1.02,-35.03,38.15,9.64,10.25,29.08,-63.64,1
g,2022-10-31 11:28:35.225420,0.04,-0.14,1.02,-58.23,16.36,19.90,10.25,29.08,-63.64,1
g,2022-10-31 11:28:35.243492,0.08,-0.08,0.93,-71.66,-20.87,13.12,10.25,29.08,-63.64,1
g,2022-10-31 11:28:35.262476,0.06,0.24,0.70,-1.89,-26.06,8.85,11.08,26.23,-63.61,1
g,2022-10-31 11:28:35.280436,0.06,-0.00,0.76,4.94,-35.22,22.03,11.08,26.23,-63.61,1
g,2022-10-31 11:28:35.299470,-0.02,-0.25,0.83,3.36,-47.61,23.01,9.58,27.03,-64.12,1
g,2022-10-31 11:28:35.317593,0.03,-0.21,0.87,-12.21,-72.14,15.44,9.58,27.03,-64.12,1
g,2022-10-31 11:28:35.335608,0.01,-0.13,0.87,-26.79,-83.50,11.84,9.58,27.03,-64.12,1
g,2022-10-31 11:28:35.354585,0.05,-0.12,0.93,-78.19,-116.58,-0.37,4.63,24.10,-63.49,1
g,2022-10-31 11:28:35.372570,-0.03,-0.07,0.80,-72.14,-120.48,-16.60,4.63,24.10,-63.49,1
g,2022-10-31 11:28:35.390599,-0.16,0.03,0.79,-20.51,-91.98,-18.86,4.63,24.10,-63.49,1
g,2022-10-31 11:28:35.409421,-0.21,0.09,0.85,6.10,-56.09,0.61,-1.59,19.49,-64.09,1
g,2022-10-31 11:28:35.427494,-0.19,-0.07,1.00,19.53,-28.63,19.47,-1.59,19.49,-64.09,1
