t,2022-10-15 11:32:19.578268,0.58,-0.05,0.81,22.52,7.14,-18.98,7.96,-86.51,-71.23,1
t,2022-10-15 11:32:19.589425,0.59,-0.08,0.81,29.17,9.16,-18.37,7.96,-86.51,-71.23,1
t,2022-10-15 11:32:19.607636,0.61,-0.12,0.82,35.46,11.11,-15.56,7.96,-86.51,-71.23,1
t,2022-10-15 11:32:19.609150,0.61,-0.20,0.84,35.58,9.95,-14.77,10.52,-86.94,-69.21,1
t,2022-10-15 11:32:19.619674,0.63,-0.24,0.85,34.36,8.42,-14.65,10.52,-86.94,-69.21,1
t,2022-10-15 11:32:19.637251,0.60,-0.26,0.84,34.24,6.71,-15.08,10.52,-86.94,-69.21,1
t,2022-10-15 11:32:19.640229,0.58,-0.25,0.83,32.71,4.82,-15.32,10.52,-86.94,-69.21,1
t,2022-10-15 11:32:19.650992,0.55,-0.24,0.82,33.75,2.14,-7.39,10.52,-86.94,-69.21,1
t,2022-10-15 11:32:19.666783,0.56,-0.32,0.77,35.03,1.95,-1.46,13.17,-86.46,-66.16,1
t,2022-10-15 11:32:19.672020,0.60,-0.30,0.75,35.77,2.81,4.94,13.17,-86.46,-66.16,1
t,2022-10-15 11:32:19.684473,0.64,-0.28,0.75,38.02,3.85,12.02,13.17,-86.46,-66.16,1
t,2022-10-15 11:32:19.689889,0.64,-0.28,0.77,41.32,2.93,27.47,0.00,nan,0.00,1
t,2022-10-15 11:32:19.698671,0.60,-0.30,0.79,0.00,0.00,0.00,0.00,0.00,0.00,1
t,2022-10-15 11:32:19.716857,0.57,-0.39,0.76,42.54,0.73,30.94,15.04,-85.23,-60.88,1
t,2022-10-15 11:32:19.716857,0.60,-0.43,0.71,33.94,0.06,26.43,15.04,-85.23,-60.88,1
t,2022-10-15 11:32:19.730580,0.63,-0.31,0.76,20.14,-3.17,22.77,15.04,-85.23,-60.88,1
t,2022-10-15 11:32:19.735999,0.65,-0.22,0.79,18.74,-9.52,23.68,15.04,-85.23,-60.88,1
t,2022-10-15 11:32:19.746511,0.66,-0.16,0.78,25.15,-20.57,29.91,15.04,-85.23,-60.88,1
t,2022-10-15 11:32:19.753077,0.66,-0.19,0.72,33.08,-33.63,38.94,15.21,-84.70,-57.79,1
t,2022-10-15 11:32:19.771432,0.48,-0.28,0.64,34.42,-31.80,42.91,15.21,-84.70,-57.79,1
t,2022-10-15 11:32:19.778451,0.44,-0.56,0.77,-22.40,1.77,19.59,15.21,-84.70,-57.79,1
t,2022-10-15 11:32:19.784373,0.40,-0.01,0.79,-60.55,-0.24,0.49,15.21,-84.70,-57.79,1
t,2022-10-15 11:32:19.796176,0.49,-0.05,0.73,-53.34,-4.27,-5.13,15.21,-84.70,-57.79,1
t,2022-10-15 11:32:19.810221,0.54,-0.10,0.67,-50.90,-5.37,-7.87,15.12,-86.56,-57.48,1
t,2022-10-15 11:32:19.815769,0.49,-0.11,0.62,-41.26,-1.04,-4.39,15.12,-86.56,-57.48,1
t,2022-10-15 11:32:19.829449,0.30,-0.23,0.78,-35.28,-16.11,2.44,15.12,-86.56,-57.48,1
t,2022-10-15 11:32:19.841570,0.35,-0.31,0.70,-33.94,-27.77,1.71,15.12,-86.56,-57.48,1
t,2022-10-15 11:32:19.845690,0.44,-0.25,0.64,-47.42,-33.69,-4.27,15.12,-86.56,-57.48,1
t,2022-10-15 11:32:19.860921,0.50,-0.17,0.47,-44.74,-25.33,-13.85,12.11,-89.01,-60.12,1
t,2022-10-15 11:32:19.873468,0.37,-0.07,0.71,-39.55,-25.33,-17.27,12.11,-89.01,-60.12,1
t,2022-10-15 11:32:19.876851,0.35,-0.06,0.67,-34.55,-27.71,-18.31,12.11,-89.01,-60.12,1
t,2022-10-15 11:32:19.893014,0.35,-0.15,0.78,-38.88,-30.70,-16.60,12.11,-89.01,-60.12,1
t,2022-10-15 11:32:19.897305,0.42,-0.22,0.59,-45.96,-36.68,-18.01,12.11,-89.01,-60.12,1
t,2022-10-15 11:32:19.909463,0.52,-0.14,0.51,-54.50,-32.90,-24.48,8.30,-91.49,-65.88,1
t,2022-10-15 11:32:19.919934,0.56,-0.06,0.72,-83.68,-22.58,-33.69,8.30,-91.49,-65.88,1
t,2022-10-15 11:32:19.925449,0.55,0.09,0.78,-94.67,-20.69,-36.62,8.30,-91.49,-65.88,1
t,2022-10-15 11:32:19.935484,0.58,0.10,0.89,-85.69,-16.11,-35.83,8.30,-91.49,-65.88,1
t,2022-10-15 11:32:19.956844,0.64,0.23,0.80,-67.93,-14.04,-37.48,8.30,-91.49,-65.88,1
t,2022-10-15 11:32:19.956844,0.81,0.36,0.95,-48.83,-1.71,-32.78,4.25,-95.76,-72.41,1
t,2022-10-15 11:32:19.968595,0.70,0.23,1.11,14.83,-0.06,-26.67,4.25,-95.76,-72.41,1
t,2022-10-15 11:32:19.983471,0.75,-0.01,1.18,31.74,-1.04,-24.84,4.25,-95.76,-72.41,1
t,2022-10-15 11:32:19.984857,0.79,0.15,1.10,31.56,-3.48,-32.96,4.25,-95.76,-72.41,1
t,2022-10-15 11:32:20.001132,0.74,0.01,1.10,51.94,-1.16,-34.67,4.25,-95.76,-72.41,1
t,2022-10-15 11:32:20.011168,0.73,-0.14,1.09,75.81,3.17,-30.64,3.55,-93.29,-74.90,1
t,2022-10-15 11:32:20.020740,0.68,-0.41,1.01,84.11,2.69,-17.21,0.00,nan,0.00,1
t,2022-10-15 11:32:20.031235,0.76,-0.58,0.81,74.52,3.78,-17.58,0.00,nan,0.00,1
t,2022-10-15 11:32:20.037544,0.64,-0.25,0.83,50.17,12.70,-35.58,0.00,nan,0.00,1
t,2022-10-15 11:32:20.047169,0.51,-0.07,0.91,34.36,21.97,-42.18,0.00,nan,0.00,1
t,2022-10-15 11:32:20.065736,0.36,-0.16,0.85,34.91,29.72,-33.20,6.97,-90.43,-72.41,1
t,2022-10-15 11:32:20.067237,0.47,-0.30,0.73,13.92,51.88,-7.75,6.97,-90.43,-72.41,1
t,2022-10-15 11:32:20.082295,0.60,-0.21,0.75,4.21,65.00,2.56,0.00,0.00,ovf,1
t,2022-10-15 11:32:20.084093,0.69,-0.12,0.80,2.69,73.12,13.06,0.00,0.00,ovf,1
t,2022-10-15 11:32:20.094426,0.75,-0.10,0.85,14.22,71.72,21.61,0.00,0.00,ovf,1
t,2022-10-15 11:32:20.100301,0.76,-0.06,0.93,37.66,64.88,26.79,0.00,0.00,ovf,1
t,2022-10-15 11:32:20.113181,0.73,-0.09,0.95,72.63,54.75,30.03,13.37,-89.23,-68.63,1
t,2022-10-15 11:32:20.127233,0.64,-0.18,0.91,96.25,39.79,30.46,13.37,-89.23,-68.63,1
t,2022-10-15 11:32:20.130491,0.54,-0.29,0.88,75.93,13.49,19.47,13.37,-89.23,-68.63,1
t,2022-10-15 11:32:20.145401,0.47,-0.35,0.79,52.61,7.20,9.64,13.37,-89.23,-68.63,1
t,2022-10-15 11:32:20.148966,0.54,-0.29,0.73,30.82,1.77,0.24,13.37,-89.23,-68.63,1
t,2022-10-15 11:32:20.160642,0.62,-0.22,0.71,20.45,-3.36,-6.35,16.50,-85.31,-64.71,1
t,2022-10-15 11:32:20.173333,0.67,-0.15,0.71,20.94,-9.83,-9.52,16.50,-85.31,-64.71,1
t,2022-10-15 11:32:20.179474,0.72,-0.11,0.73,27.77,-22.64,-7.69,16.50,-85.31,-64.71,1
t,2022-10-15 11:32:20.189382,0.74,-0.14,0.70,41.99,-41.44,-1.40,16.50,-85.31,-64.71,1
t,2022-10-15 11:32:20.205013,0.73,-0.24,0.68,67.02,-73.79,19.47,16.50,-85.31,-64.71,1
t,2022-10-15 11:32:20.210028,0.44,-1.28,0.64,-24.90,-22.40,4.39,14.90,-84.31,-61.85,1
t,2022-10-15 11:32:20.222917,0.50,0.18,1.00,-112.61,-6.23,-20.81,14.90,-84.31,-61.85,1
t,2022-10-15 11:32:20.225747,0.42,0.44,0.83,-88.44,-16.17,9.89,14.90,-84.31,-61.85,1
t,2022-10-15 11:32:20.237830,0.48,-0.66,0.58,13.31,-23.68,65.98,14.90,-84.31,-61.85,1
t,2022-10-15 11:32:20.254435,0.55,-0.88,0.46,13.31,-23.68,65.98,14.90,-84.31,-61.85,1
t,2022-10-15 11:32:20.257335,0.60,-0.65,0.53,-58.90,-7.08,42.79,13.13,-86.90,-62.28,1
t,2022-10-15 11:32:20.268166,0.52,-0.55,0.79,-69.64,1.59,22.22,13.13,-86.90,-62.28,1
t,2022-10-15 11:32:20.268166,0.57,-0.22,0.98,-98.45,3.11,10.44,13.13,-86.90,-62.28,1
t,2022-10-15 11:32:20.283809,0.58,-0.25,0.94,-89.05,-3.48,18.74,13.13,-86.90,-62.28,1
t,2022-10-15 11:32:20.299715,0.55,-0.19,0.92,-82.70,-7.81,25.88,13.13,-86.90,-62.28,1
t,2022-10-15 11:32:20.310298,0.61,0.01,0.86,-75.99,-12.82,28.14,13.20,-90.10,-63.54,1
t,2022-10-15 11:32:20.325129,0.57,-0.32,0.78,-54.20,-13.55,25.45,13.20,-90.10,-63.54,1
t,2022-10-15 11:32:20.331230,0.57,0.28,0.86,-72.75,-10.44,1.95,13.20,-90.10,-63.54,1
t,2022-10-15 11:32:20.336280,0.55,0.16,0.76,-68.42,-10.19,-3.72,13.20,-90.10,-63.54,1
t,2022-10-15 11:32:20.352169,0.52,0.33,0.78,-58.41,-8.00,-10.13,13.20,-90.10,-63.54,1
t,2022-10-15 11:32:20.352169,0.51,0.44,0.80,-57.80,-7.08,-15.81,12.24,-92.03,-63.06,1
t,2022-10-15 11:32:20.363851,0.47,0.48,0.81,-31.01,-9.64,-18.92,12.24,-92.03,-63.06,1
t,2022-10-15 11:32:20.380780,0.43,0.40,0.73,-9.95,-10.25,-9.34,12.24,-92.03,-63.06,1
t,2022-10-15 11:32:20.389090,0.36,0.20,0.67,22.89,-8.54,-7.75,12.24,-92.03,-63.06,1
t,2022-10-15 11:32:20.396711,0.30,0.15,0.67,21.36,-1.53,-13.00,12.24,-92.03,-63.06,1
t,2022-10-15 11:32:20.412740,0.39,0.13,0.76,14.71,10.62,-16.78,12.24,-92.03,-63.06,1
t,2022-10-15 11:32:20.418924,0.46,0.17,0.78,15.38,16.54,-18.49,11.98,-91.72,-63.85,1
t,2022-10-15 11:32:20.424869,0.49,0.12,0.76,42.48,18.86,-10.74,11.98,-91.72,-63.85,1
t,2022-10-15 11:32:20.438049,0.55,-0.03,0.73,44.92,20.75,-10.44,11.98,-91.72,-63.85,1
t,2022-10-15 11:32:20.442668,0.54,-0.05,0.77,42.30,21.61,-13.00,11.98,-91.72,-63.85,1
t,2022-10-15 11:32:20.460102,0.52,-0.03,0.81,35.28,19.90,-15.01,11.98,-91.72,-63.85,1
t,2022-10-15 11:32:20.461267,0.56,-0.04,0.81,28.99,16.17,-14.95,11.90,-90.81,-64.40,1
t,2022-10-15 11:32:20.472299,0.59,-0.03,0.80,21.30,9.46,-11.35,11.90,-90.81,-64.40,1
t,2022-10-15 11:32:20.488184,0.61,-0.08,0.77,20.57,9.16,-9.83,11.90,-90.81,-64.40,1
t,2022-10-15 11:32:20.493325,0.63,-0.12,0.78,19.90,10.19,-9.52,11.90,-90.81,-64.40,1
t,2022-10-15 11:32:20.508883,0.67,-0.13,0.83,18.07,10.31,-10.74,11.90,-90.81,-64.40,1
t,2022-10-15 11:32:20.511004,0.68,-0.14,0.87,17.76,6.96,-12.57,12.05,-91.11,-64.28,1
t,2022-10-15 11:32:20.529390,0.66,-0.16,0.86,20.39,1.28,-13.79,12.05,-91.11,-64.28,1
t,2022-10-15 11:32:20.535544,0.61,-0.21,0.82,20.14,-4.15,-14.16,12.05,-91.11,-64.28,1
t,2022-10-15 11:32:20.540508,0.56,-0.22,0.79,14.34,-7.14,-15.81,12.05,-91.11,-64.28,1
t,2022-10-15 11:32:20.551182,0.53,-0.20,0.79,-0.12,-4.52,-14.71,12.05,-91.11,-64.28,1
t,2022-10-15 11:32:20.556766,0.56,-0.16,0.82,-3.54,-1.22,-12.21,11.52,-93.65,-64.56,1
t,2022-10-15 11:32:20.568188,0.62,-0.15,0.82,-4.46,2.14,-10.19,11.52,-93.65,-64.56,1
