v,2022-11-04 17:48:50.607135,-0.23,0.66,0.77,-23.38,6.65,-10.19,-47.31,-3.64,-159.42,1
v,2022-11-04 17:48:50.625744,-0.23,0.72,0.77,-23.32,4.27,-21.73,-47.31,-3.64,-159.42,1
v,2022-11-04 17:48:50.648317,-0.19,0.69,0.80,-29.24,10.01,-41.81,-45.65,-6.48,-161.58,1
v,2022-11-04 17:48:50.664978,-0.13,0.48,0.61,-33.02,10.99,-33.69,-45.65,-6.48,-161.58,1
v,2022-11-04 17:48:50.684531,-0.32,0.49,0.77,-13.67,-8.12,7.02,-45.65,-6.48,-161.58,1
v,2022-11-04 17:48:50.704807,-0.29,0.67,0.66,16.97,-8.06,26.61,-44.23,-7.67,-160.72,1
v,2022-11-04 17:48:50.724253,-0.41,0.64,0.62,23.93,-9.34,4.33,-44.23,-7.67,-160.72,1
v,2022-11-04 17:48:50.742483,-0.22,0.50,0.65,17.64,-6.90,-19.04,-44.23,-7.67,-160.72,1
v,2022-11-04 17:48:50.762707,-0.22,0.56,0.64,10.93,16.66,-36.99,-43.08,-7.18,-160.63,1
v,2022-11-04 17:48:50.782652,-0.13,0.36,0.11,10.99,-46.81,-11.84,-43.08,-7.18,-160.63,1
v,2022-11-04 17:48:50.800699,-0.30,0.61,0.68,52.55,-98.51,21.85,-46.89,-5.98,-158.04,1
v,2022-11-04 17:48:50.818746,-0.26,0.61,0.69,40.34,-59.20,16.24,-46.89,-5.98,-158.04,1
v,2022-11-04 17:48:50.836508,-0.29,0.63,0.85,40.34,-53.10,19.04,-46.89,-5.98,-158.04,1
v,2022-11-04 17:48:50.856088,-0.36,0.60,0.92,38.88,-32.23,13.61,-50.38,-2.45,-152.75,1
v,2022-11-04 17:48:50.878649,-0.29,0.62,1.01,30.76,-16.97,10.07,-50.38,-2.45,-152.75,1
v,2022-11-04 17:48:50.897223,-0.35,0.63,0.95,22.64,-4.21,2.32,-52.45,0.20,-151.23,1
v,2022-11-04 17:48:50.915790,-0.38,0.65,0.94,19.17,-4.52,-6.96,-52.45,0.20,-151.23,1
v,2022-11-04 17:48:50.934883,-0.37,0.68,1.00,12.15,4.03,-26.31,-52.45,0.20,-151.23,1
v,2022-11-04 17:48:50.955781,-0.40,0.69,1.02,7.39,20.08,-35.83,-53.74,0.88,-151.04,1
v,2022-11-04 17:48:50.972822,-0.35,0.73,1.00,9.03,40.83,-43.03,-53.74,0.88,-151.04,1
v,2022-11-04 17:48:50.993115,-0.30,0.65,0.99,3.91,66.59,-53.41,-56.07,2.65,-153.33,1
v,2022-11-04 17:48:51.014900,-0.09,0.44,0.75,-3.11,74.46,-59.08,-56.07,2.65,-153.33,1
v,2022-11-04 17:48:51.031510,-0.08,0.33,0.70,0.85,48.89,-40.83,-56.07,2.65,-153.33,1
v,2022-11-04 17:48:51.051374,-0.04,0.23,0.66,10.25,14.71,-19.53,-58.25,2.94,-158.18,1
v,2022-11-04 17:48:51.069169,-0.10,0.35,0.75,5.31,6.16,-12.70,-58.25,2.94,-158.18,1
v,2022-11-04 17:48:51.088101,-0.07,0.27,0.60,1.71,14.10,-14.28,-58.25,2.94,-158.18,1
v,2022-11-04 17:48:51.109033,-0.07,0.30,0.68,-6.53,-0.61,-1.40,-59.02,2.40,-160.27,1
v,2022-11-04 17:48:51.127341,-0.17,0.45,0.74,-14.22,9.58,-9.58,-59.02,2.40,-160.27,1
v,2022-11-04 17:48:51.147818,-0.16,0.51,0.76,-21.61,20.75,-16.72,-58.75,1.39,-159.37,1
v,2022-11-04 17:48:51.170342,-0.41,0.42,0.88,-23.13,21.48,4.21,-58.75,1.39,-159.37,1
v,2022-11-04 17:48:51.188794,-0.47,0.58,0.86,2.44,50.72,55.79,-58.75,1.39,-159.37,1
v,2022-11-04 17:48:51.209874,-0.32,0.74,0.76,40.47,66.16,83.25,-55.74,1.64,-160.52,1
v,2022-11-04 17:48:51.228183,-0.25,0.71,0.74,52.55,55.54,68.54,-55.74,1.64,-160.52,1
v,2022-11-04 17:48:51.249510,-0.25,0.67,0.76,45.59,30.27,11.96,-53.53,4.03,-159.45,1
v,2022-11-04 17:48:51.268352,-0.09,0.54,0.78,31.80,15.69,-24.78,-53.53,4.03,-159.45,1
v,2022-11-04 17:48:51.288865,-0.00,0.48,0.78,14.22,-1.28,-51.39,-53.53,4.03,-159.45,1
v,2022-11-04 17:48:51.311822,0.09,0.41,0.76,2.99,-29.54,-66.83,-59.20,2.32,-157.07,1
v,2022-11-04 17:48:51.329733,0.09,0.35,0.81,-1.77,-50.35,-68.42,-59.20,2.32,-157.07,1
v,2022-11-04 17:48:51.349498,0.02,0.29,0.86,-12.76,-49.74,-53.41,-65.66,-0.83,-153.48,1
