m,2022-10-13 11:57:10.435772,-0.04,-0.94,0.53,-18.43,-10.68,-14.89,4.10,-15.52,33.75,1
m,2022-10-13 11:57:10.456399,-0.04,-0.90,0.58,-29.17,-10.01,-18.49,4.10,-15.52,33.75,1
m,2022-10-13 11:57:10.476761,-0.05,-0.85,0.63,-29.66,-9.52,-14.83,4.10,-15.52,33.75,1
m,2022-10-13 11:57:10.496895,-0.08,-0.82,0.62,-9.03,-6.90,0.55,4.68,-16.38,34.56,1
m,2022-10-13 11:57:10.517513,-0.03,-0.86,0.55,-0.37,-5.43,7.39,4.68,-16.38,34.56,1
m,2022-10-13 11:57:10.537587,-0.02,-0.88,0.54,-4.88,-9.40,6.65,3.60,-16.87,34.29,1
m,2022-10-13 11:57:10.557591,-0.04,-0.85,0.56,-12.51,-6.77,2.38,3.60,-16.87,34.29,1
m,2022-10-13 11:57:10.577592,-0.04,-0.80,0.60,-17.27,-6.65,0.98,3.60,-16.87,34.29,1
m,2022-10-13 11:57:10.597593,-0.05,-0.75,0.65,-15.14,-5.19,-2.20,1.95,-18.20,36.02,1
m,2022-10-13 11:57:10.617592,-0.08,-0.75,0.63,-9.89,-1.65,0.79,1.95,-18.20,36.02,1
m,2022-10-13 11:57:10.642441,-0.03,-0.72,0.56,-3.30,-3.36,6.16,0.07,-18.40,34.94,1
m,2022-10-13 11:57:10.662525,-0.04,-0.71,0.56,-2.99,-6.10,4.39,0.07,-18.40,34.94,1
m,2022-10-13 11:57:10.682526,-0.11,-0.68,0.52,-4.82,-6.77,-6.65,0.07,-18.40,34.94,1
m,2022-10-13 11:57:10.702525,-0.06,-0.66,0.61,6.71,-0.98,-2.75,-0.67,-19.48,36.66,1
m,2022-10-13 11:57:10.722525,-0.07,-0.65,0.60,12.76,0.85,9.58,-0.67,-19.48,36.66,1
m,2022-10-13 11:57:10.742528,-0.07,-0.68,0.50,11.47,10.01,-3.72,-0.16,-19.45,36.30,1
m,2022-10-13 11:57:10.763085,-0.07,-0.68,0.51,8.97,2.62,-8.67,-0.16,-19.45,36.30,1
m,2022-10-13 11:57:10.783098,-0.07,-0.64,0.55,8.24,-2.81,-12.70,2.14,-20.29,36.16,1
m,2022-10-13 11:57:10.803095,-0.07,-0.69,0.61,9.58,-4.46,-17.94,2.14,-20.29,36.16,1
m,2022-10-13 11:57:10.823098,-0.06,-0.74,0.62,17.15,-2.26,-11.66,2.14,-20.29,36.16,1
m,2022-10-13 11:57:10.843203,-0.07,-0.89,0.64,24.41,-2.62,-3.66,5.52,-20.72,37.66,1
m,2022-10-13 11:57:10.863218,-0.06,-0.95,0.64,20.51,-4.09,-3.11,5.52,-20.72,37.66,1
m,2022-10-13 11:57:10.893099,-0.06,-1.03,0.66,5.25,-3.54,-7.75,8.73,-21.08,38.65,1
m,2022-10-13 11:57:10.913120,-0.06,-1.03,0.68,-0.06,-2.44,-4.88,8.73,-21.08,38.65,1
m,2022-10-13 11:57:10.933098,-0.07,-0.91,0.61,-14.65,-5.43,-13.00,8.73,-21.08,38.65,1
m,2022-10-13 11:57:10.953332,-0.06,-0.94,0.68,-15.08,-3.05,8.67,8.31,-20.65,38.35,1
m,2022-10-13 11:57:10.973332,-0.06,-0.84,0.71,-12.08,-1.77,2.75,8.31,-20.65,38.35,1
m,2022-10-13 11:57:10.993333,-0.05,-0.78,0.66,-12.15,7.75,12.45,6.14,-20.45,37.27,1
m,2022-10-13 11:57:11.014422,-0.05,-0.71,0.68,-7.39,6.47,12.88,6.14,-20.45,37.27,1
m,2022-10-13 11:57:11.034524,-0.05,-0.71,0.65,0.55,9.77,9.58,2.44,-20.30,36.82,1
m,2022-10-13 11:57:11.054851,-0.05,-0.69,0.61,1.40,9.28,5.98,2.44,-20.30,36.82,1
m,2022-10-13 11:57:11.080894,-0.06,-0.67,0.54,-2.93,5.68,0.67,2.44,-20.30,36.82,1
m,2022-10-13 11:57:11.101060,-0.07,-0.63,0.53,-2.99,0.79,-1.77,0.93,-20.74,37.22,1
m,2022-10-13 11:57:11.121005,-0.07,-0.64,0.48,2.62,1.28,-4.52,0.93,-20.74,37.22,1
m,2022-10-13 11:57:11.141005,-0.08,-0.63,0.50,7.32,2.87,-5.13,0.21,-20.67,35.73,1
m,2022-10-13 11:57:11.154926,-0.08,-0.65,0.47,9.16,6.41,-10.93,0.21,-20.67,35.73,1
m,2022-10-13 11:57:11.175051,-0.08,-0.67,0.50,10.99,1.10,-12.45,0.21,-20.67,35.73,1
m,2022-10-13 11:57:11.195192,-0.07,-0.69,0.52,12.27,-1.83,-16.97,2.62,-21.92,36.78,1
m,2022-10-13 11:57:11.215225,-0.07,-0.75,0.57,17.46,-3.36,-15.56,2.62,-21.92,36.78,1
m,2022-10-13 11:57:11.235224,-0.07,-0.84,0.59,22.58,-2.81,-11.47,6.65,-21.77,36.63,1
m,2022-10-13 11:57:11.255220,-0.07,-0.96,0.60,18.80,-1.22,-7.32,6.65,-21.77,36.63,1
m,2022-10-13 11:57:11.277000,-0.06,-1.02,0.65,13.00,-1.71,-2.87,6.65,-21.77,36.63,1
m,2022-10-13 11:57:11.297253,-0.06,-1.03,0.66,5.62,-0.12,-3.30,8.81,-21.64,36.58,1
m,2022-10-13 11:57:11.318093,-0.05,-0.91,0.63,-9.16,-0.98,-6.90,8.81,-21.64,36.58,1
m,2022-10-13 11:57:11.338108,-0.05,-0.86,0.67,-22.16,-11.47,-21.12,8.36,-20.74,37.17,1
m,2022-10-13 11:57:11.368131,-0.06,-0.84,0.70,-14.65,-0.18,-1.16,8.36,-20.74,37.17,1
m,2022-10-13 11:57:11.388131,-0.07,-0.84,0.68,-5.07,2.62,4.58,7.48,-21.48,36.72,1
m,2022-10-13 11:57:11.408093,-0.06,-0.81,0.67,-8.61,7.57,6.84,7.48,-21.48,36.72,1
m,2022-10-13 11:57:11.428096,-0.05,-0.76,0.68,-8.73,8.12,4.64,7.48,-21.48,36.72,1
m,2022-10-13 11:57:11.448095,-0.05,-0.73,0.63,-6.90,11.23,2.99,5.29,-21.37,36.82,1
m,2022-10-13 11:57:11.468093,-0.06,-0.71,0.61,-4.58,9.40,2.99,5.29,-21.37,36.82,1
m,2022-10-13 11:57:11.488462,-0.06,-0.69,0.59,-0.92,7.69,2.93,2.50,-21.18,36.40,1
m,2022-10-13 11:57:11.508483,-0.07,-0.66,0.54,3.60,7.26,4.15,2.50,-21.18,36.40,1
m,2022-10-13 11:57:11.528488,-0.07,-0.66,0.51,10.86,3.91,4.33,2.50,-21.18,36.40,1
m,2022-10-13 11:57:11.548496,-0.08,-0.71,0.44,21.00,0.61,6.29,1.56,-21.22,35.46,1
m,2022-10-13 11:57:11.568487,-0.09,-0.76,0.41,19.29,-0.43,4.39,1.56,-21.22,35.46,1
m,2022-10-13 11:57:11.588484,-0.08,-0.68,0.46,13.49,1.46,-2.69,3.38,-21.50,35.22,1
m,2022-10-13 11:57:11.610426,-0.08,-0.67,0.44,12.33,0.61,-10.80,3.38,-21.50,35.22,1
m,2022-10-13 11:57:11.630482,-0.08,-0.66,0.46,12.82,-5.86,-15.50,3.38,-21.50,35.22,1
m,2022-10-13 11:57:11.650541,-0.08,-0.66,0.49,17.33,-7.75,-20.57,5.82,-21.80,37.13,1
m,2022-10-13 11:57:11.670613,-0.08,-0.78,0.53,25.27,-2.99,-12.63,5.82,-21.80,37.13,1
m,2022-10-13 11:57:11.690627,-0.07,-0.88,0.59,37.72,-1.89,-1.28,11.67,-22.31,38.35,1
m,2022-10-13 11:57:11.710825,-0.05,-0.99,0.63,40.71,-7.87,3.42,11.67,-22.31,38.35,1
m,2022-10-13 11:57:11.730826,-0.05,-1.08,0.61,29.97,-9.70,2.81,15.58,-22.62,37.88,1
m,2022-10-13 11:57:11.750939,-0.05,-1.08,0.61,7.08,-13.24,6.10,15.58,-22.62,37.88,1
m,2022-10-13 11:57:11.770828,-0.07,-0.97,0.59,-0.06,-15.75,7.57,15.58,-22.62,37.88,1
m,2022-10-13 11:57:11.790839,-0.35,-1.00,0.93,-2.14,-13.79,4.21,16.14,-21.67,38.49,1
m,2022-10-13 11:57:11.810830,-0.81,-0.86,1.04,27.34,47.12,30.09,16.14,-21.67,38.49,1
m,2022-10-13 11:57:11.830828,-0.39,-0.83,0.84,74.34,101.32,49.07,12.71,-17.90,35.42,1
m,2022-10-13 11:57:11.850921,0.03,-1.12,0.28,107.06,108.58,62.38,12.71,-17.90,35.42,1
m,2022-10-13 11:57:11.870846,0.10,-1.31,0.12,83.37,70.62,52.92,12.71,-17.90,35.42,1
m,2022-10-13 11:57:11.890864,0.09,-1.37,-0.07,27.59,50.66,45.17,7.43,-12.39,33.03,1
m,2022-10-13 11:57:11.911144,0.15,-1.31,-0.11,-7.39,26.43,43.21,7.43,-12.39,33.03,1
m,2022-10-13 11:57:11.938333,0.13,-1.19,-0.09,-43.40,-12.08,44.25,4.00,-6.68,28.59,1
m,2022-10-13 11:57:11.948457,0.06,-1.10,-0.04,-63.23,-32.41,45.53,4.00,-6.68,28.59,1
m,2022-10-13 11:57:11.968453,0.05,-0.99,-0.04,-78.43,-57.50,44.98,4.00,-6.68,28.59,1
m,2022-10-13 11:57:11.998818,0.03,-0.85,-0.01,-99.30,-71.47,39.00,2.48,-0.24,26.11,1
m,2022-10-13 11:57:12.019230,0.07,-0.75,0.00,-124.51,-87.46,24.23,2.48,-0.24,26.11,1
m,2022-10-13 11:57:12.041921,0.13,-0.64,0.00,-133.00,-97.84,20.87,3.14,4.22,23.73,1
m,2022-10-13 11:57:12.062299,0.06,-0.55,0.08,-136.11,-116.27,16.91,3.14,4.22,23.73,1
m,2022-10-13 11:57:12.082628,0.10,-0.46,0.13,-134.83,-138.43,14.65,5.63,5.51,21.80,1
m,2022-10-13 11:57:12.102656,0.07,-0.35,0.20,-164.12,-132.32,-8.67,5.63,5.51,21.80,1
m,2022-10-13 11:57:12.122648,-0.01,-0.25,0.43,-190.31,-133.42,-24.90,5.63,5.51,21.80,1
m,2022-10-13 11:57:12.142653,-0.03,-0.07,0.72,-180.11,-120.48,-16.54,8.61,2.17,18.79,1
