m,2022-10-14 19:59:18.765172,0.04,-0.47,0.80,-3.05,8.73,-0.12,-55.80,34.56,-58.46,1
m,2022-10-14 19:59:18.789359,-0.00,-0.43,0.87,-12.76,8.91,-4.15,-54.91,33.24,-58.85,1
m,2022-10-14 19:59:18.806942,0.00,-0.42,0.88,-14.40,16.54,-6.53,-54.91,33.24,-58.85,1
m,2022-10-14 19:59:18.824736,0.04,-0.48,0.84,2.08,14.89,-1.34,-54.91,33.24,-58.85,1
m,2022-10-14 19:59:18.844391,0.07,-0.49,0.80,9.09,10.31,2.20,-52.95,32.63,-60.10,1
m,2022-10-14 19:59:18.862909,0.08,-0.50,0.77,-0.06,8.67,-0.67,-52.95,32.63,-60.10,1
m,2022-10-14 19:59:18.882252,0.06,-0.51,0.79,-10.07,8.54,-3.66,-52.95,32.63,-60.10,1
m,2022-10-14 19:59:18.903090,0.05,-0.48,0.81,-22.95,10.80,-5.00,-52.16,31.30,-60.84,1
m,2022-10-14 19:59:18.923023,0.07,-0.44,0.77,-28.26,10.62,-5.31,-52.16,31.30,-60.84,1
m,2022-10-14 19:59:18.943770,0.06,-0.34,0.65,-39.92,6.47,-10.62,-51.21,27.62,-63.39,1
m,2022-10-14 19:59:18.961891,0.03,-0.28,0.60,-40.89,-9.52,-18.31,-51.21,27.62,-63.39,1
m,2022-10-14 19:59:18.981886,-1.33,-1.33,1.42,-34.18,-9.52,11.29,-51.21,27.62,-63.39,1
m,2022-10-14 19:59:19.004441,-0.03,-0.31,0.61,15.14,-31.43,-7.63,-52.76,23.23,-63.01,1
m,2022-10-14 19:59:19.022623,0.03,-0.35,0.58,21.06,-62.07,-24.11,-52.76,23.23,-63.01,1
m,2022-10-14 19:59:19.041814,-0.03,-0.39,0.72,26.43,-77.27,-19.59,-58.98,23.75,-61.72,1
m,2022-10-14 19:59:19.060146,-0.05,-0.49,0.95,26.00,-84.47,-20.14,-58.98,23.75,-61.72,1
m,2022-10-14 19:59:19.079545,-0.08,-0.54,1.09,19.90,-53.65,-14.28,-58.98,23.75,-61.72,1
m,2022-10-14 19:59:19.099185,-0.09,-0.64,1.22,5.55,-27.77,-8.85,-66.39,23.01,-55.35,1
m,2022-10-14 19:59:19.117366,-0.09,-0.69,1.37,-7.87,-9.83,-4.82,-66.39,23.01,-55.35,1
m,2022-10-14 19:59:19.137194,-0.03,-0.52,1.14,-1.89,-7.14,0.67,-67.09,22.42,-55.33,1
m,2022-10-14 19:59:19.158157,-0.17,-0.64,1.43,-14.59,1.65,2.81,-67.09,22.42,-55.33,1
m,2022-10-14 19:59:19.176469,-0.10,-0.53,1.28,-14.28,58.84,24.17,-67.09,22.42,-55.33,1
m,2022-10-14 19:59:19.198085,-0.06,-0.39,1.06,-16.24,76.78,21.42,-63.12,22.49,-58.91,1
m,2022-10-14 19:59:19.217558,-0.02,-0.30,0.86,-12.94,68.54,11.41,-63.12,22.49,-58.91,1
m,2022-10-14 19:59:19.237620,-0.04,-0.29,0.80,-6.04,48.28,0.73,-54.35,22.07,-61.84,1
m,2022-10-14 19:59:19.256322,-0.04,-0.30,0.60,1.59,36.19,-8.24,-54.35,22.07,-61.84,1
m,2022-10-14 19:59:19.274705,-0.04,-0.33,0.45,7.32,19.17,-12.27,-54.35,22.07,-61.84,1
m,2022-10-14 19:59:19.295099,-0.01,-0.45,0.42,17.33,-1.22,-8.12,-48.60,20.56,-62.90,1
m,2022-10-14 19:59:19.314475,-0.07,-0.34,0.55,13.79,0.31,-4.09,-48.60,20.56,-62.90,1
m,2022-10-14 19:59:19.334100,-0.02,-0.29,0.49,21.79,-6.77,-23.13,-48.23,20.43,-62.79,1
m,2022-10-14 19:59:19.352015,-0.01,-0.44,0.67,34.61,-50.05,-27.04,-48.23,20.43,-62.79,1
m,2022-10-14 19:59:19.372337,-0.03,-0.50,0.83,36.99,-51.39,-19.47,-48.23,20.43,-62.79,1
m,2022-10-14 19:59:19.396889,-0.02,-0.62,0.99,34.73,-45.41,-10.74,-52.69,20.92,-60.17,1
m,2022-10-14 19:59:19.414134,-0.05,-0.73,1.19,14.95,-25.27,-2.87,-52.69,20.92,-60.17,1
m,2022-10-14 19:59:19.435380,-0.02,-0.71,1.22,-7.51,-2.26,1.28,-54.66,20.72,-59.40,1
m,2022-10-14 19:59:19.454379,0.00,-0.61,1.04,-5.86,-20.32,-12.51,-54.66,20.72,-59.40,1
m,2022-10-14 19:59:19.473640,-0.12,-0.62,1.25,-14.71,-3.60,-0.18,-54.66,20.72,-59.40,1
m,2022-10-14 19:59:19.493835,-0.06,-0.50,1.12,-12.63,51.57,18.01,-52.76,20.79,-59.95,1
m,2022-10-14 19:59:19.512176,-0.04,-0.42,0.99,-11.17,60.79,16.36,-52.76,20.79,-59.95,1
m,2022-10-14 19:59:19.535662,-0.01,-0.36,0.88,-9.16,67.38,12.27,-52.76,20.79,-59.95,1
m,2022-10-14 19:59:19.555051,-0.02,-0.27,0.72,-9.64,50.72,-1.04,-46.03,20.34,-62.95,1
m,2022-10-14 19:59:19.574357,-0.01,-0.32,0.54,-3.23,35.58,-10.68,-46.03,20.34,-62.95,1
m,2022-10-14 19:59:19.594617,-0.02,-0.44,0.46,16.36,-4.52,-9.64,-40.00,18.08,-63.81,1
m,2022-10-14 19:59:19.613708,-0.05,-0.42,0.52,16.78,-6.71,-7.08,-40.00,18.08,-63.81,1
m,2022-10-14 19:59:19.633668,-0.02,-0.30,0.44,24.54,-21.61,-34.61,-39.47,17.71,-61.62,1
m,2022-10-14 19:59:19.652116,-0.01,-0.40,0.52,43.58,-55.30,-43.95,-39.47,17.71,-61.62,1
m,2022-10-14 19:59:19.671389,-0.03,-0.51,0.55,51.82,-76.42,-36.80,-39.47,17.71,-61.62,1
m,2022-10-14 19:59:19.691552,-0.05,-0.57,0.73,52.49,-88.07,-26.25,-45.13,18.21,-61.39,1
m,2022-10-14 19:59:19.709631,-0.13,-0.65,0.90,32.10,-75.38,-25.27,-45.13,18.21,-61.39,1
m,2022-10-14 19:59:19.729785,-0.13,-0.68,1.00,9.95,-51.64,-18.31,-45.13,18.21,-61.39,1
m,2022-10-14 19:59:19.752997,-0.18,-0.72,1.19,-12.15,-28.26,-6.35,-51.94,17.54,-57.93,1
m,2022-10-14 19:59:19.772531,-0.19,-0.66,1.20,-26.49,0.06,6.77,-51.94,17.54,-57.93,1
m,2022-10-14 19:59:19.793111,-0.37,-0.60,1.20,-13.31,18.62,6.71,-52.44,16.59,-58.46,1
m,2022-10-14 19:59:19.812123,-0.31,-0.58,1.24,14.65,23.80,17.21,-52.44,16.59,-58.46,1
m,2022-10-14 19:59:19.832749,-0.11,-0.55,1.00,38.51,43.88,22.28,-52.44,16.59,-58.46,1
m,2022-10-14 19:59:19.851414,-0.04,-0.52,0.86,34.18,43.58,19.41,-48.52,20.75,-58.73,1
m,2022-10-14 19:59:19.869049,-0.00,-0.49,0.77,26.55,40.16,13.24,-48.52,20.75,-58.73,1
m,2022-10-14 19:59:19.890980,-0.01,-0.47,0.71,6.10,37.72,2.81,-41.46,23.27,-60.16,1
m,2022-10-14 19:59:19.908255,0.00,-0.46,0.69,0.85,31.74,-4.09,-41.46,23.27,-60.16,1
m,2022-10-14 19:59:19.926199,-0.02,-0.49,0.69,3.60,24.48,-6.53,-41.46,23.27,-60.16,1
m,2022-10-14 19:59:19.946910,0.01,-0.51,0.66,7.69,16.30,-7.93,-36.11,22.92,-58.33,1
