L,2022-10-28 19:26:09.900751,0.09,0.05,1.11,-74.77,-28.26,38.82,-3.16,35.80,-80.82,1
L,2022-10-28 19:26:09.920082,0.01,0.26,1.25,-76.17,-23.01,37.54,-3.16,35.80,-80.82,1
L,2022-10-28 19:26:09.938482,-0.08,0.33,1.37,-80.08,-15.26,27.04,-3.99,22.01,-84.51,1
L,2022-10-28 19:26:09.958974,-0.17,0.43,1.41,-71.90,3.54,16.24,-3.99,22.01,-84.51,1
L,2022-10-28 19:26:09.978986,-0.10,0.47,1.34,-52.31,13.55,12.39,-9.08,11.68,-90.45,1
L,2022-10-28 19:26:10.000028,-0.05,0.44,1.26,-34.61,16.60,0.92,-9.08,11.68,-90.45,1
L,2022-10-28 19:26:10.022462,-0.12,0.39,1.36,-29.91,25.15,-0.18,-9.08,11.68,-90.45,1
L,2022-10-28 19:26:10.040475,-0.07,0.42,1.25,-11.23,34.18,-0.12,-12.61,7.30,-95.19,1
L,2022-10-28 19:26:10.059469,0.04,0.26,1.04,-2.32,31.62,-8.06,-12.61,7.30,-95.19,1
L,2022-10-28 19:26:10.080463,0.02,0.31,1.03,-16.05,24.78,-17.33,-12.33,7.60,-100.48,1
L,2022-10-28 19:26:10.099483,-0.00,0.35,1.04,-25.09,29.60,-27.77,-12.33,7.60,-100.48,1
L,2022-10-28 19:26:10.118473,-0.00,0.35,1.00,-17.58,28.44,-31.74,-12.33,7.60,-100.48,1
L,2022-10-28 19:26:10.142745,0.01,0.25,0.98,12.51,24.17,-28.69,-9.42,8.29,-101.73,1
L,2022-10-28 19:26:10.161761,0.05,0.12,0.91,12.15,20.45,-20.08,-9.42,8.29,-101.73,1
L,2022-10-28 19:26:10.183758,0.02,0.08,0.93,7.26,14.16,-8.67,-5.52,12.22,-101.56,1
L,2022-10-28 19:26:10.205759,-0.05,0.17,0.99,-2.20,19.17,-11.84,-5.52,12.22,-101.56,1
L,2022-10-28 19:26:10.227847,0.05,0.13,0.84,-0.79,24.72,-18.68,-2.01,15.52,-99.38,1
L,2022-10-28 19:26:10.246758,0.12,0.07,0.78,2.14,14.59,-17.15,-2.01,15.52,-99.38,1
L,2022-10-28 19:26:10.268081,0.10,0.06,0.66,1.04,4.52,-11.05,-2.01,15.52,-99.38,1
L,2022-10-28 19:26:10.287084,0.15,0.06,0.52,2.14,-10.31,-11.66,-0.27,18.46,-100.16,1
L,2022-10-28 19:26:10.307080,-2.22,-0.19,3.09,-2.26,-50.96,-20.63,-0.27,18.46,-100.16,1
L,2022-10-28 19:26:10.327078,-0.00,-0.01,0.78,55.30,2.50,10.25,0.83,19.71,-99.05,1
L,2022-10-28 19:26:10.347078,-0.14,-0.06,0.03,-21.06,6.96,-8.73,0.83,19.71,-99.05,1
L,2022-10-28 19:26:10.365077,-0.00,0.05,0.70,-22.64,-51.64,-25.82,0.83,19.71,-99.05,1
L,2022-10-28 19:26:10.387089,-0.04,0.04,0.74,-25.76,-66.71,-22.34,0.29,17.85,-100.07,1
L,2022-10-28 19:26:10.407081,-0.01,0.15,0.75,-4.09,-67.20,-11.29,0.29,17.85,-100.07,1
L,2022-10-28 19:26:10.427082,-0.06,0.12,0.89,18.74,-64.64,14.34,-3.69,12.82,-103.00,1
L,2022-10-28 19:26:10.446374,-0.05,0.08,1.00,38.33,-46.88,9.89,-3.69,12.82,-103.00,1
L,2022-10-28 19:26:10.465363,-0.04,0.08,1.07,20.57,-30.15,2.20,-3.69,12.82,-103.00,1
L,2022-10-28 19:26:10.486809,-0.07,0.08,1.17,7.57,-7.93,-3.72,-7.39,8.53,-103.83,1
L,2022-10-28 19:26:10.506826,-0.00,0.05,1.17,8.18,-3.91,-2.93,-7.39,8.53,-103.83,1
L,2022-10-28 19:26:10.527821,-0.04,0.09,1.23,12.63,1.95,4.39,-9.39,4.13,-104.70,1
L,2022-10-28 19:26:10.545812,-0.03,0.14,1.19,14.71,1.71,6.59,-9.39,4.13,-104.70,1
L,2022-10-28 19:26:10.566204,-0.03,0.11,1.13,10.19,-2.87,-0.06,-9.39,4.13,-104.70,1
L,2022-10-28 19:26:10.587184,-0.08,0.15,1.14,7.32,-7.69,-6.96,-9.47,2.73,-103.41,1
L,2022-10-28 19:26:10.606184,-0.10,0.33,1.14,7.32,-4.15,-11.29,-9.47,2.73,-103.41,1
L,2022-10-28 19:26:10.626655,-0.12,0.47,1.06,2.20,16.60,-41.81,-9.14,4.19,-100.55,1
L,2022-10-28 19:26:10.647076,-0.08,0.38,0.92,34.30,18.37,-38.02,-9.14,4.19,-100.55,1
L,2022-10-28 19:26:10.667090,-0.06,0.18,0.84,76.90,3.36,-24.23,-9.14,4.19,-100.55,1
L,2022-10-28 19:26:10.688098,-0.03,-0.20,0.90,94.30,-4.09,-15.38,-6.48,6.47,-92.96,1
L,2022-10-28 19:26:10.708078,0.01,-0.39,0.92,90.76,-10.99,8.24,-6.48,6.47,-92.96,1
L,2022-10-28 19:26:10.730423,0.00,-0.73,0.95,66.89,-14.04,17.52,-3.42,9.86,-86.95,1
L,2022-10-28 19:26:10.750549,-0.04,-0.61,1.01,-8.24,-19.29,31.62,-3.42,9.86,-86.95,1
L,2022-10-28 19:26:10.772553,-0.53,-0.34,1.55,-86.00,-5.80,10.19,-3.83,10.84,-85.36,1
L,2022-10-28 19:26:10.792556,-0.49,-0.40,1.33,52.31,64.27,72.94,-3.83,10.84,-85.36,1
L,2022-10-28 19:26:10.811004,-0.10,-0.44,0.90,32.23,60.67,54.99,-3.83,10.84,-85.36,1
L,2022-10-28 19:26:10.833000,-0.06,-0.53,0.97,-7.69,38.21,33.45,-4.82,17.76,-88.38,1
L,2022-10-28 19:26:10.855076,0.19,-0.33,0.73,-7.69,24.35,48.58,-4.82,17.76,-88.38,1
L,2022-10-28 19:26:10.881013,0.25,-0.11,0.58,-26.67,7.75,49.68,-7.97,21.68,-91.00,1
