L,2022-10-28 19:26:32.868792,-0.08,0.04,1.07,-35.95,2.32,-31.92,11.96,67.24,-66.69,1
L,2022-10-28 19:26:32.888781,-0.09,-0.07,1.12,-9.16,5.25,-30.88,11.96,67.24,-66.69,1
L,2022-10-28 19:26:32.906800,-0.12,-0.19,1.16,-5.43,11.23,-30.94,11.96,67.24,-66.69,1
L,2022-10-28 19:26:32.927794,-0.07,-0.33,1.11,-4.88,23.38,-30.03,8.25,71.79,-64.29,1
L,2022-10-28 19:26:32.948127,0.00,-0.35,1.01,-7.39,20.14,-29.79,8.25,71.79,-64.29,1
L,2022-10-28 19:26:32.968662,0.00,-0.38,0.96,-26.06,19.78,-30.40,2.64,78.42,-64.99,1
L,2022-10-28 19:26:32.988661,-0.02,-0.37,0.88,-34.12,20.51,-26.12,2.64,78.42,-64.99,1
L,2022-10-28 19:26:33.008665,0.00,-0.35,0.84,-21.55,13.12,-10.19,2.64,78.42,-64.99,1
L,2022-10-28 19:26:33.028686,-0.06,-0.34,0.81,-26.98,11.84,-11.29,-1.73,84.31,-65.58,1
L,2022-10-28 19:26:33.049182,-0.12,-0.37,0.85,-51.21,11.35,-25.70,-1.73,84.31,-65.58,1
L,2022-10-28 19:26:33.069597,-0.24,-0.41,0.95,-38.94,15.14,-10.50,-3.99,89.95,-67.57,1
L,2022-10-28 19:26:33.089597,-0.19,-0.39,0.94,-7.39,15.38,19.04,-3.99,89.95,-67.57,1
L,2022-10-28 19:26:33.111623,-0.13,-0.32,0.86,-8.85,12.82,18.80,-3.54,92.40,-67.66,1
L,2022-10-28 19:26:33.132090,-0.06,-0.24,0.81,-18.74,9.83,8.36,-3.54,92.40,-67.66,1
L,2022-10-28 19:26:33.151095,0.03,-0.18,0.78,-18.55,3.42,5.07,-3.54,92.40,-67.66,1
L,2022-10-28 19:26:33.175085,-0.00,-0.25,0.69,-7.45,-8.85,6.59,-0.89,93.47,-68.37,1
L,2022-10-28 19:26:33.195084,0.03,-0.20,0.61,-8.85,-29.54,6.35,-0.89,93.47,-68.37,1
L,2022-10-28 19:26:33.216086,-2.46,0.37,2.95,-10.13,-51.33,-4.94,4.47,96.66,-68.65,1
L,2022-10-28 19:26:33.235086,0.03,0.15,0.41,27.10,31.98,-5.55,4.47,96.66,-68.65,1
L,2022-10-28 19:26:33.255102,-0.11,-0.30,0.70,47.49,-39.55,-11.78,4.47,96.66,-68.65,1
L,2022-10-28 19:26:33.276084,-0.08,-0.16,0.63,28.63,-43.64,-11.41,4.88,97.80,-63.90,1
L,2022-10-28 19:26:33.295510,-0.12,-0.21,0.73,1.89,-65.98,-30.64,4.88,97.80,-63.90,1
L,2022-10-28 19:26:33.316509,-0.14,-0.15,0.80,-11.23,-59.81,-35.58,3.50,100.78,-65.71,1
L,2022-10-28 19:26:33.336512,-0.17,-0.14,0.82,-7.39,-57.68,-35.16,3.50,100.78,-65.71,1
L,2022-10-28 19:26:33.356516,-0.22,-0.15,0.90,21.91,-47.36,-17.76,3.50,100.78,-65.71,1
L,2022-10-28 19:26:33.376700,-0.23,-0.19,0.99,36.50,-41.56,-8.85,1.40,105.08,-65.81,1
L,2022-10-28 19:26:33.396745,-0.28,-0.27,1.14,40.77,-23.25,-0.98,1.40,105.08,-65.81,1
L,2022-10-28 19:26:33.416756,-0.27,-0.31,1.18,41.38,-11.72,3.30,-1.94,108.98,-61.66,1
L,2022-10-28 19:26:33.438814,-0.31,-0.41,1.28,27.34,10.01,13.24,-1.94,108.98,-61.66,1
L,2022-10-28 19:26:33.458760,-0.31,-0.48,1.31,13.24,21.24,22.77,-4.02,109.62,-59.23,1
L,2022-10-28 19:26:33.476747,-0.18,-0.38,1.03,-5.62,24.84,27.04,-4.02,109.62,-59.23,1
L,2022-10-28 19:26:33.495749,-0.18,-0.27,1.00,-4.21,5.86,13.98,-4.02,109.62,-59.23,1
L,2022-10-28 19:26:33.516183,-0.19,-0.22,0.99,-1.77,-4.15,0.98,-3.71,109.61,-59.72,1
L,2022-10-28 19:26:33.535205,-0.21,0.03,1.07,8.85,0.67,-8.91,-3.71,109.61,-59.72,1
L,2022-10-28 19:26:33.553641,-0.17,0.14,0.98,13.18,20.20,-22.95,-3.71,109.61,-59.72,1
L,2022-10-28 19:26:33.574156,-0.15,0.15,0.93,27.16,26.98,-35.83,-9.28,111.18,-58.63,1
L,2022-10-28 19:26:33.593160,-0.18,-0.08,0.82,45.17,14.59,-47.30,-9.28,111.18,-58.63,1
L,2022-10-28 19:26:33.613182,-0.29,-0.55,0.87,47.18,7.26,-37.90,-25.07,113.78,-55.98,1
L,2022-10-28 19:26:33.632157,-0.44,-1.03,0.91,44.25,8.73,13.49,-25.07,113.78,-55.98,1
L,2022-10-28 19:26:33.652359,-0.77,-0.53,1.22,64.15,50.66,98.75,-25.07,113.78,-55.98,1
L,2022-10-28 19:26:33.672356,-0.43,-0.48,0.99,78.49,77.45,73.24,-27.50,111.84,-54.10,1
L,2022-10-28 19:26:33.690353,-0.18,-0.70,0.78,82.21,65.25,39.86,-27.50,111.84,-54.10,1
L,2022-10-28 19:26:33.709621,-0.01,-0.72,0.67,106.14,42.18,67.14,-24.84,102.62,-50.81,1
L,2022-10-28 19:26:33.726702,0.03,-0.61,0.51,119.93,30.40,85.45,-24.84,102.62,-50.81,1
L,2022-10-28 19:26:33.745592,0.16,-0.80,0.25,101.26,10.99,64.33,-24.84,102.62,-50.81,1
L,2022-10-28 19:26:33.765890,0.11,-0.88,0.22,10.80,-36.38,9.09,-17.24,94.84,-48.88,1
L,2022-10-28 19:26:33.785351,-0.18,-0.70,0.53,-19.96,-47.97,1.46,-17.24,94.84,-48.88,1
L,2022-10-28 19:26:33.804363,-0.24,-0.58,0.58,-21.91,-44.37,6.90,-17.24,94.84,-48.88,1
L,2022-10-28 19:26:33.824357,-0.26,-0.52,0.67,3.17,-33.02,21.61,-7.69,87.00,-49.60,1
L,2022-10-28 19:26:33.844349,-0.15,-0.60,0.56,10.07,-33.75,17.82,-7.69,87.00,-49.60,1
L,2022-10-28 19:26:33.865353,-0.17,-0.74,0.63,-5.25,-45.17,3.97,0.95,76.34,-53.74,1
L,2022-10-28 19:26:33.884361,-0.20,-0.76,0.74,-15.50,-49.26,5.31,0.95,76.34,-53.74,1
L,2022-10-28 19:26:33.903352,-0.28,-0.77,0.78,-26.55,-49.01,3.60,0.95,76.34,-53.74,1
L,2022-10-28 19:26:33.924360,-0.33,-0.75,0.85,-17.82,-45.96,15.75,7.84,63.77,-60.63,1
