G,2022-10-19 15:18:06.277297,-0.01,0.97,-0.24,-28.93,115.30,2.75,17.54,21.31,26.55,1
G,2022-10-19 15:18:06.295210,-0.03,0.98,-0.25,-15.08,118.29,-0.06,17.54,21.31,26.55,1
G,2022-10-19 15:18:06.314786,0.05,0.92,-0.27,-24.90,99.98,-5.25,9.41,17.91,21.96,1
G,2022-10-19 15:18:06.332965,0.07,0.92,-0.36,-46.14,77.45,-5.80,9.41,17.91,21.96,1
G,2022-10-19 15:18:06.350364,0.06,0.94,-0.58,-53.59,60.73,-4.58,9.41,17.91,21.96,1
G,2022-10-19 15:18:06.369887,0.03,0.96,-0.61,-26.98,71.47,-3.66,5.79,14.92,17.21,1
G,2022-10-19 15:18:06.387920,0.08,0.93,-0.49,14.77,77.33,-2.99,5.79,14.92,17.21,1
G,2022-10-19 15:18:06.406038,0.16,0.77,-0.35,2.75,61.77,0.00,5.79,14.92,17.21,1
G,2022-10-19 15:18:06.425241,0.18,0.73,-0.45,-32.53,34.18,-1.65,3.89,12.08,11.36,1
G,2022-10-19 15:18:06.443179,0.19,0.78,-0.61,-52.00,14.16,-2.50,3.89,12.08,11.36,1
G,2022-10-19 15:18:06.461366,0.21,0.86,-0.73,-38.51,14.04,2.99,3.89,12.08,11.36,1
G,2022-10-19 15:18:06.479843,0.19,0.88,-0.71,-13.98,19.78,14.04,3.43,10.30,9.46,1
G,2022-10-19 15:18:06.498931,0.16,0.84,-0.62,13.55,6.84,19.59,3.43,10.30,9.46,1
G,2022-10-19 15:18:06.517767,0.19,0.78,-0.54,23.44,-2.87,17.94,2.78,9.83,8.46,1
G,2022-10-19 15:18:06.535603,0.20,0.80,-0.42,17.09,-11.29,19.78,2.78,9.83,8.46,1
G,2022-10-19 15:18:06.554346,0.14,0.84,-0.49,-6.23,-20.81,25.21,2.78,9.83,8.46,1
G,2022-10-19 15:18:06.574201,0.09,0.91,-0.50,1.28,-16.36,25.51,2.43,9.33,8.11,1
G,2022-10-19 15:18:06.594506,0.09,0.88,-0.41,11.17,-18.07,22.58,2.43,9.33,8.11,1
G,2022-10-19 15:18:06.610854,0.11,0.84,-0.39,3.17,-24.78,21.42,2.43,9.33,8.11,1
G,2022-10-19 15:18:06.630575,0.10,0.87,-0.43,-11.84,-32.23,19.84,2.48,9.48,9.55,1
G,2022-10-19 15:18:06.649168,0.07,0.90,-0.48,-9.03,-33.26,20.02,2.48,9.48,9.55,1
G,2022-10-19 15:18:06.668030,0.07,0.87,-0.47,7.57,-27.16,18.74,2.06,9.57,11.15,1
G,2022-10-19 15:18:06.685778,0.07,0.87,-0.37,11.17,-27.95,16.11,2.06,9.57,11.15,1
G,2022-10-19 15:18:06.704346,0.04,0.91,-0.33,-3.05,-37.11,14.65,2.06,9.57,11.15,1
G,2022-10-19 15:18:06.723139,-0.02,0.99,-0.36,-16.05,-36.44,10.93,2.67,10.73,12.46,1
G,2022-10-19 15:18:06.743211,-0.04,1.04,-0.31,-10.80,-25.39,7.81,2.67,10.73,12.46,1
G,2022-10-19 15:18:06.760208,0.02,1.01,-0.27,-8.79,-18.68,4.94,2.67,10.73,12.46,1
G,2022-10-19 15:18:06.780124,0.02,1.01,-0.26,-17.09,-20.87,4.64,2.51,11.08,13.66,1
G,2022-10-19 15:18:06.798250,0.03,1.01,-0.37,-18.92,-14.83,2.56,2.51,11.08,13.66,1
G,2022-10-19 15:18:06.818122,0.05,0.97,-0.31,-12.51,-4.27,4.88,2.59,11.78,14.23,1
G,2022-10-19 15:18:06.836341,0.06,0.92,-0.30,-17.70,-3.23,7.45,2.59,11.78,14.23,1
G,2022-10-19 15:18:06.856399,0.02,0.89,-0.36,-25.09,-6.23,7.20,2.59,11.78,14.23,1
G,2022-10-19 15:18:06.876299,0.02,0.88,-0.44,-21.85,-14.89,2.38,2.22,12.89,15.11,1
G,2022-10-19 15:18:06.895184,0.03,0.92,-0.48,-14.47,-20.57,-0.67,2.22,12.89,15.11,1
G,2022-10-19 15:18:06.915448,0.06,0.91,-0.51,1.22,-23.25,-1.40,2.22,12.89,15.11,1
G,2022-10-19 15:18:06.933417,0.04,0.92,-0.41,13.67,-11.11,2.20,2.16,13.01,16.36,1
G,2022-10-19 15:18:06.951137,0.04,0.91,-0.34,2.14,-5.92,1.95,2.16,13.01,16.36,1
G,2022-10-19 15:18:06.971038,0.06,0.92,-0.36,-6.23,-7.75,2.81,2.23,13.54,15.93,1
G,2022-10-19 15:18:06.989438,0.10,0.92,-0.41,-18.55,-11.60,1.28,2.23,13.54,15.93,1
G,2022-10-19 15:18:07.007137,-0.00,0.99,-0.48,-22.40,-13.12,-3.91,2.23,13.54,15.93,1
G,2022-10-19 15:18:07.027363,-0.01,1.02,-0.45,6.16,-5.19,-8.00,2.04,14.17,16.02,1
G,2022-10-19 15:18:07.046392,0.08,0.95,-0.37,15.38,-2.75,-11.78,2.04,14.17,16.02,1
G,2022-10-19 15:18:07.063556,0.12,0.91,-0.36,9.03,-1.59,-12.63,2.04,14.17,16.02,1
G,2022-10-19 15:18:07.082298,0.11,0.88,-0.36,-8.42,-4.58,-10.25,1.66,14.48,16.98,1
G,2022-10-19 15:18:07.100022,0.12,0.93,-0.45,-17.52,-19.41,-22.58,1.66,14.48,16.98,1
G,2022-10-19 15:18:07.117708,0.14,0.96,-0.49,-15.99,-19.29,-18.13,1.66,14.48,16.98,1
G,2022-10-19 15:18:07.136903,0.19,0.91,-0.53,-3.72,-7.69,-7.02,1.87,14.11,15.67,1
G,2022-10-19 15:18:07.154261,0.21,0.83,-0.40,15.93,6.59,1.28,1.87,14.11,15.67,1
G,2022-10-19 15:18:07.173542,0.14,0.76,-0.36,3.36,1.28,4.94,1.03,14.56,14.72,1
G,2022-10-19 15:18:07.192886,0.11,0.84,-0.46,-12.57,-10.01,-4.82,1.03,14.56,14.72,1
G,2022-10-19 15:18:07.210320,0.12,0.85,-0.46,-8.48,-7.51,-3.36,1.03,14.56,14.72,1
G,2022-10-19 15:18:07.230167,0.16,0.86,-0.45,1.10,-0.24,2.44,0.67,15.26,16.11,1
G,2022-10-19 15:18:07.247362,0.18,0.81,-0.39,1.28,2.87,10.19,0.67,15.26,16.11,1
G,2022-10-19 15:18:07.265534,0.14,0.76,-0.38,-2.62,-3.97,11.78,0.67,15.26,16.11,1
G,2022-10-19 15:18:07.284603,0.03,1.01,-0.07,57.56,13.31,-18.98,0.12,14.88,15.73,1
G,2022-10-19 15:18:07.302539,0.12,0.84,-0.33,-5.98,-6.77,-6.35,0.12,14.88,15.73,1
G,2022-10-19 15:18:07.322378,0.13,0.98,-0.53,-23.80,-8.67,-4.27,0.29,14.39,15.87,1
G,2022-10-19 15:18:07.340224,0.09,0.93,-0.55,-3.60,1.71,2.32,0.29,14.39,15.87,1
G,2022-10-19 15:18:07.357862,0.15,0.82,-0.37,9.34,13.18,6.71,0.29,14.39,15.87,1
G,2022-10-19 15:18:07.376995,0.11,0.87,-0.44,-2.26,9.70,5.00,0.20,15.04,15.31,1
G,2022-10-19 15:18:07.395488,0.11,0.92,-0.44,4.82,12.02,7.02,0.20,15.04,15.31,1
G,2022-10-19 15:18:07.414212,0.14,0.93,-0.45,12.94,17.03,11.72,0.20,15.04,15.31,1
G,2022-10-19 15:18:07.432242,0.13,0.91,-0.44,18.25,23.99,15.69,-0.24,14.78,15.25,1
G,2022-10-19 15:18:07.451103,0.12,0.83,-0.32,2.26,20.14,14.10,-0.24,14.78,15.25,1
G,2022-10-19 15:18:07.470051,0.08,0.93,-0.39,-11.72,14.47,14.95,-0.24,14.78,15.25,1
G,2022-10-19 15:18:07.489511,0.08,0.93,-0.46,-3.48,20.39,22.34,-0.29,15.11,15.66,1
G,2022-10-19 15:18:07.508349,0.06,0.93,-0.45,15.14,32.29,29.60,-0.29,15.11,15.66,1
G,2022-10-19 15:18:07.527495,0.09,0.78,-0.34,29.54,39.92,35.28,-1.65,15.12,13.75,1
G,2022-10-19 15:18:07.547329,0.04,0.87,-0.35,2.87,25.94,26.67,-1.65,15.12,13.75,1
G,2022-10-19 15:18:07.564411,0.00,0.90,-0.41,-2.32,23.13,29.36,-1.65,15.12,13.75,1
G,2022-10-19 15:18:07.582671,0.02,0.91,-0.42,4.09,29.36,37.05,-2.76,15.63,12.59,1
G,2022-10-19 15:18:07.600860,0.02,0.90,-0.42,21.36,39.12,45.10,-2.76,15.63,12.59,1
G,2022-10-19 15:18:07.618601,-0.02,0.84,-0.34,20.63,35.03,40.95,-2.76,15.63,12.59,1
G,2022-10-19 15:18:07.637774,-0.04,0.87,-0.34,7.14,25.94,38.45,-3.41,15.70,14.00,1
G,2022-10-19 15:18:07.655621,-0.03,0.90,-0.40,1.28,21.30,39.37,-3.41,15.70,14.00,1
G,2022-10-19 15:18:07.674237,-0.05,0.95,-0.41,2.01,20.45,39.55,-3.41,15.70,14.00,1
G,2022-10-19 15:18:07.694384,-0.07,0.95,-0.42,9.22,24.17,42.66,-4.02,15.80,13.40,1
G,2022-10-19 15:18:07.712246,-0.10,0.90,-0.37,6.71,20.39,40.53,-4.02,15.80,13.40,1
G,2022-10-19 15:18:07.732037,-0.11,0.88,-0.40,2.93,12.45,36.62,-3.56,16.09,12.45,1
G,2022-10-19 15:18:07.750095,-0.11,0.92,-0.41,3.66,7.57,30.46,-3.56,16.09,12.45,1
G,2022-10-19 15:18:07.767790,-0.12,0.96,-0.41,2.87,4.15,24.41,-3.56,16.09,12.45,1
G,2022-10-19 15:18:07.787165,-0.12,0.91,-0.40,4.39,1.34,21.36,-3.74,16.25,12.35,1
G,2022-10-19 15:18:07.805255,-0.12,0.95,-0.33,1.95,-2.20,16.85,-3.74,16.25,12.35,1
G,2022-10-19 15:18:07.823289,-0.11,0.94,-0.36,3.23,-5.07,12.70,-3.74,16.25,12.35,1
G,2022-10-19 15:18:07.842137,-0.12,0.93,-0.35,4.64,-4.46,9.09,-3.26,16.14,13.93,1
G,2022-10-19 15:18:07.863161,-0.11,0.90,-0.32,3.17,-8.36,2.69,-3.26,16.14,13.93,1
G,2022-10-19 15:18:07.881307,-0.10,0.91,-0.38,5.98,-6.16,-2.20,-3.45,15.99,13.93,1
G,2022-10-19 15:18:07.898888,-0.11,0.91,-0.30,11.11,-1.77,-5.80,-3.45,15.99,13.93,1
G,2022-10-19 15:18:07.917219,-0.10,0.93,-0.29,9.09,-3.30,-8.48,-3.45,15.99,13.93,1
G,2022-10-19 15:18:07.935930,-0.10,0.93,-0.36,6.53,-5.55,-14.71,-2.61,15.77,14.28,1
G,2022-10-19 15:18:07.954326,-0.08,0.92,-0.39,15.01,-3.30,-22.89,-2.61,15.77,14.28,1
G,2022-10-19 15:18:07.973451,-0.11,0.90,-0.37,18.62,-0.55,-29.24,-2.61,15.77,14.28,1
G,2022-10-19 15:18:07.993822,-0.10,0.94,-0.34,4.58,-1.22,-28.32,-2.67,15.12,14.56,1
G,2022-10-19 15:18:08.014956,-0.08,1.00,-0.35,4.64,4.03,-16.11,-2.67,15.12,14.56,1
G,2022-10-19 15:18:08.032711,-0.07,0.91,-0.33,11.90,8.42,-9.58,-1.64,15.69,13.29,1
G,2022-10-19 15:18:08.049991,-0.09,0.86,-0.28,8.30,7.26,-10.62,-1.64,15.69,13.29,1
G,2022-10-19 15:18:08.068697,-0.09,0.94,-0.30,1.10,2.81,-9.77,-1.64,15.69,13.29,1
G,2022-10-19 15:18:08.087519,-0.07,0.90,-0.29,7.20,6.10,2.08,-2.09,15.09,14.53,1
G,2022-10-19 15:18:08.106353,-0.07,0.87,-0.28,3.48,3.54,2.26,-2.09,15.09,14.53,1
G,2022-10-19 15:18:08.125682,-0.09,0.91,-0.31,0.18,0.61,0.55,-2.09,15.09,14.53,1
G,2022-10-19 15:18:08.145485,-0.09,0.92,-0.31,0.31,-6.23,-1.28,-1.82,15.61,14.31,1
G,2022-10-19 15:18:08.164709,-0.05,0.92,-0.37,0.85,-9.70,-0.18,-1.82,15.61,14.31,1
G,2022-10-19 15:18:08.184138,-0.06,0.95,-0.33,7.63,-1.34,3.54,-1.06,15.20,14.94,1
G,2022-10-19 15:18:08.202193,-0.06,0.94,-0.26,13.43,1.46,7.26,-1.06,15.20,14.94,1
G,2022-10-19 15:18:08.219873,-0.06,0.93,-0.20,0.85,-6.41,13.79,-1.06,15.20,14.94,1
G,2022-10-19 15:18:08.238668,-0.07,0.91,-0.35,-8.42,-7.08,13.00,-0.93,14.90,15.59,1
G,2022-10-19 15:18:08.257029,-0.09,0.94,-0.32,-5.25,-3.48,13.73,-0.93,14.90,15.59,1
G,2022-10-19 15:18:08.276772,-0.08,0.95,-0.30,-0.61,-2.26,18.62,-0.93,14.90,15.59,1
G,2022-10-19 15:18:08.295225,-0.08,0.89,-0.31,-1.04,-1.28,23.93,-1.64,15.47,16.27,1
G,2022-10-19 15:18:08.314208,-0.10,0.88,-0.32,-1.77,2.14,21.67,-1.64,15.47,16.27,1
G,2022-10-19 15:18:08.335644,-0.11,0.93,-0.32,-4.46,3.30,23.50,-1.53,16.21,16.22,1
G,2022-10-19 15:18:08.353517,-0.10,0.91,-0.34,-1.89,8.36,29.91,-1.53,16.21,16.22,1
G,2022-10-19 15:18:08.372283,-0.13,0.88,-0.32,2.62,10.50,28.50,-1.53,16.21,16.22,1
G,2022-10-19 15:18:08.392128,-0.13,0.92,-0.31,2.56,11.47,30.52,-1.89,15.92,14.60,1
G,2022-10-19 15:18:08.410236,-0.13,0.88,-0.31,-1.59,9.77,32.23,-1.89,15.92,14.60,1
G,2022-10-19 15:18:08.430777,-0.13,0.87,-0.31,-5.13,2.93,16.11,-1.89,15.92,14.60,1
G,2022-10-19 15:18:08.448463,-0.14,0.92,-0.34,-3.23,0.92,7.69,-2.15,15.56,15.88,1
G,2022-10-19 15:18:08.466605,-0.15,0.94,-0.36,-0.73,1.59,4.64,-2.15,15.56,15.88,1
G,2022-10-19 15:18:08.485730,-0.15,1.01,-0.31,0.31,2.38,4.52,-1.94,15.70,16.66,1
G,2022-10-19 15:18:08.503973,-0.15,0.99,-0.34,0.31,3.91,12.94,-1.94,15.70,16.66,1
G,2022-10-19 15:18:08.522048,-0.15,0.93,-0.33,3.05,5.43,13.67,-1.94,15.70,16.66,1
G,2022-10-19 15:18:08.541661,-0.16,0.91,-0.29,1.34,4.70,11.29,-1.98,15.72,15.39,1
G,2022-10-19 15:18:08.560715,-0.15,0.86,-0.29,-3.66,1.16,7.08,-1.98,15.72,15.39,1
G,2022-10-19 15:18:08.578581,-0.16,0.90,-0.33,-3.85,-1.53,-2.26,-1.98,15.72,15.39,1
G,2022-10-19 15:18:08.597617,-0.16,0.89,-0.32,-7.51,-1.65,-2.93,-1.98,15.60,15.31,1
G,2022-10-19 15:18:08.615451,-0.17,0.90,-0.34,-13.06,-2.32,-4.27,-1.98,15.60,15.31,1
G,2022-10-19 15:18:08.635064,-0.24,0.88,-0.29,-16.60,-3.78,-6.77,-1.34,15.59,16.14,1
