K,2022-10-29 10:12:22.344246,-0.11,-0.39,0.73,49.44,-10.38,8.67,-52.00,21.40,-51.60,1
K,2022-10-29 10:12:22.365629,-0.07,-0.32,0.72,9.22,14.77,10.56,-52.00,21.40,-51.60,1
K,2022-10-29 10:12:22.386574,-0.12,-0.30,0.79,-22.28,14.10,5.74,-51.26,21.58,-52.88,1
K,2022-10-29 10:12:22.405983,-0.08,-0.14,0.83,3.78,-27.53,-12.70,-51.26,21.58,-52.88,1
K,2022-10-29 10:12:22.427559,-0.10,-0.21,0.83,23.01,-37.66,-13.49,-51.26,21.58,-52.88,1
K,2022-10-29 10:12:22.447987,-0.09,-0.25,0.87,36.74,-48.89,-15.50,-53.30,20.20,-50.05,1
K,2022-10-29 10:12:22.467864,-0.12,-0.35,0.92,34.73,-57.98,-19.78,-53.30,20.20,-50.05,1
K,2022-10-29 10:12:22.491779,-0.13,-0.40,1.02,28.38,-65.06,-15.99,-54.82,20.10,-45.40,1
K,2022-10-29 10:12:22.509576,-0.17,-0.41,1.08,22.03,-67.02,-10.68,-54.82,20.10,-45.40,1
K,2022-10-29 10:12:22.529913,-0.23,-0.46,1.08,-19.04,-38.64,0.55,-54.82,20.10,-45.40,1
K,2022-10-29 10:12:22.553377,-0.28,-0.51,1.27,-55.91,-2.75,16.60,-55.93,18.65,-41.72,1
K,2022-10-29 10:12:22.570969,-0.66,-0.22,1.40,-28.02,75.74,2.14,-55.93,18.65,-41.72,1
K,2022-10-29 10:12:22.591014,-0.01,-0.43,1.22,39.25,96.50,12.88,-54.58,19.12,-45.25,1
K,2022-10-29 10:12:22.611627,0.13,-0.49,1.07,41.32,92.77,4.27,-54.58,19.12,-45.25,1
K,2022-10-29 10:12:22.634604,0.07,-0.49,0.89,8.30,75.74,7.39,-50.44,20.80,-49.61,1
K,2022-10-29 10:12:22.654150,0.15,-0.42,0.86,-12.70,67.38,9.52,-50.44,20.80,-49.61,1
K,2022-10-29 10:12:22.675872,0.00,-0.31,0.77,-32.10,35.77,3.30,-50.44,20.80,-49.61,1
K,2022-10-29 10:12:22.695065,0.09,-0.39,0.68,-14.16,0.31,2.32,-48.91,20.18,-52.95,1
K,2022-10-29 10:12:22.715375,-0.15,-0.39,0.64,-15.20,-26.31,9.28,-48.91,20.18,-52.95,1
K,2022-10-29 10:12:22.739178,-0.12,-0.16,1.19,44.62,-7.93,-21.00,-50.63,19.69,-53.58,1
K,2022-10-29 10:12:22.759048,-0.13,-0.41,0.78,23.74,-5.55,10.19,-50.63,19.69,-53.58,1
K,2022-10-29 10:12:22.778691,-0.10,-0.44,0.76,13.49,-16.66,23.62,-50.63,19.69,-53.58,1
K,2022-10-29 10:12:22.800278,-0.12,-0.35,0.88,-1.04,-38.88,22.46,-50.68,21.61,-50.12,1
K,2022-10-29 10:12:22.820946,-0.07,-0.39,0.88,16.42,-50.17,24.90,-50.68,21.61,-50.12,1
K,2022-10-29 10:12:22.841995,-0.11,-0.32,0.82,4.39,-38.64,15.93,-53.21,23.77,-49.07,1
K,2022-10-29 10:12:22.863517,-0.10,-0.27,0.88,-4.52,-12.33,9.16,-53.21,23.77,-49.07,1
K,2022-10-29 10:12:22.882918,-0.09,-0.18,1.05,-10.99,12.45,1.59,-53.21,23.77,-49.07,1
K,2022-10-29 10:12:22.903557,-0.08,-0.18,1.13,-12.33,20.87,0.92,-53.58,22.84,-48.25,1
K,2022-10-29 10:12:22.924688,-0.08,-0.30,1.11,-2.81,8.36,10.01,-53.58,22.84,-48.25,1
K,2022-10-29 10:12:22.945132,-0.10,-0.39,1.00,8.24,-2.08,9.64,-53.42,23.34,-49.54,1
K,2022-10-29 10:12:22.965596,-0.10,-0.33,0.87,7.57,-7.39,-5.19,-53.42,23.34,-49.54,1
K,2022-10-29 10:12:22.990063,-0.11,-0.24,0.84,0.55,-3.91,-8.79,-53.94,22.01,-47.25,1
K,2022-10-29 10:12:23.008957,-0.10,-0.10,0.83,-8.00,0.18,-18.55,-53.94,22.01,-47.25,1
K,2022-10-29 10:12:23.030505,-0.10,-0.01,0.84,-1.10,-1.89,-29.79,-53.94,22.01,-47.25,1
K,2022-10-29 10:12:23.051784,-0.10,-0.02,0.86,32.04,-13.18,-40.83,-52.95,19.80,-47.03,1
K,2022-10-29 10:12:23.070434,-0.12,-0.11,0.91,57.31,-21.97,-47.24,-52.95,19.80,-47.03,1
K,2022-10-29 10:12:23.091933,-0.17,-0.43,0.93,76.23,-35.22,-44.98,-53.27,17.57,-45.03,1
K,2022-10-29 10:12:23.112454,-0.22,-0.69,0.92,45.72,-36.68,-41.32,-53.27,17.57,-45.03,1
K,2022-10-29 10:12:23.133592,-0.31,-0.76,1.10,-42.60,-19.90,-2.01,-53.27,17.57,-45.03,1
K,2022-10-29 10:12:23.157119,-0.33,-0.85,0.86,-68.05,-3.60,19.29,-53.32,15.91,-41.76,1
K,2022-10-29 10:12:23.176335,-0.56,-0.68,1.07,0.31,35.77,6.77,-53.32,15.91,-41.76,1
K,2022-10-29 10:12:23.197589,-0.26,-0.89,0.90,34.06,43.40,21.97,-52.11,15.94,-44.01,1
K,2022-10-29 10:12:23.219763,-0.10,-0.84,0.66,29.48,17.27,33.75,-52.11,15.94,-44.01,1
K,2022-10-29 10:12:23.238304,-0.04,-0.80,0.57,3.54,9.95,43.09,-52.28,20.26,-46.66,1
K,2022-10-29 10:12:23.261455,-0.08,-0.72,0.50,-31.07,-3.48,52.00,-52.28,20.26,-46.66,1
K,2022-10-29 10:12:23.281338,-0.16,-0.67,0.46,-42.24,-13.43,55.85,-52.28,20.26,-46.66,1
K,2022-10-29 10:12:23.302660,-0.22,-0.57,0.51,-53.89,-12.15,63.42,-54.03,23.97,-47.41,1
K,2022-10-29 10:12:23.325367,-0.18,-0.53,0.53,-49.38,-13.73,71.90,-54.03,23.97,-47.41,1
