E,2022-10-21 13:09:18.389653,0.26,0.06,0.94,34.91,-13.92,29.17,74.58,-4.28,-57.64,1
E,2022-10-21 13:09:18.407690,0.13,0.08,1.06,-12.39,4.03,-16.91,74.58,-4.28,-57.64,1
E,2022-10-21 13:09:18.425765,0.43,-0.03,1.17,17.82,1.83,-12.33,74.58,-4.28,-57.64,1
E,2022-10-21 13:09:18.444761,0.29,-0.10,0.81,-3.42,15.50,-10.74,75.45,-4.38,-55.07,1
E,2022-10-21 13:09:18.462794,0.32,-0.07,0.86,-2.87,4.52,-8.61,75.45,-4.38,-55.07,1
E,2022-10-21 13:09:18.480854,0.31,-0.02,0.88,-7.45,-2.75,-8.48,75.45,-4.38,-55.07,1
E,2022-10-21 13:09:18.501067,0.33,-0.04,0.87,-6.84,1.40,-7.26,75.04,-4.31,-54.36,1
E,2022-10-21 13:09:18.517837,0.32,-0.08,0.81,-13.06,7.69,-8.12,75.04,-4.31,-54.36,1
E,2022-10-21 13:09:18.535782,0.32,-0.11,0.79,-32.71,20.75,-13.12,75.04,-4.31,-54.36,1
E,2022-10-21 13:09:18.554867,0.25,-0.03,0.69,-49.74,-0.31,-23.38,75.35,-3.82,-54.99,1
E,2022-10-21 13:09:18.572818,0.26,-0.00,0.66,-40.53,-26.31,-31.13,75.35,-3.82,-54.99,1
E,2022-10-21 13:09:18.591751,0.28,-0.01,0.78,-32.65,-34.24,-23.19,80.04,-1.86,-59.83,1
E,2022-10-21 13:09:18.609864,0.29,-0.00,0.81,-7.63,-39.12,-5.37,80.04,-1.86,-59.83,1
E,2022-10-21 13:09:18.627653,0.30,0.04,0.85,-0.92,-35.71,4.64,80.04,-1.86,-59.83,1
E,2022-10-21 13:09:18.646698,0.29,0.16,1.00,8.06,-17.27,7.26,87.74,-2.09,-65.19,1
E,2022-10-21 13:09:18.664809,0.28,0.20,1.06,-2.26,-1.10,-8.06,87.74,-2.09,-65.19,1
E,2022-10-21 13:09:18.682568,0.30,0.13,1.03,0.31,0.24,-17.33,87.74,-2.09,-65.19,1
E,2022-10-21 13:09:18.701650,0.36,0.10,1.10,-2.26,-7.08,-20.26,91.67,1.22,-71.20,1
E,2022-10-21 13:09:18.719684,0.35,0.09,1.10,15.44,-10.56,-3.11,91.67,1.22,-71.20,1
E,2022-10-21 13:09:18.738572,0.32,0.12,1.07,31.37,-12.94,7.93,93.14,5.33,-76.16,1
E,2022-10-21 13:09:18.756516,0.24,0.18,1.05,46.45,-16.24,8.54,93.14,5.33,-76.16,1
E,2022-10-21 13:09:18.774636,0.24,0.18,1.06,22.40,-6.53,-20.14,93.14,5.33,-76.16,1
E,2022-10-21 13:09:18.793534,0.27,0.10,1.03,33.02,1.46,-24.54,90.66,11.68,-78.22,1
E,2022-10-21 13:09:18.811483,0.25,0.03,0.95,36.50,6.23,-23.01,90.66,11.68,-78.22,1
E,2022-10-21 13:09:18.829572,0.25,-0.03,0.95,32.04,6.23,-21.79,90.66,11.68,-78.22,1
E,2022-10-21 13:09:18.848639,0.27,-0.12,0.92,25.39,5.37,-24.05,81.35,20.97,-80.11,1
E,2022-10-21 13:09:18.866569,0.30,-0.15,0.89,27.10,3.48,-20.20,81.35,20.97,-80.11,1
E,2022-10-21 13:09:18.884623,0.33,-0.25,0.89,48.03,-1.71,-5.37,81.35,20.97,-80.11,1
E,2022-10-21 13:09:18.903604,0.36,-0.50,0.84,49.74,-4.76,5.55,71.12,26.56,-80.04,1
E,2022-10-21 13:09:18.921600,0.30,-0.60,0.87,44.19,-5.62,17.21,71.12,26.56,-80.04,1
E,2022-10-21 13:09:18.940486,0.17,-0.71,0.95,34.00,2.08,25.39,67.63,26.06,-79.43,1
E,2022-10-21 13:09:18.958480,0.25,-0.68,0.88,10.38,22.77,41.93,67.63,26.06,-79.43,1
E,2022-10-21 13:09:18.976509,0.38,-0.46,0.87,-25.21,29.30,30.82,67.63,26.06,-79.43,1
E,2022-10-21 13:09:18.995489,0.47,-0.30,0.85,-38.33,24.17,24.60,70.78,17.54,-77.09,1
E,2022-10-21 13:09:19.013530,0.51,-0.13,0.80,-39.25,13.37,23.13,70.78,17.54,-77.09,1
E,2022-10-21 13:09:19.031646,0.49,0.03,0.81,-47.30,6.16,18.80,70.78,17.54,-77.09,1
E,2022-10-21 13:09:19.050463,0.41,0.17,0.84,-46.51,-3.36,10.19,75.11,6.68,-73.30,1
E,2022-10-21 13:09:19.068726,0.29,0.25,0.92,-34.79,-5.07,3.23,75.11,6.68,-73.30,1
E,2022-10-21 13:09:19.087768,0.34,0.28,0.88,-16.17,-3.05,0.18,78.71,-1.18,-70.35,1
E,2022-10-21 13:09:19.105760,0.35,0.32,0.86,-14.83,-1.16,-8.30,78.71,-1.18,-70.35,1
E,2022-10-21 13:09:19.123819,0.33,0.31,0.88,-26.61,-7.93,-34.00,78.71,-1.18,-70.35,1
E,2022-10-21 13:09:19.142672,0.14,0.22,0.95,-24.66,-12.94,-41.56,85.07,-0.43,-66.56,1
E,2022-10-21 13:09:19.161996,0.23,0.43,1.11,42.36,-8.06,19.47,85.07,-0.43,-66.56,1
E,2022-10-21 13:09:19.179482,0.21,0.06,1.05,67.14,-4.03,2.93,85.07,-0.43,-66.56,1
E,2022-10-21 13:09:19.197425,0.21,0.28,1.09,14.22,9.09,-60.97,85.47,4.16,-66.33,1
E,2022-10-21 13:09:19.215649,0.36,-0.08,0.92,40.41,12.63,-57.80,85.47,4.16,-66.33,1
E,2022-10-21 13:09:19.233687,0.35,-0.24,0.88,52.19,9.16,-41.26,85.47,4.16,-66.33,1
E,2022-10-21 13:09:19.252565,0.34,-0.34,0.89,47.97,6.23,-28.26,77.82,15.69,-66.33,1
E,2022-10-21 13:09:19.270671,0.35,-0.52,0.86,14.71,10.31,-29.17,77.82,15.69,-66.33,1
E,2022-10-21 13:09:19.289758,0.29,-0.71,0.97,-14.53,17.82,-3.78,69.06,21.35,-68.44,1
E,2022-10-21 13:09:19.307561,0.40,-0.71,0.86,10.13,16.66,33.20,69.06,21.35,-68.44,1
E,2022-10-21 13:09:19.325722,0.46,-0.62,0.83,-0.12,15.75,49.93,69.06,21.35,-68.44,1
E,2022-10-21 13:09:19.344764,0.49,-0.42,0.80,-18.62,10.13,50.17,69.25,11.45,-65.44,1
E,2022-10-21 13:09:19.362734,0.46,-0.15,0.82,-50.05,5.92,34.18,69.25,11.45,-65.44,1
E,2022-10-21 13:09:19.380538,0.37,0.14,0.91,-53.96,5.37,19.23,69.25,11.45,-65.44,1
E,2022-10-21 13:09:19.399626,0.37,0.26,0.89,-39.61,3.97,14.10,67.75,-0.38,-61.25,1
E,2022-10-21 13:09:19.417772,0.35,0.26,0.82,-18.98,-0.18,15.20,67.75,-0.38,-61.25,1
E,2022-10-21 13:09:19.436755,0.38,0.20,0.78,-6.04,-6.10,13.12,66.81,-7.73,-58.17,1
E,2022-10-21 13:09:19.454979,0.36,0.20,0.79,-18.37,-14.10,-4.27,66.81,-7.73,-58.17,1
E,2022-10-21 13:09:19.472787,0.26,0.29,0.84,-42.24,-14.89,-21.67,66.81,-7.73,-58.17,1
E,2022-10-21 13:09:19.491702,0.21,0.50,1.09,-14.40,-12.88,-2.50,71.22,-8.52,-53.44,1
E,2022-10-21 13:09:19.509764,0.35,-0.13,0.89,148.38,-8.42,51.45,71.22,-8.52,-53.44,1
E,2022-10-21 13:09:19.527820,0.27,-0.03,0.89,87.59,-15.63,23.25,71.22,-8.52,-53.44,1
E,2022-10-21 13:09:19.546677,0.41,0.22,0.94,-79.59,19.04,-97.66,73.72,-5.93,-54.00,1
E,2022-10-21 13:09:19.564809,0.24,0.10,0.98,-10.99,19.04,-80.02,73.72,-5.93,-54.00,1
E,2022-10-21 13:09:19.582754,0.30,-0.04,0.86,-15.50,21.30,-74.34,73.72,-5.93,-54.00,1
E,2022-10-21 13:09:19.601686,0.27,-0.06,0.92,8.30,10.01,-38.15,66.09,13.16,-58.52,1
E,2022-10-21 13:09:19.619651,0.25,-0.25,0.92,51.45,0.18,-11.60,66.09,13.16,-58.52,1
E,2022-10-21 13:09:19.638669,0.23,-0.38,0.82,75.93,-0.37,15.38,55.38,24.38,-63.88,1
E,2022-10-21 13:09:19.656804,0.19,-0.49,0.84,63.96,3.91,25.15,55.38,24.38,-63.88,1
E,2022-10-21 13:09:19.674602,0.21,-0.37,0.87,10.99,14.22,14.34,55.38,24.38,-63.88,1
E,2022-10-21 13:09:19.693671,0.27,-0.19,0.91,-22.34,18.86,-6.29,45.45,24.17,-71.97,1
E,2022-10-21 13:09:19.711764,0.41,0.01,0.87,-14.28,15.93,-10.80,45.45,24.17,-71.97,1
E,2022-10-21 13:09:19.729657,0.51,0.07,0.82,6.53,10.93,-9.64,45.45,24.17,-71.97,1
E,2022-10-21 13:09:19.748630,0.57,-0.02,0.76,26.73,4.58,-9.58,37.62,22.13,-78.60,1
E,2022-10-21 13:09:19.766809,0.54,-0.21,0.74,21.12,-6.71,-16.66,37.62,22.13,-78.60,1
E,2022-10-21 13:09:19.785647,0.46,-0.38,0.83,17.70,-10.74,-8.85,31.24,19.92,-82.84,1
E,2022-10-21 13:09:19.803803,0.46,-0.46,0.87,23.80,-10.50,1.04,31.24,19.92,-82.84,1
E,2022-10-21 13:09:19.821710,0.46,-0.56,0.87,22.40,-10.19,7.26,31.24,19.92,-82.84,1
E,2022-10-21 13:09:19.840701,0.46,-0.57,0.87,6.23,-9.28,12.51,31.25,18.29,-84.18,1
E,2022-10-21 13:09:19.858750,0.43,-0.46,0.92,-11.17,-10.62,17.76,31.25,18.29,-84.18,1
