H,2022-10-21 10:13:45.650979,0.27,-0.02,0.92,-19.04,6.59,6.59,51.88,53.06,-136.93,1
H,2022-10-21 10:13:45.666605,0.22,0.01,0.95,-21.73,7.45,5.37,51.88,53.06,-136.93,1
H,2022-10-21 10:13:45.682251,0.23,-0.02,0.93,-21.67,11.23,1.22,52.17,51.68,-137.40,1
H,2022-10-21 10:13:45.697880,0.23,-0.04,0.92,-21.67,10.74,4.33,52.17,51.68,-137.40,1
H,2022-10-21 10:13:45.713502,0.25,0.01,0.85,-21.61,9.89,6.04,52.17,51.68,-137.40,1
H,2022-10-21 10:13:45.744736,0.28,0.08,0.85,-13.37,1.10,5.43,52.27,50.44,-137.28,1
H,2022-10-21 10:13:45.760360,0.26,0.15,0.84,-25.02,-1.16,-6.96,52.27,50.44,-137.28,1
H,2022-10-21 10:13:45.775988,0.27,0.15,0.84,-29.36,0.55,-14.89,52.27,50.44,-137.28,1
H,2022-10-21 10:13:45.791615,0.29,0.11,0.70,-27.16,-0.06,-18.19,52.40,48.34,-136.93,1
H,2022-10-21 10:13:45.807257,0.25,0.01,0.68,-6.59,-30.09,-5.19,52.40,48.34,-136.93,1
H,2022-10-21 10:13:45.838490,0.23,0.16,0.87,8.12,24.41,-1.28,53.25,46.47,-135.90,1
H,2022-10-21 10:13:45.854116,-0.18,0.17,-0.02,1.95,27.28,-4.88,53.25,46.47,-135.90,1
H,2022-10-21 10:13:45.869743,0.20,0.05,0.86,9.03,-40.22,-18.74,53.25,46.47,-135.90,1
H,2022-10-21 10:13:45.885370,0.11,0.03,0.78,32.53,-53.10,-1.65,53.56,46.92,-136.52,1
H,2022-10-21 10:13:45.900996,0.13,0.03,0.78,47.36,-59.14,9.58,53.56,46.92,-136.52,1
H,2022-10-21 10:13:45.916622,0.10,-0.05,0.84,51.82,-62.01,12.33,53.56,46.92,-136.52,1
H,2022-10-21 10:13:45.947873,0.22,-0.08,1.09,70.50,-73.97,21.91,50.31,49.29,-135.36,1
H,2022-10-21 10:13:45.963499,0.15,0.02,1.02,5.86,-39.25,-2.14,50.31,49.29,-135.36,1
H,2022-10-21 10:13:45.979134,0.20,0.01,1.25,17.09,-41.14,5.62,46.95,52.27,-135.17,1
H,2022-10-21 10:13:45.994768,0.22,-0.02,1.32,15.14,-32.04,11.29,46.95,52.27,-135.17,1
H,2022-10-21 10:13:46.010391,0.14,-0.02,1.25,-3.36,-7.14,9.34,46.95,52.27,-135.17,1
H,2022-10-21 10:13:46.041629,0.06,-0.04,1.30,-5.74,22.89,13.31,45.02,55.20,-135.46,1
H,2022-10-21 10:13:46.057591,0.13,-0.00,1.25,-22.34,63.17,10.68,45.02,55.20,-135.46,1
H,2022-10-21 10:13:46.073228,0.25,-0.04,1.06,-8.73,70.68,13.49,45.02,55.20,-135.46,1
H,2022-10-21 10:13:46.088874,0.30,0.03,0.98,-13.24,67.20,14.16,48.56,53.61,-135.49,1
H,2022-10-21 10:13:46.104496,0.36,0.06,0.81,-34.24,60.24,-3.66,48.56,53.61,-135.49,1
H,2022-10-21 10:13:46.120104,0.42,0.10,0.68,-22.89,16.30,-4.58,50.74,51.86,-137.32,1
H,2022-10-21 10:13:46.151355,0.43,0.11,0.51,-25.09,-6.10,-9.64,50.74,51.86,-137.32,1
H,2022-10-21 10:13:46.166981,-0.53,0.11,0.45,-26.92,-36.01,-15.50,50.74,51.86,-137.32,1
H,2022-10-21 10:13:46.182625,0.12,0.37,0.90,88.13,-16.66,21.85,51.23,50.38,-137.07,1
H,2022-10-21 10:13:46.198255,0.15,-0.24,0.89,57.80,-9.64,17.09,51.23,50.38,-137.07,1
H,2022-10-21 10:13:46.213877,0.24,1.16,0.33,11.35,-9.34,-4.76,51.23,50.38,-137.07,1
H,2022-10-21 10:13:46.229499,0.21,0.33,0.97,-110.60,-1.89,-144.90,51.68,49.24,-136.87,1
H,2022-10-21 10:13:46.260738,0.25,0.35,1.02,-14.28,-8.00,-89.36,51.68,49.24,-136.87,1
H,2022-10-21 10:13:46.276365,0.22,0.12,0.92,-0.12,-1.04,-70.68,51.68,49.24,-136.87,1
H,2022-10-21 10:13:46.292010,0.14,-0.13,0.94,23.13,3.23,-51.15,53.83,45.08,-136.73,1
H,2022-10-21 10:13:46.307618,0.02,-0.46,0.98,31.49,1.04,-30.33,53.83,45.08,-136.73,1
H,2022-10-21 10:13:46.323257,0.14,-0.42,0.99,55.30,-9.95,15.50,56.36,44.12,-138.83,1
H,2022-10-21 10:13:46.338880,-0.02,-0.41,1.11,13.73,3.30,29.11,56.36,44.12,-138.83,1
H,2022-10-21 10:13:46.370121,0.02,-0.26,1.08,31.74,25.45,51.39,56.36,44.12,-138.83,1
H,2022-10-21 10:13:46.385765,0.27,-0.14,1.06,6.77,38.57,41.50,56.51,46.91,-138.17,1
H,2022-10-21 10:13:46.401373,0.35,0.03,1.03,-30.52,46.75,18.80,56.51,46.91,-138.17,1
H,2022-10-21 10:13:46.416999,0.42,0.15,0.96,-39.31,46.02,3.97,56.51,46.91,-138.17,1
H,2022-10-21 10:13:46.432647,0.40,0.11,0.92,-46.75,38.09,-16.91,57.90,46.26,-139.16,1
H,2022-10-21 10:13:46.463877,0.39,0.09,0.75,-36.50,29.48,-18.25,57.90,46.26,-139.16,1
H,2022-10-21 10:13:46.479503,0.41,-0.02,0.66,-19.78,11.72,-16.48,59.48,43.90,-136.77,1
H,2022-10-21 10:13:46.495146,0.34,-0.10,0.64,-27.10,-3.97,-10.86,59.48,43.90,-136.77,1
H,2022-10-21 10:13:46.510776,0.30,-0.09,0.54,-21.24,-35.40,4.46,59.48,43.90,-136.77,1
H,2022-10-21 10:13:46.526402,0.14,0.27,0.96,12.63,10.25,-3.42,60.93,40.14,-137.60,1
H,2022-10-21 10:13:46.557634,-0.08,-0.20,0.30,7.63,26.18,-2.56,60.93,40.14,-137.60,1
H,2022-10-21 10:13:46.573259,0.18,-0.00,0.70,-25.02,-23.25,-28.02,60.93,40.14,-137.60,1
H,2022-10-21 10:13:46.588888,0.12,0.01,0.71,9.77,-60.85,-10.01,61.47,38.04,-136.56,1
H,2022-10-21 10:13:46.604512,0.17,0.08,0.90,46.81,-79.90,6.90,61.47,38.04,-136.56,1
H,2022-10-21 10:13:46.620138,0.10,0.12,0.85,40.71,-72.45,4.27,56.91,40.78,-136.10,1
H,2022-10-21 10:13:46.635763,0.16,0.02,0.90,63.05,-82.76,10.01,56.91,40.78,-136.10,1
H,2022-10-21 10:13:46.667019,0.13,0.04,0.97,34.36,-54.20,6.65,56.91,40.78,-136.10,1
H,2022-10-21 10:13:46.682642,0.15,-0.01,1.10,38.76,-48.95,14.89,50.62,46.31,-136.57,1
H,2022-10-21 10:13:46.698268,0.12,-0.08,1.13,44.80,-38.82,21.42,50.62,46.31,-136.57,1
H,2022-10-21 10:13:46.713912,0.10,-0.10,1.19,25.94,-18.49,19.10,50.62,46.31,-136.57,1
H,2022-10-21 10:13:46.729538,-0.07,-0.07,1.30,-4.39,30.52,9.22,47.35,50.09,-137.85,1
H,2022-10-21 10:13:46.760771,0.06,-0.07,1.11,7.14,50.72,14.47,47.35,50.09,-137.85,1
H,2022-10-21 10:13:46.776397,0.15,-0.08,1.02,16.24,41.14,17.58,49.07,51.53,-138.82,1
H,2022-10-21 10:13:46.792042,0.19,-0.05,1.01,15.75,23.68,12.63,49.07,51.53,-138.82,1
H,2022-10-21 10:13:46.807669,0.19,-0.04,1.01,27.59,7.02,13.67,49.07,51.53,-138.82,1
H,2022-10-21 10:13:46.823299,0.19,-0.05,0.96,19.59,8.18,6.59,49.51,53.45,-139.81,1
H,2022-10-21 10:13:46.838925,0.17,-0.09,0.95,6.16,8.61,-2.99,49.51,53.45,-139.81,1
H,2022-10-21 10:13:46.870153,0.18,-0.08,0.93,10.07,4.88,0.67,49.51,53.45,-139.81,1
H,2022-10-21 10:13:46.885799,0.18,-0.10,0.92,10.62,-0.73,2.01,50.13,54.57,-140.32,1
H,2022-10-21 10:13:46.901428,0.17,-0.06,0.97,1.59,2.50,-1.10,50.13,54.57,-140.32,1
H,2022-10-21 10:13:46.917050,0.18,-0.03,0.93,4.39,0.85,-0.49,50.13,54.57,-140.32,1
H,2022-10-21 10:13:46.932676,0.17,-0.07,0.97,5.37,-1.65,-4.27,50.40,54.20,-138.22,1
H,2022-10-21 10:13:46.963907,0.18,-0.08,0.94,-1.83,0.24,-8.12,50.40,54.20,-138.22,1
H,2022-10-21 10:13:46.979534,0.18,-0.07,0.93,5.37,-3.11,-4.39,50.68,54.33,-137.72,1
H,2022-10-21 10:13:46.995178,0.15,-0.11,0.97,8.30,-5.68,-5.19,50.68,54.33,-137.72,1
H,2022-10-21 10:13:47.010807,0.16,-0.14,0.96,4.39,-3.54,-5.68,50.68,54.33,-137.72,1
H,2022-10-21 10:13:47.026435,0.12,-0.14,0.98,4.64,-3.23,-3.36,50.89,53.69,-138.65,1
H,2022-10-21 10:13:47.057664,0.12,-0.14,0.99,-2.69,3.17,-6.84,50.89,53.69,-138.65,1
