z,2022-10-18 11:15:15.601216,-0.10,-0.16,0.96,6.10,6.77,-4.33,3.04,6.77,-41.60,1
z,2022-10-18 11:15:15.616847,-0.08,-0.18,0.95,4.70,6.84,-5.19,3.04,6.77,-41.60,1
z,2022-10-18 11:15:15.648644,-0.08,-0.13,0.95,-1.22,5.31,-5.80,4.21,7.57,-41.83,1
z,2022-10-18 11:15:15.665651,-0.08,-0.12,0.95,-0.43,4.03,-4.52,4.21,7.57,-41.83,1
z,2022-10-18 11:15:15.687172,-0.07,-0.12,0.94,1.53,2.01,-1.83,4.21,7.57,-41.83,1
z,2022-10-18 11:15:15.703301,-0.13,-0.13,0.94,-0.73,0.49,-3.17,3.38,7.87,-41.46,1
z,2022-10-18 11:15:15.724704,-0.13,-0.10,0.96,-0.37,4.27,-4.58,3.38,7.87,-41.46,1
z,2022-10-18 11:15:15.740956,-0.10,-0.13,0.97,4.52,6.04,-3.05,3.59,7.43,-40.22,1
z,2022-10-18 11:15:15.756906,-0.08,-0.13,0.96,6.16,1.89,0.00,3.59,7.43,-40.22,1
z,2022-10-18 11:15:15.772898,-0.10,-0.14,0.95,3.54,0.49,-1.83,3.59,7.43,-40.22,1
z,2022-10-18 11:15:15.804595,-0.11,-0.11,0.95,1.22,3.91,-5.49,3.30,8.13,-40.36,1
z,2022-10-18 11:15:15.820218,-0.10,-0.13,0.98,4.88,4.76,-3.66,3.30,8.13,-40.36,1
z,2022-10-18 11:15:15.835937,-0.12,-0.15,0.99,6.41,6.10,-0.67,3.65,8.42,-40.95,1
z,2022-10-18 11:15:15.851585,-0.10,-0.20,1.00,13.24,6.47,5.80,3.65,8.42,-40.95,1
z,2022-10-18 11:15:15.882798,-0.07,-0.25,0.96,9.16,4.70,9.03,3.65,8.42,-40.95,1
z,2022-10-18 11:15:15.898549,-0.08,-0.23,0.96,-3.30,4.27,7.81,3.64,9.30,-41.80,1
z,2022-10-18 11:15:15.914192,-0.09,-0.18,0.95,-1.95,3.36,12.21,3.64,9.30,-41.80,1
z,2022-10-18 11:15:15.929798,-0.06,-0.21,0.94,-2.44,-0.49,17.46,4.53,8.76,-42.92,1
z,2022-10-18 11:15:15.960933,-0.05,-0.22,0.92,-15.38,-6.59,20.63,4.53,8.76,-42.92,1
z,2022-10-18 11:15:15.982057,-0.41,-0.11,0.89,-19.90,-10.80,13.67,4.53,8.76,-42.92,1
z,2022-10-18 11:15:15.998158,-0.12,0.11,1.00,-3.72,3.91,0.06,3.83,9.63,-41.60,1
z,2022-10-18 11:15:16.022439,-0.10,0.24,0.89,-0.61,-7.45,3.36,3.83,9.63,-41.60,1
z,2022-10-18 11:15:16.038177,-0.10,0.02,0.93,15.93,-5.13,19.90,3.96,9.96,-41.65,1
z,2022-10-18 11:15:16.053910,-0.12,-0.15,0.99,23.62,-2.87,22.34,3.96,9.96,-41.65,1
z,2022-10-18 11:15:16.069542,-0.11,-0.15,0.92,5.37,-0.98,-9.95,3.96,9.96,-41.65,1
z,2022-10-18 11:15:16.100668,-0.10,-0.02,0.99,-3.36,1.53,-22.34,4.06,10.72,-41.58,1
z,2022-10-18 11:15:16.116396,-0.10,-0.02,1.01,2.62,-0.79,-16.11,4.06,10.72,-41.58,1
z,2022-10-18 11:15:16.132014,-0.10,-0.10,0.98,9.52,-3.05,-9.09,3.31,10.69,-40.87,1
z,2022-10-18 11:15:16.160447,-0.10,-0.18,0.95,15.14,-3.91,-5.86,3.31,10.69,-40.87,1
z,2022-10-18 11:15:16.180935,-0.10,-0.26,0.91,12.33,-2.14,-8.61,3.31,10.69,-40.87,1
z,2022-10-18 11:15:16.199842,-0.10,-0.25,0.94,7.32,-0.79,-11.47,3.52,10.69,-41.26,1
z,2022-10-18 11:15:16.216355,-0.09,-0.26,0.94,6.90,-1.46,-4.03,3.52,10.69,-41.26,1
z,2022-10-18 11:15:16.232442,-0.09,-0.33,0.94,8.00,-1.53,8.85,3.52,10.69,-41.26,1
z,2022-10-18 11:15:16.248333,-0.11,-0.25,0.92,-0.92,0.55,0.37,2.91,10.84,-40.92,1
z,2022-10-18 11:15:16.264070,-0.10,-0.18,0.93,-7.63,2.50,-4.82,2.91,10.84,-40.92,1
z,2022-10-18 11:15:16.295251,-0.10,-0.06,1.00,-9.40,-3.05,-2.01,2.78,10.23,-41.93,1
z,2022-10-18 11:15:16.310875,-0.11,-0.13,0.90,-0.12,-7.51,4.76,2.78,10.23,-41.93,1
z,2022-10-18 11:15:16.326668,-0.11,-0.20,0.87,3.05,-8.06,6.04,2.78,10.23,-41.93,1
z,2022-10-18 11:15:16.342438,-0.11,-0.21,0.90,4.15,-9.77,5.92,3.14,10.06,-42.25,1
z,2022-10-18 11:15:16.373608,-0.11,-0.24,0.90,5.98,-13.18,8.97,3.14,10.06,-42.25,1
z,2022-10-18 11:15:16.395473,-0.12,-0.26,0.90,-4.52,-15.87,9.83,3.00,10.19,-39.37,1
z,2022-10-18 11:15:16.411765,-0.13,-0.20,0.92,-10.31,-15.69,8.48,3.00,10.19,-39.37,1
z,2022-10-18 11:15:16.427952,-0.13,-0.18,0.93,-10.13,-17.15,10.38,3.00,10.19,-39.37,1
z,2022-10-18 11:15:16.443575,-0.14,-0.13,0.92,-9.16,-1.04,13.67,2.92,9.97,-40.33,1
z,2022-10-18 11:15:16.460031,-0.15,-0.05,0.97,-0.06,-13.12,13.55,2.92,9.97,-40.33,1
z,2022-10-18 11:15:16.491295,-0.15,-0.05,0.99,3.91,-10.13,10.62,3.02,10.03,-38.21,1
z,2022-10-18 11:15:16.506987,-0.15,-0.07,1.03,5.13,-4.52,4.21,3.02,10.03,-38.21,1
z,2022-10-18 11:15:16.522622,-0.15,-0.06,1.04,2.38,-3.97,1.59,3.02,10.03,-38.21,1
z,2022-10-18 11:15:16.553785,-0.15,-0.07,1.04,0.79,-1.77,0.31,2.64,10.21,-38.43,1
z,2022-10-18 11:15:16.569512,-0.15,-0.07,1.03,-0.06,0.55,0.00,2.64,10.21,-38.43,1
z,2022-10-18 11:15:16.585964,-0.14,-0.08,1.03,2.20,1.95,2.14,3.38,9.83,-38.40,1
z,2022-10-18 11:15:16.601713,-0.14,-0.07,1.01,6.10,-4.03,7.32,3.38,9.83,-38.40,1
z,2022-10-18 11:15:16.632854,-0.17,-0.11,0.93,12.02,-5.92,8.48,3.38,9.83,-38.40,1
z,2022-10-18 11:15:16.648606,-0.18,-0.01,0.93,11.60,6.47,-9.58,2.67,10.19,-37.70,1
z,2022-10-18 11:15:16.665048,-0.16,-0.01,0.96,16.36,10.80,-19.04,2.67,10.19,-37.70,1
z,2022-10-18 11:15:16.696307,-0.15,-0.02,0.97,16.17,9.22,-23.01,2.39,10.42,-37.90,1
z,2022-10-18 11:15:16.711929,-0.14,-0.15,0.95,15.56,2.26,-22.46,2.39,10.42,-37.90,1
z,2022-10-18 11:15:16.727670,-0.14,-0.20,0.95,14.40,-0.79,-18.80,2.39,10.42,-37.90,1
z,2022-10-18 11:15:16.743290,-0.14,-0.26,0.94,16.78,-2.81,-8.67,1.86,9.68,-37.59,1
z,2022-10-18 11:15:16.774755,-0.13,-0.40,0.94,15.20,-3.78,1.16,1.86,9.68,-37.59,1
z,2022-10-18 11:15:16.790375,-0.13,-0.46,0.96,4.76,-4.82,9.03,1.92,10.11,-36.76,1
z,2022-10-18 11:15:16.806099,-0.17,-0.35,0.93,-26.18,-6.35,-1.65,1.92,10.11,-36.76,1
z,2022-10-18 11:15:16.821730,-0.22,-0.14,0.89,-42.11,-3.17,-7.51,1.92,10.11,-36.76,1
z,2022-10-18 11:15:16.852871,-0.29,0.02,0.98,-19.84,6.47,8.36,1.70,9.51,-37.89,1
z,2022-10-18 11:15:16.868492,-0.19,-0.06,0.93,5.80,5.49,14.71,1.70,9.51,-37.89,1
z,2022-10-18 11:15:16.885005,-0.20,-0.03,0.93,16.78,8.12,10.44,2.84,10.75,-38.13,1
z,2022-10-18 11:15:16.912853,-0.16,-0.12,0.96,24.84,10.86,5.31,2.84,10.75,-38.13,1
z,2022-10-18 11:15:16.928697,-0.10,-0.15,0.98,13.73,8.85,-0.24,2.84,10.75,-38.13,1
z,2022-10-18 11:15:16.944587,-0.10,-0.15,0.97,6.65,3.42,-4.03,2.86,10.35,-38.20,1
z,2022-10-18 11:15:16.960207,-0.13,-0.08,0.96,-1.10,0.00,-6.59,2.86,10.35,-38.20,1
z,2022-10-18 11:15:16.991358,-0.12,-0.07,0.98,0.49,1.16,-6.35,2.86,10.35,-38.20,1
z,2022-10-18 11:15:17.006987,-0.10,-0.08,0.98,7.75,1.34,-5.31,2.64,10.13,-38.05,1
z,2022-10-18 11:15:17.022723,-0.09,-0.09,0.98,8.79,0.92,-5.62,2.64,10.13,-38.05,1
