p,2022-10-11 13:58:53.635228,-0.01,-0.64,0.79,-4.33,20.26,-12.39,-4.66,7.01,31.21,1
p,2022-10-11 13:58:53.654226,-0.01,-0.65,0.82,-16.36,27.40,-16.66,-4.76,9.68,33.40,1
p,2022-10-11 13:58:53.672344,-0.04,-0.64,0.86,-22.09,28.99,-15.99,-4.76,9.68,33.40,1
p,2022-10-11 13:58:53.690162,-0.04,-0.63,0.87,-19.17,23.38,-11.66,-4.76,9.68,33.40,1
p,2022-10-11 13:58:53.709348,-0.00,-0.60,0.84,-3.11,16.85,-6.16,-6.34,12.54,35.79,1
p,2022-10-11 13:58:53.727162,0.03,-0.65,0.78,1.40,14.34,-0.12,-6.34,12.54,35.79,1
p,2022-10-11 13:58:53.744989,0.02,-0.69,0.74,-0.18,12.45,1.89,-6.34,12.54,35.79,1
p,2022-10-11 13:58:53.764138,0.03,-0.71,0.70,-4.70,8.42,1.59,-6.93,13.05,38.73,1
p,2022-10-11 13:58:53.782208,-0.00,-0.71,0.72,-17.64,3.91,2.32,-6.93,13.05,38.73,1
p,2022-10-11 13:58:53.801216,-0.03,-0.64,0.75,-28.69,-0.55,5.43,-5.99,13.62,41.28,1
p,2022-10-11 13:58:53.819140,-0.06,-0.58,0.75,-24.54,0.31,4.46,-5.99,13.62,41.28,1
p,2022-10-11 13:58:53.837130,-0.04,-0.54,0.74,-18.86,1.40,3.78,-5.99,13.62,41.28,1
p,2022-10-11 13:58:53.856206,-0.00,-0.55,0.73,-12.94,0.24,6.71,-4.81,13.78,44.15,1
p,2022-10-11 13:58:53.874213,-0.04,-0.59,0.69,-17.46,-5.80,5.55,-4.81,13.78,44.15,1
p,2022-10-11 13:58:53.892234,-0.83,-0.22,0.98,43.52,-2.93,-6.23,-4.81,13.78,44.15,1
p,2022-10-11 13:58:53.911213,-0.13,-0.51,0.65,57.92,-5.62,17.21,-3.63,12.90,47.39,1
p,2022-10-11 13:58:53.929189,-0.04,-0.89,0.68,26.37,-3.85,13.06,-3.63,12.90,47.39,1
p,2022-10-11 13:58:53.948289,-0.09,-0.50,0.83,-43.27,-37.23,-34.36,-2.54,14.22,45.06,1
p,2022-10-11 13:58:53.966438,-0.09,-0.46,0.70,-1.28,-92.35,-26.18,-2.54,14.22,45.06,1
p,2022-10-11 13:58:53.984399,-0.08,-0.60,0.48,-7.14,-93.75,-25.39,-2.54,14.22,45.06,1
p,2022-10-11 13:58:54.003216,-0.11,-0.48,0.63,-15.93,-75.01,-24.66,1.68,16.60,38.48,1
p,2022-10-11 13:58:54.021430,-0.16,-0.43,0.80,-6.47,-59.94,-16.72,1.68,16.60,38.48,1
p,2022-10-11 13:58:54.039204,-0.21,-0.43,0.93,6.65,-45.59,-7.14,1.68,16.60,38.48,1
p,2022-10-11 13:58:54.057951,-0.19,-0.53,0.98,12.70,-28.50,9.58,5.83,18.79,34.78,1
p,2022-10-11 13:58:54.076143,-0.27,-0.76,1.03,-1.89,6.04,16.97,5.83,18.79,34.78,1
p,2022-10-11 13:58:54.094029,-0.17,-0.87,0.95,-7.93,19.65,14.83,5.83,18.79,34.78,1
p,2022-10-11 13:58:54.112950,-0.27,-0.72,0.97,-22.89,56.52,8.00,6.08,19.73,34.83,1
p,2022-10-11 13:58:54.131053,-0.13,-0.62,1.08,-13.85,76.11,11.60,6.08,19.73,34.83,1
p,2022-10-11 13:58:54.150058,-0.03,-0.68,1.02,-8.42,69.76,15.63,2.12,17.66,38.20,1
p,2022-10-11 13:58:54.168054,0.03,-0.61,0.83,-22.95,62.68,7.75,2.12,17.66,38.20,1
p,2022-10-11 13:58:54.186061,0.02,-0.50,0.76,-36.68,63.35,-1.77,2.12,17.66,38.20,1
p,2022-10-11 13:58:54.205140,0.03,-0.43,0.74,-44.01,63.17,-5.00,-4.22,16.56,43.63,1
p,2022-10-11 13:58:54.223205,0.01,-0.35,0.76,-45.04,49.13,-6.04,-4.22,16.56,43.63,1
p,2022-10-11 13:58:54.241123,0.09,-0.31,0.70,-7.81,6.53,0.98,-4.22,16.56,43.63,1
p,2022-10-11 13:58:54.260316,-0.05,-0.33,0.60,-1.77,-6.90,-3.60,-5.82,16.16,47.31,1
p,2022-10-11 13:58:54.277990,-0.12,0.15,0.95,87.16,-9.16,7.51,-5.82,16.16,47.31,1
p,2022-10-11 13:58:54.296192,-0.04,-0.81,0.50,133.12,-1.34,10.50,-5.82,16.16,47.31,1
p,2022-10-11 13:58:54.315033,-0.00,-0.29,0.77,30.03,9.89,-50.17,-5.76,14.82,48.84,1
p,2022-10-11 13:58:54.333211,-0.12,-0.44,0.80,53.77,-26.98,-28.08,-5.76,14.82,48.84,1
p,2022-10-11 13:58:54.352137,-0.12,-0.99,0.71,67.38,-47.91,-13.85,-4.24,17.33,47.45,1
p,2022-10-11 13:58:54.370040,-0.22,-1.25,0.60,45.23,-57.68,0.49,-4.24,17.33,47.45,1
p,2022-10-11 13:58:54.388219,-0.17,-1.17,0.58,26.79,-67.81,14.16,-4.24,17.33,47.45,1
p,2022-10-11 13:58:54.407132,-0.14,-1.05,0.57,2.32,-69.46,25.33,-0.85,16.19,43.85,1
p,2022-10-11 13:58:54.425219,-0.09,-0.57,0.77,-54.93,-45.59,6.29,-0.85,16.19,43.85,1
p,2022-10-11 13:58:54.443202,-0.12,-0.10,0.93,-87.10,-25.70,0.49,-0.85,16.19,43.85,1
p,2022-10-11 13:58:54.461949,-0.22,0.02,0.96,-56.34,-12.88,16.66,1.46,14.69,39.98,1
p,2022-10-11 13:58:54.480185,-0.43,-0.18,0.87,-5.00,3.91,27.40,1.46,14.69,39.98,1
p,2022-10-11 13:58:54.499122,-0.30,-0.40,0.80,35.77,34.06,14.65,-1.09,14.18,37.88,1
p,2022-10-11 13:58:54.517132,-0.17,-0.68,0.86,22.95,58.23,-11.23,-1.09,14.18,37.88,1
p,2022-10-11 13:58:54.535137,-0.22,-0.70,0.84,13.12,52.80,-16.11,-1.09,14.18,37.88,1
