q,2022-10-16 18:23:05.900721,-0.17,0.68,0.67,-0.79,-4.82,-1.83,1.67,19.03,-23.18,1
q,2022-10-16 18:23:05.918545,-0.19,0.64,0.69,3.48,-5.49,-2.08,1.67,19.03,-23.18,1
q,2022-10-16 18:23:05.937637,-0.13,0.63,0.64,6.35,-6.59,-0.06,0.87,18.47,-25.00,1
q,2022-10-16 18:23:05.955580,-0.10,0.69,0.64,1.83,-13.73,-1.28,0.87,18.47,-25.00,1
q,2022-10-16 18:23:05.973596,-0.16,0.72,0.69,-5.74,-13.12,-6.35,0.87,18.47,-25.00,1
q,2022-10-16 18:23:05.992681,-0.18,0.76,0.69,-11.41,-10.25,-11.54,-0.20,17.66,-24.51,1
q,2022-10-16 18:23:06.010694,-0.17,0.81,0.71,-8.61,-6.47,-15.08,-0.20,17.66,-24.51,1
q,2022-10-16 18:23:06.028821,-0.18,0.76,0.71,-2.81,-0.73,-16.72,-0.20,17.66,-24.51,1
q,2022-10-16 18:23:06.047726,-0.19,0.65,0.74,-10.07,1.83,-21.48,-1.28,14.81,-25.94,1
q,2022-10-16 18:23:06.065811,-0.39,0.77,0.81,-3.54,-2.20,-8.30,-1.28,14.81,-25.94,1
q,2022-10-16 18:23:06.084547,-0.19,0.43,0.84,68.54,-8.79,24.05,-1.15,12.93,-25.90,1
q,2022-10-16 18:23:06.102713,-0.19,0.50,0.74,-4.39,12.82,1.89,-1.15,12.93,-25.90,1
q,2022-10-16 18:23:06.120778,-0.18,0.50,0.62,-34.18,20.20,-5.25,-1.15,12.93,-25.90,1
q,2022-10-16 18:23:06.139547,-0.18,0.57,0.58,-54.02,19.23,-7.69,1.48,14.58,-27.20,1
q,2022-10-16 18:23:06.157524,-0.17,0.58,0.54,-55.91,17.03,-2.14,1.48,14.58,-27.20,1
q,2022-10-16 18:23:06.175621,-0.17,0.59,0.53,-49.93,10.86,6.96,1.48,14.58,-27.20,1
q,2022-10-16 18:23:06.194480,-0.17,0.62,0.50,-34.48,0.67,24.05,0.44,16.19,-29.98,1
q,2022-10-16 18:23:06.212648,-0.21,0.63,0.51,-29.79,-6.47,32.29,0.44,16.19,-29.98,1
q,2022-10-16 18:23:06.230657,-0.26,0.72,0.51,-28.81,-12.33,38.09,0.44,16.19,-29.98,1
q,2022-10-16 18:23:06.249670,-0.30,0.83,0.52,-27.47,-14.59,31.74,-4.46,21.42,-33.03,1
q,2022-10-16 18:23:06.267668,-0.31,0.89,0.51,-8.30,-15.44,26.18,-4.46,21.42,-33.03,1
q,2022-10-16 18:23:06.286604,-0.31,0.92,0.52,18.07,-13.67,26.12,-9.59,26.86,-34.53,1
q,2022-10-16 18:23:06.304422,-0.33,0.90,0.58,44.98,-13.85,29.05,-9.59,26.86,-34.53,1
q,2022-10-16 18:23:06.322440,-0.35,0.92,0.65,54.75,-9.89,24.78,-9.59,26.86,-34.53,1
q,2022-10-16 18:23:06.341459,-0.36,0.90,0.75,54.75,-4.46,12.63,-13.88,31.23,-32.75,1
q,2022-10-16 18:23:06.359687,-0.31,0.82,0.80,48.58,-0.24,-3.66,-13.88,31.23,-32.75,1
q,2022-10-16 18:23:06.377433,-0.30,0.76,0.83,44.74,2.20,-8.79,-13.88,31.23,-32.75,1
q,2022-10-16 18:23:06.396696,-0.30,0.73,0.84,33.57,7.51,-17.21,-16.26,29.68,-30.58,1
q,2022-10-16 18:23:06.414657,-0.28,0.70,0.83,19.04,16.11,-29.66,-16.26,29.68,-30.58,1
q,2022-10-16 18:23:06.433578,-0.22,0.63,0.76,-5.62,26.67,-39.86,-12.15,22.19,-30.75,1
q,2022-10-16 18:23:06.451711,-0.18,0.55,0.68,-10.93,24.41,-33.02,-12.15,22.19,-30.75,1
q,2022-10-16 18:23:06.469692,-0.18,0.56,0.65,-19.47,19.29,-25.94,-12.15,22.19,-30.75,1
q,2022-10-16 18:23:06.488565,-0.17,0.57,0.61,-23.38,17.21,-20.94,-7.76,16.94,-30.21,1
q,2022-10-16 18:23:06.506662,-0.18,0.59,0.57,-5.49,7.69,-5.19,-7.76,16.94,-30.21,1
q,2022-10-16 18:23:06.524605,-0.19,0.54,0.53,-5.74,5.86,-4.76,-7.76,16.94,-30.21,1
q,2022-10-16 18:23:06.543490,-0.21,0.57,0.59,-5.25,1.77,-4.03,-6.63,16.44,-30.88,1
q,2022-10-16 18:23:06.561798,-0.21,0.65,0.60,-17.09,10.56,-16.11,-6.63,16.44,-30.88,1
q,2022-10-16 18:23:06.579592,-0.19,0.68,0.62,-18.49,17.94,-22.22,-6.63,16.44,-30.88,1
q,2022-10-16 18:23:06.598599,-0.17,0.65,0.63,-13.98,15.08,-20.81,-5.87,14.94,-31.52,1
q,2022-10-16 18:23:06.616416,-0.12,0.43,0.57,24.96,-26.79,19.71,-5.87,14.94,-31.52,1
q,2022-10-16 18:23:06.635424,-0.15,0.53,0.62,15.44,-31.68,31.31,-11.27,19.21,-32.32,1
q,2022-10-16 18:23:06.653414,-0.19,0.58,0.61,7.20,-33.14,37.72,-11.27,19.21,-32.32,1
q,2022-10-16 18:23:06.671508,-0.22,0.61,0.59,1.28,-32.10,37.41,-11.27,19.21,-32.32,1
q,2022-10-16 18:23:06.690424,-0.27,0.68,0.59,7.57,-31.01,37.41,-16.85,29.52,-29.22,1
q,2022-10-16 18:23:06.708603,-0.30,0.74,0.62,9.77,-28.08,33.87,-16.85,29.52,-29.22,1
q,2022-10-16 18:23:06.726428,-0.33,0.82,0.69,11.47,-24.23,28.87,-16.85,29.52,-29.22,1
q,2022-10-16 18:23:06.745569,-0.35,0.82,0.74,13.49,-17.82,24.96,-19.21,41.06,-22.41,1
q,2022-10-16 18:23:06.763434,-0.35,0.78,0.76,2.81,-7.93,10.74,-19.21,41.06,-22.41,1
q,2022-10-16 18:23:06.782535,-0.34,0.77,0.72,-6.65,-3.42,2.99,-17.61,47.29,-17.02,1
q,2022-10-16 18:23:06.800795,-0.36,0.83,0.80,-12.63,-0.24,-1.34,-17.61,47.29,-17.02,1
q,2022-10-16 18:23:06.818568,-0.31,0.81,0.73,-16.97,11.17,-5.80,-17.61,47.29,-17.02,1
q,2022-10-16 18:23:06.837439,-0.29,0.77,0.69,0.00,6.65,10.25,-16.60,47.89,-16.20,1
q,2022-10-16 18:23:06.855705,-0.38,0.87,0.68,19.04,-4.76,9.64,-16.60,47.89,-16.20,1
q,2022-10-16 18:23:06.873409,-0.44,0.98,0.73,38.33,-0.49,0.85,-16.60,47.89,-16.20,1
q,2022-10-16 18:23:06.892565,-0.43,0.94,0.74,59.75,13.98,-16.05,-19.62,45.52,-16.64,1
q,2022-10-16 18:23:06.910415,-0.38,0.79,0.71,80.32,26.37,-31.19,-19.62,45.52,-16.64,1
q,2022-10-16 18:23:06.928525,-0.29,0.58,0.67,72.27,26.25,-33.87,-19.62,45.52,-16.64,1
q,2022-10-16 18:23:06.947424,-0.26,0.51,0.67,53.65,22.09,-38.15,-22.14,34.11,-22.01,1
q,2022-10-16 18:23:06.965412,-0.23,0.47,0.69,32.53,16.30,-43.95,-22.14,34.11,-22.01,1
q,2022-10-16 18:23:06.984559,-0.18,0.42,0.69,12.76,12.39,-48.10,-19.07,21.45,-25.05,1
q,2022-10-16 18:23:07.002436,-0.14,0.39,0.67,3.42,8.42,-34.73,-19.07,21.45,-25.05,1
q,2022-10-16 18:23:07.020417,-0.11,0.34,0.68,10.19,4.09,-20.02,-19.07,21.45,-25.05,1
q,2022-10-16 18:23:07.039484,-0.13,0.32,0.72,8.67,0.67,-6.04,-15.41,15.71,-26.17,1
q,2022-10-16 18:23:07.057729,-0.14,0.36,0.76,-8.12,1.28,-4.46,-15.41,15.71,-26.17,1
q,2022-10-16 18:23:07.075716,-0.20,0.53,0.75,-30.64,2.81,-15.26,-15.41,15.71,-26.17,1
q,2022-10-16 18:23:07.094467,-0.20,0.62,0.73,-31.62,1.40,-18.55,-16.52,16.39,-26.44,1
q,2022-10-16 18:23:07.112521,-0.06,0.47,0.75,-29.79,2.01,-15.14,-16.52,16.39,-26.44,1
q,2022-10-16 18:23:07.131446,-0.25,0.61,0.69,-32.47,4.64,8.00,-17.31,17.71,-25.11,1
q,2022-10-16 18:23:07.149583,-0.38,0.68,0.76,-18.74,-0.92,15.75,-17.31,17.71,-25.11,1
q,2022-10-16 18:23:07.167474,-0.32,0.72,0.79,-6.23,6.65,5.43,-17.31,17.71,-25.11,1
q,2022-10-16 18:23:07.186525,-0.20,0.71,0.69,-9.16,10.44,-0.12,-14.76,18.73,-24.34,1
q,2022-10-16 18:23:07.204611,-0.24,0.74,0.68,-12.76,6.77,-2.56,-14.76,18.73,-24.34,1
q,2022-10-16 18:23:07.222634,-0.24,0.75,0.65,-7.51,5.92,-3.54,-14.76,18.73,-24.34,1
q,2022-10-16 18:23:07.241524,-0.20,0.76,0.61,-12.15,4.58,-12.94,-10.36,17.66,-22.56,1
q,2022-10-16 18:23:07.259574,-0.16,0.83,0.60,-4.39,1.65,-14.28,-10.36,17.66,-22.56,1
q,2022-10-16 18:23:07.277562,-0.12,0.82,0.58,8.48,-0.92,-15.50,-10.36,17.66,-22.56,1
q,2022-10-16 18:23:07.296727,-0.13,0.75,0.62,11.96,-3.97,-21.55,-7.36,14.45,-19.97,1
q,2022-10-16 18:23:07.314692,-0.15,0.68,0.66,2.62,-4.88,-27.47,-7.36,14.45,-19.97,1
q,2022-10-16 18:23:07.333642,-0.14,0.64,0.69,10.86,-5.43,-21.61,-4.63,10.58,-19.90,1
