z,2022-10-17 16:46:40.267068,0.06,0.06,1.09,-32.84,16.91,-26.37,13.76,-10.96,-123.40,1
z,2022-10-17 16:46:40.278345,0.29,0.27,0.98,-52.55,41.20,-35.58,13.76,-10.96,-123.40,1
z,2022-10-17 16:46:40.309608,0.33,0.39,0.97,-19.35,38.09,-24.54,11.21,-11.16,-123.77,1
z,2022-10-17 16:46:40.325565,0.40,0.30,0.90,-3.23,26.92,-24.29,11.21,-11.16,-123.77,1
z,2022-10-17 16:46:40.345419,0.43,0.24,0.88,-0.79,12.45,-30.58,9.46,-7.70,-124.45,1
z,2022-10-17 16:46:40.372566,0.36,0.19,0.90,1.40,5.43,-30.82,9.46,-7.70,-124.45,1
z,2022-10-17 16:46:40.388471,0.34,0.10,0.89,2.69,8.18,-29.97,7.43,-4.63,-124.41,1
z,2022-10-17 16:46:40.404082,0.34,0.01,0.91,9.89,10.19,-24.90,7.43,-4.63,-124.41,1
z,2022-10-17 16:46:40.435433,0.35,-0.06,0.89,13.31,9.58,-18.86,7.43,-4.63,-124.41,1
z,2022-10-17 16:46:40.453882,0.38,-0.12,0.88,16.17,8.36,-10.99,5.68,-1.17,-124.73,1
z,2022-10-17 16:46:40.467611,0.36,-0.12,0.88,12.02,5.43,-10.38,5.68,-1.17,-124.73,1
z,2022-10-17 16:46:40.498873,0.36,-0.11,0.85,1.89,3.54,-11.96,4.47,1.64,-125.32,1
z,2022-10-17 16:46:40.514490,0.35,-0.11,0.86,3.97,-1.16,-4.64,4.47,1.64,-125.32,1
z,2022-10-17 16:46:40.532217,0.29,-0.14,0.90,3.05,-1.28,0.43,4.47,1.64,-125.32,1
z,2022-10-17 16:46:40.546538,0.26,-0.09,0.93,-0.79,2.14,4.03,4.27,3.34,-125.13,1
z,2022-10-17 16:46:40.578186,0.35,-0.06,0.88,-3.23,5.19,4.70,4.27,3.34,-125.13,1
z,2022-10-17 16:46:40.593984,0.33,-0.06,0.90,0.55,1.77,10.44,4.92,3.47,-124.46,1
z,2022-10-17 16:46:40.609945,0.32,-0.07,0.88,2.01,-0.55,17.09,4.92,3.47,-124.46,1
z,2022-10-17 16:46:40.625469,0.33,-0.07,0.87,3.11,-1.59,24.11,4.92,3.47,-124.46,1
z,2022-10-17 16:46:40.660201,0.32,0.04,0.85,5.43,-6.96,34.73,6.51,3.27,-124.83,1
z,2022-10-17 16:46:40.675623,0.29,0.07,0.90,2.20,-10.50,30.27,6.51,3.27,-124.83,1
z,2022-10-17 16:46:40.688423,0.29,0.16,0.96,-50.84,9.40,-16.36,8.09,1.18,-124.63,1
z,2022-10-17 16:46:40.719678,0.36,0.27,0.96,-4.03,9.52,6.23,8.09,1.18,-124.63,1
z,2022-10-17 16:46:40.739461,0.36,0.21,0.94,33.02,2.44,25.88,8.09,1.18,-124.63,1
z,2022-10-17 16:46:40.754915,0.40,0.31,0.92,13.85,-0.79,-10.62,9.48,2.71,-122.56,1
z,2022-10-17 16:46:40.767126,0.37,0.23,0.90,13.12,-3.17,-31.31,9.48,2.71,-122.56,1
z,2022-10-17 16:46:40.798385,0.35,0.12,0.91,13.31,-3.91,-36.93,6.91,5.15,-123.58,1
z,2022-10-17 16:46:40.814007,0.32,0.00,0.89,18.13,-5.92,-27.22,6.91,5.15,-123.58,1
z,2022-10-17 16:46:40.829844,0.30,-0.08,0.89,23.86,-6.53,-17.09,6.91,5.15,-123.58,1
z,2022-10-17 16:46:40.845534,0.30,-0.16,0.90,22.40,-2.87,-6.04,3.87,8.39,-123.96,1
z,2022-10-17 16:46:40.876493,0.30,-0.19,0.89,20.45,-0.06,-0.85,3.87,8.39,-123.96,1
z,2022-10-17 16:46:40.892412,0.30,-0.26,0.91,8.42,3.66,0.98,3.61,9.70,-123.80,1
z,2022-10-17 16:46:40.908037,0.33,-0.21,0.92,-1.40,7.75,2.20,3.61,9.70,-123.80,1
z,2022-10-17 16:46:40.938974,0.30,-0.05,0.91,-23.44,5.80,-11.35,3.61,9.70,-123.80,1
z,2022-10-17 16:46:40.954818,0.30,-0.03,0.88,-23.80,-3.30,-12.39,3.19,9.88,-124.30,1
z,2022-10-17 16:46:40.970720,0.28,-0.04,0.87,-8.85,-10.50,0.18,3.19,9.88,-124.30,1
z,2022-10-17 16:46:41.001695,0.27,-0.05,0.85,2.75,-12.45,11.35,4.42,9.22,-124.91,1
z,2022-10-17 16:46:41.017321,0.27,-0.05,0.84,9.52,-16.24,19.41,4.42,9.22,-124.91,1
z,2022-10-17 16:46:41.033046,0.27,-0.06,0.85,7.26,-20.20,19.29,4.42,9.22,-124.91,1
z,2022-10-17 16:46:41.048852,0.26,-0.08,0.85,2.50,-23.25,16.05,7.03,7.70,-123.16,1
z,2022-10-17 16:46:41.080115,0.26,-0.09,0.86,-4.33,-24.54,14.40,7.03,7.70,-123.16,1
z,2022-10-17 16:46:41.096068,0.26,-0.08,0.90,-8.67,-22.34,14.77,10.23,5.09,-122.52,1
z,2022-10-17 16:46:41.117981,0.28,-0.00,0.95,-5.98,-19.84,21.24,10.23,5.09,-122.52,1
z,2022-10-17 16:46:41.145032,0.31,0.07,0.98,-9.16,-15.44,19.17,13.33,2.71,-121.98,1
z,2022-10-17 16:46:41.159073,0.31,0.18,1.01,-13.61,-12.76,10.86,13.33,2.71,-121.98,1
z,2022-10-17 16:46:41.175022,0.32,0.22,1.02,-13.73,-10.50,5.49,13.33,2.71,-121.98,1
z,2022-10-17 16:46:41.206445,0.33,0.33,1.03,-7.20,-7.08,5.25,14.94,0.04,-121.95,1
z,2022-10-17 16:46:41.222084,0.32,0.33,1.04,4.33,-2.93,8.06,14.94,0.04,-121.95,1
z,2022-10-17 16:46:41.237982,0.31,0.23,1.01,26.12,-2.99,12.15,14.92,1.31,-122.16,1
z,2022-10-17 16:46:41.253564,0.33,0.26,1.01,17.88,-9.22,-15.32,14.92,1.31,-122.16,1
z,2022-10-17 16:46:41.288564,0.30,0.17,0.99,5.98,-1.65,-30.58,14.92,1.31,-122.16,1
z,2022-10-17 16:46:41.303731,0.26,0.09,0.97,6.77,1.40,-33.08,12.78,4.87,-121.03,1
z,2022-10-17 16:46:41.316747,0.25,0.02,0.93,14.89,-1.71,-19.29,12.78,4.87,-121.03,1
z,2022-10-17 16:46:41.332637,0.25,0.02,0.91,14.59,-1.53,-18.62,9.95,9.42,-122.74,1
z,2022-10-17 16:46:41.363622,0.24,0.00,0.90,10.62,0.92,-27.95,9.95,9.42,-122.74,1
z,2022-10-17 16:46:41.379243,0.22,-0.13,0.91,8.42,3.05,-29.30,9.95,9.42,-122.74,1
z,2022-10-17 16:46:41.400937,0.21,-0.22,0.92,10.38,3.66,-19.35,7.06,12.93,-123.10,1
z,2022-10-17 16:46:41.411214,0.22,-0.25,0.93,11.35,3.11,-0.31,7.06,12.93,-123.10,1
z,2022-10-17 16:46:41.442469,0.25,-0.25,0.94,8.48,3.66,6.59,6.96,13.68,-123.86,1
z,2022-10-17 16:46:41.458383,0.27,-0.07,0.95,-20.57,0.06,-13.79,6.96,13.68,-123.86,1
