O,2022-10-26 16:32:46.060101,0.62,-0.36,0.66,-24.35,-0.98,23.74,26.26,32.24,-13.93,1
O,2022-10-26 16:32:46.077292,0.63,-0.37,0.69,-22.64,-0.18,23.25,25.28,32.03,-14.72,1
O,2022-10-26 16:32:46.105723,0.63,-0.30,0.74,-8.97,-3.11,21.73,25.28,32.03,-14.72,1
O,2022-10-26 16:32:46.121542,0.63,-0.23,0.76,10.13,-7.20,23.44,25.22,31.77,-15.70,1
O,2022-10-26 16:32:46.137109,0.63,-0.35,0.61,31.07,-10.38,31.62,25.22,31.77,-15.70,1
O,2022-10-26 16:32:46.152782,0.61,-0.40,0.60,11.23,-6.77,32.59,25.22,31.77,-15.70,1
O,2022-10-26 16:32:46.183826,0.47,-0.38,0.75,7.81,10.44,6.96,24.87,32.42,-15.17,1
O,2022-10-26 16:32:46.199608,0.12,0.09,1.18,70.98,83.56,5.07,24.87,32.42,-15.17,1
O,2022-10-26 16:32:46.225319,0.76,-0.27,0.63,89.54,127.50,62.38,23.43,32.09,-16.44,1
O,2022-10-26 16:32:46.247161,1.06,-0.28,0.57,49.19,140.62,13.85,23.43,32.09,-16.44,1
O,2022-10-26 16:32:46.262721,0.65,-0.44,0.69,61.04,109.86,-58.11,23.43,32.09,-16.44,1
O,2022-10-26 16:32:46.278605,0.60,-0.55,0.32,90.21,84.17,-80.51,20.35,31.62,-14.33,1
O,2022-10-26 16:32:46.309594,0.79,-0.55,0.20,78.61,59.08,-84.78,20.35,31.62,-14.33,1
O,2022-10-26 16:32:46.325208,0.90,-0.59,0.57,77.51,28.63,-77.58,17.24,31.08,-15.43,1
O,2022-10-26 16:32:46.342460,0.80,-0.68,0.29,101.68,-19.65,-60.97,17.24,31.08,-15.43,1
O,2022-10-26 16:32:46.372954,0.81,-0.67,0.22,99.12,-17.03,-54.50,16.16,30.44,-15.48,1
O,2022-10-26 16:32:46.388670,0.65,-0.85,0.13,67.63,-20.20,-42.42,16.16,30.44,-15.48,1
O,2022-10-26 16:32:46.404567,0.56,-0.79,0.21,50.66,-26.67,-37.41,16.16,30.44,-15.48,1
O,2022-10-26 16:32:46.420190,0.68,-0.72,0.14,50.35,-37.17,-25.15,15.73,29.99,-12.99,1
O,2022-10-26 16:32:46.451211,0.75,-0.65,0.30,18.92,-28.81,-25.15,15.73,29.99,-12.99,1
O,2022-10-26 16:32:46.466794,0.64,-0.63,0.46,-1.77,-18.92,-23.93,15.42,30.59,-13.56,1
O,2022-10-26 16:32:46.485606,0.19,-0.44,0.50,-3.54,-5.37,-14.22,15.42,30.59,-13.56,1
O,2022-10-26 16:32:46.514566,0.66,-0.66,0.19,22.77,-4.15,2.44,15.42,30.59,-13.56,1
O,2022-10-26 16:32:46.530167,0.67,-0.73,0.23,-13.55,7.14,8.91,16.03,30.58,-11.95,1
O,2022-10-26 16:32:46.545886,0.62,-0.69,0.31,-36.38,12.21,13.92,16.03,30.58,-11.95,1
O,2022-10-26 16:32:46.579663,0.65,-0.60,0.41,-48.83,11.47,20.32,16.56,31.27,-14.44,1
O,2022-10-26 16:32:46.593383,0.59,-0.66,0.43,-41.56,-0.43,29.48,16.56,31.27,-14.44,1
O,2022-10-26 16:32:46.616985,0.65,-0.39,0.60,-40.71,-10.31,27.71,16.56,31.27,-14.44,1
O,2022-10-26 16:32:46.625515,0.45,-0.89,0.18,-17.03,-44.74,44.07,17.20,31.41,-14.12,1
O,2022-10-26 16:32:46.656838,0.64,-0.47,0.46,-32.65,-25.09,23.99,17.20,31.41,-14.12,1
O,2022-10-26 16:32:46.672459,0.57,-0.68,0.43,-15.20,-39.43,28.99,17.83,31.92,-15.97,1
O,2022-10-26 16:32:46.688277,0.61,-0.50,0.64,-25.15,-26.43,18.19,17.83,31.92,-15.97,1
O,2022-10-26 16:32:46.720153,0.60,-0.52,0.61,-15.08,-33.45,18.19,17.83,31.92,-15.97,1
O,2022-10-26 16:32:46.735724,0.58,-0.56,0.50,-3.78,-40.28,16.30,16.99,31.77,-15.83,1
O,2022-10-26 16:32:46.751637,0.74,-0.52,0.38,-20.32,-20.69,9.77,16.99,31.77,-15.83,1
O,2022-10-26 16:32:46.784685,0.53,-0.52,0.77,-32.90,-9.95,12.63,16.70,30.75,-17.63,1
O,2022-10-26 16:32:46.805505,0.54,-0.55,0.62,-13.98,-17.27,10.50,16.70,30.75,-17.63,1
O,2022-10-26 16:32:46.814806,0.59,-0.54,0.51,-3.72,-21.00,8.61,16.43,30.98,-17.18,1
O,2022-10-26 16:32:46.846116,0.57,-0.51,0.58,-9.46,-19.41,8.48,16.43,30.98,-17.18,1
O,2022-10-26 16:32:46.864478,0.55,-0.53,0.50,2.93,-21.06,5.92,16.43,30.98,-17.18,1
O,2022-10-26 16:32:46.877786,0.55,-0.56,0.58,0.18,-16.72,5.62,15.76,30.33,-17.85,1
O,2022-10-26 16:32:46.909075,0.57,-0.53,0.55,16.17,-23.01,-1.34,15.76,30.33,-17.85,1
O,2022-10-26 16:32:46.926766,0.69,-0.55,0.45,19.17,-23.07,-0.67,15.19,29.83,-17.92,1
O,2022-10-26 16:32:46.941046,0.57,-0.53,0.66,-5.98,-11.84,4.64,15.19,29.83,-17.92,1
O,2022-10-26 16:32:46.974995,0.55,-0.54,0.63,1.40,-12.82,3.91,15.19,29.83,-17.92,1
O,2022-10-26 16:32:46.997171,0.59,-0.55,0.55,18.19,-15.50,-2.99,14.17,29.80,-18.15,1
O,2022-10-26 16:32:47.016988,0.46,-0.62,0.66,10.25,-9.77,-1.53,14.17,29.80,-18.15,1
O,2022-10-26 16:32:47.036026,0.58,-0.52,0.59,11.54,-9.22,-6.71,13.59,28.98,-17.14,1
O,2022-10-26 16:32:47.051919,0.57,-0.54,0.66,23.68,-9.89,-4.39,13.59,28.98,-17.14,1
O,2022-10-26 16:32:47.068918,0.50,-0.62,0.54,56.21,-10.93,-9.22,12.72,28.53,-17.93,1
O,2022-10-26 16:32:47.101339,0.64,-0.62,0.42,27.28,2.56,-2.75,12.72,28.53,-17.93,1
O,2022-10-26 16:32:47.118309,0.54,-0.67,0.58,23.50,5.25,-9.95,12.72,28.53,-17.93,1
O,2022-10-26 16:32:47.131644,0.63,-0.51,0.60,35.77,4.03,-14.22,11.69,27.91,-16.00,1
O,2022-10-26 16:32:47.159450,0.55,-0.67,0.55,43.03,2.56,-7.26,11.69,27.91,-16.00,1
O,2022-10-26 16:32:47.179246,0.56,-0.63,0.50,53.10,5.19,-13.55,12.10,27.61,-16.08,1
O,2022-10-26 16:32:47.199891,0.58,-0.65,0.51,61.58,13.24,-18.19,12.10,27.61,-16.08,1
O,2022-10-26 16:32:47.211834,0.57,-0.69,0.58,55.60,13.24,-15.20,12.10,27.61,-16.08,1
O,2022-10-26 16:32:47.245792,0.54,-0.68,0.52,59.81,4.46,-11.29,11.55,27.29,-14.94,1
O,2022-10-26 16:32:47.259230,0.55,-0.70,0.45,62.68,4.52,-10.44,11.55,27.29,-14.94,1
O,2022-10-26 16:32:47.275234,0.47,-0.74,0.43,57.37,10.62,-13.00,11.76,27.40,-14.16,1
O,2022-10-26 16:32:47.307081,0.50,-0.72,0.47,50.96,12.15,-14.53,11.76,27.40,-14.16,1
O,2022-10-26 16:32:47.322720,0.51,-0.78,0.45,46.88,14.04,-21.85,11.76,27.40,-14.16,1
O,2022-10-26 16:32:47.338821,0.54,-0.74,0.44,46.57,13.49,-23.62,11.50,26.93,-14.10,1
O,2022-10-26 16:32:47.370117,0.56,-0.68,0.41,27.53,15.38,-18.55,11.50,26.93,-14.10,1
O,2022-10-26 16:32:47.385703,0.52,-0.68,0.34,58.65,13.55,-10.38,11.84,25.67,-12.94,1
O,2022-10-26 16:32:47.401546,0.51,-0.84,0.24,45.47,24.84,-6.10,11.84,25.67,-12.94,1
O,2022-10-26 16:32:47.432564,0.50,-0.77,0.28,42.42,24.72,-6.04,11.62,24.65,-12.10,1
O,2022-10-26 16:32:47.448224,0.55,-0.83,0.33,30.03,32.04,-6.10,11.62,24.65,-12.10,1
O,2022-10-26 16:32:47.463846,0.56,-0.88,0.29,29.66,26.98,-4.33,11.62,24.65,-12.10,1
O,2022-10-26 16:32:47.495049,0.57,-0.84,0.18,34.67,18.92,-2.20,11.73,24.13,-12.32,1
O,2022-10-26 16:32:47.511230,0.55,-0.80,0.12,27.40,23.25,2.75,11.73,24.13,-12.32,1
O,2022-10-26 16:32:47.527119,0.52,-0.84,0.14,14.28,36.99,8.79,11.87,24.46,-11.94,1
O,2022-10-26 16:32:47.542768,0.54,-0.82,0.30,-0.43,34.55,9.22,11.87,24.46,-11.94,1
O,2022-10-26 16:32:47.573790,0.53,-0.84,0.38,-3.23,25.94,9.22,11.87,24.46,-11.94,1
O,2022-10-26 16:32:47.596541,0.55,-0.82,0.14,-5.43,19.71,8.85,11.57,24.46,-11.54,1
O,2022-10-26 16:32:47.606170,0.56,-0.83,0.21,-24.17,30.88,12.51,11.57,24.46,-11.54,1
O,2022-10-26 16:32:47.637490,0.54,-0.80,0.20,-29.72,32.23,14.47,11.30,24.10,-12.11,1
O,2022-10-26 16:32:47.653108,0.53,-0.83,0.28,-46.02,35.22,14.53,11.30,24.10,-12.11,1
O,2022-10-26 16:32:47.672422,0.53,-0.82,0.20,-41.20,29.66,13.67,11.30,24.10,-12.11,1
O,2022-10-26 16:32:47.685658,0.62,-0.74,0.31,-54.20,26.31,20.02,10.77,25.35,-12.66,1
O,2022-10-26 16:32:47.716958,0.52,-0.77,0.34,-51.03,21.67,23.07,10.77,25.35,-12.66,1
O,2022-10-26 16:32:47.733095,0.46,-0.86,0.33,-40.53,16.60,18.86,11.51,25.24,-13.44,1
O,2022-10-26 16:32:47.748973,0.52,-0.78,0.22,-24.90,15.44,9.89,11.51,25.24,-13.44,1
O,2022-10-26 16:32:47.780033,0.77,-0.67,0.17,-28.93,18.80,13.98,11.51,25.24,-13.44,1
O,2022-10-26 16:32:47.795929,0.50,-0.81,0.40,-48.10,23.56,23.56,11.00,26.28,-14.53,1
O,2022-10-26 16:32:47.811816,0.52,-0.71,0.27,-30.40,9.52,7.57,11.00,26.28,-14.53,1
O,2022-10-26 16:32:47.842808,0.64,-0.72,0.15,-25.57,11.66,8.12,11.56,26.57,-14.38,1
O,2022-10-26 16:32:47.858969,0.67,-0.72,0.34,-30.70,15.44,8.61,11.56,26.57,-14.38,1
O,2022-10-26 16:32:47.877950,0.62,-0.71,0.31,-36.80,15.50,13.12,11.56,26.57,-14.38,1
O,2022-10-26 16:32:47.891227,0.62,-0.71,0.28,-32.53,15.32,12.45,11.77,27.31,-16.24,1
O,2022-10-26 16:32:47.922484,0.64,-0.73,0.28,-43.40,18.25,10.93,11.77,27.31,-16.24,1
O,2022-10-26 16:32:47.938740,0.60,-0.73,0.40,-44.74,18.13,10.93,11.88,27.67,-16.63,1
O,2022-10-26 16:32:47.957598,0.65,-0.72,0.37,-42.05,9.77,15.69,11.88,27.67,-16.63,1
O,2022-10-26 16:32:47.986316,0.62,-0.74,0.30,-43.52,10.62,15.08,12.79,27.75,-16.65,1
O,2022-10-26 16:32:48.004481,0.65,-0.69,0.29,-52.12,12.88,14.47,12.79,27.75,-16.65,1
O,2022-10-26 16:32:48.018136,0.64,-0.61,0.48,-49.50,7.69,14.34,12.79,27.75,-16.65,1
O,2022-10-26 16:32:48.049455,0.66,-0.64,0.43,-49.32,2.20,20.32,12.94,28.33,-19.09,1
O,2022-10-26 16:32:48.065564,0.58,-0.64,0.34,-44.86,-1.40,20.45,12.94,28.33,-19.09,1
O,2022-10-26 16:32:48.081412,0.68,-0.55,0.32,-34.30,-2.56,14.95,13.27,28.69,-18.76,1
O,2022-10-26 16:32:48.112442,0.60,-0.67,0.44,-46.26,-2.99,24.41,13.27,28.69,-18.76,1
O,2022-10-26 16:32:48.128354,0.56,-0.67,0.41,-52.00,-0.79,22.77,13.27,28.69,-18.76,1
O,2022-10-26 16:32:48.144210,0.77,-0.46,0.44,-47.97,3.11,10.74,14.25,28.59,-18.52,1
O,2022-10-26 16:32:48.159870,0.61,-0.63,0.39,-68.97,-2.26,35.58,14.25,28.59,-18.52,1
O,2022-10-26 16:32:48.190916,0.69,-0.56,0.44,-66.59,1.71,25.57,15.15,29.03,-21.22,1
O,2022-10-26 16:32:48.206696,0.64,-0.57,0.51,-53.71,-3.97,33.39,15.15,29.03,-21.22,1
O,2022-10-26 16:32:48.222355,0.77,-0.39,0.61,-35.34,-3.11,28.02,15.15,29.03,-21.22,1
O,2022-10-26 16:32:48.253340,0.59,-0.53,0.64,-19.10,-9.77,34.36,15.30,29.37,-19.78,1
O,2022-10-26 16:32:48.268999,0.69,-0.51,0.43,-12.70,-14.65,32.29,15.30,29.37,-19.78,1
O,2022-10-26 16:32:48.293331,0.63,-0.41,0.58,-13.85,-10.31,19.90,15.61,29.50,-21.29,1
O,2022-10-26 16:32:48.304160,0.67,-0.38,0.63,-4.46,-6.16,11.90,15.61,29.50,-21.29,1
O,2022-10-26 16:32:48.333044,0.68,-0.48,0.50,-8.54,-7.45,13.37,15.61,29.50,-21.29,1
O,2022-10-26 16:32:48.348670,0.69,-0.38,0.53,-21.97,-2.01,10.74,16.19,29.94,-21.46,1
O,2022-10-26 16:32:48.364509,0.70,-0.47,0.54,-20.14,-14.40,25.94,16.19,29.94,-21.46,1
