B,2022-10-17 14:47:27.325140,0.03,-0.56,0.87,-12.33,15.69,-3.42,31.18,67.58,-7.67,1
B,2022-10-17 14:47:27.342836,0.07,-0.61,0.80,-11.90,14.53,2.50,31.18,67.58,-7.67,1
B,2022-10-17 14:47:27.360801,0.11,-0.59,0.75,-22.52,17.52,3.91,31.18,67.58,-7.67,1
B,2022-10-17 14:47:27.379820,0.07,-0.56,0.76,-36.50,26.06,2.62,29.60,67.85,-8.00,1
B,2022-10-17 14:47:27.397767,0.05,-0.48,0.83,-47.06,36.99,0.06,29.60,67.85,-8.00,1
B,2022-10-17 14:47:27.415893,0.12,-0.44,0.84,-41.44,44.49,1.04,29.60,67.85,-8.00,1
B,2022-10-17 14:47:27.434915,0.19,-0.49,0.82,-36.25,45.04,11.41,29.54,67.99,-10.53,1
B,2022-10-17 14:47:27.452963,0.20,-0.54,0.77,-50.23,34.30,16.36,29.54,67.99,-10.53,1
B,2022-10-17 14:47:27.471923,0.17,-0.51,0.78,-83.37,32.65,9.16,28.66,70.29,-13.42,1
B,2022-10-17 14:47:27.489960,0.10,-0.44,0.86,-111.82,35.40,-7.57,28.66,70.29,-13.42,1
B,2022-10-17 14:47:27.507906,0.01,-0.28,0.90,-118.04,29.66,-19.78,28.66,70.29,-13.42,1
B,2022-10-17 14:47:27.526648,0.05,0.00,1.14,16.97,2.38,5.00,28.54,70.15,-17.15,1
B,2022-10-17 14:47:27.545046,-0.09,-0.56,0.93,-7.45,-5.62,12.76,28.54,70.15,-17.15,1
B,2022-10-17 14:47:27.563080,0.04,-0.31,1.13,-0.67,-52.55,-28.69,28.54,70.15,-17.15,1
B,2022-10-17 14:47:27.581919,0.04,-0.17,1.15,62.07,-106.69,-42.11,27.87,70.01,-16.64,1
B,2022-10-17 14:47:27.599906,0.14,-0.09,1.02,141.36,-166.32,-38.21,27.87,70.01,-16.64,1
B,2022-10-17 14:47:27.618845,0.15,-0.22,0.81,244.02,-189.51,-17.40,27.64,65.55,-3.97,1
B,2022-10-17 14:47:27.637081,-0.05,-0.53,0.57,220.52,-165.16,-6.16,27.64,65.55,-3.97,1
B,2022-10-17 14:47:27.654940,-0.22,-0.81,0.40,140.32,-105.90,6.23,27.64,65.55,-3.97,1
B,2022-10-17 14:47:27.673768,-0.36,-0.93,0.47,39.92,-28.02,12.63,28.52,63.01,1.43,1
B,2022-10-17 14:47:27.691986,-0.29,-0.83,0.64,-35.46,93.44,28.08,28.52,63.01,1.43,1
B,2022-10-17 14:47:27.709978,-0.04,-0.70,0.87,-126.10,131.35,34.18,28.52,63.01,1.43,1
B,2022-10-17 14:47:27.728946,0.26,-0.45,0.88,-157.29,163.39,43.64,27.70,66.20,-4.58,1
B,2022-10-17 14:47:27.746926,0.25,-0.46,0.94,-151.06,170.17,49.74,27.70,66.20,-4.58,1
B,2022-10-17 14:47:27.764944,0.29,-0.47,0.99,-142.33,148.01,44.25,27.70,66.20,-4.58,1
B,2022-10-17 14:47:27.783759,0.28,-0.49,0.92,-139.53,114.93,11.29,27.95,70.01,-13.72,1
B,2022-10-17 14:47:27.801907,0.18,-0.07,0.93,-150.33,63.17,-42.85,27.95,70.01,-13.72,1
B,2022-10-17 14:47:27.820902,-0.29,0.55,1.20,-129.76,31.62,-39.43,27.39,70.13,-20.80,1
B,2022-10-17 14:47:27.838832,0.09,0.11,0.96,104.92,8.79,13.73,27.39,70.13,-20.80,1
B,2022-10-17 14:47:27.856826,0.12,-0.65,0.79,106.93,2.50,1.65,27.39,70.13,-20.80,1
B,2022-10-17 14:47:27.875930,0.08,-0.37,0.89,51.82,3.42,-49.50,26.86,69.26,-18.31,1
B,2022-10-17 14:47:27.894104,0.08,-0.37,0.84,62.56,-19.41,-44.56,26.86,69.26,-18.31,1
B,2022-10-17 14:47:27.912086,0.07,-0.55,0.80,73.36,-41.08,-28.93,26.86,69.26,-18.31,1
B,2022-10-17 14:47:27.930920,0.11,-0.69,0.78,84.29,-60.36,-6.53,24.87,66.28,-15.39,1
B,2022-10-17 14:47:27.948830,0.17,-0.76,0.74,99.00,-78.92,22.83,24.87,66.28,-15.39,1
B,2022-10-17 14:47:27.966961,0.15,-1.00,0.48,39.25,-69.09,42.36,24.87,66.28,-15.39,1
B,2022-10-17 14:47:27.985952,0.07,-0.67,0.73,-57.50,-21.85,5.25,26.87,67.29,-9.23,1
B,2022-10-17 14:47:28.003941,0.13,-0.11,1.05,-114.07,27.47,-39.86,26.87,67.29,-9.23,1
B,2022-10-17 14:47:28.022916,0.10,0.60,1.51,-94.60,34.18,-34.97,27.51,67.42,-13.42,1
B,2022-10-17 14:47:28.040819,0.06,0.08,1.23,41.75,-2.56,18.49,27.51,67.42,-13.42,1
B,2022-10-17 14:47:28.058903,0.05,-0.53,0.88,74.40,-5.31,-22.40,27.51,67.42,-13.42,1
B,2022-10-17 14:47:28.077828,0.02,-0.47,0.82,49.32,4.52,-68.24,25.98,66.41,-11.11,1
B,2022-10-17 14:47:28.096072,-0.00,-0.44,0.80,47.49,-4.09,-83.19,25.98,66.41,-11.11,1
B,2022-10-17 14:47:28.114091,0.01,-0.49,0.73,66.71,-29.36,-65.55,25.98,66.41,-11.11,1
B,2022-10-17 14:47:28.133052,-0.00,-0.67,0.66,86.30,-53.28,-21.67,23.79,62.28,-9.28,1
B,2022-10-17 14:47:28.150938,-0.02,-0.95,0.64,102.91,-79.47,27.04,23.79,62.28,-9.28,1
B,2022-10-17 14:47:28.169902,0.04,-1.18,0.43,103.45,-99.49,51.57,25.92,61.98,-3.70,1
B,2022-10-17 14:47:28.187983,-0.04,-1.16,0.43,31.01,-81.30,42.30,25.92,61.98,-3.70,1
B,2022-10-17 14:47:28.206105,-0.07,-0.59,0.81,-57.86,-39.12,14.89,25.92,61.98,-3.70,1
B,2022-10-17 14:47:28.225118,-0.06,-0.07,1.13,-77.76,-13.12,14.16,29.24,64.11,-3.26,1
B,2022-10-17 14:47:28.242835,-0.09,0.06,1.09,-35.46,3.48,50.23,29.24,64.11,-3.26,1
B,2022-10-17 14:47:28.260960,-0.18,-0.08,1.05,-12.57,15.44,64.39,29.24,64.11,-3.26,1
B,2022-10-17 14:47:28.279797,-0.38,-0.47,0.97,15.69,33.87,47.61,30.24,66.94,-4.54,1
B,2022-10-17 14:47:28.297936,-0.25,-0.46,1.00,26.00,56.70,2.08,30.24,66.94,-4.54,1
B,2022-10-17 14:47:28.315883,-0.00,-0.46,0.98,42.36,60.24,-21.30,30.24,66.94,-4.54,1
B,2022-10-17 14:47:28.334872,0.08,-0.56,0.79,49.13,40.28,-18.74,28.34,64.11,-5.53,1
