U,2022-10-28 17:47:03.163238,0.30,-0.50,0.87,1.59,-9.70,-11.05,17.24,-42.44,-135.91,1
U,2022-10-28 17:47:03.186704,0.27,-0.53,0.83,9.52,-6.90,1.16,17.24,-42.44,-135.91,1
U,2022-10-28 17:47:03.203831,0.30,-0.50,0.83,2.14,-9.03,6.53,19.09,-42.47,-135.30,1
U,2022-10-28 17:47:03.222838,0.25,-0.52,0.87,-10.62,-10.38,1.40,19.09,-42.47,-135.30,1
U,2022-10-28 17:47:03.242077,0.21,-0.53,0.92,-18.55,-8.06,7.69,19.09,-42.47,-135.30,1
U,2022-10-28 17:47:03.265336,0.23,-0.45,0.91,-16.78,-5.49,12.57,19.62,-43.23,-135.47,1
U,2022-10-28 17:47:03.282483,0.27,-0.45,0.87,-12.70,-5.13,17.03,19.62,-43.23,-135.47,1
U,2022-10-28 17:47:03.302365,0.29,-0.34,0.87,-17.33,-6.35,20.39,20.01,-44.51,-136.76,1
U,2022-10-28 17:47:03.319800,0.29,-0.33,0.88,-22.52,-5.31,15.26,20.01,-44.51,-136.76,1
U,2022-10-28 17:47:03.339197,0.30,-0.27,0.83,-25.63,-5.80,14.40,20.01,-44.51,-136.76,1
U,2022-10-28 17:47:03.361230,0.32,-0.18,0.81,-26.79,-12.45,8.48,19.04,-47.24,-136.16,1
U,2022-10-28 17:47:03.382844,0.03,0.02,0.84,-32.78,-17.76,-13.49,19.04,-47.24,-136.16,1
U,2022-10-28 17:47:03.402969,0.20,-0.08,0.95,11.17,5.80,-11.96,18.76,-48.83,-137.05,1
U,2022-10-28 17:47:03.423890,0.24,-0.36,0.81,-3.23,-0.55,-3.85,18.76,-48.83,-137.05,1
U,2022-10-28 17:47:03.444132,0.21,-0.25,0.90,-2.75,3.17,2.99,18.76,-48.83,-137.05,1
U,2022-10-28 17:47:03.466252,0.22,-0.28,0.86,-5.68,5.55,5.43,20.56,-50.06,-136.07,1
U,2022-10-28 17:47:03.485896,0.27,-0.09,1.00,-14.16,-20.57,-10.56,20.56,-50.06,-136.07,1
U,2022-10-28 17:47:03.503868,0.13,-0.32,0.65,28.38,-27.71,-10.86,20.95,-51.39,-138.51,1
U,2022-10-28 17:47:03.524832,0.17,-0.28,0.84,8.61,-19.47,-7.93,20.95,-51.39,-138.51,1
U,2022-10-28 17:47:03.541663,0.18,-0.24,0.95,-0.06,-11.96,-6.96,20.95,-51.39,-138.51,1
U,2022-10-28 17:47:03.561927,0.18,-0.20,0.85,-4.94,-7.87,-6.65,22.40,-52.15,-139.27,1
U,2022-10-28 17:47:03.580906,0.19,-0.21,0.93,-5.31,-8.12,-5.07,22.40,-52.15,-139.27,1
U,2022-10-28 17:47:03.601350,0.20,-0.23,0.98,-2.44,-8.30,-5.37,23.96,-52.98,-140.95,1
U,2022-10-28 17:47:03.621869,0.19,-0.24,0.99,-0.06,-7.02,-5.43,23.96,-52.98,-140.95,1
U,2022-10-28 17:47:03.638720,0.21,-0.29,0.96,3.91,-6.10,-5.68,23.96,-52.98,-140.95,1
U,2022-10-28 17:47:03.658983,0.20,-0.31,0.98,0.24,-4.21,-5.92,24.23,-53.22,-143.46,1
U,2022-10-28 17:47:03.681727,0.21,-0.28,0.98,-5.98,-2.93,-5.80,24.23,-53.22,-143.46,1
U,2022-10-28 17:47:03.701129,0.20,-0.26,0.99,-6.59,-2.69,-6.41,24.49,-53.93,-143.43,1
U,2022-10-28 17:47:03.719358,0.20,-0.24,0.98,-2.87,-4.82,-7.45,24.49,-53.93,-143.43,1
U,2022-10-28 17:47:03.738931,0.18,-0.24,0.96,0.18,-6.23,-6.90,24.49,-53.93,-143.43,1
U,2022-10-28 17:47:03.758173,0.18,-0.23,0.97,5.25,-7.63,-4.58,24.49,-53.76,-143.04,1
U,2022-10-28 17:47:03.777504,0.18,-0.23,0.97,8.73,-9.46,-2.20,24.49,-53.76,-143.04,1
U,2022-10-28 17:47:03.799405,0.15,-0.21,0.94,8.54,-9.40,-2.87,23.95,-52.58,-143.36,1
U,2022-10-28 17:47:03.822311,0.16,-0.25,0.95,9.34,-7.69,-6.65,23.95,-52.58,-143.36,1
U,2022-10-28 17:47:03.839593,0.17,-0.27,0.97,9.22,-5.92,-7.26,23.95,-52.58,-143.36,1
U,2022-10-28 17:47:03.857839,0.18,-0.28,0.96,9.28,-5.31,-5.98,23.91,-51.37,-142.98,1
U,2022-10-28 17:47:03.879012,0.15,-0.24,0.95,11.29,-4.09,-3.23,23.91,-51.37,-142.98,1
U,2022-10-28 17:47:03.904495,0.14,-0.22,0.97,9.28,-2.01,-9.58,24.55,-50.56,-143.46,1
U,2022-10-28 17:47:03.920646,0.16,-0.30,0.95,9.52,1.83,-16.17,24.55,-50.56,-143.46,1
U,2022-10-28 17:47:03.938786,0.17,-0.29,0.94,9.89,1.83,-10.31,24.55,-50.56,-143.46,1
U,2022-10-28 17:47:03.958105,0.14,-0.30,0.92,12.27,1.59,-6.29,25.20,-49.26,-141.78,1
U,2022-10-28 17:47:03.977057,0.14,-0.26,0.96,10.50,1.71,-7.69,25.20,-49.26,-141.78,1
U,2022-10-28 17:47:03.998683,0.15,-0.25,0.99,6.41,5.07,-14.59,26.59,-47.39,-139.93,1
U,2022-10-28 17:47:04.018863,0.19,-0.39,0.91,4.09,9.95,-13.06,26.59,-47.39,-139.93,1
U,2022-10-28 17:47:04.037867,0.17,-0.37,0.89,10.07,5.31,-2.50,26.59,-47.39,-139.93,1
U,2022-10-28 17:47:04.058094,0.16,-0.31,0.92,13.98,-0.06,5.07,26.78,-45.23,-139.12,1
U,2022-10-28 17:47:04.077943,0.16,-0.35,0.92,7.75,6.23,-4.58,26.78,-45.23,-139.12,1
U,2022-10-28 17:47:04.102150,0.16,-0.32,0.94,-1.65,9.46,-9.89,27.73,-44.17,-137.99,1
U,2022-10-28 17:47:04.121881,0.17,-0.32,0.92,-4.88,12.57,-14.22,27.73,-44.17,-137.99,1
U,2022-10-28 17:47:04.139278,0.18,-0.35,0.91,0.92,9.64,-10.13,27.73,-44.17,-137.99,1
U,2022-10-28 17:47:04.158952,0.16,-0.32,0.93,2.62,7.75,-7.20,27.88,-42.88,-135.68,1
U,2022-10-28 17:47:04.178369,0.18,-0.38,0.91,2.44,7.63,-6.41,27.88,-42.88,-135.68,1
U,2022-10-28 17:47:04.200003,0.20,-0.39,0.92,8.36,3.30,2.20,28.94,-40.47,-134.89,1
U,2022-10-28 17:47:04.217355,0.18,-0.41,0.90,12.08,-0.49,5.49,28.94,-40.47,-134.89,1
U,2022-10-28 17:47:04.237205,0.18,-0.43,0.86,7.51,0.55,4.15,28.94,-40.47,-134.89,1
U,2022-10-28 17:47:04.256952,0.19,-0.43,0.90,-1.71,-1.10,0.12,28.67,-39.79,-134.29,1
U,2022-10-28 17:47:04.277795,0.20,-0.40,0.92,-11.47,5.98,-2.44,28.67,-39.79,-134.29,1
U,2022-10-28 17:47:04.301817,0.23,-0.38,0.97,-19.65,10.68,-2.01,28.15,-39.73,-134.22,1
U,2022-10-28 17:47:04.318769,0.21,-0.32,0.92,-14.95,10.86,1.34,28.15,-39.73,-134.22,1
U,2022-10-28 17:47:04.336018,0.18,-0.29,0.89,-7.45,5.13,4.09,28.15,-39.73,-134.22,1
U,2022-10-28 17:47:04.355590,0.20,-0.33,0.91,-9.34,6.29,3.72,28.75,-40.50,-133.42,1
U,2022-10-28 17:47:04.375345,0.19,-0.29,0.91,-11.90,4.82,1.83,28.75,-40.50,-133.42,1
U,2022-10-28 17:47:04.396984,0.21,-0.27,0.96,-8.67,5.55,1.40,27.91,-40.48,-132.48,1
U,2022-10-28 17:47:04.419153,0.21,-0.31,0.93,-3.91,5.62,2.56,27.91,-40.48,-132.48,1
U,2022-10-28 17:47:04.435657,0.19,-0.28,0.88,-2.99,5.13,3.66,27.91,-40.48,-132.48,1
U,2022-10-28 17:47:04.453839,0.21,-0.30,0.95,-1.40,3.23,3.66,27.78,-41.28,-133.12,1
U,2022-10-28 17:47:04.473957,0.19,-0.25,0.91,-3.60,4.82,4.27,27.78,-41.28,-133.12,1
U,2022-10-28 17:47:04.490415,0.20,-0.28,0.93,0.98,3.05,2.69,27.78,-41.28,-133.12,1
U,2022-10-28 17:47:04.510473,0.20,-0.30,0.91,0.49,4.09,1.22,27.26,-41.16,-131.95,1
U,2022-10-28 17:47:04.531485,0.21,-0.30,0.90,-5.49,2.14,-1.04,27.26,-41.16,-131.95,1
U,2022-10-28 17:47:04.551895,0.17,-0.26,0.85,-7.57,0.18,-2.38,26.89,-40.83,-132.39,1
U,2022-10-28 17:47:04.570702,0.09,-0.20,0.77,-3.60,-3.78,-3.30,26.89,-40.83,-132.39,1
U,2022-10-28 17:47:04.590949,0.13,-0.20,0.63,6.10,-7.08,-2.62,26.89,-40.83,-132.39,1
U,2022-10-28 17:47:04.611979,0.16,-0.28,0.83,15.44,-16.48,-3.11,25.72,-40.65,-132.35,1
U,2022-10-28 17:47:04.634776,0.18,-0.30,0.86,7.20,-4.76,-1.53,25.72,-40.65,-132.35,1
U,2022-10-28 17:47:04.651322,0.19,-0.30,0.89,-4.15,5.07,-0.92,25.66,-40.89,-132.89,1
U,2022-10-28 17:47:04.670846,0.20,-0.30,0.89,-8.54,8.30,-0.73,25.66,-40.89,-132.89,1
U,2022-10-28 17:47:04.690720,0.21,-0.30,0.91,-13.79,10.68,-1.71,25.66,-40.89,-132.89,1
U,2022-10-28 17:47:04.708964,0.21,-0.28,0.95,-18.68,8.00,-3.60,26.75,-42.13,-131.12,1
U,2022-10-28 17:47:04.730312,0.22,-0.23,0.97,-17.76,2.44,-3.60,26.75,-42.13,-131.12,1
