g,2022-09-29 21:20:03.006903,-1.460537,8.868576,-0.660833,-0.116084,0.179779,0.032428,24.775068,36.968151,-83.003501,1
g,2022-09-29 21:20:03.085433,0.617735,8.193376,-0.962518,0.356235,0.138633,-0.020969,17.570970,42.451465,-71.584129,1
g,2022-09-29 21:20:03.182480,-0.478865,10.013062,-1.096600,0.365690,0.008269,0.401282,16.692422,52.533687,-75.504211,1
g,2022-09-29 21:20:03.277671,0.363937,8.313093,-1.091812,0.283130,0.401358,0.833653,17.219551,67.214820,-105.330940,1
g,2022-09-29 21:20:03.374251,2.815725,7.953943,-0.804493,-0.458571,0.480854,0.449486,17.219551,67.214820,-105.330940,1
g,2022-09-29 21:20:03.470893,4.309782,10.980369,-0.905054,-0.711442,-0.071893,-0.254132,46.563072,54.302497,-118.113815,1
g,2022-09-29 21:20:03.565917,1.053502,11.291631,-0.761395,-0.046441,-0.479097,-0.762138,53.415752,15.565538,-93.741127,1
g,2022-09-29 21:20:03.662980,-0.158025,10.841498,-0.119716,0.834280,-0.140337,0.526186,23.369390,26.709047,-73.118080,1
g,2022-09-29 21:20:03.759049,1.513213,7.973098,-1.857995,0.345050,-0.011039,0.548157,23.369390,26.709047,-73.118080,1
g,2022-09-29 21:20:03.854773,2.456576,13.652434,1.441383,-0.456973,0.133173,0.094215,20.030906,60.847099,-91.354988,1
g,2022-09-29 21:20:03.949594,0.718297,9.040966,-0.541117,-0.643531,-0.171231,-0.550413,17.746681,64.561599,-76.526847,1
g,2022-09-29 21:20:04.046148,-0.143659,10.716994,-0.469287,-0.484271,0.074450,-0.154395,17.570970,16.980587,-66.130104,1
