J,2022-10-18 15:53:27.907856,0.50,0.07,0.75,-18.74,-2.75,-2.38,11.17,-16.80,-138.65,1
J,2022-10-18 15:53:27.925881,0.50,0.00,0.67,0.43,-19.71,-3.17,11.17,-16.80,-138.65,1
J,2022-10-18 15:53:27.944705,0.35,-0.10,1.06,15.50,-21.73,3.78,12.30,-16.60,-136.33,1
J,2022-10-18 15:53:27.962833,0.48,-0.14,0.82,10.74,-4.82,13.49,12.30,-16.60,-136.33,1
J,2022-10-18 15:53:27.980725,0.48,-0.16,0.80,-3.17,0.49,8.30,12.30,-16.60,-136.33,1
J,2022-10-18 15:53:27.999721,0.48,-0.08,0.82,-30.09,5.98,5.80,12.67,-16.28,-133.69,1
J,2022-10-18 15:53:28.017814,0.47,-0.10,0.76,22.52,-31.37,-18.07,12.67,-16.28,-133.69,1
J,2022-10-18 15:53:28.035947,0.25,0.01,0.65,23.44,-36.44,-8.00,12.67,-16.28,-133.69,1
J,2022-10-18 15:53:28.054774,0.25,-0.03,0.64,69.76,-51.64,-7.63,12.41,-15.70,-131.67,1
J,2022-10-18 15:53:28.072778,0.34,-0.21,0.72,98.21,-67.57,-12.27,12.41,-15.70,-131.67,1
J,2022-10-18 15:53:28.090869,0.50,-0.31,0.77,65.43,-45.17,-9.77,12.41,-15.70,-131.67,1
J,2022-10-18 15:53:28.109710,0.48,-0.34,0.91,15.14,-23.44,-4.33,14.11,-15.59,-126.66,1
J,2022-10-18 15:53:28.127806,0.46,-0.33,0.90,-10.19,-11.90,-1.22,14.11,-15.59,-126.66,1
J,2022-10-18 15:53:28.146815,0.48,-0.34,0.96,-8.42,-13.85,2.38,17.75,-17.05,-124.68,1
J,2022-10-18 15:53:28.164799,0.47,-0.30,0.93,-5.37,-22.22,9.28,17.75,-17.05,-124.68,1
J,2022-10-18 15:53:28.182750,0.53,-0.29,1.04,-2.20,-22.95,14.59,17.75,-17.05,-124.68,1
J,2022-10-18 15:53:28.201906,0.55,-0.31,1.02,-9.03,-15.38,20.14,21.68,-19.23,-122.86,1
J,2022-10-18 15:53:28.219921,0.55,-0.25,1.03,-25.45,-0.43,25.76,21.68,-19.23,-122.86,1
J,2022-10-18 15:53:28.237702,0.54,-0.16,1.07,-46.63,14.53,28.32,21.68,-19.23,-122.86,1
J,2022-10-18 15:53:28.256537,0.48,-0.02,1.03,-67.44,33.75,25.45,25.66,-23.52,-121.68,1
J,2022-10-18 15:53:28.274744,0.52,-0.00,1.00,-55.30,29.48,26.61,25.66,-23.52,-121.68,1
J,2022-10-18 15:53:28.293717,0.38,0.26,0.98,-35.58,17.27,24.17,27.71,-26.92,-120.37,1
J,2022-10-18 15:53:28.311722,0.32,0.29,0.90,-6.35,0.79,16.54,27.71,-26.92,-120.37,1
J,2022-10-18 15:53:28.329747,0.39,0.13,0.91,24.41,-21.36,9.22,27.71,-26.92,-120.37,1
J,2022-10-18 15:53:28.348492,0.47,0.07,1.03,47.42,-37.60,5.19,27.08,-27.25,-122.40,1
J,2022-10-18 15:53:28.366624,0.38,0.32,1.20,42.48,-20.81,4.64,27.08,-27.25,-122.40,1
J,2022-10-18 15:53:28.384686,0.26,0.07,1.24,29.36,8.97,-10.44,27.08,-27.25,-122.40,1
J,2022-10-18 15:53:28.403660,0.45,0.24,1.08,41.81,31.98,-7.69,24.62,-25.95,-124.48,1
J,2022-10-18 15:53:28.421696,0.53,-0.02,0.96,36.19,47.49,-24.54,24.62,-25.95,-124.48,1
J,2022-10-18 15:53:28.439716,0.59,-0.11,0.79,13.43,62.68,-28.63,24.62,-25.95,-124.48,1
J,2022-10-18 15:53:28.458784,0.54,-0.22,0.66,-21.06,68.18,-34.48,19.32,-21.04,-129.46,1
J,2022-10-18 15:53:28.476850,0.50,-0.35,0.52,-35.95,57.80,-33.57,19.32,-21.04,-129.46,1
J,2022-10-18 15:53:28.495920,0.47,-0.47,0.47,-42.42,25.57,-12.51,14.29,-17.70,-134.45,1
J,2022-10-18 15:53:28.513748,0.45,-0.43,0.50,-43.52,2.32,4.70,14.29,-17.70,-134.45,1
J,2022-10-18 15:53:28.531823,0.42,-0.35,0.63,-52.31,-9.77,12.51,14.29,-17.70,-134.45,1
J,2022-10-18 15:53:28.550840,0.38,-0.16,0.68,-67.75,-13.67,16.36,13.81,-17.10,-135.52,1
J,2022-10-18 15:53:28.568708,0.32,0.35,1.12,-38.09,11.66,-22.58,13.81,-17.10,-135.52,1
J,2022-10-18 15:53:28.586699,0.28,0.32,0.75,-15.93,2.01,7.69,13.81,-17.10,-135.52,1
J,2022-10-18 15:53:28.605625,0.50,0.20,0.91,13.98,-8.36,16.11,15.06,-18.62,-132.65,1
J,2022-10-18 15:53:28.623626,0.48,0.12,0.93,46.39,-16.36,33.87,15.06,-18.62,-132.65,1
J,2022-10-18 15:53:28.642732,-0.14,2.53,1.17,83.98,-22.40,17.52,12.38,-15.37,-133.34,1
J,2022-10-18 15:53:28.660787,0.41,0.20,0.84,67.32,-5.37,-94.91,12.38,-15.37,-133.34,1
J,2022-10-18 15:53:28.678701,0.51,-0.43,0.54,94.54,3.91,-77.51,12.38,-15.37,-133.34,1
J,2022-10-18 15:53:28.697709,0.35,-0.58,0.63,54.99,11.35,-44.62,5.47,-11.12,-138.12,1
J,2022-10-18 15:53:28.715730,0.43,-0.49,0.68,17.09,13.31,-25.27,5.47,-11.12,-138.12,1
J,2022-10-18 15:53:28.733805,0.43,-0.47,0.70,-4.58,4.21,-2.08,5.47,-11.12,-138.12,1
J,2022-10-18 15:53:28.752682,0.36,-0.24,0.91,-7.02,5.86,5.74,2.70,-9.53,-142.99,1
J,2022-10-18 15:53:28.770632,0.38,-0.08,0.99,1.95,12.82,8.06,2.70,-9.53,-142.99,1
J,2022-10-18 15:53:28.788509,0.48,0.04,0.96,19.35,13.85,0.61,2.70,-9.53,-142.99,1
J,2022-10-18 15:53:28.807643,0.61,0.09,0.92,33.33,10.31,-7.51,1.37,-10.17,-146.29,1
J,2022-10-18 15:53:28.825700,0.63,-0.07,0.83,32.47,8.30,-26.86,1.37,-10.17,-146.29,1
J,2022-10-18 15:53:28.844814,0.64,-0.20,0.73,21.00,10.74,-32.59,-2.04,-11.80,-152.37,1
J,2022-10-18 15:53:28.862808,0.59,-0.35,0.70,8.48,7.81,-34.18,-2.04,-11.80,-152.37,1
J,2022-10-18 15:53:28.880840,0.51,-0.43,0.77,-2.08,2.99,-28.08,-2.04,-11.80,-152.37,1
