S,2022-10-28 19:03:20.320336,0.38,-0.64,0.45,-50.66,-67.02,3.91,-15.17,38.24,-113.87,1
S,2022-10-28 19:03:20.351588,0.33,-0.67,0.51,-44.74,-67.02,3.54,-15.17,38.24,-113.87,1
S,2022-10-28 19:03:20.367214,0.33,-0.73,0.55,-50.66,-62.99,2.38,-15.17,38.24,-113.87,1
S,2022-10-28 19:03:20.382840,0.36,-0.71,0.58,-60.49,-64.39,5.25,-3.50,37.04,-110.23,1
S,2022-10-28 19:03:20.398466,0.35,-0.59,0.65,-77.82,-68.42,6.71,-3.50,37.04,-110.23,1
S,2022-10-28 19:03:20.414093,0.31,-0.52,0.82,-94.06,-68.30,4.58,-3.50,37.04,-110.23,1
S,2022-10-28 19:03:20.445345,0.24,-0.33,0.94,-106.08,-52.12,2.75,10.79,33.69,-110.73,1
S,2022-10-28 19:03:20.460970,0.22,-0.20,0.98,-76.05,-37.96,7.81,10.79,33.69,-110.73,1
S,2022-10-28 19:03:20.476598,0.28,-0.25,0.89,-44.62,-32.35,11.72,10.79,33.69,-110.73,1
S,2022-10-28 19:03:20.492223,0.30,-0.35,0.77,-23.07,-39.12,17.46,23.78,30.08,-113.59,1
S,2022-10-28 19:03:20.507849,0.21,-0.42,0.78,-47.79,-56.09,10.62,23.78,30.08,-113.59,1
S,2022-10-28 19:03:20.539102,0.18,-0.26,0.96,-99.79,-41.56,-3.85,37.61,25.55,-116.17,1
S,2022-10-28 19:03:20.554727,0.09,-0.23,1.02,-91.19,-35.58,-3.17,37.61,25.55,-116.17,1
S,2022-10-28 19:03:20.570354,0.17,-0.15,1.00,-74.10,-24.23,-1.16,37.61,25.55,-116.17,1
S,2022-10-28 19:03:20.585979,0.09,-0.14,1.11,-61.34,-20.08,-8.36,47.42,18.82,-124.50,1
S,2022-10-28 19:03:20.601605,0.21,-0.18,0.98,-68.18,-5.92,-11.41,47.42,18.82,-124.50,1
S,2022-10-28 19:03:20.632857,0.14,-0.15,1.00,-70.56,-9.95,-8.24,54.08,12.46,-130.77,1
S,2022-10-28 19:03:20.648483,0.17,-0.04,0.97,-8.67,-33.33,4.88,54.08,12.46,-130.77,1
S,2022-10-28 19:03:20.664109,0.10,-0.11,1.02,-15.50,-27.34,-0.85,54.08,12.46,-130.77,1
S,2022-10-28 19:03:20.679735,0.11,-0.07,1.06,-13.79,-20.63,-6.59,58.41,8.06,-133.76,1
S,2022-10-28 19:03:20.695362,0.14,-0.11,1.03,-14.10,-15.32,-13.37,58.41,8.06,-133.76,1
S,2022-10-28 19:03:20.710988,0.13,-0.14,1.06,0.55,-13.79,-6.53,58.41,8.06,-133.76,1
S,2022-10-28 19:03:20.742239,0.14,-0.14,1.10,-10.01,-4.88,-16.36,60.56,7.60,-137.05,1
S,2022-10-28 19:03:20.757866,0.11,-0.21,1.10,-18.80,1.77,-22.95,60.56,7.60,-137.05,1
S,2022-10-28 19:03:20.773492,0.14,-0.21,1.08,-19.41,8.24,-21.67,62.63,8.64,-138.05,1
S,2022-10-28 19:03:20.789118,0.17,-0.28,1.06,-27.22,13.37,-21.61,62.63,8.64,-138.05,1
S,2022-10-28 19:03:20.804744,0.21,-0.32,1.00,-19.90,15.44,-12.39,62.63,8.64,-138.05,1
S,2022-10-28 19:03:20.835995,0.15,-0.32,1.05,-31.92,13.61,-10.68,66.72,9.66,-139.75,1
S,2022-10-28 19:03:20.851622,0.14,-0.33,1.06,-44.68,17.94,-10.68,66.72,9.66,-139.75,1
S,2022-10-28 19:03:20.867249,-0.56,-0.23,0.70,-23.93,1.40,-2.62,66.72,9.66,-139.75,1
S,2022-10-28 19:03:20.882874,0.14,-0.25,0.91,-7.93,16.36,15.44,70.63,7.73,-139.26,1
S,2022-10-28 19:03:20.898501,0.12,-0.20,0.89,-21.91,14.89,11.17,70.63,7.73,-139.26,1
S,2022-10-28 19:03:20.914127,0.15,-0.18,0.84,-26.86,12.82,9.58,70.63,7.73,-139.26,1
S,2022-10-28 19:03:20.945378,0.11,-0.18,0.83,-35.52,7.93,5.86,73.95,3.31,-137.93,1
S,2022-10-28 19:03:20.961007,0.12,-0.15,0.75,-31.31,5.00,10.19,73.95,3.31,-137.93,1
S,2022-10-28 19:03:20.976632,0.10,-0.20,0.59,1.77,-13.92,30.94,75.18,-2.50,-140.09,1
S,2022-10-28 19:03:20.992257,0.08,-0.07,0.78,30.21,-50.29,44.43,75.18,-2.50,-140.09,1
S,2022-10-28 19:03:21.007883,0.09,-0.03,0.86,28.38,-60.55,18.62,75.18,-2.50,-140.09,1
S,2022-10-28 19:03:21.039135,0.06,0.10,1.12,18.55,-51.03,13.31,75.00,-7.98,-143.51,1
S,2022-10-28 19:03:21.054761,0.08,0.10,1.12,20.45,-34.00,-2.81,75.00,-7.98,-143.51,1
S,2022-10-28 19:03:21.070386,0.08,0.00,1.11,32.65,-19.17,-6.10,75.00,-7.98,-143.51,1
S,2022-10-28 19:03:21.086013,0.08,-0.11,1.07,34.18,-7.39,-12.88,72.23,-2.48,-144.19,1
S,2022-10-28 19:03:21.101639,0.11,-0.27,1.00,17.21,8.61,-27.71,72.23,-2.48,-144.19,1
S,2022-10-28 19:03:21.132891,0.11,-0.30,0.94,3.30,14.89,-31.92,68.30,6.52,-143.24,1
S,2022-10-28 19:03:21.148517,0.10,-0.29,0.86,-3.91,16.60,-33.75,68.30,6.52,-143.24,1
S,2022-10-28 19:03:21.164143,0.09,-0.28,0.82,-9.83,14.83,-35.58,68.30,6.52,-143.24,1
S,2022-10-28 19:03:21.179770,0.06,-0.23,0.80,-5.37,8.30,-40.41,63.55,13.02,-143.74,1
S,2022-10-28 19:03:21.195395,0.07,-0.24,0.79,0.85,0.00,-48.95,63.55,13.02,-143.74,1
S,2022-10-28 19:03:21.211022,0.10,-0.33,0.81,15.14,-9.52,-49.19,63.55,13.02,-143.74,1
S,2022-10-28 19:03:21.242273,0.09,-0.38,0.84,25.88,-24.66,-32.04,57.86,17.05,-143.20,1
S,2022-10-28 19:03:21.257899,0.11,-0.45,0.95,26.00,-49.74,-7.81,57.86,17.05,-143.20,1
S,2022-10-28 19:03:21.273525,0.11,-0.45,1.08,19.65,-57.13,8.73,57.86,17.05,-143.20,1
S,2022-10-28 19:03:21.289152,0.09,-0.41,1.14,14.71,-47.18,24.17,55.32,14.34,-142.49,1
S,2022-10-28 19:03:21.304778,0.07,-0.32,1.18,15.14,-35.03,35.64,55.32,14.34,-142.49,1
S,2022-10-28 19:03:21.336030,0.06,-0.27,1.17,16.54,-17.82,47.85,59.67,6.47,-143.29,1
S,2022-10-28 19:03:21.351656,0.04,-0.19,1.13,13.85,-8.79,52.37,59.67,6.47,-143.29,1
S,2022-10-28 19:03:21.367282,-0.01,-0.13,1.08,10.56,-0.61,54.44,59.67,6.47,-143.29,1
S,2022-10-28 19:03:21.382908,-0.01,-0.12,1.02,-9.34,8.67,41.02,62.98,-0.45,-143.38,1
S,2022-10-28 19:03:21.398535,-0.04,0.00,0.90,-22.09,16.30,25.45,62.98,-0.45,-143.38,1
S,2022-10-28 19:03:21.414161,-0.09,0.02,1.17,-5.68,21.06,18.62,62.98,-0.45,-143.38,1
S,2022-10-28 19:03:21.445412,-0.38,0.04,1.04,7.08,44.62,-0.79,65.45,-1.37,-144.92,1
S,2022-10-28 19:03:21.461038,-0.15,0.02,1.03,61.89,37.72,1.65,65.45,-1.37,-144.92,1
S,2022-10-28 19:03:21.476665,-0.13,-0.11,0.93,82.40,32.65,-13.98,61.11,7.10,-138.94,1
S,2022-10-28 19:03:21.492291,0.04,-0.26,0.87,75.99,29.42,-21.24,61.11,7.10,-138.94,1
