S,2022-10-28 18:19:06.093212,0.01,-0.03,0.95,-7.08,7.93,1.95,-140.04,-108.90,-104.74,1
S,2022-10-28 18:19:06.108839,-0.03,0.07,0.95,-8.67,6.84,7.57,-143.99,-110.25,-105.10,1
S,2022-10-28 18:19:06.124485,-0.04,0.13,0.96,-14.10,11.29,-1.65,-143.99,-110.25,-105.10,1
S,2022-10-28 18:19:06.140114,-0.00,0.15,0.93,-6.23,13.00,-3.91,-143.99,-110.25,-105.10,1
S,2022-10-28 18:19:06.155737,0.08,0.08,0.87,-7.26,8.97,-1.40,-149.40,-111.50,-105.51,1
S,2022-10-28 18:19:06.189195,0.05,0.08,0.87,-10.25,2.32,5.00,-149.40,-111.50,-105.51,1
S,2022-10-28 18:19:06.202921,0.02,0.06,0.89,-2.26,-2.69,12.82,-157.86,-112.70,-103.64,1
S,2022-10-28 18:19:06.218573,-0.12,0.07,1.00,-22.52,1.53,5.00,-157.86,-112.70,-103.64,1
S,2022-10-28 18:19:06.234197,-0.04,0.15,0.97,-27.10,14.28,6.53,-157.86,-112.70,-103.64,1
S,2022-10-28 18:19:06.265432,0.00,0.11,0.96,-27.59,18.55,11.60,-167.86,-111.29,-103.36,1
S,2022-10-28 18:19:06.281056,0.09,-0.07,0.81,-36.93,10.31,29.54,-167.86,-111.29,-103.36,1
S,2022-10-28 18:19:06.296683,-0.74,0.90,1.54,-63.48,1.71,21.79,-167.86,-111.29,-103.36,1
S,2022-10-28 18:19:06.312332,-0.03,0.32,1.05,-19.10,34.79,-8.12,-178.78,-106.24,-103.66,1
S,2022-10-28 18:19:06.327955,-0.03,0.21,0.78,8.12,12.21,54.69,-178.78,-106.24,-103.66,1
S,2022-10-28 18:19:06.359186,0.06,0.28,0.81,4.03,-4.94,42.72,-183.03,-93.87,-108.36,1
S,2022-10-28 18:19:06.374813,-0.05,0.34,0.92,22.71,-24.35,46.69,-183.03,-93.87,-108.36,1
S,2022-10-28 18:19:06.390836,-0.01,0.28,0.83,19.96,-26.00,33.20,-183.03,-93.87,-108.36,1
S,2022-10-28 18:19:06.406374,-0.02,0.28,0.87,30.15,-34.61,31.92,-183.92,-84.12,-103.20,1
S,2022-10-28 18:19:06.422028,-0.09,0.32,0.97,15.38,-29.42,14.53,-183.92,-84.12,-103.20,1
S,2022-10-28 18:19:06.453260,-0.04,0.37,0.98,10.07,-26.86,-6.23,-183.92,-84.12,-103.20,1
S,2022-10-28 18:19:06.468909,-0.05,0.41,1.00,24.60,-28.02,-19.23,-179.69,-86.13,-94.71,1
S,2022-10-28 18:19:06.484531,-0.10,0.24,1.01,39.86,-29.42,-31.31,-179.69,-86.13,-94.71,1
S,2022-10-28 18:19:06.500157,-0.06,0.27,0.93,40.22,-21.12,-40.41,-169.04,-100.16,-89.78,1
S,2022-10-28 18:19:06.531388,-0.07,0.22,0.93,46.08,-24.05,-51.94,-169.04,-100.16,-89.78,1
S,2022-10-28 18:19:06.547014,-0.10,0.14,0.92,48.89,-29.24,-55.73,-169.04,-100.16,-89.78,1
S,2022-10-28 18:19:06.562660,-0.10,-0.03,0.93,34.97,-28.14,-52.43,-152.27,-120.19,-85.10,1
S,2022-10-28 18:19:06.578286,-0.11,-0.10,0.94,28.32,-26.18,-30.82,-152.27,-120.19,-85.10,1
S,2022-10-28 18:19:06.609518,-0.13,-0.13,0.96,26.92,-30.58,-18.07,-136.17,-132.92,-81.30,1
S,2022-10-28 18:19:06.625144,-0.15,-0.16,0.98,0.61,-28.63,-21.79,-136.17,-132.92,-81.30,1
S,2022-10-28 18:19:06.640790,-0.13,-0.08,0.94,-4.88,-22.34,-14.28,-136.17,-132.92,-81.30,1
S,2022-10-28 18:19:06.656415,-0.16,-0.05,1.00,7.87,-22.95,-1.71,-127.51,-137.93,-78.64,1
S,2022-10-28 18:19:06.687648,-0.17,-0.09,1.02,12.94,-14.95,10.38,-127.51,-137.93,-78.64,1
S,2022-10-28 18:19:06.708610,-0.16,-0.07,1.03,4.82,-8.30,9.89,-126.10,-136.29,-79.17,1
S,2022-10-28 18:19:06.718993,-0.17,-0.06,1.04,-4.58,-1.95,3.30,-126.10,-136.29,-79.17,1
S,2022-10-28 18:19:06.734645,-0.16,0.08,1.08,-13.98,2.56,6.77,-126.10,-136.29,-79.17,1
S,2022-10-28 18:19:06.765875,-0.15,0.18,1.08,-11.29,4.39,17.27,-130.18,-131.32,-81.56,1
S,2022-10-28 18:19:06.781685,-0.17,0.10,1.07,-19.53,8.85,11.47,-130.18,-131.32,-81.56,1
S,2022-10-28 18:19:06.797343,-0.15,0.02,1.03,-19.04,13.24,24.72,-130.18,-131.32,-81.56,1
S,2022-10-28 18:19:06.812965,-0.13,-0.02,1.05,-25.94,26.06,46.45,-137.74,-123.27,-82.36,1
S,2022-10-28 18:19:06.828595,-0.15,0.02,1.02,-38.70,27.65,42.60,-137.74,-123.27,-82.36,1
S,2022-10-28 18:19:06.859823,-0.11,0.04,1.02,-39.06,36.80,46.20,-153.75,-104.19,-84.55,1
S,2022-10-28 18:19:06.875449,-0.11,0.24,0.95,-34.97,34.42,44.31,-153.75,-104.19,-84.55,1
S,2022-10-28 18:19:06.891498,-0.11,0.36,0.91,-35.28,28.50,24.84,-153.75,-104.19,-84.55,1
S,2022-10-28 18:19:06.907059,-0.12,0.40,0.92,-38.70,21.85,-1.28,-166.80,-86.83,-89.51,1
S,2022-10-28 18:19:06.922715,-0.22,0.51,1.03,-44.80,27.34,-14.16,-166.80,-86.83,-89.51,1
S,2022-10-28 18:19:06.953962,-0.32,0.62,0.99,-29.79,42.42,-34.12,-168.55,-86.25,-93.80,1
S,2022-10-28 18:19:06.969593,-0.20,0.51,0.99,93.02,19.53,-6.35,-168.55,-86.25,-93.80,1
S,2022-10-28 18:19:06.985214,-0.05,0.28,0.94,97.96,16.48,-12.70,-168.55,-86.25,-93.80,1
S,2022-10-28 18:19:07.000844,-0.05,0.20,0.90,54.75,12.82,-28.56,-156.42,-95.98,-101.14,1
S,2022-10-28 18:19:07.032073,-0.02,0.17,0.88,24.54,9.70,-36.07,-156.42,-95.98,-101.14,1
S,2022-10-28 18:19:07.047698,-0.05,0.14,0.88,15.63,7.57,-41.44,-156.42,-95.98,-101.14,1
S,2022-10-28 18:19:07.063344,-0.00,0.08,0.85,21.97,4.27,-39.37,-139.31,-109.25,-101.89,1
S,2022-10-28 18:19:07.078973,0.04,-0.02,0.85,19.29,-5.13,-36.44,-139.31,-109.25,-101.89,1
S,2022-10-28 18:19:07.110202,0.01,-0.04,0.89,7.69,-8.48,-35.22,-121.17,-120.48,-102.93,1
S,2022-10-28 18:19:07.125829,0.00,-0.07,0.92,5.13,-8.48,-30.40,-121.17,-120.48,-102.93,1
S,2022-10-28 18:19:07.141474,0.04,-0.04,0.93,-3.97,-7.45,-29.17,-121.17,-120.48,-102.93,1
S,2022-10-28 18:19:07.157103,0.04,-0.02,0.96,-10.93,-8.36,-32.84,-106.73,-128.53,-99.57,1
S,2022-10-28 18:19:07.188334,-0.01,-0.01,1.01,-11.11,-9.03,-28.44,-106.73,-128.53,-99.57,1
S,2022-10-28 18:19:07.203976,0.01,-0.04,1.00,1.28,-7.63,-16.72,-95.09,-135.14,-96.84,1
S,2022-10-28 18:19:07.226745,0.01,-0.02,1.01,1.65,-8.30,-11.41,-95.09,-135.14,-96.84,1
S,2022-10-28 18:19:07.235281,-0.03,-0.03,1.01,-10.19,-5.19,-18.74,-95.09,-135.14,-96.84,1
