u,2022-10-16 19:19:07.488840,0.23,0.07,0.91,-24.17,2.01,-8.61,-21.07,33.17,-71.45,1
u,2022-10-16 19:19:07.507024,0.21,0.03,0.87,-27.59,-4.76,-6.53,-21.07,33.17,-71.45,1
u,2022-10-16 19:19:07.525968,0.18,0.03,0.82,-32.04,-9.03,-4.70,-23.65,29.87,-73.91,1
u,2022-10-16 19:19:07.543985,-1.13,0.21,0.70,-36.62,-17.94,-7.45,-23.65,29.87,-73.91,1
u,2022-10-16 19:19:07.561851,0.10,0.41,0.95,9.58,-14.10,-14.04,-23.65,29.87,-73.91,1
u,2022-10-16 19:19:07.580708,0.10,0.02,0.84,54.38,-4.64,3.72,-25.46,31.02,-73.13,1
u,2022-10-16 19:19:07.598844,0.14,-0.03,0.84,-11.35,16.85,5.98,-25.46,31.02,-73.13,1
u,2022-10-16 19:19:07.616733,0.02,0.12,0.54,-47.06,11.17,1.34,-25.46,31.02,-73.13,1
u,2022-10-16 19:19:07.635905,0.09,0.10,0.70,-17.40,-18.92,1.28,-25.43,28.91,-73.01,1
u,2022-10-16 19:19:07.653941,0.11,0.11,0.82,-3.60,-29.11,2.14,-25.43,28.91,-73.01,1
u,2022-10-16 19:19:07.671916,0.08,0.18,0.92,-9.70,-24.23,-1.04,-25.43,28.91,-73.01,1
u,2022-10-16 19:19:07.691047,0.10,0.24,0.94,-4.76,-18.62,-2.20,-28.06,28.91,-69.62,1
u,2022-10-16 19:19:07.708928,0.12,0.20,0.96,5.25,-20.14,-0.49,-28.06,28.91,-69.62,1
u,2022-10-16 19:19:07.727820,0.10,0.16,0.98,10.31,-22.64,-0.43,-27.71,28.26,-63.28,1
u,2022-10-16 19:19:07.745979,0.13,0.22,1.05,16.36,-21.36,-2.01,-27.71,28.26,-63.28,1
u,2022-10-16 19:19:07.763873,0.14,0.28,1.06,7.93,-10.50,-6.65,-27.71,28.26,-63.28,1
u,2022-10-16 19:19:07.782874,0.12,0.22,1.23,14.77,-11.96,-10.19,-27.05,27.45,-60.05,1
u,2022-10-16 19:19:07.800883,0.19,0.23,1.22,21.42,-3.42,-9.52,-27.05,27.45,-60.05,1
u,2022-10-16 19:19:07.818792,0.17,0.15,1.25,24.72,3.72,-11.84,-27.05,27.45,-60.05,1
u,2022-10-16 19:19:07.837952,0.21,0.07,1.21,43.58,9.83,-3.66,-24.65,27.71,-57.90,1
u,2022-10-16 19:19:07.855997,0.17,-0.03,1.22,31.31,11.90,-4.58,-24.65,27.71,-57.90,1
u,2022-10-16 19:19:07.874971,0.22,-0.09,1.17,15.81,7.26,-6.29,-22.13,28.48,-59.94,1
u,2022-10-16 19:19:07.892948,0.16,-0.07,1.16,-31.31,17.03,-20.14,-22.13,28.48,-59.94,1
u,2022-10-16 19:19:07.910997,0.18,-0.08,0.94,-42.97,4.52,-20.57,-22.13,28.48,-59.94,1
u,2022-10-16 19:19:07.930050,0.12,-0.03,0.95,-54.38,3.85,-13.85,-20.23,23.84,-63.05,1
u,2022-10-16 19:19:07.948023,0.09,0.06,0.93,-54.87,5.68,-11.11,-20.23,23.84,-63.05,1
u,2022-10-16 19:19:07.965914,0.15,0.08,0.82,-46.26,8.48,-9.95,-20.23,23.84,-63.05,1
u,2022-10-16 19:19:07.984929,0.16,0.06,0.66,-46.69,5.31,-10.01,-18.65,19.76,-66.25,1
u,2022-10-16 19:19:08.002930,-0.10,0.16,0.56,-28.75,-20.32,-4.03,-18.65,19.76,-66.25,1
u,2022-10-16 19:19:08.021040,0.05,0.21,0.81,-6.77,-24.90,-4.33,-18.65,19.76,-66.25,1
u,2022-10-16 19:19:08.039924,0.06,0.12,0.79,-9.34,-0.92,-0.55,-19.73,17.46,-66.42,1
u,2022-10-16 19:19:08.057986,-0.06,0.16,0.33,-21.48,9.89,2.14,-19.73,17.46,-66.42,1
u,2022-10-16 19:19:08.076738,0.04,0.18,0.69,3.17,-22.89,4.88,-20.85,17.36,-63.82,1
u,2022-10-16 19:19:08.094713,0.06,0.15,0.76,2.08,-23.86,2.01,-20.85,17.36,-63.82,1
u,2022-10-16 19:19:08.112905,0.03,0.15,0.95,-1.89,-26.73,-0.85,-20.85,17.36,-63.82,1
u,2022-10-16 19:19:08.131751,0.09,0.22,0.99,-0.12,-23.56,0.12,-22.07,18.13,-60.80,1
u,2022-10-16 19:19:08.149709,0.09,0.30,1.12,30.33,-15.99,6.41,-22.07,18.13,-60.80,1
u,2022-10-16 19:19:08.167856,0.07,0.35,1.12,31.13,-12.21,2.50,-22.07,18.13,-60.80,1
u,2022-10-16 19:19:08.186788,0.08,0.29,1.03,18.74,-10.80,-7.69,-22.11,19.40,-56.19,1
u,2022-10-16 19:19:08.204888,-0.02,0.21,1.31,14.53,-12.08,-10.01,-22.11,19.40,-56.19,1
u,2022-10-16 19:19:08.223897,-0.00,0.24,1.31,27.53,6.04,-1.46,-19.96,20.48,-54.65,1
u,2022-10-16 19:19:08.241845,-0.12,0.24,1.37,73.61,40.16,19.96,-19.96,20.48,-54.65,1
u,2022-10-16 19:19:08.259721,0.03,0.26,1.13,103.15,57.50,33.20,-19.96,20.48,-54.65,1
u,2022-10-16 19:19:08.278548,0.09,0.25,1.01,101.32,57.19,28.20,-14.28,28.69,-57.87,1
u,2022-10-16 19:19:08.296676,0.15,0.19,0.92,78.92,51.09,9.83,-14.28,28.69,-57.87,1
u,2022-10-16 19:19:08.314702,0.19,0.10,0.88,36.38,41.08,-16.78,-14.28,28.69,-57.87,1
u,2022-10-16 19:19:08.333706,0.24,-0.04,0.85,30.94,36.44,-19.47,-7.70,34.25,-58.51,1
u,2022-10-16 19:19:08.351898,0.33,-0.14,0.76,34.97,29.97,-15.01,-7.70,34.25,-58.51,1
u,2022-10-16 19:19:08.369881,0.40,-0.21,0.69,26.12,18.92,-13.18,-7.70,34.25,-58.51,1
u,2022-10-16 19:19:08.388898,0.43,-0.25,0.67,9.28,3.72,-13.43,-4.37,37.18,-58.40,1
u,2022-10-16 19:19:08.406978,0.27,-0.23,0.89,-17.27,-16.24,-13.85,-4.37,37.18,-58.40,1
u,2022-10-16 19:19:08.425963,0.21,-0.18,0.97,-16.54,-14.59,-9.95,-4.30,36.78,-57.63,1
u,2022-10-16 19:19:08.444019,0.21,-0.12,0.98,-10.56,-9.83,-6.16,-4.30,36.78,-57.63,1
u,2022-10-16 19:19:08.461982,0.21,-0.11,1.02,-6.90,-6.29,-3.23,-4.30,36.78,-57.63,1
u,2022-10-16 19:19:08.480880,0.22,-0.11,1.03,5.43,-2.01,6.77,-4.93,36.44,-56.18,1
u,2022-10-16 19:19:08.498994,0.25,-0.09,1.00,-2.44,-2.26,6.04,-4.93,36.44,-56.18,1
