J,2022-10-18 18:16:12.731808,0.06,0.38,0.79,30.88,0.24,-30.94,10.79,-48.96,-188.06,1
J,2022-10-18 18:16:12.749937,0.10,0.38,0.83,16.42,-1.95,-42.85,10.79,-48.96,-188.06,1
J,2022-10-18 18:16:12.768012,0.24,0.35,0.85,3.91,-8.61,-46.45,10.79,-48.96,-188.06,1
J,2022-10-18 18:16:12.787030,0.16,0.32,0.85,-7.02,-9.40,-44.98,11.27,-46.57,-188.66,1
J,2022-10-18 18:16:12.804961,0.05,0.29,0.87,-11.17,-4.46,-43.82,11.27,-46.57,-188.66,1
J,2022-10-18 18:16:12.823059,-0.04,0.27,0.94,-30.27,3.42,-41.02,11.27,-46.57,-188.66,1
J,2022-10-18 18:16:12.842155,-0.06,0.26,0.90,-25.21,9.70,-27.83,9.24,-45.08,-190.58,1
J,2022-10-18 18:16:12.860000,-0.07,0.25,0.95,-4.52,4.09,-1.22,9.24,-45.08,-190.58,1
J,2022-10-18 18:16:12.878938,-0.16,0.28,0.95,-2.62,10.93,7.81,6.98,-44.40,-193.15,1
J,2022-10-18 18:16:12.897016,-0.15,0.30,0.96,-4.70,17.15,3.36,6.98,-44.40,-193.15,1
J,2022-10-18 18:16:12.915006,-0.16,0.33,0.94,-13.06,15.69,-4.09,6.98,-44.40,-193.15,1
J,2022-10-18 18:16:12.933962,-0.06,0.36,0.86,-8.54,12.15,0.37,6.14,-44.40,-194.67,1
J,2022-10-18 18:16:12.951998,-0.05,0.35,0.72,-11.84,7.14,14.40,6.14,-44.40,-194.67,1
J,2022-10-18 18:16:12.970136,-0.10,0.42,0.60,-21.48,2.32,19.84,6.14,-44.40,-194.67,1
J,2022-10-18 18:16:12.989012,-0.11,0.50,0.62,-39.92,-2.99,8.67,5.02,-43.88,-195.10,1
J,2022-10-18 18:16:13.007078,-2.47,0.47,1.67,-51.51,11.78,-17.82,5.02,-43.88,-195.10,1
J,2022-10-18 18:16:13.026187,-0.15,0.83,0.73,-18.49,31.07,-22.64,5.54,-46.02,-194.41,1
J,2022-10-18 18:16:13.044005,-0.10,0.72,0.71,-1.22,48.34,22.71,5.54,-46.02,-194.41,1
J,2022-10-18 18:16:13.062046,-0.15,0.83,0.78,19.29,14.10,32.53,5.54,-46.02,-194.41,1
J,2022-10-18 18:16:13.080916,-0.20,0.84,0.80,31.80,-35.83,-0.18,4.77,-44.14,-195.72,1
J,2022-10-18 18:16:13.099028,-0.15,0.65,0.75,18.07,-38.39,-57.01,4.77,-44.14,-195.72,1
J,2022-10-18 18:16:13.117087,-0.12,0.61,0.71,1.89,-31.37,-80.32,4.77,-44.14,-195.72,1
J,2022-10-18 18:16:13.136022,-0.10,0.58,0.73,0.00,-27.59,-81.97,-0.38,-43.54,-195.20,1
J,2022-10-18 18:16:13.154113,-0.06,0.51,0.79,-4.76,-31.07,-81.73,-0.38,-43.54,-195.20,1
J,2022-10-18 18:16:13.172225,-0.04,0.46,0.88,-5.86,-38.09,-71.35,-0.38,-43.54,-195.20,1
J,2022-10-18 18:16:13.191541,-0.04,0.28,0.97,10.62,-32.71,-42.36,-6.16,-46.59,-192.79,1
J,2022-10-18 18:16:13.209000,-0.05,0.20,1.00,24.60,-24.72,-6.41,-6.16,-46.59,-192.79,1
J,2022-10-18 18:16:13.228055,-0.10,0.10,1.03,23.01,-15.32,8.67,-9.40,-46.98,-192.37,1
J,2022-10-18 18:16:13.245861,-0.32,0.11,1.14,14.77,13.79,19.96,-9.40,-46.98,-192.37,1
J,2022-10-18 18:16:13.263872,-0.13,0.18,1.06,26.37,42.79,37.90,-9.40,-46.98,-192.37,1
J,2022-10-18 18:16:13.282755,0.02,0.26,0.97,15.01,49.50,41.44,-4.02,-45.69,-193.54,1
J,2022-10-18 18:16:13.300824,0.07,0.39,0.91,1.77,47.36,38.51,-4.02,-45.69,-193.54,1
J,2022-10-18 18:16:13.318907,0.07,0.50,0.85,-2.69,43.33,36.19,-4.02,-45.69,-193.54,1
J,2022-10-18 18:16:13.337812,0.14,0.57,0.72,-7.81,27.95,25.57,2.21,-45.87,-194.59,1
J,2022-10-18 18:16:13.355846,0.11,0.58,0.65,-14.95,13.00,18.01,2.21,-45.87,-194.59,1
J,2022-10-18 18:16:13.375096,0.13,0.59,0.57,-14.22,0.55,15.14,4.09,-45.76,-196.09,1
J,2022-10-18 18:16:13.393032,0.15,0.59,0.46,-18.55,-13.85,7.75,4.09,-45.76,-196.09,1
J,2022-10-18 18:16:13.411017,0.06,0.56,0.51,-41.93,-39.79,-7.02,4.09,-45.76,-196.09,1
J,2022-10-18 18:16:13.430012,-1.12,0.52,1.03,-44.98,-38.15,-9.03,-1.16,-45.74,-196.72,1
J,2022-10-18 18:16:13.448040,-0.08,0.78,0.93,17.52,38.70,-23.80,-1.16,-45.74,-196.72,1
J,2022-10-18 18:16:13.465814,-0.02,0.31,0.77,33.51,8.36,22.40,-1.16,-45.74,-196.72,1
J,2022-10-18 18:16:13.484983,-0.08,0.41,0.74,-1.53,-21.91,9.28,-0.55,-44.32,-195.18,1
J,2022-10-18 18:16:13.503059,-0.10,0.43,0.68,-11.78,-47.06,0.24,-0.55,-44.32,-195.18,1
J,2022-10-18 18:16:13.520983,-0.13,0.38,0.61,-12.57,-58.23,-3.48,-0.55,-44.32,-195.18,1
J,2022-10-18 18:16:13.540198,-0.16,0.39,0.56,-16.17,-61.16,-1.04,-4.93,-43.49,-191.00,1
J,2022-10-18 18:16:13.558186,-0.16,0.41,0.59,-19.65,-56.27,5.68,-4.93,-43.49,-191.00,1
J,2022-10-18 18:16:13.577078,-0.15,0.42,0.61,-10.50,-54.75,20.45,-9.16,-39.92,-185.23,1
J,2022-10-18 18:16:13.595065,-0.18,0.50,0.75,-5.37,-49.01,27.71,-9.16,-39.92,-185.23,1
J,2022-10-18 18:16:13.613092,-0.19,0.50,0.81,-9.83,-45.10,27.04,-9.16,-39.92,-185.23,1
J,2022-10-18 18:16:13.632064,-0.20,0.53,0.88,-14.22,-41.26,25.57,-8.92,-36.34,-176.16,1
J,2022-10-18 18:16:13.650081,-0.21,0.51,0.92,-8.06,-35.89,35.83,-8.92,-36.34,-176.16,1
J,2022-10-18 18:16:13.668087,-0.26,0.59,1.04,-12.88,-29.24,43.40,-8.92,-36.34,-176.16,1
J,2022-10-18 18:16:13.687044,-0.31,0.69,1.07,-4.82,-13.18,53.89,-5.57,-32.82,-171.03,1
J,2022-10-18 18:16:13.705597,-0.32,0.72,1.06,-4.94,2.38,50.05,-5.57,-32.82,-171.03,1
J,2022-10-18 18:16:13.722839,-0.33,0.73,1.05,1.22,8.61,28.44,-5.57,-32.82,-171.03,1
J,2022-10-18 18:16:13.741724,-0.32,0.72,1.06,20.63,23.01,27.95,-2.56,-32.29,-167.85,1
J,2022-10-18 18:16:13.759825,-0.35,0.71,0.92,32.04,51.09,38.09,-2.56,-32.29,-167.85,1
J,2022-10-18 18:16:13.778844,-0.36,0.71,0.80,8.36,53.59,32.59,-0.57,-31.32,-171.74,1
J,2022-10-18 18:16:13.796887,-0.40,0.72,0.78,-9.64,46.02,14.65,-0.57,-31.32,-171.74,1
J,2022-10-18 18:16:13.814876,-0.48,0.72,0.79,2.69,48.28,-10.80,-0.57,-31.32,-171.74,1
J,2022-10-18 18:16:13.840610,-0.56,0.64,0.75,29.85,37.23,-6.29,-1.64,-33.46,-176.46,1
J,2022-10-18 18:16:13.851891,-0.52,0.61,0.70,49.80,40.47,-2.38,-1.64,-33.46,-176.46,1
J,2022-10-18 18:16:13.869932,-0.48,0.61,0.69,45.96,44.43,-12.33,-1.64,-33.46,-176.46,1
