D,2022-10-19 13:09:24.025930,0.13,-0.31,0.97,-9.64,6.10,-11.72,-28.78,21.59,-139.75,1
D,2022-10-19 13:09:24.045928,0.16,-0.25,0.93,-7.14,5.92,-5.37,-28.78,21.59,-139.75,1
D,2022-10-19 13:09:24.065928,0.18,-0.28,0.89,-7.45,5.55,-5.00,-28.78,21.59,-139.75,1
D,2022-10-19 13:09:24.085927,0.21,-0.22,0.88,-27.10,5.43,-8.30,-29.50,16.15,-141.71,1
D,2022-10-19 13:09:24.105927,0.19,-0.10,0.91,-27.83,-0.24,-5.31,-29.50,16.15,-141.71,1
D,2022-10-19 13:09:24.126025,0.19,-0.12,0.89,-12.08,-3.23,0.49,-31.57,12.13,-141.71,1
D,2022-10-19 13:09:24.146084,0.18,-0.08,0.92,-13.92,-4.94,1.77,-31.57,12.13,-141.71,1
D,2022-10-19 13:09:24.166083,0.16,-0.04,0.95,-19.65,-3.78,-3.05,-31.57,12.13,-141.71,1
D,2022-10-19 13:09:24.186087,0.15,-0.03,0.97,-18.19,-0.67,-5.62,-33.95,9.41,-140.33,1
D,2022-10-19 13:09:24.206087,0.17,-0.05,0.93,-2.50,2.01,-3.42,-33.95,9.41,-140.33,1
D,2022-10-19 13:09:24.226083,0.18,-0.10,0.93,-4.94,2.38,-4.15,-35.17,6.13,-140.92,1
D,2022-10-19 13:09:24.246083,0.15,-0.06,0.97,-15.26,0.12,-5.43,-35.17,6.13,-140.92,1
D,2022-10-19 13:09:24.266083,0.12,-0.05,0.99,-10.56,-0.61,-3.05,-35.17,6.13,-140.92,1
D,2022-10-19 13:09:24.286084,0.14,-0.04,0.96,1.65,0.85,0.43,-37.37,4.05,-139.28,1
D,2022-10-19 13:09:24.309736,0.20,-0.06,0.87,2.26,-2.26,0.92,-37.37,4.05,-139.28,1
D,2022-10-19 13:09:24.323301,0.22,-0.00,0.81,-2.99,-7.45,0.18,-39.44,3.04,-139.66,1
D,2022-10-19 13:09:24.343312,0.21,0.01,0.76,-2.62,-19.71,-2.01,-39.44,3.04,-139.66,1
D,2022-10-19 13:09:24.363312,-0.08,-0.04,1.06,-2.87,-27.34,-1.65,-39.44,3.04,-139.66,1
D,2022-10-19 13:09:24.383312,0.05,0.23,0.60,-1.16,22.22,4.76,-40.78,2.47,-139.50,1
D,2022-10-19 13:09:24.403312,0.10,-0.33,0.72,73.06,-15.26,10.07,-40.78,2.47,-139.50,1
D,2022-10-19 13:09:24.423311,0.09,-0.02,0.73,-17.64,-11.23,-6.04,-40.78,2.47,-139.50,1
D,2022-10-19 13:09:24.443313,0.09,-0.05,0.80,8.85,-28.02,-3.11,-37.57,4.48,-137.95,1
D,2022-10-19 13:09:24.463312,0.09,-0.09,0.83,13.18,-30.82,1.34,-37.57,4.48,-137.95,1
D,2022-10-19 13:09:24.483311,0.10,-0.07,0.86,18.43,-28.99,6.41,-31.02,10.56,-137.40,1
D,2022-10-19 13:09:24.503312,0.12,-0.08,0.96,19.71,-27.71,4.58,-31.02,10.56,-137.40,1
D,2022-10-19 13:09:24.523650,0.11,-0.03,1.06,2.01,-21.97,-2.44,-31.02,10.56,-137.40,1
D,2022-10-19 13:09:24.544105,0.11,-0.04,1.15,-3.97,-13.43,-5.00,-23.47,18.38,-140.87,1
D,2022-10-19 13:09:24.554106,0.13,-0.08,1.18,13.98,-8.79,1.89,-23.47,18.38,-140.87,1
D,2022-10-19 13:09:24.574106,0.14,-0.09,1.15,12.27,-3.48,4.52,-19.73,25.05,-148.65,1
D,2022-10-19 13:09:24.594107,0.14,-0.13,1.15,10.25,-10.31,2.93,-19.73,25.05,-148.65,1
D,2022-10-19 13:09:24.614180,0.12,-0.14,1.21,4.27,-12.57,2.26,-19.73,25.05,-148.65,1
D,2022-10-19 13:09:24.634191,0.07,-0.09,1.13,-12.27,-6.84,0.43,-19.32,26.97,-150.20,1
D,2022-10-19 13:09:24.654175,-0.01,-0.08,1.36,-7.45,7.39,-3.54,-19.32,26.97,-150.20,1
D,2022-10-19 13:09:24.674181,0.07,0.03,1.21,-43.09,53.28,1.95,-20.06,23.10,-148.30,1
D,2022-10-19 13:09:24.694103,0.18,-0.01,1.06,6.84,42.97,4.64,-20.06,23.10,-148.30,1
D,2022-10-19 13:09:24.714104,0.22,-0.14,0.95,2.38,31.13,-3.48,-20.06,23.10,-148.30,1
D,2022-10-19 13:09:24.734157,0.24,-0.11,0.91,-18.25,23.13,-3.05,-22.11,17.80,-145.54,1
D,2022-10-19 13:09:24.754846,0.24,-0.09,0.91,-22.89,15.26,-1.34,-22.11,17.80,-145.54,1
D,2022-10-19 13:09:24.774844,0.19,-0.04,0.93,-28.75,11.35,-1.34,-22.11,17.80,-145.54,1
D,2022-10-19 13:09:24.794845,0.11,-0.03,0.97,-25.57,15.01,-1.28,-26.68,12.48,-142.90,1
D,2022-10-19 13:09:24.804931,0.12,-0.02,0.92,-19.90,18.49,-0.67,-26.68,12.48,-142.90,1
D,2022-10-19 13:09:24.835164,0.16,-0.01,0.87,-12.57,14.65,-1.71,-31.73,7.74,-141.86,1
D,2022-10-19 13:09:24.845246,0.18,0.00,0.82,-9.52,9.46,-0.12,-31.73,7.74,-141.86,1
D,2022-10-19 13:09:24.865246,0.21,-0.01,0.78,-6.23,2.81,0.67,-31.73,7.74,-141.86,1
D,2022-10-19 13:09:24.885235,0.20,0.02,0.80,-18.25,-6.41,-3.42,-35.90,4.44,-138.85,1
D,2022-10-19 13:09:24.905241,0.21,0.10,0.81,-17.58,-14.04,-5.86,-35.90,4.44,-138.85,1
D,2022-10-19 13:09:24.925297,0.16,0.10,0.88,-12.94,-20.63,-6.53,-40.04,1.60,-137.57,1
D,2022-10-19 13:09:24.945164,0.19,0.23,1.00,81.24,-11.78,18.01,-40.04,1.60,-137.57,1
D,2022-10-19 13:09:24.965182,0.14,-0.18,0.88,77.51,-0.67,17.88,-40.04,1.60,-137.57,1
D,2022-10-19 13:09:24.985171,0.14,0.17,0.92,-61.04,18.31,-25.21,-39.44,-1.10,-139.66,1
D,2022-10-19 13:09:25.005173,0.14,0.12,0.92,-2.99,2.69,-22.03,-39.44,-1.10,-139.66,1
D,2022-10-19 13:09:25.025241,0.16,0.15,0.89,-11.29,2.20,-31.07,-34.27,-7.93,-139.62,1
D,2022-10-19 13:09:25.045262,0.18,0.09,0.86,32.65,-3.97,-18.25,-34.27,-7.93,-139.62,1
D,2022-10-19 13:09:25.065372,0.12,-0.03,0.84,36.01,-6.90,-15.50,-34.27,-7.93,-139.62,1
D,2022-10-19 13:09:25.085670,0.10,-0.12,0.86,38.94,-9.09,-15.14,-22.96,-12.76,-142.26,1
D,2022-10-19 13:09:25.095746,0.10,-0.14,0.88,28.08,-9.83,-14.77,-22.96,-12.76,-142.26,1
D,2022-10-19 13:09:25.115670,0.06,-0.21,0.93,17.46,-12.70,-19.96,-22.96,-12.76,-142.26,1
D,2022-10-19 13:09:25.135742,0.08,-0.19,0.89,4.09,-12.94,-23.32,-11.90,-14.50,-143.79,1
D,2022-10-19 13:09:25.155780,0.12,-0.12,0.87,-8.12,-18.49,-22.34,-11.90,-14.50,-143.79,1
D,2022-10-19 13:09:25.185670,0.11,-0.13,0.91,8.48,-20.02,-14.04,-2.84,-13.21,-147.78,1
D,2022-10-19 13:09:25.195781,0.10,-0.25,0.95,36.74,-19.71,1.89,-2.84,-13.21,-147.78,1
D,2022-10-19 13:09:25.215782,0.10,-0.25,0.97,23.50,-15.93,0.73,-2.84,-13.21,-147.78,1
D,2022-10-19 13:09:25.235859,0.08,-0.27,0.98,3.60,-10.80,-4.21,0.93,-7.64,-151.98,1
D,2022-10-19 13:09:25.256167,0.09,-0.24,0.99,-3.42,-13.98,-3.60,0.93,-7.64,-151.98,1
D,2022-10-19 13:09:25.276175,0.08,-0.23,1.04,1.04,-15.44,1.34,-1.44,-2.45,-157.23,1
D,2022-10-19 13:09:25.296173,0.10,-0.19,1.02,5.31,-13.49,9.22,-1.44,-2.45,-157.23,1
D,2022-10-19 13:09:25.316098,0.10,-0.21,1.04,7.87,-8.97,10.44,-1.44,-2.45,-157.23,1
D,2022-10-19 13:09:25.336058,0.07,-0.22,1.06,5.00,-5.68,11.41,-7.41,5.48,-160.67,1
D,2022-10-19 13:09:25.356289,0.11,-0.18,1.04,-0.67,-5.19,12.27,-7.41,5.48,-160.67,1
D,2022-10-19 13:09:25.376633,0.08,-0.14,1.08,-8.18,-4.39,10.44,-13.71,13.64,-159.67,1
D,2022-10-19 13:09:25.396649,0.10,-0.09,1.06,-12.82,-3.11,14.65,-13.71,13.64,-159.67,1
D,2022-10-19 13:09:25.416635,0.11,0.02,1.04,-11.23,-0.73,12.39,-13.71,13.64,-159.67,1
D,2022-10-19 13:09:25.436632,0.10,0.10,1.02,-15.32,1.65,6.47,-17.70,20.54,-154.21,1
D,2022-10-19 13:09:25.456634,0.10,0.15,1.00,-13.06,2.08,0.73,-17.70,20.54,-154.21,1
D,2022-10-19 13:09:25.476643,0.08,0.18,0.98,-6.04,1.10,-1.53,-18.87,23.36,-152.19,1
D,2022-10-19 13:09:25.496636,0.08,0.13,0.96,9.03,-2.62,0.67,-18.87,23.36,-152.19,1
D,2022-10-19 13:09:25.516633,0.07,-0.05,0.97,26.49,-2.75,9.95,-18.87,23.36,-152.19,1
D,2022-10-19 13:09:25.536635,0.05,-0.12,0.97,22.16,-1.16,12.45,-19.25,23.89,-151.92,1
D,2022-10-19 13:09:25.556633,-0.08,-0.15,1.18,-19.53,11.96,-13.37,-19.25,23.89,-151.92,1
D,2022-10-19 13:09:25.576633,-0.20,-0.08,1.19,-18.43,36.07,-14.22,-18.51,22.57,-152.58,1
D,2022-10-19 13:09:25.596632,-0.01,-0.15,0.99,27.77,51.15,-4.82,-18.51,22.57,-152.58,1
D,2022-10-19 13:09:25.616632,0.18,-0.26,0.81,15.69,37.48,-5.43,-18.51,22.57,-152.58,1
D,2022-10-19 13:09:25.636632,0.19,-0.32,0.80,20.08,20.26,0.61,-18.84,22.66,-152.73,1
D,2022-10-19 13:09:25.656631,0.16,-0.37,0.79,22.89,0.61,14.28,-18.84,22.66,-152.73,1
D,2022-10-19 13:09:25.676632,0.13,-0.37,0.81,18.25,-5.86,18.92,-19.82,28.03,-150.76,1
D,2022-10-19 13:09:25.696632,0.08,-0.42,0.84,8.54,-7.51,24.66,-19.82,28.03,-150.76,1
D,2022-10-19 13:09:25.716633,0.07,-0.39,0.85,-0.37,-7.14,26.25,-19.82,28.03,-150.76,1
D,2022-10-19 13:09:25.736632,0.09,-0.37,0.81,-3.54,-9.09,29.60,-21.03,37.32,-145.25,1
