D,2022-10-19 13:09:25.896880,0.11,-0.06,1.05,-1.46,-16.24,43.40,-6.65,66.39,-128.61,1
D,2022-10-19 13:09:25.916880,0.16,-0.08,1.00,8.48,-14.40,49.13,-6.65,66.39,-128.61,1
D,2022-10-19 13:09:25.936880,0.17,-0.04,1.00,-17.40,-15.50,43.09,5.02,71.13,-125.54,1
D,2022-10-19 13:09:25.956880,0.13,0.09,1.05,-36.32,-16.30,33.39,5.02,71.13,-125.54,1
D,2022-10-19 13:09:25.976880,0.09,0.16,1.08,-46.39,-14.04,26.67,17.21,69.13,-128.49,1
D,2022-10-19 13:09:25.987010,0.07,0.24,1.10,-43.52,-8.85,19.65,17.21,69.13,-128.49,1
D,2022-10-19 13:09:26.006990,0.07,0.26,1.08,-33.20,-5.86,18.13,17.21,69.13,-128.49,1
D,2022-10-19 13:09:26.026991,0.07,0.26,1.05,-18.43,-5.92,19.84,26.28,64.84,-134.50,1
D,2022-10-19 13:09:26.047005,0.05,0.25,1.07,-10.19,-5.07,17.82,26.28,64.84,-134.50,1
D,2022-10-19 13:09:26.066997,0.03,0.23,1.06,-6.29,-4.09,14.77,33.34,62.55,-137.82,1
D,2022-10-19 13:09:26.086996,0.02,0.19,1.05,-4.27,-1.40,12.33,33.34,62.55,-137.82,1
D,2022-10-19 13:09:26.107180,0.03,0.23,1.02,-11.41,0.24,5.80,33.34,62.55,-137.82,1
D,2022-10-19 13:09:26.127178,0.02,0.26,1.03,-16.05,0.49,0.49,40.26,61.58,-141.98,1
D,2022-10-19 13:09:26.147177,0.01,0.26,1.04,-15.99,3.11,-4.39,40.26,61.58,-141.98,1
D,2022-10-19 13:09:26.167176,0.02,0.25,1.03,5.19,4.09,-3.05,40.26,61.58,-141.98,1
D,2022-10-19 13:09:26.187176,0.05,0.19,0.98,14.40,5.68,-3.17,46.31,60.80,-142.18,1
D,2022-10-19 13:09:26.207240,0.05,0.14,0.95,-1.40,2.44,-6.53,46.31,60.80,-142.18,1
D,2022-10-19 13:09:26.227342,0.02,0.17,1.00,-5.43,0.98,-7.63,50.92,61.58,-142.53,1
D,2022-10-19 13:09:26.247340,0.05,0.15,0.95,1.89,2.81,-7.08,50.92,61.58,-142.53,1
D,2022-10-19 13:09:26.267339,0.05,0.06,0.91,11.11,-1.22,-5.55,50.92,61.58,-142.53,1
D,2022-10-19 13:09:26.287341,0.01,0.08,0.94,2.32,-2.38,-8.73,55.96,62.79,-142.25,1
D,2022-10-19 13:09:26.297465,0.00,0.11,0.97,-5.49,-1.77,-14.65,55.96,62.79,-142.25,1
D,2022-10-19 13:09:26.327340,-0.01,0.11,1.00,-8.54,2.50,-17.21,58.78,63.89,-143.19,1
D,2022-10-19 13:09:26.337412,-0.01,0.10,0.98,-5.37,4.39,-17.88,58.78,63.89,-143.19,1
D,2022-10-19 13:09:26.357455,0.02,0.06,0.96,-9.52,7.93,-18.92,58.78,63.89,-143.19,1
D,2022-10-19 13:09:26.377451,0.05,0.10,0.95,-3.54,6.29,-16.36,60.77,64.60,-143.53,1
D,2022-10-19 13:09:26.397452,0.09,0.12,0.93,0.37,4.27,-12.70,60.77,64.60,-143.53,1
D,2022-10-19 13:09:26.417452,-0.30,0.11,1.23,9.16,-8.61,-14.83,61.90,66.08,-143.24,1
D,2022-10-19 13:09:26.437445,0.07,0.09,0.95,86.67,-8.24,1.04,61.90,66.08,-143.24,1
D,2022-10-19 13:09:26.457452,0.04,-0.16,0.87,80.26,-7.45,3.23,61.90,66.08,-143.24,1
D,2022-10-19 13:09:26.477464,0.02,-0.10,0.92,0.67,7.14,-7.45,60.88,68.75,-140.39,1
D,2022-10-19 13:09:26.497373,0.03,-0.04,0.93,-30.64,15.08,-12.27,60.88,68.75,-140.39,1
D,2022-10-19 13:09:26.517459,-0.02,0.09,0.72,-32.78,7.69,-18.31,60.88,68.75,-140.39,1
D,2022-10-19 13:09:26.537802,0.08,0.06,0.83,15.01,-14.53,-16.60,60.90,68.08,-141.46,1
D,2022-10-19 13:09:26.557802,0.07,-0.06,0.88,13.18,-13.61,-10.25,60.90,68.08,-141.46,1
D,2022-10-19 13:09:26.577801,0.04,-0.00,0.84,5.80,-17.82,-9.58,57.35,69.62,-143.90,1
D,2022-10-19 13:09:26.597940,0.01,-0.01,0.83,6.29,-24.96,-7.32,57.35,69.62,-143.90,1
D,2022-10-19 13:09:26.617940,0.01,0.05,0.96,16.17,-31.43,-4.88,53.11,71.44,-143.66,1
D,2022-10-19 13:09:26.637942,0.02,0.07,0.92,28.26,-30.33,-3.30,53.11,71.44,-143.66,1
D,2022-10-19 13:09:26.657944,0.02,-0.03,0.96,41.14,-26.00,-3.72,53.11,71.44,-143.66,1
D,2022-10-19 13:09:26.677941,-0.02,-0.10,1.08,23.25,-23.74,-5.55,48.51,73.34,-148.27,1
D,2022-10-19 13:09:26.697969,0.04,-0.03,0.97,11.11,-20.57,-5.37,48.51,73.34,-148.27,1
D,2022-10-19 13:09:26.717940,-0.00,-0.08,1.08,27.89,-28.38,1.71,41.63,74.02,-151.29,1
D,2022-10-19 13:09:26.737941,-0.04,-0.08,1.31,24.23,-17.40,5.31,41.63,74.02,-151.29,1
D,2022-10-19 13:09:26.757940,0.00,0.02,1.22,8.73,-3.42,0.73,41.63,74.02,-151.29,1
D,2022-10-19 13:09:26.778346,-0.04,-0.22,1.32,1.40,-2.38,-1.71,39.33,75.18,-152.73,1
D,2022-10-19 13:09:26.798346,-0.11,-0.03,1.19,-37.29,4.52,-10.19,39.33,75.18,-152.73,1
D,2022-10-19 13:09:26.818346,-0.27,0.28,1.17,-62.50,61.04,1.53,39.33,75.18,-152.73,1
D,2022-10-19 13:09:26.838353,0.04,0.18,1.09,12.08,60.00,-7.45,42.47,71.37,-152.59,1
D,2022-10-19 13:09:26.858347,0.13,-0.16,0.96,43.21,37.60,-1.83,42.47,71.37,-152.59,1
D,2022-10-19 13:09:26.878345,0.28,-0.16,0.80,-2.81,25.02,-7.39,45.65,69.51,-146.22,1
D,2022-10-19 13:09:26.898347,0.23,-0.06,0.84,-30.09,9.22,-9.64,45.65,69.51,-146.22,1
D,2022-10-19 13:09:26.918345,0.11,0.06,0.97,-25.63,1.95,-5.74,45.65,69.51,-146.22,1
D,2022-10-19 13:09:26.938345,0.06,0.03,0.98,-8.73,7.32,-2.50,48.55,68.90,-144.76,1
D,2022-10-19 13:09:26.958346,0.08,-0.01,0.93,-7.69,13.92,-3.97,48.55,68.90,-144.76,1
D,2022-10-19 13:09:26.978345,0.05,0.02,0.95,-17.27,12.39,-8.00,51.35,69.59,-143.93,1
D,2022-10-19 13:09:26.998345,0.01,0.06,1.01,-16.05,12.51,-8.67,51.35,69.59,-143.93,1
D,2022-10-19 13:09:27.008466,0.05,0.05,0.97,1.10,12.94,-6.53,51.35,69.59,-143.93,1
D,2022-10-19 13:09:27.028697,0.07,-0.03,0.93,-2.20,12.51,-6.77,53.08,70.25,-142.63,1
D,2022-10-19 13:09:27.048848,0.09,-0.08,0.89,-1.46,8.06,-4.76,53.08,70.25,-142.63,1
D,2022-10-19 13:09:27.068816,0.10,-0.05,0.87,-4.39,-1.77,0.18,54.61,71.11,-141.98,1
D,2022-10-19 13:09:27.089055,-0.19,0.25,0.69,-7.08,-8.42,0.73,54.61,71.11,-141.98,1
D,2022-10-19 13:09:27.109204,0.06,0.11,1.00,52.25,-24.29,10.93,54.61,71.11,-141.98,1
D,2022-10-19 13:09:27.129209,0.05,-0.06,0.92,33.08,-14.47,9.58,55.86,72.02,-140.62,1
D,2022-10-19 13:09:27.149232,0.04,0.03,0.94,2.01,-5.80,11.90,55.86,72.02,-140.62,1
D,2022-10-19 13:09:27.169414,0.04,-0.03,0.97,17.21,-4.70,22.89,55.79,71.63,-140.80,1
D,2022-10-19 13:09:27.189465,-0.07,0.25,1.17,7.87,0.73,16.66,55.79,71.63,-140.80,1
D,2022-10-19 13:09:27.209460,0.08,0.22,0.96,-77.94,38.21,-41.87,55.79,71.63,-140.80,1
D,2022-10-19 13:09:27.229459,0.09,0.26,0.95,-7.75,13.24,-25.57,53.14,71.35,-142.48,1
D,2022-10-19 13:09:27.249459,0.07,0.18,0.93,6.41,5.25,-21.42,53.14,71.35,-142.48,1
D,2022-10-19 13:09:27.269679,0.05,0.16,0.93,16.11,5.31,-22.95,53.14,71.35,-142.48,1
D,2022-10-19 13:09:27.280145,0.08,0.05,0.89,42.85,1.16,-19.65,47.86,73.19,-141.37,1
D,2022-10-19 13:09:27.300710,0.07,-0.12,0.86,52.00,-0.92,-15.99,47.86,73.19,-141.37,1
D,2022-10-19 13:09:27.320722,0.09,-0.20,0.82,44.37,-2.38,-17.03,39.95,74.78,-139.11,1
D,2022-10-19 13:09:27.340824,0.08,-0.23,0.85,18.74,-6.23,-15.20,39.95,74.78,-139.11,1
D,2022-10-19 13:09:27.361307,0.08,-0.26,0.85,12.39,-9.70,-12.63,39.95,74.78,-139.11,1
D,2022-10-19 13:09:27.381307,0.08,-0.28,0.88,14.89,-13.85,-6.65,33.50,74.45,-137.65,1
D,2022-10-19 13:09:27.404685,0.07,-0.23,0.86,17.09,-16.48,0.18,33.50,74.45,-137.65,1
D,2022-10-19 13:09:27.424698,0.07,-0.26,0.93,18.43,-22.83,-0.73,30.15,72.30,-137.15,1
D,2022-10-19 13:09:27.444864,0.06,-0.25,0.97,2.38,-22.77,-4.15,30.15,72.30,-137.15,1
D,2022-10-19 13:09:27.454936,0.07,-0.24,1.00,-0.37,-22.40,0.00,30.15,72.30,-137.15,1
D,2022-10-19 13:09:27.475505,0.06,-0.28,1.00,6.90,-20.02,6.41,27.56,69.65,-139.17,1
D,2022-10-19 13:09:27.495422,0.04,-0.29,0.99,-0.55,-15.20,10.86,27.56,69.65,-139.17,1
D,2022-10-19 13:09:27.515613,0.04,-0.28,1.03,0.79,-16.11,14.22,27.94,69.19,-144.23,1
D,2022-10-19 13:09:27.536393,0.05,-0.25,1.05,0.06,-15.14,19.17,27.94,69.19,-144.23,1
D,2022-10-19 13:09:27.556440,0.03,-0.20,1.07,-7.08,-10.44,22.71,27.94,69.19,-144.23,1
D,2022-10-19 13:09:27.576439,0.03,-0.08,1.04,-14.95,-6.04,23.62,30.27,71.79,-147.66,1
D,2022-10-19 13:09:27.596438,0.02,-0.02,1.12,-14.04,-4.70,15.99,30.27,71.79,-147.66,1
D,2022-10-19 13:09:27.616439,-0.02,0.11,1.06,-1.89,-6.04,21.61,30.27,71.79,-147.66,1
D,2022-10-19 13:09:27.636439,-0.04,0.07,1.04,4.94,-8.54,22.64,35.83,73.94,-150.93,1
D,2022-10-19 13:09:27.656439,-0.05,0.26,1.05,-8.61,-5.37,11.35,35.83,73.94,-150.93,1
D,2022-10-19 13:09:27.677188,-0.02,0.24,1.01,-20.57,-4.27,-30.15,39.82,74.66,-152.69,1
D,2022-10-19 13:09:27.687188,-0.01,0.12,0.98,3.30,-7.57,1.53,39.82,74.66,-152.69,1
D,2022-10-19 13:09:27.707188,-0.02,0.05,1.00,20.75,-7.08,24.72,39.82,74.66,-152.69,1
D,2022-10-19 13:09:27.727187,-0.11,-0.02,1.06,22.89,-4.33,32.96,40.41,74.94,-150.96,1
D,2022-10-19 13:09:27.747190,-0.27,-0.04,1.20,-33.75,15.38,-11.60,40.41,74.94,-150.96,1
D,2022-10-19 13:09:27.767190,-0.24,0.12,1.19,-23.74,35.77,-9.52,39.15,71.91,-149.50,1
D,2022-10-19 13:09:27.787852,0.04,0.12,0.96,18.19,41.02,-6.41,39.15,71.91,-149.50,1
D,2022-10-19 13:09:27.812984,0.10,0.09,0.94,23.25,27.59,-10.44,39.15,71.91,-149.50,1
D,2022-10-19 13:09:27.831917,0.09,0.07,0.95,18.13,19.47,-30.46,36.68,68.91,-143.42,1
D,2022-10-19 13:09:27.841992,0.15,0.02,0.92,17.09,15.44,-17.94,36.68,68.91,-143.42,1
D,2022-10-19 13:09:27.871917,0.14,-0.01,0.95,11.54,12.08,-21.97,31.85,67.35,-138.43,1
D,2022-10-19 13:09:27.881917,0.14,-0.03,0.96,8.30,10.07,-24.35,31.85,67.35,-138.43,1
D,2022-10-19 13:09:27.902039,0.15,-0.09,0.96,2.20,8.79,-29.42,31.85,67.35,-138.43,1
D,2022-10-19 13:09:27.922032,0.17,-0.16,0.96,-5.19,8.91,-31.68,27.84,66.20,-135.27,1
