M,2022-11-08 15:46:41.716901,-1.125332,9.725744,-0.641679,0.298956,0.910589,0.625874,112.184791,-16.182863,-96.411918,1
M,2022-11-08 15:46:41.813480,-2.049541,6.876498,-5.497367,-0.013304,0.681686,0.296169,125.761299,-30.927251,-104.705413,1
M,2022-11-08 15:46:41.910157,2.858823,6.277917,0.095773,-0.825181,-0.034449,-0.704262,125.761299,-30.927251,-104.705413,1
M,2022-11-08 15:46:42.007161,0.124505,13.599760,-0.124505,-0.757403,-0.356563,0.033711,135.765029,-30.927251,-106.778793,1
M,2022-11-08 15:46:42.101829,-1.254626,8.552525,-1.767011,4.151278,1.971874,0.644782,116.829383,1.798096,-121.983535,1
M,2022-11-08 15:46:42.197954,5.387228,7.178183,-0.502808,0.242363,-0.106754,0.382723,133.978652,-38.479255,-109.197731,1
M,2022-11-08 15:46:42.293789,-4.879631,10.803189,-2.039964,-0.539952,-0.467885,-0.707059,114.149810,-15.643436,-146.691253,1
M,2022-11-08 15:46:42.390522,-2.188412,7.724088,-2.585870,3.752996,-0.421279,1.529098,100.751945,-54.662117,-154.120849,1
M,2022-11-08 15:46:42.501215,1.312089,7.001002,-1.915459,-1.650907,-0.826485,-0.499329,100.751945,-54.662117,-154.120849,1
M,2022-11-08 15:46:42.597050,-7.273955,13.891866,-0.019155,-1.990199,-0.455501,-0.655659,84.495872,-47.649543,-166.733871,1
M,2022-11-08 15:46:42.696007,-1.752645,12.618086,3.773454,-0.585360,1.596762,-0.038462,70.740730,0.719238,-167.943344,1
