g,2022-11-01 19:54:39.947498,0.48,0.14,1.02,3.48,9.28,-43.58,17.57,32.47,-55.29,1
g,2022-11-01 19:54:39.965571,0.50,0.06,0.97,16.36,9.64,-39.79,17.57,32.47,-55.29,1
g,2022-11-01 19:54:39.983609,0.51,0.02,0.92,16.97,9.46,-38.94,17.57,32.47,-55.29,1
g,2022-11-01 19:54:40.002729,0.53,-0.04,0.86,9.03,9.16,-44.13,-4.26,45.85,-62.57,1
g,2022-11-01 19:54:40.020938,0.51,-0.24,0.84,-1.10,8.00,-42.36,-4.26,45.85,-62.57,1
g,2022-11-01 19:54:40.039938,0.58,-0.24,0.76,-0.79,7.26,-33.81,-29.16,51.79,-76.37,1
g,2022-11-01 19:54:40.057951,0.59,-0.18,0.71,-22.40,7.02,-35.58,-29.16,51.79,-76.37,1
g,2022-11-01 19:54:40.076062,0.53,-0.15,0.76,-31.80,4.52,-35.71,-29.16,51.79,-76.37,1
g,2022-11-01 19:54:40.095039,0.51,-0.19,0.75,-12.39,-1.89,-21.48,-48.56,53.71,-90.76,1
g,2022-11-01 19:54:40.113162,0.55,-0.20,0.67,-11.96,-5.25,-11.29,-48.56,53.71,-90.76,1
g,2022-11-01 19:54:40.131053,0.56,-0.17,0.63,-14.89,-10.38,-7.63,-48.56,53.71,-90.76,1
g,2022-11-01 19:54:40.150034,0.46,-0.10,0.74,-19.78,-17.46,-8.73,-63.22,56.02,-99.30,1
g,2022-11-01 19:54:40.168025,0.39,-0.03,0.83,-19.78,-10.93,-9.16,-63.22,56.02,-99.30,1
g,2022-11-01 19:54:40.186651,0.70,-0.09,1.20,27.71,0.73,5.92,-74.89,61.51,-101.62,1
g,2022-11-01 19:54:40.204790,0.49,-0.25,0.78,9.83,9.89,3.66,-74.89,61.51,-101.62,1
g,2022-11-01 19:54:40.223073,0.49,-0.07,0.80,-29.11,10.07,-7.14,-74.89,61.51,-101.62,1
g,2022-11-01 19:54:40.241717,0.49,-0.02,0.84,-31.31,4.52,-5.55,-74.07,63.51,-104.98,1
g,2022-11-01 19:54:40.260023,0.55,-0.04,0.87,-23.25,-1.22,-1.10,-74.07,63.51,-104.98,1
g,2022-11-01 19:54:40.277915,0.55,-0.04,0.83,-4.82,-4.82,15.81,-74.07,63.51,-104.98,1
g,2022-11-01 19:54:40.296816,0.52,-0.02,0.86,-26.92,-1.34,10.44,-70.45,68.57,-105.22,1
g,2022-11-01 19:54:40.314987,0.49,-0.01,0.82,-19.90,0.73,15.87,-70.45,68.57,-105.22,1
g,2022-11-01 19:54:40.332968,0.41,0.11,0.87,-36.80,0.73,8.18,-70.45,68.57,-105.22,1
g,2022-11-01 19:54:40.351858,0.47,0.10,0.83,-35.52,-0.98,12.63,-62.84,76.14,-105.60,1
g,2022-11-01 19:54:40.369676,0.47,0.12,0.82,-31.98,-3.91,11.54,-62.84,76.14,-105.60,1
g,2022-11-01 19:54:40.388857,0.47,0.12,0.80,-27.59,-7.02,9.70,-53.44,80.90,-106.20,1
g,2022-11-01 19:54:40.406885,0.48,0.09,0.76,-18.55,-9.83,15.14,-53.44,80.90,-106.20,1
g,2022-11-01 19:54:40.424751,0.40,0.12,0.77,-15.56,-8.18,20.02,-53.44,80.90,-106.20,1
g,2022-11-01 19:54:40.443880,0.36,0.09,0.76,-26.55,-8.42,13.98,-42.13,83.78,-101.56,1
g,2022-11-01 19:54:40.461980,0.36,0.17,0.76,-6.59,-13.98,26.12,-42.13,83.78,-101.56,1
g,2022-11-01 19:54:40.479940,0.35,0.20,0.72,-11.29,-14.16,22.77,-42.13,83.78,-101.56,1
g,2022-11-01 19:54:40.498664,0.30,0.26,0.75,-6.04,-15.26,19.96,-28.42,83.74,-90.65,1
g,2022-11-01 19:54:40.516739,0.34,0.36,0.79,-9.22,-13.92,13.92,-28.42,83.74,-90.65,1
g,2022-11-01 19:54:40.535893,0.34,0.29,0.76,-11.66,-11.60,2.75,-18.96,79.13,-79.76,1
g,2022-11-01 19:54:40.553608,0.42,0.24,0.91,15.32,-21.79,9.95,-18.96,79.13,-79.76,1
g,2022-11-01 19:54:40.571782,0.35,0.25,0.79,24.96,-25.15,14.47,-18.96,79.13,-79.76,1
g,2022-11-01 19:54:40.590721,0.41,0.34,0.95,13.12,-16.85,7.87,-11.98,73.10,-68.92,1
g,2022-11-01 19:54:40.608885,0.47,0.33,0.99,7.45,-9.70,-4.15,-11.98,73.10,-68.92,1
g,2022-11-01 19:54:40.626729,0.49,0.23,0.97,8.24,-3.54,-8.18,-11.98,73.10,-68.92,1
g,2022-11-01 19:54:40.645761,0.50,0.28,1.00,11.17,-3.72,-6.84,-12.66,68.73,-64.43,1
g,2022-11-01 19:54:40.665307,0.48,0.37,1.02,24.54,-3.85,-8.79,-12.66,68.73,-64.43,1
g,2022-11-01 19:54:40.681614,0.48,0.27,1.02,20.32,1.10,-20.20,-12.66,68.73,-64.43,1
g,2022-11-01 19:54:40.700757,0.44,0.31,1.11,-0.24,8.79,-33.20,-21.70,66.46,-64.67,1
g,2022-11-01 19:54:40.718885,0.52,0.18,0.97,-27.16,16.97,-51.70,-21.70,66.46,-64.67,1
g,2022-11-01 19:54:40.737925,0.54,0.08,0.95,-18.31,18.01,-39.61,-43.32,65.98,-76.79,1
g,2022-11-01 19:54:40.755876,0.56,-0.03,0.91,-12.51,17.82,-29.17,-43.32,65.98,-76.79,1
g,2022-11-01 19:54:40.773816,0.55,-0.08,0.87,-9.89,17.52,-16.72,-43.32,65.98,-76.79,1
g,2022-11-01 19:54:40.792658,0.35,-0.17,0.72,0.18,14.65,-3.17,-61.27,65.58,-94.86,1
g,2022-11-01 19:54:40.810709,0.36,0.01,0.84,-9.09,10.13,1.16,-61.27,65.58,-94.86,1
g,2022-11-01 19:54:40.828817,0.33,0.13,0.80,-27.40,11.96,-8.73,-61.27,65.58,-94.86,1
g,2022-11-01 19:54:40.847666,0.31,0.10,0.70,-20.20,8.79,-10.56,-69.46,67.77,-111.93,1
g,2022-11-01 19:54:40.865597,0.34,0.08,0.73,4.46,-0.73,0.73,-69.46,67.77,-111.93,1
g,2022-11-01 19:54:40.884626,0.23,0.09,0.61,3.97,2.56,0.92,-72.67,67.20,-120.42,1
g,2022-11-01 19:54:40.902726,0.40,0.02,0.72,17.94,-8.36,1.65,-72.67,67.20,-120.42,1
g,2022-11-01 19:54:40.920770,0.03,0.09,0.50,-21.97,6.65,-6.47,-72.67,67.20,-120.42,1
g,2022-11-01 19:54:40.939871,0.30,0.10,0.69,-13.73,-10.86,-11.90,-72.09,67.07,-118.47,1
g,2022-11-01 19:54:40.957842,0.24,0.10,0.68,-3.72,-16.11,-4.94,-72.09,67.07,-118.47,1
g,2022-11-01 19:54:40.975843,0.35,0.16,0.70,-7.02,-13.24,-0.37,-72.09,67.07,-118.47,1
g,2022-11-01 19:54:40.994754,0.40,0.22,0.91,7.87,-12.63,4.15,-66.08,64.78,-101.09,1
g,2022-11-01 19:54:41.012603,0.44,0.21,0.91,21.61,-11.47,3.78,-66.08,64.78,-101.09,1
g,2022-11-01 19:54:41.030724,0.47,0.14,0.89,27.40,-10.01,0.85,-66.08,64.78,-101.09,1
g,2022-11-01 19:54:41.049910,0.46,0.10,0.94,22.95,-6.59,-3.48,-54.88,59.61,-82.65,1
g,2022-11-01 19:54:41.067867,0.48,0.05,0.91,19.47,-8.97,-4.64,-54.88,59.61,-82.65,1
g,2022-11-01 19:54:41.086857,0.53,0.05,0.95,12.39,-10.19,-6.59,-41.88,52.70,-69.71,1
g,2022-11-01 19:54:41.104746,0.50,0.07,0.94,2.75,-6.10,-9.52,-41.88,52.70,-69.71,1
g,2022-11-01 19:54:41.122999,0.55,0.07,0.94,-5.13,-0.73,-12.39,-41.88,52.70,-69.71,1
g,2022-11-01 19:54:41.141826,0.50,0.06,0.93,0.73,-0.61,-8.73,-31.46,49.12,-63.61,1
g,2022-11-01 19:54:41.159799,0.51,0.05,0.91,11.84,-1.46,-1.46,-31.46,49.12,-63.61,1
g,2022-11-01 19:54:41.177736,0.52,0.04,0.94,24.60,-3.11,8.67,-31.46,49.12,-63.61,1
g,2022-11-01 19:54:41.196735,0.46,0.03,0.93,-1.10,5.19,0.92,-22.71,47.67,-58.50,1
g,2022-11-01 19:54:41.214717,0.46,-0.01,0.95,1.95,2.44,6.90,-22.71,47.67,-58.50,1
g,2022-11-01 19:54:41.233716,0.45,0.09,0.91,-0.18,-0.61,12.70,-14.37,49.46,-55.75,1
g,2022-11-01 19:54:41.251776,0.42,0.15,0.86,-7.57,-0.98,8.91,-14.37,49.46,-55.75,1
g,2022-11-01 19:54:41.271470,0.45,0.09,0.86,-8.79,-2.99,11.72,-14.37,49.46,-55.75,1
g,2022-11-01 19:54:41.288782,0.42,0.21,0.91,-2.56,-3.54,18.31,-4.26,51.61,-53.32,1
g,2022-11-01 19:54:41.306798,0.45,0.30,0.90,-11.47,4.15,6.53,-4.26,51.61,-53.32,1
g,2022-11-01 19:54:41.324609,0.43,0.29,0.90,-7.20,7.69,3.85,-4.26,51.61,-53.32,1
g,2022-11-01 19:54:41.343595,0.47,0.20,0.92,4.64,9.95,7.08,0.76,53.11,-53.00,1
g,2022-11-01 19:54:41.361532,0.38,0.18,0.90,11.05,6.23,11.66,0.76,53.11,-53.00,1
g,2022-11-01 19:54:41.379646,0.42,0.15,0.87,10.31,-1.53,12.39,0.76,53.11,-53.00,1
g,2022-11-01 19:54:41.398653,0.41,0.12,0.84,-4.76,-5.13,6.96,2.73,55.03,-52.12,1
g,2022-11-01 19:54:41.416616,0.34,0.16,0.83,-13.85,-6.29,5.37,2.73,55.03,-52.12,1
g,2022-11-01 19:54:41.435806,0.31,0.27,0.86,-31.80,-6.23,-2.08,5.31,56.16,-54.75,1
g,2022-11-01 19:54:41.453659,0.02,0.38,1.23,-13.79,12.70,2.93,5.31,56.16,-54.75,1
g,2022-11-01 19:54:41.473336,0.08,0.83,1.24,35.22,52.86,-0.49,5.31,56.16,-54.75,1
g,2022-11-01 19:54:41.490621,0.27,0.82,1.04,82.89,75.50,-5.43,-0.98,50.17,-63.10,1
g,2022-11-01 19:54:41.508833,0.47,0.57,0.80,127.14,78.86,-10.31,-0.98,50.17,-63.10,1
g,2022-11-01 19:54:41.526742,0.75,0.35,0.59,109.07,67.14,-23.99,-0.98,50.17,-63.10,1
g,2022-11-01 19:54:41.545798,0.66,0.21,0.67,27.16,33.94,-57.01,-20.09,37.98,-78.63,1
g,2022-11-01 19:54:41.563792,0.58,0.10,0.80,40.04,21.61,-51.33,-20.09,37.98,-78.63,1
g,2022-11-01 19:54:41.582778,0.65,-0.05,0.71,64.21,16.78,-38.64,-33.87,25.33,-92.03,1
g,2022-11-01 19:54:41.600779,0.68,-0.24,0.62,60.18,7.26,-38.15,-33.87,25.33,-92.03,1
g,2022-11-01 19:54:41.618823,0.63,-0.38,0.63,21.91,-2.81,-36.74,-33.87,25.33,-92.03,1
g,2022-11-01 19:54:41.637771,0.64,-0.34,0.63,10.44,-6.90,-30.76,-39.23,15.63,-101.59,1
g,2022-11-01 19:54:41.656077,0.61,-0.34,0.67,-1.22,-14.22,-27.47,-39.23,15.63,-101.59,1
