I,2022-11-06 10:59:39.177135,0.33,0.56,-0.42,-31.01,13.79,14.04,7.57,75.10,56.75,1
I,2022-11-06 10:59:39.192760,-1.25,1.61,-0.74,-49.44,11.17,23.93,-0.49,74.79,61.19,1
I,2022-11-06 10:59:39.208391,0.32,1.00,-0.64,-22.52,-14.53,-4.64,-0.49,74.79,61.19,1
I,2022-11-06 10:59:39.224010,0.38,0.79,-0.39,43.27,22.28,-5.68,-0.49,74.79,61.19,1
I,2022-11-06 10:59:39.239959,0.44,0.48,-1.15,15.08,-24.60,7.45,-0.09,74.61,61.04,1
I,2022-11-06 10:59:39.270883,0.44,0.79,-0.81,1.77,-54.08,15.63,-0.09,74.61,61.04,1
I,2022-11-06 10:59:39.286508,0.33,0.93,-0.33,29.79,-55.11,17.64,-0.09,74.61,61.04,1
I,2022-11-06 10:59:39.302577,0.12,1.25,0.47,60.79,-22.46,7.20,11.82,78.25,62.95,1
I,2022-11-06 10:59:39.318083,0.54,0.90,-0.18,71.04,-26.73,6.77,11.82,78.25,62.95,1
I,2022-11-06 10:59:39.333755,0.31,1.00,0.51,36.13,-15.38,-3.97,22.12,79.09,59.45,1
I,2022-11-06 10:59:39.364635,0.39,0.98,0.43,24.05,8.67,-5.37,22.12,79.09,59.45,1
I,2022-11-06 10:59:39.380254,0.46,0.82,-0.04,-20.87,-36.87,4.46,22.12,79.09,59.45,1
I,2022-11-06 10:59:39.395901,0.08,1.06,0.84,-73.36,-11.96,-18.62,23.61,78.41,61.95,1
I,2022-11-06 10:59:39.411526,0.42,0.69,-0.49,-29.85,39.18,-18.74,23.61,78.41,61.95,1
I,2022-11-06 10:59:39.427127,0.49,0.71,-0.78,-49.38,-10.50,-6.53,23.61,78.41,61.95,1
I,2022-11-06 10:59:39.458381,-0.06,0.80,0.11,-45.35,41.69,2.32,14.42,78.33,64.56,1
I,2022-11-06 10:59:39.477674,0.32,0.55,-0.82,-29.42,29.54,13.73,14.42,78.33,64.56,1
I,2022-11-06 10:59:39.486005,0.25,0.69,-0.58,-3.30,24.29,21.67,6.38,81.79,60.82,1
I,2022-11-06 10:59:39.507622,0.29,0.68,-0.56,63.42,26.12,32.78,6.38,81.79,60.82,1
I,2022-11-06 10:59:39.523582,0.28,0.70,-0.38,75.62,17.82,37.60,6.38,81.79,60.82,1
I,2022-11-06 10:59:39.547905,0.33,0.80,-0.29,70.56,3.42,42.30,4.99,88.39,53.37,1
I,2022-11-06 10:59:39.564041,0.50,0.98,-0.25,43.21,-5.31,40.22,4.99,88.39,53.37,1
I,2022-11-06 10:59:39.579172,0.39,0.96,-0.25,0.85,-7.02,25.57,4.99,88.39,53.37,1
I,2022-11-06 10:59:39.594797,0.59,1.28,-0.17,0.79,-9.28,19.59,7.97,96.59,45.12,1
I,2022-11-06 10:59:39.626030,0.55,1.29,-0.16,1.53,-5.37,-0.67,7.97,96.59,45.12,1
I,2022-11-06 10:59:39.641652,0.57,1.21,-0.17,-13.00,-10.31,-18.86,10.86,98.23,43.66,1
I,2022-11-06 10:59:39.657290,0.36,1.12,-0.02,-34.24,-27.16,-22.34,10.86,98.23,43.66,1
I,2022-11-06 10:59:39.673236,0.37,1.17,0.07,-9.64,24.35,-25.39,10.86,98.23,43.66,1
I,2022-11-06 10:59:39.688850,0.40,1.02,-0.24,-10.56,42.54,-24.78,6.93,98.45,41.48,1
I,2022-11-06 10:59:39.719771,0.29,0.86,-0.32,-9.89,39.18,-17.33,6.93,98.45,41.48,1
I,2022-11-06 10:59:39.735396,0.32,0.68,-0.68,-6.47,25.09,-5.43,6.93,98.45,41.48,1
I,2022-11-06 10:59:39.751360,0.29,0.49,-1.19,-17.15,2.01,6.65,-0.38,98.96,40.28,1
I,2022-11-06 10:59:39.767027,0.26,0.99,-0.58,-26.18,3.36,13.67,-0.38,98.96,40.28,1
I,2022-11-06 10:59:39.782600,0.29,0.91,-0.74,117.49,41.38,7.45,-2.04,100.40,39.01,1
I,2022-11-06 10:59:39.813520,0.38,0.65,-1.01,33.39,-79.22,32.17,-2.04,100.40,39.01,1
I,2022-11-06 10:59:39.829141,0.34,0.83,-0.33,25.76,-85.63,18.62,-2.04,100.40,39.01,1
I,2022-11-06 10:59:39.844789,0.32,0.81,-0.31,19.10,-62.01,0.37,9.09,99.87,41.56,1
I,2022-11-06 10:59:39.860412,0.25,1.01,0.39,-9.64,-70.98,4.82,9.09,99.87,41.56,1
I,2022-11-06 10:59:39.891644,0.19,1.18,0.61,-21.06,-57.07,16.97,21.50,98.82,43.59,1
I,2022-11-06 10:59:39.907264,0.23,1.32,0.69,-24.17,-37.48,26.43,21.50,98.82,43.59,1
I,2022-11-06 10:59:39.923244,-0.07,1.30,0.89,-8.79,-31.68,35.40,21.50,98.82,43.59,1
I,2022-11-06 10:59:39.938847,0.10,1.93,0.54,2.14,51.21,-10.62,22.12,95.01,45.95,1
I,2022-11-06 10:59:39.954480,0.31,0.99,0.05,31.07,50.29,-68.85,22.12,95.01,45.95,1
I,2022-11-06 10:59:39.970089,0.39,0.89,0.10,22.16,37.66,-59.51,22.12,95.01,45.95,1
I,2022-11-06 10:59:40.001743,0.41,0.95,-0.07,-31.01,42.79,-48.10,9.86,90.64,45.87,1
I,2022-11-06 10:59:40.011269,0.48,0.84,-0.32,-36.25,42.79,-46.81,9.86,90.64,45.87,1
I,2022-11-06 10:59:40.026896,0.49,0.77,-0.47,-33.75,45.84,-42.11,-2.95,82.98,42.64,1
I,2022-11-06 10:59:40.058151,0.53,0.67,-0.72,-6.35,42.60,-29.72,-2.95,82.98,42.64,1
