z,2022-11-05 16:41:08.092076,-3.366419,8.777591,4.381612,0.212504,-0.187601,-0.075231,-49.482784,6.293336,-200.253433,1
z,2022-11-05 16:41:08.188086,-4.214010,8.088026,3.677681,0.130610,-0.219560,0.062989,-49.482784,6.293336,-200.253433,1
z,2022-11-05 16:41:08.284221,-3.845284,8.418442,4.328937,-0.001751,-0.097851,0.163791,-51.447803,-1.438477,-178.655776,1
z,2022-11-05 16:41:08.380106,-3.965000,8.332247,4.017675,-0.040634,0.024390,0.088023,-51.090526,-6.473145,-172.435653,1
z,2022-11-05 16:41:08.476144,-3.088678,7.886902,3.735145,-0.264875,0.119865,0.473788,-50.911888,-7.372194,-183.320861,1
z,2022-11-05 16:41:08.572095,-0.617735,10.544602,5.607506,-0.323466,0.146364,-0.446615,-50.911888,-7.372194,-183.320861,1
z,2022-11-05 16:41:08.668019,-6.847766,6.828611,3.941057,0.064829,-0.132872,-0.389489,-56.628311,-5.574098,-199.907867,1
z,2022-11-05 16:41:08.763921,-3.792609,6.488617,3.926691,-0.629468,0.009609,0.157532,-60.558349,-6.652955,-166.042739,1
z,2022-11-05 16:41:08.859897,-1.743068,10.147145,5.688913,-0.473537,0.144234,-0.223838,-73.241661,12.227053,-190.404891,1
z,2022-11-05 16:41:08.955833,-2.537983,9.993907,5.468636,0.058437,-0.246991,-0.114114,-86.639526,32.185916,-198.871170,1
z,2022-11-05 16:41:09.051769,-3.773454,7.398460,4.606679,0.335144,-0.688416,-0.658739,-86.639526,32.185916,-198.871170,1
z,2022-11-05 16:41:09.147591,-4.242742,7.762397,5.075966,-0.172196,-0.371895,0.455278,-91.998672,19.599246,-140.816696,1
z,2022-11-05 16:41:09.243518,-4.151757,8.633932,5.789474,0.106375,0.106549,-0.255264,-92.534591,24.454105,-128.203659,1
