j,2022-10-30 18:28:25.631833,-0.00,-0.63,0.67,16.42,-2.14,9.22,16.43,-7.63,4.60,1
j,2022-10-30 18:28:25.651068,0.03,-0.68,0.62,21.42,-5.49,3.54,16.64,-9.03,4.72,1
j,2022-10-30 18:28:25.668333,-0.03,-0.65,0.61,19.35,-10.44,-0.98,16.64,-9.03,4.72,1
j,2022-10-30 18:28:25.686338,-1.92,-0.90,-0.01,21.67,-22.03,-3.97,16.64,-9.03,4.72,1
j,2022-10-30 18:28:25.705764,-0.14,-0.39,1.04,-59.75,26.86,-13.85,17.97,-9.74,7.84,1
j,2022-10-30 18:28:25.723649,-0.07,-0.42,1.05,25.76,-10.56,19.96,17.97,-9.74,7.84,1
j,2022-10-30 18:28:25.743614,-0.06,-0.52,0.70,77.03,-37.66,1.71,18.73,-9.92,5.87,1
j,2022-10-30 18:28:25.760508,-0.06,-0.98,0.45,68.36,-59.63,-34.18,18.73,-9.92,5.87,1
j,2022-10-30 18:28:25.778678,-0.08,-0.98,0.53,23.01,-61.28,-74.65,18.73,-9.92,5.87,1
j,2022-10-30 18:28:25.797828,-0.22,-0.95,0.45,-17.82,-64.58,-100.04,23.23,-8.31,6.02,1
j,2022-10-30 18:28:25.815263,-0.35,-0.91,0.40,-49.99,-34.97,-76.11,23.23,-8.31,6.02,1
j,2022-10-30 18:28:25.836094,-0.37,-0.54,0.92,-46.45,-1.10,-37.05,23.23,-8.31,6.02,1
j,2022-10-30 18:28:25.854528,-0.43,-0.48,0.98,-18.86,5.19,9.16,26.15,-7.87,7.36,1
j,2022-10-30 18:28:25.872461,-0.33,-0.65,0.73,3.11,18.25,69.64,26.15,-7.87,7.36,1
j,2022-10-30 18:28:25.890414,-0.14,-0.88,0.77,6.96,39.49,99.00,26.15,-7.87,7.36,1
j,2022-10-30 18:28:25.909245,-0.20,-0.92,0.86,-8.97,35.71,73.49,23.29,-8.87,5.80,1
j,2022-10-30 18:28:25.930477,-0.15,-0.80,0.80,-51.70,35.03,42.60,23.29,-8.87,5.80,1
j,2022-10-30 18:28:25.947398,-0.02,-0.47,0.97,-55.91,39.06,23.68,18.86,-9.52,4.24,1
j,2022-10-30 18:28:25.965462,0.04,-0.35,0.92,-30.70,33.51,17.40,18.86,-9.52,4.24,1
j,2022-10-30 18:28:25.982866,0.00,-0.39,0.81,7.26,39.25,16.85,18.86,-9.52,4.24,1
j,2022-10-30 18:28:26.002418,0.02,-0.45,0.71,17.64,44.68,24.60,14.60,-9.56,1.77,1
j,2022-10-30 18:28:26.020537,0.07,-0.58,0.68,28.63,38.27,30.09,14.60,-9.56,1.77,1
j,2022-10-30 18:28:26.039018,0.18,-0.65,0.68,24.72,30.76,18.07,14.60,-9.56,1.77,1
j,2022-10-30 18:28:26.057080,0.18,-0.61,0.67,21.61,18.80,-1.16,11.68,-9.86,2.21,1
j,2022-10-30 18:28:26.075476,0.12,-0.60,0.57,35.40,4.58,-6.47,11.68,-9.86,2.21,1
j,2022-10-30 18:28:26.094441,0.03,-0.68,0.53,37.05,1.71,4.88,11.71,-10.22,2.76,1
j,2022-10-30 18:28:26.112973,-0.02,-0.75,0.53,42.66,-10.80,16.36,11.71,-10.22,2.76,1
j,2022-10-30 18:28:26.132498,0.04,-0.85,0.55,29.42,-26.61,13.37,11.71,-10.22,2.76,1
j,2022-10-30 18:28:26.149586,-1.37,-1.25,-0.37,23.93,-35.52,0.79,14.12,-12.43,3.93,1
j,2022-10-30 18:28:26.167448,-0.21,-0.14,1.43,-63.35,1.46,-12.63,14.12,-12.43,3.93,1
j,2022-10-30 18:28:26.185605,0.09,-0.73,0.64,68.30,-43.95,38.02,14.12,-12.43,3.93,1
j,2022-10-30 18:28:26.204244,0.06,-0.99,0.45,51.39,-25.51,15.44,13.89,-12.08,3.58,1
j,2022-10-30 18:28:26.223978,0.12,-0.86,0.53,-4.52,-3.36,-27.16,13.89,-12.08,3.58,1
j,2022-10-30 18:28:26.240780,-0.27,-0.68,0.57,-16.54,8.79,-32.84,13.89,-12.08,3.58,1
j,2022-10-30 18:28:26.259459,-0.19,-0.80,0.68,-29.48,25.45,-3.66,15.05,-11.82,4.92,1
j,2022-10-30 18:28:26.277362,-0.09,-0.66,0.87,-8.42,25.63,19.29,15.05,-11.82,4.92,1
j,2022-10-30 18:28:26.296495,-0.07,-0.64,0.82,7.02,16.30,26.86,14.28,-11.62,5.65,1
j,2022-10-30 18:28:26.316439,-0.12,-0.83,0.68,2.44,7.08,33.33,14.28,-11.62,5.65,1
j,2022-10-30 18:28:26.334141,-0.12,-0.87,0.65,-21.91,3.85,32.59,14.28,-11.62,5.65,1
j,2022-10-30 18:28:26.352243,-0.08,-0.73,0.74,-52.73,7.20,9.09,13.46,-10.33,5.65,1
j,2022-10-30 18:28:26.370249,-0.02,-0.34,0.88,-25.45,4.46,6.47,13.46,-10.33,5.65,1
j,2022-10-30 18:28:26.388310,-0.04,-0.45,0.86,-2.69,9.52,1.95,13.46,-10.33,5.65,1
j,2022-10-30 18:28:26.407314,0.02,-0.40,0.90,-0.24,16.42,-13.00,12.85,-8.65,5.58,1
j,2022-10-30 18:28:26.425322,0.02,-0.45,0.82,11.47,15.50,-23.07,12.85,-8.65,5.58,1
j,2022-10-30 18:28:26.444336,0.08,-0.51,0.78,18.01,15.87,-32.04,12.85,-8.65,5.58,1
j,2022-10-30 18:28:26.463331,0.11,-0.62,0.74,26.61,10.93,-34.67,12.68,-6.45,4.83,1
j,2022-10-30 18:28:26.481334,0.08,-0.73,0.68,29.66,5.55,-32.04,12.68,-6.45,4.83,1
j,2022-10-30 18:28:26.500338,0.09,-0.84,0.63,24.78,5.68,-26.79,12.74,-3.92,5.63,1
j,2022-10-30 18:28:26.518342,0.02,-0.89,0.65,6.77,5.74,-25.33,12.74,-3.92,5.63,1
j,2022-10-30 18:28:26.536345,-0.01,-0.80,0.68,-5.37,5.25,-24.11,12.74,-3.92,5.63,1
j,2022-10-30 18:28:26.556664,-0.05,-0.76,0.69,-0.61,2.62,-15.44,13.32,-2.62,7.30,1
j,2022-10-30 18:28:26.574081,-0.08,-0.78,0.69,5.49,2.93,-9.83,13.32,-2.62,7.30,1
