n,2022-11-04 12:23:11.009855,-0.12,0.78,0.67,-13.00,2.08,-1.53,-15.33,1.40,-16.74,1
n,2022-11-04 12:23:11.030328,-0.13,0.81,0.70,-8.48,2.20,-2.75,-15.33,1.40,-16.74,1
n,2022-11-04 12:23:11.047354,-0.09,0.78,0.66,1.65,1.22,-2.20,-14.87,1.88,-14.90,1
n,2022-11-04 12:23:11.065187,-0.08,0.70,0.62,5.68,3.05,-0.98,-14.87,1.88,-14.90,1
n,2022-11-04 12:23:11.083590,-0.10,0.72,0.68,-0.55,5.55,-4.03,-14.87,1.88,-14.90,1
n,2022-11-04 12:23:11.106320,-0.12,0.77,0.64,-0.43,7.93,-7.39,-14.95,1.92,-15.49,1
n,2022-11-04 12:23:11.122924,-0.09,0.76,0.64,5.68,12.70,-4.21,-14.95,1.92,-15.49,1
n,2022-11-04 12:23:11.141542,-0.02,0.68,0.62,12.33,14.95,1.40,-14.10,1.88,-15.89,1
n,2022-11-04 12:23:11.159917,0.02,0.66,0.64,0.61,6.71,3.48,-14.10,1.88,-15.89,1
n,2022-11-04 12:23:11.177818,-0.06,0.74,0.63,-16.30,2.38,-3.97,-14.10,1.88,-15.89,1
n,2022-11-04 12:23:11.199919,-0.12,0.79,0.59,-12.88,2.26,-9.16,-14.54,1.68,-16.46,1
n,2022-11-04 12:23:11.215959,-0.11,0.83,0.63,1.89,8.85,-6.23,-14.54,1.68,-16.46,1
n,2022-11-04 12:23:11.233315,-0.02,0.71,0.60,17.33,13.18,2.87,-14.54,1.68,-16.46,1
n,2022-11-04 12:23:11.252951,0.00,0.61,0.62,2.50,8.48,3.78,-14.47,2.14,-15.55,1
n,2022-11-04 12:23:11.273241,-0.03,0.67,0.62,-11.90,1.34,-0.67,-14.47,2.14,-15.55,1
n,2022-11-04 12:23:11.296866,-0.09,0.78,0.63,-16.42,-1.22,-1.71,-14.12,2.48,-15.47,1
n,2022-11-04 12:23:11.311665,-0.05,0.73,0.58,-2.56,2.08,5.07,-14.12,2.48,-15.47,1
n,2022-11-04 12:23:11.330399,-0.03,0.68,0.60,-2.81,3.36,5.92,-14.12,2.48,-15.47,1
n,2022-11-04 12:23:11.349398,-0.04,0.63,0.59,-7.14,-0.49,4.82,-13.44,2.97,-14.99,1
n,2022-11-04 12:23:11.369791,-0.05,0.66,0.62,-10.68,-5.92,3.85,-13.44,2.97,-14.99,1
n,2022-11-04 12:23:11.386784,-0.30,0.77,0.69,5.62,-9.52,2.56,-13.44,2.97,-14.99,1
n,2022-11-04 12:23:11.406779,-0.08,0.84,0.49,11.60,-0.24,-4.70,-13.54,2.70,-14.23,1
n,2022-11-04 12:23:11.425985,-0.07,0.60,0.59,32.35,0.12,-0.18,-13.54,2.70,-14.23,1
n,2022-11-04 12:23:11.448819,-0.05,0.54,0.65,-5.62,-23.13,0.73,-13.37,2.38,-15.25,1
n,2022-11-04 12:23:11.465375,-0.10,0.70,0.59,-33.57,-36.01,0.85,-13.37,2.38,-15.25,1
n,2022-11-04 12:23:11.482528,-0.12,0.81,0.53,-28.44,-37.17,7.02,-13.37,2.38,-15.25,1
n,2022-11-04 12:23:11.501969,-0.12,0.82,0.52,-10.01,-30.94,16.17,-12.87,2.37,-13.13,1
n,2022-11-04 12:23:11.521265,-0.13,0.74,0.60,3.30,-24.35,25.88,-12.87,2.37,-13.13,1
n,2022-11-04 12:23:11.544311,-0.14,0.73,0.61,4.58,-22.46,26.25,-12.24,2.73,-12.94,1
n,2022-11-04 12:23:11.560347,-0.14,0.77,0.58,-2.99,-17.40,22.58,-12.24,2.73,-12.94,1
n,2022-11-04 12:23:11.579672,-0.15,0.83,0.64,-3.60,-8.12,18.92,-12.24,2.73,-12.94,1
n,2022-11-04 12:23:11.598568,-0.15,0.85,0.67,-0.98,-4.03,15.08,-12.66,3.30,-13.00,1
n,2022-11-04 12:23:11.620495,-0.14,0.83,0.66,2.32,-0.61,10.44,-12.66,3.30,-13.00,1
n,2022-11-04 12:23:11.637604,-0.14,0.83,0.70,0.37,2.20,2.20,-12.66,3.30,-13.00,1
n,2022-11-04 12:23:11.656438,-0.14,0.74,0.71,-4.46,-4.52,6.04,-12.59,2.72,-12.89,1
n,2022-11-04 12:23:11.674942,-0.17,0.77,0.64,-9.28,-6.23,0.98,-12.59,2.72,-12.89,1
n,2022-11-04 12:23:11.695488,-0.19,0.88,0.48,-0.73,7.81,-8.97,-12.78,2.83,-14.23,1
n,2022-11-04 12:23:11.716340,-0.13,0.85,0.61,23.62,35.34,-10.56,-12.78,2.83,-14.23,1
n,2022-11-04 12:23:11.732780,-0.08,0.75,0.69,27.95,32.96,-8.06,-12.78,2.83,-14.23,1
n,2022-11-04 12:23:11.752708,-0.08,0.71,0.70,15.08,21.48,-10.56,-13.28,2.75,-14.60,1
n,2022-11-04 12:23:11.772227,-0.10,0.84,0.59,-2.38,13.00,-17.70,-13.28,2.75,-14.60,1
n,2022-11-04 12:23:11.794370,-0.09,0.80,0.53,6.29,15.69,-15.69,-13.28,2.75,-14.60,1
n,2022-11-04 12:23:11.810793,-0.07,0.73,0.55,9.40,17.27,-14.22,-13.31,2.19,-15.21,1
n,2022-11-04 12:23:11.829957,-0.07,0.72,0.58,4.52,10.56,-15.99,-13.31,2.19,-15.21,1
n,2022-11-04 12:23:11.849811,-0.08,0.71,0.53,4.94,4.76,-14.16,-12.90,3.16,-14.89,1
n,2022-11-04 12:23:11.870835,-0.09,0.69,0.53,7.57,2.20,-10.86,-12.90,3.16,-14.89,1
n,2022-11-04 12:23:11.887314,-0.09,0.69,0.54,12.76,0.06,-7.14,-12.90,3.16,-14.89,1
n,2022-11-04 12:23:11.907821,-0.06,0.70,0.57,12.33,-0.79,-8.06,-13.17,3.06,-14.82,1
n,2022-11-04 12:23:11.925609,-0.07,0.66,0.56,14.59,-3.05,-8.54,-13.17,3.06,-14.82,1
n,2022-11-04 12:23:11.947810,-0.10,0.69,0.60,14.53,-3.42,-8.91,-12.76,2.21,-14.78,1
n,2022-11-04 12:23:11.964171,-0.10,0.61,0.60,17.33,-2.93,-2.14,-12.76,2.21,-14.78,1
n,2022-11-04 12:23:11.981829,-0.08,0.63,0.64,9.70,-3.42,-1.22,-12.76,2.21,-14.78,1
n,2022-11-04 12:23:12.000817,-0.08,0.63,0.65,3.11,-10.68,0.61,-12.34,2.22,-14.49,1
n,2022-11-04 12:23:12.020463,-0.09,0.64,0.63,-4.70,-18.37,3.78,-12.34,2.22,-14.49,1
n,2022-11-04 12:23:12.050233,-0.11,0.66,0.61,-10.19,-27.40,12.15,-12.34,2.22,-14.49,1
n,2022-11-04 12:23:12.059296,-0.10,0.68,0.55,-6.65,-28.38,16.17,-11.96,2.53,-13.92,1
n,2022-11-04 12:23:12.077786,-0.09,0.71,0.56,1.59,-28.63,17.94,-11.96,2.53,-13.92,1
n,2022-11-04 12:23:12.097373,-0.10,0.72,0.58,10.68,-25.39,13.43,-11.80,2.99,-14.42,1
n,2022-11-04 12:23:12.117232,-0.13,0.73,0.69,16.05,-26.31,13.06,-11.80,2.99,-14.42,1
n,2022-11-04 12:23:12.133384,-0.13,0.76,0.72,11.11,-31.37,17.70,-11.80,2.99,-14.42,1
n,2022-11-04 12:23:12.152510,-0.14,0.76,0.64,12.51,-34.73,20.51,-11.46,2.65,-12.99,1
n,2022-11-04 12:23:12.172895,-0.18,0.80,0.57,-8.42,-18.01,11.54,-11.46,2.65,-12.99,1
n,2022-11-04 12:23:12.190790,-0.27,0.94,0.64,-9.58,2.87,8.67,-11.46,2.65,-12.99,1
n,2022-11-04 12:23:12.214413,-0.36,0.89,0.74,9.52,28.26,11.54,-11.01,3.49,-13.56,1
n,2022-11-04 12:23:12.229787,-0.50,0.80,0.85,37.96,44.07,-4.46,-11.01,3.49,-13.56,1
n,2022-11-04 12:23:12.248288,-0.21,0.68,0.72,35.95,39.43,-20.39,-11.60,2.77,-14.73,1
n,2022-11-04 12:23:12.267159,-0.06,0.64,0.73,15.14,31.98,-31.68,-11.60,2.77,-14.73,1
n,2022-11-04 12:23:12.285308,-0.02,0.67,0.67,2.14,23.93,-34.55,-11.60,2.77,-14.73,1
n,2022-11-04 12:23:12.307946,0.01,0.70,0.62,-1.28,16.72,-31.19,-12.11,1.65,-16.03,1
