g,2022-10-30 18:37:08.955386,-0.21,-0.91,0.50,17.94,26.00,2.99,8.58,27.91,-6.36,1
g,2022-10-30 18:37:08.971686,-0.19,-0.88,0.52,9.70,36.01,4.03,8.58,27.91,-6.36,1
g,2022-10-30 18:37:08.990811,-0.18,-0.89,0.49,7.08,39.06,9.16,7.67,27.72,-6.49,1
g,2022-10-30 18:37:09.008962,-0.09,-0.89,0.45,2.75,28.75,13.67,7.67,27.72,-6.49,1
g,2022-10-30 18:37:09.026768,-0.10,-0.83,0.47,2.93,20.20,14.34,7.67,27.72,-6.49,1
g,2022-10-30 18:37:09.047278,-0.13,-0.83,0.46,6.90,12.27,16.66,7.73,26.89,-5.70,1
g,2022-10-30 18:37:09.063695,-0.14,-0.83,0.40,7.93,9.95,16.85,7.73,26.89,-5.70,1
g,2022-10-30 18:37:09.083707,-0.11,-0.85,0.37,-5.37,12.57,18.01,8.84,26.76,-3.65,1
g,2022-10-30 18:37:09.101621,-0.13,-0.85,0.45,-33.33,14.65,27.71,8.84,26.76,-3.65,1
g,2022-10-30 18:37:09.119431,-0.17,-0.89,0.48,-43.21,5.74,41.08,8.84,26.76,-3.65,1
g,2022-10-30 18:37:09.139161,-0.28,-0.90,0.51,37.41,-2.81,15.63,10.63,26.50,-3.71,1
g,2022-10-30 18:37:09.155958,-0.13,-0.70,0.46,-8.06,-4.70,26.86,10.63,26.50,-3.71,1
g,2022-10-30 18:37:09.173619,-0.11,-0.94,0.41,4.70,-7.87,45.41,10.63,26.50,-3.71,1
g,2022-10-30 18:37:09.193663,-0.12,-0.75,0.46,-46.81,-14.83,36.68,11.61,27.37,-4.25,1
g,2022-10-30 18:37:09.210818,-0.03,-0.74,0.47,-61.71,-41.99,23.74,11.61,27.37,-4.25,1
g,2022-10-30 18:37:09.230230,-0.06,-0.65,0.50,-43.95,-73.67,-1.65,11.61,27.37,-4.25,1
g,2022-10-30 18:37:09.249637,-0.15,-0.59,0.46,-31.74,-77.15,-17.46,13.20,28.04,-5.22,1
g,2022-10-30 18:37:09.266935,-0.17,-0.60,0.68,-34.30,-48.03,-30.52,13.20,28.04,-5.22,1
g,2022-10-30 18:37:09.286517,-0.18,-0.60,0.76,-9.46,-40.89,-43.70,14.89,30.24,-7.09,1
g,2022-10-30 18:37:09.306721,-0.25,-0.68,0.87,3.36,-26.49,-45.47,14.89,30.24,-7.09,1
g,2022-10-30 18:37:09.323358,-0.27,-0.74,0.92,21.30,-19.35,-41.69,14.89,30.24,-7.09,1
g,2022-10-30 18:37:09.342684,-0.33,-0.86,0.86,32.78,-13.98,-31.01,14.15,31.74,-8.79,1
g,2022-10-30 18:37:09.360460,-0.33,-0.97,0.74,22.22,5.49,-18.68,14.15,31.74,-8.79,1
g,2022-10-30 18:37:09.378378,-0.31,-0.99,0.66,12.39,20.26,-15.20,14.15,31.74,-8.79,1
g,2022-10-30 18:37:09.397406,-0.29,-0.96,0.63,5.62,31.13,-9.40,13.71,32.62,-7.45,1
g,2022-10-30 18:37:09.415878,-0.27,-0.90,0.61,1.53,38.76,-1.04,13.71,32.62,-7.45,1
g,2022-10-30 18:37:09.433246,-0.25,-0.86,0.62,5.25,39.55,13.18,13.71,32.62,-7.45,1
g,2022-10-30 18:37:09.451648,-0.23,-0.88,0.57,1.59,39.49,28.38,12.67,31.75,-8.40,1
g,2022-10-30 18:37:09.470342,-0.20,-0.86,0.53,-14.83,41.93,30.58,12.67,31.75,-8.40,1
g,2022-10-30 18:37:09.489541,-0.18,-0.83,0.52,-31.74,49.93,34.48,11.84,30.59,-5.96,1
g,2022-10-30 18:37:09.508523,-0.15,-0.78,0.52,-51.33,58.35,33.94,11.84,30.59,-5.96,1
g,2022-10-30 18:37:09.525113,-0.09,-0.69,0.57,-62.07,60.24,31.13,11.84,30.59,-5.96,1
g,2022-10-30 18:37:09.544523,-0.06,-0.63,0.59,-55.18,27.65,15.81,10.90,29.91,-7.29,1
g,2022-10-30 18:37:09.562471,-0.11,-0.52,0.54,-19.17,6.16,-2.93,10.90,29.91,-7.29,1
g,2022-10-30 18:37:09.580507,-0.13,-0.40,0.58,-14.22,8.73,-0.61,10.90,29.91,-7.29,1
g,2022-10-30 18:37:09.602395,-0.12,-0.48,0.62,-7.02,14.77,18.68,11.15,29.55,-7.06,1
g,2022-10-30 18:37:09.616811,-0.07,-0.49,0.50,-7.08,-20.02,-4.58,11.15,29.55,-7.06,1
g,2022-10-30 18:37:09.635057,-0.08,-0.57,0.53,31.19,-47.97,-40.28,11.15,29.55,-7.06,1
g,2022-10-30 18:37:09.654760,-0.14,-0.62,0.60,23.86,-38.45,-41.81,12.32,31.07,-8.06,1
g,2022-10-30 18:37:09.672355,-0.17,-0.59,0.52,34.42,-48.03,-46.45,12.32,31.07,-8.06,1
g,2022-10-30 18:37:09.691509,-0.20,-0.78,0.60,44.62,-49.07,-36.68,13.21,33.12,-8.97,1
g,2022-10-30 18:37:09.710727,-0.23,-0.90,0.62,45.41,-51.03,-32.23,13.21,33.12,-8.97,1
g,2022-10-30 18:37:09.727080,-0.29,-1.04,0.65,36.13,-47.18,-21.55,13.21,33.12,-8.97,1
g,2022-10-30 18:37:09.746204,-0.37,-1.07,0.76,-2.87,-34.91,-8.73,13.78,35.56,-11.28,1
g,2022-10-30 18:37:09.764725,-0.33,-1.02,0.79,-14.83,-33.02,3.48,13.78,35.56,-11.28,1
g,2022-10-30 18:37:09.782292,-0.33,-0.96,0.76,-16.85,-37.60,15.38,13.78,35.56,-11.28,1
g,2022-10-30 18:37:09.802328,-0.34,-0.90,0.70,-17.33,-35.28,23.68,14.71,36.83,-12.04,1
g,2022-10-30 18:37:09.819066,-0.34,-0.83,0.72,-18.07,-19.71,24.41,14.71,36.83,-12.04,1
g,2022-10-30 18:37:09.836799,-0.39,-0.76,0.78,-18.13,-4.52,23.99,14.71,36.83,-12.04,1
g,2022-10-30 18:37:09.856007,-0.46,-0.69,0.83,-9.03,14.04,24.84,16.55,35.50,-11.96,1
g,2022-10-30 18:37:09.873489,-0.37,-0.65,0.86,9.28,22.09,19.41,16.55,35.50,-11.96,1
g,2022-10-30 18:37:09.892801,-0.29,-0.64,0.82,20.32,26.61,11.60,15.69,33.46,-9.84,1
g,2022-10-30 18:37:09.911863,-0.30,-0.59,0.79,19.71,34.30,2.01,15.69,33.46,-9.84,1
g,2022-10-30 18:37:09.928789,-0.29,-0.57,0.72,29.48,35.64,1.83,15.69,33.46,-9.84,1
g,2022-10-30 18:37:09.948446,-0.26,-0.62,0.67,39.06,35.95,-0.61,13.98,31.56,-7.75,1
g,2022-10-30 18:37:09.965345,-0.24,-0.65,0.63,40.59,34.00,-0.67,13.98,31.56,-7.75,1
g,2022-10-30 18:37:09.983859,-0.19,-0.69,0.58,42.72,29.66,-0.73,13.98,31.56,-7.75,1
g,2022-10-30 18:37:10.004623,-0.15,-0.70,0.54,39.37,25.63,-3.72,10.64,30.76,-8.68,1
g,2022-10-30 18:37:10.021226,-0.12,-0.69,0.54,35.46,20.45,-7.14,10.64,30.76,-8.68,1
g,2022-10-30 18:37:10.039597,-0.09,-0.70,0.54,36.25,16.30,-9.22,10.64,30.76,-8.68,1
g,2022-10-30 18:37:10.058525,-0.13,-0.72,0.52,32.96,16.85,-10.62,7.50,29.91,-7.47,1
