X,2022-10-29 16:47:45.952120,0.36,-0.63,0.70,-22.09,22.03,-12.27,9.31,27.12,-161.99,1
X,2022-10-29 16:47:45.971179,0.32,-0.58,0.73,-43.70,18.01,-13.55,11.25,25.00,-164.97,1
X,2022-10-29 16:47:45.989805,0.33,-0.54,0.70,-35.95,10.80,-9.89,11.25,25.00,-164.97,1
X,2022-10-29 16:47:46.009424,0.33,-0.54,0.68,-24.41,-0.73,-4.46,11.25,25.00,-164.97,1
X,2022-10-29 16:47:46.029349,0.29,-0.52,0.70,-29.48,-13.92,-1.53,12.70,23.49,-166.27,1
X,2022-10-29 16:47:46.047293,0.18,-0.50,0.80,-36.44,-13.73,-2.44,12.70,23.49,-166.27,1
X,2022-10-29 16:47:46.067463,0.14,-0.46,0.84,-40.04,-10.13,-2.32,13.37,23.07,-169.37,1
X,2022-10-29 16:47:46.085979,0.14,-0.43,0.86,-26.06,-5.86,-2.14,13.37,23.07,-169.37,1
X,2022-10-29 16:47:46.105148,0.23,-0.39,0.86,-23.01,-4.94,-1.28,13.37,23.07,-169.37,1
X,2022-10-29 16:47:46.124313,0.23,-0.32,0.85,-22.83,-4.21,-4.33,14.36,22.31,-171.58,1
X,2022-10-29 16:47:46.142967,0.23,-0.29,0.85,-16.11,-5.37,-8.12,14.36,22.31,-171.58,1
X,2022-10-29 16:47:46.161514,0.29,-0.31,0.71,-10.25,-13.24,-6.41,14.36,22.31,-171.58,1
X,2022-10-29 16:47:46.181358,0.28,-0.27,0.65,-8.42,-27.65,-6.41,14.73,21.98,-173.68,1
X,2022-10-29 16:47:46.199438,0.17,-0.18,0.93,27.59,-5.13,10.56,14.73,21.98,-173.68,1
X,2022-10-29 16:47:46.218750,0.21,-0.41,0.85,60.85,-9.16,32.35,15.63,22.50,-173.65,1
X,2022-10-29 16:47:46.237331,-0.01,-0.01,0.71,58.96,-14.95,15.50,15.63,22.50,-173.65,1
X,2022-10-29 16:47:46.255389,0.15,-0.13,0.89,29.54,-23.62,-35.58,15.63,22.50,-173.65,1
X,2022-10-29 16:47:46.274542,0.13,-0.29,0.83,9.89,-22.22,-66.59,11.94,24.15,-173.50,1
X,2022-10-29 16:47:46.294580,0.17,-0.41,0.83,3.23,-19.10,-61.34,11.94,24.15,-173.50,1
X,2022-10-29 16:47:46.314016,0.14,-0.41,0.86,26.98,-23.44,-34.97,6.25,25.00,-173.73,1
X,2022-10-29 16:47:46.333192,0.11,-0.30,0.82,64.70,-29.17,-17.46,6.25,25.00,-173.73,1
X,2022-10-29 16:47:46.350435,0.08,-0.48,0.85,63.84,-33.08,-44.43,6.25,25.00,-173.73,1
X,2022-10-29 16:47:46.371202,0.13,-0.62,0.90,44.13,-29.79,-57.07,0.74,24.88,-174.23,1
X,2022-10-29 16:47:46.389538,0.17,-0.74,0.96,31.43,-22.89,-51.57,0.74,24.88,-174.23,1
X,2022-10-29 16:47:46.408498,0.13,-0.73,0.93,32.10,-12.39,-17.46,0.74,24.88,-174.23,1
X,2022-10-29 16:47:46.427382,0.10,-0.84,0.96,43.46,-9.09,-2.20,-3.83,24.58,-172.89,1
X,2022-10-29 16:47:46.446575,-0.10,-1.05,1.12,27.40,13.31,9.52,-3.83,24.58,-172.89,1
X,2022-10-29 16:47:46.466090,-0.12,-1.04,0.96,6.47,70.80,45.04,0.22,24.10,-170.91,1
X,2022-10-29 16:47:46.484673,0.18,-0.91,0.75,-14.59,76.97,46.51,0.22,24.10,-170.91,1
X,2022-10-29 16:47:46.503005,0.28,-0.76,0.71,-34.97,71.66,41.87,0.22,24.10,-170.91,1
X,2022-10-29 16:47:46.523201,0.33,-0.62,0.73,-54.57,64.21,30.33,8.14,22.45,-169.80,1
X,2022-10-29 16:47:46.543172,0.30,-0.44,0.75,-68.85,58.35,14.83,8.14,22.45,-169.80,1
X,2022-10-29 16:47:46.562388,0.33,-0.31,0.68,-61.52,50.90,8.18,13.77,19.91,-170.15,1
X,2022-10-29 16:47:46.580992,0.34,-0.33,0.61,-30.03,22.58,-1.46,13.77,19.91,-170.15,1
X,2022-10-29 16:47:46.600295,0.35,-0.36,0.59,-19.65,5.31,-3.60,13.77,19.91,-170.15,1
X,2022-10-29 16:47:46.618595,0.31,-0.39,0.55,-31.31,-6.29,-11.23,16.16,19.73,-171.57,1
X,2022-10-29 16:47:46.637859,0.25,-0.42,0.59,-60.06,-22.52,-21.30,16.16,19.73,-171.57,1
X,2022-10-29 16:47:46.656616,0.21,-0.28,0.56,-60.61,-35.40,-21.73,16.16,19.73,-171.57,1
X,2022-10-29 16:47:46.676386,-1.69,-1.28,3.28,-47.61,-45.72,-25.33,14.09,18.40,-176.81,1
X,2022-10-29 16:47:46.695211,0.25,-0.21,0.85,-15.63,37.41,-1.46,14.09,18.40,-176.81,1
X,2022-10-29 16:47:46.714475,0.02,-0.47,0.52,43.40,-26.86,-4.94,12.73,18.12,-178.33,1
X,2022-10-29 16:47:46.732884,0.02,-0.62,0.58,82.03,-60.00,12.76,12.73,18.12,-178.33,1
X,2022-10-29 16:47:46.751386,0.14,-0.65,0.69,78.49,-93.08,31.80,12.73,18.12,-178.33,1
X,2022-10-29 16:47:46.771119,0.20,-0.58,0.74,75.01,-114.07,55.24,4.70,23.41,-175.87,1
X,2022-10-29 16:47:46.789088,0.19,-0.51,0.77,75.07,-112.49,60.67,4.70,23.41,-175.87,1
X,2022-10-29 16:47:46.807254,0.12,-0.53,1.09,70.25,-106.99,61.46,4.70,23.41,-175.87,1
X,2022-10-29 16:47:46.827319,0.09,-0.21,0.98,2.38,-73.85,33.87,-2.00,26.33,-170.15,1
X,2022-10-29 16:47:46.846315,0.02,-0.38,1.18,47.18,-83.19,18.74,-2.00,26.33,-170.15,1
X,2022-10-29 16:47:46.866375,0.03,-0.42,1.20,34.85,-67.69,5.00,-7.89,28.78,-166.77,1
X,2022-10-29 16:47:46.885462,-0.01,-0.51,1.22,17.94,-25.39,-2.14,-7.89,28.78,-166.77,1
X,2022-10-29 16:47:46.904461,-0.22,-0.52,1.32,13.67,33.63,16.78,-7.89,28.78,-166.77,1
X,2022-10-29 16:47:46.924367,-0.01,-0.34,1.10,15.99,81.30,17.64,-7.01,28.56,-166.11,1
X,2022-10-29 16:47:46.943511,0.11,-0.40,0.93,21.61,89.29,-12.02,-7.01,28.56,-166.11,1
X,2022-10-29 16:47:46.963357,0.16,-0.49,0.80,10.44,79.28,-21.12,-2.15,27.06,-166.08,1
X,2022-10-29 16:47:46.982208,0.20,-0.48,0.82,9.46,65.25,-25.70,-2.15,27.06,-166.08,1
X,2022-10-29 16:47:47.001297,0.18,-0.49,0.85,-0.61,59.02,-33.39,-2.15,27.06,-166.08,1
X,2022-10-29 16:47:47.020488,0.18,-0.55,0.83,3.91,62.26,-34.30,1.01,25.50,-167.32,1
