Y,2022-10-30 19:19:00.427314,0.37,-0.23,0.72,-19.29,-9.28,12.02,36.72,28.33,-39.58,1
Y,2022-10-30 19:19:00.445328,0.39,-0.21,0.68,-6.59,-29.30,15.08,36.72,28.33,-39.58,1
Y,2022-10-30 19:19:00.464926,-0.40,-0.72,0.72,-56.58,12.82,-8.54,36.63,27.58,-40.33,1
Y,2022-10-30 19:19:00.483190,0.30,0.65,1.04,-32.04,18.43,-1.46,36.63,27.58,-40.33,1
Y,2022-10-30 19:19:00.500705,0.29,-0.06,0.75,80.81,18.62,37.66,36.63,27.58,-40.33,1
Y,2022-10-30 19:19:00.520688,-0.22,-1.47,1.08,105.22,11.66,26.25,37.29,27.42,-40.26,1
Y,2022-10-30 19:19:00.538009,0.28,0.23,0.81,-64.03,-38.51,-59.39,37.29,27.42,-40.26,1
Y,2022-10-30 19:19:00.555847,0.14,-0.49,1.09,-18.98,-55.54,-41.44,37.29,27.42,-40.26,1
Y,2022-10-30 19:19:00.575291,0.33,-0.08,0.97,1.71,-55.73,-41.38,35.38,28.50,-41.37,1
Y,2022-10-30 19:19:00.593025,0.31,-0.05,0.99,32.10,-47.42,-29.05,35.38,28.50,-41.37,1
Y,2022-10-30 19:19:00.613537,0.23,-0.88,0.99,76.97,-32.47,7.26,33.41,30.66,-40.93,1
Y,2022-10-30 19:19:00.630309,0.36,-0.83,0.66,5.31,-25.39,-29.05,33.41,30.66,-40.93,1
Y,2022-10-30 19:19:00.649789,0.16,-0.36,0.96,-35.03,25.33,-39.25,33.41,30.66,-40.93,1
Y,2022-10-30 19:19:00.668874,0.22,-0.39,0.98,-17.58,64.70,0.31,32.79,30.14,-42.43,1
Y,2022-10-30 19:19:00.686486,0.42,-0.31,1.05,-12.88,95.09,22.22,32.79,30.14,-42.43,1
Y,2022-10-30 19:19:00.705560,0.43,-0.26,1.08,0.18,91.67,24.29,32.79,30.14,-42.43,1
Y,2022-10-30 19:19:00.723319,0.47,-0.24,1.06,19.23,46.26,16.48,36.01,28.63,-39.11,1
Y,2022-10-30 19:19:00.741736,0.43,-0.37,0.82,17.27,17.70,0.06,36.01,28.63,-39.11,1
Y,2022-10-30 19:19:00.761125,0.41,-0.21,0.78,6.65,3.48,-16.54,37.70,29.81,-39.04,1
Y,2022-10-30 19:19:00.778876,0.29,-0.22,0.73,16.48,-7.93,-16.91,37.70,29.81,-39.04,1
Y,2022-10-30 19:19:00.797339,0.23,-0.30,0.68,25.70,-19.23,-3.60,37.70,29.81,-39.04,1
Y,2022-10-30 19:19:00.816948,0.21,-0.90,0.97,-12.70,2.75,4.27,37.76,29.96,-37.82,1
Y,2022-10-30 19:19:00.833852,0.25,-0.11,0.73,45.96,12.08,4.88,37.76,29.96,-37.82,1
Y,2022-10-30 19:19:00.852116,-0.57,-0.59,1.29,81.18,15.01,8.61,37.76,29.96,-37.82,1
Y,2022-10-30 19:19:00.870511,0.01,-0.53,0.92,5.98,-49.50,19.90,37.39,30.53,-37.51,1
Y,2022-10-30 19:19:00.889887,0.25,-0.37,0.85,-9.09,-68.05,27.59,37.39,30.53,-37.51,1
Y,2022-10-30 19:19:00.907292,0.41,-0.34,0.76,-28.81,-63.72,38.51,37.39,30.53,-37.51,1
Y,2022-10-30 19:19:00.926291,0.36,-0.55,0.69,-23.44,-37.23,29.91,35.27,29.83,-40.66,1
Y,2022-10-30 19:19:00.944040,0.31,-0.12,0.97,-26.67,-12.51,9.77,35.27,29.83,-40.66,1
Y,2022-10-30 19:19:00.963328,0.39,-0.25,0.84,-3.85,-2.87,13.31,34.59,29.25,-41.59,1
Y,2022-10-30 19:19:00.982332,0.32,-0.24,0.98,7.20,11.96,7.75,34.59,29.25,-41.59,1
Y,2022-10-30 19:19:00.999316,0.26,-0.24,1.07,5.19,10.19,11.35,34.59,29.25,-41.59,1
Y,2022-10-30 19:19:01.017735,0.25,-0.33,0.93,3.11,1.10,14.77,34.81,28.61,-41.63,1
Y,2022-10-30 19:19:01.036285,0.23,-0.30,0.87,4.94,-1.59,14.40,34.81,28.61,-41.63,1
Y,2022-10-30 19:19:01.053836,0.21,-0.31,0.74,12.70,0.73,14.95,34.81,28.61,-41.63,1
Y,2022-10-30 19:19:01.072510,0.20,-0.46,0.68,22.89,11.17,13.12,35.18,28.70,-41.10,1
Y,2022-10-30 19:19:01.094130,-0.12,-0.62,1.24,-60.06,-42.72,-43.52,35.18,28.70,-41.10,1
Y,2022-10-30 19:19:01.109105,0.11,-0.11,1.05,5.43,-61.46,-15.56,35.18,28.70,-41.10,1
Y,2022-10-30 19:19:01.127852,0.11,-0.28,1.05,18.13,-90.15,-2.87,33.45,29.24,-41.94,1
Y,2022-10-30 19:19:01.146114,0.05,-0.57,0.86,21.48,-117.74,-10.74,33.45,29.24,-41.94,1
Y,2022-10-30 19:19:01.165291,0.07,-0.34,0.43,-22.09,-150.94,-45.23,28.61,30.81,-43.95,1
Y,2022-10-30 19:19:01.184332,-0.58,-0.97,0.21,-66.16,-28.38,-68.36,28.61,30.81,-43.95,1
Y,2022-10-30 19:19:01.202505,-0.18,-0.30,0.58,-127.32,78.37,-101.93,28.61,30.81,-43.95,1
Y,2022-10-30 19:19:01.222314,0.05,-0.03,0.88,-109.68,143.43,-84.53,26.32,29.33,-45.35,1
Y,2022-10-30 19:19:01.240500,0.07,-0.19,1.01,-58.59,169.07,-42.30,26.32,29.33,-45.35,1
Y,2022-10-30 19:19:01.259494,0.18,-0.30,1.09,-17.94,122.56,0.31,26.32,29.33,-45.35,1
Y,2022-10-30 19:19:01.279315,0.31,-0.48,0.93,-17.21,73.55,13.55,26.38,28.48,-43.92,1
Y,2022-10-30 19:19:01.296328,0.31,-0.54,0.83,-30.88,37.11,3.30,26.38,28.48,-43.92,1
Y,2022-10-30 19:19:01.315386,0.32,-0.46,0.78,-48.58,13.37,-16.05,23.63,27.99,-44.52,1
Y,2022-10-30 19:19:01.334480,0.39,-0.31,0.75,-56.15,8.79,-10.86,23.63,27.99,-44.52,1
Y,2022-10-30 19:19:01.354543,0.28,-0.30,0.88,-37.29,6.47,5.86,23.63,27.99,-44.52,1
Y,2022-10-30 19:19:01.371708,0.27,-0.40,0.94,-36.87,0.92,16.17,21.08,26.83,-44.91,1
Y,2022-10-30 19:19:01.389599,0.33,-0.34,0.96,-50.54,-6.77,18.31,21.08,26.83,-44.91,1
Y,2022-10-30 19:19:01.408292,0.40,-0.25,0.94,-53.71,-11.84,20.39,21.08,26.83,-44.91,1
Y,2022-10-30 19:19:01.427411,0.41,-0.18,0.94,-42.48,-8.42,28.87,18.24,25.31,-45.32,1
Y,2022-10-30 19:19:01.444550,0.31,-0.19,0.99,-35.71,-1.89,32.90,18.24,25.31,-45.32,1
Y,2022-10-30 19:19:01.464321,0.28,-0.03,1.14,-26.73,8.00,40.71,18.24,25.31,-45.32,1
Y,2022-10-30 19:19:01.482092,0.33,-0.06,1.12,-9.16,10.99,53.96,15.33,24.49,-46.17,1
Y,2022-10-30 19:19:01.500070,0.44,-0.05,1.09,-8.91,14.89,57.31,15.33,24.49,-46.17,1
Y,2022-10-30 19:19:01.518322,0.48,0.02,1.09,-1.77,12.51,49.38,14.25,24.80,-45.26,1
Y,2022-10-30 19:19:01.537174,0.34,-0.02,1.06,2.69,7.45,53.53,14.25,24.80,-45.26,1
Y,2022-10-30 19:19:01.556334,0.35,0.02,0.99,-7.26,10.38,57.19,14.25,24.80,-45.26,1
Y,2022-10-30 19:19:01.573830,0.42,0.16,0.99,-12.63,18.01,57.86,12.23,25.10,-46.06,1
Y,2022-10-30 19:19:01.592201,0.44,0.23,1.03,0.18,16.36,60.30,12.23,25.10,-46.06,1
Y,2022-10-30 19:19:01.610339,0.41,0.18,1.02,16.36,2.14,53.89,12.23,25.10,-46.06,1
Y,2022-10-30 19:19:01.629001,0.32,0.22,0.99,29.60,2.81,45.96,11.10,25.84,-46.04,1
Y,2022-10-30 19:19:01.648006,0.27,0.17,0.93,23.44,7.87,48.40,11.10,25.84,-46.04,1
Y,2022-10-30 19:19:01.664825,0.38,0.13,0.95,14.04,15.08,44.13,11.10,25.84,-46.04,1
Y,2022-10-30 19:19:01.683828,0.41,0.27,0.92,2.56,8.91,34.73,10.67,26.82,-44.04,1
Y,2022-10-30 19:19:01.701630,0.42,0.34,0.92,13.61,-7.51,15.93,10.67,26.82,-44.04,1
Y,2022-10-30 19:19:01.720777,0.31,0.26,0.90,28.99,-17.21,13.37,8.64,27.44,-45.36,1
Y,2022-10-30 19:19:01.738522,0.20,0.12,0.87,31.25,-18.80,15.56,8.64,27.44,-45.36,1
Y,2022-10-30 19:19:01.758619,0.13,0.07,0.89,18.86,-8.36,19.10,8.64,27.44,-45.36,1
