o,2022-10-14 17:14:34.185756,0.39,-1.09,0.15,7.08,-21.85,14.89,-42.22,57.17,31.82,1
o,2022-10-14 17:14:34.204947,0.21,-1.04,0.12,-0.06,-14.04,-1.59,-43.03,57.81,30.94,1
o,2022-10-14 17:14:34.223788,0.39,-0.82,0.23,5.49,8.85,-7.75,-43.03,57.81,30.94,1
o,2022-10-14 17:14:34.241502,0.49,-0.84,0.20,10.07,15.26,-3.78,-43.03,57.81,30.94,1
o,2022-10-14 17:14:34.260790,0.54,-0.94,0.23,9.40,19.17,-7.57,-43.29,57.60,32.30,1
o,2022-10-14 17:14:34.278649,0.24,-1.00,0.32,18.86,7.20,-9.83,-43.29,57.60,32.30,1
o,2022-10-14 17:14:34.297809,0.36,-0.74,0.16,31.80,-6.96,-10.01,-43.12,57.82,32.10,1
o,2022-10-14 17:14:34.315679,0.35,-0.88,0.15,8.73,-0.98,7.81,-43.12,57.82,32.10,1
o,2022-10-14 17:14:34.333318,0.35,-0.92,0.14,4.03,0.24,13.00,-43.12,57.82,32.10,1
o,2022-10-14 17:14:34.352617,0.40,-1.03,0.04,-11.60,1.71,11.84,-43.57,57.78,31.93,1
o,2022-10-14 17:14:34.370600,0.46,-0.88,0.28,-27.71,0.55,7.51,-43.57,57.78,31.93,1
o,2022-10-14 17:14:34.388783,0.42,-0.78,0.42,-25.02,-48.22,13.92,-43.57,57.78,31.93,1
o,2022-10-14 17:14:34.407471,0.31,-0.96,0.08,-16.42,-66.16,12.33,-44.19,58.15,32.60,1
o,2022-10-14 17:14:34.425668,0.28,-0.95,0.08,-34.85,-55.18,1.95,-44.19,58.15,32.60,1
o,2022-10-14 17:14:34.443960,0.29,-0.94,0.26,-47.12,-45.78,-7.14,-44.19,58.15,32.60,1
o,2022-10-14 17:14:34.463836,0.26,-0.90,0.22,-53.96,-42.48,-16.42,-44.03,59.17,32.30,1
o,2022-10-14 17:14:34.482908,0.28,-0.92,0.65,-50.35,-25.39,-26.00,-44.03,59.17,32.30,1
o,2022-10-14 17:14:34.502730,0.21,-0.99,0.57,-29.24,-36.87,-33.75,-44.26,58.29,33.07,1
o,2022-10-14 17:14:34.520726,0.24,-1.02,0.39,-13.98,-44.80,-55.73,-44.26,58.29,33.07,1
o,2022-10-14 17:14:34.538985,0.23,-0.95,0.44,-10.13,-34.48,-68.60,-44.26,58.29,33.07,1
o,2022-10-14 17:14:34.558818,0.36,-0.81,0.32,-2.93,-19.17,-69.46,-43.64,56.46,34.62,1
o,2022-10-14 17:14:34.577184,0.24,-0.90,0.38,11.41,-7.75,-54.44,-43.64,56.46,34.62,1
o,2022-10-14 17:14:34.596657,0.21,-0.98,0.30,37.96,0.37,-48.03,-43.30,54.36,34.84,1
o,2022-10-14 17:14:34.614823,0.12,-1.07,0.19,37.05,33.08,-58.23,-43.30,54.36,34.84,1
o,2022-10-14 17:14:34.632499,0.23,-0.89,0.33,41.14,53.71,-52.61,-43.30,54.36,34.84,1
o,2022-10-14 17:14:34.651597,0.27,-0.88,0.45,53.65,56.76,-36.87,-43.63,52.91,34.40,1
o,2022-10-14 17:14:34.669799,0.20,-0.95,0.25,53.34,41.99,-24.60,-43.63,52.91,34.40,1
o,2022-10-14 17:14:34.687787,0.20,-0.93,0.16,44.80,42.24,-16.17,-43.63,52.91,34.40,1
o,2022-10-14 17:14:34.706424,0.23,-0.88,0.24,43.88,44.19,1.53,-43.52,51.55,34.42,1
o,2022-10-14 17:14:34.724656,0.21,-0.94,0.21,43.09,51.82,17.03,-43.52,51.55,34.42,1
o,2022-10-14 17:14:34.743308,0.25,-0.97,0.31,39.49,46.33,20.57,-43.52,51.55,34.42,1
o,2022-10-14 17:14:34.761582,0.25,-1.00,0.17,35.95,28.93,21.61,-43.87,52.29,34.09,1
o,2022-10-14 17:14:34.778897,0.24,-0.93,0.12,29.17,20.57,24.23,-43.87,52.29,34.09,1
o,2022-10-14 17:14:34.798583,0.29,-0.88,0.06,34.18,27.10,36.56,-43.58,52.44,33.39,1
o,2022-10-14 17:14:34.816732,0.31,-0.93,0.18,36.44,26.79,54.63,-43.58,52.44,33.39,1
o,2022-10-14 17:14:34.834655,0.22,-1.07,0.08,27.65,9.64,50.11,-43.58,52.44,33.39,1
o,2022-10-14 17:14:34.853666,0.20,-1.06,-0.01,12.70,0.06,33.94,-43.36,53.50,32.92,1
o,2022-10-14 17:14:34.871652,0.32,-0.98,-0.07,-1.22,7.87,12.70,-43.36,53.50,32.92,1
o,2022-10-14 17:14:34.889648,0.41,-0.82,0.11,-2.44,4.64,26.79,-43.36,53.50,32.92,1
o,2022-10-14 17:14:34.908837,0.36,-0.77,0.25,-4.70,-5.37,57.98,-44.35,54.43,31.88,1
o,2022-10-14 17:14:34.926769,0.16,-1.03,0.13,-7.39,-20.69,68.66,-44.35,54.43,31.88,1
o,2022-10-14 17:14:34.944649,0.22,-1.07,0.02,-12.94,-22.64,48.83,-44.35,54.43,31.88,1
o,2022-10-14 17:14:34.963651,0.22,-1.11,-0.01,-29.48,-11.05,29.17,-44.32,55.86,31.32,1
o,2022-10-14 17:14:34.981512,0.44,-0.76,0.34,-34.85,-3.48,17.58,-44.32,55.86,31.32,1
o,2022-10-14 17:14:35.000750,0.52,-0.82,0.49,-36.87,-31.37,32.04,-43.90,57.35,30.99,1
o,2022-10-14 17:14:35.018526,0.32,-0.79,0.37,-23.86,-90.52,44.68,-43.90,57.35,30.99,1
o,2022-10-14 17:14:35.037732,0.25,-1.08,0.09,-22.40,-118.90,18.86,-43.90,57.35,30.99,1
o,2022-10-14 17:14:35.056788,0.13,-1.15,-0.03,-34.85,-65.92,-0.73,-43.27,57.92,33.00,1
o,2022-10-14 17:14:35.074915,0.08,-1.01,0.22,-15.81,-30.58,-23.56,-43.27,57.92,33.00,1
o,2022-10-14 17:14:35.094056,-0.05,-0.78,0.46,-2.50,-8.67,-22.16,-43.27,57.92,33.00,1
o,2022-10-14 17:14:35.113788,-0.03,-0.62,0.65,32.29,-7.39,51.94,-42.94,56.79,34.66,1
o,2022-10-14 17:14:35.131140,0.31,-0.72,0.45,98.33,-12.02,90.39,-42.94,56.79,34.66,1
o,2022-10-14 17:14:35.150580,0.48,-0.89,0.28,114.69,-13.55,106.02,-38.43,56.95,37.90,1
o,2022-10-14 17:14:35.168596,0.48,-1.06,0.18,111.08,-14.04,103.15,-38.43,56.95,37.90,1
o,2022-10-14 17:14:35.185961,0.52,-1.11,0.04,110.66,-7.32,93.26,-38.43,56.95,37.90,1
o,2022-10-14 17:14:35.205255,0.59,-1.05,-0.05,92.77,11.90,73.97,-33.75,55.04,40.47,1
o,2022-10-14 17:14:35.223469,0.60,-0.96,-0.07,73.12,11.66,62.01,-33.75,55.04,40.47,1
o,2022-10-14 17:14:35.241865,0.56,-0.92,-0.36,16.97,22.95,38.70,-33.75,55.04,40.47,1
o,2022-10-14 17:14:35.260678,0.78,-0.82,0.13,-53.89,50.54,26.00,-32.06,54.93,42.75,1
o,2022-10-14 17:14:35.278910,0.84,-0.82,0.23,-54.75,51.27,6.47,-32.06,54.93,42.75,1
o,2022-10-14 17:14:35.299030,0.72,-0.75,0.15,-51.82,40.83,-25.15,-33.01,56.57,39.84,1
o,2022-10-14 17:14:35.317939,0.68,-0.75,0.07,-50.42,29.24,-45.29,-33.01,56.57,39.84,1
o,2022-10-14 17:14:35.335846,0.72,-0.81,0.05,-47.97,13.92,-63.17,-33.01,56.57,39.84,1
