k,2022-10-31 12:19:53.496903,0.272953,9.108008,-2.011232,0.277701,-0.300453,0.161631,-1.607744,-21.037723,-128.376449,1
k,2022-10-31 12:19:53.592822,1.489269,8.456751,-1.551522,0.073434,-0.187134,0.278546,-6.073699,-41.715827,-112.998916,1
k,2022-10-31 12:19:53.688726,0.038309,1.905882,1.647295,0.371446,0.190375,-1.221769,-12.504674,-51.785163,-111.616661,1
k,2022-10-31 12:19:53.784742,0.531540,9.548563,-1.120543,-0.528849,0.031382,-0.572747,-12.504674,-51.785163,-111.616661,1
k,2022-10-31 12:19:53.896265,1.326455,12.129644,-1.872361,0.039478,-0.167959,-0.072598,-8.038720,-39.378303,-143.235626,1
k,2022-10-31 12:19:53.992367,2.585870,10.712204,-1.532367,0.939640,-0.119222,-1.057050,-2.322297,-19.599246,-156.021438,1
k,2022-10-31 12:19:54.088408,0.459710,7.283533,-2.844457,0.158789,-1.009131,0.309705,-18.221096,-34.523445,-119.910163,1
k,2022-10-31 12:19:54.184380,-1.436594,9.098430,-2.087850,0.124700,-0.134269,0.193989,-18.221096,-34.523445,-119.910163,1
k,2022-10-31 12:19:54.280422,3.725568,11.507121,-1.336033,0.084619,0.037108,0.374421,-32.512153,-39.198493,-123.365783,1
k,2022-10-31 12:19:54.376422,-0.383092,9.242090,-1.316878,-0.343357,0.199030,-1.515920,-10.718293,-31.646490,-145.827346,1
k,2022-10-31 12:19:54.472420,2.241087,9.481522,-0.612947,-0.366394,-0.821775,-0.335456,-6.966890,-33.264774,-147.382369,1
k,2022-10-31 12:19:54.584078,-1.417440,10.175876,-1.201951,-0.055066,-0.428686,-0.914569,-24.116157,-17.801151,-147.036819,1
k,2022-10-31 12:19:54.680207,0.105350,10.051371,-0.919420,-0.061191,-0.041989,-0.342114,-30.189857,-7.731813,-142.544494,1
k,2022-10-31 12:19:54.776116,-0.483653,9.543775,0.387880,0.562797,-0.100047,-0.630139,-30.189857,-7.731813,-142.544494,1
k,2022-10-31 12:19:54.872185,-0.943364,8.437597,-1.977711,-0.088223,-0.111366,-0.489255,-23.222967,-7.552003,-124.748039,1
