K,2022-11-13 11:45:25.842793,0.25,-0.61,0.73,-40.04,9.46,7.14,14.43,52.45,-9.72,1
K,2022-11-13 11:45:25.861730,0.22,-0.56,0.75,-44.31,13.18,4.76,14.66,51.64,-10.64,1
K,2022-11-13 11:45:25.879757,0.24,-0.53,0.77,-32.90,13.31,3.48,14.66,51.64,-10.64,1
K,2022-11-13 11:45:25.897753,0.25,-0.58,0.72,-19.35,6.16,0.61,14.66,51.64,-10.64,1
K,2022-11-13 11:45:25.916969,0.25,-0.63,0.66,-21.61,-1.34,-12.94,15.06,50.15,-9.07,1
K,2022-11-13 11:45:25.934873,0.13,-0.58,0.69,-44.74,-13.73,-30.76,15.06,50.15,-9.07,1
K,2022-11-13 11:45:25.954066,-0.72,-0.30,0.96,-28.26,-21.24,-9.22,16.48,50.89,-8.30,1
K,2022-11-13 11:45:25.971779,0.15,-0.42,0.84,83.86,-16.97,13.79,16.48,50.89,-8.30,1
K,2022-11-13 11:45:25.989826,-0.22,-0.87,0.61,51.03,-19.84,30.09,16.48,50.89,-8.30,1
K,2022-11-13 11:45:26.008767,0.04,-1.06,0.26,42.36,-30.52,-57.74,15.86,51.05,-7.68,1
K,2022-11-13 11:45:26.026828,0.04,-0.43,0.70,-27.16,-44.98,-72.88,15.86,51.05,-7.68,1
K,2022-11-13 11:45:26.044849,0.06,-0.33,0.76,10.68,-68.73,-64.70,15.86,51.05,-7.68,1
K,2022-11-13 11:45:26.063805,0.08,-0.40,0.73,55.24,-81.54,-50.54,13.53,52.91,-9.53,1
K,2022-11-13 11:45:26.081769,0.04,-0.50,0.69,73.91,-73.97,-32.35,13.53,52.91,-9.53,1
K,2022-11-13 11:45:26.099859,0.07,-0.76,0.71,72.57,-33.26,-1.77,13.53,52.91,-9.53,1
K,2022-11-13 11:45:26.118718,0.05,-0.87,0.80,10.62,-4.76,15.26,12.50,53.76,-8.34,1
K,2022-11-13 11:45:26.136849,-0.03,-0.95,0.87,-13.06,13.85,25.21,12.50,53.76,-8.34,1
K,2022-11-13 11:45:26.155879,-0.06,-1.02,0.57,-16.72,34.06,26.61,12.39,54.91,-9.23,1
K,2022-11-13 11:45:26.173835,-0.15,-0.76,0.98,-64.76,93.14,34.91,12.39,54.91,-9.23,1
K,2022-11-13 11:45:26.191757,0.17,-0.49,1.06,-26.25,106.08,52.86,12.39,54.91,-9.23,1
K,2022-11-13 11:45:26.210563,0.32,-0.60,0.90,42.97,81.42,65.49,12.45,54.64,-9.39,1
K,2022-11-13 11:45:26.228590,0.36,-0.95,0.76,29.36,67.75,60.42,12.45,54.64,-9.39,1
K,2022-11-13 11:45:26.246690,0.40,-0.91,0.71,2.50,60.79,36.13,12.45,54.64,-9.39,1
K,2022-11-13 11:45:26.265763,0.40,-0.81,0.64,-8.97,45.35,6.23,12.44,53.30,-8.75,1
K,2022-11-13 11:45:26.283805,0.31,-0.73,0.59,-33.69,24.29,-30.88,12.44,53.30,-8.75,1
K,2022-11-13 11:45:26.301828,0.22,-0.64,0.56,-55.42,5.74,-46.45,12.44,53.30,-8.75,1
K,2022-11-13 11:45:26.320850,0.19,-0.45,0.62,-57.19,-2.20,-54.81,9.12,53.36,-7.71,1
K,2022-11-13 11:45:26.338968,0.14,-0.46,0.62,-46.02,-20.69,-58.47,9.12,53.36,-7.71,1
K,2022-11-13 11:45:26.357975,-0.64,-0.15,0.76,-18.80,-39.06,-30.03,7.67,52.80,-9.86,1
K,2022-11-13 11:45:26.375787,0.09,-0.80,0.56,113.22,-58.96,-5.31,7.67,52.80,-9.86,1
K,2022-11-13 11:45:26.393839,0.07,-0.97,0.29,52.31,-57.25,-6.96,7.67,52.80,-9.86,1
K,2022-11-13 11:45:26.412811,0.15,-0.76,0.42,12.21,-63.54,-1.77,7.58,53.49,-6.92,1
K,2022-11-13 11:45:26.430789,0.14,-0.77,0.50,-7.32,-62.01,17.03,7.58,53.49,-6.92,1
K,2022-11-13 11:45:26.448830,0.10,-0.68,0.56,-24.66,-55.73,32.23,7.58,53.49,-6.92,1
K,2022-11-13 11:45:26.467810,0.06,-0.77,0.70,-21.12,-34.48,31.01,11.13,52.95,-7.95,1
K,2022-11-13 11:45:26.485751,0.02,-0.67,0.85,-32.96,3.11,6.16,11.13,52.95,-7.95,1
K,2022-11-13 11:45:26.503829,0.07,-0.52,0.96,-41.38,18.37,-6.71,11.13,52.95,-7.95,1
K,2022-11-13 11:45:26.522777,0.12,-0.28,1.19,-40.59,30.27,-6.71,13.40,53.72,-10.17,1
K,2022-11-13 11:45:26.540794,0.04,-0.58,1.03,9.89,1.53,-0.98,13.40,53.72,-10.17,1
K,2022-11-13 11:45:26.560032,-0.01,-0.69,0.82,25.88,-15.87,-23.68,11.34,53.61,-9.62,1
K,2022-11-13 11:45:26.578030,-0.01,-0.54,0.84,31.37,-13.79,-68.30,11.34,53.61,-9.62,1
K,2022-11-13 11:45:26.595872,0.04,-0.30,0.83,45.47,-17.21,-71.47,11.34,53.61,-9.62,1
K,2022-11-13 11:45:26.614789,0.03,-0.32,0.77,71.29,-18.19,-56.76,8.01,54.46,-9.30,1
K,2022-11-13 11:45:26.632874,0.03,-0.47,0.74,97.60,-14.65,-30.21,8.01,54.46,-9.30,1
K,2022-11-13 11:45:26.650790,0.01,-0.75,0.59,109.13,-13.49,-3.60,8.01,54.46,-9.30,1
K,2022-11-13 11:45:26.669587,0.00,-1.08,0.35,64.45,-5.37,17.15,5.58,55.83,-5.19,1
K,2022-11-13 11:45:26.687926,-0.01,-1.24,0.29,-24.66,12.27,8.97,5.58,55.83,-5.19,1
K,2022-11-13 11:45:26.705709,-0.08,-1.01,0.49,-105.41,26.79,2.01,5.58,55.83,-5.19,1
K,2022-11-13 11:45:26.724784,-0.32,-0.60,0.79,-117.13,33.75,6.16,5.55,57.25,-9.05,1
K,2022-11-13 11:45:26.742876,-0.20,-0.28,1.03,-59.63,31.62,35.10,5.55,57.25,-9.05,1
K,2022-11-13 11:45:26.761601,0.08,-0.25,0.98,56.64,10.62,79.59,5.47,57.53,-11.51,1
K,2022-11-13 11:45:26.779594,0.14,-0.70,0.69,89.29,11.11,87.22,5.47,57.53,-11.51,1
K,2022-11-13 11:45:26.797620,0.14,-0.92,0.61,77.39,24.66,73.61,5.47,57.53,-11.51,1
K,2022-11-13 11:45:26.816519,0.27,-0.98,0.67,48.77,38.02,42.54,6.16,57.96,-11.11,1
K,2022-11-13 11:45:26.834682,0.28,-0.81,0.71,20.57,40.59,12.02,6.16,57.96,-11.11,1
K,2022-11-13 11:45:26.852774,0.26,-0.76,0.73,12.88,27.83,-6.71,6.16,57.96,-11.11,1
K,2022-11-13 11:45:26.871825,0.29,-0.78,0.66,17.82,15.56,-9.34,3.85,58.90,-11.11,1
K,2022-11-13 11:45:26.889857,0.20,-0.83,0.63,15.81,5.98,-9.58,3.85,58.90,-11.11,1
K,2022-11-13 11:45:26.907747,0.14,-0.88,0.59,12.45,4.94,-7.69,3.85,58.90,-11.11,1
K,2022-11-13 11:45:26.926739,0.14,-0.90,0.56,2.99,10.80,-5.13,1.67,59.51,-10.30,1
K,2022-11-13 11:45:26.944905,0.15,-0.90,0.57,-9.40,16.91,-0.24,1.67,59.51,-10.30,1
