W,2022-11-01 18:57:21.164984,0.08,0.28,1.14,-11.11,2.50,-0.18,-3.15,-9.53,-90.75,1
W,2022-11-01 18:57:21.183073,0.12,0.28,1.07,-8.48,6.29,-0.24,-3.15,-9.53,-90.75,1
W,2022-11-01 18:57:21.201103,0.13,0.27,1.01,-7.02,10.01,0.49,-3.15,-9.53,-90.75,1
W,2022-11-01 18:57:21.219947,0.12,0.25,0.97,-4.82,12.02,1.83,-3.33,-9.66,-90.50,1
W,2022-11-01 18:57:21.238078,0.12,0.25,0.95,-5.55,14.40,4.82,-3.33,-9.66,-90.50,1
W,2022-11-01 18:57:21.256895,0.11,0.25,0.93,-8.54,14.89,3.91,-3.69,-9.16,-90.19,1
W,2022-11-01 18:57:21.274933,0.13,0.25,0.90,-8.00,15.20,4.52,-3.69,-9.16,-90.19,1
W,2022-11-01 18:57:21.292990,0.12,0.23,0.89,-9.28,14.95,5.19,-3.69,-9.16,-90.19,1
W,2022-11-01 18:57:21.311944,0.13,0.21,0.84,-9.16,14.04,7.63,-4.53,-10.53,-92.15,1
W,2022-11-01 18:57:21.330089,0.11,0.23,0.78,-14.04,8.24,10.50,-4.53,-10.53,-92.15,1
W,2022-11-01 18:57:21.348004,0.10,0.28,0.78,-19.71,3.66,8.91,-4.53,-10.53,-92.15,1
W,2022-11-01 18:57:21.366972,0.10,0.30,0.73,-18.49,-1.10,7.69,-4.04,-11.90,-90.20,1
W,2022-11-01 18:57:21.385093,0.11,0.32,0.65,-13.00,-8.67,7.32,-4.04,-11.90,-90.20,1
W,2022-11-01 18:57:21.404062,0.08,0.32,0.63,-18.80,-26.12,0.31,-3.44,-13.82,-87.04,1
W,2022-11-01 18:57:21.422309,-0.07,0.42,1.15,-5.13,13.31,-20.26,-3.44,-13.82,-87.04,1
W,2022-11-01 18:57:21.440065,-0.07,0.40,0.51,23.32,28.08,-12.27,-3.44,-13.82,-87.04,1
W,2022-11-01 18:57:21.459074,0.04,0.22,0.73,42.24,-13.37,-21.73,-2.53,-13.22,-87.24,1
W,2022-11-01 18:57:21.477087,0.01,0.26,0.62,17.76,-40.04,-17.46,-2.53,-13.22,-87.24,1
W,2022-11-01 18:57:21.495081,0.02,0.33,0.76,10.80,-52.67,-13.12,-2.53,-13.22,-87.24,1
W,2022-11-01 18:57:21.513941,0.04,0.33,0.85,18.19,-58.72,-8.24,1.49,-13.11,-85.28,1
W,2022-11-01 18:57:21.531892,0.06,0.33,0.95,21.30,-55.48,-5.62,1.49,-13.11,-85.28,1
W,2022-11-01 18:57:21.550022,0.06,0.31,1.07,19.59,-49.19,-4.33,1.49,-13.11,-85.28,1
W,2022-11-01 18:57:21.568852,0.07,0.35,1.22,18.86,-30.03,0.31,5.90,-12.04,-87.21,1
W,2022-11-01 18:57:21.586886,0.08,0.38,1.34,23.99,-16.85,2.75,5.90,-12.04,-87.21,1
W,2022-11-01 18:57:21.605869,0.10,0.28,1.38,33.14,-6.10,8.79,7.24,-10.77,-89.03,1
W,2022-11-01 18:57:21.623886,0.07,0.22,1.16,54.20,-6.16,25.39,7.24,-10.77,-89.03,1
W,2022-11-01 18:57:21.641880,0.03,0.29,1.21,54.20,-35.03,16.36,7.24,-10.77,-89.03,1
W,2022-11-01 18:57:21.660949,0.00,0.41,1.23,-27.77,19.65,-26.98,7.32,-8.91,-87.89,1
W,2022-11-01 18:57:21.679088,0.02,0.31,1.02,-24.17,37.17,-27.95,7.32,-8.91,-87.89,1
W,2022-11-01 18:57:21.697104,0.02,0.28,0.93,-14.22,34.12,-25.27,7.32,-8.91,-87.89,1
W,2022-11-01 18:57:21.715965,0.01,0.24,0.87,-15.01,32.65,-26.79,5.19,-6.15,-84.75,1
W,2022-11-01 18:57:21.734118,-0.00,0.13,0.75,-6.53,22.03,-22.22,5.19,-6.15,-84.75,1
W,2022-11-01 18:57:21.752878,-0.00,0.05,0.70,4.52,11.41,-13.18,2.05,-2.76,-84.30,1
W,2022-11-01 18:57:21.771005,-0.02,0.01,0.65,8.73,2.44,-4.88,2.05,-2.76,-84.30,1
W,2022-11-01 18:57:21.789099,-0.01,-0.01,0.71,16.24,-6.59,5.31,2.05,-2.76,-84.30,1
W,2022-11-01 18:57:21.807904,0.00,0.14,0.81,-26.92,15.87,-5.13,1.25,-1.86,-86.05,1
W,2022-11-01 18:57:21.826079,-0.01,0.27,0.65,-42.30,0.98,-26.49,1.25,-1.86,-86.05,1
W,2022-11-01 18:57:21.844181,-0.02,0.31,0.67,-27.34,-26.98,-21.48,1.25,-1.86,-86.05,1
W,2022-11-01 18:57:21.863168,-0.02,0.36,0.74,-14.34,-33.69,-15.20,3.17,-2.48,-85.90,1
W,2022-11-01 18:57:21.881089,-0.01,0.37,0.81,-5.13,-37.41,-14.22,3.17,-2.48,-85.90,1
W,2022-11-01 18:57:21.898938,0.02,0.33,0.93,0.00,-37.17,-13.00,3.17,-2.48,-85.90,1
W,2022-11-01 18:57:21.917899,0.03,0.32,1.10,3.60,-32.71,-12.21,6.16,-1.89,-88.24,1
W,2022-11-01 18:57:21.935960,0.05,0.31,1.24,10.80,-23.44,-9.77,6.16,-1.89,-88.24,1
W,2022-11-01 18:57:21.954939,0.05,0.29,1.34,15.81,-14.34,-5.43,7.19,-0.05,-91.27,1
W,2022-11-01 18:57:21.973008,0.06,0.17,1.32,25.76,-5.25,4.15,7.19,-0.05,-91.27,1
W,2022-11-01 18:57:21.990904,0.05,0.24,1.35,30.58,-11.47,8.12,7.19,-0.05,-91.27,1
W,2022-11-01 18:57:22.009885,0.04,0.30,1.41,-5.25,10.25,-15.63,6.30,2.10,-90.48,1
W,2022-11-01 18:57:22.027959,0.04,0.30,1.23,-9.89,36.32,-16.24,6.30,2.10,-90.48,1
W,2022-11-01 18:57:22.046092,0.05,0.27,1.10,1.16,48.52,-12.33,6.30,2.10,-90.48,1
W,2022-11-01 18:57:22.064907,0.04,0.25,0.98,-9.64,56.52,-15.87,1.90,4.83,-84.86,1
W,2022-11-01 18:57:22.082917,0.03,0.19,0.85,-9.83,51.45,-14.71,1.90,4.83,-84.86,1
W,2022-11-01 18:57:22.101952,0.03,0.14,0.74,-6.41,40.47,-9.89,-5.55,6.59,-84.89,1
W,2022-11-01 18:57:22.120009,0.02,0.12,0.72,-0.55,21.06,-3.97,-5.55,6.59,-84.89,1
W,2022-11-01 18:57:22.138092,-0.00,0.16,0.64,-0.49,15.08,-2.01,-5.55,6.59,-84.89,1
W,2022-11-01 18:57:22.156891,-0.00,0.17,0.61,1.40,5.74,-1.53,-9.90,7.06,-87.65,1
W,2022-11-01 18:57:22.174887,0.00,0.20,0.65,1.22,-2.20,-0.85,-9.90,7.06,-87.65,1
W,2022-11-01 18:57:22.192889,0.04,0.23,0.83,-1.46,-3.05,1.10,-9.90,7.06,-87.65,1
W,2022-11-01 18:57:22.211923,0.05,0.26,0.90,-10.13,16.60,2.08,-11.04,7.31,-86.82,1
W,2022-11-01 18:57:22.230017,-0.01,0.26,0.69,-13.79,9.58,4.03,-11.04,7.31,-86.82,1
W,2022-11-01 18:57:22.247986,-0.17,0.30,1.15,-7.08,-18.92,7.14,-11.04,7.31,-86.82,1
W,2022-11-01 18:57:22.266869,-0.08,0.45,1.09,7.02,6.65,4.76,-9.30,7.41,-86.40,1
W,2022-11-01 18:57:22.284872,0.02,0.43,1.05,28.75,14.10,-6.29,-9.30,7.41,-86.40,1
W,2022-11-01 18:57:22.303870,0.10,0.33,0.97,39.37,18.55,-7.87,-10.30,6.27,-89.20,1
W,2022-11-01 18:57:22.321803,0.14,0.25,0.90,39.92,17.52,-10.50,-10.30,6.27,-89.20,1
W,2022-11-01 18:57:22.339852,0.17,0.17,0.83,28.69,12.51,-14.95,-10.30,6.27,-89.20,1
W,2022-11-01 18:57:22.358892,0.18,0.17,0.83,14.22,4.33,-14.10,-11.50,6.42,-91.37,1
W,2022-11-01 18:57:22.376990,0.20,0.20,0.81,4.76,-1.40,-13.73,-11.50,6.42,-91.37,1
W,2022-11-01 18:57:22.394802,0.20,0.21,0.81,3.17,-4.82,-12.33,-11.50,6.42,-91.37,1
