F,2022-10-21 13:34:38.324646,-0.14,-0.33,0.93,-8.12,15.69,2.32,10.46,-7.65,-58.24,1
F,2022-10-21 13:34:38.344306,-0.11,-0.35,0.91,-4.76,13.67,5.37,10.46,-7.65,-58.24,1
F,2022-10-21 13:34:38.362049,-0.10,-0.32,0.92,-11.41,11.72,3.91,10.46,-7.65,-58.24,1
F,2022-10-21 13:34:38.381775,-0.13,-0.31,0.92,-8.48,7.75,4.46,11.90,-8.23,-57.26,1
F,2022-10-21 13:34:38.399367,-0.18,-0.32,0.89,-4.03,5.25,8.30,11.90,-8.23,-57.26,1
F,2022-10-21 13:34:38.418950,-0.15,-0.34,0.85,-8.30,11.29,10.13,13.57,-8.90,-56.90,1
F,2022-10-21 13:34:38.437027,-0.10,-0.28,0.89,-13.18,11.90,8.24,13.57,-8.90,-56.90,1
F,2022-10-21 13:34:38.458022,-0.08,-0.28,0.88,-10.44,7.51,9.89,13.57,-8.90,-56.90,1
F,2022-10-21 13:34:38.479024,-0.08,-0.29,0.86,-11.17,1.22,11.72,14.36,-9.53,-57.79,1
F,2022-10-21 13:34:38.496271,-0.11,-0.28,0.85,-18.98,-7.51,14.53,14.36,-9.53,-57.79,1
F,2022-10-21 13:34:38.514356,-0.26,-0.25,0.83,-25.94,-10.01,13.18,14.36,-9.53,-57.79,1
F,2022-10-21 13:34:38.534438,-0.14,-0.20,1.20,14.71,22.40,0.61,14.66,-10.94,-56.93,1
F,2022-10-21 13:34:38.553432,-0.10,-0.36,0.88,10.38,-0.06,2.01,14.66,-10.94,-56.93,1
F,2022-10-21 13:34:38.575566,-0.11,-0.19,0.84,3.42,-9.77,-4.70,14.81,-11.04,-57.92,1
F,2022-10-21 13:34:38.595105,-0.13,-0.23,0.83,3.42,-21.67,-0.67,14.81,-11.04,-57.92,1
F,2022-10-21 13:34:38.613804,-0.12,-0.25,0.78,3.17,-35.95,-0.37,14.81,-11.04,-57.92,1
F,2022-10-21 13:34:38.632914,-0.14,-0.25,0.79,4.88,-44.80,-2.26,14.09,-10.10,-58.22,1
F,2022-10-21 13:34:38.651731,-0.12,-0.26,0.79,14.16,-54.50,-2.62,14.09,-10.10,-58.22,1
F,2022-10-21 13:34:38.673474,-0.14,-0.29,0.84,17.27,-72.63,-9.89,13.28,-9.64,-57.65,1
F,2022-10-21 13:34:38.691386,-0.23,-0.20,0.94,2.87,-66.04,-15.38,13.28,-9.64,-57.65,1
F,2022-10-21 13:34:38.711105,-0.31,-0.18,1.10,-17.15,-44.80,-8.67,13.28,-9.64,-57.65,1
F,2022-10-21 13:34:38.729615,-0.31,-0.27,1.16,-16.48,-19.47,4.27,12.93,-10.16,-57.97,1
F,2022-10-21 13:34:38.749685,-0.34,-0.30,1.19,-13.24,-5.74,9.03,12.93,-10.16,-57.97,1
F,2022-10-21 13:34:38.768487,-0.35,-0.35,1.21,-8.97,4.52,11.47,12.93,-10.16,-57.97,1
F,2022-10-21 13:34:38.788417,-0.41,-0.34,1.16,8.24,17.33,8.12,12.68,-9.48,-57.63,1
F,2022-10-21 13:34:38.808393,-0.36,-0.31,1.17,14.10,34.73,11.60,12.68,-9.48,-57.63,1
F,2022-10-21 13:34:38.830095,-0.27,-0.32,1.09,20.75,46.39,12.08,12.61,-8.61,-58.69,1
F,2022-10-21 13:34:38.848911,-0.18,-0.28,1.00,18.43,58.11,3.85,12.61,-8.61,-58.69,1
F,2022-10-21 13:34:38.865950,-0.10,-0.26,0.93,15.81,59.88,4.33,12.61,-8.61,-58.69,1
F,2022-10-21 13:34:38.884739,-0.07,-0.31,0.88,7.87,53.16,6.16,13.59,-7.51,-57.86,1
F,2022-10-21 13:34:38.904983,-0.07,-0.28,0.83,0.55,38.64,10.07,13.59,-7.51,-57.86,1
F,2022-10-21 13:34:38.926438,-0.02,-0.27,0.81,-5.62,32.23,9.46,13.77,-7.85,-56.98,1
F,2022-10-21 13:34:38.946403,-0.01,-0.22,0.83,-16.54,28.50,5.37,13.77,-7.85,-56.98,1
F,2022-10-21 13:34:38.961840,-0.05,-0.22,0.86,-13.79,19.29,5.98,13.77,-7.85,-56.98,1
F,2022-10-21 13:34:38.981920,-0.07,-0.26,0.85,-4.52,7.81,9.58,14.06,-8.75,-57.24,1
F,2022-10-21 13:34:39.000426,-0.05,-0.26,0.83,2.87,-2.87,12.33,14.06,-8.75,-57.24,1
F,2022-10-21 13:34:39.020340,-0.08,-0.25,0.86,-9.64,-7.45,13.00,14.06,-8.75,-57.24,1
F,2022-10-21 13:34:39.042407,-0.12,-0.21,0.93,-15.32,-3.23,10.62,14.48,-9.97,-56.34,1
F,2022-10-21 13:34:39.061142,-0.40,-0.21,1.07,3.36,-5.13,0.98,14.48,-9.97,-56.34,1
F,2022-10-21 13:34:39.080585,-0.11,-0.14,0.98,41.26,-9.46,2.20,15.00,-10.24,-57.25,1
F,2022-10-21 13:34:39.098167,-0.08,-0.31,0.91,31.74,-6.16,-2.69,15.00,-10.24,-57.25,1
F,2022-10-21 13:34:39.117373,-0.07,-0.16,0.96,10.74,-1.10,-9.83,15.00,-10.24,-57.25,1
F,2022-10-21 13:34:39.137748,-0.05,-0.16,0.90,0.37,3.48,-10.99,15.87,-9.81,-57.87,1
F,2022-10-21 13:34:39.157068,-0.04,-0.10,0.94,-23.38,19.04,-19.59,15.87,-9.81,-57.87,1
F,2022-10-21 13:34:39.177978,-0.05,-0.14,0.96,-21.48,20.45,-23.13,19.48,-9.42,-56.09,1
F,2022-10-21 13:34:39.196354,-0.06,-0.20,0.92,-16.48,16.97,-26.25,19.48,-9.42,-56.09,1
F,2022-10-21 13:34:39.213409,-0.13,-0.24,0.93,-5.62,8.67,-28.20,19.48,-9.42,-56.09,1
F,2022-10-21 13:34:39.233339,-0.25,-0.32,0.95,4.88,3.97,-19.35,22.49,-8.19,-55.66,1
F,2022-10-21 13:34:39.251163,-0.27,-0.44,0.94,13.98,2.14,-5.92,22.49,-8.19,-55.66,1
F,2022-10-21 13:34:39.269660,-0.26,-0.47,0.93,18.25,0.37,2.75,22.49,-8.19,-55.66,1
F,2022-10-21 13:34:39.291374,-0.15,-0.48,0.87,7.69,1.71,4.46,24.15,-6.47,-54.81,1
F,2022-10-21 13:34:39.311905,-0.26,-0.27,0.97,-15.26,3.66,-1.22,24.15,-6.47,-54.81,1
F,2022-10-21 13:34:39.329940,-0.25,-0.31,0.91,-2.69,-7.51,17.76,23.11,-7.10,-55.73,1
F,2022-10-21 13:34:39.349106,-0.23,-0.35,0.88,23.74,-19.90,11.96,23.11,-7.10,-55.73,1
F,2022-10-21 13:34:39.367736,-0.18,-0.30,0.92,33.75,-26.73,8.67,23.11,-7.10,-55.73,1
F,2022-10-21 13:34:39.387445,-0.10,-0.30,0.88,47.67,-33.87,9.34,20.25,-6.68,-57.34,1
F,2022-10-21 13:34:39.407712,-0.06,-0.31,0.82,26.37,-36.74,15.20,20.25,-6.68,-57.34,1
F,2022-10-21 13:34:39.428830,-0.06,-0.29,0.85,7.81,-33.51,15.50,20.25,-6.68,-57.34,1
F,2022-10-21 13:34:39.445915,-0.11,-0.26,0.90,-6.41,-28.56,14.89,16.58,-6.79,-56.99,1
F,2022-10-21 13:34:39.463674,-0.13,-0.26,0.98,-12.82,-19.71,10.38,16.58,-6.79,-56.99,1
F,2022-10-21 13:34:39.483359,-0.15,-0.22,1.00,-9.70,-15.32,8.24,14.03,-8.15,-58.17,1
F,2022-10-21 13:34:39.502794,-0.13,-0.22,1.01,-4.15,-10.93,7.14,14.03,-8.15,-58.17,1
F,2022-10-21 13:34:39.524693,-0.09,-0.25,0.99,-11.05,-5.07,4.70,14.03,-8.15,-58.17,1
F,2022-10-21 13:34:39.543847,-0.13,-0.21,1.01,-19.17,2.81,2.44,12.99,-8.89,-56.65,1
F,2022-10-21 13:34:39.563847,-0.35,-0.20,1.08,-19.84,8.48,1.53,12.99,-8.89,-56.65,1
F,2022-10-21 13:34:39.580965,-0.14,-0.28,1.08,20.20,4.94,-2.75,13.83,-9.00,-57.31,1
F,2022-10-21 13:34:39.599403,-0.17,-0.21,0.95,3.30,15.38,-17.03,13.83,-9.00,-57.31,1
F,2022-10-21 13:34:39.619224,-0.15,-0.21,0.96,-1.89,19.35,-17.82,13.83,-9.00,-57.31,1
F,2022-10-21 13:34:39.640552,-0.14,-0.22,0.92,-4.52,20.63,-20.51,16.89,-9.14,-59.01,1
F,2022-10-21 13:34:39.660423,-0.20,-0.26,0.94,-9.58,18.31,-21.48,16.89,-9.14,-59.01,1
F,2022-10-21 13:34:39.679473,-0.24,-0.28,0.95,1.65,11.60,-18.19,16.89,-9.14,-59.01,1
F,2022-10-21 13:34:39.697770,-0.26,-0.37,0.92,12.33,4.09,-10.99,19.35,-8.59,-56.87,1
F,2022-10-21 13:34:39.716144,-0.28,-0.39,0.90,18.98,-3.11,-1.59,19.35,-8.59,-56.87,1
F,2022-10-21 13:34:39.735200,-0.22,-0.40,0.88,18.19,-4.76,3.36,20.41,-7.51,-58.95,1
F,2022-10-21 13:34:39.754732,-0.19,-0.36,0.86,7.02,-2.44,0.61,20.41,-7.51,-58.95,1
F,2022-10-21 13:34:39.774661,-0.18,-0.26,0.88,-4.76,2.93,-0.55,20.41,-7.51,-58.95,1
F,2022-10-21 13:34:39.795718,-0.19,-0.23,0.94,-1.65,4.03,1.59,20.75,-8.11,-58.20,1
F,2022-10-21 13:34:39.812826,-0.18,-0.24,0.93,2.69,3.85,4.64,20.75,-8.11,-58.20,1
F,2022-10-21 13:34:39.832442,-0.18,-0.26,0.94,2.87,3.36,8.73,19.86,-7.36,-57.36,1
F,2022-10-21 13:34:39.851056,-0.18,-0.31,0.95,-5.19,2.69,8.18,19.86,-7.36,-57.36,1
F,2022-10-21 13:34:39.870240,-0.18,-0.30,0.94,-7.26,1.83,6.59,19.86,-7.36,-57.36,1
F,2022-10-21 13:34:39.891667,-0.19,-0.29,0.95,-9.03,1.22,5.55,20.59,-8.01,-58.75,1
F,2022-10-21 13:34:39.910736,-0.29,-0.26,0.93,-5.25,1.40,4.70,20.59,-8.01,-58.75,1
F,2022-10-21 13:34:39.929229,-0.34,-0.22,0.99,1.40,14.83,11.23,20.59,-8.01,-58.75,1
F,2022-10-21 13:34:39.947314,-0.27,-0.30,0.98,13.85,19.53,13.61,20.29,-7.65,-57.75,1
F,2022-10-21 13:34:39.964605,-0.28,-0.31,0.95,16.30,17.09,5.19,20.29,-7.65,-57.75,1
F,2022-10-21 13:34:39.985720,-0.27,-0.28,0.92,19.41,14.16,1.46,19.31,-5.96,-57.18,1
F,2022-10-21 13:34:40.005322,-0.27,-0.30,0.88,25.45,11.23,1.34,19.31,-5.96,-57.18,1
F,2022-10-21 13:34:40.024337,-0.24,-0.31,0.84,21.30,12.39,1.77,19.31,-5.96,-57.18,1
