D,2022-10-17 13:27:48.174705,0.20,-0.12,1.01,13.31,46.57,-15.50,-13.54,49.57,-120.84,1
D,2022-10-17 13:27:48.205938,0.23,-0.08,0.96,-2.08,44.80,-19.96,-13.54,49.57,-120.84,1
D,2022-10-17 13:27:48.221567,0.20,-0.14,0.98,-6.29,38.15,-23.93,-1.68,52.77,-124.23,1
D,2022-10-17 13:27:48.237209,0.17,-0.17,0.99,-16.24,34.36,-27.71,-1.68,52.77,-124.23,1
D,2022-10-17 13:27:48.252834,0.18,-0.20,0.98,-19.47,31.43,-30.33,-1.68,52.77,-124.23,1
D,2022-10-17 13:27:48.276619,0.20,-0.20,0.98,-18.74,25.94,-28.08,11.51,57.64,-124.57,1
D,2022-10-17 13:27:48.292437,0.19,-0.29,0.97,-13.00,20.45,-17.88,11.51,57.64,-124.57,1
D,2022-10-17 13:27:48.307899,0.21,-0.32,0.91,-17.82,20.02,-8.36,11.51,57.64,-124.57,1
D,2022-10-17 13:27:48.323524,0.21,-0.28,0.83,-27.10,16.11,-2.99,25.26,63.70,-122.03,1
D,2022-10-17 13:27:48.354755,0.22,-0.22,0.78,-32.41,9.03,-2.38,25.26,63.70,-122.03,1
D,2022-10-17 13:27:48.370399,0.21,-0.18,0.69,-25.21,-3.42,-1.28,35.95,67.82,-122.05,1
D,2022-10-17 13:27:48.386028,0.26,-0.18,0.61,-12.51,-14.59,4.88,35.95,67.82,-122.05,1
D,2022-10-17 13:27:48.401648,-1.92,0.06,1.61,-6.41,-31.56,11.54,35.95,67.82,-122.05,1
D,2022-10-17 13:27:48.417274,0.14,0.12,0.89,7.63,-3.42,-1.22,41.61,68.37,-124.60,1
D,2022-10-17 13:27:48.448511,0.04,-0.22,0.66,3.78,17.52,5.80,41.61,68.37,-124.60,1
D,2022-10-17 13:27:48.464136,0.09,0.01,0.78,-18.43,-22.46,-21.48,41.61,68.37,-124.60,1
D,2022-10-17 13:27:48.479780,0.07,-0.01,0.76,5.00,-38.21,-25.70,35.68,68.31,-126.21,1
D,2022-10-17 13:27:48.495405,0.10,-0.07,0.78,13.61,-44.07,-29.24,35.68,68.31,-126.21,1
D,2022-10-17 13:27:48.511035,0.08,-0.10,0.78,13.31,-36.19,-22.22,17.79,68.24,-129.26,1
D,2022-10-17 13:27:48.542266,0.10,-0.10,0.80,14.59,-33.08,-16.24,17.79,68.24,-129.26,1
D,2022-10-17 13:27:48.557891,0.11,-0.09,0.96,15.69,-34.42,-13.37,17.79,68.24,-129.26,1
D,2022-10-17 13:27:48.573516,0.10,-0.06,1.05,15.08,-29.60,-10.38,-5.24,64.84,-124.89,1
D,2022-10-17 13:27:48.589165,0.11,-0.06,1.19,24.90,-24.05,-6.04,-5.24,64.84,-124.89,1
D,2022-10-17 13:27:48.604787,0.12,-0.10,1.25,30.46,-19.59,-3.60,-5.24,64.84,-124.89,1
D,2022-10-17 13:27:48.636021,0.13,-0.18,1.28,27.95,-16.85,-1.59,-19.08,63.79,-116.10,1
D,2022-10-17 13:27:48.651647,0.13,-0.18,1.29,10.80,-18.01,-2.62,-19.08,63.79,-116.10,1
D,2022-10-17 13:27:48.667289,0.12,-0.08,1.14,-14.95,-15.38,-3.36,-21.40,63.02,-113.51,1
D,2022-10-17 13:27:48.682916,0.09,-0.04,1.13,5.55,-35.89,-3.23,-21.40,63.02,-113.51,1
D,2022-10-17 13:27:48.698545,0.02,-0.22,1.51,18.62,-18.62,3.30,-21.40,63.02,-113.51,1
D,2022-10-17 13:27:48.714167,-0.05,-0.08,1.21,-45.84,39.79,0.00,-14.43,64.11,-118.95,1
D,2022-10-17 13:27:48.745402,0.14,-0.05,1.05,-17.33,49.87,6.59,-14.43,64.11,-118.95,1
D,2022-10-17 13:27:48.761034,0.16,-0.12,1.00,-25.88,48.10,-0.79,-14.43,64.11,-118.95,1
D,2022-10-17 13:27:48.776675,0.15,-0.12,0.95,-42.54,51.57,-1.22,4.25,65.72,-125.85,1
D,2022-10-17 13:27:48.792297,0.15,-0.07,0.84,-49.01,48.16,2.20,4.25,65.72,-125.85,1
D,2022-10-17 13:27:48.807923,0.19,-0.06,0.73,-36.62,27.47,4.64,4.25,65.72,-125.85,1
D,2022-10-17 13:27:48.823549,0.20,-0.06,0.71,-32.71,13.73,4.70,23.25,67.38,-126.89,1
D,2022-10-17 13:27:48.854783,0.17,-0.04,0.74,-39.12,3.36,1.83,23.25,67.38,-126.89,1
D,2022-10-17 13:27:48.870427,0.13,0.02,0.73,-46.26,-2.14,-0.61,36.58,66.99,-129.20,1
D,2022-10-17 13:27:48.886051,0.12,0.17,1.08,27.10,-19.71,6.10,36.58,66.99,-129.20,1
D,2022-10-17 13:27:48.901677,0.11,-0.01,0.85,20.32,-5.92,16.30,36.58,66.99,-129.20,1
D,2022-10-17 13:27:48.917302,0.10,0.04,0.91,16.97,-3.48,20.02,37.65,68.59,-128.55,1
D,2022-10-17 13:27:48.948538,0.12,0.22,0.93,11.29,7.14,25.76,37.65,68.59,-128.55,1
D,2022-10-17 13:27:48.964165,0.09,0.38,0.84,-29.79,18.74,-25.57,37.65,68.59,-128.55,1
D,2022-10-17 13:27:48.979807,0.11,0.33,0.86,2.93,5.55,-38.15,34.99,72.24,-126.64,1
D,2022-10-17 13:27:48.995434,0.12,0.26,0.87,35.71,-1.59,-32.96,34.99,72.24,-126.64,1
D,2022-10-17 13:27:49.011063,0.11,0.18,0.87,60.00,-4.33,-29.72,19.93,86.23,-123.97,1
D,2022-10-17 13:27:49.026685,0.11,-0.02,0.86,71.59,-6.23,-34.24,19.93,86.23,-123.97,1
D,2022-10-17 13:27:49.057925,0.10,-0.24,0.85,65.80,-13.85,-35.64,19.93,86.23,-123.97,1
D,2022-10-17 13:27:49.073545,0.09,-0.49,0.87,55.66,-17.76,-29.48,-5.51,98.44,-115.21,1
D,2022-10-17 13:27:49.089194,0.08,-0.53,0.83,38.27,-21.42,-21.91,-5.51,98.44,-115.21,1
D,2022-10-17 13:27:49.104815,0.08,-0.49,0.84,15.50,-33.08,-17.09,-5.51,98.44,-115.21,1
D,2022-10-17 13:27:49.136050,0.06,-0.51,0.85,6.16,-41.69,-14.77,-23.32,97.12,-109.59,1
D,2022-10-17 13:27:49.151675,0.06,-0.44,0.94,2.87,-44.98,-5.19,-23.32,97.12,-109.59,1
D,2022-10-17 13:27:49.167321,0.06,-0.42,1.00,1.53,-39.79,2.20,-30.33,87.27,-107.17,1
D,2022-10-17 13:27:49.182933,0.05,-0.32,1.06,-9.09,-26.79,5.19,-30.33,87.27,-107.17,1
D,2022-10-17 13:27:49.198575,0.06,-0.22,1.12,-13.85,-17.64,5.92,-30.33,87.27,-107.17,1
D,2022-10-17 13:27:49.229821,0.07,-0.14,1.16,-16.11,-7.75,5.25,-29.91,76.97,-105.83,1
D,2022-10-17 13:27:49.245431,0.07,-0.10,1.15,-8.36,-2.01,10.62,-29.91,76.97,-105.83,1
D,2022-10-17 13:27:49.261056,0.08,-0.05,1.15,-0.24,-0.37,14.71,-29.91,76.97,-105.83,1
D,2022-10-17 13:27:49.276704,0.07,-0.01,1.11,-0.98,2.69,9.09,-27.83,69.13,-107.04,1
D,2022-10-17 13:27:49.292326,0.06,-0.03,1.09,2.99,2.62,5.62,-27.83,69.13,-107.04,1
D,2022-10-17 13:27:49.323576,0.07,0.02,1.06,2.08,5.86,4.70,-24.27,63.43,-109.97,1
D,2022-10-17 13:27:49.339187,0.06,0.10,0.99,-2.08,0.73,-4.27,-24.27,63.43,-109.97,1
D,2022-10-17 13:27:49.354813,0.05,0.15,0.96,1.89,-4.09,-6.10,-24.27,63.43,-109.97,1
D,2022-10-17 13:27:49.370456,0.05,0.19,0.89,11.17,-10.19,-9.70,-22.62,62.21,-113.06,1
D,2022-10-17 13:27:49.386082,0.02,0.05,0.96,43.46,-16.30,5.37,-22.62,62.21,-113.06,1
D,2022-10-17 13:27:49.401712,0.01,-0.11,0.92,54.14,-10.01,22.40,-22.62,62.21,-113.06,1
D,2022-10-17 13:27:49.432943,0.03,-0.21,0.93,52.67,-4.64,27.28,-22.00,64.87,-111.67,1
D,2022-10-17 13:27:49.448568,0.02,-0.28,0.92,34.79,-2.01,22.16,-22.00,64.87,-111.67,1
D,2022-10-17 13:27:49.464211,0.03,-0.28,0.93,-3.23,3.05,8.73,-21.41,66.86,-111.79,1
D,2022-10-17 13:27:49.479841,0.03,-0.23,0.95,-22.28,4.27,-0.24,-21.41,66.86,-111.79,1
D,2022-10-17 13:27:49.495463,0.03,-0.20,0.95,-36.44,5.31,-5.31,-21.41,66.86,-111.79,1
D,2022-10-17 13:27:49.526697,0.03,-0.18,0.95,-46.33,6.96,-8.85,-21.90,64.11,-111.91,1
D,2022-10-17 13:27:49.542322,0.02,-0.18,0.95,-61.83,10.38,-16.60,-21.90,64.11,-111.91,1
D,2022-10-17 13:27:49.557949,-0.28,-0.41,1.14,-19.53,7.08,5.98,-21.90,64.11,-111.91,1
D,2022-10-17 13:27:49.573593,-0.27,-0.53,1.14,-0.67,23.93,5.74,-20.62,59.67,-112.67,1
D,2022-10-17 13:27:49.589222,-0.22,-0.68,1.11,-28.44,52.92,-10.68,-20.62,59.67,-112.67,1
