G,2022-10-21 13:36:57.793496,0.25,-0.16,0.96,-2.32,29.66,-15.01,-10.80,25.51,-84.52,1
G,2022-10-21 13:36:57.811568,0.29,-0.18,0.92,-2.20,26.31,-15.99,-8.39,24.50,-84.57,1
G,2022-10-21 13:36:57.830999,0.31,-0.21,0.89,1.77,20.45,-16.11,-8.39,24.50,-84.57,1
G,2022-10-21 13:36:57.848137,0.34,-0.23,0.83,8.30,4.64,-12.51,-8.39,24.50,-84.57,1
G,2022-10-21 13:36:57.868646,0.37,-0.26,0.74,0.37,-6.71,-10.74,-6.96,23.91,-84.11,1
G,2022-10-21 13:36:57.888638,0.34,-0.22,0.79,-17.33,-18.92,-12.57,-6.96,23.91,-84.11,1
G,2022-10-21 13:36:57.910265,0.20,-0.22,0.83,-28.26,-23.80,-19.47,-6.96,23.91,-84.11,1
G,2022-10-21 13:36:57.928599,0.07,-0.14,0.93,-23.74,-13.00,-15.69,-8.90,22.89,-85.22,1
G,2022-10-21 13:36:57.946415,0.08,-0.14,0.96,-6.16,-1.16,-8.73,-8.90,22.89,-85.22,1
G,2022-10-21 13:36:57.964174,0.14,-0.17,0.95,6.10,5.07,-3.54,-9.08,22.45,-85.30,1
G,2022-10-21 13:36:57.981478,0.22,-0.24,0.91,5.19,0.79,-3.78,-9.08,22.45,-85.30,1
G,2022-10-21 13:36:57.999349,0.24,-0.23,0.88,-2.75,-6.59,-5.19,-9.08,22.45,-85.30,1
G,2022-10-21 13:36:58.018460,0.22,-0.23,0.91,-6.16,-13.18,-3.36,-9.19,22.20,-86.13,1
G,2022-10-21 13:36:58.036623,-0.39,-0.09,1.09,-9.16,-14.10,-1.83,-9.19,22.20,-86.13,1
G,2022-10-21 13:36:58.054007,0.22,-0.01,1.00,24.72,-4.76,5.19,-9.19,22.20,-86.13,1
G,2022-10-21 13:36:58.075249,0.21,-0.37,0.94,32.53,-7.32,7.93,-9.88,22.72,-84.89,1
G,2022-10-21 13:36:58.092373,0.10,-0.25,0.96,-23.38,19.29,3.97,-9.88,22.72,-84.89,1
G,2022-10-21 13:36:58.111646,0.18,-0.22,0.94,-13.06,17.40,13.00,-9.55,22.68,-85.22,1
G,2022-10-21 13:36:58.129385,0.15,-0.30,0.88,4.09,17.27,33.51,-9.55,22.68,-85.22,1
G,2022-10-21 13:36:58.147410,0.21,-0.34,0.86,8.18,13.98,37.17,-9.55,22.68,-85.22,1
G,2022-10-21 13:36:58.166010,0.24,-0.21,0.85,-14.53,16.42,24.60,-7.48,23.54,-87.61,1
G,2022-10-21 13:36:58.184886,0.23,-0.15,0.88,-28.32,14.28,15.50,-7.48,23.54,-87.61,1
G,2022-10-21 13:36:58.202450,0.17,0.05,0.94,-43.46,10.80,9.28,-7.48,23.54,-87.61,1
G,2022-10-21 13:36:58.221959,0.17,0.03,0.97,-11.78,2.62,31.25,-7.51,22.22,-87.88,1
G,2022-10-21 13:36:58.240836,0.25,-0.14,0.91,15.26,-2.20,52.31,-7.51,22.22,-87.88,1
G,2022-10-21 13:36:58.259137,0.26,-0.11,0.88,-1.16,-2.69,49.87,-7.51,22.22,-87.88,1
G,2022-10-21 13:36:58.276728,0.24,-0.10,0.88,-3.60,-2.62,45.41,-7.03,22.83,-86.24,1
G,2022-10-21 13:36:58.295475,0.27,-0.12,0.87,-7.57,-5.07,33.45,-7.03,22.83,-86.24,1
G,2022-10-21 13:36:58.314311,0.20,-0.01,0.92,-23.99,-7.32,16.17,-7.41,22.28,-86.85,1
G,2022-10-21 13:36:58.331955,0.20,0.01,0.95,-19.96,-19.23,16.05,-7.41,22.28,-86.85,1
G,2022-10-21 13:36:58.350069,0.22,0.01,0.93,-13.06,-24.23,21.12,-7.41,22.28,-86.85,1
G,2022-10-21 13:36:58.368901,0.22,0.06,0.93,-10.07,-26.86,20.63,-9.38,21.00,-87.33,1
G,2022-10-21 13:36:58.387116,0.23,0.05,0.94,0.85,-28.93,21.00,-9.38,21.00,-87.33,1
G,2022-10-21 13:36:58.406442,0.24,0.03,0.92,5.07,-27.65,17.76,-9.38,21.00,-87.33,1
G,2022-10-21 13:36:58.425674,0.22,0.05,0.94,3.23,-24.11,13.49,-11.30,21.48,-85.02,1
G,2022-10-21 13:36:58.442580,0.22,0.06,1.01,9.77,-23.19,7.57,-11.30,21.48,-85.02,1
G,2022-10-21 13:36:58.462276,0.22,0.05,1.00,15.50,-25.02,1.59,-11.30,21.48,-85.02,1
G,2022-10-21 13:36:58.481186,0.23,0.06,1.02,20.20,-22.64,-2.87,-13.40,22.24,-85.44,1
G,2022-10-21 13:36:58.500249,0.21,0.01,1.04,23.38,-17.21,-5.31,-13.40,22.24,-85.44,1
G,2022-10-21 13:36:58.523223,0.18,-0.03,1.03,26.12,-15.20,-5.07,-15.97,23.23,-84.36,1
G,2022-10-21 13:36:58.542906,0.19,-0.12,1.02,29.11,-16.42,-5.13,-15.97,23.23,-84.36,1
G,2022-10-21 13:36:58.561841,0.20,-0.13,1.03,17.27,-15.75,-16.48,-15.97,23.23,-84.36,1
G,2022-10-21 13:36:58.581082,0.21,-0.16,1.03,10.01,-7.69,-20.69,-16.44,23.38,-82.59,1
G,2022-10-21 13:36:58.599228,0.20,-0.15,1.04,-2.50,0.12,-26.00,-16.44,23.38,-82.59,1
G,2022-10-21 13:36:58.618615,0.17,-0.15,1.03,-4.64,9.28,-28.87,-16.77,22.34,-83.84,1
G,2022-10-21 13:36:58.640238,0.15,-0.16,1.02,-8.42,12.21,-23.19,-16.77,22.34,-83.84,1
G,2022-10-21 13:36:58.658336,0.13,-0.16,1.02,-2.93,12.39,-13.37,-16.77,22.34,-83.84,1
G,2022-10-21 13:36:58.678003,0.15,-0.19,1.00,3.11,17.40,-4.76,-16.00,22.13,-82.89,1
G,2022-10-21 13:36:58.696828,0.07,-0.21,1.02,5.07,20.02,-3.36,-16.00,22.13,-82.89,1
G,2022-10-21 13:36:58.715670,0.26,-0.29,0.90,20.81,8.61,-1.71,-16.00,22.13,-82.89,1
G,2022-10-21 13:36:58.734604,0.16,-0.22,0.90,-5.80,14.65,-5.25,-15.21,21.85,-84.29,1
G,2022-10-21 13:36:58.754265,0.14,-0.19,0.92,-15.81,11.90,-4.76,-15.21,21.85,-84.29,1
G,2022-10-21 13:36:58.775196,0.13,-0.14,0.90,-12.82,13.24,0.31,-14.14,21.04,-84.42,1
G,2022-10-21 13:36:58.792389,0.13,-0.12,0.92,-5.62,16.24,14.65,-14.14,21.04,-84.42,1
G,2022-10-21 13:36:58.810669,0.17,-0.23,0.90,15.87,12.82,31.92,-14.14,21.04,-84.42,1
G,2022-10-21 13:36:58.829783,0.16,-0.15,0.88,7.63,11.96,28.38,-12.63,22.19,-84.18,1
G,2022-10-21 13:36:58.847765,0.20,-0.16,0.84,0.55,8.54,17.33,-12.63,22.19,-84.18,1
G,2022-10-21 13:36:58.865337,0.22,-0.03,0.88,-24.05,3.97,-7.93,-12.63,22.19,-84.18,1
G,2022-10-21 13:36:58.884228,0.19,0.29,0.95,-43.33,2.44,-22.71,-11.56,20.78,-85.10,1
G,2022-10-21 13:36:58.904880,0.19,0.17,1.05,-4.27,-0.24,2.32,-11.56,20.78,-85.10,1
G,2022-10-21 13:36:58.924653,0.26,0.11,0.93,19.53,-10.25,7.14,-12.23,20.53,-86.47,1
G,2022-10-21 13:36:58.943552,0.26,-0.01,0.91,22.95,-5.68,5.31,-12.23,20.53,-86.47,1
G,2022-10-21 13:36:58.960434,0.24,0.02,0.94,14.65,1.77,-4.52,-12.23,20.53,-86.47,1
G,2022-10-21 13:36:58.979394,0.24,-0.10,0.94,13.12,5.37,-13.43,-12.30,21.26,-84.78,1
G,2022-10-21 13:36:58.997333,0.17,-0.12,0.99,13.73,5.19,-12.02,-12.30,21.26,-84.78,1
G,2022-10-21 13:36:59.017519,0.16,-0.19,0.97,15.08,2.81,-4.64,-12.30,21.26,-84.78,1
G,2022-10-21 13:36:59.035648,0.16,-0.23,0.95,9.64,1.16,-2.50,-11.99,21.40,-85.34,1
G,2022-10-21 13:36:59.056290,0.16,-0.27,0.92,6.35,-0.98,2.01,-11.99,21.40,-85.34,1
G,2022-10-21 13:36:59.075473,0.17,-0.26,0.89,1.04,-0.67,2.08,-12.29,21.79,-84.85,1
G,2022-10-21 13:36:59.092871,0.18,-0.22,0.88,-10.86,1.46,-3.30,-12.29,21.79,-84.85,1
G,2022-10-21 13:36:59.111568,0.16,-0.17,0.88,-23.68,3.30,-9.09,-12.29,21.79,-84.85,1
G,2022-10-21 13:36:59.131737,0.09,-0.06,0.90,-21.67,-2.01,-10.07,-12.26,20.31,-85.19,1
G,2022-10-21 13:36:59.148708,0.11,-0.06,0.87,-12.45,-12.08,-6.41,-12.26,20.31,-85.19,1
G,2022-10-21 13:36:59.167618,0.13,-0.06,0.85,-13.06,-16.97,-4.15,-12.26,20.31,-85.19,1
G,2022-10-21 13:36:59.189603,0.16,-0.01,0.93,-13.67,-28.08,-2.75,-14.00,18.31,-85.51,1
G,2022-10-21 13:36:59.208948,0.13,-0.01,0.96,-5.00,-27.71,-1.40,-14.00,18.31,-85.51,1
G,2022-10-21 13:36:59.227919,0.13,-0.08,0.93,6.77,-32.35,2.20,-16.15,17.64,-85.11,1
G,2022-10-21 13:36:59.246972,0.18,-0.04,0.97,6.65,-24.78,2.20,-16.15,17.64,-85.11,1
G,2022-10-21 13:36:59.264961,0.06,-0.05,1.07,5.74,-19.47,1.65,-16.15,17.64,-85.11,1
G,2022-10-21 13:36:59.283545,0.18,-0.11,0.99,23.25,-26.98,2.87,-18.80,17.87,-83.03,1
G,2022-10-21 13:36:59.303617,0.15,-0.10,1.06,13.43,-16.54,2.81,-18.80,17.87,-83.03,1
G,2022-10-21 13:36:59.324582,0.16,-0.07,1.07,10.86,-11.60,2.87,-19.41,18.14,-81.49,1
G,2022-10-21 13:36:59.343057,0.16,-0.08,1.07,11.54,-6.29,3.66,-19.41,18.14,-81.49,1
G,2022-10-21 13:36:59.361579,0.14,-0.10,1.06,10.13,-3.30,5.13,-19.41,18.14,-81.49,1
G,2022-10-21 13:36:59.380782,0.13,-0.08,1.07,9.46,-0.49,6.96,-19.31,18.81,-82.18,1
G,2022-10-21 13:36:59.397978,0.11,-0.13,1.04,10.44,-2.14,7.75,-19.31,18.81,-82.18,1
G,2022-10-21 13:36:59.416090,0.10,-0.17,1.00,9.28,-6.23,5.80,-19.31,18.81,-82.18,1
G,2022-10-21 13:36:59.436451,0.08,-0.16,0.97,3.17,-7.02,2.14,-19.91,19.47,-80.30,1
G,2022-10-21 13:36:59.458692,0.08,-0.01,1.02,-7.81,36.01,-0.43,-19.91,19.47,-80.30,1
G,2022-10-21 13:36:59.475263,-0.17,-0.08,1.08,28.63,58.65,7.57,-17.92,19.89,-82.53,1
G,2022-10-21 13:36:59.494279,-0.11,-0.14,1.01,54.63,62.62,12.82,-17.92,19.89,-82.53,1
G,2022-10-21 13:36:59.512672,-0.09,-0.20,0.97,78.19,61.34,31.86,-17.92,19.89,-82.53,1
G,2022-10-21 13:36:59.531853,0.08,-0.50,0.84,88.13,59.57,45.23,-13.98,24.44,-80.65,1
G,2022-10-21 13:36:59.549793,0.12,-0.62,0.79,80.57,49.44,55.66,-13.98,24.44,-80.65,1
G,2022-10-21 13:36:59.567761,0.14,-0.68,0.71,69.27,37.60,56.58,-13.98,24.44,-80.65,1
