L,2022-10-22 15:28:41.875961,-0.01,0.45,-1.05,38.94,-58.35,-12.88,6.77,-40.11,6.67,1
L,2022-10-22 15:28:41.893885,0.11,0.57,-1.03,32.71,-58.65,-11.35,6.77,-40.11,6.67,1
L,2022-10-22 15:28:41.912729,0.17,0.62,-0.97,7.51,-55.42,1.28,8.07,-38.93,5.74,1
L,2022-10-22 15:28:41.930911,0.18,0.59,-0.91,-10.62,-52.31,11.17,8.07,-38.93,5.74,1
L,2022-10-22 15:28:41.948879,0.15,0.61,-0.92,-7.93,-35.89,0.85,8.07,-38.93,5.74,1
L,2022-10-22 15:28:41.967975,0.12,0.63,-0.83,-7.45,-20.08,-1.83,10.25,-35.91,6.16,1
L,2022-10-22 15:28:41.985974,0.10,0.62,-0.75,-6.10,-13.06,-7.08,10.25,-35.91,6.16,1
L,2022-10-22 15:28:42.003834,0.16,0.66,-0.70,-2.32,-14.22,-13.67,10.25,-35.91,6.16,1
L,2022-10-22 15:28:42.022848,0.21,0.69,-0.70,-7.87,-16.24,-13.24,12.18,-34.45,8.41,1
L,2022-10-22 15:28:42.041189,0.15,0.68,-0.71,-16.30,-9.28,-6.65,12.18,-34.45,8.41,1
L,2022-10-22 15:28:42.058979,0.14,0.62,-0.71,-20.87,-5.55,-3.11,12.18,-34.45,8.41,1
L,2022-10-22 15:28:42.077965,0.11,0.60,-0.71,-39.31,-6.71,7.57,14.99,-33.35,8.46,1
L,2022-10-22 15:28:42.095915,-0.30,0.53,-0.70,24.96,0.73,-16.72,14.99,-33.35,8.46,1
L,2022-10-22 15:28:42.114918,-0.07,0.54,-0.83,-7.32,1.34,14.22,15.87,-32.85,9.95,1
L,2022-10-22 15:28:42.132878,0.02,0.43,-0.78,-10.25,-2.99,27.34,15.87,-32.85,9.95,1
L,2022-10-22 15:28:42.150939,0.05,0.32,-0.76,-11.72,-10.31,16.48,15.87,-32.85,9.95,1
L,2022-10-22 15:28:42.169868,-0.19,0.47,-1.01,-19.17,1.16,22.77,15.97,-32.45,9.67,1
L,2022-10-22 15:28:42.187884,-0.05,0.36,-0.92,-9.28,46.14,42.60,15.97,-32.45,9.67,1
L,2022-10-22 15:28:42.205934,-0.05,0.41,-0.89,-6.59,73.49,44.92,15.97,-32.45,9.67,1
L,2022-10-22 15:28:42.224745,-0.06,0.46,-0.92,0.85,96.56,50.78,10.75,-31.93,8.64,1
L,2022-10-22 15:28:42.242761,-0.02,0.32,-0.78,13.37,116.15,58.53,10.75,-31.93,8.64,1
L,2022-10-22 15:28:42.260682,-0.03,0.33,-0.83,11.66,114.69,47.42,10.75,-31.93,8.64,1
L,2022-10-22 15:28:42.279697,-0.10,0.41,-0.84,31.19,109.07,28.08,3.16,-31.97,8.11,1
L,2022-10-22 15:28:42.297696,-0.18,0.48,-0.79,39.18,92.16,16.24,3.16,-31.97,8.11,1
L,2022-10-22 15:28:42.317013,-0.23,0.52,-0.78,46.26,61.65,5.31,-2.45,-33.56,6.14,1
L,2022-10-22 15:28:42.334844,-0.25,0.69,-0.78,48.46,4.21,-9.70,-2.45,-33.56,6.14,1
L,2022-10-22 15:28:42.352906,-0.25,0.74,-0.88,37.23,-19.96,-4.21,-2.45,-33.56,6.14,1
L,2022-10-22 15:28:42.371846,-0.22,0.65,-0.93,6.71,-24.66,8.48,-3.11,-35.39,5.04,1
L,2022-10-22 15:28:42.390051,-0.24,0.64,-0.91,-1.28,-22.09,13.00,-3.11,-35.39,5.04,1
L,2022-10-22 15:28:42.408125,-0.26,0.55,-0.89,2.01,-20.69,20.63,-3.11,-35.39,5.04,1
L,2022-10-22 15:28:42.426818,-0.31,0.51,-0.86,24.66,-28.50,31.56,-4.02,-35.62,6.37,1
L,2022-10-22 15:28:42.444984,-0.24,0.29,-0.86,36.99,-39.31,35.58,-4.02,-35.62,6.37,1
L,2022-10-22 15:28:42.463846,-0.18,0.29,-0.96,39.86,-41.99,21.73,-4.06,-35.63,4.90,1
L,2022-10-22 15:28:42.481997,-0.14,0.43,-0.99,41.93,-26.06,0.85,-4.06,-35.63,4.90,1
L,2022-10-22 15:28:42.500099,-0.08,0.54,-0.93,33.63,-4.33,-18.92,-4.06,-35.63,4.90,1
