z,2022-10-18 14:26:33.158805,0.82,-0.64,1.25,-71.84,22.64,46.57,7.89,42.11,-52.66,1
z,2022-10-18 14:26:33.190058,0.89,-0.67,1.20,-153.32,-51.09,39.00,10.18,38.12,-53.09,1
z,2022-10-18 14:26:33.205681,0.63,0.02,0.27,-226.26,18.31,62.87,10.18,38.12,-53.09,1
z,2022-10-18 14:26:33.221378,0.53,0.19,0.01,-232.36,87.16,81.12,10.18,38.12,-53.09,1
z,2022-10-18 14:26:33.244008,0.61,0.23,0.05,-228.15,142.46,50.42,16.28,29.08,-52.40,1
z,2022-10-18 14:26:33.253080,1.00,0.41,-0.12,-256.35,128.23,21.06,16.28,29.08,-52.40,1
z,2022-10-18 14:26:33.284350,1.10,0.98,-0.33,-302.86,102.54,24.48,22.38,18.82,-49.74,1
z,2022-10-18 14:26:33.300128,0.77,1.36,-0.32,-217.71,64.88,84.17,22.38,18.82,-49.74,1
z,2022-10-18 14:26:33.315837,0.63,1.30,-0.31,-81.79,37.29,124.51,22.38,18.82,-49.74,1
z,2022-10-18 14:26:33.343959,0.43,1.32,-0.41,51.45,24.72,143.98,23.38,15.55,-48.78,1
z,2022-10-18 14:26:33.363107,0.35,1.27,-0.26,140.01,10.93,130.92,23.38,15.55,-48.78,1
z,2022-10-18 14:26:33.378731,0.24,1.02,0.00,156.86,3.05,92.83,23.38,15.55,-48.78,1
z,2022-10-18 14:26:33.394425,0.33,0.88,0.15,152.71,-14.59,55.30,23.39,22.52,-50.95,1
z,2022-10-18 14:26:33.409979,0.24,0.76,0.25,82.58,-38.57,15.81,23.39,22.52,-50.95,1
z,2022-10-18 14:26:33.438707,0.12,1.00,0.28,29.85,-55.60,-6.65,21.95,26.55,-51.55,1
z,2022-10-18 14:26:33.446795,-0.29,1.26,0.61,73.00,-43.33,-14.04,21.95,26.55,-51.55,1
z,2022-10-18 14:26:33.471518,0.14,1.30,0.29,95.03,-8.97,-18.13,21.95,26.55,-51.55,1
z,2022-10-18 14:26:33.496903,0.63,0.97,0.15,128.85,20.08,-11.11,21.47,31.67,-51.39,1
z,2022-10-18 14:26:33.500393,0.96,0.35,0.48,99.91,20.87,0.06,21.47,31.67,-51.39,1
z,2022-10-18 14:26:33.522844,0.49,0.33,0.59,9.64,-8.79,-12.27,21.47,31.67,-51.39,1
z,2022-10-18 14:26:33.555108,0.21,0.61,0.57,-48.83,-12.94,-32.71,21.09,34.20,-51.48,1
z,2022-10-18 14:26:33.560131,0.35,0.81,0.46,-49.32,27.28,-19.96,21.09,34.20,-51.48,1
z,2022-10-18 14:26:33.589351,0.64,0.70,0.49,-46.88,32.84,-8.00,22.02,33.02,-51.27,1
z,2022-10-18 14:26:33.611056,0.55,0.77,0.44,-61.65,13.06,-10.13,22.02,33.02,-51.27,1
z,2022-10-18 14:26:33.628983,0.36,0.87,0.40,-56.03,-6.77,-4.82,22.02,33.02,-51.27,1
z,2022-10-18 14:26:33.644556,0.43,0.77,0.41,-48.83,-9.40,9.40,22.23,29.03,-52.81,1
z,2022-10-18 14:26:33.669451,0.47,0.64,0.49,-51.88,-18.37,18.92,22.23,29.03,-52.81,1
z,2022-10-18 14:26:33.686714,0.43,0.70,0.35,-30.15,-7.81,-5.62,22.23,29.03,-52.81,1
z,2022-10-18 14:26:33.702516,0.47,0.83,0.25,-38.21,-4.39,-11.78,21.74,27.37,-51.99,1
z,2022-10-18 14:26:33.724688,0.47,0.82,0.33,-26.49,3.17,-7.51,21.74,27.37,-51.99,1
z,2022-10-18 14:26:33.743822,0.48,0.87,0.30,-10.74,4.58,-3.30,21.74,26.23,-52.54,1
z,2022-10-18 14:26:33.760640,0.48,0.84,0.36,6.47,6.04,1.89,21.74,26.23,-52.54,1
z,2022-10-18 14:26:33.780055,0.48,0.76,0.36,19.65,3.97,4.82,21.74,26.23,-52.54,1
z,2022-10-18 14:26:33.799678,0.15,0.52,0.80,32.10,-36.50,-22.22,21.46,27.03,-53.97,1
z,2022-10-18 14:26:33.818706,0.47,1.14,-0.04,24.66,-45.35,-46.57,21.46,27.03,-53.97,1
z,2022-10-18 14:26:33.824257,0.49,0.72,0.54,44.98,-29.91,-30.58,21.46,27.03,-53.97,1
z,2022-10-18 14:26:33.857430,0.52,0.64,0.37,36.19,-44.19,-36.32,19.09,28.42,-52.27,1
z,2022-10-18 14:26:33.874000,0.51,0.42,0.62,20.57,-34.55,-29.36,19.09,28.42,-52.27,1
z,2022-10-18 14:26:33.892470,0.49,0.69,0.42,1.71,-40.59,-37.17,17.00,29.26,-53.11,1
z,2022-10-18 14:26:33.908236,0.56,0.71,0.39,2.44,-35.28,-29.36,17.00,29.26,-53.11,1
z,2022-10-18 14:26:33.930059,0.55,0.71,0.45,0.73,-25.63,-20.08,17.00,29.26,-53.11,1
z,2022-10-18 14:26:33.946138,0.56,0.70,0.42,-10.31,-23.38,-16.66,15.60,29.71,-53.44,1
z,2022-10-18 14:26:33.967003,0.52,0.53,0.61,13.00,-0.55,6.90,15.60,29.71,-53.44,1
z,2022-10-18 14:26:33.981624,0.50,0.54,0.45,0.67,-5.31,-0.06,15.60,29.71,-53.44,1
z,2022-10-18 14:26:34.000357,0.49,0.69,0.37,-13.55,-3.66,-5.37,15.14,29.82,-53.41,1
z,2022-10-18 14:26:34.013359,0.49,0.82,0.33,-12.82,2.56,-2.81,15.14,29.82,-53.41,1
z,2022-10-18 14:26:34.028986,0.50,0.74,0.45,4.03,9.03,6.10,15.14,29.82,-53.41,1
z,2022-10-18 14:26:34.060622,0.51,0.62,0.49,6.10,8.00,5.31,14.71,29.31,-52.08,1
z,2022-10-18 14:26:34.076255,0.51,0.65,0.48,0.98,5.62,2.01,14.71,29.31,-52.08,1
z,2022-10-18 14:26:34.091876,0.50,0.71,0.42,-3.17,3.78,1.34,15.56,29.39,-53.48,1
z,2022-10-18 14:26:34.107498,0.50,0.72,0.40,-2.14,6.84,5.74,15.56,29.39,-53.48,1
z,2022-10-18 14:26:34.123121,0.51,0.67,0.46,1.71,11.54,9.58,15.56,29.39,-53.48,1
z,2022-10-18 14:26:34.154757,-0.38,1.92,0.39,-2.38,12.63,21.36,15.94,28.56,-53.34,1
z,2022-10-18 14:26:34.170386,0.68,0.08,0.84,135.44,55.54,157.71,15.94,28.56,-53.34,1
z,2022-10-18 14:26:34.186024,0.45,0.18,0.62,99.06,23.07,110.78,15.94,28.56,-53.34,1
z,2022-10-18 14:26:34.201644,0.49,0.63,0.41,9.64,10.93,93.08,17.83,33.13,-51.00,1
z,2022-10-18 14:26:34.217255,0.41,0.95,0.44,-5.98,5.86,70.13,17.83,33.13,-51.00,1
z,2022-10-18 14:26:34.248887,0.40,0.88,0.41,-0.61,4.33,76.23,18.18,33.13,-50.44,1
z,2022-10-18 14:26:34.264514,0.43,0.76,0.51,-1.65,-1.89,63.90,18.18,33.13,-50.44,1
z,2022-10-18 14:26:34.280138,0.42,0.79,0.44,-16.66,-4.21,37.35,18.18,33.13,-50.44,1
z,2022-10-18 14:26:34.295768,0.38,0.76,0.42,-22.64,0.55,29.05,18.24,32.42,-51.34,1
z,2022-10-18 14:26:34.311384,0.42,0.66,0.43,-8.97,2.69,30.64,18.24,32.42,-51.34,1
z,2022-10-18 14:26:34.327007,0.37,0.75,0.46,-4.70,0.79,5.43,18.24,32.42,-51.34,1
z,2022-10-18 14:26:34.358658,0.33,0.73,0.52,1.04,2.08,2.69,17.81,32.14,-50.35,1
z,2022-10-18 14:26:34.374466,0.33,0.73,0.47,4.27,-0.06,-1.10,17.81,32.14,-50.35,1
z,2022-10-18 14:26:34.390096,0.33,0.76,0.45,2.20,0.79,-3.36,18.09,33.06,-49.23,1
z,2022-10-18 14:26:34.411078,0.33,0.80,0.48,2.38,1.89,-4.21,18.09,33.06,-49.23,1
z,2022-10-18 14:26:34.433609,0.33,0.78,0.48,10.50,0.06,-2.81,18.09,33.06,-49.23,1
z,2022-10-18 14:26:34.446146,0.34,0.72,0.48,23.25,-0.92,-6.35,18.13,32.74,-51.00,1
z,2022-10-18 14:26:34.459568,-0.01,0.15,1.67,31.92,-10.50,-14.59,18.13,32.74,-51.00,1
z,2022-10-18 14:26:34.486251,0.40,0.73,0.06,-12.94,-104.92,-90.45,18.13,32.74,-51.00,1
z,2022-10-18 14:26:34.505487,0.39,1.40,0.05,16.24,-67.75,-87.16,15.28,33.85,-49.67,1
z,2022-10-18 14:26:34.528546,0.34,0.89,0.56,78.06,-56.70,-69.15,15.28,33.85,-49.67,1
z,2022-10-18 14:26:34.546172,0.39,0.68,0.57,107.42,-54.75,-56.88,11.94,37.51,-49.72,1
z,2022-10-18 14:26:34.561844,0.42,0.50,0.63,112.67,-29.54,-24.60,11.94,37.51,-49.72,1
z,2022-10-18 14:26:34.572620,0.44,0.18,0.72,85.21,-16.05,-14.95,11.94,37.51,-49.72,1
z,2022-10-18 14:26:34.606088,0.40,0.23,0.79,31.01,-18.62,-30.21,11.25,41.31,-48.69,1
z,2022-10-18 14:26:34.613232,0.38,0.75,0.59,-20.81,-26.18,-44.80,11.25,41.31,-48.69,1
z,2022-10-18 14:26:34.641072,0.37,0.85,0.57,-13.85,-15.01,-22.58,11.25,41.31,-48.69,1
z,2022-10-18 14:26:34.662626,0.37,0.63,0.61,-5.13,-8.36,-10.74,9.96,40.54,-48.12,1
z,2022-10-18 14:26:34.681205,0.37,0.66,0.57,-13.43,-3.54,-6.23,9.96,40.54,-48.12,1
z,2022-10-18 14:26:34.696834,0.36,0.88,0.53,-21.30,3.23,0.73,9.94,39.89,-47.94,1
z,2022-10-18 14:26:34.708785,0.37,1.09,0.51,0.12,21.00,35.77,9.94,39.89,-47.94,1
z,2022-10-18 14:26:34.738782,0.34,1.26,0.44,13.61,37.54,68.85,9.94,39.89,-47.94,1
z,2022-10-18 14:26:34.746320,-0.34,1.08,0.16,62.44,51.09,110.66,11.85,40.08,-48.51,1
z,2022-10-18 14:26:34.777065,-0.15,1.07,-0.10,185.73,145.57,83.74,11.85,40.08,-48.51,1
z,2022-10-18 14:26:34.792811,0.94,0.30,0.27,242.80,222.11,54.50,11.85,40.08,-48.51,1
z,2022-10-18 14:26:34.815053,0.68,-0.31,0.84,164.73,201.23,-8.91,18.31,49.34,-45.80,1
z,2022-10-18 14:26:34.830680,0.66,-0.25,1.09,62.56,138.00,-87.83,18.31,49.34,-45.80,1
z,2022-10-18 14:26:34.846201,0.83,0.14,0.98,-148.01,-3.17,-125.92,17.99,50.48,-46.89,1
z,2022-10-18 14:26:34.869615,0.72,0.71,0.54,-166.93,-47.42,-97.96,17.99,50.48,-46.89,1
