B,2022-10-19 20:56:56.859592,0.16,-0.42,0.78,-34.30,14.10,21.24,64.38,-58.08,-83.94,1
B,2022-10-19 20:56:56.878625,0.23,-0.28,0.72,-28.26,5.43,12.57,64.51,-59.45,-83.02,1
B,2022-10-19 20:56:56.896613,0.22,-0.22,0.72,-28.14,0.61,1.71,64.51,-59.45,-83.02,1
B,2022-10-19 20:56:56.916021,0.21,-0.16,0.67,-26.86,-3.05,-6.29,66.49,-61.72,-83.62,1
B,2022-10-19 20:56:56.934960,0.17,-0.10,0.59,-5.07,-29.42,-23.80,66.49,-61.72,-83.62,1
B,2022-10-19 20:56:56.953627,-0.20,-0.39,1.08,30.21,-13.00,1.77,66.49,-61.72,-83.62,1
B,2022-10-19 20:56:56.972603,-0.05,-0.19,0.60,72.81,-11.78,25.15,68.38,-62.87,-86.40,1
B,2022-10-19 20:56:56.990610,0.01,-0.46,0.23,85.21,-70.07,-16.60,68.38,-62.87,-86.40,1
B,2022-10-19 20:56:57.008755,-0.07,-0.48,0.41,58.90,-160.95,-33.08,68.38,-62.87,-86.40,1
B,2022-10-19 20:56:57.027708,-0.01,-0.39,0.61,46.26,-188.23,-46.14,67.50,-59.96,-90.83,1
B,2022-10-19 20:56:57.045933,-0.08,-0.49,0.96,19.04,-169.07,-56.34,67.50,-59.96,-90.83,1
B,2022-10-19 20:56:57.065901,-0.21,-0.52,1.22,-2.75,-118.84,-42.91,63.13,-56.87,-96.90,1
B,2022-10-19 20:56:57.083881,-0.19,-0.61,1.56,-15.99,-28.99,-7.39,63.13,-56.87,-96.90,1
B,2022-10-19 20:56:57.101773,-0.23,-0.64,1.37,-22.64,29.97,19.78,63.13,-56.87,-96.90,1
B,2022-10-19 20:56:57.120601,-0.14,-0.57,1.51,-18.37,59.14,31.13,64.15,-56.63,-95.58,1
B,2022-10-19 20:56:57.138857,-0.25,-0.73,1.42,-18.49,111.76,42.24,64.15,-56.63,-95.58,1
B,2022-10-19 20:56:57.156582,-0.08,-0.62,1.21,-10.31,150.76,72.45,64.15,-56.63,-95.58,1
B,2022-10-19 20:56:57.175605,0.17,-0.59,0.81,-12.08,135.50,62.44,67.57,-60.27,-88.04,1
B,2022-10-19 20:56:57.193702,0.20,-0.55,0.72,-36.01,107.79,45.41,67.57,-60.27,-88.04,1
B,2022-10-19 20:56:57.212535,0.25,-0.48,0.72,-49.26,80.26,30.46,67.68,-61.45,-83.75,1
B,2022-10-19 20:56:57.230621,0.26,-0.38,0.67,-49.07,49.26,9.52,67.68,-61.45,-83.75,1
B,2022-10-19 20:56:57.248762,0.26,-0.23,0.66,-51.51,29.85,-4.21,67.68,-61.45,-83.75,1
B,2022-10-19 20:56:57.267727,0.25,-0.10,0.73,-50.60,14.59,-18.68,66.82,-64.53,-83.31,1
B,2022-10-19 20:56:57.285741,0.19,-0.02,0.77,-50.54,5.07,-33.57,66.82,-64.53,-83.31,1
B,2022-10-19 20:56:57.303786,0.17,-0.20,1.28,3.17,-19.59,-9.03,66.82,-64.53,-83.31,1
B,2022-10-19 20:56:57.322486,0.02,0.18,1.06,20.45,52.43,-26.61,70.20,-65.65,-82.36,1
B,2022-10-19 20:56:57.340638,0.04,-0.11,0.74,28.26,43.95,-69.52,70.20,-65.65,-82.36,1
B,2022-10-19 20:56:57.358628,0.01,-0.20,0.65,28.99,14.04,-82.40,70.20,-65.65,-82.36,1
B,2022-10-19 20:56:57.377691,0.01,-0.31,0.67,52.86,-5.49,-79.04,78.04,-57.01,-77.36,1
B,2022-10-19 20:56:57.395797,0.05,-0.54,0.52,81.97,-39.92,-52.31,78.04,-57.01,-77.36,1
B,2022-10-19 20:56:57.414629,0.00,-0.88,0.55,75.44,-56.46,-25.63,83.50,-46.80,-74.72,1
B,2022-10-19 20:56:57.432864,0.07,-0.97,0.58,49.32,-56.40,-6.77,83.50,-46.80,-74.72,1
B,2022-10-19 20:56:57.450594,0.04,-1.01,0.68,16.24,-54.38,13.79,83.50,-46.80,-74.72,1
B,2022-10-19 20:56:57.469614,0.07,-0.98,0.78,-1.59,-50.78,35.28,81.57,-48.19,-78.97,1
B,2022-10-19 20:56:57.487761,0.08,-0.78,0.85,-17.27,-44.98,62.62,81.57,-48.19,-78.97,1
B,2022-10-19 20:56:57.505859,0.05,-0.55,0.98,-31.01,-30.21,59.51,81.57,-48.19,-78.97,1
B,2022-10-19 20:56:57.524657,0.06,-0.26,1.10,-41.14,-13.00,38.39,72.67,-58.23,-85.31,1
B,2022-10-19 20:56:57.542526,0.01,-0.01,1.19,-40.47,0.37,8.30,72.67,-58.23,-85.31,1
B,2022-10-19 20:56:57.561624,0.05,0.11,1.24,-13.55,8.91,-26.12,67.47,-60.77,-87.08,1
B,2022-10-19 20:56:57.579663,0.00,0.03,1.04,16.60,-5.25,-13.00,67.47,-60.77,-87.08,1
B,2022-10-19 20:56:57.597708,-0.00,0.11,1.12,45.53,-4.15,-32.10,67.47,-60.77,-87.08,1
B,2022-10-19 20:56:57.616649,-0.02,-0.12,0.93,49.44,15.63,-66.89,72.51,-56.84,-86.24,1
B,2022-10-19 20:56:57.634735,0.01,-0.29,0.77,44.80,11.29,-79.22,72.51,-56.84,-86.24,1
B,2022-10-19 20:56:57.652707,-0.02,-0.51,0.63,51.64,-2.99,-76.48,72.51,-56.84,-86.24,1
B,2022-10-19 20:56:57.671809,-0.05,-0.76,0.55,61.71,-17.94,-59.75,81.13,-44.81,-79.33,1
B,2022-10-19 20:56:57.689952,-0.06,-0.87,0.49,56.76,-26.18,-35.95,81.13,-44.81,-79.33,1
B,2022-10-19 20:56:57.708711,-0.08,-1.01,0.52,22.71,-18.37,-15.26,81.13,-44.81,-79.33,1
B,2022-10-19 20:56:57.727681,-0.04,-1.00,0.49,0.61,-19.71,-0.43,84.29,-36.79,-77.34,1
B,2022-10-19 20:56:57.745774,-0.05,-1.04,0.60,-6.59,-42.24,17.52,84.29,-36.79,-77.34,1
B,2022-10-19 20:56:57.764749,-0.04,-0.97,0.70,-12.51,-56.27,43.70,79.91,-43.55,-84.42,1
B,2022-10-19 20:56:57.782893,-0.04,-0.82,0.74,-43.21,-53.28,60.97,79.91,-43.55,-84.42,1
B,2022-10-19 20:56:57.800787,-0.08,-0.45,0.98,-46.39,-40.22,51.27,79.91,-43.55,-84.42,1
B,2022-10-19 20:56:57.819739,-0.11,-0.31,1.15,-48.34,-17.03,35.95,68.87,-54.64,-91.65,1
B,2022-10-19 20:56:57.837704,-0.27,-0.26,1.14,-47.79,20.94,29.66,68.87,-54.64,-91.65,1
B,2022-10-19 20:56:57.855693,-0.45,-0.13,1.14,-23.99,56.34,38.51,68.87,-54.64,-91.65,1
B,2022-10-19 20:56:57.874614,-0.15,-0.21,0.94,27.16,79.71,31.25,61.67,-57.69,-89.59,1
B,2022-10-19 20:56:57.892535,0.07,-0.53,0.67,24.60,64.33,29.42,61.67,-57.69,-89.59,1
B,2022-10-19 20:56:57.911425,0.07,-0.62,0.60,18.92,46.94,26.00,58.89,-56.48,-89.07,1
B,2022-10-19 20:56:57.929440,0.01,-0.73,0.49,16.60,37.17,26.79,58.89,-56.48,-89.07,1
B,2022-10-19 20:56:57.947475,0.09,-0.83,0.32,27.16,21.18,36.74,58.89,-56.48,-89.07,1
B,2022-10-19 20:56:57.966528,0.18,-0.99,0.11,25.51,-2.56,43.15,52.99,-57.17,-90.80,1
B,2022-10-19 20:56:57.984610,0.19,-0.98,0.14,4.03,-24.29,46.14,52.99,-57.17,-90.80,1
