j,2022-09-29 18:42:53.620821,0.06,1.30,-0.15,-51.64,26.37,53.96,-43.46,3.70,23.45,1
j,2022-09-29 18:42:53.638531,0.07,1.24,-0.12,5.68,26.00,56.58,-43.46,3.70,23.45,1
j,2022-09-29 18:42:53.657941,0.02,1.15,-0.11,20.08,22.40,47.24,-46.28,4.47,18.97,1
j,2022-09-29 18:42:53.675776,0.04,1.11,-0.09,20.32,24.96,34.97,-46.28,4.47,18.97,1
j,2022-09-29 18:42:53.694111,0.05,1.02,-0.03,22.83,30.88,18.55,-46.28,4.47,18.97,1
j,2022-09-29 18:42:53.713588,0.19,0.95,-0.01,6.04,25.82,10.93,-47.46,5.13,16.25,1
j,2022-09-29 18:42:53.731975,0.26,0.97,-0.15,-36.56,-5.00,-9.40,-47.46,5.13,16.25,1
j,2022-09-29 18:42:53.750451,0.24,1.09,-0.22,-77.21,-15.56,-4.70,-47.46,5.13,16.25,1
j,2022-09-29 18:42:53.770079,0.14,1.15,-0.18,-73.06,-9.95,10.31,-48.95,4.14,17.04,1
j,2022-09-29 18:42:53.787825,-0.01,1.04,-0.13,-48.83,-7.75,24.96,-48.95,4.14,17.04,1
j,2022-09-29 18:42:53.806953,-0.11,0.97,-0.06,-18.80,-13.18,27.40,-51.48,3.92,19.12,1
j,2022-09-29 18:42:53.824730,-0.21,1.32,-0.06,48.03,-5.86,0.85,-51.48,3.92,19.12,1
j,2022-09-29 18:42:53.842447,0.09,0.82,0.22,78.19,19.65,5.31,-51.48,3.92,19.12,1
j,2022-09-29 18:42:53.861538,-0.12,0.47,0.27,29.66,8.85,-4.15,-51.22,4.85,15.61,1
j,2022-09-29 18:42:53.879737,-0.08,1.05,0.20,-71.96,-11.78,35.03,-51.22,4.85,15.61,1
j,2022-09-29 18:42:53.897624,-0.03,0.99,0.14,-15.26,-14.77,65.92,-51.22,4.85,15.61,1
j,2022-09-29 18:42:53.916544,0.08,0.97,0.09,17.58,-12.15,82.09,-53.36,6.48,17.43,1
j,2022-09-29 18:42:53.934654,0.09,0.82,0.09,50.78,-1.89,77.27,-53.36,6.48,17.43,1
j,2022-09-29 18:42:53.953460,0.09,0.85,0.13,48.89,6.53,53.41,-55.10,10.28,16.72,1
j,2022-09-29 18:42:53.971460,0.03,0.85,0.18,8.30,11.78,2.56,-55.10,10.28,16.72,1
j,2022-09-29 18:42:53.989776,0.04,1.09,0.18,-22.71,6.47,-27.65,-55.10,10.28,16.72,1
j,2022-09-29 18:42:54.008471,0.14,1.26,0.19,-36.13,17.15,-29.72,-54.21,8.98,15.91,1
j,2022-09-29 18:42:54.026752,0.00,1.06,0.22,-19.96,31.80,-19.96,-54.21,8.98,15.91,1
j,2022-09-29 18:42:54.044654,-0.04,1.26,0.08,-40.41,12.21,-22.95,-54.21,8.98,15.91,1
j,2022-09-29 18:42:54.064471,-0.01,1.20,0.03,-23.13,0.67,-18.68,-52.64,7.93,14.53,1
j,2022-09-29 18:42:54.082915,-0.14,1.05,-0.06,-13.61,2.75,-37.54,-52.64,7.93,14.53,1
j,2022-09-29 18:42:54.100701,-0.35,1.36,-0.13,-20.26,12.51,-55.18,-52.64,7.93,14.53,1
j,2022-09-29 18:42:54.119909,-0.24,1.25,-0.05,32.53,21.79,-60.61,-51.70,5.76,16.24,1
j,2022-09-29 18:42:54.137539,0.04,1.10,0.06,60.18,22.83,-65.12,-51.70,5.76,16.24,1
j,2022-09-29 18:42:54.156452,0.29,0.95,0.15,28.08,4.15,-62.87,-47.29,3.25,13.45,1
j,2022-09-29 18:42:54.174717,0.36,0.86,0.13,2.81,-8.42,-62.13,-47.29,3.25,13.45,1
j,2022-09-29 18:42:54.193304,0.36,0.88,0.09,-13.49,-13.85,-52.31,-47.29,3.25,13.45,1
j,2022-09-29 18:42:54.212644,0.28,0.85,0.10,-29.85,-18.62,-37.23,-45.52,0.49,14.03,1
j,2022-09-29 18:42:54.230805,0.23,0.91,0.08,-28.14,-18.92,-15.99,-45.52,0.49,14.03,1
j,2022-09-29 18:42:54.248842,0.20,0.82,0.07,-18.43,-19.04,-6.16,-45.52,0.49,14.03,1
j,2022-09-29 18:42:54.267924,0.24,0.80,0.04,-16.78,-18.01,-2.50,-45.06,-0.49,16.19,1
j,2022-09-29 18:42:54.286324,0.24,0.80,0.06,-15.75,-10.68,7.08,-45.06,-0.49,16.19,1
j,2022-09-29 18:42:54.305669,0.34,0.74,0.10,-29.91,-10.13,32.29,-46.11,-0.43,18.07,1
j,2022-09-29 18:42:54.323889,0.49,0.73,0.11,-61.71,-25.33,58.96,-46.11,-0.43,18.07,1
j,2022-09-29 18:42:54.341722,-2.65,1.09,0.15,-53.41,-46.57,79.53,-46.11,-0.43,18.07,1
j,2022-09-29 18:42:54.360941,-0.02,1.48,-0.55,-6.16,-3.36,-14.77,-49.77,0.46,18.75,1
j,2022-09-29 18:42:54.378472,0.16,0.39,0.63,2.08,8.79,1.22,-49.77,0.46,18.75,1
j,2022-09-29 18:42:54.396737,-0.06,0.85,0.27,-142.58,-55.18,-20.26,-49.77,0.46,18.75,1
j,2022-09-29 18:42:54.416151,-0.52,1.31,-0.30,-41.38,-1.95,-28.14,-49.45,-1.00,23.28,1
j,2022-09-29 18:42:54.435172,-0.15,1.14,-0.25,35.52,34.55,-40.10,-49.45,-1.00,23.28,1
j,2022-09-29 18:42:54.454551,0.24,0.88,-0.15,57.56,48.28,-45.17,-44.98,-1.79,21.42,1
j,2022-09-29 18:42:54.472858,0.51,0.82,-0.04,9.58,26.25,-26.92,-44.98,-1.79,21.42,1
j,2022-09-29 18:42:54.490981,0.50,0.91,-0.16,-6.71,2.26,-2.69,-44.98,-1.79,21.42,1
j,2022-09-29 18:42:54.509824,0.44,0.96,-0.28,-3.85,-9.28,22.64,-43.86,-1.60,20.26,1
j,2022-09-29 18:42:54.527884,0.31,0.96,-0.26,1.71,-14.22,39.98,-43.86,-1.60,20.26,1
j,2022-09-29 18:42:54.545915,0.13,0.93,-0.22,2.20,-24.48,33.08,-43.86,-1.60,20.26,1
j,2022-09-29 18:42:54.564544,0.07,0.99,-0.25,17.09,-27.04,19.59,-45.48,0.37,22.31,1
j,2022-09-29 18:42:54.582727,0.13,0.99,-0.08,19.35,-21.73,16.72,-45.48,0.37,22.31,1
