m,2022-10-12 17:26:07.092295,0.42,0.80,-0.30,-28.44,-11.11,12.15,21.17,-78.44,-30.54,1
m,2022-10-12 17:26:07.110145,0.30,0.90,-0.35,-31.62,-11.60,8.79,21.17,-78.44,-30.54,1
m,2022-10-12 17:26:07.130988,0.26,0.94,-0.36,-15.26,-4.82,5.19,22.92,-77.72,-28.71,1
m,2022-10-12 17:26:07.151363,0.32,0.93,-0.30,3.54,1.40,-1.71,22.92,-77.72,-28.71,1
m,2022-10-12 17:26:07.169790,0.38,0.91,-0.27,2.69,2.14,4.03,23.47,-77.66,-29.63,1
m,2022-10-12 17:26:07.189456,0.40,0.87,-0.29,-6.04,9.09,9.34,23.47,-77.66,-29.63,1
m,2022-10-12 17:26:07.208940,0.34,0.89,-0.31,-11.60,9.52,8.00,23.47,-77.66,-29.63,1
m,2022-10-12 17:26:07.230735,0.29,0.93,-0.34,-0.24,4.46,-2.14,23.78,-77.49,-30.71,1
m,2022-10-12 17:26:07.247782,0.47,0.79,-0.26,6.90,3.72,-7.57,23.78,-77.49,-30.71,1
m,2022-10-12 17:26:07.266067,0.45,0.85,-0.33,-8.12,-2.87,-12.33,23.78,-77.49,-30.71,1
m,2022-10-12 17:26:07.286449,0.39,0.91,-0.34,-12.63,-1.53,-7.51,24.41,-76.81,-30.15,1
m,2022-10-12 17:26:07.306070,0.45,0.87,-0.38,3.36,6.35,-5.00,24.41,-76.81,-30.15,1
m,2022-10-12 17:26:07.324891,0.46,0.77,-0.33,-6.53,1.65,-3.30,24.69,-76.97,-29.75,1
m,2022-10-12 17:26:07.344894,0.39,0.84,-0.33,-8.91,-2.14,-4.58,24.69,-76.97,-29.75,1
m,2022-10-12 17:26:07.363240,0.41,0.82,-0.35,3.48,-4.94,1.16,24.69,-76.97,-29.75,1
m,2022-10-12 17:26:07.383741,0.41,0.77,-0.38,-5.00,-7.45,-1.10,24.23,-77.47,-30.18,1
m,2022-10-12 17:26:07.401098,0.42,0.79,-0.43,-8.12,-6.04,-4.52,24.23,-77.47,-30.18,1
m,2022-10-12 17:26:07.421120,0.44,0.82,-0.43,-7.63,-3.11,-6.04,25.77,-76.98,-30.10,1
m,2022-10-12 17:26:07.440116,0.38,0.80,-0.29,2.08,0.06,-5.37,25.77,-76.98,-30.10,1
m,2022-10-12 17:26:07.458983,0.29,1.06,-0.38,-10.93,-1.16,5.98,25.77,-76.98,-30.10,1
m,2022-10-12 17:26:07.479624,0.37,0.85,-0.35,25.21,8.48,30.76,24.78,-77.33,-29.65,1
m,2022-10-12 17:26:07.497778,0.34,0.81,-0.30,32.41,12.45,35.77,24.78,-77.33,-29.65,1
m,2022-10-12 17:26:07.515776,0.38,0.72,-0.26,24.90,15.08,36.68,24.78,-77.33,-29.65,1
m,2022-10-12 17:26:07.536064,0.38,0.70,-0.27,7.08,16.30,29.05,23.58,-78.26,-30.37,1
m,2022-10-12 17:26:07.554460,0.44,0.68,-0.21,-4.39,12.88,21.30,23.58,-78.26,-30.37,1
m,2022-10-12 17:26:07.574268,0.40,0.89,-0.37,-37.41,-5.00,0.55,23.61,-79.13,-30.10,1
m,2022-10-12 17:26:07.592731,0.46,0.92,-0.46,-25.57,-4.09,-2.38,23.61,-79.13,-30.10,1
m,2022-10-12 17:26:07.610730,0.54,0.94,-0.49,-15.93,-3.91,-5.74,23.61,-79.13,-30.10,1
m,2022-10-12 17:26:07.631444,0.47,1.03,-0.57,-12.21,-5.37,-14.71,24.23,-80.04,-28.97,1
m,2022-10-12 17:26:07.649898,0.38,1.27,-0.64,36.93,12.08,6.47,24.23,-80.04,-28.97,1
m,2022-10-12 17:26:07.668770,0.57,1.02,-0.43,99.43,28.14,28.38,23.61,-80.16,-30.04,1
m,2022-10-12 17:26:07.688491,0.44,0.07,-0.09,88.32,5.37,-20.81,23.61,-80.16,-30.04,1
m,2022-10-12 17:26:07.707044,0.26,1.27,-0.59,-48.34,-37.23,-54.93,23.61,-80.16,-30.04,1
m,2022-10-12 17:26:07.728798,0.48,1.06,-0.43,-7.14,-16.05,-19.78,25.51,-78.92,-30.71,1
m,2022-10-12 17:26:07.746039,0.43,0.84,-0.38,-19.35,-30.70,-9.22,25.51,-78.92,-30.71,1
m,2022-10-12 17:26:07.765873,0.38,0.83,-0.35,-14.95,-27.28,1.89,25.51,-78.92,-30.71,1
m,2022-10-12 17:26:07.786152,0.36,0.70,-0.31,-16.66,-31.07,1.59,24.28,-78.09,-31.05,1
m,2022-10-12 17:26:07.806951,0.22,0.91,-0.32,5.80,-11.72,11.72,24.28,-78.09,-31.05,1
m,2022-10-12 17:26:07.824543,0.17,0.62,-0.17,-13.98,-22.03,16.97,23.44,-77.53,-31.81,1
m,2022-10-12 17:26:07.843918,0.24,0.78,-0.16,-22.64,-0.37,14.83,23.44,-77.53,-31.81,1
m,2022-10-12 17:26:07.863520,0.19,0.78,-0.18,-28.20,6.84,28.87,23.44,-77.53,-31.81,1
m,2022-10-12 17:26:07.884670,0.38,0.72,-0.30,5.49,12.88,32.35,22.36,-78.34,-29.75,1
m,2022-10-12 17:26:07.902024,0.40,0.76,-0.27,3.54,10.01,26.86,22.36,-78.34,-29.75,1
m,2022-10-12 17:26:07.923211,0.39,0.86,-0.28,11.84,8.97,24.41,21.81,-79.24,-30.96,1
m,2022-10-12 17:26:07.943277,0.40,0.87,-0.35,10.38,6.84,14.71,21.81,-79.24,-30.96,1
m,2022-10-12 17:26:07.962011,0.43,0.88,-0.37,2.62,4.94,11.11,21.81,-79.24,-30.96,1
m,2022-10-12 17:26:07.981033,0.46,0.98,-0.43,-6.47,-0.92,6.41,22.19,-80.20,-30.33,1
m,2022-10-12 17:26:08.000594,0.52,0.98,-0.43,3.85,1.28,5.07,22.19,-80.20,-30.33,1
m,2022-10-12 17:26:08.020544,0.38,1.08,-0.40,11.23,3.11,-0.92,22.68,-80.49,-30.51,1
m,2022-10-12 17:26:08.041835,0.38,1.14,-0.41,55.85,10.99,18.07,22.68,-80.49,-30.51,1
m,2022-10-12 17:26:08.059009,1.30,0.26,-0.40,107.85,15.75,22.40,22.68,-80.49,-30.51,1
m,2022-10-12 17:26:08.078550,0.52,0.59,-0.10,-1.53,-8.91,-57.37,22.09,-79.80,-32.26,1
m,2022-10-12 17:26:08.098204,0.22,1.32,-0.52,-64.21,-28.08,-50.84,22.09,-79.80,-32.26,1
m,2022-10-12 17:26:08.119286,0.30,1.10,-0.45,17.15,-8.18,-10.38,22.09,-79.80,-32.26,1
m,2022-10-12 17:26:08.139229,0.42,0.78,-0.26,33.69,-2.38,2.99,23.86,-78.19,-31.81,1
m,2022-10-12 17:26:08.158908,0.33,0.75,-0.25,-16.24,-24.17,-3.97,23.86,-78.19,-31.81,1
m,2022-10-12 17:26:08.178930,0.28,0.81,-0.40,-29.05,-37.90,1.40,22.71,-77.88,-31.56,1
m,2022-10-12 17:26:08.197093,0.26,0.83,-0.39,-11.96,-41.20,18.68,22.71,-77.88,-31.56,1
m,2022-10-12 17:26:08.216871,0.30,0.78,-0.25,15.26,-26.49,25.33,22.71,-77.88,-31.56,1
m,2022-10-12 17:26:08.237231,0.27,0.73,-0.13,20.81,-15.20,25.45,21.35,-77.72,-32.29,1
m,2022-10-12 17:26:08.258234,0.26,0.80,-0.11,-8.61,-11.47,26.67,21.35,-77.72,-32.29,1
m,2022-10-12 17:26:08.276394,0.25,0.90,-0.27,-14.83,-5.25,29.11,20.42,-77.82,-33.89,1
m,2022-10-12 17:26:08.295244,0.38,0.87,-0.28,9.34,5.80,35.16,20.42,-77.82,-33.89,1
m,2022-10-12 17:26:08.314552,0.34,0.83,-0.19,13.73,5.19,29.48,20.42,-77.82,-33.89,1
m,2022-10-12 17:26:08.335493,0.35,0.84,-0.22,11.11,0.00,30.15,20.03,-79.39,-31.54,1
m,2022-10-12 17:26:08.353198,0.34,0.80,-0.24,4.27,-1.04,25.45,20.03,-79.39,-31.54,1
m,2022-10-12 17:26:08.373306,0.39,0.91,-0.28,-14.28,-2.01,12.63,20.09,-79.98,-31.59,1
m,2022-10-12 17:26:08.393074,0.37,0.99,-0.33,-12.82,0.43,10.44,20.09,-79.98,-31.59,1
m,2022-10-12 17:26:08.412407,0.41,0.96,-0.33,5.92,7.02,9.83,20.09,-79.98,-31.59,1
m,2022-10-12 17:26:08.431237,0.46,0.94,-0.28,9.09,2.20,0.06,20.25,-80.70,-32.69,1
m,2022-10-12 17:26:08.451227,0.38,1.04,-0.36,3.85,-1.59,-5.43,20.25,-80.70,-32.69,1
m,2022-10-12 17:26:08.472415,0.33,1.10,-0.41,5.13,2.69,3.91,19.89,-81.27,-31.90,1
m,2022-10-12 17:26:08.490606,0.30,1.02,-0.39,21.00,14.34,13.79,19.89,-81.27,-31.90,1
m,2022-10-12 17:26:08.509773,0.55,0.39,-0.20,35.10,12.21,0.12,19.89,-81.27,-31.90,1
m,2022-10-12 17:26:08.529494,0.22,0.86,-0.28,-32.59,-29.91,-61.22,19.80,-80.30,-32.58,1
