L,2022-11-09 12:42:38.610006,0.08,-0.49,0.85,1.40,8.79,9.70,-47.97,35.41,-74.12,1
L,2022-11-09 12:42:38.629245,0.10,-0.43,0.86,-6.23,7.08,7.87,-47.97,35.41,-74.12,1
L,2022-11-09 12:42:38.651785,0.11,-0.39,0.87,-3.66,6.84,8.91,-47.25,35.82,-74.78,1
L,2022-11-09 12:42:38.672659,0.12,-0.41,0.85,5.37,4.64,13.06,-47.25,35.82,-74.78,1
L,2022-11-09 12:42:38.692176,0.12,-0.46,0.82,5.55,3.60,14.22,-47.25,35.82,-74.78,1
L,2022-11-09 12:42:38.714830,0.12,-0.46,0.82,-5.68,3.66,7.57,-46.22,36.85,-74.27,1
L,2022-11-09 12:42:38.734932,0.11,-0.35,0.87,-7.39,2.62,3.23,-46.22,36.85,-74.27,1
L,2022-11-09 12:42:38.757232,0.14,-0.38,0.87,-4.46,1.53,2.32,-46.29,36.60,-75.87,1
L,2022-11-09 12:42:38.778292,0.16,-0.36,0.87,-2.08,-0.79,-1.28,-46.29,36.60,-75.87,1
L,2022-11-09 12:42:38.799411,0.13,-0.40,0.86,-3.23,-3.05,-2.32,-47.67,36.11,-76.67,1
L,2022-11-09 12:42:38.818031,0.12,-0.42,0.86,-9.64,-6.41,-4.64,-47.67,36.11,-76.67,1
L,2022-11-09 12:42:38.838681,-0.33,-0.04,1.06,42.91,6.90,12.27,-47.67,36.11,-76.67,1
L,2022-11-09 12:42:38.859238,0.06,-0.85,0.83,42.60,0.55,20.02,-48.18,36.77,-76.23,1
L,2022-11-09 12:42:38.881836,0.07,-0.50,0.85,-17.82,-2.32,-9.52,-48.18,36.77,-76.23,1
L,2022-11-09 12:42:38.904456,0.03,-0.34,0.85,-21.55,-12.21,-9.52,-48.23,36.02,-75.93,1
L,2022-11-09 12:42:38.926114,0.04,-0.32,0.78,-13.49,-22.34,-7.75,-48.23,36.02,-75.93,1
L,2022-11-09 12:42:38.947034,0.01,-0.33,0.74,-8.48,-25.76,-8.30,-48.23,36.02,-75.93,1
L,2022-11-09 12:42:38.968683,0.03,-0.31,0.80,-0.98,-25.15,-8.42,-50.56,33.96,-74.49,1
L,2022-11-09 12:42:38.990641,0.01,-0.32,0.80,11.72,-27.47,-10.86,-50.56,33.96,-74.49,1
L,2022-11-09 12:42:39.011303,0.02,-0.38,0.86,17.33,-25.33,-10.62,-52.88,32.60,-72.22,1
L,2022-11-09 12:42:39.030295,0.03,-0.45,0.93,15.81,-22.77,-10.25,-52.88,32.60,-72.22,1
L,2022-11-09 12:42:39.050234,0.03,-0.48,0.97,13.67,-19.04,-8.06,-55.70,31.26,-69.21,1
L,2022-11-09 12:42:39.069284,0.03,-0.53,0.98,10.25,-14.65,-5.43,-55.70,31.26,-69.21,1
L,2022-11-09 12:42:39.089009,0.02,-0.53,0.99,1.22,-9.40,-4.52,-55.70,31.26,-69.21,1
L,2022-11-09 12:42:39.110354,0.02,-0.45,0.98,0.55,-4.33,-2.81,-57.19,29.99,-68.76,1
L,2022-11-09 12:42:39.133055,0.02,-0.39,0.98,3.11,2.56,0.06,-57.19,29.99,-68.76,1
L,2022-11-09 12:42:39.152696,0.01,-0.33,1.02,4.94,5.37,3.23,-57.64,29.48,-69.87,1
L,2022-11-09 12:42:39.174787,0.03,-0.35,0.96,10.56,-0.31,1.53,-57.64,29.48,-69.87,1
L,2022-11-09 12:42:39.195172,0.03,-0.29,0.93,6.59,3.72,-12.02,-57.64,29.48,-69.87,1
L,2022-11-09 12:42:39.217927,0.02,-0.12,1.01,13.55,10.93,-22.89,-57.10,28.71,-69.56,1
L,2022-11-09 12:42:39.240010,0.00,-0.30,0.96,37.60,6.77,-20.32,-57.10,28.71,-69.56,1
L,2022-11-09 12:42:39.262564,-0.04,-0.50,0.85,47.00,3.36,-19.10,-57.50,26.89,-69.07,1
L,2022-11-09 12:42:39.283349,-0.08,-0.70,0.79,34.48,-0.98,-10.25,-57.50,26.89,-69.07,1
L,2022-11-09 12:42:39.306506,-0.09,-0.73,0.80,19.90,-4.21,-2.81,-56.80,26.55,-68.48,1
L,2022-11-09 12:42:39.326690,-0.06,-0.80,0.75,-1.40,-5.92,16.85,-56.80,26.55,-68.48,1
L,2022-11-09 12:42:39.347433,-0.04,-0.70,0.83,-30.52,0.12,7.75,-56.80,26.55,-68.48,1
L,2022-11-09 12:42:39.370738,-0.04,-0.25,0.95,-44.68,0.24,2.08,-56.96,25.46,-68.35,1
L,2022-11-09 12:42:39.391598,-0.07,-0.22,0.95,-0.12,2.44,28.56,-56.96,25.46,-68.35,1
L,2022-11-09 12:42:39.414333,-0.18,-0.44,1.03,14.77,18.43,23.93,-56.74,25.63,-67.64,1
L,2022-11-09 12:42:39.436239,-0.02,-0.44,1.02,22.28,32.41,6.71,-56.74,25.63,-67.64,1
L,2022-11-09 12:42:39.456002,0.07,-0.50,0.98,23.68,33.26,6.84,-53.54,26.73,-67.93,1
L,2022-11-09 12:42:39.475824,0.12,-0.52,0.92,12.82,29.42,3.42,-53.54,26.73,-67.93,1
L,2022-11-09 12:42:39.496561,0.13,-0.50,0.86,7.63,25.21,1.28,-53.54,26.73,-67.93,1
L,2022-11-09 12:42:39.518092,0.13,-0.51,0.80,-0.37,19.10,1.22,-51.14,26.86,-69.76,1
L,2022-11-09 12:42:39.537883,0.09,-0.48,0.81,-9.16,15.93,0.24,-51.14,26.86,-69.76,1
L,2022-11-09 12:42:39.557904,0.11,-0.46,0.81,-5.74,12.15,5.68,-49.83,27.08,-70.34,1
L,2022-11-09 12:42:39.576893,0.12,-0.51,0.80,-4.76,9.52,8.24,-49.83,27.08,-70.34,1
L,2022-11-09 12:42:39.599986,0.11,-0.48,0.83,-12.15,6.59,7.51,-49.83,27.08,-70.34,1
L,2022-11-09 12:42:39.620008,0.04,-0.48,0.84,-15.99,4.94,7.57,-49.02,26.07,-69.35,1
L,2022-11-09 12:42:39.640254,0.03,-0.44,0.87,-16.54,9.95,4.76,-49.02,26.07,-69.35,1
L,2022-11-09 12:42:39.660245,0.03,-0.43,0.89,-14.40,11.78,5.86,-48.58,25.34,-70.89,1
L,2022-11-09 12:42:39.681826,0.04,-0.44,0.89,-9.03,11.29,7.51,-48.58,25.34,-70.89,1
L,2022-11-09 12:42:39.702037,0.05,-0.48,0.87,-6.71,8.48,8.48,-48.58,25.34,-70.89,1
L,2022-11-09 12:42:39.723040,0.02,-0.45,0.87,-7.93,8.06,7.02,-47.79,25.29,-71.12,1
L,2022-11-09 12:42:39.742386,0.04,-0.43,0.88,-2.56,10.56,7.20,-47.79,25.29,-71.12,1
