Y,2022-10-30 19:51:27.297622,0.19,0.40,-0.97,-52.43,53.96,-61.46,-3.78,-6.92,-61.62,1
Y,2022-10-30 19:51:27.316632,0.20,0.26,-1.06,-59.81,51.76,-63.11,-3.23,-14.90,-67.58,1
Y,2022-10-30 19:51:27.334660,0.17,0.08,-1.18,-80.93,41.08,-49.56,-3.23,-14.90,-67.58,1
Y,2022-10-30 19:51:27.352724,0.14,0.01,-1.29,-93.87,28.99,-18.68,-3.23,-14.90,-67.58,1
Y,2022-10-30 19:51:27.371640,0.07,0.06,-1.33,-69.76,25.21,-16.24,1.04,-18.25,-67.30,1
Y,2022-10-30 19:51:27.389553,0.02,0.06,-1.29,-37.72,29.72,-26.55,1.04,-18.25,-67.30,1
Y,2022-10-30 19:51:27.407651,-0.07,0.08,-1.30,-25.39,28.20,-27.59,1.04,-18.25,-67.30,1
Y,2022-10-30 19:51:27.426627,-0.14,0.08,-1.25,-37.48,13.24,-8.67,2.97,-20.64,-64.92,1
Y,2022-10-30 19:51:27.444702,-0.13,0.14,-1.20,-50.96,-7.02,19.04,2.97,-20.64,-64.92,1
Y,2022-10-30 19:51:27.463627,-0.08,0.19,-1.16,-41.87,-9.34,18.80,3.65,-22.40,-62.68,1
Y,2022-10-30 19:51:27.481692,-0.07,0.23,-1.06,-19.35,-3.36,2.69,3.65,-22.40,-62.68,1
Y,2022-10-30 19:51:27.499718,-0.01,0.21,-1.00,-18.86,0.00,-6.90,3.65,-22.40,-62.68,1
Y,2022-10-30 19:51:27.518569,-0.07,0.20,-0.87,-60.85,-0.73,14.28,4.50,-22.89,-60.68,1
Y,2022-10-30 19:51:27.536444,0.08,0.09,-0.74,-49.19,16.72,34.61,4.50,-22.89,-60.68,1
Y,2022-10-30 19:51:27.554489,0.08,-0.05,-0.67,-61.46,39.31,48.95,4.50,-22.89,-60.68,1
Y,2022-10-30 19:51:27.573630,-0.77,0.50,-1.47,-64.76,19.96,52.80,0.46,-21.89,-55.73,1
Y,2022-10-30 19:51:27.591607,-0.93,-0.24,-0.30,33.81,8.48,31.31,0.46,-21.89,-55.73,1
Y,2022-10-30 19:51:27.610557,-0.24,0.23,-0.71,57.31,6.47,67.20,-2.91,-22.22,-55.26,1
Y,2022-10-30 19:51:27.628790,-0.12,0.23,-0.91,60.79,29.54,69.21,-2.91,-22.22,-55.26,1
Y,2022-10-30 19:51:27.646516,-0.08,0.26,-0.92,61.46,37.41,46.51,-2.91,-22.22,-55.26,1
Y,2022-10-30 19:51:27.665540,-0.06,0.28,-0.95,63.48,38.15,21.12,-9.99,-23.43,-58.79,1
Y,2022-10-30 19:51:27.683547,-0.05,0.38,-1.07,36.68,23.50,15.01,-9.99,-23.43,-58.79,1
Y,2022-10-30 19:51:27.701710,-0.02,0.56,-1.16,-6.96,7.32,18.86,-9.99,-23.43,-58.79,1
Y,2022-10-30 19:51:27.720546,-0.06,0.53,-1.27,-30.33,0.73,8.79,-14.72,-22.97,-60.31,1
Y,2022-10-30 19:51:27.738780,-0.08,0.47,-1.32,-20.81,3.85,-13.49,-14.72,-22.97,-60.31,1
Y,2022-10-30 19:51:27.756697,-0.07,0.32,-1.34,29.54,6.04,-36.32,-14.72,-22.97,-60.31,1
Y,2022-10-30 19:51:27.775707,-0.23,0.41,-1.30,-16.66,-47.00,-21.61,-13.64,-23.14,-58.47,1
Y,2022-10-30 19:51:27.793765,-0.00,0.32,-1.14,-11.47,-61.95,-16.05,-13.64,-23.14,-58.47,1
Y,2022-10-30 19:51:27.812616,0.11,0.43,-0.99,-24.11,-56.34,3.72,-8.81,-22.52,-58.54,1
Y,2022-10-30 19:51:27.830733,0.19,0.43,-0.87,-33.20,-22.89,-3.23,-8.81,-22.52,-58.54,1
Y,2022-10-30 19:51:27.848688,0.06,0.42,-0.63,-39.86,-12.21,-2.50,-8.81,-22.52,-58.54,1
Y,2022-10-30 19:51:27.867698,-0.01,0.68,-0.98,-18.62,7.63,-7.87,-5.59,-21.48,-56.70,1
Y,2022-10-30 19:51:27.885740,-0.20,0.46,-0.49,5.25,-10.56,-5.68,-5.59,-21.48,-56.70,1
Y,2022-10-30 19:51:27.903614,-0.09,0.24,-0.66,13.18,-6.84,15.75,-5.59,-21.48,-56.70,1
Y,2022-10-30 19:51:27.922614,-0.03,0.31,-0.76,-31.25,-33.26,20.45,-4.55,-22.06,-55.47,1
Y,2022-10-30 19:51:27.940582,-0.11,0.53,-0.50,47.00,60.61,-23.44,-4.55,-22.06,-55.47,1
Y,2022-10-30 19:51:27.959534,-0.12,0.42,-0.71,23.19,66.41,-9.64,-8.59,-22.27,-55.99,1
Y,2022-10-30 19:51:27.977611,-0.02,0.37,-0.94,8.79,64.94,-0.61,-8.59,-22.27,-55.99,1
Y,2022-10-30 19:51:27.995789,0.04,0.12,-1.27,-11.72,19.90,6.71,-8.59,-22.27,-55.99,1
Y,2022-10-30 19:51:28.014659,-0.03,0.00,-1.54,-24.23,-11.84,11.47,-13.45,-22.64,-57.52,1
Y,2022-10-30 19:51:28.032660,-0.11,0.19,-1.43,-29.85,-29.97,7.32,-13.45,-22.64,-57.52,1
Y,2022-10-30 19:51:28.050666,-0.12,0.34,-1.20,11.41,-7.26,-12.08,-13.45,-22.64,-57.52,1
Y,2022-10-30 19:51:28.069562,-0.20,0.24,-0.96,44.68,22.40,-16.66,-14.04,-22.68,-58.78,1
Y,2022-10-30 19:51:28.087508,-0.09,0.34,-0.77,40.47,22.52,20.81,-14.04,-22.68,-58.78,1
Y,2022-10-30 19:51:28.105583,-0.16,0.37,-0.58,23.99,1.83,29.72,-14.04,-22.68,-58.78,1
Y,2022-10-30 19:51:28.124493,-0.21,0.44,-0.52,35.22,9.89,37.05,-15.69,-22.60,-58.89,1
Y,2022-10-30 19:51:28.142499,-0.15,0.42,-0.71,39.73,32.29,21.06,-15.69,-22.60,-58.89,1
Y,2022-10-30 19:51:28.161592,-0.12,0.32,-0.96,17.94,34.12,-0.31,-20.12,-22.25,-63.18,1
Y,2022-10-30 19:51:28.179634,-0.13,0.35,-1.09,-6.47,14.40,5.19,-20.12,-22.25,-63.18,1
Y,2022-10-30 19:51:28.197608,-0.14,0.37,-1.20,-18.31,8.06,7.69,-20.12,-22.25,-63.18,1
Y,2022-10-30 19:51:28.216703,-0.17,0.35,-1.25,-23.19,9.09,2.87,-22.78,-21.17,-65.25,1
Y,2022-10-30 19:51:28.234691,-0.19,0.31,-1.23,-14.34,21.91,-8.85,-22.78,-21.17,-65.25,1
Y,2022-10-30 19:51:28.252574,-0.45,0.35,-1.44,13.98,18.01,-9.16,-22.78,-21.17,-65.25,1
Y,2022-10-30 19:51:28.271744,-0.44,0.43,-1.42,29.60,-18.01,-17.03,-22.97,-20.48,-66.20,1
