e,2022-10-31 16:04:39.280793,0.43,-0.52,-1.00,-36.19,18.62,-26.86,35.35,-4.11,47.34,1
e,2022-10-31 16:04:39.301046,0.46,-0.39,-0.97,-26.25,14.04,7.75,35.35,-4.11,47.34,1
e,2022-10-31 16:04:39.319875,0.47,-0.41,-1.00,-33.57,3.05,36.25,35.35,-4.11,47.34,1
e,2022-10-31 16:04:39.337222,0.54,-0.45,-0.86,-21.97,7.32,26.92,39.16,-1.22,49.13,1
e,2022-10-31 16:04:39.357618,0.56,-0.31,-0.88,-4.88,15.32,-6.10,39.16,-1.22,49.13,1
e,2022-10-31 16:04:39.377601,0.57,-0.21,-0.76,-0.67,31.49,-14.28,41.54,1.07,51.45,1
e,2022-10-31 16:04:39.397702,0.36,0.18,-0.89,-26.25,48.95,23.01,41.54,1.07,51.45,1
e,2022-10-31 16:04:39.421619,0.28,-0.01,-1.00,-97.05,24.17,69.27,41.54,1.07,51.45,1
e,2022-10-31 16:04:39.441681,0.43,-0.63,-1.07,-62.01,-10.38,90.64,41.27,6.38,57.78,1
e,2022-10-31 16:04:39.461672,0.44,-0.52,-1.02,-32.78,-10.62,75.87,41.27,6.38,57.78,1
e,2022-10-31 16:04:39.481670,0.45,-0.38,-1.05,-15.32,3.23,76.54,42.35,7.43,58.74,1
e,2022-10-31 16:04:39.504003,0.36,-0.26,-1.07,62.07,-15.75,25.09,42.35,7.43,58.74,1
e,2022-10-31 16:04:39.524009,0.53,-0.01,-0.88,89.60,-5.19,32.35,42.35,7.43,58.74,1
e,2022-10-31 16:04:39.544017,0.55,-0.14,-0.89,89.72,-0.12,33.45,42.88,0.23,57.69,1
e,2022-10-31 16:04:39.568926,0.58,-0.00,-0.91,106.32,-2.56,32.84,42.88,0.23,57.69,1
e,2022-10-31 16:04:39.590394,0.61,0.09,-0.82,100.52,-7.87,26.73,42.71,-9.89,55.81,1
e,2022-10-31 16:04:39.610384,0.64,0.16,-0.76,85.94,-1.89,-1.46,42.71,-9.89,55.81,1
e,2022-10-31 16:04:39.630380,0.62,0.34,-0.77,63.17,-0.06,-5.07,43.18,-16.60,54.49,1
e,2022-10-31 16:04:39.654745,0.68,0.12,-0.61,-11.35,-6.59,15.87,43.18,-16.60,54.49,1
e,2022-10-31 16:04:39.670914,0.75,0.08,-0.77,-87.10,-36.56,21.30,43.18,-16.60,54.49,1
e,2022-10-31 16:04:39.691305,0.76,0.11,-0.83,-139.95,-50.35,16.42,46.36,-10.74,55.63,1
e,2022-10-31 16:04:39.711298,0.38,0.15,-1.00,-146.91,-43.33,12.57,46.36,-10.74,55.63,1
e,2022-10-31 16:04:39.731401,0.59,-0.05,-0.81,-101.50,-17.27,9.34,52.09,0.59,53.93,1
e,2022-10-31 16:04:39.753669,0.51,-0.08,-0.81,-87.16,-6.84,-7.32,52.09,0.59,53.93,1
e,2022-10-31 16:04:39.773711,0.35,-0.01,-0.80,-68.79,18.86,-43.21,52.09,0.59,53.93,1
e,2022-10-31 16:04:39.793816,0.38,-0.06,-0.78,-20.75,46.63,-68.85,52.71,9.57,54.04,1
e,2022-10-31 16:04:39.820150,0.40,-0.26,-0.78,-32.71,54.69,-41.93,52.71,9.57,54.04,1
e,2022-10-31 16:04:39.840236,0.27,-0.57,-0.92,-2.93,52.37,-27.22,44.90,12.28,56.29,1
e,2022-10-31 16:04:39.853272,0.46,-0.35,-0.82,117.92,74.95,-42.36,44.90,12.28,56.29,1
e,2022-10-31 16:04:39.883343,0.46,-0.14,-0.97,158.39,58.23,-27.40,44.90,12.28,56.29,1
e,2022-10-31 16:04:39.905155,0.55,-0.19,-0.91,243.53,57.92,-20.32,36.10,-0.67,57.62,1
e,2022-10-31 16:04:39.925191,0.72,-0.11,-0.83,284.79,43.21,-26.86,36.10,-0.67,57.62,1
e,2022-10-31 16:04:39.947059,0.55,0.27,-0.97,242.55,18.13,-22.52,31.84,-24.18,54.39,1
e,2022-10-31 16:04:39.967054,0.56,0.37,-0.80,152.83,3.17,-7.14,31.84,-24.18,54.39,1
e,2022-10-31 16:04:39.987047,0.47,0.40,-0.83,-51.27,-24.90,35.40,31.32,-32.08,50.99,1
e,2022-10-31 16:04:40.007041,0.44,0.22,-0.91,-177.12,-44.31,84.05,31.32,-32.08,50.99,1
e,2022-10-31 16:04:40.031210,0.11,-0.58,-1.16,-90.64,-78.55,4.39,31.32,-32.08,50.99,1
e,2022-10-31 16:04:40.053004,0.64,-0.15,-1.06,83.07,-63.72,-101.75,32.86,-23.35,53.96,1
