Q,2022-10-25 17:12:33.282305,0.08,0.55,-0.97,18.31,-56.34,-12.45,-53.88,-6.98,-132.96,1
Q,2022-10-25 17:12:33.301623,0.21,0.43,-0.79,13.18,-51.64,-11.41,-53.88,-6.98,-132.96,1
Q,2022-10-25 17:12:33.321110,0.27,0.36,-0.79,-2.93,-42.11,-2.01,-69.43,-35.69,-120.26,1
Q,2022-10-25 17:12:33.340811,0.29,0.25,-0.66,-28.14,-42.60,5.13,-69.43,-35.69,-120.26,1
Q,2022-10-25 17:12:33.360955,0.35,0.15,-0.54,-38.51,-38.57,19.96,-70.39,-60.63,-99.34,1
Q,2022-10-25 17:12:33.380047,0.30,0.33,-0.52,-49.38,-22.40,49.07,-70.39,-60.63,-99.34,1
Q,2022-10-25 17:12:33.397890,0.14,0.53,-0.52,-36.07,-4.46,41.02,-70.39,-60.63,-99.34,1
Q,2022-10-25 17:12:33.418352,0.05,0.59,-0.57,-6.84,7.14,17.82,-65.69,-78.55,-77.16,1
Q,2022-10-25 17:12:33.437722,0.15,0.35,-0.64,21.91,2.87,6.90,-65.69,-78.55,-77.16,1
Q,2022-10-25 17:12:33.457042,0.11,0.44,-0.69,2.69,-9.95,17.33,-50.61,-94.30,-58.54,1
Q,2022-10-25 17:12:33.475887,0.07,0.52,-0.64,-5.25,-19.96,16.60,-50.61,-94.30,-58.54,1
Q,2022-10-25 17:12:33.494586,0.08,0.55,-0.52,-15.32,-9.09,17.82,-50.61,-94.30,-58.54,1
Q,2022-10-25 17:12:33.514037,0.02,0.64,-0.43,-37.54,5.68,9.70,-30.55,-105.47,-41.44,1
Q,2022-10-25 17:12:33.533483,-0.03,0.67,-0.30,-53.59,43.82,-15.93,-30.55,-105.47,-41.44,1
Q,2022-10-25 17:12:33.551541,-0.29,0.47,-0.50,-48.22,4.46,-52.12,-30.55,-105.47,-41.44,1
Q,2022-10-25 17:12:33.571425,-0.00,0.26,-0.43,-37.23,27.89,-41.38,-21.08,-108.70,-26.44,1
Q,2022-10-25 17:12:33.589461,-0.04,0.27,-0.44,-76.66,23.07,-15.01,-21.08,-108.70,-26.44,1
Q,2022-10-25 17:12:33.609220,-0.10,0.17,-0.71,-91.19,49.19,-4.52,-47.85,-107.17,-25.04,1
Q,2022-10-25 17:12:33.628771,-0.04,-0.12,-1.31,-72.94,58.90,5.55,-47.85,-107.17,-25.04,1
Q,2022-10-25 17:12:33.646888,-0.01,-0.19,-1.44,-47.79,50.42,19.29,-47.85,-107.17,-25.04,1
Q,2022-10-25 17:12:33.666615,0.04,-0.13,-1.69,31.68,34.48,28.38,-89.25,-99.41,-47.83,1
Q,2022-10-25 17:12:33.685969,0.21,0.10,-1.81,81.85,15.63,31.13,-89.25,-99.41,-47.83,1
Q,2022-10-25 17:12:33.705623,0.31,0.40,-1.70,123.72,-14.40,31.92,-106.62,-92.69,-65.20,1
Q,2022-10-25 17:12:33.723308,0.41,1.05,-1.21,124.27,-45.72,22.89,-106.62,-92.69,-65.20,1
Q,2022-10-25 17:12:33.742626,0.46,1.04,-0.91,98.08,-38.27,2.01,-106.62,-92.69,-65.20,1
Q,2022-10-25 17:12:33.762647,0.17,1.19,-0.69,28.14,-41.14,0.00,-90.84,-100.09,-51.77,1
Q,2022-10-25 17:12:33.781089,0.35,0.87,-0.71,-52.06,-48.58,-16.85,-90.84,-100.09,-51.77,1
Q,2022-10-25 17:12:33.800218,0.08,0.66,-0.39,-38.88,-26.37,-22.22,-90.84,-100.09,-51.77,1
Q,2022-10-25 17:12:33.820703,0.16,0.59,-0.28,-27.16,-7.26,-23.86,-46.12,-106.08,-34.94,1
Q,2022-10-25 17:12:33.840048,0.02,0.46,-0.07,-43.46,10.68,-39.86,-46.12,-106.08,-34.94,1
Q,2022-10-25 17:12:33.859107,-0.25,0.08,-0.18,-53.28,23.99,-43.27,-21.06,-104.38,-30.57,1
Q,2022-10-25 17:12:33.878687,-0.20,-0.09,-0.39,-60.91,29.85,-20.81,-21.06,-104.38,-30.57,1
Q,2022-10-25 17:12:33.897837,-0.27,-0.35,-0.73,-75.20,43.95,2.50,-21.06,-104.38,-30.57,1
Q,2022-10-25 17:12:33.917871,-0.23,-0.33,-1.08,-55.66,47.00,27.71,-54.72,-103.33,-24.89,1
Q,2022-10-25 17:12:33.938068,-0.06,-0.34,-1.33,-12.02,44.68,47.61,-54.72,-103.33,-24.89,1
Q,2022-10-25 17:12:33.958167,0.13,0.00,-1.63,44.31,13.73,62.13,-106.58,-88.33,-58.33,1
Q,2022-10-25 17:12:33.977275,0.35,0.36,-1.66,86.91,-10.44,60.61,-106.58,-88.33,-58.33,1
Q,2022-10-25 17:12:33.995524,0.38,0.71,-1.51,115.42,-29.17,31.49,-106.58,-88.33,-58.33,1
Q,2022-10-25 17:12:34.014959,0.33,1.33,-0.90,113.34,-21.67,11.41,-122.88,-70.14,-81.02,1
Q,2022-10-25 17:12:34.032578,0.24,1.61,-0.32,89.05,5.92,-6.77,-122.88,-70.14,-81.02,1
Q,2022-10-25 17:12:34.053345,0.14,0.82,-0.67,114.56,62.26,24.23,-118.04,-72.17,-85.56,1
Q,2022-10-25 17:12:34.072282,0.10,0.46,-0.68,65.80,13.18,59.08,-118.04,-72.17,-85.56,1
Q,2022-10-25 17:12:34.089945,0.09,0.30,-0.78,5.31,-11.72,59.02,-118.04,-72.17,-85.56,1
Q,2022-10-25 17:12:34.110621,0.06,0.31,-0.80,-23.56,-22.22,29.60,-117.02,-69.37,-84.35,1
Q,2022-10-25 17:12:34.129767,0.06,0.44,-0.86,-50.42,-27.40,-12.08,-117.02,-69.37,-84.35,1
Q,2022-10-25 17:12:34.147469,0.03,0.59,-0.94,-73.18,-21.97,-22.64,-117.02,-69.37,-84.35,1
Q,2022-10-25 17:12:34.167887,-0.17,0.50,-0.95,-55.54,-7.45,-30.94,-120.95,-67.36,-80.87,1
Q,2022-10-25 17:12:34.186220,-0.02,0.54,-1.17,56.88,41.32,9.34,-120.95,-67.36,-80.87,1
