x,2022-10-12 15:01:49.790890,0.52,-0.22,0.82,18.68,8.42,4.46,35.85,22.14,12.70,1
x,2022-10-12 15:01:49.810012,0.48,-0.30,0.80,27.89,5.37,12.21,36.82,19.84,14.55,1
x,2022-10-12 15:01:49.827957,0.54,-0.32,0.70,53.96,-3.05,28.93,36.82,19.84,14.55,1
x,2022-10-12 15:01:49.847049,0.55,-0.38,0.72,75.13,-34.18,36.80,37.33,17.76,16.83,1
x,2022-10-12 15:01:49.864988,0.42,-0.35,0.84,65.86,-35.10,39.79,37.33,17.76,16.83,1
x,2022-10-12 15:01:49.882969,0.44,-0.09,0.85,3.48,-11.11,18.68,37.33,17.76,16.83,1
x,2022-10-12 15:01:49.901995,0.44,-0.05,0.92,-8.06,-2.44,8.54,36.38,16.88,16.94,1
x,2022-10-12 15:01:49.920035,0.49,-0.09,0.87,11.54,-4.52,19.35,36.38,16.88,16.94,1
x,2022-10-12 15:01:49.937952,0.51,-0.13,0.87,5.19,1.53,15.75,36.38,16.88,16.94,1
x,2022-10-12 15:01:49.956991,0.51,-0.11,0.83,-14.22,11.11,7.87,35.25,17.44,18.91,1
x,2022-10-12 15:01:49.974993,0.54,-0.08,0.79,-18.43,11.29,4.03,35.25,17.44,18.91,1
x,2022-10-12 15:01:49.993968,0.58,-0.05,0.74,-15.50,5.49,3.97,33.95,17.35,18.54,1
x,2022-10-12 15:01:50.012087,0.51,-0.05,0.67,-14.16,-3.85,5.55,33.95,17.35,18.54,1
x,2022-10-12 15:01:50.030033,0.22,0.16,0.86,-2.44,-0.85,4.27,33.95,17.35,18.54,1
x,2022-10-12 15:01:50.049004,0.50,-0.03,0.90,18.49,4.15,-2.50,33.63,15.89,18.54,1
x,2022-10-12 15:01:50.067034,0.48,-0.02,0.84,23.68,-2.62,1.04,33.63,15.89,18.54,1
x,2022-10-12 15:01:50.084905,0.45,-0.20,0.78,22.22,1.77,-5.37,33.63,15.89,18.54,1
x,2022-10-12 15:01:50.103953,0.37,0.04,0.80,-45.65,18.07,-40.71,33.61,15.32,19.04,1
x,2022-10-12 15:01:50.122029,0.44,0.03,0.78,-49.07,16.17,-51.21,33.61,15.32,19.04,1
x,2022-10-12 15:01:50.139960,0.38,0.13,0.85,1.16,-2.81,-31.25,33.61,15.32,19.04,1
x,2022-10-12 15:01:50.159305,0.39,-0.02,0.81,54.44,-29.91,-24.66,36.02,15.19,19.17,1
x,2022-10-12 15:01:50.177086,0.44,-0.23,0.74,63.66,-45.04,-12.63,36.02,15.19,19.17,1
x,2022-10-12 15:01:50.196146,0.44,-0.30,0.74,63.60,-53.83,-0.85,40.82,14.42,18.18,1
x,2022-10-12 15:01:50.213965,0.51,-0.37,0.76,54.44,-59.94,4.82,40.82,14.42,18.18,1
x,2022-10-12 15:01:50.232030,0.59,-0.41,0.77,55.36,-70.74,27.77,40.82,14.42,18.18,1
x,2022-10-12 15:01:50.250905,0.45,-0.34,0.81,31.56,-63.78,32.29,43.70,14.09,15.81,1
x,2022-10-12 15:01:50.268920,0.43,-0.24,0.84,28.69,-67.38,46.75,43.70,14.09,15.81,1
x,2022-10-12 15:01:50.286984,0.40,-0.05,0.99,15.56,-55.73,42.24,43.70,14.09,15.81,1
x,2022-10-12 15:01:50.306030,0.37,-0.01,1.08,5.13,-34.06,25.57,45.00,15.54,13.18,1
x,2022-10-12 15:01:50.324134,0.39,0.09,1.20,-3.85,-4.39,7.39,45.00,15.54,13.18,1
x,2022-10-12 15:01:50.342922,0.38,-0.03,1.04,26.31,-3.97,15.93,44.86,15.48,14.14,1
x,2022-10-12 15:01:50.361040,0.33,-0.04,1.22,44.01,-8.48,20.51,44.86,15.48,14.14,1
x,2022-10-12 15:01:50.379046,0.42,-0.07,1.02,-11.05,42.05,-16.85,44.86,15.48,14.14,1
x,2022-10-12 15:01:50.398180,0.43,-0.10,1.03,-23.86,61.65,-28.02,43.73,15.06,14.20,1
x,2022-10-12 15:01:50.416269,0.48,-0.18,0.96,-38.02,89.42,-38.45,43.73,15.06,14.20,1
x,2022-10-12 15:01:50.434103,0.44,-0.24,0.77,-44.43,95.34,-41.93,43.73,15.06,14.20,1
x,2022-10-12 15:01:50.453181,0.42,-0.35,0.69,-50.35,85.27,-40.34,41.33,14.54,16.58,1
x,2022-10-12 15:01:50.471041,0.39,-0.30,0.61,-46.02,48.28,-28.63,41.33,14.54,16.58,1
x,2022-10-12 15:01:50.489073,0.42,-0.18,0.67,-50.11,38.45,-30.52,41.33,14.54,16.58,1
x,2022-10-12 15:01:50.508107,0.41,-0.17,0.75,-51.03,34.55,-37.23,40.16,13.87,18.79,1
x,2022-10-12 15:01:50.526047,0.39,-0.19,0.63,-36.38,24.35,-25.39,40.16,13.87,18.79,1
x,2022-10-12 15:01:50.545110,0.44,-0.20,0.75,-0.31,8.36,-3.17,41.55,12.48,19.21,1
x,2022-10-12 15:01:50.563193,0.45,-0.18,0.69,82.28,-40.04,21.00,41.55,12.48,19.21,1
x,2022-10-12 15:01:50.581111,0.37,-0.22,0.71,108.22,-67.26,38.45,41.55,12.48,19.21,1
x,2022-10-12 15:01:50.600078,0.36,-0.19,0.83,86.43,-70.68,24.35,44.80,10.80,16.65,1
x,2022-10-12 15:01:50.617970,0.57,-0.15,1.00,45.35,-70.19,4.27,44.80,10.80,16.65,1
x,2022-10-12 15:01:50.636216,0.50,-0.03,1.04,4.09,-38.57,-10.31,44.80,10.80,16.65,1
x,2022-10-12 15:01:50.655082,0.44,-0.01,1.01,10.13,-29.97,-15.44,47.12,12.07,15.31,1
x,2022-10-12 15:01:50.673145,0.34,-0.04,0.99,10.13,-13.37,-23.56,47.12,12.07,15.31,1
x,2022-10-12 15:01:50.691127,0.39,0.22,0.96,-17.58,12.76,-51.94,47.12,12.07,15.31,1
x,2022-10-12 15:01:50.710131,0.46,-0.18,0.96,-13.00,25.02,-54.75,47.11,14.79,15.56,1
x,2022-10-12 15:01:50.728153,0.33,-0.24,1.02,-5.43,31.80,-31.37,47.11,14.79,15.56,1
x,2022-10-12 15:01:50.747008,0.41,-0.33,0.96,31.31,38.33,7.02,47.24,16.65,14.60,1
x,2022-10-12 15:01:50.765096,0.45,-0.35,0.83,31.98,34.12,22.22,47.24,16.65,14.60,1
x,2022-10-12 15:01:50.782991,0.48,-0.27,0.80,18.68,33.63,25.88,47.24,16.65,14.60,1
x,2022-10-12 15:01:50.802043,0.50,-0.21,0.74,-10.31,39.12,18.43,46.62,17.71,14.71,1
x,2022-10-12 15:01:50.820144,0.54,-0.13,0.69,-27.34,34.18,10.07,46.62,17.71,14.71,1
x,2022-10-12 15:01:50.838189,0.54,-0.11,0.72,-40.41,24.05,-1.65,46.62,17.71,14.71,1
