Y,2022-11-01 14:51:06.480585,0.11,0.41,0.82,38.57,12.02,-26.31,6.36,10.28,-43.68,1
Y,2022-11-01 14:51:06.498595,0.16,0.32,0.81,50.29,10.25,-29.17,6.36,10.28,-43.68,1
Y,2022-11-01 14:51:06.517576,0.20,0.19,0.83,47.91,7.45,-28.50,7.42,10.16,-42.30,1
Y,2022-11-01 14:51:06.535566,0.20,0.04,0.88,37.29,3.66,-28.02,7.42,10.16,-42.30,1
Y,2022-11-01 14:51:06.553690,0.23,-0.01,0.92,1.53,-1.46,-22.40,7.42,10.16,-42.30,1
Y,2022-11-01 14:51:06.572699,0.14,0.02,0.98,-14.53,-8.36,-24.11,8.30,9.51,-42.64,1
Y,2022-11-01 14:51:06.590704,0.07,0.15,1.00,-21.97,-7.69,-29.48,8.30,9.51,-42.64,1
Y,2022-11-01 14:51:06.609683,0.08,0.21,1.01,-11.17,-1.77,-29.97,8.87,8.53,-42.44,1
Y,2022-11-01 14:51:06.627535,0.17,0.15,1.02,7.39,2.01,-26.31,8.87,8.53,-42.44,1
Y,2022-11-01 14:51:06.645577,0.20,0.07,0.99,9.40,6.16,-24.23,8.87,8.53,-42.44,1
Y,2022-11-01 14:51:06.664688,0.20,-0.00,0.95,-6.47,10.74,-22.46,9.53,8.39,-43.59,1
Y,2022-11-01 14:51:06.682672,0.18,0.00,0.98,-18.31,18.07,-19.96,9.53,8.39,-43.59,1
Y,2022-11-01 14:51:06.700638,0.24,0.00,0.94,-24.60,17.70,-15.32,9.53,8.39,-43.59,1
Y,2022-11-01 14:51:06.719627,0.25,0.04,0.94,-35.46,12.51,-11.35,9.83,6.73,-41.60,1
Y,2022-11-01 14:51:06.737705,0.18,0.11,0.90,-50.72,-2.50,-13.79,9.83,6.73,-41.60,1
Y,2022-11-01 14:51:06.755722,0.09,0.24,0.86,-43.15,-11.29,-12.08,9.83,6.73,-41.60,1
Y,2022-11-01 14:51:06.774669,0.10,0.23,0.84,-24.17,-22.22,-3.85,9.05,5.74,-40.55,1
Y,2022-11-01 14:51:06.792711,0.08,0.19,0.86,-8.61,-31.68,10.07,9.05,5.74,-40.55,1
Y,2022-11-01 14:51:06.811610,0.03,-0.14,0.68,29.24,9.40,-9.03,8.42,5.11,-41.47,1
Y,2022-11-01 14:51:06.829546,0.12,0.82,1.20,52.49,-41.38,43.52,8.42,5.11,-41.47,1
Y,2022-11-01 14:51:06.847577,0.13,0.03,0.94,79.35,-86.73,75.26,8.42,5.11,-41.47,1
Y,2022-11-01 14:51:06.866560,0.11,0.17,0.93,52.86,-107.42,57.98,6.81,6.54,-41.63,1
Y,2022-11-01 14:51:06.884569,0.08,0.52,1.00,82.03,-131.10,69.76,6.81,6.54,-41.63,1
Y,2022-11-01 14:51:06.902608,0.15,0.21,0.83,167.36,-149.17,95.21,6.81,6.54,-41.63,1
Y,2022-11-01 14:51:06.921587,0.01,0.00,0.82,126.10,-125.24,67.57,3.89,9.99,-41.96,1
Y,2022-11-01 14:51:06.939687,-0.09,0.22,1.19,49.01,-73.43,27.16,3.89,9.99,-41.96,1
Y,2022-11-01 14:51:06.958696,-0.21,-0.26,1.02,46.94,-52.55,23.01,2.50,11.41,-42.86,1
Y,2022-11-01 14:51:06.976858,-0.36,-0.05,1.03,-19.71,-10.07,-7.51,2.50,11.41,-42.86,1
Y,2022-11-01 14:51:06.994678,-0.28,0.21,0.93,-33.08,36.32,-8.91,2.50,11.41,-42.86,1
Y,2022-11-01 14:51:07.013711,-0.03,0.08,1.09,-42.85,99.00,-0.79,4.00,10.44,-42.30,1
Y,2022-11-01 14:51:07.031594,0.15,0.10,1.03,-70.98,146.42,-8.54,4.00,10.44,-42.30,1
Y,2022-11-01 14:51:07.049562,0.28,0.16,1.05,-72.94,152.47,5.86,4.00,10.44,-42.30,1
Y,2022-11-01 14:51:07.068599,0.28,-0.00,1.08,-70.98,132.51,24.72,7.18,8.97,-40.63,1
Y,2022-11-01 14:51:07.086635,0.25,-0.01,1.06,-96.56,98.14,20.94,7.18,8.97,-40.63,1
Y,2022-11-01 14:51:07.104590,0.25,0.20,0.97,-108.89,52.12,2.69,7.18,8.97,-40.63,1
Y,2022-11-01 14:51:07.123618,0.09,0.42,0.86,-79.83,7.75,-6.59,6.32,6.92,-41.72,1
Y,2022-11-01 14:51:07.141780,-0.02,0.74,0.85,-6.35,-37.17,-10.44,6.32,6.92,-41.72,1
Y,2022-11-01 14:51:07.160530,0.02,0.78,0.53,59.75,-30.52,15.99,4.80,6.57,-41.88,1
Y,2022-11-01 14:51:07.178576,0.04,0.00,0.55,68.60,-6.35,39.06,4.80,6.57,-41.88,1
Y,2022-11-01 14:51:07.196687,-0.09,-0.06,0.76,-11.23,13.79,31.98,4.80,6.57,-41.88,1
Y,2022-11-01 14:51:07.215609,0.14,0.44,1.00,25.15,-83.19,-36.25,4.57,7.09,-42.57,1
Y,2022-11-01 14:51:07.233606,0.06,0.30,0.84,97.17,-114.99,-42.66,4.57,7.09,-42.57,1
Y,2022-11-01 14:51:07.251726,0.00,0.20,0.82,103.27,-106.69,-47.06,4.57,7.09,-42.57,1
Y,2022-11-01 14:51:07.270619,0.01,0.37,0.78,96.07,-86.06,-50.96,3.86,8.83,-43.25,1
Y,2022-11-01 14:51:07.288673,-0.05,0.40,0.83,76.35,-37.72,-13.98,3.86,8.83,-43.25,1
Y,2022-11-01 14:51:07.306626,-0.04,0.01,0.99,59.88,16.91,36.56,3.86,8.83,-43.25,1
Y,2022-11-01 14:51:07.325601,-0.19,-0.34,1.06,30.70,35.83,25.02,4.71,10.30,-42.37,1
Y,2022-11-01 14:51:07.343707,-0.09,-0.20,1.14,-1.71,44.80,6.53,4.71,10.30,-42.37,1
Y,2022-11-01 14:51:07.362633,-0.05,-0.05,1.12,-17.88,43.82,0.61,6.76,10.33,-42.41,1
Y,2022-11-01 14:51:07.380625,-0.00,0.11,1.09,-19.65,41.02,5.62,6.76,10.33,-42.41,1
Y,2022-11-01 14:51:07.398560,0.06,0.14,1.06,-7.93,34.73,17.52,6.76,10.33,-42.41,1
Y,2022-11-01 14:51:07.417467,0.09,0.18,1.00,-2.01,27.53,12.39,7.60,10.08,-43.47,1
