v,2022-10-17 11:24:47.443059,0.23,0.91,-0.36,20.02,0.43,17.27,27.71,25.82,-37.66,1
v,2022-10-17 11:24:47.458686,0.28,0.99,-0.39,18.37,1.40,16.72,27.71,25.82,-37.66,1
v,2022-10-17 11:24:47.489542,0.17,0.92,-0.39,19.71,2.20,27.95,28.55,20.39,-37.48,1
v,2022-10-17 11:24:47.505168,0.22,1.01,-0.37,37.60,4.46,43.64,28.55,20.39,-37.48,1
v,2022-10-17 11:24:47.521179,0.29,1.12,-0.33,62.07,10.86,45.10,28.55,20.39,-37.48,1
v,2022-10-17 11:24:47.536812,0.37,1.11,-0.37,68.85,8.85,26.18,27.16,15.83,-38.02,1
v,2022-10-17 11:24:47.562899,0.40,1.14,-0.45,29.42,-7.51,3.36,27.16,15.83,-38.02,1
v,2022-10-17 11:24:47.578917,0.35,1.19,-0.40,9.34,-12.51,-17.27,27.33,17.33,-38.57,1
v,2022-10-17 11:24:47.599891,0.30,1.05,-0.38,6.65,-30.58,-38.21,27.33,17.33,-38.57,1
v,2022-10-17 11:24:47.619679,0.26,1.13,-0.31,0.12,-30.94,-44.01,27.33,17.33,-38.57,1
v,2022-10-17 11:24:47.635304,0.20,1.02,-0.17,4.27,-24.41,-42.66,27.08,23.96,-39.79,1
v,2022-10-17 11:24:47.656478,0.43,1.07,-0.27,40.41,-3.30,-22.16,27.08,23.96,-39.79,1
v,2022-10-17 11:24:47.675841,0.17,0.81,0.09,23.01,-9.83,-24.23,27.08,23.96,-39.79,1
v,2022-10-17 11:24:47.691649,0.06,0.58,0.08,-48.16,-44.98,-44.56,24.06,29.75,-42.94,1
v,2022-10-17 11:24:47.707510,-0.08,1.02,0.30,-87.10,-30.58,-11.05,24.06,29.75,-42.94,1
v,2022-10-17 11:24:47.723107,-0.44,1.53,0.20,-86.43,1.59,-15.50,19.93,34.35,-42.40,1
v,2022-10-17 11:24:47.738731,-0.20,1.48,-0.03,-0.37,16.97,-54.93,19.93,34.35,-42.40,1
v,2022-10-17 11:24:47.769590,-0.01,1.24,-0.06,54.38,24.17,-60.67,19.93,34.35,-42.40,1
v,2022-10-17 11:24:47.785235,0.21,0.92,-0.10,81.48,30.88,-63.11,12.19,27.49,-45.75,1
v,2022-10-17 11:24:47.800861,0.45,0.66,-0.13,52.37,22.89,-52.37,12.19,27.49,-45.75,1
v,2022-10-17 11:24:47.825455,0.48,0.57,-0.05,24.72,19.17,-47.55,12.19,27.49,-45.75,1
v,2022-10-17 11:24:47.841466,0.43,0.57,0.01,21.18,24.05,-40.47,6.20,20.51,-47.13,1
v,2022-10-17 11:24:47.857105,0.36,0.53,0.10,28.99,33.57,-32.35,6.20,20.51,-47.13,1
v,2022-10-17 11:24:47.872819,0.34,0.47,0.15,37.29,45.78,-16.24,2.81,15.16,-50.55,1
v,2022-10-17 11:24:47.903582,0.43,0.28,0.04,30.46,51.51,-0.55,2.81,15.16,-50.55,1
v,2022-10-17 11:24:47.919205,0.49,0.28,-0.16,8.00,50.48,20.32,2.81,15.16,-50.55,1
v,2022-10-17 11:24:47.934851,0.49,0.41,-0.32,-12.63,40.95,41.26,1.01,10.39,-50.28,1
v,2022-10-17 11:24:47.950476,0.42,0.64,-0.38,-24.23,22.52,52.31,1.01,10.39,-50.28,1
v,2022-10-17 11:24:47.966080,0.26,0.87,-0.26,-2.62,23.32,49.19,1.01,10.39,-50.28,1
v,2022-10-17 11:24:47.981725,0.20,0.93,-0.21,43.52,36.32,53.65,-1.27,6.32,-50.70,1
v,2022-10-17 11:24:48.012952,0.24,0.79,-0.15,88.99,47.91,56.70,-1.27,6.32,-50.70,1
v,2022-10-17 11:24:48.029120,0.34,0.66,-0.21,80.44,41.93,68.42,-4.43,0.61,-53.76,1
v,2022-10-17 11:24:48.044593,0.30,0.85,-0.23,34.67,23.62,74.52,-4.43,0.61,-53.76,1
v,2022-10-17 11:24:48.060247,0.27,1.02,-0.35,15.56,12.57,75.50,-4.43,0.61,-53.76,1
v,2022-10-17 11:24:48.089422,0.25,1.13,-0.30,5.00,0.49,66.28,-10.00,-2.60,-55.26,1
v,2022-10-17 11:24:48.108897,0.17,1.17,-0.21,19.17,-2.87,59.51,-10.00,-2.60,-55.26,1
v,2022-10-17 11:24:48.117867,0.11,1.08,-0.16,44.74,1.59,56.21,-10.00,-2.60,-55.26,1
v,2022-10-17 11:24:48.133884,0.13,1.03,-0.18,58.35,3.11,55.73,-15.55,-3.58,-59.18,1
v,2022-10-17 11:24:48.168026,0.16,1.08,-0.27,54.75,-13.18,60.55,-15.55,-3.58,-59.18,1
v,2022-10-17 11:24:48.174877,0.17,1.15,-0.30,47.06,-26.55,56.64,-20.83,-3.45,-62.66,1
v,2022-10-17 11:24:48.190892,0.14,1.03,-0.13,64.94,-36.25,55.42,-20.83,-3.45,-62.66,1
v,2022-10-17 11:24:48.221755,0.06,1.09,0.08,36.87,-35.34,54.63,-20.83,-3.45,-62.66,1
v,2022-10-17 11:24:48.237779,0.01,1.14,0.12,8.24,-25.09,48.22,-26.82,-1.78,-63.90,1
v,2022-10-17 11:24:48.253387,0.05,1.14,-0.02,-10.50,-13.37,38.27,-26.82,-1.78,-63.90,1
v,2022-10-17 11:24:48.269010,0.08,1.29,-0.21,-42.79,-24.17,30.46,-26.82,-1.78,-63.90,1
v,2022-10-17 11:24:48.299878,-0.00,1.36,-0.29,-44.98,-23.07,21.30,-31.05,1.10,-63.20,1
v,2022-10-17 11:24:48.315503,0.03,1.28,-0.31,-27.83,-21.85,10.99,-31.05,1.10,-63.20,1
v,2022-10-17 11:24:48.340154,0.04,1.22,-0.29,-57.37,-28.87,-2.81,-34.29,1.86,-61.22,1
v,2022-10-17 11:24:48.353247,-0.01,1.18,-0.34,-65.67,-29.91,-9.58,-34.29,1.86,-61.22,1
v,2022-10-17 11:24:48.377270,-0.00,1.19,-0.39,-44.56,-29.60,-10.01,-34.29,1.86,-61.22,1
v,2022-10-17 11:24:48.392893,0.20,1.21,-0.42,-69.27,-28.02,7.81,-36.01,2.43,-56.32,1
v,2022-10-17 11:24:48.408924,0.07,1.03,-0.33,-51.70,-44.37,-5.49,-36.01,2.43,-56.32,1
v,2022-10-17 11:24:48.424526,-0.00,1.11,-0.35,-74.52,-43.27,-9.34,-35.14,1.71,-49.41,1
v,2022-10-17 11:24:48.455393,-0.01,0.99,-0.30,-26.67,-35.89,-10.86,-35.14,1.71,-49.41,1
v,2022-10-17 11:24:48.471016,-0.22,0.95,-0.25,-18.07,-36.68,-10.19,-35.14,1.71,-49.41,1
v,2022-10-17 11:24:48.487049,-0.15,1.21,-0.11,-30.33,-44.37,-19.84,-31.80,0.76,-42.14,1
v,2022-10-17 11:24:48.502654,-0.14,0.97,-0.13,-21.00,-32.10,-47.91,-31.80,0.76,-42.14,1
v,2022-10-17 11:24:48.518274,-0.02,0.87,-0.22,-21.79,-22.58,-39.55,-31.80,0.76,-42.14,1
v,2022-10-17 11:24:48.549240,0.05,0.96,-0.27,-40.47,-24.23,-32.59,-28.25,-0.62,-36.93,1
v,2022-10-17 11:24:48.562209,0.01,0.97,-0.26,-9.77,-11.78,-40.04,-28.25,-0.62,-36.93,1
v,2022-10-17 11:24:48.585835,0.11,0.80,-0.29,10.31,-8.30,-39.43,-24.26,-1.45,-33.01,1
v,2022-10-17 11:24:48.606592,0.05,0.74,-0.17,1.77,-9.83,-30.40,-24.26,-1.45,-33.01,1
v,2022-10-17 11:24:48.626498,0.08,0.82,-0.22,-22.64,-6.16,-17.94,-24.26,-1.45,-33.01,1
v,2022-10-17 11:24:48.635792,0.06,0.87,-0.27,-23.50,-4.09,-18.13,-20.87,-1.17,-28.93,1
v,2022-10-17 11:24:48.651438,0.09,0.90,-0.33,-23.25,-3.36,-18.86,-20.87,-1.17,-28.93,1
v,2022-10-17 11:24:48.686286,0.11,0.91,-0.33,2.38,-1.04,-19.17,-18.81,-0.11,-25.95,1
v,2022-10-17 11:24:48.691755,0.10,0.90,-0.24,21.91,9.16,-13.79,-18.81,-0.11,-25.95,1
v,2022-10-17 11:24:48.707761,0.01,0.93,-0.17,44.56,18.43,-7.32,-18.81,-0.11,-25.95,1
v,2022-10-17 11:24:48.738631,0.04,0.92,-0.19,59.45,25.76,-2.99,-17.83,-1.57,-26.28,1
v,2022-10-17 11:24:48.754278,0.17,0.92,-0.20,49.87,21.12,-0.79,-17.83,-1.57,-26.28,1
v,2022-10-17 11:24:48.770267,0.16,0.99,-0.24,24.17,14.40,-3.36,-17.83,-1.57,-26.28,1
v,2022-10-17 11:24:48.785897,0.17,1.00,-0.22,2.14,11.54,-9.09,-18.48,-2.59,-24.57,1
