s,2022-10-14 14:46:16.531663,0.42,-0.61,0.66,4.27,3.85,0.24,41.43,86.74,0.62,1
s,2022-10-14 14:46:16.549699,0.40,-0.65,0.60,10.44,-6.65,3.05,41.43,86.74,0.62,1
s,2022-10-14 14:46:16.568630,0.37,-0.70,0.52,4.09,-4.64,-1.77,41.24,86.88,1.29,1
s,2022-10-14 14:46:16.586670,0.38,-0.67,0.60,-3.42,3.91,-3.72,41.24,86.88,1.29,1
s,2022-10-14 14:46:16.604704,0.40,-0.66,0.68,-5.19,5.98,-2.99,41.24,86.88,1.29,1
s,2022-10-14 14:46:16.623058,0.42,-0.65,0.70,-3.23,0.55,-3.11,40.71,86.73,1.18,1
s,2022-10-14 14:46:16.642041,0.40,-0.67,0.65,-1.95,-4.70,-3.54,40.71,86.73,1.18,1
s,2022-10-14 14:46:16.661587,0.38,-0.64,0.65,-7.20,0.92,-6.77,40.54,86.95,1.18,1
s,2022-10-14 14:46:16.679758,0.39,-0.67,0.67,-2.32,2.93,-4.33,40.54,86.95,1.18,1
s,2022-10-14 14:46:16.698068,0.42,-0.66,0.69,-5.00,-0.55,-2.69,40.54,86.95,1.18,1
s,2022-10-14 14:46:16.716951,0.41,-0.68,0.63,-6.04,-4.58,-1.59,39.58,87.05,0.65,1
s,2022-10-14 14:46:16.735052,0.42,-0.73,0.56,-18.92,-4.58,-4.33,39.58,87.05,0.65,1
s,2022-10-14 14:46:16.752650,0.33,-0.61,0.63,-24.90,-0.37,-4.39,39.58,87.05,0.65,1
s,2022-10-14 14:46:16.773001,-0.34,-0.59,0.68,-15.56,2.56,0.43,39.48,87.83,-0.05,1
s,2022-10-14 14:46:16.790653,0.37,-0.56,0.68,21.67,10.80,10.38,39.48,87.83,-0.05,1
s,2022-10-14 14:46:16.808844,0.39,-0.73,0.70,11.05,6.53,12.45,39.48,87.83,-0.05,1
s,2022-10-14 14:46:16.827659,0.37,-0.71,0.63,0.67,-1.89,8.85,39.25,87.73,1.44,1
s,2022-10-14 14:46:16.845688,0.36,-0.54,0.65,0.06,-3.11,11.47,39.25,87.73,1.44,1
s,2022-10-14 14:46:16.864437,0.37,-0.58,0.63,9.89,-5.19,20.14,39.76,88.44,0.15,1
s,2022-10-14 14:46:16.882720,0.37,-0.65,0.62,7.93,-3.78,19.35,39.76,88.44,0.15,1
s,2022-10-14 14:46:16.900947,0.38,-0.65,0.65,-2.50,-4.03,17.27,39.76,88.44,0.15,1
s,2022-10-14 14:46:16.918851,0.37,-0.60,0.68,-11.72,-6.84,15.38,40.93,88.94,0.55,1
s,2022-10-14 14:46:16.938323,0.37,-0.58,0.73,-17.27,-11.96,14.04,40.93,88.94,0.55,1
s,2022-10-14 14:46:16.956032,0.37,-0.55,0.69,-11.66,-17.82,13.49,40.93,88.94,0.55,1
s,2022-10-14 14:46:16.974707,0.36,-0.59,0.64,-11.54,-17.76,11.17,41.03,89.06,0.49,1
s,2022-10-14 14:46:16.992997,0.37,-0.54,0.68,-21.06,-14.47,8.73,41.03,89.06,0.49,1
s,2022-10-14 14:46:17.011781,0.36,-0.49,0.73,-18.80,-18.80,11.96,41.77,89.29,2.11,1
s,2022-10-14 14:46:17.029964,0.36,-0.55,0.68,-11.29,-23.62,14.89,41.77,89.29,2.11,1
s,2022-10-14 14:46:17.047712,0.36,-0.56,0.69,-11.29,-23.50,12.82,41.77,89.29,2.11,1
s,2022-10-14 14:46:17.067000,0.36,-0.53,0.71,-11.60,-21.24,10.19,42.85,89.97,0.66,1
s,2022-10-14 14:46:17.084650,0.35,-0.50,0.73,-11.66,-20.26,9.77,42.85,89.97,0.66,1
s,2022-10-14 14:46:17.102523,0.35,-0.55,0.75,-14.16,-18.49,6.65,42.85,89.97,0.66,1
s,2022-10-14 14:46:17.121650,0.35,-0.58,0.74,-16.60,-13.55,-0.73,43.59,89.69,1.50,1
s,2022-10-14 14:46:17.139789,0.35,-0.51,0.76,-22.09,-10.01,-5.55,43.59,89.69,1.50,1
s,2022-10-14 14:46:17.157871,0.35,-0.43,0.81,-19.59,-11.05,-5.13,43.59,89.69,1.50,1
s,2022-10-14 14:46:17.176842,0.35,-0.43,0.85,-1.83,-14.10,1.59,43.58,90.15,1.89,1
s,2022-10-14 14:46:17.194510,0.36,-0.55,0.78,11.11,-12.70,1.95,43.58,90.15,1.89,1
s,2022-10-14 14:46:17.214061,0.36,-0.64,0.70,15.44,-6.71,-1.46,43.82,89.79,1.90,1
s,2022-10-14 14:46:17.231513,0.36,-0.60,0.72,4.21,-1.59,-3.72,43.82,89.79,1.90,1
s,2022-10-14 14:46:17.249716,0.35,-0.56,0.76,-1.95,0.92,-3.72,43.82,89.79,1.90,1
s,2022-10-14 14:46:17.268497,0.34,-0.54,0.73,5.98,5.31,-5.55,43.20,89.48,0.46,1
s,2022-10-14 14:46:17.286340,0.34,-0.51,0.74,7.63,11.35,-8.67,43.20,89.48,0.46,1
s,2022-10-14 14:46:17.305238,0.33,-0.52,0.76,14.16,10.80,-6.71,43.20,89.48,0.46,1
s,2022-10-14 14:46:17.323868,0.34,-0.55,0.77,19.17,8.91,-7.14,42.82,88.89,0.79,1
s,2022-10-14 14:46:17.341640,0.34,-0.58,0.76,19.04,8.06,-10.86,42.82,88.89,0.79,1
s,2022-10-14 14:46:17.359717,0.33,-0.58,0.70,11.47,12.21,-17.94,42.82,88.89,0.79,1
s,2022-10-14 14:46:17.378510,0.35,-0.53,0.73,6.35,13.24,-16.36,41.94,88.44,0.88,1
s,2022-10-14 14:46:17.397127,0.35,-0.62,0.70,12.15,7.20,-8.97,41.94,88.44,0.88,1
s,2022-10-14 14:46:17.415648,0.35,-0.67,0.68,9.58,5.92,-9.28,41.85,88.09,1.25,1
s,2022-10-14 14:46:17.433636,0.34,-0.66,0.65,1.59,10.31,-14.22,41.85,88.09,1.25,1
s,2022-10-14 14:46:17.451646,0.34,-0.60,0.68,1.95,11.17,-15.75,41.85,88.09,1.25,1
s,2022-10-14 14:46:17.470815,0.34,-0.62,0.73,-0.49,8.79,-16.36,41.41,87.02,0.57,1
s,2022-10-14 14:46:17.488053,0.34,-0.60,0.74,0.49,3.17,-15.81,41.41,87.02,0.57,1
s,2022-10-14 14:46:17.506853,0.34,-0.62,0.69,5.07,-0.61,-14.77,41.41,87.02,0.57,1
s,2022-10-14 14:46:17.525648,0.32,-0.71,0.58,4.82,0.43,-20.81,40.60,86.46,2.47,1
s,2022-10-14 14:46:17.543710,0.35,-0.60,0.68,-18.86,11.84,-25.33,40.60,86.46,2.47,1
s,2022-10-14 14:46:17.562511,0.34,-0.48,0.83,-9.46,8.42,-16.78,41.21,86.28,0.94,1
s,2022-10-14 14:46:17.580369,0.34,-0.55,0.80,11.54,-3.11,-6.04,41.21,86.28,0.94,1
s,2022-10-14 14:46:17.598501,0.34,-0.56,0.77,22.64,-9.58,0.37,41.21,86.28,0.94,1
s,2022-10-14 14:46:17.617482,0.34,-0.64,0.69,29.66,-11.47,7.20,41.26,86.06,1.56,1
s,2022-10-14 14:46:17.635719,0.33,-0.72,0.66,21.97,-13.49,8.36,41.26,86.06,1.56,1
s,2022-10-14 14:46:17.653647,0.35,-0.56,0.73,14.71,-20.08,16.72,41.26,86.06,1.56,1
s,2022-10-14 14:46:17.672575,0.34,-0.66,0.63,26.92,-29.72,33.94,41.94,86.73,3.19,1
s,2022-10-14 14:46:17.690621,0.31,-0.84,0.49,21.30,-23.25,32.90,41.94,86.73,3.19,1
s,2022-10-14 14:46:17.708681,0.32,-0.76,0.61,-23.86,-7.02,15.14,41.94,86.73,3.19,1
s,2022-10-14 14:46:17.727749,0.34,-0.56,0.84,-35.10,-8.36,10.44,43.53,86.12,3.70,1
s,2022-10-14 14:46:17.745511,0.33,-0.48,0.88,-24.23,-14.89,13.61,43.53,86.12,3.70,1
s,2022-10-14 14:46:17.764874,0.32,-0.42,0.82,-11.54,-18.98,18.62,43.97,87.26,3.19,1
s,2022-10-14 14:46:17.782185,0.29,-0.48,0.77,3.42,-17.46,17.64,43.97,87.26,3.19,1
s,2022-10-14 14:46:17.800979,0.29,-0.39,0.85,3.54,-13.00,18.13,43.97,87.26,3.19,1
s,2022-10-14 14:46:17.819649,0.21,-0.41,0.81,12.08,-17.46,28.75,44.18,87.22,3.42,1
s,2022-10-14 14:46:17.837723,0.07,-0.46,0.88,40.04,-2.62,23.19,44.18,87.22,3.42,1
s,2022-10-14 14:46:17.855656,0.16,-0.45,0.89,63.17,16.24,19.90,44.18,87.22,3.42,1
s,2022-10-14 14:46:17.874708,0.32,-0.69,0.79,70.86,30.27,17.27,43.93,87.10,4.55,1
s,2022-10-14 14:46:17.893332,0.43,-0.62,0.84,43.03,48.77,-1.89,43.93,87.10,4.55,1
s,2022-10-14 14:46:17.910511,0.47,-0.63,0.81,33.26,53.83,-11.11,43.93,87.10,4.55,1
s,2022-10-14 14:46:17.929618,0.55,-0.63,0.73,23.86,49.50,-17.58,42.10,86.62,5.52,1
s,2022-10-14 14:46:17.947645,0.58,-0.73,0.57,8.30,41.99,-22.16,42.10,86.62,5.52,1
s,2022-10-14 14:46:17.966482,0.54,-0.71,0.54,-16.78,39.18,-28.32,38.84,86.61,2.39,1
s,2022-10-14 14:46:17.984756,0.41,-0.68,0.57,-10.44,27.10,-26.67,38.84,86.61,2.39,1
s,2022-10-14 14:46:18.003247,0.41,-0.75,0.49,0.49,17.15,-19.78,38.84,86.61,2.39,1
