L,2022-10-27 09:53:29.879002,-0.02,0.63,0.76,3.48,0.00,-1.65,-34.97,-75.55,-141.13,1
L,2022-10-27 09:53:29.898195,-0.03,0.62,0.76,5.74,0.98,-0.85,-32.19,-75.70,-139.22,1
L,2022-10-27 09:53:29.916080,-0.04,0.62,0.75,5.25,2.56,-1.59,-32.19,-75.70,-139.22,1
L,2022-10-27 09:53:29.935320,-0.03,0.58,0.75,6.96,2.38,-2.50,-31.26,-75.55,-138.64,1
L,2022-10-27 09:53:29.952949,-0.03,0.56,0.76,9.64,0.79,-1.83,-31.26,-75.55,-138.64,1
L,2022-10-27 09:53:29.970840,-0.04,0.58,0.77,7.81,1.53,0.61,-31.26,-75.55,-138.64,1
L,2022-10-27 09:53:29.989869,-0.03,0.61,0.75,0.00,3.17,-2.50,-29.41,-75.48,-138.57,1
L,2022-10-27 09:53:30.008281,-0.02,0.61,0.76,-3.23,4.46,-4.21,-29.41,-75.48,-138.57,1
L,2022-10-27 09:53:30.026136,-0.00,0.61,0.74,-3.11,6.10,-3.72,-29.41,-75.48,-138.57,1
L,2022-10-27 09:53:30.045001,0.00,0.63,0.73,-3.60,5.86,-3.23,-29.48,-75.96,-136.80,1
L,2022-10-27 09:53:30.063228,-0.01,0.69,0.75,-7.14,5.74,-5.25,-29.48,-75.96,-136.80,1
L,2022-10-27 09:53:30.082121,-0.02,0.69,0.76,-7.63,7.32,-7.81,-29.17,-76.59,-135.40,1
L,2022-10-27 09:53:30.100116,-0.01,0.70,0.76,-5.31,9.52,-9.16,-29.17,-76.59,-135.40,1
L,2022-10-27 09:53:30.118072,0.02,0.71,0.73,-2.81,10.01,-9.40,-29.17,-76.59,-135.40,1
L,2022-10-27 09:53:30.136978,0.02,0.71,0.73,-9.16,7.63,-13.73,-28.17,-77.84,-135.42,1
L,2022-10-27 09:53:30.155201,-0.02,0.71,0.77,-7.14,9.46,-14.34,-28.17,-77.84,-135.42,1
L,2022-10-27 09:53:30.173204,-0.00,0.69,0.75,-0.98,12.27,-12.82,-28.17,-77.84,-135.42,1
L,2022-10-27 09:53:30.192156,0.00,0.67,0.74,1.59,13.67,-12.27,-26.23,-78.11,-132.85,1
L,2022-10-27 09:53:30.210075,0.01,0.62,0.73,7.14,14.22,-6.71,-26.23,-78.11,-132.85,1
L,2022-10-27 09:53:30.228067,0.00,0.63,0.72,7.63,11.17,-5.80,-26.23,-78.11,-132.85,1
L,2022-10-27 09:53:30.247111,0.00,0.67,0.74,4.58,13.06,-6.65,-25.48,-78.28,-130.81,1
L,2022-10-27 09:53:30.265019,0.03,0.60,0.68,1.04,17.94,-9.52,-25.48,-78.28,-130.81,1
L,2022-10-27 09:53:30.284083,0.06,0.54,0.64,-7.39,14.10,-12.02,-25.43,-77.49,-128.43,1
L,2022-10-27 09:53:30.302242,0.07,0.48,0.63,-14.53,2.14,-7.26,-25.43,-77.49,-128.43,1
L,2022-10-27 09:53:30.320265,0.02,0.54,0.63,-15.69,-2.38,0.98,-25.43,-77.49,-128.43,1
L,2022-10-27 09:53:30.339257,-0.07,0.74,0.80,-3.85,-6.77,-11.29,-25.00,-78.87,-126.82,1
L,2022-10-27 09:53:30.357171,-0.01,0.65,0.61,32.41,-0.43,-7.32,-25.00,-78.87,-126.82,1
L,2022-10-27 09:53:30.374975,0.04,0.54,0.71,14.28,16.97,-8.54,-25.00,-78.87,-126.82,1
L,2022-10-27 09:53:30.393970,0.04,0.59,0.67,-18.92,19.35,-14.04,-23.77,-80.02,-126.62,1
L,2022-10-27 09:53:30.411897,0.04,0.57,0.65,-32.10,20.81,-15.87,-23.77,-80.02,-126.62,1
L,2022-10-27 09:53:30.431021,0.05,0.54,0.65,-24.84,-3.30,-7.81,-22.58,-81.79,-126.70,1
L,2022-10-27 09:53:30.449112,0.02,0.57,0.62,-13.67,-16.48,-4.52,-22.58,-81.79,-126.70,1
L,2022-10-27 09:53:30.467307,0.03,0.54,0.61,-8.18,-22.46,-1.53,-22.58,-81.79,-126.70,1
L,2022-10-27 09:53:30.486029,0.02,0.57,0.60,-12.21,-28.44,-0.37,-22.40,-84.25,-127.70,1
L,2022-10-27 09:53:30.504120,0.02,0.61,0.63,-14.22,-31.43,-2.62,-22.40,-84.25,-127.70,1
L,2022-10-27 09:53:30.522138,0.02,0.60,0.60,-15.26,-33.14,-2.69,-22.40,-84.25,-127.70,1
L,2022-10-27 09:53:30.541280,0.01,0.70,0.68,-16.05,-33.26,-0.18,-22.19,-88.10,-127.31,1
L,2022-10-27 09:53:30.559100,0.01,0.75,0.70,-18.19,-26.43,3.17,-22.19,-88.10,-127.31,1
L,2022-10-27 09:53:30.576958,0.01,0.78,0.71,-16.54,-18.98,3.54,-22.19,-88.10,-127.31,1
L,2022-10-27 09:53:30.595956,0.02,0.82,0.74,-14.28,-10.50,1.10,-22.96,-92.42,-127.36,1
L,2022-10-27 09:53:30.614005,0.03,0.86,0.84,-7.57,1.28,-4.82,-22.96,-92.42,-127.36,1
L,2022-10-27 09:53:30.632842,0.05,0.89,0.85,-3.48,6.84,-7.02,-23.10,-95.86,-128.94,1
L,2022-10-27 09:53:30.650911,0.05,0.88,0.85,1.34,9.95,-7.39,-23.10,-95.86,-128.94,1
L,2022-10-27 09:53:30.668975,0.05,0.81,0.82,0.67,11.84,-8.79,-23.10,-95.86,-128.94,1
L,2022-10-27 09:53:30.688095,0.05,0.74,0.78,1.28,-5.86,-3.78,-22.50,-96.87,-129.28,1
L,2022-10-27 09:53:30.706034,0.02,0.73,0.71,5.68,-17.58,1.53,-22.50,-96.87,-129.28,1
L,2022-10-27 09:53:30.723776,0.00,0.74,0.68,6.04,-21.85,6.77,-22.50,-96.87,-129.28,1
L,2022-10-27 09:53:30.743098,-0.01,0.70,0.65,15.14,-20.26,8.91,-23.55,-95.70,-129.35,1
L,2022-10-27 09:53:30.760876,-0.03,0.69,0.63,14.10,-15.08,9.28,-23.55,-95.70,-129.35,1
L,2022-10-27 09:53:30.780056,-0.03,0.70,0.62,16.36,-1.95,10.62,-24.51,-95.36,-128.52,1
L,2022-10-27 09:53:30.797873,-0.04,0.71,0.62,17.40,10.50,14.65,-24.51,-95.36,-128.52,1
L,2022-10-27 09:53:30.815975,-0.06,0.78,0.65,19.78,22.34,19.35,-24.51,-95.36,-128.52,1
L,2022-10-27 09:53:30.835068,-0.01,0.70,0.69,27.65,32.84,26.79,-23.49,-94.89,-130.59,1
L,2022-10-27 09:53:30.853119,0.04,0.87,0.43,-13.31,9.46,-0.98,-23.49,-94.89,-130.59,1
L,2022-10-27 09:53:30.871350,-0.02,0.89,0.57,-20.45,-25.33,-36.50,-23.49,-94.89,-130.59,1
L,2022-10-27 09:53:30.890137,-0.01,0.80,0.59,-5.86,-23.01,-31.07,-18.24,-94.30,-128.65,1
L,2022-10-27 09:53:30.908067,-0.02,0.80,0.62,10.56,-25.33,-28.56,-18.24,-94.30,-128.65,1
L,2022-10-27 09:53:30.926246,-0.02,0.74,0.67,36.50,-19.78,-13.67,-18.24,-94.30,-128.65,1
L,2022-10-27 09:53:30.945265,-0.02,0.61,0.79,71.59,-17.46,-5.25,-7.23,-94.31,-127.40,1
L,2022-10-27 09:53:30.963442,-0.05,0.45,0.91,89.05,-9.89,7.39,-7.23,-94.31,-127.40,1
L,2022-10-27 09:53:30.981785,-0.04,0.30,0.96,98.33,5.19,26.18,0.72,-92.35,-131.38,1
L,2022-10-27 09:53:30.999903,-0.02,0.20,0.98,87.40,16.30,35.83,0.72,-92.35,-131.38,1
L,2022-10-27 09:53:31.017815,0.00,0.36,0.86,18.62,12.45,13.12,0.72,-92.35,-131.38,1
L,2022-10-27 09:53:31.036881,-0.00,0.48,0.85,-17.27,0.61,-8.97,1.03,-91.27,-131.70,1
L,2022-10-27 09:53:31.055269,-0.01,0.58,0.81,-27.89,-8.06,-18.62,1.03,-91.27,-131.70,1
L,2022-10-27 09:53:31.072891,-0.02,0.62,0.78,-22.83,-10.99,-17.27,1.03,-91.27,-131.70,1
L,2022-10-27 09:53:31.092178,-0.03,0.65,0.76,-12.45,-8.73,-8.48,0.76,-90.98,-130.00,1
L,2022-10-27 09:53:31.110000,-0.03,0.64,0.76,8.67,-5.86,-2.14,0.76,-90.98,-130.00,1
L,2022-10-27 09:53:31.128984,-0.04,0.61,0.77,16.48,-2.75,5.92,0.33,-90.98,-131.97,1
L,2022-10-27 09:53:31.147187,-0.04,0.59,0.78,16.42,0.06,13.00,0.33,-90.98,-131.97,1
L,2022-10-27 09:53:31.164895,-0.04,0.56,0.78,12.70,2.01,17.70,0.33,-90.98,-131.97,1
L,2022-10-27 09:53:31.183802,-0.04,0.54,0.78,3.30,3.60,16.72,0.42,-89.90,-131.74,1
L,2022-10-27 09:53:31.201991,-0.04,0.54,0.79,-6.23,5.00,14.65,0.42,-89.90,-131.74,1
L,2022-10-27 09:53:31.219894,-0.05,0.56,0.79,-13.24,5.62,14.34,0.42,-89.90,-131.74,1
L,2022-10-27 09:53:31.239010,-0.10,0.52,0.81,-20.81,7.32,17.52,-1.49,-89.39,-132.12,1
L,2022-10-27 09:53:31.257003,-0.23,0.57,0.89,-6.96,19.96,26.25,-1.49,-89.39,-132.12,1
L,2022-10-27 09:53:31.274989,-0.08,0.69,0.77,12.27,28.02,23.32,-1.49,-89.39,-132.12,1
L,2022-10-27 09:53:31.293854,-0.02,0.71,0.73,14.47,19.23,7.02,-4.24,-87.06,-132.17,1
L,2022-10-27 09:53:31.312224,-0.04,0.69,0.80,16.42,10.99,-3.66,-4.24,-87.06,-132.17,1
L,2022-10-27 09:53:31.331102,-0.04,0.63,0.81,21.00,11.72,-5.00,-5.09,-84.45,-135.13,1
L,2022-10-27 09:53:31.349047,0.02,0.54,0.76,29.54,11.96,-2.69,-5.09,-84.45,-135.13,1
L,2022-10-27 09:53:31.366975,0.03,0.51,0.76,28.56,8.79,0.31,-5.09,-84.45,-135.13,1
L,2022-10-27 09:53:31.386040,0.03,0.49,0.77,23.93,3.91,-0.12,-4.24,-81.29,-136.02,1
L,2022-10-27 09:53:31.404105,0.02,0.52,0.79,13.37,2.44,-5.00,-4.24,-81.29,-136.02,1
L,2022-10-27 09:53:31.421894,0.06,0.52,0.77,6.41,2.75,-6.16,-4.24,-81.29,-136.02,1
L,2022-10-27 09:53:31.440905,0.05,0.53,0.77,2.38,0.73,-6.35,-3.59,-79.83,-136.10,1
L,2022-10-27 09:53:31.459192,0.01,0.55,0.80,-1.71,-1.28,-7.57,-3.59,-79.83,-136.10,1
L,2022-10-27 09:53:31.477901,0.02,0.53,0.80,2.38,-0.85,-7.08,-1.50,-79.14,-136.19,1
L,2022-10-27 09:53:31.496002,0.03,0.55,0.82,2.20,-2.56,-4.64,-1.50,-79.14,-136.19,1
L,2022-10-27 09:53:31.514390,-0.02,0.56,0.84,5.43,-2.08,-3.23,-1.50,-79.14,-136.19,1
L,2022-10-27 09:53:31.534057,-0.01,0.54,0.82,4.94,-0.73,-5.49,0.63,-79.16,-135.13,1
L,2022-10-27 09:53:31.552027,-0.02,0.55,0.86,1.46,-2.08,-8.06,0.63,-79.16,-135.13,1
L,2022-10-27 09:53:31.569907,-0.04,0.56,0.87,3.17,-0.79,-9.95,0.63,-79.16,-135.13,1
L,2022-10-27 09:53:31.588904,-0.03,0.54,0.86,5.25,1.46,-10.07,2.86,-77.89,-135.72,1
L,2022-10-27 09:53:31.606889,-0.01,0.53,0.83,5.62,2.26,-9.22,2.86,-77.89,-135.72,1
L,2022-10-27 09:53:31.624909,-0.00,0.54,0.84,5.31,1.53,-8.67,2.86,-77.89,-135.72,1
L,2022-10-27 09:53:31.643966,0.00,0.52,0.84,6.65,3.17,-8.97,4.83,-76.72,-134.55,1
L,2022-10-27 09:53:31.661945,0.03,0.47,0.83,5.68,3.05,-8.18,4.83,-76.72,-134.55,1
L,2022-10-27 09:53:31.680780,0.02,0.48,0.83,3.48,2.38,-6.23,6.26,-75.15,-134.80,1
L,2022-10-27 09:53:31.698817,0.02,0.52,0.84,3.78,2.50,-5.98,6.26,-75.15,-134.80,1
L,2022-10-27 09:53:31.716791,0.01,0.55,0.85,6.04,3.36,-6.71,6.26,-75.15,-134.80,1
L,2022-10-27 09:53:31.735674,0.02,0.51,0.86,16.11,6.47,-7.02,7.35,-74.15,-133.52,1
L,2022-10-27 09:53:31.753698,0.04,0.54,0.84,14.59,6.16,-7.93,7.35,-74.15,-133.52,1
L,2022-10-27 09:53:31.771816,0.05,0.52,0.86,6.53,5.62,-11.29,7.35,-74.15,-133.52,1
L,2022-10-27 09:53:31.790856,0.07,0.49,0.86,0.85,7.14,-14.53,9.08,-72.27,-133.47,1
L,2022-10-27 09:53:31.808922,0.09,0.44,0.86,-5.13,6.90,-8.12,9.08,-72.27,-133.47,1
L,2022-10-27 09:53:31.827976,0.06,0.50,0.88,-10.07,6.77,-4.21,10.35,-71.77,-130.91,1
L,2022-10-27 09:53:31.845992,0.05,0.54,0.89,-13.37,7.93,-4.33,10.35,-71.77,-130.91,1
L,2022-10-27 09:53:31.863903,0.05,0.55,0.87,-11.41,8.91,-4.46,10.35,-71.77,-130.91,1
L,2022-10-27 09:53:31.882971,0.06,0.54,0.86,-12.63,8.85,-7.14,11.80,-69.65,-128.59,1
L,2022-10-27 09:53:31.901006,0.08,0.50,0.83,-12.70,9.34,-5.68,11.80,-69.65,-128.59,1
L,2022-10-27 09:53:31.918845,0.09,0.48,0.79,-15.87,8.73,-3.36,11.80,-69.65,-128.59,1
L,2022-10-27 09:53:31.938024,0.07,0.47,0.79,-19.35,6.65,-3.66,12.24,-68.25,-124.87,1
L,2022-10-27 09:53:31.955870,0.06,0.48,0.75,-21.18,5.80,-3.36,12.24,-68.25,-124.87,1
L,2022-10-27 09:53:31.973942,0.07,0.48,0.67,-14.59,3.48,-2.93,12.24,-68.25,-124.87,1
L,2022-10-27 09:53:31.992994,0.10,0.43,0.64,-20.32,-1.34,-4.15,13.24,-66.97,-120.21,1
L,2022-10-27 09:53:32.010969,-0.37,0.59,0.55,-25.63,-7.26,-0.12,13.24,-66.97,-120.21,1
L,2022-10-27 09:53:32.029805,0.07,0.55,0.84,64.82,-2.56,-9.64,15.08,-67.77,-119.45,1
L,2022-10-27 09:53:32.047766,-0.01,0.50,0.74,43.95,4.52,0.61,15.08,-67.77,-119.45,1
L,2022-10-27 09:53:32.065725,0.05,0.43,0.79,7.81,8.73,-6.04,15.08,-67.77,-119.45,1
L,2022-10-27 09:53:32.084819,0.04,0.52,0.78,-20.02,11.35,-9.28,15.70,-67.82,-119.32,1
L,2022-10-27 09:53:32.102913,0.07,0.52,0.81,-25.45,14.77,-9.83,15.70,-67.82,-119.32,1
L,2022-10-27 09:53:32.120907,0.08,0.55,0.80,-27.10,13.06,-9.83,15.70,-67.82,-119.32,1
L,2022-10-27 09:53:32.139928,0.08,0.59,0.83,-15.26,11.66,-9.40,16.88,-68.75,-119.02,1
L,2022-10-27 09:53:32.157911,0.09,0.58,0.83,-4.70,8.85,-7.20,16.88,-68.75,-119.02,1
L,2022-10-27 09:53:32.176821,0.10,0.56,0.82,1.46,5.62,-6.04,16.74,-69.25,-119.03,1
L,2022-10-27 09:53:32.194783,0.09,0.55,0.82,0.98,1.83,-5.74,16.74,-69.25,-119.03,1
L,2022-10-27 09:53:32.213014,0.09,0.55,0.80,-1.83,-3.72,-5.43,16.74,-69.25,-119.03,1
L,2022-10-27 09:53:32.231958,0.09,0.55,0.79,-5.49,-4.39,-5.25,17.09,-68.88,-119.13,1
L,2022-10-27 09:53:32.250080,0.08,0.55,0.78,-6.84,-4.21,-5.37,17.09,-68.88,-119.13,1
L,2022-10-27 09:53:32.268061,0.08,0.55,0.77,-7.51,-1.95,-6.04,17.09,-68.88,-119.13,1
L,2022-10-27 09:53:32.286989,0.08,0.55,0.76,-14.83,3.30,-4.88,17.19,-69.15,-118.36,1
L,2022-10-27 09:53:32.304957,0.08,0.56,0.77,-21.91,5.80,-3.85,17.19,-69.15,-118.36,1
L,2022-10-27 09:53:32.322843,0.09,0.55,0.76,-26.37,7.57,-3.97,17.19,-69.15,-118.36,1
L,2022-10-27 09:53:32.342025,0.08,0.56,0.74,-33.51,8.48,-5.74,17.65,-69.15,-117.46,1
L,2022-10-27 09:53:32.360099,0.07,0.53,0.68,-33.08,-9.46,-2.38,17.65,-69.15,-117.46,1
L,2022-10-27 09:53:32.379003,0.06,0.52,0.67,-18.74,-17.76,-3.66,17.58,-69.48,-117.72,1
L,2022-10-27 09:53:32.397032,0.05,0.50,0.65,-13.98,-24.54,-3.78,17.58,-69.48,-117.72,1
L,2022-10-27 09:53:32.415009,0.05,0.51,0.65,-15.14,-30.64,-2.62,17.58,-69.48,-117.72,1
L,2022-10-27 09:53:32.433889,0.03,0.50,0.64,-15.99,-33.87,-1.22,19.38,-71.73,-119.43,1
L,2022-10-27 09:53:32.452086,0.03,0.55,0.67,-14.59,-36.56,2.75,19.38,-71.73,-119.43,1
L,2022-10-27 09:53:32.469962,0.01,0.56,0.68,-6.10,-35.46,6.90,19.38,-71.73,-119.43,1
L,2022-10-27 09:53:32.488742,0.02,0.58,0.69,-1.16,-33.63,8.06,20.83,-75.23,-121.78,1
L,2022-10-27 09:53:32.506941,0.02,0.63,0.73,1.83,-31.31,9.16,20.83,-75.23,-121.78,1
L,2022-10-27 09:53:32.525802,0.02,0.69,0.79,1.71,-24.66,8.79,21.37,-80.54,-126.42,1
L,2022-10-27 09:53:32.543898,0.03,0.77,0.86,3.11,-19.47,8.36,21.37,-80.54,-126.42,1
L,2022-10-27 09:53:32.561729,0.03,0.80,0.88,2.62,-12.39,5.98,21.37,-80.54,-126.42,1
L,2022-10-27 09:53:32.580635,0.03,0.81,0.90,0.73,-6.41,2.81,20.69,-83.97,-129.47,1
L,2022-10-27 09:53:32.598859,0.03,0.81,0.92,1.04,-0.79,2.14,20.69,-83.97,-129.47,1
L,2022-10-27 09:53:32.616922,0.02,0.78,0.90,6.77,5.19,5.07,20.69,-83.97,-129.47,1
L,2022-10-27 09:53:32.635799,0.02,0.69,0.83,17.27,8.36,12.33,20.79,-84.35,-129.94,1
L,2022-10-27 09:53:32.653929,0.00,0.64,0.79,29.97,-0.06,17.88,20.79,-84.35,-129.94,1
L,2022-10-27 09:53:32.671858,-0.01,0.65,0.77,38.39,-4.88,19.96,20.79,-84.35,-129.94,1
L,2022-10-27 09:53:32.690838,-0.03,0.73,0.76,52.00,-0.73,19.17,20.12,-83.15,-131.31,1
L,2022-10-27 09:53:32.708995,-0.00,0.78,0.68,19.90,7.75,-1.34,20.12,-83.15,-131.31,1
L,2022-10-27 09:53:32.727950,-0.00,0.77,0.65,1.22,3.97,-23.19,22.29,-81.57,-133.59,1
L,2022-10-27 09:53:32.746014,0.00,0.74,0.67,3.78,-5.43,-30.94,22.29,-81.57,-133.59,1
L,2022-10-27 09:53:32.763926,0.00,0.76,0.67,19.10,-16.91,-37.05,22.29,-81.57,-133.59,1
L,2022-10-27 09:53:32.782927,-0.01,0.68,0.72,33.45,-23.13,-38.82,27.98,-75.84,-133.31,1
L,2022-10-27 09:53:32.801004,-0.01,0.56,0.78,45.96,-24.84,-35.83,27.98,-75.84,-133.31,1
L,2022-10-27 09:53:32.819030,-0.04,0.42,0.84,54.14,-23.19,-29.17,27.98,-75.84,-133.31,1
L,2022-10-27 09:53:32.837932,-0.05,0.27,0.90,56.09,-16.42,-18.49,33.70,-67.83,-137.67,1
L,2022-10-27 09:53:32.856006,-0.08,0.10,0.99,46.94,-7.20,-1.77,33.70,-67.83,-137.67,1
L,2022-10-27 09:53:32.874682,-0.06,0.07,0.99,43.40,1.89,15.75,35.39,-64.39,-138.99,1
L,2022-10-27 09:53:32.892865,-0.00,0.28,0.87,8.67,1.10,7.69,35.39,-64.39,-138.99,1
L,2022-10-27 09:53:32.910987,-0.01,0.43,0.86,-28.81,-5.13,-11.90,35.39,-64.39,-138.99,1
L,2022-10-27 09:53:32.929874,-0.01,0.45,0.84,-50.35,-8.54,-22.77,36.06,-65.12,-138.61,1
L,2022-10-27 09:53:32.948075,-0.02,0.56,0.80,-53.34,-8.12,-23.56,36.06,-65.12,-138.61,1
L,2022-10-27 09:53:32.965901,-0.02,0.61,0.81,-43.21,-5.80,-18.92,36.06,-65.12,-138.61,1
L,2022-10-27 09:53:32.984963,-0.01,0.61,0.81,-27.89,-4.15,-12.02,36.56,-66.14,-137.89,1
L,2022-10-27 09:53:33.003074,-0.01,0.61,0.80,-10.99,-2.87,-1.65,36.56,-66.14,-137.89,1
L,2022-10-27 09:53:33.020820,-0.02,0.57,0.80,-4.27,-1.89,3.85,36.56,-66.14,-137.89,1
L,2022-10-27 09:53:33.039897,-0.05,0.49,0.84,-2.08,-0.18,6.23,35.89,-65.92,-136.21,1
L,2022-10-27 09:53:33.057733,-0.09,0.42,0.91,10.07,7.75,19.47,35.89,-65.92,-136.21,1
L,2022-10-27 09:53:33.077012,-0.16,0.38,0.92,23.62,18.86,31.49,34.08,-66.21,-136.90,1
L,2022-10-27 09:53:33.094871,-0.09,0.35,0.86,40.10,16.42,26.25,34.08,-66.21,-136.90,1
L,2022-10-27 09:53:33.112735,-0.10,0.32,0.91,25.45,10.07,12.88,34.08,-66.21,-136.90,1
L,2022-10-27 09:53:33.131590,-0.09,0.29,0.92,22.40,15.20,13.61,28.55,-68.87,-136.60,1
L,2022-10-27 09:53:33.149809,-0.06,0.25,0.87,23.01,17.88,18.68,28.55,-68.87,-136.60,1
L,2022-10-27 09:53:33.167792,-0.03,0.23,0.85,10.68,16.72,26.55,28.55,-68.87,-136.60,1
L,2022-10-27 09:53:33.186792,-0.03,0.22,0.84,6.47,15.38,32.10,19.30,-73.69,-136.19,1
L,2022-10-27 09:53:33.204811,-0.05,0.21,0.87,7.81,14.71,39.25,19.30,-73.69,-136.19,1
L,2022-10-27 09:53:33.223742,-0.03,0.19,0.86,9.03,17.70,47.30,5.27,-79.86,-139.36,1
L,2022-10-27 09:53:33.241769,-0.00,0.21,0.81,0.18,18.80,59.08,5.27,-79.86,-139.36,1
L,2022-10-27 09:53:33.260165,-0.00,0.31,0.77,-9.16,18.13,61.10,5.27,-79.86,-139.36,1
L,2022-10-27 09:53:33.278867,0.01,0.35,0.77,-14.28,18.07,60.61,-14.75,-81.57,-143.32,1
L,2022-10-27 09:53:33.296742,0.00,0.35,0.78,-13.49,17.46,62.01,-14.75,-81.57,-143.32,1
L,2022-10-27 09:53:33.315054,-0.02,0.32,0.80,-11.17,16.17,66.16,-14.75,-81.57,-143.32,1
L,2022-10-27 09:53:33.333741,-0.04,0.31,0.81,-23.19,15.81,73.49,-38.45,-77.78,-150.95,1
L,2022-10-27 09:53:33.351913,-0.07,0.43,0.80,-42.30,14.40,77.09,-38.45,-77.78,-150.95,1
L,2022-10-27 09:53:33.369907,-0.11,0.59,0.80,-56.09,13.79,78.74,-38.45,-77.78,-150.95,1
L,2022-10-27 09:53:33.388796,-0.14,0.79,0.79,-69.27,14.40,73.06,-60.10,-62.22,-159.22,1
L,2022-10-27 09:53:33.406940,-0.13,0.94,0.77,-65.12,13.24,56.82,-60.10,-62.22,-159.22,1
