u,2022-10-16 15:41:38.338380,0.26,-0.32,1.09,-23.38,12.82,-28.69,-47.34,18.59,-5.48,1
u,2022-10-16 15:41:38.358892,0.27,-0.33,1.04,-30.64,19.10,-27.71,-43.86,16.08,-3.81,1
u,2022-10-16 15:41:38.378231,0.32,-0.34,0.92,-28.14,18.31,-24.35,-43.86,16.08,-3.81,1
u,2022-10-16 15:41:38.398711,0.35,-0.34,0.86,-31.86,13.18,-21.36,-42.00,13.82,-4.13,1
u,2022-10-16 15:41:38.417710,0.32,-0.30,0.85,-41.56,8.79,-14.28,-42.00,13.82,-4.13,1
u,2022-10-16 15:41:38.436713,0.28,-0.24,0.90,-41.93,7.32,-7.57,-42.00,13.82,-4.13,1
u,2022-10-16 15:41:38.457737,0.24,-0.20,0.90,-38.45,7.87,-5.92,-43.35,10.71,-5.71,1
u,2022-10-16 15:41:38.478572,0.21,-0.22,0.97,-31.80,10.86,-7.39,-43.35,10.71,-5.71,1
u,2022-10-16 15:41:38.498694,0.22,-0.23,0.96,-31.07,17.52,-3.30,-44.67,7.80,-6.01,1
u,2022-10-16 15:41:38.520062,0.27,-0.12,0.93,-28.75,15.93,-0.12,-44.67,7.80,-6.01,1
u,2022-10-16 15:41:38.542128,0.26,-0.07,0.97,-16.54,16.11,5.00,-44.67,7.80,-6.01,1
u,2022-10-16 15:41:38.565114,0.24,0.00,0.91,-8.61,21.06,3.85,-47.36,5.58,-9.29,1
u,2022-10-16 15:41:38.583971,0.28,-0.09,0.80,-4.76,16.66,-6.04,-47.36,5.58,-9.29,1
u,2022-10-16 15:41:38.604352,0.28,-0.14,0.80,-4.52,9.16,-7.20,-50.05,3.77,-11.34,1
u,2022-10-16 15:41:38.624677,0.22,-0.19,0.77,-6.35,-4.52,-3.91,-50.05,3.77,-11.34,1
u,2022-10-16 15:41:38.645375,0.21,-0.11,0.77,-6.10,-11.54,3.42,-53.04,0.70,-9.00,1
u,2022-10-16 15:41:38.665983,0.20,-0.01,0.77,-11.84,-21.06,-1.53,-53.04,0.70,-9.00,1
u,2022-10-16 15:41:38.686646,-0.82,-0.00,1.66,-19.47,2.81,-7.26,-53.04,0.70,-9.00,1
u,2022-10-16 15:41:38.707577,0.09,-0.13,0.63,25.70,5.19,6.71,-53.87,-3.06,-5.94,1
u,2022-10-16 15:41:38.725701,0.16,-0.16,0.63,43.70,-26.31,1.89,-53.87,-3.06,-5.94,1
u,2022-10-16 15:41:38.745288,0.19,-0.25,0.57,34.48,-43.95,4.33,-50.85,-3.55,0.95,1
u,2022-10-16 15:41:38.765656,0.19,-0.08,0.84,6.35,-36.80,-9.03,-50.85,-3.55,0.95,1
u,2022-10-16 15:41:38.785708,0.19,0.08,0.98,-9.46,-32.65,-18.37,-50.85,-3.55,0.95,1
u,2022-10-16 15:41:38.808357,0.27,0.11,1.10,-3.54,-12.51,-26.86,-42.99,-8.25,8.65,1
u,2022-10-16 15:41:38.827190,0.27,0.06,1.08,7.69,5.49,-15.50,-42.99,-8.25,8.65,1
u,2022-10-16 15:41:38.850851,0.35,-0.03,1.18,39.79,11.47,-7.32,-30.81,-6.69,11.99,1
u,2022-10-16 15:41:38.875223,0.39,-0.29,1.18,62.99,14.89,8.73,-30.81,-6.69,11.99,1
u,2022-10-16 15:41:38.897311,0.37,-0.41,1.12,64.70,3.97,18.74,-24.77,2.47,13.26,1
u,2022-10-16 15:41:38.919804,0.32,-0.21,1.20,37.41,-2.81,-4.94,-24.77,2.47,13.26,1
u,2022-10-16 15:41:38.940464,0.39,-0.13,1.12,-47.18,62.81,-67.20,-24.77,2.47,13.26,1
u,2022-10-16 15:41:38.960692,0.26,-0.16,0.91,-8.73,43.09,-43.03,-26.84,5.04,13.13,1
u,2022-10-16 15:41:38.981813,0.17,-0.29,0.77,44.68,25.82,-8.42,-26.84,5.04,13.13,1
u,2022-10-16 15:41:39.002057,0.42,-0.29,1.14,64.58,8.91,8.54,-31.58,12.29,8.51,1
u,2022-10-16 15:41:39.022463,0.25,-0.44,0.84,21.06,21.42,-1.16,-31.58,12.29,8.51,1
u,2022-10-16 15:41:39.044557,0.15,-0.42,0.65,6.47,9.89,-3.17,-37.41,15.48,3.78,1
u,2022-10-16 15:41:39.068289,0.23,-0.30,0.78,-2.56,-2.99,-3.60,-37.41,15.48,3.78,1
u,2022-10-16 15:41:39.088407,0.09,-0.27,0.57,-16.72,18.80,1.28,-37.41,15.48,3.78,1
u,2022-10-16 15:41:39.108699,0.20,-0.18,0.71,-6.59,-3.36,-1.89,-41.36,15.30,-2.54,1
u,2022-10-16 15:41:39.129076,0.25,-0.19,0.77,-15.01,-5.31,-8.67,-41.36,15.30,-2.54,1
u,2022-10-16 15:41:39.150853,0.19,-0.27,0.74,-25.82,13.18,1.22,-41.67,13.53,-2.58,1
u,2022-10-16 15:41:39.170610,0.18,-0.20,0.80,7.87,-36.25,14.47,-41.67,13.53,-2.58,1
u,2022-10-16 15:41:39.190757,0.14,-0.09,0.72,-20.20,-28.44,-1.83,-41.67,13.53,-2.58,1
u,2022-10-16 15:41:39.209757,0.24,0.02,0.89,-5.68,-36.68,-4.94,-38.77,11.85,3.04,1
u,2022-10-16 15:41:39.230056,0.23,0.11,0.90,3.48,-21.12,-5.55,-38.77,11.85,3.04,1
u,2022-10-16 15:41:39.250245,0.28,0.04,1.03,36.93,-9.28,-6.53,-30.54,13.90,12.06,1
u,2022-10-16 15:41:39.275240,0.21,0.02,0.98,49.50,-4.03,-6.90,-30.54,13.90,12.06,1
u,2022-10-16 15:41:39.294871,0.27,-0.16,1.04,37.29,-8.06,-29.60,-24.54,25.31,13.79,1
u,2022-10-16 15:41:39.319073,0.31,-0.30,1.14,20.57,-14.95,-41.93,-24.54,25.31,13.79,1
u,2022-10-16 15:41:39.343194,-0.15,-0.50,1.57,35.95,28.20,3.42,-24.54,25.31,13.79,1
u,2022-10-16 15:41:39.362664,0.04,-0.47,1.10,79.10,59.33,23.13,-30.38,36.84,7.59,1
u,2022-10-16 15:41:39.383013,0.19,-0.80,0.75,79.16,40.04,8.61,-30.38,36.84,7.59,1
u,2022-10-16 15:41:39.408660,0.26,-0.83,0.62,54.20,23.74,8.97,-38.28,40.86,-2.97,1
u,2022-10-16 15:41:39.431106,0.36,-0.66,0.44,19.59,2.20,14.89,-38.28,40.86,-2.97,1
u,2022-10-16 15:41:39.452103,0.34,-0.53,0.34,-6.77,-23.32,12.08,-38.09,37.18,-7.08,1
u,2022-10-16 15:41:39.470741,0.32,-0.40,0.40,-12.51,-42.54,16.17,-38.09,37.18,-7.08,1
u,2022-10-16 15:41:39.489745,0.32,-0.25,0.59,-28.26,-48.89,7.45,-38.09,37.18,-7.08,1
u,2022-10-16 15:41:39.514485,0.32,-0.15,0.72,-46.20,-48.28,-2.56,-38.16,32.76,-3.99,1
u,2022-10-16 15:41:39.540433,0.30,-0.01,0.90,-53.34,-40.59,-5.80,-38.16,32.76,-3.99,1
u,2022-10-16 15:41:39.562369,0.40,0.14,0.98,-45.23,-37.11,-14.83,-39.82,27.06,-0.93,1
u,2022-10-16 15:41:39.586229,0.36,0.08,1.18,-37.90,-31.80,-29.17,-39.82,27.06,-0.93,1
u,2022-10-16 15:41:39.606275,0.34,0.02,1.25,-13.06,-14.83,-30.40,-42.19,22.90,0.96,1
u,2022-10-16 15:41:39.628266,0.28,-0.14,1.28,0.18,-8.00,-36.13,-42.19,22.90,0.96,1
