R,2022-11-13 12:17:43.504609,2.370380,8.854209,1.733490,0.270969,-0.282037,-0.366527,21.079307,-27.690677,-45.959804,1
R,2022-11-13 12:17:43.598614,-0.440556,8.514216,2.001655,-0.094289,-0.152605,-0.085959,25.187986,10.608767,-30.236713,1
R,2022-11-13 12:17:43.696253,-0.129293,9.529409,2.255453,0.291475,0.372178,0.809809,21.793861,23.375247,-41.813053,1
R,2022-11-13 12:17:43.791685,2.959384,11.808805,3.462192,-0.044221,0.224371,0.713135,26.259815,16.003053,-26.435525,1
R,2022-11-13 12:17:43.887277,1.503635,12.321190,4.668931,0.371105,0.311324,-0.459073,43.409084,36.501350,-9.502967,1
R,2022-11-13 12:17:43.966848,2.178835,8.605200,0.919420,1.029182,0.098002,-0.082230,43.409084,36.501350,-9.502967,1
R,2022-11-13 12:17:44.062843,2.073484,8.380133,1.120543,0.574041,-0.153271,-0.268921,40.729511,14.384768,-60.818988,1
R,2022-11-13 12:17:44.159679,1.752645,7.001002,0.603370,-0.225718,-0.318523,-0.467063,35.549003,46.930305,-83.107765,1
R,2022-11-13 12:17:44.255588,-3.031214,10.376999,3.419094,-1.434545,0.116511,-0.402480,35.549003,46.930305,-83.107765,1
R,2022-11-13 12:17:44.350634,5.229203,12.560623,1.632929,0.377097,0.891103,1.061482,29.653942,23.375247,-87.772857,1
R,2022-11-13 12:17:44.446243,2.518829,7.853382,2.150103,-0.593773,-0.844505,-0.811149,38.764492,39.018684,-57.190582,1
R,2022-11-13 12:17:44.543466,-2.691220,9.692223,4.434288,-0.593107,-0.463002,-0.388765,33.941257,69.766128,-47.687614,1
R,2022-11-13 12:17:44.622059,0.603370,11.612470,4.941884,0.040602,0.294413,0.480637,33.941257,69.766128,-47.687614,1
