l,2022-11-01 20:34:29.030340,0.50,-0.08,0.88,-17.76,-19.23,20.94,39.05,1.33,-63.18,1
l,2022-11-01 20:34:29.048359,0.49,-0.01,0.87,-19.78,-21.91,24.29,39.05,1.33,-63.18,1
l,2022-11-01 20:34:29.066262,0.43,0.08,0.89,-19.10,-25.15,26.49,39.05,1.33,-63.18,1
l,2022-11-01 20:34:29.085370,0.37,0.25,0.93,-19.84,-21.91,17.70,42.99,-0.51,-63.16,1
l,2022-11-01 20:34:29.113313,0.33,0.25,0.96,-23.62,-17.03,2.08,42.99,-0.51,-63.16,1
l,2022-11-01 20:34:29.121486,0.31,0.22,0.91,-28.32,-10.25,-7.39,42.99,-0.51,-63.16,1
l,2022-11-01 20:34:29.140357,0.29,0.13,0.95,-24.29,-10.74,-4.39,45.25,-0.37,-60.28,1
l,2022-11-01 20:34:29.158241,0.33,0.25,0.94,-4.70,-9.34,3.91,45.25,-0.37,-60.28,1
l,2022-11-01 20:34:29.177335,0.40,0.39,0.89,-0.98,-11.23,-0.61,47.33,-0.48,-60.67,1
l,2022-11-01 20:34:29.195336,0.23,0.37,0.98,6.41,-10.56,-11.17,47.33,-0.48,-60.67,1
l,2022-11-01 20:34:29.213246,0.37,0.14,0.92,107.18,-8.06,16.36,47.33,-0.48,-60.67,1
l,2022-11-01 20:34:29.232124,0.39,0.03,0.96,78.67,-16.48,14.65,47.72,-1.38,-59.83,1
l,2022-11-01 20:34:29.250324,0.33,0.25,0.86,-91.25,46.51,-39.18,47.72,-1.38,-59.83,1
l,2022-11-01 20:34:29.268060,0.43,0.27,1.10,1.28,16.78,-25.15,47.72,-1.38,-59.83,1
l,2022-11-01 20:34:29.287251,0.41,0.13,0.99,-30.09,27.59,-41.50,44.04,3.71,-60.02,1
l,2022-11-01 20:34:29.305255,0.41,0.13,0.98,-34.12,24.90,-39.49,44.04,3.71,-60.02,1
l,2022-11-01 20:34:29.323257,0.45,0.15,1.02,-51.39,33.57,-46.26,44.04,3.71,-60.02,1
l,2022-11-01 20:34:29.342122,0.32,0.02,0.98,-36.80,32.84,-38.88,36.93,10.30,-62.33,1
l,2022-11-01 20:34:29.360347,0.37,-0.02,0.79,-32.78,28.20,-35.46,36.93,10.30,-62.33,1
l,2022-11-01 20:34:29.379108,0.44,0.05,0.84,-21.06,23.93,-25.02,30.14,16.39,-66.61,1
l,2022-11-01 20:34:29.397350,0.40,-0.05,0.74,-30.46,15.44,-16.48,30.14,16.39,-66.61,1
l,2022-11-01 20:34:29.415342,0.34,-0.09,0.71,-24.96,6.29,-6.04,30.14,16.39,-66.61,1
l,2022-11-01 20:34:29.434424,0.37,-0.04,0.65,-8.85,-2.87,5.37,27.48,19.13,-70.90,1
l,2022-11-01 20:34:29.452350,0.37,-0.00,0.67,-2.99,-6.77,9.34,27.48,19.13,-70.90,1
l,2022-11-01 20:34:29.470037,0.31,0.04,0.66,-10.44,-2.81,2.14,27.48,19.13,-70.90,1
l,2022-11-01 20:34:29.489334,0.21,-0.18,0.53,-6.41,-3.78,16.97,27.99,19.85,-71.37,1
l,2022-11-01 20:34:29.507306,0.31,-0.17,0.53,-4.82,-18.74,32.35,27.99,19.85,-71.37,1
l,2022-11-01 20:34:29.526359,0.28,-0.06,0.58,-7.87,-26.61,42.97,34.53,16.30,-68.95,1
l,2022-11-01 20:34:29.544241,0.30,0.12,0.74,-10.07,-32.71,43.70,34.53,16.30,-68.95,1
l,2022-11-01 20:34:29.562134,0.21,0.28,0.98,-5.49,-32.35,33.14,34.53,16.30,-68.95,1
l,2022-11-01 20:34:29.581030,0.39,0.33,0.70,-13.98,-29.42,23.99,41.89,9.28,-65.21,1
l,2022-11-01 20:34:29.599082,0.28,0.45,1.03,-28.14,-23.07,12.15,41.89,9.28,-65.21,1
l,2022-11-01 20:34:29.617290,0.39,0.61,1.00,-21.06,-15.08,-1.83,41.89,9.28,-65.21,1
l,2022-11-01 20:34:29.636221,0.41,0.53,1.11,1.95,-11.17,-8.97,46.79,3.26,-63.71,1
l,2022-11-01 20:34:29.654215,0.41,0.54,1.04,12.51,-8.00,-17.21,46.79,3.26,-63.71,1
l,2022-11-01 20:34:29.672054,0.45,0.46,1.09,27.28,-4.09,-24.29,46.79,3.26,-63.71,1
l,2022-11-01 20:34:29.690875,0.43,0.35,1.11,37.66,1.10,-28.93,46.28,1.79,-61.56,1
l,2022-11-01 20:34:29.709064,0.41,0.35,1.21,30.15,9.34,-39.12,46.28,1.79,-61.56,1
l,2022-11-01 20:34:29.728014,0.04,0.16,1.45,32.17,37.35,-27.34,40.98,4.19,-60.99,1
l,2022-11-01 20:34:29.745814,0.34,0.18,1.11,93.63,68.54,13.92,40.98,4.19,-60.99,1
l,2022-11-01 20:34:29.763893,0.42,0.10,0.89,83.13,65.92,10.93,40.98,4.19,-60.99,1
l,2022-11-01 20:34:29.783006,0.38,0.04,0.91,42.60,57.98,-8.73,34.80,3.16,-64.07,1
l,2022-11-01 20:34:29.801042,0.46,0.16,0.81,18.62,51.57,-18.80,34.80,3.16,-64.07,1
l,2022-11-01 20:34:29.819067,0.50,0.13,0.72,26.79,43.95,-23.62,34.80,3.16,-64.07,1
l,2022-11-01 20:34:29.837896,0.56,0.06,0.59,33.08,34.48,-22.64,30.33,2.95,-66.58,1
l,2022-11-01 20:34:29.856025,0.62,0.03,0.51,35.89,22.16,-13.79,30.33,2.95,-66.58,1
l,2022-11-01 20:34:29.874129,0.66,-0.03,0.47,24.72,0.00,-12.76,30.33,2.95,-66.58,1
l,2022-11-01 20:34:29.893240,0.59,-0.04,0.57,2.26,-10.13,-13.00,27.43,2.71,-66.54,1
l,2022-11-01 20:34:29.911106,0.53,0.05,0.70,-8.30,-15.38,-10.13,27.43,2.71,-66.54,1
l,2022-11-01 20:34:29.930216,0.49,0.15,0.81,-12.08,-14.10,-13.18,25.78,1.88,-66.09,1
l,2022-11-01 20:34:29.948029,0.50,0.11,0.86,-0.31,-10.31,-21.61,25.78,1.88,-66.09,1
l,2022-11-01 20:34:29.966390,0.51,-0.03,0.85,8.79,-12.27,-18.13,25.78,1.88,-66.09,1
l,2022-11-01 20:34:29.985246,0.49,-0.08,0.88,2.81,-15.01,-15.93,22.51,1.29,-64.28,1
l,2022-11-01 20:34:30.003340,0.47,-0.06,0.93,-4.64,-15.69,-14.22,22.51,1.29,-64.28,1
l,2022-11-01 20:34:30.021380,0.46,-0.09,0.95,1.89,-13.43,-8.30,22.51,1.29,-64.28,1
l,2022-11-01 20:34:30.040228,0.48,-0.13,0.89,3.91,-9.28,-5.13,20.36,0.87,-61.40,1
