v,2022-10-15 11:13:16.022710,0.35,-0.12,0.91,4.94,5.31,-15.69,13.26,47.34,23.82,1
v,2022-10-15 11:13:16.031167,0.35,-0.14,0.92,8.67,4.15,-15.26,13.26,47.34,23.82,1
v,2022-10-15 11:13:16.038381,0.33,-0.17,0.91,12.15,2.81,-14.59,12.93,48.35,22.46,1
v,2022-10-15 11:13:16.057091,0.32,-0.20,0.91,15.38,1.65,-13.61,12.93,48.35,22.46,1
v,2022-10-15 11:13:16.058809,0.34,-0.23,0.91,17.58,-0.49,-10.56,12.93,48.35,22.46,1
v,2022-10-15 11:13:16.069966,0.35,-0.26,0.90,15.56,-0.85,-8.91,12.93,48.35,22.46,1
v,2022-10-15 11:13:16.078074,0.36,-0.25,0.91,12.45,-1.34,-7.20,12.93,48.35,22.46,1
v,2022-10-15 11:13:16.085631,0.38,-0.25,0.91,11.72,-1.59,-5.74,12.93,48.35,22.46,1
v,2022-10-15 11:13:16.101105,0.34,-0.25,0.91,9.89,-1.40,-4.46,12.49,49.50,23.65,1
v,2022-10-15 11:13:16.103557,0.34,-0.25,0.91,8.18,-0.73,-3.48,12.49,49.50,23.65,1
v,2022-10-15 11:13:16.118384,0.36,-0.24,0.90,8.61,0.24,-2.56,12.49,49.50,23.65,1
v,2022-10-15 11:13:16.123868,0.35,-0.25,0.89,10.86,1.77,14.59,12.49,49.50,23.65,1
v,2022-10-15 11:13:16.133973,0.32,-0.24,0.88,12.15,2.69,4.76,12.49,49.50,23.65,1
v,2022-10-15 11:13:16.152726,0.32,-0.24,0.88,14.83,0.37,8.12,12.38,49.99,23.39,1
v,2022-10-15 11:13:16.152726,0.30,-0.23,0.93,17.76,-5.00,11.54,12.38,49.99,23.39,1
v,2022-10-15 11:13:16.164549,0.20,-0.25,0.90,20.81,-12.57,14.65,12.38,49.99,23.39,1
v,2022-10-15 11:13:16.170958,-2.12,-0.03,0.81,20.69,-18.49,18.49,12.38,49.99,23.39,1
v,2022-10-15 11:13:16.180483,0.10,-0.03,0.96,44.19,-3.11,38.51,12.38,49.99,23.39,1
v,2022-10-15 11:13:16.187974,0.25,-0.14,1.02,88.99,7.93,54.32,12.38,49.99,23.39,1
v,2022-10-15 11:13:16.198866,0.24,-0.32,0.90,81.79,3.05,60.55,13.04,50.45,25.84,1
v,2022-10-15 11:13:16.212740,-0.28,-0.74,1.16,86.49,0.92,58.90,13.04,50.45,25.84,1
v,2022-10-15 11:13:16.217732,0.07,-1.43,1.03,15.99,-47.42,-22.77,13.04,50.45,25.84,1
v,2022-10-15 11:13:16.228851,0.17,-1.33,0.89,15.99,-47.42,-22.77,13.04,50.45,25.84,1
v,2022-10-15 11:13:16.234642,0.13,-0.84,0.87,-111.69,-63.84,-93.63,13.04,50.45,25.84,1
v,2022-10-15 11:13:16.246435,0.24,-0.16,1.04,-117.37,-75.99,-105.10,12.96,50.48,24.51,1
v,2022-10-15 11:13:16.260454,0.20,0.04,0.96,-112.00,-88.93,-101.50,12.96,50.48,24.51,1
v,2022-10-15 11:13:16.266866,0.19,0.17,0.93,-97.84,-96.92,-88.20,12.96,50.48,24.51,1
v,2022-10-15 11:13:16.280760,0.17,0.24,0.85,-72.81,-101.44,-70.98,12.96,50.48,24.51,1
v,2022-10-15 11:13:16.280760,0.15,0.24,0.78,-43.64,-98.21,-33.87,12.96,50.48,24.51,1
v,2022-10-15 11:13:16.297371,0.17,0.01,0.70,13.43,-70.86,-21.61,12.23,51.77,20.63,1
v,2022-10-15 11:13:16.311421,0.23,-0.13,0.73,28.56,-53.89,-14.22,12.23,51.77,20.63,1
v,2022-10-15 11:13:16.312973,0.03,-0.18,0.71,34.12,-39.43,-10.19,12.23,51.77,20.63,1
v,2022-10-15 11:13:16.323887,0.13,-0.26,0.81,37.78,-20.20,-6.23,12.23,51.77,20.63,1
v,2022-10-15 11:13:16.342932,0.05,-0.33,0.92,32.53,2.87,-0.98,12.23,51.77,20.63,1
v,2022-10-15 11:13:16.342932,0.12,-0.34,0.98,30.40,10.56,1.65,12.40,52.26,21.28,1
v,2022-10-15 11:13:16.355320,0.12,-0.34,1.01,27.22,15.99,4.64,12.40,52.26,21.28,1
v,2022-10-15 11:13:16.365041,0.12,-0.31,1.07,21.85,19.17,9.77,12.40,52.26,21.28,1
v,2022-10-15 11:13:16.379188,0.13,-0.32,1.10,20.87,19.53,16.48,12.40,52.26,21.28,1
v,2022-10-15 11:13:16.390705,0.11,-0.37,1.14,21.67,16.66,23.80,12.40,52.26,21.28,1
v,2022-10-15 11:13:16.397349,0.12,-0.55,1.12,23.74,3.72,20.39,12.84,52.22,21.62,1
v,2022-10-15 11:13:16.408485,0.18,-0.58,1.04,8.54,-0.98,8.48,12.84,52.22,21.62,1
v,2022-10-15 11:13:16.421147,0.23,-0.48,0.80,1.83,4.64,-4.94,12.84,52.22,21.62,1
v,2022-10-15 11:13:16.423429,0.15,-0.28,0.94,-12.63,27.53,-16.48,12.84,52.22,21.62,1
v,2022-10-15 11:13:16.439320,0.07,-0.11,1.15,-26.67,38.15,-19.35,12.84,52.22,21.62,1
v,2022-10-15 11:13:16.442974,0.20,-0.03,1.09,-21.36,30.09,-12.82,11.78,52.59,22.13,1
v,2022-10-15 11:13:16.451825,0.29,-0.04,0.81,18.55,50.17,2.87,11.78,52.59,22.13,1
v,2022-10-15 11:13:16.465806,0.18,-0.01,0.96,14.04,74.22,11.29,11.78,52.59,22.13,1
v,2022-10-15 11:13:16.465806,0.11,-0.01,1.16,11.11,85.51,19.78,11.78,52.59,22.13,1
v,2022-10-15 11:13:16.481734,0.26,-0.03,1.03,18.92,79.71,26.92,11.78,52.59,22.13,1
v,2022-10-15 11:13:16.487619,0.13,-0.14,1.06,38.64,80.57,32.84,11.78,52.59,22.13,1
v,2022-10-15 11:13:16.499221,0.12,-0.30,1.22,38.64,74.95,35.40,11.00,52.44,24.43,1
v,2022-10-15 11:13:16.516318,0.07,-0.46,1.27,43.76,55.24,16.17,11.00,52.44,24.43,1
v,2022-10-15 11:13:16.519284,0.08,-0.51,1.23,44.68,5.31,19.35,11.00,52.44,24.43,1
v,2022-10-15 11:13:16.534578,0.19,-0.47,0.98,48.28,-11.05,14.28,11.00,52.44,24.43,1
v,2022-10-15 11:13:16.536582,0.18,-0.47,0.96,43.52,-22.09,11.17,11.00,52.44,24.43,1
v,2022-10-15 11:13:16.546248,0.21,-0.46,0.79,36.74,-28.08,8.24,9.53,52.47,25.07,1
v,2022-10-15 11:13:16.563068,0.19,-0.44,0.71,23.13,-23.13,3.97,9.53,52.47,25.07,1
v,2022-10-15 11:13:16.570948,0.19,-0.40,0.64,4.82,-14.16,-0.24,9.53,52.47,25.07,1
v,2022-10-15 11:13:16.579976,0.25,-0.35,0.58,-14.28,-0.79,-4.09,9.53,52.47,25.07,1
v,2022-10-15 11:13:16.596227,0.15,-0.28,0.75,-37.29,26.37,-8.85,9.53,52.47,25.07,1
v,2022-10-15 11:13:16.598748,0.12,-0.30,0.86,-35.64,29.17,-10.07,7.57,53.38,24.67,1
v,2022-10-15 11:13:16.608114,-0.02,-0.31,0.85,-37.11,23.62,-9.89,7.57,53.38,24.67,1
v,2022-10-15 11:13:16.624192,-0.10,-0.28,0.82,-36.62,11.96,-4.09,7.57,53.38,24.67,1
