M,2022-10-22 11:49:29.168460,-0.28,-0.19,1.19,-9.95,-1.53,12.27,-59.53,7.21,-92.42,1
M,2022-10-22 11:49:29.184060,-0.37,0.18,1.21,13.85,20.63,27.71,-59.53,7.21,-92.42,1
M,2022-10-22 11:49:29.215683,-0.11,0.03,1.09,-12.76,41.44,-3.91,-59.53,7.21,-92.42,1
M,2022-10-22 11:49:29.231304,-0.00,-0.09,0.98,-8.61,39.73,-4.03,-63.23,12.13,-96.08,1
M,2022-10-22 11:49:29.247247,0.08,-0.06,0.86,12.63,22.58,3.72,-63.23,12.13,-96.08,1
M,2022-10-22 11:49:29.262843,0.05,-0.15,0.88,18.74,14.40,5.25,-67.57,19.64,-99.50,1
M,2022-10-22 11:49:29.293789,0.14,-0.36,0.74,23.56,10.19,13.31,-67.57,19.64,-99.50,1
M,2022-10-22 11:49:29.309749,0.11,-0.36,0.75,-2.56,2.81,23.13,-67.57,19.64,-99.50,1
M,2022-10-22 11:49:29.325685,0.15,-0.16,0.74,-16.78,2.01,26.06,-77.45,36.04,-99.43,1
M,2022-10-22 11:49:29.356628,0.14,-0.06,0.73,-7.39,-8.06,37.05,-77.45,36.04,-99.43,1
M,2022-10-22 11:49:29.372568,0.15,0.01,0.79,7.26,-16.97,43.95,-83.63,65.32,-94.82,1
M,2022-10-22 11:49:29.399175,0.14,0.01,0.82,21.79,-22.46,48.03,-83.63,65.32,-94.82,1
M,2022-10-22 11:49:29.420083,0.11,0.02,0.92,15.14,-23.50,42.72,-83.63,65.32,-94.82,1
M,2022-10-22 11:49:29.435705,-0.03,0.04,1.02,-4.94,-20.75,36.01,-75.78,98.66,-88.51,1
M,2022-10-22 11:49:29.451562,-0.09,0.15,1.05,-25.94,-11.78,31.37,-75.78,98.66,-88.51,1
M,2022-10-22 11:49:29.482568,-0.02,0.22,0.96,-34.73,-9.40,27.16,-53.28,122.19,-89.48,1
M,2022-10-22 11:49:29.499203,0.00,0.29,0.94,-3.85,-22.34,40.47,-53.28,122.19,-89.48,1
M,2022-10-22 11:49:29.514513,-0.03,0.32,0.99,19.65,-27.89,49.26,-24.50,137.06,-88.09,1
M,2022-10-22 11:49:29.530460,-0.05,0.27,1.01,21.97,-21.85,44.80,-24.50,137.06,-88.09,1
M,2022-10-22 11:49:29.561392,-0.06,0.25,0.98,5.07,-15.08,37.60,-24.50,137.06,-88.09,1
M,2022-10-22 11:49:29.577147,-0.07,0.31,0.88,-20.87,-9.16,29.79,4.54,142.21,-88.75,1
M,2022-10-22 11:49:29.599474,-0.03,0.39,0.88,-39.61,-13.67,24.17,4.54,142.21,-88.75,1
M,2022-10-22 11:49:29.609272,-0.10,0.49,0.97,-35.03,-17.21,23.93,30.16,139.83,-92.80,1
M,2022-10-22 11:49:29.640527,-0.10,0.61,0.96,-19.04,-8.54,21.97,30.16,139.83,-92.80,1
M,2022-10-22 11:49:29.656201,-0.05,0.53,0.94,-8.91,-8.36,15.99,30.16,139.83,-92.80,1
M,2022-10-22 11:49:29.672056,-0.07,0.51,0.97,-3.54,-8.61,9.34,48.63,135.89,-94.18,1
M,2022-10-22 11:49:29.699671,-0.15,0.40,1.00,0.06,-9.09,8.61,48.63,135.89,-94.18,1
M,2022-10-22 11:49:29.719504,-0.14,0.37,0.98,-5.74,-7.51,4.88,60.02,133.17,-92.66,1
M,2022-10-22 11:49:29.735383,-0.16,0.38,1.05,-13.06,-6.90,-0.73,60.02,133.17,-92.66,1
M,2022-10-22 11:49:29.750974,-0.21,0.38,1.11,-8.97,-3.91,-2.50,60.02,133.17,-92.66,1
M,2022-10-22 11:49:29.766370,-0.19,0.29,1.06,-0.49,-1.16,4.15,68.07,131.12,-93.73,1
M,2022-10-22 11:49:29.799618,-0.19,0.21,1.05,-0.37,-3.11,7.32,68.07,131.12,-93.73,1
M,2022-10-22 11:49:29.813947,-0.18,0.18,1.01,-16.36,5.00,5.37,75.38,126.99,-94.97,1
M,2022-10-22 11:49:29.829904,-0.12,0.27,0.91,-26.37,6.77,4.27,75.38,126.99,-94.97,1
M,2022-10-22 11:49:29.845474,-0.12,0.37,0.92,-37.90,9.40,-1.40,75.38,126.99,-94.97,1
M,2022-10-22 11:49:29.876442,-0.09,0.42,0.88,-33.26,11.72,-3.42,81.46,120.81,-98.54,1
M,2022-10-22 11:49:29.899888,-0.08,0.46,0.86,-26.18,8.91,-2.69,81.46,120.81,-98.54,1
M,2022-10-22 11:49:29.908689,-0.08,0.48,0.87,-16.72,3.97,-7.57,84.68,117.75,-99.65,1
M,2022-10-22 11:49:29.924584,-0.13,0.40,0.93,-14.95,6.90,-10.31,84.68,117.75,-99.65,1
M,2022-10-22 11:49:29.955561,-0.09,0.41,0.91,-15.63,9.64,-12.39,84.68,117.75,-99.65,1
M,2022-10-22 11:49:29.971462,-0.12,0.43,0.94,-26.79,9.70,-18.98,85.44,117.19,-102.45,1
M,2022-10-22 11:49:29.987070,-0.07,0.44,0.89,-21.55,10.93,-17.76,85.44,117.19,-102.45,1
M,2022-10-22 11:49:30.003029,-0.08,0.44,0.90,-22.64,11.47,-21.48,85.44,117.19,-102.45,1
M,2022-10-22 11:49:30.037464,-0.03,0.39,0.85,-24.54,11.54,-23.56,84.02,117.98,-103.88,1
M,2022-10-22 11:49:30.050165,-0.00,0.33,0.83,-19.84,4.64,-18.80,84.02,117.98,-103.88,1
M,2022-10-22 11:49:30.066127,-0.04,0.36,0.85,-11.17,-10.68,-9.03,82.02,119.86,-105.75,1
M,2022-10-22 11:49:30.097038,-0.09,0.42,0.89,-8.42,-13.61,-8.91,82.02,119.86,-105.75,1
M,2022-10-22 11:49:30.113107,-0.07,0.46,0.84,6.84,-5.62,-15.08,82.02,119.86,-105.75,1
M,2022-10-22 11:49:30.129078,0.00,0.28,0.83,15.20,-5.80,-14.10,79.81,122.84,-107.54,1
M,2022-10-22 11:49:30.144663,0.02,0.22,0.75,16.72,-29.24,-4.64,79.81,122.84,-107.54,1
M,2022-10-22 11:49:30.175613,-0.10,0.24,0.89,6.90,-23.62,1.40,78.25,126.14,-107.57,1
M,2022-10-22 11:49:30.191520,-0.93,0.29,1.46,-3.54,-17.33,-15.56,78.25,126.14,-107.57,1
M,2022-10-22 11:49:30.207918,-0.10,0.21,0.87,-4.88,3.54,-3.30,78.25,126.14,-107.57,1
M,2022-10-22 11:49:30.223863,-0.08,0.30,0.82,-30.09,6.71,-10.74,77.97,126.75,-107.35,1
M,2022-10-22 11:49:30.254799,-0.03,0.30,0.70,7.26,-25.70,10.74,77.97,126.75,-107.35,1
M,2022-10-22 11:49:30.270680,-0.08,0.25,0.78,15.81,-34.42,17.46,79.74,125.74,-107.41,1
M,2022-10-22 11:49:30.286285,-0.10,0.27,0.75,16.48,-39.55,20.75,79.74,125.74,-107.41,1
M,2022-10-22 11:49:30.302245,-0.14,0.31,0.84,14.22,-42.72,19.65,79.74,125.74,-107.41,1
M,2022-10-22 11:49:30.333495,-0.13,0.33,0.83,2.32,-37.29,16.66,82.80,124.94,-102.54,1
M,2022-10-22 11:49:30.349453,-0.14,0.32,0.87,7.08,-44.43,24.90,82.80,124.94,-102.54,1
M,2022-10-22 11:49:30.365044,-0.21,0.42,0.95,8.61,-50.42,31.43,89.75,121.89,-100.42,1
M,2022-10-22 11:49:30.380639,-0.24,0.43,1.00,1.89,-45.72,27.95,89.75,121.89,-100.42,1
M,2022-10-22 11:49:30.412119,-0.33,0.48,1.18,-13.12,-22.89,13.98,89.75,121.89,-100.42,1
M,2022-10-22 11:49:30.428088,-0.27,0.49,1.13,-21.36,0.37,2.81,95.58,119.80,-101.79,1
M,2022-10-22 11:49:30.443647,-0.19,0.48,1.02,-15.99,6.59,-1.53,95.58,119.80,-101.79,1
M,2022-10-22 11:49:30.459279,-0.21,0.40,0.97,24.84,-15.01,9.22,96.00,118.51,-101.22,1
M,2022-10-22 11:49:30.490238,-0.39,0.42,1.24,23.19,-12.63,5.74,96.00,118.51,-101.22,1
M,2022-10-22 11:49:30.506592,-0.30,0.43,1.10,-33.20,43.88,-22.89,96.00,118.51,-101.22,1
M,2022-10-22 11:49:30.522518,-0.21,0.46,1.01,-36.07,48.03,-29.91,91.86,120.28,-102.37,1
M,2022-10-22 11:49:30.538088,-0.19,0.45,0.96,-38.51,48.77,-32.35,91.86,120.28,-102.37,1
M,2022-10-22 11:49:30.569089,-0.14,0.52,0.83,-29.60,42.36,-30.09,85.08,121.06,-108.89,1
M,2022-10-22 11:49:30.584932,-0.14,0.52,0.83,-8.54,26.49,-25.70,85.08,121.06,-108.89,1
M,2022-10-22 11:49:30.601583,-0.12,0.35,0.76,14.28,19.10,-20.39,85.08,121.06,-108.89,1
M,2022-10-22 11:49:30.632233,-0.10,0.27,0.71,19.29,14.77,-15.69,78.16,124.88,-112.19,1
M,2022-10-22 11:49:30.647846,-0.10,0.25,0.67,18.68,1.28,-6.10,78.16,124.88,-112.19,1
M,2022-10-22 11:49:30.663795,-0.12,0.24,0.71,25.02,-5.98,-1.46,74.63,126.86,-114.51,1
M,2022-10-22 11:49:30.679373,-0.12,0.19,0.72,21.91,-5.62,-0.12,74.63,126.86,-114.51,1
M,2022-10-22 11:49:30.701545,-0.13,0.16,0.76,4.82,1.53,0.06,74.63,126.86,-114.51,1
M,2022-10-22 11:49:30.726764,-0.12,0.23,0.79,-21.97,12.57,-8.97,72.96,128.60,-114.54,1
M,2022-10-22 11:49:30.742674,-0.09,0.34,0.71,-38.88,11.41,-17.03,72.96,128.60,-114.54,1
M,2022-10-22 11:49:30.758292,-0.08,0.33,0.74,5.19,-20.81,2.14,73.54,127.69,-114.03,1
M,2022-10-22 11:49:30.773895,-0.12,0.34,0.79,23.74,-30.27,14.71,73.54,127.69,-114.03,1
M,2022-10-22 11:49:30.805370,-0.16,0.37,0.91,30.46,-33.69,18.49,73.54,127.69,-114.03,1
M,2022-10-22 11:49:30.821226,-0.16,0.32,0.90,20.39,-25.15,13.12,75.00,129.31,-109.09,1
M,2022-10-22 11:49:30.836897,-0.16,0.33,0.89,6.65,-23.01,10.01,75.00,129.31,-109.09,1
M,2022-10-22 11:49:30.867868,-0.19,0.38,0.97,3.91,-24.23,9.40,77.75,128.58,-106.37,1
M,2022-10-22 11:49:30.883490,-0.23,0.45,1.08,-4.09,-14.95,5.37,77.75,128.58,-106.37,1
M,2022-10-22 11:49:30.901997,-0.22,0.44,1.09,-1.89,-4.82,-0.73,77.75,128.58,-106.37,1
M,2022-10-22 11:49:30.931440,-0.18,0.39,0.98,-6.59,1.53,-1.95,79.10,128.80,-105.87,1
M,2022-10-22 11:49:30.947054,-0.18,0.43,0.98,-3.66,-4.76,3.17,79.10,128.80,-105.87,1
M,2022-10-22 11:49:30.963009,-0.21,0.56,0.98,14.28,-11.23,8.12,78.71,128.77,-105.58,1
M,2022-10-22 11:49:30.978483,-0.34,0.66,1.23,9.34,4.76,-20.63,78.71,128.77,-105.58,1
M,2022-10-22 11:49:31.009977,-0.21,0.54,1.05,-7.26,40.59,-37.05,78.71,128.77,-105.58,1
M,2022-10-22 11:49:31.025873,-0.15,0.45,0.89,-7.08,42.18,-33.94,71.57,132.59,-107.02,1
M,2022-10-22 11:49:31.041461,-0.13,0.40,0.88,-2.20,28.69,-32.47,71.57,132.59,-107.02,1
M,2022-10-22 11:49:31.057100,-0.12,0.34,0.83,1.59,22.89,-31.19,62.39,136.36,-111.43,1
M,2022-10-22 11:49:31.089191,-0.10,0.28,0.76,14.71,13.24,-21.42,62.39,136.36,-111.43,1
M,2022-10-22 11:49:31.104107,-0.07,0.10,0.67,28.99,0.85,-6.65,62.39,136.36,-111.43,1
M,2022-10-22 11:49:31.119999,-0.09,0.04,0.70,40.83,-10.07,8.91,56.85,139.98,-112.29,1
M,2022-10-22 11:49:31.135605,-0.13,0.03,0.76,31.74,-11.05,14.04,56.85,139.98,-112.29,1
M,2022-10-22 11:49:31.166600,-0.12,0.23,0.70,-27.89,0.12,-7.26,56.85,139.98,-112.29,1
M,2022-10-22 11:49:31.182222,-0.08,0.27,0.66,-32.10,-8.48,-13.67,55.15,140.04,-112.39,1
M,2022-10-22 11:49:31.202174,-0.14,0.25,0.72,3.17,-30.58,7.39,55.15,140.04,-112.39,1
M,2022-10-22 11:49:31.214503,-0.14,0.27,0.74,5.98,-28.26,12.39,54.61,140.22,-111.52,1
M,2022-10-22 11:49:31.245760,-0.15,0.23,0.81,15.08,-40.10,18.19,54.61,140.22,-111.52,1
M,2022-10-22 11:49:31.261699,-0.17,0.25,0.86,10.38,-44.62,20.45,58.40,140.99,-103.67,1
M,2022-10-22 11:49:31.277053,-0.21,0.33,0.94,0.18,-43.46,18.62,58.40,140.99,-103.67,1
M,2022-10-22 11:49:31.302430,-0.27,0.44,1.03,-9.16,-31.31,9.34,58.40,140.99,-103.67,1
M,2022-10-22 11:49:31.324793,-0.26,0.41,1.04,-7.26,-17.70,3.91,64.56,139.82,-100.11,1
M,2022-10-22 11:49:31.340411,-0.26,0.41,1.08,-10.07,-5.92,0.31,64.56,139.82,-100.11,1
M,2022-10-22 11:49:31.356321,-0.25,0.41,1.05,-12.88,-3.11,-1.65,64.56,139.82,-100.11,1
M,2022-10-22 11:49:31.371932,-0.25,0.43,1.03,-12.94,-1.77,-2.87,68.87,138.17,-98.75,1
M,2022-10-22 11:49:31.403532,-0.25,0.44,1.00,-3.66,-1.59,0.92,68.87,138.17,-98.75,1
M,2022-10-22 11:49:31.419422,-0.24,0.39,0.96,4.46,-0.06,3.05,70.78,138.16,-98.75,1
M,2022-10-22 11:49:31.435003,-0.23,0.32,0.90,9.64,-2.56,3.72,70.78,138.16,-98.75,1
M,2022-10-22 11:49:31.450407,-0.24,0.31,0.88,8.79,-4.46,2.62,70.78,138.16,-98.75,1
M,2022-10-22 11:49:31.481646,-0.24,0.31,0.87,4.09,-4.03,-0.12,70.89,138.66,-98.05,1
M,2022-10-22 11:49:31.502602,-0.24,0.33,0.86,-2.75,-2.14,-2.62,70.89,138.66,-98.05,1
M,2022-10-22 11:49:31.513928,-0.24,0.37,0.87,-4.46,0.67,-2.26,69.98,137.99,-98.96,1
M,2022-10-22 11:49:31.529841,-0.24,0.35,0.89,3.60,2.08,2.20,69.98,137.99,-98.96,1
M,2022-10-22 11:49:31.560802,-0.24,0.32,0.88,2.87,1.77,2.99,69.98,137.99,-98.96,1
M,2022-10-22 11:49:31.576424,-0.23,0.31,0.89,-1.89,1.65,0.18,70.76,138.87,-98.02,1
