E,2022-11-06 16:39:31.576162,-20.380483,71.427467,26.873889,0.326931,0.014532,0.004800,0.000000,0.000000,0.000000,1
E,2022-11-06 16:39:31.672218,-18.905580,63.267608,20.437946,0.095365,0.079114,-0.009714,0.000000,0.000000,0.000000,1
E,2022-11-06 16:39:31.768126,-18.982198,61.658622,23.675073,-0.008766,-0.052448,0.173115,0.000000,0.000000,0.000000,1
E,2022-11-06 16:39:31.864123,-22.602415,41.584613,28.674421,-0.820110,-0.106644,-0.695089,0.000000,0.000000,0.000000,1
E,2022-11-06 16:39:31.960066,-8.772803,58.632198,31.720001,-0.992686,-0.151253,-0.021832,0.000000,0.000000,0.000000,1
E,2022-11-06 16:39:32.039948,-24.460411,97.113769,55.241836,-0.326220,-0.213172,0.816810,0.000000,0.000000,0.000000,1
E,2022-11-06 16:39:32.136092,-16.932657,90.333045,46.928745,0.777678,0.054480,-0.180558,0.000000,0.000000,0.000000,1
E,2022-11-06 16:39:32.231898,-24.881811,61.218067,22.928043,0.427466,0.252356,0.198682,0.000000,0.000000,0.000000,1
E,2022-11-06 16:39:32.327828,3.103044,67.117683,25.705459,0.094966,-0.010636,0.556882,0.000000,0.000000,0.000000,1
E,2022-11-06 16:39:32.407666,6.627488,66.619659,31.049589,0.203358,-0.607592,-0.049129,0.000000,0.000000,0.000000,1
E,2022-11-06 16:39:32.503642,-45.913551,71.120994,33.807849,0.001754,-0.408118,0.040221,0.000000,0.000000,0.000000,1
E,2022-11-06 16:39:32.599239,-36.585266,58.344879,27.544300,-0.206242,0.582459,-0.137015,0.000000,0.000000,0.000000,1
E,2022-11-06 16:39:32.695526,3.792609,74.511352,30.283405,-0.425557,0.257416,0.491367,0.000000,0.000000,0.000000,1
E,2022-11-06 16:39:32.791443,-8.638720,64.914901,27.850772,-0.209571,0.758897,-1.036778,0.000000,0.000000,0.000000,1
E,2022-11-06 16:39:32.871291,-20.342174,66.696281,38.519878,0.073926,-0.473899,-0.599214,0.000000,0.000000,0.000000,1
E,2022-11-06 16:39:32.967477,-37.926086,71.101837,44.860050,-0.134070,0.184844,-0.153127,0.000000,0.000000,0.000000,1
E,2022-11-06 16:39:33.063385,-16.262247,61.486232,28.310483,-0.542871,0.361281,0.336635,0.000000,0.000000,0.000000,1
E,2022-11-06 16:39:33.159194,-4.673720,69.109756,36.240482,-0.340867,-0.007040,0.499756,0.000000,0.000000,0.000000,1
E,2022-11-06 16:39:33.255186,23.445217,76.694976,49.361377,-0.284807,-0.972318,-1.486593,0.000000,0.000000,0.000000,1
E,2022-11-06 16:39:33.335316,-54.590579,56.831668,42.561496,0.065271,0.473002,-1.182854,0.000000,0.000000,0.000000,1
E,2022-11-06 16:39:33.430927,-6.531715,50.165870,33.616306,-0.259373,1.322830,-2.373838,0.000000,0.000000,0.000000,1
E,2022-11-06 16:39:33.527049,-21.721303,49.035751,35.301910,0.244638,1.846149,-3.004617,0.000000,0.000000,0.000000,1
