d,2022-11-01 13:23:59.599288,0.34,-0.63,0.88,-21.12,4.39,-16.05,10.69,40.80,-26.92,1
d,2022-11-01 13:23:59.619083,0.35,-0.55,0.87,-40.89,0.92,-30.88,11.12,42.37,-27.78,1
d,2022-11-01 13:23:59.638260,0.28,-0.35,0.91,-42.66,-0.85,-32.65,11.12,42.37,-27.78,1
d,2022-11-01 13:23:59.659927,0.21,-0.32,0.91,-30.03,-1.46,-21.12,11.12,42.37,-27.78,1
d,2022-11-01 13:23:59.677895,0.25,-0.36,0.92,-15.14,-12.82,2.26,11.19,41.96,-27.16,1
d,2022-11-01 13:23:59.695842,0.27,-0.52,0.86,-26.79,-14.95,-3.72,11.19,41.96,-27.16,1
d,2022-11-01 13:23:59.716784,0.20,-0.28,0.92,-48.89,-12.57,-17.09,12.85,41.67,-28.39,1
d,2022-11-01 13:23:59.739724,-1.55,-0.15,1.28,-13.49,-14.65,-10.07,12.85,41.67,-28.39,1
d,2022-11-01 13:23:59.758675,0.13,0.13,0.84,51.27,-12.45,1.40,12.85,41.67,-28.39,1
d,2022-11-01 13:23:59.778624,0.25,-0.49,0.81,33.51,8.12,37.11,12.74,41.33,-26.66,1
d,2022-11-01 13:23:59.797571,0.16,-0.52,0.82,-11.90,14.71,25.39,12.74,41.33,-26.66,1
d,2022-11-01 13:23:59.818516,0.21,-0.36,0.88,-27.59,7.63,14.89,13.48,41.03,-27.33,1
d,2022-11-01 13:23:59.835505,0.15,-0.21,0.87,-5.00,-13.61,34.12,13.48,41.03,-27.33,1
d,2022-11-01 13:23:59.856416,0.10,-0.35,0.78,11.35,-30.21,46.02,13.48,41.03,-27.33,1
d,2022-11-01 13:23:59.875362,0.12,-0.26,0.84,9.22,-45.90,46.81,14.38,40.22,-27.03,1
d,2022-11-01 13:23:59.895309,0.15,-0.25,0.88,24.29,-66.53,50.42,14.38,40.22,-27.03,1
d,2022-11-01 13:23:59.915260,0.09,-0.27,0.87,13.85,-67.38,31.25,14.53,39.56,-26.25,1
d,2022-11-01 13:23:59.935284,0.08,-0.16,0.96,3.48,-64.64,6.96,14.53,39.56,-26.25,1
d,2022-11-01 13:23:59.954159,0.07,-0.08,0.99,29.91,-59.33,-16.30,14.53,39.56,-26.25,1
d,2022-11-01 13:23:59.975207,0.07,-0.15,1.02,52.98,-47.55,-27.59,13.66,39.89,-28.93,1
d,2022-11-01 13:23:59.996090,0.10,-0.31,0.94,70.98,-30.64,-38.76,13.66,39.89,-28.93,1
d,2022-11-01 13:24:00.012995,0.10,-0.25,0.96,57.92,3.05,-35.22,12.11,42.13,-25.96,1
d,2022-11-01 13:24:00.032008,0.13,-0.33,0.99,57.62,22.71,-23.38,12.11,42.13,-25.96,1
d,2022-11-01 13:24:00.057872,0.15,-0.42,0.99,44.68,38.57,-7.93,12.11,42.13,-25.96,1
d,2022-11-01 13:24:00.076821,0.14,-0.60,0.93,31.37,70.37,-1.89,12.43,44.04,-25.10,1
d,2022-11-01 13:24:00.089788,0.24,-0.52,1.03,0.24,82.89,-1.89,12.43,44.04,-25.10,1
d,2022-11-01 13:24:00.106740,0.29,-0.57,1.02,-20.57,89.66,4.58,12.43,44.04,-25.10,1
d,2022-11-01 13:24:00.124693,0.31,-0.49,1.04,-32.10,88.38,12.94,13.29,45.74,-23.57,1
d,2022-11-01 13:24:00.145637,0.21,-0.61,1.00,-28.26,60.24,17.88,13.29,45.74,-23.57,1
d,2022-11-01 13:24:00.163637,0.23,-0.50,0.98,-36.01,36.74,13.55,14.29,45.32,-23.86,1
d,2022-11-01 13:24:00.181574,0.16,-0.35,0.94,-40.22,22.95,11.11,14.29,45.32,-23.86,1
d,2022-11-01 13:24:00.200492,0.18,-0.25,0.88,-27.34,10.31,16.42,14.29,45.32,-23.86,1
d,2022-11-01 13:24:00.225517,0.09,-0.26,0.83,-17.33,1.71,18.25,14.26,44.41,-24.49,1
d,2022-11-01 13:24:00.239713,0.12,-0.28,0.75,-14.22,-11.05,9.89,14.26,44.41,-24.49,1
d,2022-11-01 13:24:00.258705,0.14,-0.23,0.71,-7.81,-22.83,3.48,14.26,44.41,-24.49,1
d,2022-11-01 13:24:00.277602,0.16,-0.26,0.52,-9.89,-18.68,6.04,14.22,44.41,-24.46,1
d,2022-11-01 13:24:00.298593,0.16,-0.35,0.98,-39.73,11.11,11.60,14.22,44.41,-24.46,1
d,2022-11-01 13:24:00.319536,0.01,-0.20,0.81,-22.71,-23.25,-0.12,13.71,44.93,-25.28,1
d,2022-11-01 13:24:00.335921,0.14,-0.19,0.90,-13.00,-54.44,0.06,13.71,44.93,-25.28,1
d,2022-11-01 13:24:00.357446,0.04,-0.25,0.85,-10.50,-83.62,-7.32,13.71,44.93,-25.28,1
d,2022-11-01 13:24:00.374861,0.17,-0.11,0.90,8.00,-94.48,-9.22,13.04,45.52,-26.89,1
d,2022-11-01 13:24:00.398282,0.12,-0.17,0.98,31.19,-82.52,-11.35,13.04,45.52,-26.89,1
d,2022-11-01 13:24:00.413254,0.14,-0.26,0.95,52.49,-54.75,-23.93,13.04,45.52,-26.89,1
d,2022-11-01 13:24:00.435190,0.12,-0.28,1.00,52.25,-38.82,-14.65,11.66,47.64,-27.58,1
d,2022-11-01 13:24:00.459119,0.09,-0.35,1.04,44.43,-21.24,-0.43,11.66,47.64,-27.58,1
d,2022-11-01 13:24:00.475091,0.05,-0.44,0.98,41.32,-7.87,6.23,10.39,49.77,-25.90,1
d,2022-11-01 13:24:00.493066,0.02,-0.49,0.88,32.10,31.37,-8.48,10.39,49.77,-25.90,1
d,2022-11-01 13:24:00.508997,-0.06,-0.23,0.96,26.43,60.06,-8.00,10.39,49.77,-25.90,1
d,2022-11-01 13:24:00.530927,-0.09,-0.10,1.07,40.89,75.32,19.10,10.40,51.61,-23.95,1
