A,2022-11-06 10:44:40.978522,0.36,0.59,-0.67,-4.09,0.37,-14.28,-27.36,-109.61,-80.62,1
A,2022-11-06 10:44:41.004097,0.33,0.53,-0.65,-28.81,-20.51,-3.05,-27.36,-109.61,-80.62,1
A,2022-11-06 10:44:41.017127,0.32,0.54,-0.61,-46.75,-32.65,5.55,-29.05,-109.50,-81.47,1
A,2022-11-06 10:44:41.030500,0.25,0.62,-0.53,-55.18,-30.27,12.02,-29.05,-109.50,-81.47,1
A,2022-11-06 10:44:41.056114,0.12,0.74,-0.48,-28.75,-11.54,10.62,-29.05,-109.50,-81.47,1
A,2022-11-06 10:44:41.069136,0.20,0.58,-0.59,10.01,6.59,8.79,-32.89,-108.18,-81.84,1
A,2022-11-06 10:44:41.095121,0.18,0.81,-0.54,18.74,8.61,24.11,-32.89,-108.18,-81.84,1
A,2022-11-06 10:44:41.108606,0.18,0.86,-0.66,3.17,-11.41,-14.28,-32.89,-108.18,-81.84,1
A,2022-11-06 10:44:41.134135,0.29,0.65,-0.50,-19.71,-8.54,-18.74,-34.38,-107.59,-83.50,1
A,2022-11-06 10:44:41.147521,-0.10,0.65,-0.25,-70.92,-27.40,7.87,-34.38,-107.59,-83.50,1
A,2022-11-06 10:44:41.173159,0.03,0.83,-0.21,-6.90,20.57,52.67,-32.89,-107.85,-80.65,1
A,2022-11-06 10:44:41.186164,0.14,0.78,-0.25,33.02,74.71,58.47,-32.89,-107.85,-80.65,1
A,2022-11-06 10:44:41.199166,0.21,0.81,-0.55,62.13,90.58,59.69,-32.89,-107.85,-80.65,1
A,2022-11-06 10:44:41.225172,0.29,0.81,-0.87,51.45,87.22,53.28,-29.79,-108.79,-83.35,1
A,2022-11-06 10:44:41.238157,0.27,0.87,-1.00,47.67,56.52,43.70,-29.79,-108.79,-83.35,1
A,2022-11-06 10:44:41.264162,0.41,0.96,-1.28,25.27,27.53,34.06,-29.79,-108.79,-83.35,1
A,2022-11-06 10:44:41.277569,0.30,0.98,-1.10,-28.87,-10.80,13.00,-28.06,-108.65,-85.85,1
A,2022-11-06 10:44:41.306366,0.07,0.98,-0.79,-15.93,-1.83,9.58,-28.06,-108.65,-85.85,1
A,2022-11-06 10:44:41.313047,0.13,1.00,-0.86,75.01,39.98,19.41,-28.69,-108.25,-86.17,1
A,2022-11-06 10:44:41.339065,0.22,0.46,-1.05,-39.55,-34.85,-108.28,-28.69,-108.25,-86.17,1
A,2022-11-06 10:44:41.352084,-0.08,0.87,-0.59,-85.94,-67.87,-66.71,-28.69,-108.25,-86.17,1
A,2022-11-06 10:44:41.378068,0.21,0.63,-0.67,-61.52,-72.57,-61.04,-28.74,-108.73,-83.92,1
A,2022-11-06 10:44:41.393815,0.13,0.61,-0.47,-66.35,-69.76,-46.08,-28.74,-108.73,-83.92,1
A,2022-11-06 10:44:41.415820,0.05,0.62,-0.40,-39.18,-45.29,-30.82,-33.95,-108.17,-82.08,1
A,2022-11-06 10:44:41.437847,0.03,0.59,-0.32,-19.29,-22.52,-9.16,-33.95,-108.17,-82.08,1
A,2022-11-06 10:44:41.448862,0.09,0.60,-0.28,-15.44,-12.51,-3.72,-33.95,-108.17,-82.08,1
A,2022-11-06 10:44:41.470854,0.09,0.57,-0.32,-3.17,-10.56,-1.77,-36.98,-106.65,-78.72,1
A,2022-11-06 10:44:41.492864,0.09,0.59,-0.41,11.35,-10.56,12.33,-36.98,-106.65,-78.72,1
A,2022-11-06 10:44:41.514843,-0.19,0.64,-0.35,11.78,-7.32,37.23,-36.46,-104.76,-77.40,1
A,2022-11-06 10:44:41.536869,0.11,0.61,-0.43,85.45,32.65,102.66,-36.46,-104.76,-77.40,1
A,2022-11-06 10:44:41.548847,0.16,0.81,-0.60,83.07,48.65,102.36,-36.46,-104.76,-77.40,1
A,2022-11-06 10:44:41.566348,0.04,0.81,-0.60,93.51,57.19,105.47,-35.62,-102.29,-77.69,1
A,2022-11-06 10:44:41.588349,0.36,1.01,-0.68,121.58,60.24,113.46,-35.62,-102.29,-77.69,1
A,2022-11-06 10:44:41.599351,0.30,1.17,-0.74,89.78,42.05,85.39,-35.62,-102.29,-77.69,1
A,2022-11-06 10:44:41.621337,0.28,1.24,-0.68,17.33,12.63,45.53,-36.34,-101.39,-80.15,1
A,2022-11-06 10:44:41.643342,0.22,1.25,-0.60,-23.56,-0.79,15.44,-36.34,-101.39,-80.15,1
A,2022-11-06 10:44:41.665367,0.07,1.19,-0.54,-31.92,-3.23,8.00,-36.27,-101.11,-79.30,1
A,2022-11-06 10:44:41.687373,-0.09,1.21,-0.48,-44.92,5.13,-122.92,-36.27,-101.11,-79.30,1
A,2022-11-06 10:44:41.698782,0.06,0.93,-0.40,-56.34,2.26,-133.67,-36.27,-101.11,-79.30,1
A,2022-11-06 10:44:41.720383,0.26,0.68,-0.48,-35.28,8.00,-119.38,-31.81,-105.07,-79.94,1
A,2022-11-06 10:44:41.742386,0.27,0.59,-0.40,-66.77,7.14,-84.72,-31.81,-105.07,-79.94,1
A,2022-11-06 10:44:41.753391,0.25,0.42,-0.59,-75.62,7.02,-51.39,-31.81,-105.07,-79.94,1
A,2022-11-06 10:44:41.775946,0.22,0.56,-0.65,-54.14,4.21,-12.45,-29.13,-107.98,-79.90,1
A,2022-11-06 10:44:41.797400,0.14,0.52,-0.73,-38.27,2.08,2.08,-29.13,-107.98,-79.90,1
A,2022-11-06 10:44:41.820252,0.13,0.20,-1.00,-25.33,-1.28,27.40,-29.50,-109.28,-80.02,1
A,2022-11-06 10:44:41.828996,0.19,0.12,-1.12,-5.37,-14.47,62.01,-29.50,-109.28,-80.02,1
A,2022-11-06 10:44:41.851037,-0.03,0.49,-1.48,82.40,-17.03,-4.15,-29.50,-109.28,-80.02,1
A,2022-11-06 10:44:41.873033,0.04,0.53,-0.88,129.76,-60.42,37.23,-33.04,-104.88,-80.24,1
A,2022-11-06 10:44:41.895016,0.17,1.19,0.28,60.30,-77.15,43.21,-33.04,-104.88,-80.24,1
A,2022-11-06 10:44:41.906591,0.12,0.68,-0.51,22.89,22.34,-18.19,-33.04,-104.88,-80.24,1
A,2022-11-06 10:44:41.928026,0.25,1.21,-0.16,7.26,-8.06,9.09,-36.17,-101.71,-77.65,1
A,2022-11-06 10:44:41.950057,0.26,0.98,-0.30,-19.04,7.32,-7.63,-36.17,-101.71,-77.65,1
A,2022-11-06 10:44:41.961376,0.12,0.87,-0.50,-39.43,2.62,-11.23,-34.73,-101.22,-75.76,1
A,2022-11-06 10:44:41.983063,0.06,0.92,-0.45,-22.77,18.19,-6.23,-34.73,-101.22,-75.76,1
A,2022-11-06 10:44:42.005064,-0.01,0.91,-1.01,20.94,19.78,-61.83,-34.73,-101.22,-75.76,1
A,2022-11-06 10:44:42.027072,0.09,0.58,-0.89,76.11,-5.13,-76.60,-32.92,-103.91,-75.87,1
A,2022-11-06 10:44:42.038074,0.12,0.65,-0.52,73.91,-14.59,-58.65,-32.92,-103.91,-75.87,1
A,2022-11-06 10:44:42.060429,0.18,0.63,-0.35,53.71,2.08,-51.94,-30.08,-105.03,-74.35,1
A,2022-11-06 10:44:42.082062,0.26,0.70,-0.37,50.72,16.60,-45.17,-30.08,-105.03,-74.35,1
A,2022-11-06 10:44:42.104093,0.30,0.73,-0.39,46.14,28.14,-47.91,-30.08,-105.03,-74.35,1
A,2022-11-06 10:44:42.115465,0.38,0.63,-0.69,28.02,19.04,-43.40,-27.45,-106.58,-76.18,1
A,2022-11-06 10:44:42.137096,0.42,0.65,-0.76,19.47,-8.30,-21.61,-27.45,-106.58,-76.18,1
A,2022-11-06 10:44:42.159091,0.45,0.90,-0.72,-2.20,-36.50,-1.46,-27.45,-106.58,-76.18,1
