b,2022-10-30 18:05:16.152637,-0.12,0.44,1.08,-7.69,-23.07,-3.23,7.51,18.32,-62.73,1
b,2022-10-30 18:05:16.171588,-0.06,0.41,1.03,-8.67,-14.65,-11.84,11.69,12.46,-65.03,1
b,2022-10-30 18:05:16.189742,0.05,0.36,0.94,-8.67,-13.12,-19.35,11.69,12.46,-65.03,1
b,2022-10-30 18:05:16.207649,0.10,0.29,0.92,-9.83,-17.76,-21.24,11.69,12.46,-65.03,1
b,2022-10-30 18:05:16.226680,0.07,0.27,0.95,-4.94,-25.57,-15.50,14.97,11.11,-69.15,1
b,2022-10-30 18:05:16.244603,-0.03,0.29,1.04,-0.61,-23.32,-12.33,14.97,11.11,-69.15,1
b,2022-10-30 18:05:16.262458,-0.04,0.27,1.09,3.85,-19.53,-11.96,14.97,11.11,-69.15,1
b,2022-10-30 18:05:16.281505,-0.01,0.22,1.08,3.97,-13.61,-14.04,18.36,11.12,-72.16,1
b,2022-10-30 18:05:16.299639,-0.00,0.12,1.11,11.35,-12.70,-5.43,18.36,11.12,-72.16,1
b,2022-10-30 18:05:16.318333,-0.08,0.07,1.17,11.84,-13.85,1.65,20.86,12.33,-74.06,1
b,2022-10-30 18:05:16.336715,-0.17,0.12,1.24,1.89,-10.44,0.06,20.86,12.33,-74.06,1
b,2022-10-30 18:05:16.354672,-0.17,0.17,1.23,-7.75,-1.77,-7.45,20.86,12.33,-74.06,1
b,2022-10-30 18:05:16.373427,-0.06,0.21,1.14,-14.10,7.51,-14.53,20.45,14.53,-75.56,1
b,2022-10-30 18:05:16.391688,0.07,0.17,1.04,-11.78,10.56,-13.61,20.45,14.53,-75.56,1
b,2022-10-30 18:05:16.409490,0.08,0.17,0.99,-6.59,7.75,-6.29,20.45,14.53,-75.56,1
b,2022-10-30 18:05:16.428411,0.05,0.21,1.00,-5.00,3.78,-4.46,20.09,15.45,-75.56,1
b,2022-10-30 18:05:16.446574,0.03,0.20,0.99,-14.04,2.62,-14.83,20.09,15.45,-75.56,1
b,2022-10-30 18:05:16.464482,0.02,0.18,1.01,-29.79,4.52,-29.85,20.09,15.45,-75.56,1
b,2022-10-30 18:05:16.483492,-0.01,0.15,1.01,-32.41,11.60,-30.03,19.81,15.78,-74.60,1
b,2022-10-30 18:05:16.501496,0.04,0.13,0.92,-22.58,16.54,-19.84,19.81,15.78,-74.60,1
b,2022-10-30 18:05:16.520315,0.12,0.15,0.88,-6.41,9.03,-6.16,18.93,16.76,-73.94,1
b,2022-10-30 18:05:16.538491,0.09,0.17,0.89,-9.95,1.40,-4.82,18.93,16.76,-73.94,1
b,2022-10-30 18:05:16.556471,0.06,0.16,0.88,-24.11,1.22,-14.47,18.93,16.76,-73.94,1
b,2022-10-30 18:05:16.575438,0.02,0.12,0.92,-33.75,-0.67,-21.00,19.27,16.60,-73.43,1
b,2022-10-30 18:05:16.593615,-0.03,0.08,0.87,-38.09,-0.85,-21.97,19.27,16.60,-73.43,1
b,2022-10-30 18:05:16.611607,-0.18,0.22,1.01,-34.67,-0.31,-18.74,19.27,16.60,-73.43,1
b,2022-10-30 18:05:16.630252,0.01,0.20,0.81,-11.47,12.94,-10.31,19.56,18.33,-72.06,1
b,2022-10-30 18:05:16.648754,-0.03,0.29,0.76,-5.92,-6.10,-3.30,19.56,18.33,-72.06,1
b,2022-10-30 18:05:16.667411,-0.01,0.25,0.80,12.02,-23.19,4.33,20.04,18.84,-74.67,1
b,2022-10-30 18:05:16.685389,-0.02,0.20,0.74,10.38,-30.40,5.68,20.04,18.84,-74.67,1
b,2022-10-30 18:05:16.703540,-0.03,0.20,0.84,-1.22,-37.78,-0.67,20.04,18.84,-74.67,1
b,2022-10-30 18:05:16.722416,-0.04,0.20,0.85,1.59,-42.48,0.73,22.52,20.73,-80.42,1
b,2022-10-30 18:05:16.740308,-0.02,0.22,0.91,20.08,-47.30,10.13,22.52,20.73,-80.42,1
b,2022-10-30 18:05:16.758398,-0.04,0.18,1.02,36.56,-48.89,18.74,22.52,20.73,-80.42,1
b,2022-10-30 18:05:16.777383,-0.05,0.18,1.10,34.00,-38.64,17.27,23.93,22.51,-84.56,1
b,2022-10-30 18:05:16.795469,-0.05,0.12,1.15,11.84,-19.53,1.59,23.93,22.51,-84.56,1
b,2022-10-30 18:05:16.813504,-0.05,0.11,1.18,1.34,-11.23,-4.64,23.93,22.51,-84.56,1
b,2022-10-30 18:05:16.832538,-0.06,0.14,1.19,-8.97,-0.61,-9.58,26.12,24.84,-85.57,1
b,2022-10-30 18:05:16.850459,-0.04,0.21,1.15,-23.56,7.93,-15.75,26.12,24.84,-85.57,1
b,2022-10-30 18:05:16.869474,-0.04,0.27,1.06,-6.10,-5.43,-10.44,25.48,25.70,-87.85,1
b,2022-10-30 18:05:16.887380,-0.05,0.25,1.05,12.57,-21.00,-2.93,25.48,25.70,-87.85,1
b,2022-10-30 18:05:16.905376,-0.10,0.21,1.12,21.18,-10.50,0.67,25.48,25.70,-87.85,1
b,2022-10-30 18:05:16.924496,-0.06,0.19,0.99,-5.19,29.54,-7.26,25.56,24.82,-86.54,1
b,2022-10-30 18:05:16.942380,-0.06,0.19,1.07,-9.89,23.19,-12.45,25.56,24.82,-86.54,1
b,2022-10-30 18:05:16.960382,-0.05,0.21,0.98,-19.78,32.23,-17.40,25.56,24.82,-86.54,1
b,2022-10-30 18:05:16.979441,-0.05,0.25,0.90,-21.12,27.10,-17.52,23.78,23.91,-82.89,1
b,2022-10-30 18:05:16.997444,-0.05,0.28,0.88,-21.30,22.52,-16.30,23.78,23.91,-82.89,1
b,2022-10-30 18:05:17.016466,-0.05,0.29,0.83,-13.24,17.40,-12.45,22.75,22.01,-81.76,1
b,2022-10-30 18:05:17.034370,-0.05,0.27,0.82,8.00,11.29,-5.68,22.75,22.01,-81.76,1
b,2022-10-30 18:05:17.052375,-0.05,0.26,0.82,12.76,9.77,-5.19,22.75,22.01,-81.76,1
b,2022-10-30 18:05:17.071378,-0.04,0.28,0.80,11.66,10.13,-7.14,23.16,20.80,-82.03,1
b,2022-10-30 18:05:17.089393,-0.05,0.23,0.76,8.85,5.43,-14.40,23.16,20.80,-82.03,1
b,2022-10-30 18:05:17.107465,-0.04,0.18,0.82,4.58,-6.04,-19.53,23.16,20.80,-82.03,1
b,2022-10-30 18:05:17.126204,-0.04,0.12,0.85,5.37,-14.53,-18.07,24.13,19.53,-83.75,1
b,2022-10-30 18:05:17.144454,-0.03,0.02,0.98,16.42,-21.30,-8.67,24.13,19.53,-83.75,1
b,2022-10-30 18:05:17.162451,-0.04,-0.04,0.94,26.73,-20.69,1.77,24.13,19.53,-83.75,1
b,2022-10-30 18:05:17.181370,-0.04,-0.06,0.97,18.80,-23.07,3.05,25.34,20.79,-87.50,1
b,2022-10-30 18:05:17.199511,-0.05,-0.05,1.00,13.43,-24.72,6.35,25.34,20.79,-87.50,1
b,2022-10-30 18:05:17.218253,-0.06,-0.05,1.00,16.72,-23.99,17.40,25.39,22.17,-89.36,1
b,2022-10-30 18:05:17.236273,-0.07,0.00,0.99,23.93,-22.28,30.40,25.39,22.17,-89.36,1
b,2022-10-30 18:05:17.254374,-0.07,0.11,1.04,20.32,-20.39,33.33,25.39,22.17,-89.36,1
b,2022-10-30 18:05:17.273356,-0.07,0.18,1.10,2.81,-8.24,20.69,24.95,23.40,-88.22,1
b,2022-10-30 18:05:17.291248,-0.08,0.22,1.10,4.94,-1.71,21.30,24.95,23.40,-88.22,1
b,2022-10-30 18:05:17.309276,-0.09,0.31,1.03,0.06,2.32,11.90,24.95,23.40,-88.22,1
b,2022-10-30 18:05:17.328298,-0.09,0.27,1.01,-8.12,3.05,1.10,26.00,23.77,-86.02,1
b,2022-10-30 18:05:17.346348,-0.09,0.31,0.97,-2.56,0.55,2.99,26.00,23.77,-86.02,1
b,2022-10-30 18:05:17.365250,-0.11,0.29,0.92,0.67,-2.62,0.31,26.25,24.00,-84.63,1
b,2022-10-30 18:05:17.383256,-0.12,0.24,0.97,3.05,-1.83,2.32,26.25,24.00,-84.63,1
b,2022-10-30 18:05:17.401439,-0.17,0.35,0.93,-7.87,10.01,-3.30,26.25,24.00,-84.63,1
b,2022-10-30 18:05:17.420279,-0.30,0.35,1.05,-2.08,10.25,-10.62,25.48,23.61,-85.64,1
b,2022-10-30 18:05:17.438276,-0.16,0.27,1.01,13.61,19.84,-8.61,25.48,23.61,-85.64,1
b,2022-10-30 18:05:17.456251,-0.09,0.21,0.99,12.08,17.94,-12.15,25.48,23.61,-85.64,1
b,2022-10-30 18:05:17.475260,-0.09,0.19,0.98,2.08,15.81,-19.65,23.90,21.81,-85.78,1
b,2022-10-30 18:05:17.493493,-0.07,0.18,0.95,-3.54,13.49,-22.46,23.90,21.81,-85.78,1
b,2022-10-30 18:05:17.511268,-0.04,0.20,0.92,-4.39,9.52,-22.03,23.90,21.81,-85.78,1
b,2022-10-30 18:05:17.530172,0.00,0.21,0.87,-3.36,5.49,-23.01,23.12,21.85,-87.39,1
b,2022-10-30 18:05:17.548454,-0.00,0.19,0.89,-1.34,0.73,-21.00,23.12,21.85,-87.39,1
b,2022-10-30 18:05:17.567671,-0.02,0.16,0.90,-0.61,-2.32,-21.61,22.07,21.78,-88.79,1
b,2022-10-30 18:05:17.585265,0.00,0.14,0.90,0.92,-4.15,-20.08,22.07,21.78,-88.79,1
b,2022-10-30 18:05:17.603162,-0.00,0.14,0.92,5.49,-5.43,-18.37,22.07,21.78,-88.79,1
b,2022-10-30 18:05:17.622335,-0.01,0.10,0.95,2.81,-5.07,-19.29,23.07,23.77,-91.47,1
b,2022-10-30 18:05:17.640181,0.01,0.09,0.93,8.42,-5.49,-12.51,23.07,23.77,-91.47,1
b,2022-10-30 18:05:17.658397,-0.01,0.10,0.95,12.82,-6.16,-8.12,23.07,23.77,-91.47,1
b,2022-10-30 18:05:17.677404,-0.02,0.06,0.97,11.90,-5.80,-6.96,23.46,25.99,-92.94,1
b,2022-10-30 18:05:17.695427,-0.03,0.06,0.98,11.78,-6.90,-4.27,23.46,25.99,-92.94,1
b,2022-10-30 18:05:17.714335,-0.08,0.08,1.04,10.68,-6.29,-3.78,24.57,26.67,-94.84,1
b,2022-10-30 18:05:17.732400,-0.07,0.09,1.05,4.64,-1.59,-6.84,24.57,26.67,-94.84,1
b,2022-10-30 18:05:17.750163,-0.04,0.12,1.02,7.14,0.61,-4.64,24.57,26.67,-94.84,1
b,2022-10-30 18:05:17.769394,-0.00,0.09,1.02,0.79,-1.65,-8.67,25.88,28.89,-95.74,1
b,2022-10-30 18:05:17.787558,-0.03,0.06,1.04,-4.15,-0.61,-10.38,25.88,28.89,-95.74,1
b,2022-10-30 18:05:17.805240,-0.07,0.09,1.04,-7.87,1.83,-9.77,25.88,28.89,-95.74,1
b,2022-10-30 18:05:17.824414,-0.10,0.15,1.06,-5.86,6.10,-9.22,27.58,30.24,-95.62,1
b,2022-10-30 18:05:17.842329,-0.03,0.13,0.99,-0.18,13.12,-10.62,27.58,30.24,-95.62,1
