z,2022-11-05 19:43:12.234218,1.570676,82.517974,3.505290,-0.025565,0.160702,-0.107599,0.000000,0.000000,0.000000,1
z,2022-11-05 19:43:12.312194,2.777415,81.732635,1.838841,-0.069641,0.205177,-0.008661,0.000000,0.000000,0.000000,1
z,2022-11-05 19:43:12.407300,5.133430,69.895095,-5.114275,-0.165517,0.359376,0.506136,0.000000,0.000000,0.000000,1
z,2022-11-05 19:43:12.499976,24.747730,87.632247,5.056812,-0.092012,0.836622,-0.700694,0.000000,0.000000,0.000000,1
z,2022-11-05 19:43:12.593839,-13.982851,77.614395,11.990774,-0.064448,-0.115206,-0.910820,0.000000,0.000000,0.000000,1
z,2022-11-05 19:43:12.672241,-23.540990,77.346229,8.121546,-0.356335,0.316499,0.441953,0.000000,0.000000,0.000000,1
z,2022-11-05 19:43:12.766006,36.336257,80.410964,10.975581,-0.093211,0.461244,0.483366,0.000000,0.000000,0.000000,1
z,2022-11-05 19:43:12.859741,55.739856,75.794708,12.220628,-0.296014,-0.505365,-0.966748,0.000000,0.000000,0.000000,1
z,2022-11-05 19:43:12.956300,-44.093864,86.004104,7.872536,0.030495,0.424359,0.054590,0.000000,0.000000,0.000000,1
z,2022-11-05 19:43:13.049986,41.029132,71.159301,17.143358,0.754486,0.291065,-1.185929,0.000000,0.000000,0.000000,1
