S,2022-11-09 12:05:13.560115,0.31,-0.19,0.92,7.39,20.75,-15.81,-19.12,24.10,-66.97,1
S,2022-11-09 12:05:13.578053,0.28,-0.17,0.91,-6.71,25.39,-18.13,-19.12,24.10,-66.97,1
S,2022-11-09 12:05:13.597112,0.29,-0.16,0.91,-11.66,26.86,-18.31,-18.04,21.80,-68.29,1
S,2022-11-09 12:05:13.615113,0.30,-0.16,0.89,-12.21,22.09,-12.27,-18.04,21.80,-68.29,1
S,2022-11-09 12:05:13.633039,0.33,-0.13,0.87,-5.37,15.32,-5.43,-18.04,21.80,-68.29,1
S,2022-11-09 12:05:13.652185,0.33,-0.20,0.83,-1.53,6.35,-1.53,-17.40,19.30,-66.80,1
S,2022-11-09 12:05:13.670124,0.29,-0.22,0.80,-10.07,3.17,-2.20,-17.40,19.30,-66.80,1
S,2022-11-09 12:05:13.689114,0.27,-0.18,0.83,-26.31,9.28,-6.96,-16.75,17.57,-67.70,1
S,2022-11-09 12:05:13.707068,0.28,-0.07,0.88,-37.29,24.05,-11.17,-16.75,17.57,-67.70,1
S,2022-11-09 12:05:13.725077,0.30,-0.03,0.92,-40.04,28.81,-8.67,-16.75,17.57,-67.70,1
S,2022-11-09 12:05:13.744189,0.28,0.01,0.94,-40.83,28.38,-7.20,-16.86,15.03,-68.91,1
S,2022-11-09 12:05:13.762194,0.29,0.01,0.95,-34.67,24.84,-4.27,-16.86,15.03,-68.91,1
S,2022-11-09 12:05:13.780167,0.33,-0.03,0.91,-25.45,18.74,4.58,-16.86,15.03,-68.91,1
S,2022-11-09 12:05:13.799182,0.26,-0.13,0.92,-28.38,9.70,16.72,-16.44,13.85,-70.01,1
S,2022-11-09 12:05:13.817097,0.25,-0.09,0.87,-28.56,-1.65,28.56,-16.44,13.85,-70.01,1
S,2022-11-09 12:05:13.835058,0.27,-0.12,0.87,-38.64,6.16,10.01,-16.44,13.85,-70.01,1
S,2022-11-09 12:05:13.854050,0.26,0.29,0.93,-56.64,9.40,15.93,-17.08,12.62,-69.21,1
S,2022-11-09 12:05:13.872200,0.27,0.11,0.88,-12.94,-1.65,45.29,-17.08,12.62,-69.21,1
S,2022-11-09 12:05:13.891108,0.24,0.08,0.86,-13.37,-12.21,51.39,-17.19,13.70,-69.26,1
S,2022-11-09 12:05:13.909397,0.20,0.41,0.95,-22.40,-28.38,37.41,-17.19,13.70,-69.26,1
S,2022-11-09 12:05:13.926986,0.23,0.45,0.95,21.73,-43.76,36.74,-17.19,13.70,-69.26,1
S,2022-11-09 12:05:13.946088,0.24,0.35,0.92,49.62,-52.98,26.12,-18.82,16.27,-68.01,1
S,2022-11-09 12:05:13.964105,0.28,0.36,0.84,48.22,-46.51,1.59,-18.82,16.27,-68.01,1
S,2022-11-09 12:05:13.982152,0.21,0.44,0.88,32.71,-29.72,-20.87,-18.82,16.27,-68.01,1
S,2022-11-09 12:05:14.001082,0.24,0.44,0.90,45.84,-6.77,-42.91,-20.50,16.96,-67.47,1
S,2022-11-09 12:05:14.019119,0.20,0.37,0.96,55.85,0.79,-50.48,-20.50,16.96,-67.47,1
S,2022-11-09 12:05:14.037186,0.21,0.24,0.99,69.89,-6.84,-42.91,-20.50,16.96,-67.47,1
S,2022-11-09 12:05:14.056231,0.23,0.01,0.95,86.85,-20.94,-26.86,-20.72,16.89,-67.02,1
S,2022-11-09 12:05:14.074307,0.22,-0.16,0.91,89.90,-33.02,-18.62,-20.72,16.89,-67.02,1
S,2022-11-09 12:05:14.093278,0.16,-0.26,0.87,80.14,-43.09,-18.07,-21.74,18.52,-66.13,1
S,2022-11-09 12:05:14.111199,0.16,-0.35,0.89,63.29,-41.08,-20.02,-21.74,18.52,-66.13,1
S,2022-11-09 12:05:14.129087,0.18,-0.30,0.94,45.72,-37.35,-17.03,-21.74,18.52,-66.13,1
S,2022-11-09 12:05:14.148130,0.20,-0.36,0.94,41.87,-32.17,-2.20,-22.94,20.35,-64.93,1
S,2022-11-09 12:05:14.165986,0.20,-0.45,0.96,29.30,-26.25,14.89,-22.94,20.35,-64.93,1
S,2022-11-09 12:05:14.184112,0.16,-0.56,0.91,1.59,-16.42,31.07,-22.94,20.35,-64.93,1
S,2022-11-09 12:05:14.203027,0.14,-0.47,0.95,-23.07,-9.95,30.46,-24.43,22.22,-64.05,1
S,2022-11-09 12:05:14.221090,0.14,-0.33,0.99,-42.36,-7.20,29.36,-24.43,22.22,-64.05,1
S,2022-11-09 12:05:14.239089,0.16,-0.09,1.04,-48.22,-4.27,27.95,-24.43,22.22,-64.05,1
S,2022-11-09 12:05:14.258105,0.12,0.05,1.04,-38.39,-3.97,29.11,-24.17,21.81,-64.47,1
S,2022-11-09 12:05:14.276093,0.08,0.14,1.03,-24.23,2.69,38.82,-24.17,21.81,-64.47,1
S,2022-11-09 12:05:14.295108,0.03,0.15,0.99,-13.67,11.29,43.46,-24.91,23.79,-64.38,1
S,2022-11-09 12:05:14.313106,0.02,0.09,0.96,-10.13,22.52,36.62,-24.91,23.79,-64.38,1
S,2022-11-09 12:05:14.331086,0.03,0.13,0.95,-15.44,33.94,17.52,-24.91,23.79,-64.38,1
S,2022-11-09 12:05:14.350083,0.07,0.28,1.01,-16.24,37.78,3.23,-22.95,24.30,-66.17,1
