j,2022-09-30 15:43:23.217275,0.00,0.55,0.74,-23.44,18.49,-6.04,61.06,51.25,-30.32,1
j,2022-09-30 15:43:23.232895,-0.02,0.59,0.74,-24.17,14.53,-6.29,61.06,53.47,-26.05,1
j,2022-09-30 15:43:23.248512,-0.03,0.56,0.76,-15.20,10.99,-8.06,61.06,53.47,-26.05,1
j,2022-09-30 15:43:23.264148,-0.02,0.48,0.78,-4.39,10.19,-5.49,60.58,55.09,-23.65,1
j,2022-09-30 15:43:23.295374,0.02,0.45,0.69,-0.92,8.79,2.69,60.58,55.09,-23.65,1
j,2022-09-30 15:43:23.311001,0.00,0.54,0.72,-15.01,4.27,1.16,60.58,55.09,-23.65,1
j,2022-09-30 15:43:23.326649,0.00,0.56,0.74,-17.58,2.26,-1.59,61.19,55.97,-21.45,1
j,2022-09-30 15:43:23.342277,0.00,0.53,0.73,-17.33,1.95,-1.53,61.19,55.97,-21.45,1
j,2022-09-30 15:43:23.357897,0.00,0.49,0.71,-16.24,0.06,3.91,61.19,55.97,-21.45,1
j,2022-09-30 15:43:23.373523,-0.04,0.52,0.70,-19.84,-3.48,5.68,61.96,56.08,-19.52,1
j,2022-09-30 15:43:23.404756,-0.02,0.61,0.82,30.82,8.54,-7.45,61.96,56.08,-19.52,1
j,2022-09-30 15:43:23.420383,0.00,0.51,0.76,8.91,8.12,-0.61,62.76,54.88,-20.00,1
j,2022-09-30 15:43:23.436039,0.01,0.53,0.77,-2.75,13.61,-10.99,62.76,54.88,-20.00,1
j,2022-09-30 15:43:23.451656,-0.03,0.43,0.65,5.31,2.14,-1.83,62.76,54.88,-20.00,1
j,2022-09-30 15:43:23.467285,-0.02,0.42,0.66,17.88,-9.70,9.70,63.40,54.19,-21.20,1
j,2022-09-30 15:43:23.482905,-0.04,0.43,0.64,23.74,-18.62,16.85,63.40,54.19,-21.20,1
j,2022-09-30 15:43:23.514137,-0.05,0.50,0.65,34.42,-27.77,19.29,63.40,54.19,-21.20,1
j,2022-09-30 15:43:23.529785,-0.06,0.51,0.64,54.93,-43.27,21.91,63.76,50.32,-26.12,1
j,2022-09-30 15:43:23.550719,-0.09,0.44,0.59,73.43,-58.23,22.03,63.76,50.32,-26.12,1
j,2022-09-30 15:43:23.561244,-0.07,0.39,0.72,86.91,-79.65,26.43,63.76,50.32,-26.12,1
j,2022-09-30 15:43:23.576901,-0.06,0.48,1.03,58.35,-75.01,25.02,65.34,44.15,-34.17,1
j,2022-09-30 15:43:23.592520,-0.08,0.55,1.11,6.35,-33.45,17.03,65.34,44.15,-34.17,1
j,2022-09-30 15:43:23.623755,-0.11,0.54,1.04,8.79,-18.74,19.59,64.51,40.41,-42.05,1
j,2022-09-30 15:43:23.639405,-0.11,0.47,1.00,15.32,-14.28,19.84,64.51,40.41,-42.05,1
j,2022-09-30 15:43:23.655040,-0.10,0.43,1.04,20.87,-14.95,23.86,64.51,40.41,-42.05,1
j,2022-09-30 15:43:23.670647,-0.12,0.48,1.10,18.25,-10.44,29.72,64.50,37.22,-46.39,1
j,2022-09-30 15:43:23.686280,-0.16,0.61,1.04,5.19,4.82,31.86,64.50,37.22,-46.39,1
j,2022-09-30 15:43:23.717511,-0.18,0.67,1.01,20.75,9.77,36.13,64.50,37.22,-46.39,1
j,2022-09-30 15:43:23.733158,-0.17,0.60,1.13,32.59,18.74,39.25,62.98,35.84,-45.61,1
j,2022-09-30 15:43:23.748790,-0.19,0.55,1.04,5.49,42.42,25.15,62.98,35.84,-45.61,1
j,2022-09-30 15:43:23.764412,-0.21,0.62,1.15,-75.20,69.95,-21.30,63.87,37.11,-38.70,1
j,2022-09-30 15:43:23.780039,-0.32,0.52,1.00,-48.89,73.30,-22.71,63.87,37.11,-38.70,1
j,2022-09-30 15:43:23.795661,-0.10,0.57,0.89,-1.28,63.42,-11.47,63.87,37.11,-38.70,1
j,2022-09-30 15:43:23.826912,-0.02,0.57,0.80,-2.32,57.98,-19.59,63.21,42.83,-30.69,1
j,2022-09-30 15:43:23.842535,0.02,0.55,0.76,-1.04,46.81,-31.01,63.21,42.83,-30.69,1
j,2022-09-30 15:43:23.858171,0.03,0.50,0.77,-3.11,43.21,-37.84,63.21,42.83,-30.69,1
j,2022-09-30 15:43:23.873788,0.06,0.44,0.71,-7.87,43.33,-40.89,60.10,49.90,-22.06,1
j,2022-09-30 15:43:23.889420,0.11,0.37,0.63,-9.03,39.49,-39.25,60.10,49.90,-22.06,1
j,2022-09-30 15:43:23.920650,0.14,0.36,0.58,-17.21,20.51,-32.41,60.10,49.90,-22.06,1
j,2022-09-30 15:43:23.936287,0.08,0.31,0.66,-26.61,9.52,-31.62,58.42,54.71,-14.14,1
j,2022-09-30 15:43:23.951924,0.03,0.22,0.72,-21.61,4.33,-21.79,58.42,54.71,-14.14,1
j,2022-09-30 15:43:23.967534,0.04,0.23,0.68,-19.90,3.17,-5.92,58.01,57.54,-11.34,1
j,2022-09-30 15:43:23.983173,0.04,0.35,0.64,-18.43,-6.84,7.57,58.01,57.54,-11.34,1
j,2022-09-30 15:43:23.998799,-0.02,0.47,0.60,-12.88,-16.91,10.01,58.01,57.54,-11.34,1
j,2022-09-30 15:43:24.030031,0.03,0.49,0.84,75.13,19.71,1.16,59.85,56.04,-10.49,1
j,2022-09-30 15:43:24.045680,0.04,0.48,0.88,79.96,-7.08,12.15,59.85,56.04,-10.49,1
j,2022-09-30 15:43:24.065710,0.09,0.44,1.00,41.08,-10.19,5.49,59.85,56.04,-10.49,1
j,2022-09-30 15:43:24.077235,0.05,0.47,0.90,28.38,-8.67,7.75,60.62,53.53,-9.75,1
j,2022-09-30 15:43:24.092889,0.04,0.41,0.87,32.35,-12.82,10.44,60.62,53.53,-9.75,1
j,2022-09-30 15:43:24.124121,0.02,0.36,0.85,19.65,-12.51,6.16,60.80,52.84,-10.36,1
j,2022-09-30 15:43:24.139751,0.03,0.39,0.89,-9.58,-2.99,-8.30,60.80,52.84,-10.36,1
j,2022-09-30 15:43:24.155396,0.02,0.39,0.83,-19.29,4.27,-12.33,60.80,52.84,-10.36,1
j,2022-09-30 15:43:24.171011,0.02,0.44,0.85,-1.40,2.93,-10.25,60.25,54.06,-10.57,1
j,2022-09-30 15:43:24.186646,0.01,0.44,0.86,6.47,1.83,-6.59,60.25,54.06,-10.57,1
j,2022-09-30 15:43:24.202275,-0.15,0.09,0.42,-6.90,-28.93,23.93,60.25,54.06,-10.57,1
j,2022-09-30 15:43:24.233503,-0.41,0.89,1.23,-20.75,-45.04,0.73,60.83,52.92,-11.57,1
j,2022-09-30 15:43:24.249227,-0.37,0.97,1.09,-29.24,-8.00,-43.21,60.83,52.92,-11.57,1
j,2022-09-30 15:43:24.264781,-0.13,0.63,0.74,-11.72,10.68,-72.63,58.28,56.05,-13.92,1
j,2022-09-30 15:43:24.280401,0.04,0.46,0.57,8.24,-1.53,-56.64,58.28,56.05,-13.92,1
j,2022-09-30 15:43:24.296031,0.03,0.54,0.65,-10.62,-21.67,-53.16,58.28,56.05,-13.92,1
j,2022-09-30 15:43:24.327273,0.06,0.60,0.63,-15.20,-26.37,-57.56,56.02,58.58,-15.87,1
j,2022-09-30 15:43:24.342886,0.08,0.54,0.64,-20.81,-34.00,-67.02,56.02,58.58,-15.87,1
j,2022-09-30 15:43:24.358531,0.12,0.38,0.64,2.08,-42.05,-66.47,56.02,58.58,-15.87,1
j,2022-09-30 15:43:24.374162,0.21,0.20,0.60,24.54,-50.96,-47.42,56.71,59.07,-20.90,1
j,2022-09-30 15:43:24.389785,0.23,0.10,0.76,6.04,-57.92,-27.10,56.71,59.07,-20.90,1
j,2022-09-30 15:43:24.405408,0.08,0.23,0.99,-11.35,-54.75,-4.70,56.71,59.07,-20.90,1
j,2022-09-30 15:43:24.436640,-0.02,0.37,1.21,-18.98,-41.02,5.37,60.56,56.92,-26.10,1
j,2022-09-30 15:43:24.452273,-0.07,0.38,1.25,-33.20,-14.16,5.62,60.56,56.92,-26.10,1
j,2022-09-30 15:43:24.467914,-0.05,0.47,1.25,-29.30,-1.59,8.48,62.77,54.80,-29.63,1
j,2022-09-30 15:43:24.483538,0.01,0.51,1.12,-22.46,13.31,9.46,62.77,54.80,-29.63,1
j,2022-09-30 15:43:24.499170,0.05,0.54,1.01,-10.19,23.01,9.09,62.77,54.80,-29.63,1
j,2022-09-30 15:43:24.514790,0.09,0.45,0.92,-3.60,20.08,11.35,62.21,53.94,-29.68,1
j,2022-09-30 15:43:24.546022,0.10,0.39,0.86,-2.87,19.90,16.60,62.21,53.94,-29.68,1
j,2022-09-30 15:43:24.561669,0.05,0.37,0.84,-14.83,19.23,18.01,62.21,53.94,-29.68,1
j,2022-09-30 15:43:24.581970,0.04,0.42,0.86,-18.13,18.19,21.06,61.87,53.17,-27.93,1
