g,2022-10-30 15:31:32.505613,0.33,-0.18,0.91,-13.79,-5.37,-8.97,34.13,16.21,-54.74,1
g,2022-10-30 15:31:32.521750,0.39,-0.14,0.89,-17.27,-5.13,-11.05,34.13,16.21,-54.74,1
g,2022-10-30 15:31:32.537486,0.37,-0.11,0.88,-20.02,-5.80,-15.08,34.89,15.25,-55.11,1
g,2022-10-30 15:31:32.553039,0.37,-0.05,0.85,-17.94,-7.69,-21.06,34.89,15.25,-55.11,1
g,2022-10-30 15:31:32.584268,0.31,-0.04,0.86,-13.73,-7.45,-19.59,34.89,15.25,-55.11,1
g,2022-10-30 15:31:32.600014,0.31,-0.04,0.87,-4.09,-5.68,-15.20,36.22,14.58,-54.57,1
g,2022-10-30 15:31:32.616181,0.42,-0.13,0.87,9.34,-3.48,-15.63,36.22,14.58,-54.57,1
g,2022-10-30 15:31:32.631832,0.53,-0.19,0.86,-21.91,-3.17,-18.98,36.45,13.99,-53.15,1
g,2022-10-30 15:31:32.663065,0.38,-0.07,0.89,-58.78,-4.03,-14.22,36.45,13.99,-53.15,1
g,2022-10-30 15:31:32.678717,0.31,0.11,1.16,45.72,-10.19,-6.10,36.45,13.99,-53.15,1
g,2022-10-30 15:31:32.694424,0.25,0.15,0.73,14.34,29.60,16.97,36.95,14.12,-52.44,1
g,2022-10-30 15:31:32.713042,0.36,-0.27,0.96,24.72,40.77,40.10,36.95,14.12,-52.44,1
g,2022-10-30 15:31:32.726068,0.37,-0.36,1.01,2.93,26.00,38.82,36.95,14.12,-52.44,1
g,2022-10-30 15:31:32.757330,0.30,-0.15,0.85,3.42,-3.97,34.00,39.10,13.51,-50.22,1
g,2022-10-30 15:31:32.773075,0.31,-0.13,0.77,7.26,-16.24,45.35,39.10,13.51,-50.22,1
g,2022-10-30 15:31:32.788694,0.26,-0.09,0.89,-8.54,-19.96,39.31,38.84,12.54,-51.87,1
g,2022-10-30 15:31:32.813326,0.18,-0.08,0.91,-37.78,-40.28,25.21,38.84,12.54,-51.87,1
g,2022-10-30 15:31:32.835499,0.20,0.14,0.92,-62.13,-54.26,12.45,38.84,12.54,-51.87,1
g,2022-10-30 15:31:32.851131,0.18,0.14,0.94,-59.33,-69.95,11.54,36.45,11.16,-54.25,1
g,2022-10-30 15:31:32.866855,0.20,0.17,0.95,-37.05,-83.25,2.38,36.45,11.16,-54.25,1
g,2022-10-30 15:31:32.882479,0.10,0.22,0.86,8.97,-78.55,-23.80,36.45,11.16,-54.25,1
g,2022-10-30 15:31:32.897998,0.22,0.42,0.85,22.22,-63.11,-33.57,31.45,11.19,-56.67,1
g,2022-10-30 15:31:32.929187,0.21,0.36,0.88,59.33,-36.80,-30.64,31.45,11.19,-56.67,1
g,2022-10-30 15:31:32.944926,0.22,0.16,0.95,77.33,-8.00,-32.65,28.25,14.59,-59.78,1
g,2022-10-30 15:31:32.960550,0.27,0.08,1.06,60.12,27.53,-33.57,28.25,14.59,-59.78,1
g,2022-10-30 15:31:32.976071,0.38,0.00,1.03,37.29,40.16,-23.68,28.25,14.59,-59.78,1
g,2022-10-30 15:31:33.007304,0.30,-0.12,1.01,19.78,52.92,-13.98,28.96,16.88,-59.48,1
g,2022-10-30 15:31:33.023324,0.34,-0.27,0.93,5.43,66.59,-9.77,28.96,16.88,-59.48,1
g,2022-10-30 15:31:33.039085,0.37,-0.20,0.98,-24.29,79.96,-15.38,28.96,16.88,-59.48,1
g,2022-10-30 15:31:33.054645,0.48,-0.13,1.07,-19.04,71.47,-7.81,33.48,16.58,-57.74,1
g,2022-10-30 15:31:33.070198,0.33,-0.12,1.12,2.08,47.97,7.57,33.48,16.58,-57.74,1
g,2022-10-30 15:31:33.085823,0.36,-0.22,0.88,12.39,24.29,21.12,36.07,15.06,-55.76,1
g,2022-10-30 15:31:33.117489,0.26,-0.23,0.81,-1.77,14.53,20.02,36.07,15.06,-55.76,1
g,2022-10-30 15:31:33.133126,0.16,-0.13,0.80,-10.31,8.36,9.03,36.07,15.06,-55.76,1
g,2022-10-30 15:31:33.148862,0.30,-0.01,0.74,-8.42,-4.64,-4.88,36.95,14.98,-52.93,1
g,2022-10-30 15:31:33.164376,0.30,0.20,0.54,-18.55,16.91,8.48,36.95,14.98,-52.93,1
g,2022-10-30 15:31:33.179999,-0.30,-0.33,1.12,-2.08,-13.73,11.35,36.95,14.98,-52.93,1
g,2022-10-30 15:31:33.214237,0.20,-0.26,0.83,-1.28,-45.84,-13.37,35.95,14.33,-54.44,1
g,2022-10-30 15:31:33.227354,0.32,-0.14,0.75,5.07,-58.35,-31.25,35.95,14.33,-54.44,1
g,2022-10-30 15:31:33.258617,0.30,0.08,0.79,7.69,-52.86,-21.48,32.25,15.50,-57.35,1
g,2022-10-30 15:31:33.274241,0.32,0.06,0.88,28.38,-38.57,5.49,32.25,15.50,-57.35,1
g,2022-10-30 15:31:33.289985,0.28,-0.18,0.94,24.60,-32.04,12.45,32.25,15.50,-57.35,1
g,2022-10-30 15:31:33.314123,0.35,-0.17,0.97,11.17,-26.43,16.24,28.82,17.70,-61.76,1
g,2022-10-30 15:31:33.321627,0.34,-0.16,0.97,6.16,-23.01,20.08,28.82,17.70,-61.76,1
g,2022-10-30 15:31:33.352880,0.30,-0.11,1.00,0.79,-14.53,23.80,26.83,17.85,-64.03,1
g,2022-10-30 15:31:33.368503,0.29,-0.10,1.06,1.46,0.55,31.37,26.83,17.85,-64.03,1
g,2022-10-30 15:31:33.384253,0.34,0.03,1.09,-4.94,11.54,31.43,26.83,17.85,-64.03,1
g,2022-10-30 15:31:33.399859,0.30,-0.11,1.09,2.93,12.63,43.64,26.89,17.80,-65.60,1
g,2022-10-30 15:31:33.415915,0.24,-0.23,1.07,-9.95,7.57,41.26,26.89,17.80,-65.60,1
g,2022-10-30 15:31:33.447170,0.28,-0.09,1.05,-20.08,5.49,28.38,26.89,17.80,-65.60,1
g,2022-10-30 15:31:33.462793,0.25,-0.01,0.98,-17.21,4.76,16.72,28.25,16.33,-64.66,1
g,2022-10-30 15:31:33.478531,0.20,0.07,0.95,-18.25,8.79,10.93,28.25,16.33,-64.66,1
g,2022-10-30 15:31:33.494058,0.13,0.15,0.95,-9.64,10.13,6.35,29.39,15.54,-63.82,1
g,2022-10-30 15:31:33.514809,0.10,0.22,0.95,-3.30,0.24,-0.98,29.39,15.54,-63.82,1
g,2022-10-30 15:31:33.540976,0.19,0.41,0.69,15.20,-8.48,0.06,29.39,15.54,-63.82,1
g,2022-10-30 15:31:33.556634,0.07,0.35,0.74,16.30,7.87,28.99,29.52,15.47,-63.28,1
g,2022-10-30 15:31:33.572350,-0.25,0.45,1.08,40.65,33.57,41.50,29.52,15.47,-63.28,1
g,2022-10-30 15:31:33.587846,0.07,0.11,0.96,121.83,47.67,45.90,29.52,15.47,-63.28,1
g,2022-10-30 15:31:33.619513,0.15,-0.30,1.00,137.82,50.84,34.00,29.87,18.29,-62.32,1
g,2022-10-30 15:31:33.635140,0.30,-0.28,1.01,70.86,49.68,1.89,29.87,18.29,-62.32,1
g,2022-10-30 15:31:33.650879,0.42,-0.10,0.92,42.11,51.21,-13.43,29.32,21.89,-60.31,1
g,2022-10-30 15:31:33.666507,0.51,-0.05,0.93,24.05,53.83,-20.87,29.32,21.89,-60.31,1
g,2022-10-30 15:31:33.682024,0.62,-0.09,0.95,18.62,47.55,-24.54,29.32,21.89,-60.31,1
g,2022-10-30 15:31:33.713257,0.61,-0.31,0.89,3.42,31.62,-40.34,29.28,23.45,-59.13,1
g,2022-10-30 15:31:33.729294,0.52,-0.32,0.90,-30.94,21.00,-51.88,29.28,23.45,-59.13,1
g,2022-10-30 15:31:33.745042,0.50,-0.12,0.84,-52.67,12.27,-47.06,29.39,21.94,-57.28,1
g,2022-10-30 15:31:33.760635,0.56,-0.17,0.78,-26.86,9.22,-26.18,29.39,21.94,-57.28,1
g,2022-10-30 15:31:33.791792,0.52,-0.27,0.82,-31.01,5.49,-18.25,29.39,21.94,-57.28,1
g,2022-10-30 15:31:33.807424,0.41,-0.27,0.86,-43.88,-0.06,-14.22,30.91,18.65,-57.20,1
g,2022-10-30 15:31:33.823580,0.34,-0.28,0.87,-33.08,-5.31,-10.31,30.91,18.65,-57.20,1
g,2022-10-30 15:31:33.839235,0.35,-0.24,0.85,-28.87,-6.04,-5.25,30.91,18.65,-57.20,1
