F,2022-10-20 18:12:30.305412,0.48,-0.04,0.88,-15.63,-2.14,-2.32,20.29,-19.86,-142.16,1
F,2022-10-20 18:12:30.324203,0.47,-0.04,0.88,-27.47,-5.92,-0.37,23.93,-24.44,-141.63,1
F,2022-10-20 18:12:30.342059,0.47,0.01,0.83,-34.00,-11.72,8.06,23.93,-24.44,-141.63,1
F,2022-10-20 18:12:30.360195,0.35,0.14,0.85,-28.75,-15.81,13.61,23.93,-24.44,-141.63,1
F,2022-10-20 18:12:30.379170,0.30,0.22,0.83,-18.31,-11.54,8.06,26.20,-29.72,-140.58,1
F,2022-10-20 18:12:30.397441,0.32,0.18,0.76,-10.68,-5.98,-3.48,26.20,-29.72,-140.58,1
F,2022-10-20 18:12:30.416260,0.41,0.05,0.67,0.00,-9.03,-5.98,28.86,-33.61,-139.86,1
F,2022-10-20 18:12:30.434205,0.38,-0.04,0.70,0.61,-23.74,4.15,28.86,-33.61,-139.86,1
F,2022-10-20 18:12:30.452198,0.35,0.02,0.68,-1.22,-26.98,14.83,28.86,-33.61,-139.86,1
F,2022-10-20 18:12:30.471346,-0.03,0.19,0.71,-18.25,0.00,7.20,26.77,-34.42,-142.68,1
F,2022-10-20 18:12:30.489220,0.29,0.15,0.79,10.93,-2.50,7.14,26.77,-34.42,-142.68,1
F,2022-10-20 18:12:30.507157,0.30,0.09,0.78,-3.42,-21.61,-11.11,26.77,-34.42,-142.68,1
F,2022-10-20 18:12:30.526318,0.34,0.11,0.81,-5.74,-21.67,-7.63,21.45,-32.03,-147.79,1
F,2022-10-20 18:12:30.544446,0.34,0.09,0.83,-6.53,-28.99,-6.41,21.45,-32.03,-147.79,1
F,2022-10-20 18:12:30.562095,0.35,0.08,0.84,-3.78,-27.10,-2.38,21.45,-32.03,-147.79,1
F,2022-10-20 18:12:30.581175,0.36,0.07,0.86,-1.16,-22.64,2.38,11.77,-27.17,-149.05,1
F,2022-10-20 18:12:30.599250,0.37,0.19,0.97,-11.47,-19.78,1.22,11.77,-27.17,-149.05,1
F,2022-10-20 18:12:30.618416,0.37,0.26,1.00,-16.30,-15.69,-3.97,0.35,-21.77,-150.21,1
F,2022-10-20 18:12:30.636268,0.39,0.23,1.04,-21.06,-14.28,-11.23,0.35,-21.77,-150.21,1
F,2022-10-20 18:12:30.654294,0.41,0.24,1.09,-12.57,-9.46,-8.61,0.35,-21.77,-150.21,1
F,2022-10-20 18:12:30.673241,0.42,0.22,1.12,17.88,-4.82,8.61,-6.57,-19.87,-148.83,1
F,2022-10-20 18:12:30.691067,0.40,0.22,1.08,51.21,-4.64,22.46,-6.57,-19.87,-148.83,1
F,2022-10-20 18:12:30.709251,0.36,0.12,1.07,62.87,-7.57,31.07,-6.57,-19.87,-148.83,1
F,2022-10-20 18:12:30.728239,0.36,0.23,1.13,45.90,-12.51,16.24,-7.24,-16.10,-148.75,1
F,2022-10-20 18:12:30.746148,0.24,0.22,1.16,4.27,15.50,-26.00,-7.24,-16.10,-148.75,1
F,2022-10-20 18:12:30.765099,0.37,-0.00,1.09,15.69,23.74,-12.08,2.80,-21.46,-150.62,1
F,2022-10-20 18:12:30.782984,0.38,-0.05,1.04,23.74,27.40,0.31,2.80,-21.46,-150.62,1
F,2022-10-20 18:12:30.801104,0.46,-0.09,0.95,35.10,30.88,17.46,2.80,-21.46,-150.62,1
F,2022-10-20 18:12:30.820140,0.51,-0.11,0.89,24.66,28.50,23.32,17.33,-23.95,-146.62,1
F,2022-10-20 18:12:30.838119,0.47,-0.04,0.84,-1.95,29.54,28.08,17.33,-23.95,-146.62,1
F,2022-10-20 18:12:30.855897,0.43,0.01,0.78,-13.18,28.32,28.93,17.33,-23.95,-146.62,1
F,2022-10-20 18:12:30.875156,0.45,0.08,0.74,-21.79,22.58,28.69,26.35,-28.60,-144.02,1
F,2022-10-20 18:12:30.893136,0.46,0.23,0.69,-28.02,14.47,24.05,26.35,-28.60,-144.02,1
F,2022-10-20 18:12:30.911294,0.39,0.32,0.68,-32.41,-2.01,-1.04,26.35,-28.60,-144.02,1
F,2022-10-20 18:12:30.930257,0.26,0.40,0.74,-22.95,-4.15,-14.40,29.38,-34.78,-141.05,1
F,2022-10-20 18:12:30.948435,-0.13,0.35,0.67,-12.82,-5.74,-28.87,29.38,-34.78,-141.05,1
F,2022-10-20 18:12:30.967104,0.37,0.33,0.86,78.67,10.80,26.98,35.19,-38.11,-140.93,1
F,2022-10-20 18:12:30.985271,0.23,0.34,0.86,33.69,16.42,-43.82,35.19,-38.11,-140.93,1
F,2022-10-20 18:12:31.003047,0.36,0.12,0.80,8.24,5.00,-69.09,35.19,-38.11,-140.93,1
F,2022-10-20 18:12:31.022098,0.36,0.07,0.84,2.26,-2.08,-70.19,45.01,-40.37,-139.12,1
F,2022-10-20 18:12:31.040294,0.39,0.06,0.85,10.38,-2.99,-55.24,45.01,-40.37,-139.12,1
F,2022-10-20 18:12:31.058113,0.38,-0.03,0.85,20.75,-4.27,-39.73,45.01,-40.37,-139.12,1
F,2022-10-20 18:12:31.077285,0.39,-0.08,0.84,31.25,-4.64,-24.23,52.94,-39.97,-138.57,1
F,2022-10-20 18:12:31.095257,0.35,-0.32,0.87,33.14,-5.43,-12.94,52.94,-39.97,-138.57,1
F,2022-10-20 18:12:31.114158,0.25,-0.36,0.93,25.76,-7.26,-1.04,55.90,-37.51,-140.32,1
F,2022-10-20 18:12:31.132286,0.16,-0.32,1.04,37.41,4.82,28.44,55.90,-37.51,-140.32,1
F,2022-10-20 18:12:31.149982,0.35,-0.33,0.87,31.74,17.88,50.54,55.90,-37.51,-140.32,1
F,2022-10-20 18:12:31.169193,0.49,-0.27,0.74,-5.13,3.72,38.70,48.68,-32.12,-139.70,1
F,2022-10-20 18:12:31.187298,0.52,-0.18,0.75,-40.10,-6.53,25.94,48.68,-32.12,-139.70,1
F,2022-10-20 18:12:31.205145,0.53,-0.13,0.75,-57.07,-16.78,24.11,48.68,-32.12,-139.70,1
F,2022-10-20 18:12:31.224144,0.59,0.01,0.71,-57.98,-26.55,35.28,35.73,-30.16,-141.10,1
F,2022-10-20 18:12:31.242364,0.49,0.24,0.77,-49.62,-45.29,41.93,35.73,-30.16,-141.10,1
F,2022-10-20 18:12:31.260241,0.50,0.42,0.78,-45.78,-48.10,29.48,35.73,-30.16,-141.10,1
F,2022-10-20 18:12:31.279314,0.39,0.48,0.86,-52.49,-49.01,2.44,21.15,-28.47,-143.80,1
F,2022-10-20 18:12:31.297454,0.32,0.59,0.94,-47.42,-44.13,-16.48,21.15,-28.47,-143.80,1
F,2022-10-20 18:12:31.316181,-0.12,0.68,1.44,14.89,43.52,0.98,14.62,-30.15,-149.76,1
F,2022-10-20 18:12:31.334336,0.32,0.40,1.05,58.11,-2.38,-11.90,14.62,-30.15,-149.76,1
F,2022-10-20 18:12:31.352297,0.32,0.46,1.00,28.50,-5.68,-47.55,14.62,-30.15,-149.76,1
F,2022-10-20 18:12:31.371055,0.34,0.30,0.93,17.70,0.18,-57.86,18.35,-30.55,-152.17,1
F,2022-10-20 18:12:31.389093,0.34,0.20,0.93,38.51,2.08,-44.31,18.35,-30.55,-152.17,1
F,2022-10-20 18:12:31.407282,0.36,-0.03,0.85,64.39,5.80,-19.65,18.35,-30.55,-152.17,1
F,2022-10-20 18:12:31.426180,0.36,-0.19,0.86,71.11,6.41,-3.72,29.11,-32.89,-152.38,1
F,2022-10-20 18:12:31.444226,0.35,-0.31,0.87,51.27,5.07,3.48,29.11,-32.89,-152.38,1
F,2022-10-20 18:12:31.463315,0.33,-0.24,0.89,15.26,-0.73,-2.26,35.88,-32.42,-152.56,1
F,2022-10-20 18:12:31.481374,0.25,-0.13,0.95,-23.86,-5.31,-10.93,35.88,-32.42,-152.56,1
F,2022-10-20 18:12:31.499013,0.08,-0.07,1.10,-22.09,6.41,2.87,35.88,-32.42,-152.56,1
F,2022-10-20 18:12:31.517944,0.25,0.07,0.97,5.00,27.34,30.64,36.52,-32.37,-150.39,1
F,2022-10-20 18:12:31.536093,0.39,0.19,0.86,8.12,26.61,22.58,36.52,-32.37,-150.39,1
