U,2022-10-26 13:42:48.724713,0.11,0.18,-0.93,-27.71,10.68,-0.06,26.17,44.53,-51.43,1
U,2022-10-26 13:42:48.742990,0.21,0.11,-0.83,-22.03,11.41,14.83,26.17,44.53,-51.43,1
U,2022-10-26 13:42:48.762023,-0.09,0.52,-1.17,-17.82,16.85,18.86,25.44,45.17,-49.96,1
U,2022-10-26 13:42:48.780283,0.14,0.31,-0.86,17.94,-2.62,-10.50,25.44,45.17,-49.96,1
U,2022-10-26 13:42:48.798487,0.14,0.34,-0.86,-8.97,-18.01,-0.92,25.44,45.17,-49.96,1
U,2022-10-26 13:42:48.817326,0.01,0.21,-0.77,-21.55,5.62,12.57,25.24,43.71,-50.09,1
U,2022-10-26 13:42:48.834842,0.05,0.28,-0.74,-12.51,31.56,9.64,25.24,43.71,-50.09,1
U,2022-10-26 13:42:48.853485,0.13,0.30,-0.86,-5.19,34.91,0.73,25.24,43.71,-50.09,1
U,2022-10-26 13:42:48.872049,0.10,0.25,-0.90,4.76,24.29,-8.06,16.83,40.76,-51.07,1
U,2022-10-26 13:42:48.890274,0.13,0.10,-0.97,18.80,19.41,-9.46,16.83,40.76,-51.07,1
U,2022-10-26 13:42:48.909482,0.08,0.10,-1.03,25.76,10.31,0.67,6.52,33.70,-55.09,1
U,2022-10-26 13:42:48.927396,0.15,0.20,-1.23,37.29,8.61,3.60,6.52,33.70,-55.09,1
U,2022-10-26 13:42:48.945029,0.12,0.24,-1.20,37.60,9.28,4.88,6.52,33.70,-55.09,1
U,2022-10-26 13:42:48.964693,0.11,0.26,-1.24,33.39,14.16,4.46,-2.71,29.96,-58.22,1
U,2022-10-26 13:42:48.982870,0.10,0.18,-1.19,20.20,17.21,17.33,-2.71,29.96,-58.22,1
U,2022-10-26 13:42:49.000507,0.10,0.17,-1.21,18.49,11.47,30.21,-2.71,29.96,-58.22,1
U,2022-10-26 13:42:49.020587,0.14,0.16,-1.17,28.93,5.31,35.16,-11.78,32.89,-61.35,1
U,2022-10-26 13:42:49.038483,0.12,0.25,-1.18,37.66,-2.75,35.77,-11.78,32.89,-61.35,1
U,2022-10-26 13:42:49.056703,0.12,0.39,-1.13,35.83,-8.30,26.92,-11.78,32.89,-61.35,1
U,2022-10-26 13:42:49.076284,0.13,0.50,-1.09,26.55,-7.69,9.64,-19.08,38.99,-55.36,1
U,2022-10-26 13:42:49.094277,0.10,0.47,-1.03,14.53,-13.24,9.83,-19.08,38.99,-55.36,1
U,2022-10-26 13:42:49.113546,0.09,0.58,-0.98,-0.85,-15.44,17.76,-19.26,46.67,-46.92,1
U,2022-10-26 13:42:49.131580,0.09,0.65,-0.95,-3.17,-10.62,8.79,-19.26,46.67,-46.92,1
U,2022-10-26 13:42:49.149311,0.16,0.67,-0.98,3.11,-11.11,-5.00,-19.26,46.67,-46.92,1
U,2022-10-26 13:42:49.168681,0.19,0.60,-1.02,5.74,-15.14,-14.28,-12.08,49.89,-40.93,1
U,2022-10-26 13:42:49.186493,0.09,0.51,-0.97,1.10,-21.30,-16.78,-12.08,49.89,-40.93,1
U,2022-10-26 13:42:49.204794,0.11,0.43,-0.98,-4.64,-22.03,-13.12,-12.08,49.89,-40.93,1
U,2022-10-26 13:42:49.224427,0.05,0.27,-0.88,-25.27,-22.64,-7.20,1.83,48.91,-36.19,1
U,2022-10-26 13:42:49.243400,0.00,0.27,-0.82,-34.06,-17.40,-2.69,1.83,48.91,-36.19,1
U,2022-10-26 13:42:49.263392,0.04,0.23,-0.83,-31.80,-9.70,-2.81,13.51,52.49,-35.12,1
U,2022-10-26 13:42:49.282887,0.03,0.26,-0.76,-40.04,-2.87,-7.14,13.51,52.49,-35.12,1
U,2022-10-26 13:42:49.300484,-0.01,0.29,-0.69,-46.88,0.37,-9.52,13.51,52.49,-35.12,1
U,2022-10-26 13:42:49.319568,-0.14,0.31,-0.81,-39.00,3.54,-10.80,17.63,57.92,-34.97,1
U,2022-10-26 13:42:49.337966,-0.16,0.10,-0.91,19.17,-15.69,-19.29,17.63,57.92,-34.97,1
U,2022-10-26 13:42:49.356400,0.05,0.12,-0.99,33.08,-21.61,-6.71,17.63,57.92,-34.97,1
U,2022-10-26 13:42:49.375109,0.17,0.12,-0.98,36.13,-25.51,1.46,20.03,58.13,-38.56,1
U,2022-10-26 13:42:49.392414,0.26,0.14,-1.01,29.42,-22.58,8.48,20.03,58.13,-38.56,1
U,2022-10-26 13:42:49.412418,0.34,0.23,-0.98,15.08,-12.82,12.82,20.56,61.43,-40.30,1
U,2022-10-26 13:42:49.429955,0.32,0.27,-1.01,9.09,-9.34,13.18,20.56,61.43,-40.30,1
