q,2022-10-13 18:05:25.718834,0.29,0.33,0.88,-12.82,1.77,-7.39,-51.86,-35.42,-62.99,1
q,2022-10-13 18:05:25.736756,0.25,0.28,0.97,-4.58,4.09,-3.17,-51.86,-35.42,-62.99,1
q,2022-10-13 18:05:25.754809,0.57,0.21,1.46,37.48,0.67,-1.83,-51.86,-35.42,-62.99,1
q,2022-10-13 18:05:25.773638,0.27,0.05,0.97,9.40,38.45,25.57,-53.37,-34.73,-60.79,1
q,2022-10-13 18:05:25.791810,0.28,0.21,0.85,-21.79,13.85,6.23,-53.37,-34.73,-60.79,1
q,2022-10-13 18:05:25.810808,0.23,0.26,0.79,-31.37,8.85,15.56,-53.21,-34.48,-59.74,1
q,2022-10-13 18:05:25.828668,0.20,0.17,0.60,-20.26,0.18,28.38,-53.21,-34.48,-59.74,1
q,2022-10-13 18:05:25.846886,0.13,0.17,0.52,-18.19,-5.80,39.49,-53.21,-34.48,-59.74,1
q,2022-10-13 18:05:25.865809,0.09,0.35,0.43,-24.90,-17.21,47.06,-48.73,-33.31,-52.98,1
q,2022-10-13 18:05:25.883971,-0.06,0.77,0.62,-38.02,-22.83,32.84,-48.73,-33.31,-52.98,1
q,2022-10-13 18:05:25.902133,-0.05,0.89,0.68,-31.07,-25.39,27.04,-48.73,-33.31,-52.98,1
q,2022-10-13 18:05:25.920825,-0.00,0.99,0.72,-27.47,-22.22,20.20,-35.78,-33.07,-47.42,1
q,2022-10-13 18:05:25.938920,0.02,1.03,0.95,-11.84,-20.32,12.70,-35.78,-33.07,-47.42,1
q,2022-10-13 18:05:25.956695,0.08,0.96,0.98,13.12,-19.04,10.93,-35.78,-33.07,-47.42,1
q,2022-10-13 18:05:25.975838,0.14,0.86,1.11,29.91,-15.20,-8.00,-28.25,-34.42,-51.04,1
q,2022-10-13 18:05:25.993909,0.21,0.77,1.09,26.25,-5.86,-21.42,-28.25,-34.42,-51.04,1
q,2022-10-13 18:05:26.012724,0.24,0.58,1.08,21.73,3.85,-33.39,-34.81,-34.05,-55.80,1
q,2022-10-13 18:05:26.030707,0.28,0.44,1.05,18.13,13.73,-35.58,-34.81,-34.05,-55.80,1
q,2022-10-13 18:05:26.048682,0.30,0.33,0.97,6.47,17.70,-27.34,-34.81,-34.05,-55.80,1
q,2022-10-13 18:05:26.067809,0.33,0.16,0.80,5.98,16.91,-16.91,-47.11,-32.93,-61.25,1
q,2022-10-13 18:05:26.085747,0.24,0.09,0.68,11.29,3.48,0.24,-47.11,-32.93,-61.25,1
q,2022-10-13 18:05:26.103879,0.14,0.21,0.56,-0.98,-0.98,-0.55,-47.11,-32.93,-61.25,1
q,2022-10-13 18:05:26.122876,0.05,0.32,0.48,-0.18,-8.79,-2.81,-51.51,-33.69,-62.39,1
q,2022-10-13 18:05:26.140824,0.10,0.35,0.58,-35.64,20.39,-15.20,-51.51,-33.69,-62.39,1
q,2022-10-13 18:05:26.159815,0.16,0.45,0.59,-35.16,1.65,-2.87,-49.83,-33.12,-62.07,1
q,2022-10-13 18:05:26.177989,0.07,0.34,0.45,-15.81,-31.92,19.71,-49.83,-33.12,-62.07,1
q,2022-10-13 18:05:26.195898,0.05,0.47,0.59,-17.70,-34.06,16.72,-49.83,-33.12,-62.07,1
q,2022-10-13 18:05:26.214816,0.09,0.60,0.73,-1.59,-31.80,11.66,-38.57,-32.64,-60.71,1
q,2022-10-13 18:05:26.232637,0.15,0.74,0.99,15.81,-25.70,8.30,-38.57,-32.64,-60.71,1
q,2022-10-13 18:05:26.250737,0.16,0.65,1.05,25.09,-16.24,5.74,-38.57,-32.64,-60.71,1
q,2022-10-13 18:05:26.269834,0.31,0.60,0.87,22.46,-15.81,-0.18,-28.61,-37.74,-63.73,1
q,2022-10-13 18:05:26.287730,0.16,0.70,1.13,15.32,-17.27,-3.23,-28.61,-37.74,-63.73,1
q,2022-10-13 18:05:26.305875,0.19,0.70,1.09,29.11,-5.49,-2.32,-28.61,-37.74,-63.73,1
q,2022-10-13 18:05:26.324557,0.14,0.68,1.03,50.72,1.34,5.80,-27.00,-40.69,-65.72,1
q,2022-10-13 18:05:26.342542,0.06,0.68,1.05,83.31,6.10,5.68,-27.00,-40.69,-65.72,1
q,2022-10-13 18:05:26.361833,0.11,0.32,0.86,75.07,21.18,-15.50,-31.97,-42.10,-63.99,1
q,2022-10-13 18:05:26.379682,0.09,0.26,0.88,29.24,5.13,-0.12,-31.97,-42.10,-63.99,1
q,2022-10-13 18:05:26.397818,0.05,0.49,0.83,-19.17,15.08,-30.40,-31.97,-42.10,-63.99,1
q,2022-10-13 18:05:26.416736,0.01,0.46,0.76,-19.59,8.30,-40.95,-37.70,-40.45,-63.51,1
q,2022-10-13 18:05:26.435114,-0.07,0.44,0.86,-0.55,10.01,-28.56,-37.70,-40.45,-63.51,1
q,2022-10-13 18:05:26.452687,0.03,0.48,0.89,27.16,12.76,-11.96,-37.70,-40.45,-63.51,1
q,2022-10-13 18:05:26.471729,0.09,0.49,0.93,35.22,16.48,-10.31,-42.02,-42.29,-65.04,1
q,2022-10-13 18:05:26.489677,0.17,0.48,0.88,38.94,17.52,-10.50,-42.02,-42.29,-65.04,1
q,2022-10-13 18:05:26.508685,0.29,0.36,0.83,33.33,14.95,-14.47,-46.83,-45.51,-66.44,1
q,2022-10-13 18:05:26.526694,0.34,0.36,0.79,12.27,5.07,-17.27,-46.83,-45.51,-66.44,1
