q,2022-10-16 21:59:24.075385,0.07,-0.26,0.91,-32.78,10.44,2.44,-45.53,99.32,-37.54,1
q,2022-10-16 21:59:24.094399,0.07,-0.28,0.79,-23.74,13.73,13.43,-44.69,100.56,-37.99,1
q,2022-10-16 21:59:24.112496,0.08,-0.24,0.73,-20.26,9.83,23.13,-44.69,100.56,-37.99,1
q,2022-10-16 21:59:24.130412,0.05,-0.21,0.70,-12.82,-18.19,26.43,-44.69,100.56,-37.99,1
q,2022-10-16 21:59:24.149382,0.04,-0.10,0.79,-10.31,-37.84,23.93,-39.90,106.71,-37.57,1
q,2022-10-16 21:59:24.167445,0.04,-0.08,0.79,1.22,-50.60,22.34,-39.90,106.71,-37.57,1
q,2022-10-16 21:59:24.186295,0.03,-0.04,0.86,16.54,-67.63,23.86,-32.96,111.07,-38.55,1
q,2022-10-16 21:59:24.204481,-0.04,0.03,1.18,9.70,-49.50,16.72,-32.96,111.07,-38.55,1
q,2022-10-16 21:59:24.222674,-0.03,0.06,1.28,-6.16,-19.96,-0.55,-32.96,111.07,-38.55,1
q,2022-10-16 21:59:24.241390,0.01,-0.01,1.26,-13.06,-5.80,-12.27,-31.27,108.89,-42.38,1
q,2022-10-16 21:59:24.259643,0.02,-0.03,1.24,-11.96,-5.49,-19.59,-31.27,108.89,-42.38,1
q,2022-10-16 21:59:24.277566,0.01,-0.04,1.23,-7.14,-5.68,-23.56,-31.27,108.89,-42.38,1
q,2022-10-16 21:59:24.296404,0.00,-0.08,1.18,7.51,5.07,-25.94,-34.16,102.98,-43.24,1
q,2022-10-16 21:59:24.314185,0.04,-0.22,1.10,5.55,20.81,-27.59,-34.16,102.98,-43.24,1
q,2022-10-16 21:59:24.332470,0.05,-0.29,1.07,2.20,24.17,-25.88,-34.16,102.98,-43.24,1
q,2022-10-16 21:59:24.351234,0.06,-0.29,1.04,-8.30,34.67,-24.72,-36.49,97.49,-40.15,1
q,2022-10-16 21:59:24.369214,0.09,-0.35,0.86,7.02,27.28,-7.87,-36.49,97.49,-40.15,1
q,2022-10-16 21:59:24.388207,0.05,-0.29,0.92,17.76,16.72,1.65,-38.23,96.97,-39.66,1
q,2022-10-16 21:59:24.406107,0.04,-0.27,0.90,14.28,21.61,5.43,-38.23,96.97,-39.66,1
q,2022-10-16 21:59:24.424294,0.05,-0.22,0.89,-2.69,31.56,3.17,-38.23,96.97,-39.66,1
q,2022-10-16 21:59:24.443316,0.04,-0.16,0.75,-14.22,31.49,-2.08,-39.67,97.99,-39.75,1
q,2022-10-16 21:59:24.461393,0.04,-0.09,0.81,-18.49,14.71,-6.23,-39.67,97.99,-39.75,1
q,2022-10-16 21:59:24.479273,0.07,-0.08,0.93,-10.07,2.44,-7.45,-39.67,97.99,-39.75,1
q,2022-10-16 21:59:24.498202,0.05,-0.12,0.92,0.12,6.16,-2.14,-40.11,98.00,-39.78,1
q,2022-10-16 21:59:24.516029,0.08,-0.20,0.90,0.79,18.74,2.81,-40.11,98.00,-39.78,1
q,2022-10-16 21:59:24.535309,0.08,-0.20,0.90,-19.29,33.45,-0.85,-38.00,97.28,-42.69,1
q,2022-10-16 21:59:24.553318,0.12,-0.15,0.97,-26.67,38.70,-4.58,-38.00,97.28,-42.69,1
q,2022-10-16 21:59:24.571284,0.15,-0.10,1.02,-31.56,36.74,-4.58,-38.00,97.28,-42.69,1
q,2022-10-16 21:59:24.590154,0.16,-0.12,1.01,-29.42,27.71,-3.54,-35.10,95.43,-48.08,1
q,2022-10-16 21:59:24.608332,0.15,-0.11,0.97,-28.14,17.15,-5.37,-35.10,95.43,-48.08,1
q,2022-10-16 21:59:24.626121,0.17,-0.08,1.00,-28.20,14.53,-6.35,-35.10,95.43,-48.08,1
q,2022-10-16 21:59:24.645231,0.17,-0.09,1.01,-21.18,7.45,-8.24,-34.27,93.84,-51.09,1
q,2022-10-16 21:59:24.663413,0.17,-0.10,0.98,-17.88,-0.73,-10.80,-34.27,93.84,-51.09,1
q,2022-10-16 21:59:24.681467,0.16,-0.08,0.96,-21.42,-3.36,-12.33,-34.27,93.84,-51.09,1
q,2022-10-16 21:59:24.700019,0.02,0.09,0.56,-24.23,10.62,-8.54,-33.95,92.83,-50.68,1
q,2022-10-16 21:59:24.718188,0.15,0.03,0.94,-6.47,-2.44,-8.06,-33.95,92.83,-50.68,1
q,2022-10-16 21:59:24.736850,0.15,0.03,0.96,13.37,1.16,-1.65,-34.51,93.16,-51.62,1
q,2022-10-16 21:59:24.755064,0.16,-0.06,0.94,24.41,3.23,6.23,-34.51,93.16,-51.62,1
q,2022-10-16 21:59:24.773006,0.13,-0.14,0.86,4.03,14.53,4.39,-34.51,93.16,-51.62,1
q,2022-10-16 21:59:24.792256,0.15,-0.12,0.87,-23.80,25.63,-2.08,-32.46,93.04,-52.65,1
q,2022-10-16 21:59:24.810438,0.08,-0.06,0.61,-27.53,-8.54,-14.22,-32.46,93.04,-52.65,1
q,2022-10-16 21:59:24.828369,0.04,-0.07,0.52,6.53,-57.56,-7.26,-32.46,93.04,-52.65,1
q,2022-10-16 21:59:24.847397,0.10,-0.03,0.74,52.92,-96.13,12.57,-32.46,92.37,-53.02,1
q,2022-10-16 21:59:24.865131,0.07,-0.06,1.11,78.31,-97.11,25.15,-32.46,92.37,-53.02,1
q,2022-10-16 21:59:24.884091,0.09,-0.18,1.05,54.44,-58.23,17.15,-35.67,93.91,-52.47,1
q,2022-10-16 21:59:24.902023,0.07,-0.22,1.14,15.99,-35.71,4.70,-35.67,93.91,-52.47,1
q,2022-10-16 21:59:24.920294,0.08,-0.18,1.23,-18.80,-12.63,-5.98,-35.67,93.91,-52.47,1
q,2022-10-16 21:59:24.939278,0.10,-0.11,1.30,-31.86,-3.11,-10.93,-42.26,91.78,-56.71,1
q,2022-10-16 21:59:24.957038,0.09,-0.02,1.25,-19.59,0.73,-7.32,-42.26,91.78,-56.71,1
q,2022-10-16 21:59:24.975125,0.08,0.02,1.12,-4.76,6.90,-1.10,-42.26,91.78,-56.71,1
q,2022-10-16 21:59:24.993948,0.07,0.01,1.04,21.73,-1.53,9.95,-42.83,90.58,-58.09,1
q,2022-10-16 21:59:25.012020,0.08,-0.04,1.06,49.93,-18.37,19.78,-42.83,90.58,-58.09,1
q,2022-10-16 21:59:25.030045,0.04,-0.17,1.00,56.15,-26.98,22.46,-42.83,90.58,-58.09,1
q,2022-10-16 21:59:25.049271,-0.13,-0.01,1.40,46.69,-30.21,17.15,-42.47,92.81,-52.49,1
q,2022-10-16 21:59:25.067045,-0.03,0.00,1.13,-16.54,25.33,-28.08,-42.47,92.81,-52.49,1
q,2022-10-16 21:59:25.086273,0.03,-0.05,1.03,-27.47,45.29,-34.55,-39.16,88.83,-51.92,1
q,2022-10-16 21:59:25.103954,0.02,0.07,1.06,-30.76,54.32,-50.23,-39.16,88.83,-51.92,1
q,2022-10-16 21:59:25.122072,0.09,-0.11,0.86,-20.57,58.11,-58.78,-39.16,88.83,-51.92,1
q,2022-10-16 21:59:25.140954,0.10,-0.30,0.75,17.15,26.86,-36.25,-35.56,80.97,-49.89,1
q,2022-10-16 21:59:25.159175,0.07,-0.36,0.82,40.89,-4.82,-10.01,-35.56,80.97,-49.89,1
q,2022-10-16 21:59:25.177102,0.02,-0.37,0.87,9.16,-7.87,-6.35,-35.56,80.97,-49.89,1
q,2022-10-16 21:59:25.195987,-0.21,-0.51,1.03,31.74,-13.55,5.43,-34.94,80.22,-46.09,1
q,2022-10-16 21:59:25.213995,-0.08,-0.71,0.93,66.35,-24.60,24.96,-34.94,80.22,-46.09,1
q,2022-10-16 21:59:25.232937,-0.10,-0.82,0.84,43.58,-12.15,34.61,-34.22,88.28,-41.24,1
q,2022-10-16 21:59:25.250792,-0.10,-0.86,0.82,62.74,-21.55,69.95,-34.22,88.28,-41.24,1
q,2022-10-16 21:59:25.268794,0.00,-0.83,0.69,64.33,-21.48,89.60,-34.22,88.28,-41.24,1
q,2022-10-16 21:59:25.287930,0.08,-0.73,0.71,39.00,-21.85,94.60,-27.01,104.22,-39.22,1
q,2022-10-16 21:59:25.305785,0.12,-0.62,0.65,3.60,-13.49,92.77,-27.01,104.22,-39.22,1
q,2022-10-16 21:59:25.323956,0.17,-0.49,0.64,-15.87,-14.16,88.68,-27.01,104.22,-39.22,1
q,2022-10-16 21:59:25.342949,0.23,-0.35,0.63,-30.46,-23.68,87.95,-8.23,115.67,-42.07,1
q,2022-10-16 21:59:25.361167,0.19,-0.09,0.77,-44.01,-22.89,79.22,-8.23,115.67,-42.07,1
q,2022-10-16 21:59:25.379019,0.10,-0.06,0.86,-36.44,-23.07,76.05,-8.23,115.67,-42.07,1
q,2022-10-16 21:59:25.397952,0.10,-0.03,0.88,-10.99,-26.12,82.89,11.94,117.27,-49.88,1
q,2022-10-16 21:59:25.415896,0.14,-0.01,0.81,-14.16,-27.34,72.94,11.94,117.27,-49.88,1
q,2022-10-16 21:59:25.434715,0.24,0.12,0.78,-32.78,-24.11,58.23,27.61,114.71,-57.34,1
q,2022-10-16 21:59:25.452905,0.20,0.20,0.88,-51.33,-16.48,44.68,27.61,114.71,-57.34,1
q,2022-10-16 21:59:25.470712,0.09,0.14,0.96,-40.16,-29.91,35.52,27.61,114.71,-57.34,1
q,2022-10-16 21:59:25.489843,-0.09,0.08,1.12,-27.95,-34.42,35.34,36.38,111.82,-68.42,1
q,2022-10-16 21:59:25.507677,0.01,0.05,1.07,12.15,-27.59,44.43,36.38,111.82,-68.42,1
q,2022-10-16 21:59:25.525785,0.07,-0.02,1.00,-3.48,-20.32,29.66,36.38,111.82,-68.42,1
q,2022-10-16 21:59:25.544975,0.05,-0.08,0.98,-21.42,-20.39,18.68,41.30,111.24,-74.29,1
q,2022-10-16 21:59:25.562633,0.01,-0.01,1.00,-36.19,-19.10,17.76,41.30,111.24,-74.29,1
