W,2022-10-30 14:13:33.795411,0.03,-0.68,0.97,-21.97,16.42,13.85,3.09,47.49,-188.00,1
W,2022-10-30 14:13:33.815447,0.10,-0.71,0.81,-28.81,20.51,22.34,7.01,44.68,-187.68,1
W,2022-10-30 14:13:33.835411,0.17,-0.62,0.75,-43.95,15.75,29.11,7.01,44.68,-187.68,1
W,2022-10-30 14:13:33.855691,0.20,-0.45,0.74,-61.34,0.98,25.15,12.56,40.23,-189.05,1
W,2022-10-30 14:13:33.876909,-3.13,-0.33,0.86,-70.50,-5.49,17.21,12.56,40.23,-189.05,1
W,2022-10-30 14:13:33.897223,0.01,-0.55,0.69,85.82,-18.19,15.14,12.56,40.23,-189.05,1
W,2022-10-30 14:13:33.913204,-0.10,-0.42,0.77,14.10,-0.31,13.55,14.39,40.34,-188.28,1
W,2022-10-30 14:13:33.933249,-0.00,-0.52,0.82,1.28,14.16,11.78,14.39,40.34,-188.28,1
W,2022-10-30 14:13:33.956847,-0.20,0.12,0.34,-27.40,-12.02,-18.13,13.71,39.77,-189.45,1
W,2022-10-30 14:13:33.977127,-0.03,-0.54,0.83,-9.77,-46.94,-56.64,13.71,39.77,-189.45,1
W,2022-10-30 14:13:33.997457,-0.06,-0.27,0.82,-19.65,-54.14,-63.35,13.71,39.77,-189.45,1
W,2022-10-30 14:13:34.017451,-0.07,-0.37,0.86,-0.24,-49.87,-67.14,4.16,40.87,-195.61,1
W,2022-10-30 14:13:34.038051,-0.08,-0.54,0.97,23.38,-35.22,-50.60,4.16,40.87,-195.61,1
W,2022-10-30 14:13:34.058056,-0.07,-0.61,0.97,25.33,-25.70,-36.68,-5.85,42.09,-202.06,1
W,2022-10-30 14:13:34.078056,-0.08,-0.71,1.11,10.13,-13.85,-22.09,-5.85,42.09,-202.06,1
W,2022-10-30 14:13:34.098051,-0.08,-0.66,1.08,1.40,-3.72,-6.84,-5.85,42.09,-202.06,1
W,2022-10-30 14:13:34.118054,-0.08,-0.59,0.94,5.55,-5.62,7.87,-10.67,42.87,-202.97,1
W,2022-10-30 14:13:34.138059,-0.10,-0.56,0.91,20.75,-22.83,-12.82,-10.67,42.87,-202.97,1
W,2022-10-30 14:13:34.158158,-0.21,-1.04,1.71,25.45,-12.94,-17.15,-11.24,44.03,-201.14,1
W,2022-10-30 14:13:34.178136,-0.07,-0.53,1.14,-28.32,60.67,21.91,-11.24,44.03,-201.14,1
W,2022-10-30 14:13:34.198150,-0.03,-0.49,1.02,-15.26,63.66,27.77,2.08,40.70,-196.95,1
W,2022-10-30 14:13:34.228769,-0.06,-0.39,0.80,-19.59,47.61,27.95,2.08,40.70,-196.95,1
W,2022-10-30 14:13:34.248791,-0.07,-0.36,0.69,-10.01,27.40,10.44,2.08,40.70,-196.95,1
W,2022-10-30 14:13:34.268793,-0.12,-0.27,0.51,13.85,4.76,5.68,10.83,37.76,-186.71,1
W,2022-10-30 14:13:34.288791,-0.13,-0.32,0.27,63.29,-43.70,-3.30,10.83,37.76,-186.71,1
W,2022-10-30 14:13:34.308795,-0.11,-0.53,0.68,45.04,-23.50,0.61,10.89,39.31,-183.02,1
W,2022-10-30 14:13:34.328792,-0.11,-0.55,0.71,-1.89,12.08,3.66,10.89,39.31,-183.02,1
W,2022-10-30 14:13:34.348795,-0.08,-0.49,0.77,-28.93,30.03,3.85,11.94,39.22,-184.14,1
W,2022-10-30 14:13:34.368791,-0.06,-0.45,0.75,3.17,-7.26,-48.10,11.94,39.22,-184.14,1
W,2022-10-30 14:13:34.388793,-0.09,-0.28,0.76,-4.03,-16.60,-38.27,11.94,39.22,-184.14,1
W,2022-10-30 14:13:34.418806,-0.10,-0.34,0.83,17.21,-28.50,-38.45,7.53,39.61,-188.60,1
W,2022-10-30 14:13:34.438794,-0.10,-0.45,0.88,14.28,-23.01,-40.10,7.53,39.61,-188.60,1
W,2022-10-30 14:13:34.460039,-0.10,-0.58,0.92,10.99,-20.81,-43.03,0.59,41.50,-194.60,1
W,2022-10-30 14:13:34.472168,-0.10,-0.65,1.00,3.85,-13.67,-31.62,0.59,41.50,-194.60,1
W,2022-10-30 14:13:34.494075,-0.10,-0.75,1.08,7.63,-8.06,-14.83,0.59,41.50,-194.60,1
W,2022-10-30 14:13:34.514073,-0.08,-0.84,0.99,11.78,-7.69,-0.37,-4.49,41.94,-196.80,1
W,2022-10-30 14:13:34.534076,-0.12,-0.64,0.87,17.88,-29.85,0.43,-4.49,41.94,-196.80,1
W,2022-10-30 14:13:34.564152,-0.23,-0.92,1.64,5.49,-13.06,-15.44,-4.90,42.53,-195.73,1
W,2022-10-30 14:13:34.584077,-0.08,-0.62,1.09,-20.14,49.62,15.32,-4.90,42.53,-195.73,1
W,2022-10-30 14:13:34.605815,-0.04,-0.53,1.11,-8.97,40.22,28.93,6.32,38.67,-189.03,1
W,2022-10-30 14:13:34.625826,-0.07,-0.51,0.95,-22.22,47.97,31.37,6.32,38.67,-189.03,1
W,2022-10-30 14:13:34.647232,-0.05,-0.44,0.83,-14.95,40.95,21.85,6.32,38.67,-189.03,1
W,2022-10-30 14:13:34.667244,-0.08,-0.36,0.70,-8.18,37.23,18.25,13.01,34.24,-176.18,1
W,2022-10-30 14:13:34.687245,-0.10,-0.39,0.54,30.46,8.30,10.50,13.01,34.24,-176.18,1
W,2022-10-30 14:13:34.708898,-0.11,-0.41,0.33,40.71,-11.84,6.41,12.23,32.46,-166.78,1
W,2022-10-30 14:13:34.728891,-0.13,-0.56,0.56,51.33,-43.09,-3.48,12.23,32.46,-166.78,1
W,2022-10-30 14:13:34.749139,-0.12,-0.53,0.72,-7.69,-1.34,2.93,11.32,32.89,-166.75,1
W,2022-10-30 14:13:34.769219,-0.08,-0.50,0.80,-27.10,16.36,11.11,11.32,32.89,-166.75,1
W,2022-10-30 14:13:34.789921,-0.15,-0.21,0.49,-44.43,12.70,24.84,11.32,32.89,-166.75,1
W,2022-10-30 14:13:34.810029,-0.62,-0.49,1.14,6.77,-43.52,13.49,11.98,31.45,-167.68,1
W,2022-10-30 14:13:34.831657,-0.13,-0.31,1.01,72.45,15.56,35.83,11.98,31.45,-167.68,1
