r,2022-10-11 12:46:44.342424,-1.891516,11.162338,1.666449,-0.347367,-0.072655,0.279389,59.917011,-11.143510,-115.045928,1
r,2022-10-11 12:46:44.438395,-1.264203,10.645164,1.321667,0.177550,0.136673,0.215072,62.728366,-17.511228,-115.045928,1
r,2022-10-11 12:46:44.518626,0.033521,8.523793,1.541944,0.198856,0.102318,0.558492,62.728366,-17.511228,-131.748886,1
r,2022-10-11 12:46:44.614515,-0.378303,6.828611,1.561099,0.022951,0.116433,0.006277,69.229621,-36.437507,-128.851440,1
r,2022-10-11 12:46:44.710562,-0.052675,9.749687,2.202778,-0.707298,0.036137,-0.085071,67.823944,-19.810684,-167.711395,1
r,2022-10-11 12:46:44.806486,0.124505,11.804017,2.514040,-0.266006,0.045591,0.047424,53.240043,59.608932,-202.651275,1
r,2022-10-11 12:46:44.918321,-0.818859,13.029910,3.050368,-0.082778,0.038534,-0.241134,53.240043,59.608932,-202.651275,1
r,2022-10-11 12:46:44.998419,0.210700,9.922078,2.245876,0.530425,0.056244,-0.049916,57.808494,46.165969,-200.606002,1
r,2022-10-11 12:46:45.094374,0.967307,8.360979,1.992077,0.274358,-0.147491,-0.213836,67.648239,-23.171424,-163.791305,1
r,2022-10-11 12:46:45.206169,-1.082234,8.815900,1.881938,0.023218,-0.077449,-0.081475,62.201236,-37.498794,-141.463882,1
