l,2022-10-31 18:30:14.096112,-0.12,0.07,0.97,-19.35,1.16,11.90,31.74,-108.26,-88.95,1
l,2022-10-31 18:30:14.114245,-0.09,-0.02,0.94,-5.86,-4.39,12.39,31.74,-108.26,-88.95,1
l,2022-10-31 18:30:14.136758,-0.08,-0.02,0.89,4.88,-9.95,16.78,27.59,-111.11,-89.81,1
l,2022-10-31 18:30:14.155709,-0.09,-0.06,0.85,1.16,-19.35,15.50,27.59,-111.11,-89.81,1
l,2022-10-31 18:30:14.175331,-0.09,0.06,0.91,-1.59,-26.73,13.67,23.28,-113.95,-88.96,1
l,2022-10-31 18:30:14.194999,-0.11,0.04,0.96,-5.80,-23.68,-1.53,23.28,-113.95,-88.96,1
l,2022-10-31 18:30:14.218899,-0.07,0.06,0.89,-0.61,-21.91,-4.94,23.28,-113.95,-88.96,1
l,2022-10-31 18:30:14.234554,-0.10,0.06,0.92,-4.46,-27.83,-16.11,22.07,-116.27,-89.09,1
l,2022-10-31 18:30:14.253255,-0.17,0.14,1.11,-14.10,-24.96,-23.44,22.07,-116.27,-89.09,1
l,2022-10-31 18:30:14.272098,-0.42,-0.05,1.27,-19.71,-11.54,-38.70,22.07,-116.27,-89.09,1
l,2022-10-31 18:30:14.292259,-0.15,-0.06,1.06,66.41,0.31,7.63,23.94,-119.37,-89.18,1
l,2022-10-31 18:30:14.311838,-0.13,-0.16,1.04,52.37,-23.19,1.46,23.94,-119.37,-89.18,1
l,2022-10-31 18:30:14.333082,-0.21,-0.16,1.14,36.74,-28.50,-8.61,25.44,-120.41,-91.94,1
l,2022-10-31 18:30:14.352327,-0.29,-0.07,1.42,4.03,11.05,-30.40,25.44,-120.41,-91.94,1
l,2022-10-31 18:30:14.371329,-0.18,-0.07,1.19,-8.85,57.74,-37.84,25.44,-120.41,-91.94,1
l,2022-10-31 18:30:14.392108,-0.11,-0.15,0.99,-4.39,68.85,-32.29,25.45,-119.32,-90.23,1
l,2022-10-31 18:30:14.410998,-0.09,-0.13,0.98,7.39,64.58,-22.77,25.45,-119.32,-90.23,1
l,2022-10-31 18:30:14.430227,-0.08,-0.17,0.96,5.49,66.59,-21.61,24.63,-116.44,-90.36,1
l,2022-10-31 18:30:14.449640,-0.07,-0.21,0.98,-24.90,82.76,-25.09,24.63,-116.44,-90.36,1
l,2022-10-31 18:30:14.469022,-0.00,-0.26,0.72,-46.75,85.51,-24.23,24.63,-116.44,-90.36,1
l,2022-10-31 18:30:14.488897,0.01,-0.25,0.57,-58.11,66.04,-16.24,23.14,-112.82,-87.55,1
l,2022-10-31 18:30:14.507932,-0.01,-0.09,0.68,-37.54,15.75,-0.92,23.14,-112.82,-87.55,1
l,2022-10-31 18:30:14.528837,-0.01,-0.02,0.80,-25.76,5.43,1.28,21.24,-111.52,-86.52,1
l,2022-10-31 18:30:14.548508,-0.01,-0.00,0.83,-16.42,11.23,3.42,21.24,-111.52,-86.52,1
l,2022-10-31 18:30:14.567443,0.00,-0.12,0.67,-9.89,15.20,9.83,21.24,-111.52,-86.52,1
l,2022-10-31 18:30:14.588053,-0.00,-0.09,0.38,-3.48,-20.63,23.56,20.56,-112.61,-85.27,1
l,2022-10-31 18:30:14.607581,-0.02,-0.03,0.80,15.26,-80.02,26.86,20.56,-112.61,-85.27,1
l,2022-10-31 18:30:14.628946,-0.04,-0.09,0.92,13.98,-83.25,18.25,22.27,-115.04,-87.79,1
l,2022-10-31 18:30:14.648546,-0.06,-0.01,0.95,3.66,-75.32,18.13,22.27,-115.04,-87.79,1
l,2022-10-31 18:30:14.666672,-0.13,0.09,1.04,-4.64,-69.95,11.72,22.27,-115.04,-87.79,1
l,2022-10-31 18:30:14.686938,-0.14,0.10,1.08,-5.49,-61.83,0.24,24.23,-117.52,-88.16,1
l,2022-10-31 18:30:14.706860,-0.20,0.16,1.28,11.47,-46.45,-4.46,24.23,-117.52,-88.16,1
l,2022-10-31 18:30:14.728365,-0.20,0.10,1.27,30.52,-29.60,-5.92,29.04,-118.32,-89.99,1
l,2022-10-31 18:30:14.747792,-0.19,0.02,1.18,53.41,-14.77,-7.63,29.04,-118.32,-89.99,1
l,2022-10-31 18:30:14.767974,-0.19,-0.07,1.17,63.42,-11.90,-14.53,29.04,-118.32,-89.99,1
l,2022-10-31 18:30:14.787018,-0.20,-0.19,1.12,57.07,-0.31,-25.94,34.45,-118.16,-91.93,1
l,2022-10-31 18:30:14.806484,-0.19,-0.36,1.03,43.33,11.66,-29.42,34.45,-118.16,-91.93,1
l,2022-10-31 18:30:14.826873,-0.14,-0.43,0.86,6.47,27.28,-32.35,38.62,-116.25,-91.77,1
l,2022-10-31 18:30:14.846192,-0.17,-0.36,0.94,-28.44,27.65,-23.44,38.62,-116.25,-91.77,1
l,2022-10-31 18:30:14.865078,-0.31,-0.45,1.06,-35.40,42.48,-17.64,38.62,-116.25,-91.77,1
l,2022-10-31 18:30:14.885747,-0.25,-0.40,0.74,-7.32,43.82,13.00,36.54,-115.33,-89.92,1
l,2022-10-31 18:30:14.904550,-0.15,-0.37,0.99,9.22,3.11,34.00,36.54,-115.33,-89.92,1
l,2022-10-31 18:30:14.922873,-0.14,-0.32,0.99,4.03,8.36,38.39,29.97,-113.48,-91.80,1
l,2022-10-31 18:30:14.940541,-0.04,-0.26,0.98,-4.27,13.43,37.29,29.97,-113.48,-91.80,1
