S,2022-10-26 19:09:11.867232,0.37,-0.06,0.93,13.12,14.89,-23.01,-36.95,-27.03,-165.48,1
S,2022-10-26 19:09:11.885268,0.35,-0.07,0.96,2.69,14.65,-22.89,-36.95,-27.03,-165.48,1
S,2022-10-26 19:09:11.904243,0.33,0.02,0.99,-7.93,19.35,-21.85,-37.60,-27.72,-164.88,1
S,2022-10-26 19:09:11.922254,0.38,0.09,0.91,-5.37,20.39,-17.82,-37.60,-27.72,-164.88,1
S,2022-10-26 19:09:11.940219,0.36,0.10,0.93,-5.68,15.87,-16.97,-37.60,-27.72,-164.88,1
S,2022-10-26 19:09:11.959237,0.37,0.06,0.93,-5.62,17.27,-16.30,-38.05,-29.17,-166.10,1
S,2022-10-26 19:09:11.977153,0.38,0.03,0.91,-15.56,11.47,-17.46,-38.05,-29.17,-166.10,1
S,2022-10-26 19:09:11.996273,0.38,0.03,0.89,-17.94,5.92,-12.33,-41.27,-30.65,-166.76,1
S,2022-10-26 19:09:12.014387,-0.10,0.37,1.59,0.85,-2.99,-2.81,-41.27,-30.65,-166.76,1
S,2022-10-26 19:09:12.032279,0.23,-0.15,0.92,46.51,42.85,18.55,-41.27,-30.65,-166.76,1
S,2022-10-26 19:09:12.051270,0.29,-0.32,0.84,-8.67,39.25,-2.26,-43.57,-31.03,-167.35,1
S,2022-10-26 19:09:12.069347,0.36,-0.09,0.74,-108.40,7.20,-18.01,-43.57,-31.03,-167.35,1
S,2022-10-26 19:09:12.087260,0.17,-0.15,0.57,-85.88,-3.05,11.35,-43.57,-31.03,-167.35,1
S,2022-10-26 19:09:12.106239,0.12,-0.09,0.49,-45.29,-23.38,53.96,-46.84,-31.59,-169.37,1
S,2022-10-26 19:09:12.124259,0.06,0.19,0.55,-36.32,-44.49,68.91,-46.84,-31.59,-169.37,1
S,2022-10-26 19:09:12.143249,-0.00,0.42,0.61,-45.29,-56.21,50.72,-47.44,-28.30,-165.49,1
S,2022-10-26 19:09:12.161165,0.03,0.98,0.86,-52.31,-48.95,26.73,-47.44,-28.30,-165.49,1
S,2022-10-26 19:09:12.179283,0.08,1.10,0.94,-32.04,-23.74,8.97,-47.44,-28.30,-165.49,1
S,2022-10-26 19:09:12.198116,0.10,1.03,1.02,19.71,-13.06,4.94,-45.15,-27.97,-163.59,1
S,2022-10-26 19:09:12.216259,0.15,0.90,1.02,69.03,-7.39,-10.93,-45.15,-27.97,-163.59,1
S,2022-10-26 19:09:12.234249,0.20,0.51,1.03,82.46,-3.60,-33.81,-45.15,-27.97,-163.59,1
S,2022-10-26 19:09:12.253168,0.22,0.14,0.96,47.06,-4.39,-58.96,-40.28,-28.04,-160.05,1
S,2022-10-26 19:09:12.271343,0.23,-0.05,0.88,24.11,-12.76,-60.30,-40.28,-28.04,-160.05,1
S,2022-10-26 19:09:12.289399,0.20,-0.16,0.78,11.66,-20.51,-50.29,-40.28,-28.04,-160.05,1
S,2022-10-26 19:09:12.308318,0.25,-0.28,0.79,9.83,-29.48,-28.93,-36.40,-29.39,-161.47,1
S,2022-10-26 19:09:12.326321,0.27,-0.33,0.90,18.68,-27.71,-8.61,-36.40,-29.39,-161.47,1
S,2022-10-26 19:09:12.345253,0.25,-0.37,1.00,4.64,-27.10,-4.09,-32.73,-27.26,-162.24,1
S,2022-10-26 19:09:12.363486,0.32,-0.36,1.06,-12.76,-30.88,-1.71,-32.73,-27.26,-162.24,1
S,2022-10-26 19:09:12.381169,0.30,-0.27,1.17,-13.67,-26.73,28.93,-32.73,-27.26,-162.24,1
S,2022-10-26 19:09:12.400287,0.21,-0.02,1.22,-15.63,-15.26,39.67,-30.94,-26.77,-160.78,1
S,2022-10-26 19:09:12.418071,0.19,0.00,1.18,-2.20,-4.52,52.73,-30.94,-26.77,-160.78,1
S,2022-10-26 19:09:12.436072,0.26,0.11,1.12,-3.23,15.20,64.09,-30.94,-26.77,-160.78,1
S,2022-10-26 19:09:12.455001,0.12,0.48,1.09,-15.50,26.49,49.62,-30.48,-27.34,-159.63,1
S,2022-10-26 19:09:12.472991,0.03,0.76,0.94,-18.19,17.15,12.02,-30.48,-27.34,-159.63,1
S,2022-10-26 19:09:12.492089,-0.01,0.78,0.90,5.49,13.00,9.70,-32.41,-28.88,-157.71,1
S,2022-10-26 19:09:12.510091,-0.08,0.77,0.93,27.28,17.46,11.05,-32.41,-28.88,-157.71,1
S,2022-10-26 19:09:12.528123,-0.13,0.79,0.93,32.90,23.99,-3.11,-32.41,-28.88,-157.71,1
S,2022-10-26 19:09:12.547249,-0.05,0.60,0.86,42.36,24.96,-26.49,-34.14,-27.78,-159.31,1
S,2022-10-26 19:09:12.565075,0.10,0.43,0.80,35.03,16.17,-33.63,-34.14,-27.78,-159.31,1
S,2022-10-26 19:09:12.583044,0.15,0.40,0.79,30.27,8.36,-37.11,-34.14,-27.78,-159.31,1
