l,2022-10-04 15:12:18.819600,0.41,-0.78,0.77,-27.40,5.13,-10.74,-37.37,-26.97,24.24,1
l,2022-10-04 15:12:18.838663,0.31,-0.76,0.67,-12.76,-38.82,0.85,-36.78,-28.16,23.21,1
l,2022-10-04 15:12:18.856820,0.31,-0.77,0.65,-1.77,-60.00,7.63,-36.78,-28.16,23.21,1
l,2022-10-04 15:12:18.874616,0.20,-0.93,0.53,8.18,-78.19,12.63,-36.78,-28.16,23.21,1
l,2022-10-04 15:12:18.893494,0.18,-1.00,0.45,10.44,-83.44,7.08,-37.50,-28.67,25.27,1
l,2022-10-04 15:12:18.911840,0.14,-0.96,0.41,-4.39,-64.64,-14.28,-37.50,-28.67,25.27,1
l,2022-10-04 15:12:18.929757,0.04,-0.80,0.46,-40.28,-51.21,-19.17,-37.50,-28.67,25.27,1
l,2022-10-04 15:12:18.948636,0.01,-0.64,0.59,-59.75,-38.57,-17.76,-39.07,-28.05,26.55,1
l,2022-10-04 15:12:18.966742,0.01,-0.56,0.72,-62.07,-29.24,-13.12,-39.07,-28.05,26.55,1
l,2022-10-04 15:12:18.985809,0.01,-0.52,0.77,-59.69,-22.22,-7.32,-40.44,-26.56,26.95,1
l,2022-10-04 15:12:19.003621,0.02,-0.55,0.78,-55.85,-23.86,-1.16,-40.44,-26.56,26.95,1
l,2022-10-04 15:12:19.021755,0.01,-0.60,0.78,-52.80,-23.44,-7.20,-40.44,-26.56,26.95,1
l,2022-10-04 15:12:19.040807,0.01,-0.58,0.82,-49.32,-21.97,-24.11,-41.20,-25.84,25.59,1
l,2022-10-04 15:12:19.058983,-0.02,-0.48,0.86,-44.13,-18.74,-45.10,-41.20,-25.84,25.59,1
l,2022-10-04 15:12:19.077960,-0.06,-0.40,0.95,-30.40,-10.80,-69.21,-41.20,-25.84,25.59,1
l,2022-10-04 15:12:19.096740,-1.17,-0.06,1.04,-13.37,7.14,-57.25,-42.92,-26.76,26.18,1
l,2022-10-04 15:12:19.114739,-0.35,-0.65,1.35,95.34,9.34,13.61,-42.92,-26.76,26.18,1
l,2022-10-04 15:12:19.132731,-0.22,-0.24,1.00,64.70,19.90,4.33,-42.92,-26.76,26.18,1
l,2022-10-04 15:12:19.151511,-0.17,-0.51,0.90,101.99,29.42,13.37,-43.44,-28.50,28.42,1
l,2022-10-04 15:12:19.169770,-0.22,-0.63,0.66,104.37,60.00,18.62,-43.44,-28.50,28.42,1
l,2022-10-04 15:12:19.188506,-0.03,-0.65,0.57,75.74,84.23,25.76,-42.18,-29.66,26.28,1
l,2022-10-04 15:12:19.206427,0.15,-0.72,0.56,40.34,107.12,39.06,-42.18,-29.66,26.28,1
l,2022-10-04 15:12:19.224371,0.25,-0.78,0.46,15.20,120.91,48.77,-42.18,-29.66,26.28,1
l,2022-10-04 15:12:19.243501,0.34,-0.93,0.47,-25.51,131.10,50.48,-41.00,-29.60,24.55,1
l,2022-10-04 15:12:19.261525,0.37,-1.00,0.58,-83.25,121.09,33.20,-41.00,-29.60,24.55,1
l,2022-10-04 15:12:19.279527,0.33,-0.80,0.60,-93.20,100.95,18.74,-41.00,-29.60,24.55,1
l,2022-10-04 15:12:19.298429,0.33,-0.71,0.67,-96.07,77.64,10.56,-42.08,-27.71,19.92,1
l,2022-10-04 15:12:19.316447,0.29,-0.61,0.69,-80.32,51.94,6.29,-42.08,-27.71,19.92,1
l,2022-10-04 15:12:19.334710,0.30,-0.51,0.73,-65.86,28.93,7.02,-42.08,-27.71,19.92,1
l,2022-10-04 15:12:19.353619,0.26,-0.49,0.86,-44.86,-17.33,15.20,-42.87,-26.82,17.79,1
l,2022-10-04 15:12:19.371626,0.14,-0.52,0.81,-15.87,-57.13,10.31,-42.87,-26.82,17.79,1
l,2022-10-04 15:12:19.390641,0.11,-0.47,0.84,-19.78,-82.58,4.76,-42.68,-25.73,18.12,1
l,2022-10-04 15:12:19.408774,0.07,-0.31,0.99,-13.55,-99.49,-1.71,-42.68,-25.73,18.12,1
l,2022-10-04 15:12:19.426844,0.07,-0.29,0.98,18.68,-113.89,-5.31,-42.68,-25.73,18.12,1
l,2022-10-04 15:12:19.445643,0.06,-0.29,1.00,47.18,-125.79,-4.46,-43.52,-25.98,21.85,1
l,2022-10-04 15:12:19.463827,-0.04,-0.50,0.80,54.32,-128.91,-9.09,-43.52,-25.98,21.85,1
l,2022-10-04 15:12:19.481802,-0.05,-0.59,0.79,51.33,-127.50,-24.11,-43.52,-25.98,21.85,1
l,2022-10-04 15:12:19.500659,-0.12,-0.58,0.81,52.12,-114.07,-38.33,-42.61,-27.04,25.78,1
l,2022-10-04 15:12:19.518723,-0.14,-0.34,0.66,37.78,-77.82,-37.11,-42.61,-27.04,25.78,1
l,2022-10-04 15:12:19.537827,-0.16,-0.52,0.81,44.19,-31.37,-12.27,-42.36,-29.24,28.48,1
l,2022-10-04 15:12:19.555804,-0.18,-0.72,0.87,51.27,-12.08,-13.00,-42.36,-29.24,28.48,1
l,2022-10-04 15:12:19.573726,-0.28,-0.68,0.85,56.03,1.28,-23.62,-42.36,-29.24,28.48,1
l,2022-10-04 15:12:19.592574,-0.15,-0.35,0.83,70.37,24.35,-23.01,-40.88,-30.97,29.16,1
l,2022-10-04 15:12:19.610730,-0.23,-0.53,0.64,92.90,44.86,1.89,-40.88,-30.97,29.16,1
l,2022-10-04 15:12:19.628408,-0.05,-0.50,0.60,82.76,80.20,19.90,-40.88,-30.97,29.16,1
l,2022-10-04 15:12:19.647331,0.21,-0.89,0.57,68.73,76.05,38.27,-39.53,-32.62,27.31,1
l,2022-10-04 15:12:19.665374,0.34,-1.12,0.66,20.81,54.26,39.31,-39.53,-32.62,27.31,1
l,2022-10-04 15:12:19.683389,0.12,-1.38,0.70,6.59,5.37,16.48,-39.53,-32.62,27.31,1
l,2022-10-04 15:12:19.702815,-0.01,-0.86,0.55,-17.40,-11.72,-21.30,-38.62,-32.91,26.66,1
l,2022-10-04 15:12:19.720998,-0.02,-0.52,0.74,-29.72,-5.92,-22.83,-38.62,-32.91,26.66,1
l,2022-10-04 15:12:19.739655,-0.03,-0.40,0.71,-30.33,-8.73,-6.59,-39.38,-32.37,26.16,1
l,2022-10-04 15:12:19.757762,-0.03,-0.55,0.71,-32.90,-11.60,11.96,-39.38,-32.37,26.16,1
l,2022-10-04 15:12:19.775804,-0.03,-0.60,0.77,-40.53,-14.59,24.11,-39.38,-32.37,26.16,1
l,2022-10-04 15:12:19.794811,-0.19,-0.73,0.68,-36.56,-16.48,45.84,-39.09,-31.86,26.68,1
