B,2022-10-18 14:41:07.196730,0.29,0.12,0.89,9.58,21.24,2.32,2.82,47.92,2.21,1
B,2022-10-18 14:41:07.212342,0.31,0.13,0.88,21.00,16.17,9.28,2.82,47.92,2.21,1
B,2022-10-18 14:41:07.228382,0.27,0.10,0.88,31.56,3.97,16.24,0.93,48.43,3.33,1
B,2022-10-18 14:41:07.244012,-1.24,0.09,0.74,23.38,-18.31,8.97,0.93,48.43,3.33,1
B,2022-10-18 14:41:07.275259,0.29,-0.13,0.87,-22.22,-3.91,9.46,0.93,48.43,3.33,1
B,2022-10-18 14:41:07.290881,0.24,0.36,0.71,-11.41,-0.12,-2.01,0.09,48.68,4.25,1
B,2022-10-18 14:41:07.306502,0.14,0.17,0.87,9.64,-2.01,7.14,0.09,48.68,4.25,1
B,2022-10-18 14:41:07.323741,0.04,0.14,0.91,-8.48,-33.33,17.76,1.70,47.69,4.31,1
B,2022-10-18 14:41:07.338278,0.18,0.15,0.93,-23.74,-59.45,20.39,1.70,47.69,4.31,1
B,2022-10-18 14:41:07.354844,0.20,0.14,0.91,-34.00,-75.07,18.55,1.70,47.69,4.31,1
B,2022-10-18 14:41:07.387364,0.19,0.19,0.90,-42.42,-83.74,16.24,5.02,48.08,3.05,1
B,2022-10-18 14:41:07.403117,0.25,0.24,0.88,-50.05,-80.14,24.84,5.02,48.08,3.05,1
B,2022-10-18 14:41:07.423750,0.24,0.31,0.91,-32.29,-60.85,27.34,5.02,48.08,3.05,1
B,2022-10-18 14:41:07.441525,0.29,0.30,1.04,-6.90,-34.73,25.27,6.84,48.16,0.50,1
B,2022-10-18 14:41:07.458947,0.18,0.28,1.06,5.37,-20.39,23.32,6.84,48.16,0.50,1
B,2022-10-18 14:41:07.474576,0.22,0.26,1.05,9.09,-8.61,17.03,8.44,47.60,0.74,1
B,2022-10-18 14:41:07.491963,0.10,0.30,1.17,6.47,0.73,8.30,8.44,47.60,0.74,1
B,2022-10-18 14:41:07.517776,0.35,0.02,0.72,-9.46,0.73,2.69,8.44,47.60,0.74,1
B,2022-10-18 14:41:07.525794,0.04,0.38,1.09,-7.02,57.68,-36.50,7.30,47.62,-0.39,1
B,2022-10-18 14:41:07.547258,0.24,0.29,0.90,-10.13,83.98,-34.91,7.30,47.62,-0.39,1
B,2022-10-18 14:41:07.572536,0.39,0.50,0.91,18.43,92.53,-16.30,7.30,47.62,-0.39,1
B,2022-10-18 14:41:07.587645,0.32,0.39,0.92,65.61,90.09,13.31,5.07,47.39,0.38,1
B,2022-10-18 14:41:07.603272,0.30,0.12,1.01,76.29,78.49,28.08,5.07,47.39,0.38,1
B,2022-10-18 14:41:07.624401,0.30,0.12,0.99,51.76,46.08,20.94,5.07,47.39,0.38,1
B,2022-10-18 14:41:07.633527,0.33,0.11,0.87,29.91,6.84,16.17,2.12,47.97,2.37,1
B,2022-10-18 14:41:07.665656,-1.83,0.30,0.62,-1.34,6.16,7.87,2.12,47.97,2.37,1
B,2022-10-18 14:41:07.678149,0.13,0.34,0.85,-14.47,20.87,-12.57,-0.45,48.67,4.26,1
B,2022-10-18 14:41:07.702859,0.22,0.44,0.77,9.16,16.97,-13.43,-0.45,48.67,4.26,1
B,2022-10-18 14:41:07.721859,0.20,0.13,0.84,38.39,18.80,-2.93,-0.45,48.67,4.26,1
B,2022-10-18 14:41:07.739765,0.15,0.10,0.92,26.12,8.24,-28.93,-2.76,47.33,4.00,1
B,2022-10-18 14:41:07.759611,0.19,0.20,0.77,-0.12,-8.97,-30.58,-2.76,47.33,4.00,1
B,2022-10-18 14:41:07.777834,0.14,0.16,0.78,-0.67,-11.47,-32.41,-2.76,47.33,4.00,1
B,2022-10-18 14:41:07.791177,0.19,0.10,0.87,2.01,-17.52,-37.78,-3.42,46.22,3.97,1
B,2022-10-18 14:41:07.814353,0.19,0.10,0.82,0.85,-25.63,-37.66,-3.42,46.22,3.97,1
B,2022-10-18 14:41:07.824480,0.22,0.07,0.92,14.71,-22.40,-1.46,-3.42,46.22,3.97,1
B,2022-10-18 14:41:07.846177,0.23,-0.12,0.94,23.44,-17.09,5.62,-2.66,43.82,3.22,1
B,2022-10-18 14:41:07.870213,0.24,-0.18,0.98,18.86,-14.89,16.17,-2.66,43.82,3.22,1
B,2022-10-18 14:41:07.882336,0.26,-0.19,1.03,6.10,-17.03,27.65,-0.16,44.40,3.53,1
B,2022-10-18 14:41:07.897970,0.26,-0.16,1.02,-13.37,-17.76,34.30,-0.16,44.40,3.53,1
B,2022-10-18 14:41:07.928110,0.28,-0.02,1.02,-25.27,-16.85,44.25,-0.16,44.40,3.53,1
B,2022-10-18 14:41:07.940251,0.28,0.11,1.00,-34.91,-11.78,49.87,1.99,45.56,1.78,1
B,2022-10-18 14:41:07.955959,0.28,0.10,0.97,-27.65,-5.13,52.31,1.99,45.56,1.78,1
B,2022-10-18 14:41:07.971583,0.23,0.36,0.99,-32.17,-1.04,21.12,1.99,45.56,1.78,1
B,2022-10-18 14:41:08.002749,0.19,0.40,0.94,-33.39,-1.77,10.93,4.32,47.41,1.99,1
B,2022-10-18 14:41:08.018444,0.17,0.70,0.87,-45.72,-10.50,-20.02,4.32,47.41,1.99,1
B,2022-10-18 14:41:08.034535,0.17,0.78,0.77,-4.15,-5.13,15.87,4.72,47.18,0.31,1
B,2022-10-18 14:41:08.050250,0.19,0.51,0.84,43.64,6.77,44.31,4.72,47.18,0.31,1
B,2022-10-18 14:41:08.065878,0.21,0.26,0.91,67.26,11.90,59.20,4.72,47.18,0.31,1
B,2022-10-18 14:41:08.097249,0.05,-0.79,0.79,92.41,28.75,9.52,4.06,47.07,3.12,1
B,2022-10-18 14:41:08.112878,0.17,0.48,1.18,-29.72,-16.17,-83.25,4.06,47.07,3.12,1
B,2022-10-18 14:41:08.128893,0.18,0.31,0.77,-24.78,-22.28,-65.19,4.06,47.07,3.12,1
B,2022-10-18 14:41:08.144523,0.13,0.51,0.74,-8.91,-15.14,-45.72,2.32,45.63,2.12,1
B,2022-10-18 14:41:08.160146,0.13,0.28,0.82,39.12,-4.33,-7.81,2.32,45.63,2.12,1
B,2022-10-18 14:41:08.191393,0.12,-0.08,0.98,47.00,-12.70,1.10,2.56,44.43,1.54,1
B,2022-10-18 14:41:08.207016,0.18,-0.23,1.02,31.37,-26.06,-6.04,2.56,44.43,1.54,1
B,2022-10-18 14:41:08.224645,0.19,-0.20,1.00,14.10,-32.47,-8.73,2.56,44.43,1.54,1
B,2022-10-18 14:41:08.238653,0.17,-0.13,0.97,-3.54,-34.18,-4.88,3.23,43.23,2.14,1
B,2022-10-18 14:41:08.269908,0.16,-0.06,0.95,-17.52,-27.10,12.45,3.23,43.23,2.14,1
B,2022-10-18 14:41:08.285531,0.17,0.04,0.96,-25.70,-18.62,34.36,4.97,43.96,0.77,1
B,2022-10-18 14:41:08.301154,0.18,-0.02,0.98,-19.10,-6.59,60.61,4.97,43.96,0.77,1
B,2022-10-18 14:41:08.324997,0.21,-0.02,1.01,-19.04,6.53,63.54,4.97,43.96,0.77,1
B,2022-10-18 14:41:08.332504,0.17,0.12,1.02,-25.76,13.00,58.65,7.57,45.20,-1.21,1
B,2022-10-18 14:41:08.363757,0.18,0.24,1.05,-24.78,14.40,54.38,7.57,45.20,-1.21,1
B,2022-10-18 14:41:08.379380,0.18,0.34,1.05,-22.58,14.59,36.56,7.57,45.20,-1.21,1
B,2022-10-18 14:41:08.389498,0.13,0.54,1.00,-24.54,7.14,27.65,9.01,46.08,-0.33,1
B,2022-10-18 14:41:08.420746,-0.11,0.37,1.14,-17.33,-0.98,15.08,9.01,46.08,-0.33,1
B,2022-10-18 14:41:08.441324,0.09,0.83,0.84,-47.06,-33.81,-2.08,8.51,47.12,-0.40,1
B,2022-10-18 14:41:08.454452,0.04,0.43,0.76,23.32,-15.81,43.82,8.51,47.12,-0.40,1
B,2022-10-18 14:41:08.479358,-0.34,0.18,1.21,91.55,55.36,-28.75,8.51,47.12,-0.40,1
B,2022-10-18 14:41:08.498597,-0.06,0.31,0.94,-10.93,30.76,-38.21,6.47,46.11,-0.16,1
B,2022-10-18 14:41:08.518212,0.13,0.33,0.85,-22.71,32.65,-54.44,6.47,46.11,-0.16,1
B,2022-10-18 14:41:08.535015,0.29,0.42,0.88,-1.65,31.01,-53.16,6.47,46.11,-0.16,1
B,2022-10-18 14:41:08.557421,0.27,0.24,0.92,18.62,24.60,-52.19,4.19,45.21,-1.54,1
B,2022-10-18 14:41:08.574183,0.31,0.19,0.94,8.91,14.95,-51.76,4.19,45.21,-1.54,1
