l,2022-11-01 15:06:06.952547,0.62,-0.72,0.59,-21.79,61.40,-1.34,45.15,17.30,-15.53,1
l,2022-11-01 15:06:06.968170,0.53,-0.68,0.54,-14.40,37.29,-21.36,45.15,17.30,-15.53,1
l,2022-11-01 15:06:06.983840,0.41,-0.66,0.40,-4.82,9.64,-31.56,45.13,18.05,-13.83,1
l,2022-11-01 15:06:07.015096,0.33,-0.77,0.23,1.89,-2.62,-26.73,45.13,18.05,-13.83,1
l,2022-11-01 15:06:07.030946,0.37,-0.82,0.18,-12.70,-5.31,-14.04,45.13,18.05,-13.83,1
l,2022-11-01 15:06:07.055013,0.51,-0.74,0.27,-49.01,1.04,0.31,45.46,18.60,-13.17,1
l,2022-11-01 15:06:07.062649,0.47,-0.72,0.30,-65.06,-0.37,2.38,45.46,18.60,-13.17,1
l,2022-11-01 15:06:07.093942,0.39,-0.79,0.24,-75.26,1.28,-2.50,46.81,19.67,-14.94,1
l,2022-11-01 15:06:07.109574,0.37,-0.67,0.46,-116.70,18.13,0.61,46.81,19.67,-14.94,1
l,2022-11-01 15:06:07.125182,0.50,-0.57,0.64,-129.21,26.86,11.29,46.81,19.67,-14.94,1
l,2022-11-01 15:06:07.156410,0.55,-0.54,1.01,-148.07,47.12,37.84,48.02,19.86,-15.88,1
l,2022-11-01 15:06:07.175432,0.44,-0.48,1.14,-86.85,42.36,38.82,48.02,19.86,-15.88,1
l,2022-11-01 15:06:07.188141,0.46,-0.59,1.11,-31.31,22.52,23.38,48.49,19.01,-15.30,1
l,2022-11-01 15:06:07.203825,0.47,-0.40,0.85,27.77,-10.19,13.06,48.49,19.01,-15.30,1
l,2022-11-01 15:06:07.219446,0.45,-0.47,0.67,33.45,-17.33,21.06,48.49,19.01,-15.30,1
l,2022-11-01 15:06:07.250679,0.45,-0.46,0.65,31.37,-14.53,25.02,49.51,17.96,-15.50,1
l,2022-11-01 15:06:07.266300,0.47,-0.51,0.81,29.91,-15.93,29.60,49.51,17.96,-15.50,1
l,2022-11-01 15:06:07.281934,0.50,-0.76,0.90,86.49,-29.05,14.71,49.51,17.96,-15.50,1
l,2022-11-01 15:06:07.297548,0.48,-0.67,0.85,129.46,-42.05,-8.61,49.44,16.32,-16.53,1
l,2022-11-01 15:06:07.328791,0.44,-0.55,0.58,176.33,-49.19,-21.00,49.44,16.32,-16.53,1
l,2022-11-01 15:06:07.347449,0.38,-0.65,0.42,72.02,12.70,-12.70,48.93,16.77,-15.39,1
l,2022-11-01 15:06:07.360961,0.46,-0.62,0.79,25.51,58.78,-1.83,48.93,16.77,-15.39,1
l,2022-11-01 15:06:07.376644,0.51,-0.74,0.75,45.41,57.43,1.34,48.93,16.77,-15.39,1
l,2022-11-01 15:06:07.407892,0.50,-0.70,0.52,78.86,21.73,-5.74,47.90,16.04,-13.56,1
l,2022-11-01 15:06:07.423458,0.47,-0.69,0.27,74.65,10.80,-1.16,47.90,16.04,-13.56,1
l,2022-11-01 15:06:07.439079,0.38,-0.62,0.39,45.23,29.54,13.18,47.30,14.77,-10.88,1
l,2022-11-01 15:06:07.455999,0.51,-0.71,0.51,25.02,48.28,25.63,47.30,14.77,-10.88,1
l,2022-11-01 15:06:07.483355,0.40,-0.82,0.43,20.75,46.63,27.65,47.30,14.77,-10.88,1
l,2022-11-01 15:06:07.502054,0.52,-0.83,0.53,22.52,41.32,18.19,46.91,12.23,-8.92,1
l,2022-11-01 15:06:07.517676,0.45,-0.78,0.73,58.17,18.25,3.78,46.91,12.23,-8.92,1
l,2022-11-01 15:06:07.533289,0.36,-0.73,0.62,20.26,27.22,14.89,46.91,12.23,-8.92,1
l,2022-11-01 15:06:07.548961,0.48,-0.74,0.15,38.70,14.28,10.38,45.98,10.89,-6.08,1
l,2022-11-01 15:06:07.580160,0.53,-0.70,0.26,9.22,21.79,20.02,45.98,10.89,-6.08,1
l,2022-11-01 15:06:07.598798,0.51,-0.73,0.37,16.85,16.30,18.80,44.93,9.58,-6.26,1
l,2022-11-01 15:06:07.613193,0.37,-0.77,0.43,-1.10,8.61,22.52,44.93,9.58,-6.26,1
l,2022-11-01 15:06:07.627757,0.55,-0.66,0.48,4.82,4.82,10.38,44.93,9.58,-6.26,1
l,2022-11-01 15:06:07.659018,0.45,-0.69,0.38,-12.08,-3.42,26.73,44.81,8.45,-5.32,1
l,2022-11-01 15:06:07.674638,0.65,-0.76,0.34,-19.84,-2.44,25.39,44.81,8.45,-5.32,1
l,2022-11-01 15:06:07.690479,0.55,-0.83,0.30,-88.32,-16.91,36.68,44.68,7.69,-6.08,1
l,2022-11-01 15:06:07.721559,0.45,-0.76,0.35,-104.55,-30.09,29.36,44.68,7.69,-6.08,1
l,2022-11-01 15:06:07.737560,0.43,-0.65,0.49,-63.05,-42.11,16.66,44.68,7.69,-6.08,1
l,2022-11-01 15:06:07.768857,0.45,-0.50,0.82,-10.01,-32.59,4.64,45.80,8.06,-7.12,1
l,2022-11-01 15:06:07.784993,0.45,-0.69,0.50,29.60,-47.79,2.69,45.80,8.06,-7.12,1
l,2022-11-01 15:06:07.800780,0.50,-0.67,0.33,24.78,-42.91,-3.54,46.90,8.11,-7.96,1
l,2022-11-01 15:06:07.816499,0.38,-0.69,0.37,-2.69,-35.64,2.14,46.90,8.11,-7.96,1
l,2022-11-01 15:06:07.847952,0.52,-0.71,0.52,4.27,-32.96,-13.49,48.43,9.16,-12.27,1
l,2022-11-01 15:06:07.864061,0.42,-0.62,0.79,-27.10,-28.63,-13.92,48.43,9.16,-12.27,1
l,2022-11-01 15:06:07.883508,0.42,-0.74,0.59,1.22,-36.13,-22.34,48.43,9.16,-12.27,1
l,2022-11-01 15:06:07.911755,0.55,-0.63,0.57,-17.88,-25.33,-22.83,49.58,10.90,-15.11,1
l,2022-11-01 15:06:07.927320,0.61,-0.69,0.69,-26.25,-15.44,-13.37,49.58,10.90,-15.11,1
l,2022-11-01 15:06:07.942984,0.33,-0.75,0.83,-8.18,-16.48,-12.63,50.13,12.50,-14.81,1
l,2022-11-01 15:06:07.958824,0.51,-0.63,0.63,7.14,-23.50,-27.53,50.13,12.50,-14.81,1
l,2022-11-01 15:06:07.989856,0.59,-0.65,0.43,13.24,-15.87,-29.17,50.13,12.50,-14.81,1
l,2022-11-01 15:06:08.005873,0.32,-0.83,0.47,8.42,-2.14,-22.83,49.88,14.75,-16.77,1
l,2022-11-01 15:06:08.021789,0.42,-0.63,0.62,33.57,20.57,-23.99,49.88,14.75,-16.77,1
l,2022-11-01 15:06:08.055319,0.31,-0.79,0.58,45.90,25.76,-18.80,49.46,16.72,-17.55,1
l,2022-11-01 15:06:08.068898,0.28,-0.81,0.65,49.07,39.37,-33.94,49.46,16.72,-17.55,1
l,2022-11-01 15:06:08.084773,0.43,-0.93,0.73,53.34,38.15,-40.53,49.46,16.72,-17.55,1
l,2022-11-01 15:06:08.116476,0.51,-0.79,0.69,60.79,24.72,-41.50,48.85,18.98,-14.25,1
l,2022-11-01 15:06:08.132113,0.40,-0.88,0.37,82.46,16.91,-24.90,48.85,18.98,-14.25,1
l,2022-11-01 15:06:08.156394,0.44,-0.56,0.52,47.67,41.02,-20.81,47.40,19.34,-13.84,1
