C,2022-10-20 16:30:33.754823,-0.03,0.54,0.64,-33.02,-2.56,-17.82,26.45,-8.29,-76.44,1
C,2022-10-20 16:30:33.770448,-0.28,0.72,0.66,4.21,23.19,-37.35,26.45,-8.29,-76.44,1
C,2022-10-20 16:30:33.786094,0.05,0.51,0.90,30.94,44.07,-31.80,26.45,-8.29,-76.44,1
C,2022-10-20 16:30:33.802121,0.05,0.46,1.05,9.28,36.80,-30.46,26.21,-8.97,-74.71,1
C,2022-10-20 16:30:33.817758,0.09,0.56,0.89,-0.31,29.11,-19.65,26.21,-8.97,-74.71,1
C,2022-10-20 16:30:33.833403,0.21,0.40,0.87,13.12,31.86,-4.88,26.21,-8.97,-74.71,1
C,2022-10-20 16:30:33.864633,0.21,0.34,0.82,13.61,32.17,5.00,24.19,-10.58,-73.68,1
C,2022-10-20 16:30:33.880272,0.28,0.30,0.79,18.68,34.42,16.60,24.19,-10.58,-73.68,1
C,2022-10-20 16:30:33.900919,0.35,0.25,0.82,21.24,35.64,28.87,24.19,-10.58,-73.68,1
C,2022-10-20 16:30:33.911947,0.38,0.22,0.81,11.29,35.28,42.24,23.00,-15.22,-72.49,1
C,2022-10-20 16:30:33.927589,0.41,0.26,0.72,2.01,38.88,53.71,23.00,-15.22,-72.49,1
C,2022-10-20 16:30:33.943210,0.40,0.34,0.70,-4.33,46.88,68.54,21.70,-19.65,-71.39,1
C,2022-10-20 16:30:33.974460,0.41,0.36,0.71,-9.95,53.22,82.95,21.70,-19.65,-71.39,1
C,2022-10-20 16:30:33.990106,0.38,0.44,0.68,-31.80,50.29,90.64,21.70,-19.65,-71.39,1
C,2022-10-20 16:30:34.006155,0.29,0.63,0.55,-73.12,43.82,84.53,20.02,-25.57,-70.17,1
C,2022-10-20 16:30:34.030739,0.19,0.84,0.36,-70.80,50.48,73.91,20.02,-25.57,-70.17,1
C,2022-10-20 16:30:34.037836,0.25,0.89,0.36,-68.66,53.16,55.24,20.02,-25.57,-70.17,1
C,2022-10-20 16:30:34.053489,0.28,0.94,0.31,-83.80,41.69,34.36,18.52,-30.73,-68.80,1
C,2022-10-20 16:30:34.084723,0.27,1.12,0.20,-103.82,28.93,15.93,18.52,-30.73,-68.80,1
C,2022-10-20 16:30:34.101371,0.22,1.25,0.12,-94.18,22.28,-1.22,18.52,-30.73,-68.80,1
C,2022-10-20 16:30:34.116410,0.18,1.25,0.17,-63.78,17.88,-14.47,18.95,-35.56,-67.44,1
C,2022-10-20 16:30:34.132068,0.27,1.14,0.24,-32.17,9.03,-25.63,18.95,-35.56,-67.44,1
C,2022-10-20 16:30:34.147697,0.28,1.11,0.26,-12.02,-0.31,-26.43,19.79,-38.16,-66.02,1
C,2022-10-20 16:30:34.163320,0.29,1.10,0.25,2.56,0.12,-14.34,19.79,-38.16,-66.02,1
C,2022-10-20 16:30:34.194549,0.28,1.03,0.26,30.58,4.88,-2.01,19.79,-38.16,-66.02,1
C,2022-10-20 16:30:34.210596,0.25,0.91,0.37,33.33,0.12,-5.92,20.25,-39.38,-68.05,1
C,2022-10-20 16:30:34.226237,0.23,0.94,0.39,22.16,-5.55,-11.23,20.25,-39.38,-68.05,1
C,2022-10-20 16:30:34.241885,0.28,0.90,0.38,21.73,-1.10,-4.76,20.25,-39.38,-68.05,1
C,2022-10-20 16:30:34.257507,0.20,0.86,0.43,22.28,2.26,7.14,21.75,-38.98,-66.44,1
C,2022-10-20 16:30:34.273132,0.23,0.80,0.44,8.06,6.10,12.15,21.75,-38.98,-66.44,1
C,2022-10-20 16:30:34.304786,0.22,0.80,0.48,2.20,3.72,2.26,21.75,-38.98,-66.44,1
C,2022-10-20 16:30:34.320419,0.25,0.81,0.50,-4.39,3.05,1.16,21.50,-39.61,-67.33,1
C,2022-10-20 16:30:34.336064,0.25,0.82,0.50,-3.66,4.70,9.89,21.50,-39.61,-67.33,1
C,2022-10-20 16:30:34.351674,0.24,0.78,0.49,-5.62,3.36,14.34,22.42,-39.56,-66.26,1
C,2022-10-20 16:30:34.367299,0.24,0.81,0.43,-7.32,-1.40,5.98,22.42,-39.56,-66.26,1
C,2022-10-20 16:30:34.382945,0.25,0.81,0.45,-8.91,-1.10,4.46,22.42,-39.56,-66.26,1
C,2022-10-20 16:30:34.414604,0.25,0.76,0.45,-10.07,-4.82,-0.55,22.97,-39.76,-66.86,1
C,2022-10-20 16:30:34.430266,0.26,0.76,0.46,-17.94,-8.61,-7.63,22.97,-39.76,-66.86,1
C,2022-10-20 16:30:34.445888,0.27,0.77,0.50,-29.36,-10.86,-8.54,22.97,-39.76,-66.86,1
C,2022-10-20 16:30:34.461507,0.26,0.89,0.41,-35.64,-13.43,-2.87,23.38,-40.16,-65.16,1
C,2022-10-20 16:30:34.477122,0.29,0.89,0.39,-14.95,-6.35,5.00,23.38,-40.16,-65.16,1
C,2022-10-20 16:30:34.508791,0.26,0.82,0.42,-4.94,-7.75,9.77,23.43,-40.37,-65.67,1
C,2022-10-20 16:30:34.524442,0.16,0.83,0.41,-1.89,-13.12,3.97,23.43,-40.37,-65.67,1
C,2022-10-20 16:30:34.545606,0.15,1.06,0.33,8.85,-11.47,0.31,23.43,-40.37,-65.67,1
C,2022-10-20 16:30:34.555868,0.27,0.70,0.55,13.43,-2.93,3.23,23.96,-40.64,-64.53,1
C,2022-10-20 16:30:34.571509,0.26,0.79,0.51,-2.44,-9.83,0.06,23.96,-40.64,-64.53,1
C,2022-10-20 16:30:34.587132,0.25,0.85,0.49,-6.90,-14.40,-0.43,23.96,-40.64,-64.53,1
C,2022-10-20 16:30:34.618282,0.25,0.85,0.42,0.73,-16.97,0.98,23.32,-39.99,-65.22,1
C,2022-10-20 16:30:34.633908,0.24,0.85,0.43,5.68,-16.05,2.56,23.32,-39.99,-65.22,1
C,2022-10-20 16:30:34.649558,0.24,0.76,0.44,6.29,-13.92,1.28,23.32,-39.99,-65.22,1
C,2022-10-20 16:30:34.665180,0.29,0.81,0.12,-5.19,-3.97,-3.72,23.07,-40.12,-66.28,1
C,2022-10-20 16:30:34.680809,0.26,0.76,0.63,-20.69,23.13,-1.46,23.07,-40.12,-66.28,1
C,2022-10-20 16:30:34.702971,0.26,0.83,0.50,-35.77,13.18,-1.34,23.17,-40.04,-64.84,1
C,2022-10-20 16:30:34.728146,0.24,0.82,0.40,-28.99,17.64,-0.24,23.17,-40.04,-64.84,1
C,2022-10-20 16:30:34.743761,0.24,0.76,0.47,-19.78,16.48,-0.73,23.17,-40.04,-64.84,1
C,2022-10-20 16:30:34.759388,0.24,0.91,0.33,-19.47,11.41,-0.18,23.18,-40.60,-64.79,1
C,2022-10-20 16:30:34.775032,0.25,0.87,0.33,-9.40,14.34,4.27,23.18,-40.60,-64.79,1
C,2022-10-20 16:30:34.790657,0.25,0.81,0.37,-11.35,14.95,6.04,23.18,-40.60,-64.79,1
C,2022-10-20 16:30:34.806724,0.23,0.84,0.36,-16.11,14.89,7.39,23.52,-40.93,-63.90,1
C,2022-10-20 16:30:34.837983,0.23,0.85,0.36,-13.55,18.98,18.01,23.52,-40.93,-63.90,1
C,2022-10-20 16:30:34.853610,0.24,0.77,0.36,-12.82,21.06,22.03,23.52,-40.93,-63.90,1
C,2022-10-20 16:30:34.869242,0.21,0.79,0.36,-17.58,22.83,23.44,22.88,-41.85,-62.92,1
C,2022-10-20 16:30:34.884864,0.21,0.81,0.38,-19.17,26.25,31.80,22.88,-41.85,-62.92,1
C,2022-10-20 16:30:34.903530,0.21,0.80,0.36,-18.74,26.98,41.44,22.12,-42.92,-61.87,1
C,2022-10-20 16:30:34.916564,0.20,0.85,0.31,-17.52,26.31,45.23,22.12,-42.92,-61.87,1
C,2022-10-20 16:30:34.947826,0.20,0.81,0.33,-5.86,25.70,46.63,22.12,-42.92,-61.87,1
C,2022-10-20 16:30:34.963474,0.18,0.83,0.31,-11.29,15.87,41.08,20.32,-44.84,-61.88,1
C,2022-10-20 16:30:34.979097,0.16,0.94,0.22,-22.58,5.62,32.47,20.32,-44.84,-61.88,1
C,2022-10-20 16:30:35.003730,0.16,0.95,0.22,-14.71,2.99,27.28,20.32,-44.84,-61.88,1
C,2022-10-20 16:30:35.010750,0.15,1.01,0.17,-9.95,-2.81,19.23,19.98,-46.61,-61.88,1
C,2022-10-20 16:30:35.042013,0.15,0.98,0.22,3.60,-5.37,17.09,19.98,-46.61,-61.88,1
C,2022-10-20 16:30:35.061721,0.14,0.95,0.27,11.96,-5.98,19.71,19.98,-46.61,-61.88,1
C,2022-10-20 16:30:35.073409,0.14,0.88,0.32,14.65,-10.80,22.09,18.51,-48.13,-62.45,1
C,2022-10-20 16:30:35.089067,0.13,0.87,0.32,10.01,-16.17,23.38,18.51,-48.13,-62.45,1
C,2022-10-20 16:30:35.105133,0.13,0.86,0.22,9.40,-17.46,20.02,18.03,-48.73,-63.35,1
C,2022-10-20 16:30:35.120782,0.11,0.95,0.22,7.93,-15.38,16.54,18.03,-48.73,-63.35,1
C,2022-10-20 16:30:35.152019,0.12,0.96,0.29,13.85,-12.82,14.71,18.03,-48.73,-63.35,1
C,2022-10-20 16:30:35.167644,0.11,0.93,0.35,19.10,-14.83,13.18,16.91,-49.29,-63.93,1
C,2022-10-20 16:30:35.183290,0.12,0.92,0.30,20.81,-17.82,8.91,16.91,-49.29,-63.93,1
C,2022-10-20 16:30:35.204426,0.13,0.92,0.35,19.47,-11.72,4.15,16.91,-49.29,-63.93,1
C,2022-10-20 16:30:35.214956,0.12,0.95,0.37,13.31,-11.90,3.30,16.30,-49.44,-64.99,1
C,2022-10-20 16:30:35.230617,0.14,0.93,0.42,12.02,-8.73,5.07,16.30,-49.44,-64.99,1
C,2022-10-20 16:30:35.261844,0.10,0.92,0.46,10.68,-8.61,5.13,16.30,-49.44,-64.99,1
C,2022-10-20 16:30:35.277477,0.12,0.93,0.43,9.58,-16.66,1.22,16.42,-48.75,-64.72,1
C,2022-10-20 16:30:35.293097,0.12,0.96,0.36,13.43,-20.26,-5.80,16.42,-48.75,-64.72,1
C,2022-10-20 16:30:35.309141,0.13,0.89,0.42,20.94,-12.21,-3.05,17.33,-48.41,-64.70,1
C,2022-10-20 16:30:35.324802,0.12,0.88,0.44,13.73,-10.99,-4.03,17.33,-48.41,-64.70,1
C,2022-10-20 16:30:35.340425,0.13,0.84,0.49,6.90,-10.19,-5.74,17.33,-48.41,-64.70,1
C,2022-10-20 16:30:35.371655,0.12,0.87,0.42,0.31,-12.39,-9.58,16.71,-48.06,-65.80,1
C,2022-10-20 16:30:35.387294,0.11,0.84,0.44,1.71,-9.46,-10.99,16.71,-48.06,-65.80,1
C,2022-10-20 16:30:35.404938,0.11,0.91,0.39,3.36,-8.97,-8.97,16.71,-48.06,-65.80,1
C,2022-10-20 16:30:35.418957,0.11,0.89,0.40,8.54,-4.64,-3.48,17.94,-47.39,-67.24,1
C,2022-10-20 16:30:35.434598,0.10,0.87,0.46,14.77,2.50,4.27,17.94,-47.39,-67.24,1
C,2022-10-20 16:30:35.450246,0.12,0.65,0.59,22.16,5.86,17.88,17.94,-47.39,-67.24,1
C,2022-10-20 16:30:35.481480,0.10,0.74,0.40,3.78,-2.99,8.24,17.70,-46.95,-66.20,1
C,2022-10-20 16:30:35.497100,0.09,0.80,0.35,-5.19,0.00,-1.59,17.70,-46.95,-66.20,1
C,2022-10-20 16:30:35.513168,0.10,0.86,0.35,-1.28,4.09,-2.93,17.20,-46.23,-65.56,1
C,2022-10-20 16:30:35.528823,0.10,0.87,0.38,2.81,7.63,-3.66,17.20,-46.23,-65.56,1
C,2022-10-20 16:30:35.544446,0.13,0.82,0.47,7.14,8.79,-4.64,17.20,-46.23,-65.56,1
C,2022-10-20 16:30:35.575892,0.11,0.97,0.41,-5.25,-7.63,-24.54,17.92,-46.04,-66.48,1
C,2022-10-20 16:30:35.591505,0.13,1.03,0.32,-3.23,-12.51,-25.76,17.92,-46.04,-66.48,1
C,2022-10-20 16:30:35.607559,0.12,1.03,0.36,5.74,-7.93,-19.59,17.92,-46.04,-66.48,1
C,2022-10-20 16:30:35.623453,0.12,0.94,0.44,14.77,-2.50,-5.25,18.80,-46.18,-67.43,1
C,2022-10-20 16:30:35.638830,0.13,0.81,0.53,22.64,3.30,9.34,18.80,-46.18,-67.43,1
C,2022-10-20 16:30:35.654465,0.14,0.65,0.64,19.47,6.35,23.50,18.80,-46.18,-67.43,1
C,2022-10-20 16:30:35.670084,0.12,0.69,0.48,0.55,-6.90,10.07,18.84,-44.84,-67.11,1
C,2022-10-20 16:30:35.705352,0.11,0.76,0.37,-3.91,-7.26,-0.12,18.84,-44.84,-67.11,1
C,2022-10-20 16:30:35.717369,0.11,0.86,0.32,-5.62,-2.56,-4.33,18.60,-45.47,-66.42,1
C,2022-10-20 16:30:35.733009,0.11,0.91,0.37,-1.71,3.85,-3.48,18.60,-45.47,-66.42,1
C,2022-10-20 16:30:35.748657,0.12,0.91,0.42,2.99,7.69,-0.79,18.60,-45.47,-66.42,1
C,2022-10-20 16:30:35.764279,0.12,0.89,0.46,1.16,6.65,3.60,18.71,-45.54,-66.43,1
C,2022-10-20 16:30:35.795510,0.12,0.88,0.45,-0.61,4.39,6.10,18.71,-45.54,-66.43,1
C,2022-10-20 16:30:35.811551,0.12,0.84,0.45,0.37,2.93,7.02,18.71,-45.54,-66.43,1
C,2022-10-20 16:30:35.827190,0.12,0.84,0.41,0.43,2.01,5.68,18.41,-45.32,-66.55,1
C,2022-10-20 16:30:35.842814,0.12,0.84,0.41,1.77,3.23,4.88,18.41,-45.32,-66.55,1
C,2022-10-20 16:30:35.858458,0.12,0.85,0.41,3.66,4.82,3.91,18.41,-45.32,-66.55,1
C,2022-10-20 16:30:35.874088,0.12,0.85,0.42,4.21,6.53,3.48,18.03,-45.07,-67.03,1
C,2022-10-20 16:30:35.905824,0.12,0.82,0.48,3.11,6.47,2.87,18.03,-45.07,-67.03,1
C,2022-10-20 16:30:35.921334,0.12,0.86,0.46,-2.26,3.17,1.59,18.54,-45.28,-66.89,1
C,2022-10-20 16:30:35.936988,0.12,0.88,0.44,-2.81,1.71,2.20,18.54,-45.28,-66.89,1
C,2022-10-20 16:30:35.952618,0.12,0.85,0.45,1.83,-0.12,2.99,18.54,-45.28,-66.89,1
