Y,2022-10-31 16:38:08.370062,0.41,0.08,1.03,12.15,3.48,-6.47,8.35,27.03,-51.40,1
Y,2022-10-31 16:38:08.389081,0.34,0.06,1.01,6.90,-1.83,-8.67,9.64,25.20,-50.63,1
Y,2022-10-31 16:38:08.407059,0.34,0.04,1.00,5.86,5.80,-12.21,9.64,25.20,-50.63,1
Y,2022-10-31 16:38:08.425831,0.36,0.02,0.98,2.69,17.03,-20.94,11.56,23.49,-51.33,1
Y,2022-10-31 16:38:08.444000,0.46,-0.07,0.96,9.64,25.88,-17.09,11.56,23.49,-51.33,1
Y,2022-10-31 16:38:08.461989,0.53,-0.02,0.96,-1.10,25.57,-23.99,11.56,23.49,-51.33,1
Y,2022-10-31 16:38:08.481049,0.52,-0.04,0.97,-3.42,20.08,-23.07,14.58,21.30,-52.70,1
Y,2022-10-31 16:38:08.498922,0.42,-0.01,0.95,0.67,10.38,-20.63,14.58,21.30,-52.70,1
Y,2022-10-31 16:38:08.517113,0.34,-0.10,0.88,18.49,1.40,-0.49,14.58,21.30,-52.70,1
Y,2022-10-31 16:38:08.536148,0.35,-0.29,0.79,19.59,-0.73,-4.39,17.27,20.20,-55.09,1
Y,2022-10-31 16:38:08.554227,0.31,-0.19,0.74,-0.12,-0.73,-18.98,17.27,20.20,-55.09,1
Y,2022-10-31 16:38:08.572163,0.38,-0.12,0.71,-2.38,-1.10,-16.17,17.27,20.20,-55.09,1
Y,2022-10-31 16:38:08.590996,0.44,-0.15,0.67,-4.82,-10.86,-6.77,18.87,18.42,-55.24,1
Y,2022-10-31 16:38:08.609289,0.46,-0.11,0.65,-12.51,-37.90,4.58,18.87,18.42,-55.24,1
Y,2022-10-31 16:38:08.628143,0.47,-0.15,0.61,-41.75,-60.30,-3.72,18.16,17.50,-57.82,1
Y,2022-10-31 16:38:08.646684,-0.55,0.71,1.56,-39.86,-41.26,-13.00,18.16,17.50,-57.82,1
Y,2022-10-31 16:38:08.664898,0.25,0.33,0.65,44.43,10.74,39.73,18.16,17.50,-57.82,1
Y,2022-10-31 16:38:08.683889,0.20,-0.40,0.63,35.22,20.08,42.66,18.13,17.92,-58.84,1
Y,2022-10-31 16:38:08.702356,0.01,-0.03,0.88,-7.75,-1.53,-9.22,18.13,17.92,-58.84,1
Y,2022-10-31 16:38:08.720211,0.26,0.04,0.77,4.03,-9.28,-16.48,18.13,17.92,-58.84,1
Y,2022-10-31 16:38:08.738905,0.29,0.02,0.82,8.12,-9.95,-10.44,16.37,18.26,-58.51,1
Y,2022-10-31 16:38:08.756990,0.38,0.02,0.87,20.63,-3.36,-2.62,16.37,18.26,-58.51,1
Y,2022-10-31 16:38:08.775003,0.35,-0.12,1.02,19.96,2.81,3.54,16.37,18.26,-58.51,1
Y,2022-10-31 16:38:08.794353,0.43,-0.16,1.15,9.16,-0.43,6.04,14.60,18.24,-57.02,1
Y,2022-10-31 16:38:08.812201,0.36,-0.31,1.25,-9.77,-10.01,3.91,14.60,18.24,-57.02,1
Y,2022-10-31 16:38:08.831083,0.34,-0.23,1.12,-21.30,-24.17,-7.32,13.64,17.54,-57.31,1
Y,2022-10-31 16:38:08.849182,0.18,0.01,1.04,-30.64,-14.28,-21.36,13.64,17.54,-57.31,1
Y,2022-10-31 16:38:08.867136,0.08,0.37,1.13,-6.84,28.44,-15.50,13.64,17.54,-57.31,1
Y,2022-10-31 16:38:08.885835,0.40,0.11,1.05,45.47,61.58,1.83,15.93,17.60,-56.63,1
Y,2022-10-31 16:38:08.904136,0.63,-0.12,0.86,48.28,52.25,-14.04,15.93,17.60,-56.63,1
Y,2022-10-31 16:38:08.921928,0.59,-0.22,0.85,18.68,34.06,-23.32,15.93,17.60,-56.63,1
Y,2022-10-31 16:38:08.940933,0.50,-0.05,0.81,-2.50,14.10,-38.94,19.82,17.09,-54.48,1
Y,2022-10-31 16:38:08.959105,0.44,-0.04,0.81,-5.25,2.08,-37.05,19.82,17.09,-54.48,1
Y,2022-10-31 16:38:08.976988,0.46,-0.11,0.77,-4.15,-32.96,-17.03,19.82,17.09,-54.48,1
Y,2022-10-31 16:38:08.995926,0.19,-0.09,0.63,157.65,-29.05,43.82,20.54,16.26,-56.43,1
Y,2022-10-31 16:38:09.014134,0.29,-1.15,0.46,96.31,-17.52,26.55,20.54,16.26,-56.43,1
Y,2022-10-31 16:38:09.032989,0.24,-0.68,0.54,-23.80,9.52,-13.85,19.85,18.49,-55.59,1
Y,2022-10-31 16:38:09.051196,0.41,-0.35,0.49,-74.77,-28.63,34.36,19.85,18.49,-55.59,1
Y,2022-10-31 16:38:09.069152,0.17,-0.17,0.67,-15.01,-35.46,53.16,19.85,18.49,-55.59,1
Y,2022-10-31 16:38:09.087916,0.22,-0.36,0.80,11.72,-27.71,43.88,16.80,18.37,-58.06,1
Y,2022-10-31 16:38:09.106225,0.15,-0.11,1.00,-13.37,-18.31,27.89,16.80,18.37,-58.06,1
Y,2022-10-31 16:38:09.124033,0.14,0.08,1.13,-48.89,3.66,-13.98,16.80,18.37,-58.06,1
Y,2022-10-31 16:38:09.143103,0.31,0.08,1.06,-56.15,-1.10,-22.03,14.18,19.85,-57.78,1
Y,2022-10-31 16:38:09.161047,0.26,0.27,1.02,-36.87,4.88,-11.90,14.18,19.85,-57.78,1
Y,2022-10-31 16:38:09.179075,0.19,0.08,0.95,6.77,-6.47,-7.14,14.18,19.85,-57.78,1
Y,2022-10-31 16:38:09.198121,0.18,-0.17,0.84,24.72,-13.18,-14.04,11.95,19.97,-56.47,1
