g,2022-10-31 15:29:22.312130,0.32,-0.22,0.82,77.33,80.26,-29.11,105.15,85.14,-45.10,1
g,2022-10-31 15:29:22.330285,0.36,-0.43,0.70,70.86,75.01,-41.81,105.15,85.14,-45.10,1
g,2022-10-31 15:29:22.349943,0.44,-0.59,0.54,56.15,75.93,-46.26,80.09,88.59,-34.55,1
g,2022-10-31 15:29:22.367870,0.45,-0.80,0.43,40.71,67.08,-43.03,80.09,88.59,-34.55,1
g,2022-10-31 15:29:22.385686,0.47,-0.88,0.41,32.29,51.57,-28.63,80.09,88.59,-34.55,1
g,2022-10-31 15:29:22.404183,0.47,-0.89,0.41,3.97,42.79,-24.90,62.48,83.98,-29.68,1
g,2022-10-31 15:29:22.422489,0.41,-1.06,0.47,-38.02,49.38,-30.09,62.48,83.98,-29.68,1
g,2022-10-31 15:29:22.441076,0.39,-1.04,0.51,-76.90,53.41,-11.66,62.48,83.98,-29.68,1
g,2022-10-31 15:29:22.459930,0.39,-0.92,0.39,-99.73,48.71,17.46,47.40,82.28,-24.88,1
g,2022-10-31 15:29:22.477888,0.38,-0.81,0.16,-109.68,17.21,27.10,47.40,82.28,-24.88,1
g,2022-10-31 15:29:22.495939,1.30,-1.74,1.11,-40.41,-7.69,-34.12,47.40,82.28,-24.88,1
g,2022-10-31 15:29:22.513941,0.09,-0.36,0.21,-79.28,21.85,77.03,39.60,84.89,-18.63,1
g,2022-10-31 15:29:22.532941,0.25,-0.61,0.26,-66.10,-3.78,37.54,39.60,84.89,-18.63,1
g,2022-10-31 15:29:22.552019,0.11,-0.53,0.42,-25.88,-49.56,50.84,46.39,92.85,-16.58,1
g,2022-10-31 15:29:22.569330,0.23,-0.10,0.58,-22.28,-75.44,37.17,46.39,92.85,-16.58,1
g,2022-10-31 15:29:22.587946,0.13,-0.04,0.92,-22.64,-64.58,8.97,46.39,92.85,-16.58,1
g,2022-10-31 15:29:22.606517,0.21,-0.02,1.05,-12.39,-60.00,-9.16,69.70,95.31,-20.47,1
g,2022-10-31 15:29:22.624093,0.25,0.03,1.10,17.64,-62.19,-18.43,69.70,95.31,-20.47,1
g,2022-10-31 15:29:22.642431,0.21,-0.04,1.20,79.90,-60.97,-36.99,69.70,95.31,-20.47,1
g,2022-10-31 15:29:22.661751,0.23,-0.33,1.32,78.19,-34.55,-54.08,81.35,94.15,-27.51,1
g,2022-10-31 15:29:22.679096,0.29,-0.52,1.34,52.25,8.30,-62.62,81.35,94.15,-27.51,1
g,2022-10-31 15:29:22.699079,0.39,-0.74,1.20,38.70,43.58,-49.62,74.30,90.87,-29.99,1
g,2022-10-31 15:29:22.716884,0.41,-0.85,1.00,19.17,71.17,-0.31,74.30,90.87,-29.99,1
g,2022-10-31 15:29:22.734387,0.36,-0.93,0.72,-7.63,84.17,18.31,74.30,90.87,-29.99,1
g,2022-10-31 15:29:22.752954,0.37,-0.89,0.57,-44.98,92.35,20.45,60.12,86.44,-27.01,1
g,2022-10-31 15:29:22.771152,0.37,-0.75,0.55,-67.75,64.58,14.71,60.12,86.44,-27.01,1
g,2022-10-31 15:29:22.789432,0.16,-0.55,0.33,-53.71,37.17,11.72,60.12,86.44,-27.01,1
g,2022-10-31 15:29:22.808287,0.41,-0.61,0.76,-45.23,9.03,2.01,50.21,87.26,-21.97,1
g,2022-10-31 15:29:22.826167,0.29,-0.28,0.71,-53.28,0.79,-6.65,50.21,87.26,-21.97,1
g,2022-10-31 15:29:22.844479,0.30,-0.29,0.72,-35.34,8.36,9.09,50.21,87.26,-21.97,1
g,2022-10-31 15:29:22.863323,0.30,-0.34,0.71,-8.12,25.94,26.92,48.86,89.88,-24.63,1
g,2022-10-31 15:29:22.881554,0.01,0.01,0.18,96.25,-57.43,-8.67,48.86,89.88,-24.63,1
g,2022-10-31 15:29:22.900539,0.15,-0.37,0.40,52.86,-34.24,-22.77,59.27,86.79,-29.35,1
g,2022-10-31 15:29:22.918874,0.23,-0.47,0.49,31.43,-40.59,-52.25,59.27,86.79,-29.35,1
g,2022-10-31 15:29:22.936199,0.36,-0.70,0.58,47.67,-50.29,-61.40,59.27,86.79,-29.35,1
g,2022-10-31 15:29:22.956094,0.42,-0.90,0.51,60.12,-66.53,-46.51,72.69,90.26,-41.52,1
g,2022-10-31 15:29:22.973720,0.34,-1.08,0.93,45.84,-81.67,0.49,72.69,90.26,-41.52,1
