d,2022-10-30 13:22:14.726273,0.30,-0.80,-0.63,-10.99,14.89,15.20,-103.11,-10.99,-97.69,1
d,2022-10-30 13:22:14.748676,0.30,-0.70,-0.67,-12.94,21.48,19.04,-103.11,-10.99,-97.69,1
d,2022-10-30 13:22:14.766372,0.21,-0.65,-0.73,-7.81,18.13,11.05,-103.11,-10.99,-97.69,1
d,2022-10-30 13:22:14.786370,0.20,-0.78,-0.69,15.63,9.77,-0.12,-105.55,-10.11,-96.42,1
d,2022-10-30 13:22:14.797453,0.21,-0.72,-0.70,3.17,-0.55,7.51,-105.55,-10.11,-96.42,1
d,2022-10-30 13:22:14.816968,0.25,-0.75,-0.68,-7.75,1.40,6.59,-107.51,-9.28,-96.85,1
d,2022-10-30 13:22:14.837513,0.29,-0.73,-0.72,-19.17,4.88,9.77,-107.51,-9.28,-96.85,1
d,2022-10-30 13:22:14.857540,0.23,-0.67,-0.71,-25.88,-2.56,13.61,-107.51,-9.28,-96.85,1
d,2022-10-30 13:22:14.878530,0.31,-0.64,-0.76,-25.45,-15.75,8.36,-107.59,-9.07,-96.68,1
d,2022-10-30 13:22:14.898041,0.24,-0.47,-0.75,-0.98,-32.04,-7.45,-107.59,-9.07,-96.68,1
d,2022-10-30 13:22:14.918042,0.27,-0.63,-0.69,0.18,-29.85,-24.17,-107.59,-9.07,-96.68,1
d,2022-10-30 13:22:14.928446,0.26,-0.57,-0.73,-16.66,-20.32,-19.35,-103.67,-11.72,-90.56,1
d,2022-10-30 13:22:14.948737,0.17,-0.79,-0.49,-27.77,-15.93,-14.53,-103.67,-11.72,-90.56,1
d,2022-10-30 13:22:14.969378,0.13,-0.81,-0.52,-27.77,-7.93,-19.96,-98.16,-14.78,-91.09,1
d,2022-10-30 13:22:14.990925,0.20,-0.81,-0.52,-27.22,-4.21,-51.03,-98.16,-14.78,-91.09,1
d,2022-10-30 13:22:15.010297,0.15,-0.80,-0.41,-30.70,-3.11,-46.39,-98.16,-14.78,-91.09,1
d,2022-10-30 13:22:15.030887,0.17,-0.73,-0.43,-24.78,0.67,-44.01,-91.25,-17.27,-91.47,1
d,2022-10-30 13:22:15.050431,0.18,-0.76,-0.41,-16.17,-1.77,-49.68,-91.25,-17.27,-91.47,1
d,2022-10-30 13:22:15.070536,0.14,-0.91,-0.39,-13.12,6.47,-43.76,-91.25,-17.27,-91.47,1
d,2022-10-30 13:22:15.090796,0.18,-0.97,-0.43,-17.58,12.63,-35.89,-84.19,-19.20,-92.60,1
d,2022-10-30 13:22:15.101560,0.10,-0.91,-0.42,-17.33,17.76,-25.21,-84.19,-19.20,-92.60,1
d,2022-10-30 13:22:15.123907,0.23,-1.03,-0.47,-6.90,26.25,-14.04,-82.93,-17.26,-95.04,1
d,2022-10-30 13:22:15.141933,0.26,-1.05,-0.49,3.66,19.53,-0.06,-82.93,-17.26,-95.04,1
d,2022-10-30 13:22:15.163328,0.27,-1.00,-0.63,16.48,9.46,9.16,-82.93,-17.26,-95.04,1
d,2022-10-30 13:22:15.184310,0.26,-0.92,-0.69,33.94,-6.10,7.45,-85.02,-14.37,-97.16,1
d,2022-10-30 13:22:15.200864,0.22,-0.85,-0.72,48.77,-9.34,0.18,-85.02,-14.37,-97.16,1
d,2022-10-30 13:22:15.217507,0.21,-0.97,-0.71,43.70,-2.69,-2.69,-85.02,-14.37,-97.16,1
d,2022-10-30 13:22:15.234622,0.22,-1.00,-0.70,20.94,14.59,18.92,-89.29,-14.66,-98.44,1
d,2022-10-30 13:22:15.258317,0.23,-0.92,-0.74,9.09,24.54,47.55,-89.29,-14.66,-98.44,1
d,2022-10-30 13:22:15.277149,0.17,-0.68,-0.72,-7.57,17.76,50.42,-96.75,-10.88,-99.77,1
d,2022-10-30 13:22:15.295898,0.32,-0.80,-0.79,14.34,6.53,11.60,-96.75,-10.88,-99.77,1
d,2022-10-30 13:22:15.305418,0.21,-0.73,-0.75,17.03,-7.57,8.73,-96.75,-10.88,-99.77,1
d,2022-10-30 13:22:15.325851,0.26,-0.78,-0.76,26.18,-14.22,4.58,-104.36,-9.29,-99.45,1
d,2022-10-30 13:22:15.346619,0.25,-0.74,-0.74,16.54,-20.20,15.56,-104.36,-9.29,-99.45,1
d,2022-10-30 13:22:15.366137,0.41,-0.76,-0.65,12.15,-19.47,13.31,-104.36,-9.29,-99.45,1
d,2022-10-30 13:22:15.389661,0.25,-0.76,-0.66,5.98,-13.31,8.00,-110.80,-8.02,-94.67,1
d,2022-10-30 13:22:15.409037,0.22,-0.80,-0.57,12.15,-9.95,8.61,-110.80,-8.02,-94.67,1
d,2022-10-30 13:22:15.423590,0.22,-0.67,-0.58,9.64,-8.85,11.05,-115.26,-5.47,-91.26,1
d,2022-10-30 13:22:15.444619,0.01,-0.51,-0.51,12.39,-4.33,2.44,-115.26,-5.47,-91.26,1
d,2022-10-30 13:22:15.458800,0.06,-0.54,-0.51,11.72,-1.34,-8.36,-115.26,-5.47,-91.26,1
d,2022-10-30 13:22:15.479113,0.23,-0.65,-0.54,-0.92,9.64,-16.54,-117.38,-4.46,-88.09,1
d,2022-10-30 13:22:15.499566,0.24,-0.65,-0.56,-5.86,-6.41,1.46,-117.38,-4.46,-88.09,1
d,2022-10-30 13:22:15.519574,0.22,-0.64,-0.57,-1.16,-19.23,16.91,-117.38,-4.46,-88.09,1
d,2022-10-30 13:22:15.529585,-0.12,-0.43,-0.45,-5.55,-10.86,-16.78,-115.69,-5.03,-89.16,1
d,2022-10-30 13:22:15.549574,0.09,-0.62,-0.55,-18.19,16.17,-32.90,-115.69,-5.03,-89.16,1
d,2022-10-30 13:22:15.570317,0.18,-0.67,-0.60,-26.43,18.74,-40.71,-112.05,-8.52,-93.54,1
d,2022-10-30 13:22:15.590299,0.17,-0.76,-0.56,-13.24,15.81,-49.19,-112.05,-8.52,-93.54,1
d,2022-10-30 13:22:15.610306,0.31,-1.06,-0.60,-3.72,15.93,-63.54,-112.05,-8.52,-93.54,1
d,2022-10-30 13:22:15.630307,0.20,-0.90,-0.62,-10.19,12.76,-44.68,-105.40,-12.41,-99.01,1
d,2022-10-30 13:22:15.650306,0.18,-0.88,-0.61,2.62,10.38,-44.56,-105.40,-12.41,-99.01,1
d,2022-10-30 13:22:15.661282,0.17,-0.94,-0.62,5.80,9.83,-35.34,-105.40,-12.41,-99.01,1
d,2022-10-30 13:22:15.680983,0.27,-0.95,-0.71,16.66,5.25,-23.62,-100.02,-12.59,-103.30,1
d,2022-10-30 13:22:15.701002,0.25,-0.89,-0.77,28.93,-5.98,-9.64,-100.02,-12.59,-103.30,1
d,2022-10-30 13:22:15.721003,0.18,-0.90,-0.74,36.62,-14.28,-4.70,-98.32,-12.30,-105.77,1
d,2022-10-30 13:22:15.742326,0.15,-0.84,-0.75,47.85,-16.72,-2.38,-98.32,-12.30,-105.77,1
d,2022-10-30 13:22:15.761478,0.14,-0.82,-0.77,49.74,-10.38,1.89,-98.32,-12.30,-105.77,1
d,2022-10-30 13:22:15.781656,0.12,-0.79,-0.76,32.84,1.22,21.12,-98.62,-12.15,-107.39,1
d,2022-10-30 13:22:15.792500,0.13,-0.58,-0.84,-6.96,13.85,31.31,-98.62,-12.15,-107.39,1
d,2022-10-30 13:22:15.812276,0.15,-0.71,-0.76,-18.86,11.96,2.20,-98.62,-12.15,-107.39,1
d,2022-10-30 13:22:15.833316,0.12,-0.76,-0.68,-45.65,19.47,8.54,-100.00,-10.41,-107.51,1
d,2022-10-30 13:22:15.856782,0.14,-0.85,-0.60,-58.41,12.94,6.96,-100.00,-10.41,-107.51,1
d,2022-10-30 13:22:15.875811,0.13,-0.91,-0.58,-58.35,-7.02,-5.31,-99.71,-8.65,-106.92,1
d,2022-10-30 13:22:15.895000,-0.30,-1.00,-0.41,10.01,-69.15,2.93,-99.71,-8.65,-106.92,1
d,2022-10-30 13:22:15.904020,0.02,-1.09,-0.35,63.78,-60.42,10.07,-99.71,-8.65,-106.92,1
d,2022-10-30 13:22:15.924100,0.17,-0.96,-0.47,66.04,-38.45,26.67,-97.17,-5.99,-105.77,1
d,2022-10-30 13:22:15.944032,0.35,-0.91,-0.52,63.90,-15.38,53.28,-97.17,-5.99,-105.77,1
