E,2022-10-18 15:19:23.512183,0.34,-0.50,1.36,-262.27,44.86,39.86,-6.57,15.03,-61.07,1
E,2022-10-18 15:19:23.532679,0.29,-0.22,1.08,-260.68,-6.04,32.53,-6.57,15.03,-61.07,1
E,2022-10-18 15:19:23.543765,0.23,-0.04,0.78,-232.91,-20.14,51.45,-6.57,15.03,-61.07,1
E,2022-10-18 15:19:23.575456,0.21,0.05,0.66,-161.87,2.62,54.75,-15.47,1.38,-59.57,1
E,2022-10-18 15:19:23.591080,0.14,0.04,0.60,-103.27,34.48,54.50,-15.47,1.38,-59.57,1
E,2022-10-18 15:19:23.606773,0.24,-0.05,0.89,-69.09,62.74,59.27,-22.60,-2.40,-61.57,1
E,2022-10-18 15:19:23.632920,0.30,-0.10,1.20,-73.61,50.29,43.82,-22.60,-2.40,-61.57,1
E,2022-10-18 15:19:23.654688,0.31,-0.01,1.28,-83.44,12.45,23.50,-22.60,-2.40,-61.57,1
E,2022-10-18 15:19:23.675401,0.18,0.16,1.14,-60.61,-28.56,9.34,-31.45,-5.74,-62.83,1
E,2022-10-18 15:19:23.691558,0.07,0.26,0.92,-50.42,-21.55,16.97,-31.45,-5.74,-62.83,1
E,2022-10-18 15:19:23.707259,0.04,0.23,0.94,-45.04,4.39,25.94,-37.74,-6.23,-63.00,1
E,2022-10-18 15:19:23.733043,0.06,0.21,1.11,-27.53,42.85,26.43,-37.74,-6.23,-63.00,1
E,2022-10-18 15:19:23.748933,0.31,0.16,1.16,-31.01,48.58,17.46,-37.74,-6.23,-63.00,1
E,2022-10-18 15:19:23.767961,0.33,0.16,1.14,-36.99,34.18,1.59,-38.73,-5.04,-64.54,1
E,2022-10-18 15:19:23.783668,0.38,0.29,0.95,-42.54,10.38,-20.63,-38.73,-5.04,-64.54,1
E,2022-10-18 15:19:23.799841,0.38,0.46,0.83,-33.51,11.05,-31.62,-38.73,-5.04,-64.54,1
E,2022-10-18 15:19:23.820544,0.36,0.44,0.83,-9.22,18.43,-33.08,-38.66,-8.70,-63.85,1
E,2022-10-18 15:19:23.847574,0.36,0.31,0.86,5.00,21.91,-24.60,-38.66,-8.70,-63.85,1
E,2022-10-18 15:19:23.863766,0.37,0.16,0.93,13.67,14.83,-21.12,-39.34,-10.63,-66.26,1
E,2022-10-18 15:19:23.880908,0.33,0.11,0.93,14.77,4.03,-19.35,-39.34,-10.63,-66.26,1
E,2022-10-18 15:19:23.896609,0.35,0.12,0.89,15.93,-1.04,-20.51,-39.34,-10.63,-66.26,1
E,2022-10-18 15:19:23.928062,0.29,0.10,0.87,11.54,3.05,-23.07,-40.16,-12.57,-68.92,1
E,2022-10-18 15:19:23.944268,0.16,0.03,0.92,3.60,8.85,-21.18,-40.16,-12.57,-68.92,1
E,2022-10-18 15:19:23.963326,0.24,-0.09,1.02,-1.53,23.19,-11.11,-41.09,-14.37,-69.54,1
E,2022-10-18 15:19:23.979007,0.33,-0.02,0.99,14.40,27.34,-4.03,-41.09,-14.37,-69.54,1
E,2022-10-18 15:19:23.995634,0.32,0.21,0.96,10.31,13.31,-5.19,-41.09,-14.37,-69.54,1
E,2022-10-18 15:19:24.011459,0.26,0.27,0.84,26.86,4.15,1.10,-40.73,-13.48,-71.67,1
E,2022-10-18 15:19:24.043719,0.27,-0.11,1.01,44.92,-14.59,15.08,-40.73,-13.48,-71.67,1
E,2022-10-18 15:19:24.059943,0.29,0.06,1.02,20.14,-34.79,7.32,-40.73,-13.48,-71.67,1
E,2022-10-18 15:19:24.075663,0.27,0.18,0.91,22.64,-50.23,9.95,-43.04,-10.49,-70.48,1
E,2022-10-18 15:19:24.091281,0.25,0.01,0.81,50.29,-68.73,22.09,-43.04,-10.49,-70.48,1
E,2022-10-18 15:19:24.106901,0.24,-0.02,0.78,46.57,-76.84,23.80,-47.16,-5.47,-67.02,1
E,2022-10-18 15:19:24.141631,0.24,-0.02,0.78,39.43,-78.25,22.95,-47.16,-5.47,-67.02,1
E,2022-10-18 15:19:24.160511,0.25,-0.00,0.84,10.62,-54.63,12.94,-47.16,-5.47,-67.02,1
E,2022-10-18 15:19:24.177466,0.26,0.09,0.94,-8.30,-25.88,1.65,-51.86,-2.69,-63.55,1
E,2022-10-18 15:19:24.193093,0.25,0.16,1.09,-17.70,-0.49,-6.41,-51.86,-2.69,-63.55,1
E,2022-10-18 15:19:24.208790,0.23,0.11,1.28,-6.41,5.98,-16.60,-51.26,-4.55,-60.86,1
E,2022-10-18 15:19:24.232956,0.21,0.07,1.19,10.86,-6.71,-26.92,-51.26,-4.55,-60.86,1
E,2022-10-18 15:19:24.258462,0.19,0.03,1.03,29.05,-11.96,-36.19,-51.26,-4.55,-60.86,1
E,2022-10-18 15:19:24.274224,0.18,0.01,0.97,39.73,-9.70,-51.27,-49.22,-5.41,-61.12,1
E,2022-10-18 15:19:24.289928,0.18,0.02,0.93,48.65,-10.19,-53.28,-49.22,-5.41,-61.12,1
E,2022-10-18 15:19:24.305542,0.17,0.00,0.89,54.50,-10.44,-34.48,-49.22,-5.41,-61.12,1
E,2022-10-18 15:19:24.336894,0.20,-0.08,0.91,52.80,-12.39,-35.34,-46.41,-6.47,-61.83,1
E,2022-10-18 15:19:24.352617,0.22,-0.10,0.97,35.22,-15.01,-17.64,-46.41,-6.47,-61.83,1
E,2022-10-18 15:19:24.368497,0.20,-0.18,1.00,9.64,-20.75,5.68,-45.70,-5.54,-62.37,1
E,2022-10-18 15:19:24.384105,0.18,-0.14,1.03,-6.29,-20.45,14.16,-45.70,-5.54,-62.37,1
E,2022-10-18 15:19:24.415286,0.06,-0.04,0.82,-18.74,3.72,39.00,-45.70,-5.54,-62.37,1
E,2022-10-18 15:19:24.433010,0.22,-0.05,0.77,-16.60,43.82,53.71,-46.48,-4.68,-61.30,1
E,2022-10-18 15:19:24.450814,0.27,-0.18,0.84,-25.57,78.43,65.12,-46.48,-4.68,-61.30,1
E,2022-10-18 15:19:24.466978,0.31,-0.20,1.00,-58.35,94.12,58.35,-44.80,-3.56,-64.77,1
E,2022-10-18 15:19:24.498308,0.37,-0.12,1.06,-72.27,80.57,38.88,-44.80,-3.56,-64.77,1
E,2022-10-18 15:19:24.514533,0.40,0.02,1.09,-77.33,47.61,16.72,-44.80,-3.56,-64.77,1
E,2022-10-18 15:19:24.533244,0.37,0.17,0.89,-42.18,-2.69,9.52,-42.87,-6.31,-65.76,1
E,2022-10-18 15:19:24.546318,0.17,0.19,0.82,-26.92,-19.41,11.72,-42.87,-6.31,-65.76,1
E,2022-10-18 15:19:24.577579,0.20,0.15,0.80,-11.78,-18.74,8.54,-45.36,-7.73,-67.19,1
E,2022-10-18 15:19:24.593732,0.20,0.12,0.90,-0.79,-5.98,-4.39,-45.36,-7.73,-67.19,1
E,2022-10-18 15:19:24.617746,0.06,0.24,0.87,7.08,3.66,-0.98,-45.36,-7.73,-67.19,1
E,2022-10-18 15:19:24.634450,0.26,-0.22,0.99,3.85,10.80,7.39,-46.64,-7.80,-66.83,1
E,2022-10-18 15:19:24.651079,0.23,0.14,0.95,-9.09,0.24,-2.14,-46.64,-7.80,-66.83,1
E,2022-10-18 15:19:24.666766,0.19,0.05,1.03,11.96,1.59,-9.58,-46.55,-8.19,-66.11,1
E,2022-10-18 15:19:24.682392,0.21,0.09,1.03,29.11,-9.83,-39.67,-46.55,-8.19,-66.11,1
E,2022-10-18 15:19:24.714209,0.20,0.16,0.94,38.15,-11.72,-50.48,-46.55,-8.19,-66.11,1
E,2022-10-18 15:19:24.734315,0.24,0.11,0.92,45.17,-8.12,-58.47,-43.30,-9.11,-67.93,1
E,2022-10-18 15:19:24.750916,0.28,0.11,0.90,43.95,-4.09,-44.98,-43.30,-9.11,-67.93,1
E,2022-10-18 15:19:24.766710,0.33,-0.04,0.90,42.24,-2.01,-18.68,-43.30,-9.11,-67.93,1
E,2022-10-18 15:19:24.782762,0.32,-0.32,0.97,31.62,-4.21,7.39,-40.69,-9.74,-68.69,1
E,2022-10-18 15:19:24.814008,0.31,-0.10,0.94,-12.21,-12.39,6.90,-40.69,-9.74,-68.69,1
E,2022-10-18 15:19:24.833468,0.09,0.14,0.84,-11.96,0.98,27.28,-40.95,-9.36,-67.66,1
E,2022-10-18 15:19:24.845741,0.24,-0.09,0.85,2.14,41.56,63.78,-40.95,-9.36,-67.66,1
E,2022-10-18 15:19:24.861452,0.28,-0.29,0.97,-23.56,55.54,57.19,-40.95,-9.36,-67.66,1
E,2022-10-18 15:19:24.892625,0.42,-0.14,0.99,-48.10,56.09,38.82,-39.58,-6.32,-69.43,1
E,2022-10-18 15:19:24.908252,0.44,0.08,0.94,-44.49,33.75,21.73,-39.58,-6.32,-69.43,1
E,2022-10-18 15:19:24.933451,0.44,0.12,0.93,-32.35,7.08,14.59,-38.23,-7.34,-69.97,1
E,2022-10-18 15:19:24.940024,0.35,0.12,0.87,-23.13,-18.80,-0.79,-38.23,-7.34,-69.97,1
E,2022-10-18 15:19:24.971893,0.29,0.16,0.72,-2.75,-34.00,-13.06,-38.23,-7.34,-69.97,1
E,2022-10-18 15:19:24.987517,0.32,0.19,0.78,-0.55,-28.44,-26.18,-40.82,-8.47,-69.70,1
E,2022-10-18 15:19:25.003418,-0.29,0.67,0.72,72.27,26.55,1.77,-40.82,-8.47,-69.70,1
E,2022-10-18 15:19:25.019703,0.27,-0.33,1.36,18.07,28.14,-9.95,-40.86,-8.36,-71.11,1
E,2022-10-18 15:19:25.050944,0.28,0.10,1.16,0.43,1.28,-41.93,-40.86,-8.36,-71.11,1
E,2022-10-18 15:19:25.067163,0.28,0.38,0.98,29.54,-11.41,-40.95,-40.86,-8.36,-71.11,1
E,2022-10-18 15:19:25.083198,0.28,-0.08,0.79,63.90,-10.07,-28.32,-38.67,-8.69,-70.76,1
E,2022-10-18 15:19:25.099204,0.26,-0.12,0.80,34.30,-3.42,-33.20,-38.67,-8.69,-70.76,1
E,2022-10-18 15:19:25.114775,0.30,0.04,0.89,17.21,5.31,-39.43,-37.06,-8.96,-71.37,1
E,2022-10-18 15:19:25.146513,0.36,-0.04,0.99,35.34,5.98,-7.57,-37.06,-8.96,-71.37,1
E,2022-10-18 15:19:25.162414,0.35,-0.29,0.93,40.47,-1.28,17.88,-37.06,-8.96,-71.37,1
E,2022-10-18 15:19:25.178037,0.31,-0.42,1.04,-13.85,-8.42,0.61,-36.55,-7.64,-72.80,1
E,2022-10-18 15:19:25.193660,0.29,0.22,0.99,-41.75,-15.26,4.94,-36.55,-7.64,-72.80,1
E,2022-10-18 15:19:25.225501,0.26,0.17,0.95,-22.34,-17.52,34.55,-37.35,-8.22,-70.70,1
E,2022-10-18 15:19:25.241517,0.05,0.05,0.94,5.68,-1.95,48.28,-37.35,-8.22,-70.70,1
E,2022-10-18 15:19:25.257218,0.16,-0.12,0.95,26.67,13.98,46.88,-37.35,-8.22,-70.70,1
E,2022-10-18 15:19:25.272837,0.18,-0.19,0.98,21.48,19.65,34.55,-36.04,-5.74,-71.15,1
E,2022-10-18 15:19:25.288394,0.19,-0.09,0.95,5.07,17.82,15.75,-36.04,-5.74,-71.15,1
