T,2022-10-26 11:01:22.508746,0.32,-0.35,0.94,-20.02,-11.47,-15.75,38.20,46.12,-109.46,1
T,2022-10-26 11:01:22.530290,0.33,-0.37,0.91,-14.59,-7.69,-9.40,38.20,46.12,-109.46,1
T,2022-10-26 11:01:22.539927,0.30,-0.43,0.91,-16.17,-8.24,-4.94,37.78,46.37,-109.12,1
T,2022-10-26 11:01:22.560025,0.29,-0.34,0.95,-20.57,-9.64,1.53,37.78,46.37,-109.12,1
T,2022-10-26 11:01:22.580507,0.27,-0.29,0.98,-24.54,-7.69,-2.14,37.78,46.37,-109.12,1
T,2022-10-26 11:01:22.600651,0.25,-0.29,1.00,-24.35,-5.43,-4.52,36.85,46.19,-109.85,1
T,2022-10-26 11:01:22.620641,0.21,-0.26,1.07,-24.29,3.05,-1.53,36.85,46.19,-109.85,1
T,2022-10-26 11:01:22.642764,0.23,-0.22,1.04,-21.79,12.21,5.74,36.85,46.19,-109.85,1
T,2022-10-26 11:01:22.662774,0.29,-0.16,0.98,-10.07,15.69,11.11,37.18,45.24,-109.63,1
T,2022-10-26 11:01:22.682772,0.34,-0.13,0.95,-5.49,11.78,6.47,37.18,45.24,-109.63,1
T,2022-10-26 11:01:22.704791,0.35,-0.08,0.94,-8.91,9.52,1.34,37.34,44.97,-110.47,1
T,2022-10-26 11:01:22.715883,0.35,-0.07,0.92,-5.00,6.96,-2.69,37.34,44.97,-110.47,1
T,2022-10-26 11:01:22.736381,0.35,-0.03,0.88,-7.57,5.13,-5.49,37.34,44.97,-110.47,1
T,2022-10-26 11:01:22.756382,0.35,-0.02,0.82,-5.55,2.20,-9.95,36.41,45.07,-110.42,1
T,2022-10-26 11:01:22.776379,0.10,-0.08,0.71,21.24,-17.40,-8.61,36.41,45.07,-110.42,1
T,2022-10-26 11:01:22.796388,0.27,-0.09,0.79,64.03,-19.84,8.67,35.22,45.74,-109.89,1
T,2022-10-26 11:01:22.816379,0.28,-0.29,0.78,34.85,-7.93,13.37,35.22,45.74,-109.89,1
T,2022-10-26 11:01:22.836379,0.23,-0.20,0.84,-8.97,7.08,9.34,35.22,45.74,-109.89,1
T,2022-10-26 11:01:22.856381,-0.19,0.21,0.38,-18.74,3.60,-9.83,36.85,44.92,-110.00,1
T,2022-10-26 11:01:22.876598,0.18,-0.22,0.74,1.89,-11.66,-11.35,36.85,44.92,-110.00,1
T,2022-10-26 11:01:22.896593,0.19,-0.21,0.73,-2.32,-17.09,-11.11,36.85,44.92,-110.00,1
T,2022-10-26 11:01:22.915253,0.23,-0.12,0.80,1.53,-37.72,-1.89,37.19,44.70,-108.22,1
T,2022-10-26 11:01:22.935262,0.23,-0.12,0.87,12.88,-45.23,1.46,37.19,44.70,-108.22,1
T,2022-10-26 11:01:22.955262,0.25,-0.21,0.91,21.18,-42.18,-1.95,38.27,44.34,-108.90,1
T,2022-10-26 11:01:22.975264,0.27,-0.24,1.03,7.08,-31.98,-1.46,38.27,44.34,-108.90,1
T,2022-10-26 11:01:22.985271,0.31,-0.17,1.11,1.22,-19.10,-0.12,38.27,44.34,-108.90,1
T,2022-10-26 11:01:23.005263,0.31,-0.20,1.24,-7.51,-2.38,-4.39,40.21,43.80,-110.28,1
T,2022-10-26 11:01:23.025943,0.35,-0.20,1.24,-13.49,7.14,-5.25,40.21,43.80,-110.28,1
T,2022-10-26 11:01:23.049672,0.28,-0.19,1.14,-23.32,12.27,-6.41,40.53,44.18,-110.69,1
T,2022-10-26 11:01:23.071788,0.22,-0.13,1.09,-9.64,-9.52,-8.91,40.53,44.18,-110.69,1
T,2022-10-26 11:01:23.082539,0.05,-0.31,1.40,-2.32,-3.97,1.89,40.53,44.18,-110.69,1
T,2022-10-26 11:01:23.112647,0.06,-0.07,1.35,-21.24,46.20,2.75,39.94,43.92,-110.91,1
T,2022-10-26 11:01:23.122750,0.27,-0.25,1.02,-4.70,69.21,-5.49,39.94,43.92,-110.91,1
T,2022-10-26 11:01:23.142840,0.45,-0.21,0.83,-7.08,62.87,-4.58,39.34,43.90,-112.00,1
T,2022-10-26 11:01:23.162827,0.54,-0.18,0.76,-11.72,36.07,0.79,39.34,43.90,-112.00,1
T,2022-10-26 11:01:23.182909,0.54,-0.12,0.76,-3.85,20.02,11.05,39.34,43.90,-112.00,1
T,2022-10-26 11:01:23.203589,0.56,-0.08,0.71,2.81,9.46,13.73,38.90,43.71,-111.87,1
T,2022-10-26 11:01:23.223601,0.45,-0.16,0.70,-7.81,-5.74,6.90,38.90,43.71,-111.87,1
T,2022-10-26 11:01:23.243612,0.33,-0.12,0.79,-23.50,-8.54,1.40,39.16,43.54,-111.47,1
T,2022-10-26 11:01:23.263681,0.20,-0.16,0.87,-21.55,-4.39,1.10,39.16,43.54,-111.47,1
T,2022-10-26 11:01:23.283604,0.21,-0.11,0.88,-10.44,-1.22,9.09,39.16,43.54,-111.47,1
T,2022-10-26 11:01:23.308884,0.22,-0.15,0.85,-6.23,-1.10,10.68,38.68,44.07,-110.07,1
T,2022-10-26 11:01:23.329314,0.21,-0.18,0.85,-11.05,-5.07,11.29,38.68,44.07,-110.07,1
T,2022-10-26 11:01:23.352318,0.25,-0.06,0.85,-14.04,-8.18,9.03,39.36,43.85,-109.68,1
T,2022-10-26 11:01:23.362418,0.27,0.04,0.85,-19.59,-9.22,3.05,39.36,43.85,-109.68,1
T,2022-10-26 11:01:23.384647,-0.25,0.39,1.43,-26.49,-8.61,-10.80,39.36,43.85,-109.68,1
T,2022-10-26 11:01:23.405026,0.37,0.20,0.95,10.44,5.31,3.91,39.37,43.64,-109.33,1
T,2022-10-26 11:01:23.426334,0.31,0.19,0.92,0.43,2.56,4.27,39.37,43.64,-109.33,1
T,2022-10-26 11:01:23.446329,0.19,0.34,1.00,22.89,-1.22,9.95,40.22,44.47,-110.77,1
T,2022-10-26 11:01:23.467055,0.24,0.29,0.98,35.64,1.34,-22.58,40.22,44.47,-110.77,1
T,2022-10-26 11:01:23.487074,0.24,0.34,1.02,31.07,6.10,-41.32,40.22,44.47,-110.77,1
T,2022-10-26 11:01:23.507076,0.27,0.22,1.03,36.62,11.90,-55.91,38.00,44.36,-111.08,1
T,2022-10-26 11:01:23.517155,0.28,-0.14,0.93,60.30,11.35,-49.62,38.00,44.36,-111.08,1
T,2022-10-26 11:01:23.537073,0.32,-0.36,0.83,79.35,8.73,-32.41,35.14,45.46,-110.73,1
T,2022-10-26 11:01:23.567143,0.36,-0.52,0.80,77.88,5.07,-10.93,35.14,45.46,-110.73,1
T,2022-10-26 11:01:23.577104,0.36,-0.70,0.77,58.47,2.20,-1.71,35.14,45.46,-110.73,1
T,2022-10-26 11:01:23.597159,0.36,-0.75,0.76,26.92,-4.58,2.99,34.77,45.98,-111.76,1
T,2022-10-26 11:01:23.617147,0.30,-0.54,0.81,-16.17,-9.40,11.66,34.77,45.98,-111.76,1
T,2022-10-26 11:01:23.637378,0.31,-0.25,0.89,-64.51,-2.69,-10.86,34.77,45.98,-111.76,1
T,2022-10-26 11:01:23.665271,0.29,-0.15,0.92,-69.09,-2.93,-10.74,34.35,45.42,-109.80,1
T,2022-10-26 11:01:23.685277,0.29,-0.02,0.94,-57.37,-5.55,1.65,34.35,45.42,-109.80,1
T,2022-10-26 11:01:23.705277,0.09,-0.15,0.91,-35.22,-6.41,22.52,33.69,44.20,-112.23,1
T,2022-10-26 11:01:23.715276,-0.26,0.13,1.25,32.65,18.37,57.01,33.69,44.20,-112.23,1
T,2022-10-26 11:01:23.735273,0.06,0.20,0.91,77.45,50.29,41.20,33.69,44.20,-112.23,1
T,2022-10-26 11:01:23.755272,0.21,-0.13,0.75,65.31,51.76,0.98,36.10,45.68,-110.72,1
T,2022-10-26 11:01:23.775270,0.35,-0.07,0.74,33.81,27.28,-14.16,36.10,45.68,-110.72,1
