X,2022-10-29 11:50:23.351082,0.27,-0.78,0.59,-10.56,-4.76,2.08,-7.30,41.83,-131.91,1
X,2022-10-29 11:50:23.369082,0.20,-0.74,0.69,-13.31,-7.02,5.19,-7.30,41.83,-131.91,1
X,2022-10-29 11:50:23.387790,0.18,-0.67,0.73,-21.85,1.65,-0.24,-5.55,41.71,-132.69,1
X,2022-10-29 11:50:23.406766,0.22,-0.64,0.69,-23.56,6.90,-7.02,-5.55,41.71,-132.69,1
X,2022-10-29 11:50:23.424805,0.24,-0.69,0.65,-20.81,5.55,-6.84,-3.75,41.37,-133.53,1
X,2022-10-29 11:50:23.442852,0.25,-0.69,0.62,-15.08,0.43,-0.31,-3.75,41.37,-133.53,1
X,2022-10-29 11:50:23.460949,0.26,-0.67,0.61,-9.83,-10.56,5.74,-3.75,41.37,-133.53,1
X,2022-10-29 11:50:23.480297,0.20,-0.57,0.69,-14.89,-13.98,0.00,-2.12,41.71,-134.59,1
X,2022-10-29 11:50:23.498309,0.13,-0.58,0.73,-21.79,-12.45,-9.16,-2.12,41.71,-134.59,1
X,2022-10-29 11:50:23.516908,0.14,-0.52,0.72,-23.56,-8.67,-15.75,-2.12,41.71,-134.59,1
X,2022-10-29 11:50:23.535550,0.18,-0.53,0.67,-21.55,-6.59,-21.91,-1.01,41.70,-136.61,1
X,2022-10-29 11:50:23.552553,0.09,-0.54,0.69,58.84,-27.10,-4.76,-1.01,41.70,-136.61,1
X,2022-10-29 11:50:23.572307,0.18,-0.64,0.64,62.87,-25.57,7.69,-2.27,43.07,-135.80,1
X,2022-10-29 11:50:23.589307,0.12,-0.62,0.66,55.48,-18.19,14.59,-2.27,43.07,-135.80,1
X,2022-10-29 11:50:23.608320,0.16,-0.68,0.65,56.03,-11.29,19.78,-2.27,43.07,-135.80,1
X,2022-10-29 11:50:23.627322,0.14,-0.72,0.67,36.25,-6.65,17.82,-1.56,44.34,-133.34,1
X,2022-10-29 11:50:23.645114,0.12,-0.45,0.70,26.67,-13.79,-18.25,-1.56,44.34,-133.34,1
X,2022-10-29 11:50:23.663131,0.13,-0.52,0.72,15.14,-10.80,-39.61,-1.56,44.34,-133.34,1
X,2022-10-29 11:50:23.683312,0.13,-0.42,0.73,8.67,-5.49,-48.34,-4.14,44.45,-134.33,1
X,2022-10-29 11:50:23.700308,0.11,-0.46,0.74,16.17,-3.60,-55.54,-4.14,44.45,-134.33,1
X,2022-10-29 11:50:23.717885,0.12,-0.76,0.69,34.67,-3.11,-43.09,-4.14,44.45,-134.33,1
X,2022-10-29 11:50:23.736886,0.10,-0.82,0.65,45.96,-7.69,-15.93,-7.26,43.01,-135.25,1
X,2022-10-29 11:50:23.755151,0.08,-0.86,0.62,47.00,-11.23,-0.37,-7.26,43.01,-135.25,1
X,2022-10-29 11:50:23.773777,0.07,-0.77,0.60,41.50,-13.67,0.55,-8.79,43.30,-134.01,1
X,2022-10-29 11:50:23.792779,0.08,-0.76,0.62,20.45,-6.41,-26.67,-8.79,43.30,-134.01,1
X,2022-10-29 11:50:23.809754,0.07,-0.99,0.53,9.95,1.22,-38.45,-8.79,43.30,-134.01,1
X,2022-10-29 11:50:23.829780,0.07,-1.05,0.50,4.39,3.36,-28.75,-9.90,42.14,-134.17,1
X,2022-10-29 11:50:23.847308,0.05,-1.09,0.50,6.16,0.98,-9.46,-9.90,42.14,-134.17,1
X,2022-10-29 11:50:23.864679,0.08,-1.10,0.54,4.46,-3.72,16.66,-9.90,42.14,-134.17,1
X,2022-10-29 11:50:23.884129,0.07,-0.82,0.61,-4.03,-4.03,23.13,-10.25,42.00,-134.20,1
X,2022-10-29 11:50:23.901955,0.07,-0.84,0.61,-3.36,-4.58,10.74,-10.25,42.00,-134.20,1
X,2022-10-29 11:50:23.921165,0.07,-0.77,0.63,-9.09,-5.07,-6.10,-9.78,40.99,-135.29,1
X,2022-10-29 11:50:23.938968,0.07,-0.84,0.63,-12.15,-5.68,-27.22,-9.78,40.99,-135.29,1
X,2022-10-29 11:50:23.957181,0.04,-0.83,0.64,-16.85,-7.57,-22.22,-9.78,40.99,-135.29,1
X,2022-10-29 11:50:23.976184,-0.05,-0.88,0.88,-18.55,-6.29,-24.54,-11.00,41.00,-135.71,1
X,2022-10-29 11:50:23.994180,-0.27,-1.10,0.79,-45.04,48.52,-4.09,-11.00,41.00,-135.71,1
X,2022-10-29 11:50:24.013180,0.02,-1.00,0.71,-27.83,63.42,48.40,-11.00,41.00,-135.71,1
X,2022-10-29 11:50:24.032183,0.21,-0.72,0.56,-35.83,53.77,49.07,-5.90,38.95,-133.46,1
X,2022-10-29 11:50:24.050184,0.28,-0.56,0.57,-44.43,42.97,33.14,-5.90,38.95,-133.46,1
X,2022-10-29 11:50:24.068181,0.23,-0.57,0.62,-42.60,32.71,9.09,-5.90,38.95,-133.46,1
X,2022-10-29 11:50:24.087183,0.15,-0.75,0.68,-36.50,25.45,-4.46,-1.93,37.71,-132.29,1
X,2022-10-29 11:50:24.106182,0.18,-0.79,0.63,-37.54,27.95,7.39,-1.93,37.71,-132.29,1
X,2022-10-29 11:50:24.124185,0.27,-0.69,0.57,-40.41,23.93,13.85,0.90,36.68,-132.09,1
X,2022-10-29 11:50:24.142181,0.30,-0.46,0.54,-43.15,13.12,12.76,0.90,36.68,-132.09,1
X,2022-10-29 11:50:24.160613,0.27,-0.32,0.62,-41.81,0.98,-8.97,0.90,36.68,-132.09,1
X,2022-10-29 11:50:24.179617,0.22,-0.49,0.67,-19.10,-8.00,-34.91,1.68,35.07,-133.30,1
X,2022-10-29 11:50:24.196925,0.15,-0.66,0.66,-22.03,-10.56,-27.28,1.68,35.07,-133.30,1
X,2022-10-29 11:50:24.214967,0.17,-0.64,0.59,-17.15,-12.76,-17.52,1.68,35.07,-133.30,1
X,2022-10-29 11:50:24.233944,0.19,-0.62,0.57,-17.70,-20.81,-14.47,1.03,34.58,-134.42,1
X,2022-10-29 11:50:24.252721,0.20,-0.57,0.62,-22.64,-29.17,-18.55,1.03,34.58,-134.42,1
X,2022-10-29 11:50:24.271401,-1.33,-0.44,0.79,-4.33,-6.16,-18.37,0.77,35.31,-135.57,1
X,2022-10-29 11:50:24.288995,0.14,-0.60,0.74,10.19,3.54,-0.73,0.77,35.31,-135.57,1
X,2022-10-29 11:50:24.307309,0.09,-0.58,0.75,-3.42,1.34,5.07,0.77,35.31,-135.57,1
X,2022-10-29 11:50:24.326310,0.10,-0.60,0.72,-0.31,5.31,10.13,1.51,34.75,-136.41,1
X,2022-10-29 11:50:24.344379,-0.02,-0.38,0.65,4.76,-5.25,6.16,1.51,34.75,-136.41,1
X,2022-10-29 11:50:24.362439,0.07,-0.62,0.61,21.48,-17.46,0.43,1.51,34.75,-136.41,1
X,2022-10-29 11:50:24.381251,0.10,-0.71,0.62,22.89,-19.35,-2.87,-0.52,35.27,-136.68,1
X,2022-10-29 11:50:24.399524,0.08,-0.75,0.65,17.82,-18.74,0.12,-0.52,35.27,-136.68,1
X,2022-10-29 11:50:24.416667,0.07,-0.75,0.59,14.34,-21.42,6.84,-0.52,35.27,-136.68,1
X,2022-10-29 11:50:24.435840,0.08,-0.65,0.63,9.64,-21.61,6.29,-3.22,36.43,-138.06,1
X,2022-10-29 11:50:24.454516,0.09,-0.64,0.72,9.34,-24.66,5.68,-3.22,36.43,-138.06,1
X,2022-10-29 11:50:24.472675,0.13,-0.65,0.73,10.25,-21.36,7.08,-6.98,37.34,-138.78,1
X,2022-10-29 11:50:24.490683,0.08,-0.67,0.74,4.76,-14.47,11.78,-6.98,37.34,-138.78,1
X,2022-10-29 11:50:24.509246,0.10,-0.70,0.78,14.28,-26.79,14.95,-6.98,37.34,-138.78,1
X,2022-10-29 11:50:24.527719,0.12,-0.67,0.80,3.17,-17.82,13.98,-10.28,38.81,-139.32,1
X,2022-10-29 11:50:24.545733,0.14,-0.66,0.85,-1.71,-15.20,10.31,-10.28,38.81,-139.32,1
X,2022-10-29 11:50:24.564778,0.12,-0.64,0.78,-9.09,-9.52,6.71,-10.28,38.81,-139.32,1
X,2022-10-29 11:50:24.582906,0.11,-0.63,0.78,-8.06,-10.93,8.54,-13.50,39.22,-139.44,1
X,2022-10-29 11:50:24.601191,0.12,-0.58,0.83,-4.46,-12.21,11.11,-13.50,39.22,-139.44,1
X,2022-10-29 11:50:24.620202,0.13,-0.59,0.87,-0.12,-9.09,10.99,-15.39,39.33,-140.37,1
X,2022-10-29 11:50:24.638314,0.11,-0.62,0.77,1.53,-7.08,8.61,-15.39,39.33,-140.37,1
X,2022-10-29 11:50:24.655684,0.11,-0.63,0.76,2.14,-7.63,5.25,-15.39,39.33,-140.37,1
X,2022-10-29 11:50:24.675687,0.11,-0.65,0.77,-1.22,-5.19,3.11,-17.00,39.61,-140.27,1
X,2022-10-29 11:50:24.693256,0.11,-0.65,0.81,-2.50,-5.19,1.71,-17.00,39.61,-140.27,1
X,2022-10-29 11:50:24.711103,0.10,-0.65,0.81,-5.43,-5.00,-0.31,-17.00,39.61,-140.27,1
X,2022-10-29 11:50:24.730153,0.09,-0.65,0.77,-7.63,-3.85,-3.05,-17.55,38.89,-139.77,1
X,2022-10-29 11:50:24.749333,0.06,-0.71,0.73,-22.89,3.17,-9.40,-17.55,38.89,-139.77,1
X,2022-10-29 11:50:24.768509,0.00,-0.71,0.73,-41.56,13.37,-17.64,-18.35,38.05,-140.39,1
X,2022-10-29 11:50:24.787923,-0.22,-0.79,0.89,-51.57,30.94,-19.84,-18.35,38.05,-140.39,1
X,2022-10-29 11:50:24.804922,-0.21,-0.78,0.76,-19.84,64.27,12.94,-18.35,38.05,-140.39,1
X,2022-10-29 11:50:24.824349,-0.09,-0.78,0.64,14.28,59.02,34.85,-14.95,36.74,-138.38,1
X,2022-10-29 11:50:24.842773,-0.01,-0.89,0.55,35.16,53.28,46.75,-14.95,36.74,-138.38,1
X,2022-10-29 11:50:24.859778,0.17,-0.95,0.34,28.32,57.25,46.69,-14.95,36.74,-138.38,1
X,2022-10-29 11:50:24.878866,0.35,-1.06,0.16,7.39,49.13,40.22,-11.61,39.49,-134.73,1
X,2022-10-29 11:50:24.896851,0.31,-1.07,0.27,-28.50,15.20,45.53,-11.61,39.49,-134.73,1
X,2022-10-29 11:50:24.915305,0.29,-0.97,0.37,-43.82,-0.31,56.82,-11.61,39.49,-134.73,1
X,2022-10-29 11:50:24.934307,0.27,-0.80,0.44,-54.50,-11.78,67.57,-11.73,41.61,-132.06,1
X,2022-10-29 11:50:24.952378,0.24,-0.62,0.52,-57.74,-21.48,73.12,-11.73,41.61,-132.06,1
X,2022-10-29 11:50:24.970855,0.22,-0.54,0.62,-48.71,-28.14,73.91,-10.05,45.34,-128.56,1
X,2022-10-29 11:50:24.989002,0.28,-0.50,0.76,-41.32,-30.15,75.44,-10.05,45.34,-128.56,1
X,2022-10-29 11:50:25.007397,0.34,-0.41,0.77,-41.81,-33.20,75.32,-10.05,45.34,-128.56,1
X,2022-10-29 11:50:25.026545,0.33,-0.29,0.82,-51.21,-37.23,69.34,-5.13,46.25,-124.89,1
X,2022-10-29 11:50:25.044556,0.27,-0.14,0.88,-67.57,-35.58,49.13,-5.13,46.25,-124.89,1
X,2022-10-29 11:50:25.062546,0.28,0.05,1.05,-64.76,-27.65,34.00,-5.13,46.25,-124.89,1
X,2022-10-29 11:50:25.081552,0.26,-0.02,1.11,-50.35,-18.62,25.33,-1.84,43.66,-123.49,1
