x,2022-10-13 19:12:48.166734,-7.087198,8.758437,1.273780,0.245614,-0.538895,0.186449,41.994621,2.653217,1.193069,1
x,2022-10-13 19:12:48.260470,-8.609989,6.560447,0.938575,0.111255,-0.011847,-0.055902,41.994621,2.653217,1.193069,1
x,2022-10-13 19:12:48.354213,-7.082409,7.599584,1.786165,-0.032824,0.306139,0.470213,34.263393,-8.313412,8.692359,1
x,2022-10-13 19:12:48.432305,-6.431153,7.364940,0.981673,-0.008722,0.221716,0.182854,27.410715,-10.612867,8.521921,1
x,2022-10-13 19:12:48.525939,-5.530888,7.527754,0.158025,-0.221112,0.040351,0.216277,27.410715,-10.612867,8.521921,1
x,2022-10-13 19:12:48.635437,-6.455097,7.087198,0.339994,0.092080,0.331706,0.078456,21.085165,-13.442964,7.158413,1
x,2022-10-13 19:12:48.729157,-2.121371,7.240435,0.435767,-0.740303,-2.091541,0.173666,18.976648,-13.796727,8.521921,1
x,2022-10-13 19:12:48.822863,-14.825653,9.620393,3.567542,0.504477,0.738510,0.138911,35.844779,-22.287019,32.724174,1
x,2022-10-13 19:12:48.916620,-4.769493,7.384094,-1.072657,0.217916,0.840644,0.394046,35.844779,-22.287019,32.724174,1
x,2022-10-13 19:12:49.010380,-3.328110,6.661008,-0.411824,-0.167848,-0.096670,0.233455,21.612295,-8.313412,22.327430,1
x,2022-10-13 19:12:49.088487,-5.741588,4.103871,0.684777,0.105263,-0.489226,0.477670,12.299680,-16.273061,22.838747,1
x,2022-10-13 19:12:49.197753,-5.075966,11.933310,3.471769,-2.657409,0.034359,-0.318094,20.733745,-18.749397,4.772275,1
x,2022-10-13 19:12:49.291602,-5.573986,7.657047,-0.502808,0.630446,0.154470,-0.174281,20.733745,-18.749397,4.772275,1
