o,2022-10-12 14:48:01.766609,0.59,-0.01,0.75,7.93,1.16,23.38,-13.11,6.14,-27.12,1
o,2022-10-12 14:48:01.785570,0.57,0.09,0.74,7.26,0.98,24.66,-15.56,7.32,-28.49,1
o,2022-10-12 14:48:01.803862,0.57,0.24,0.67,-47.79,9.40,-8.91,-15.56,7.32,-28.49,1
o,2022-10-12 14:48:01.821598,0.63,0.26,0.71,-43.70,2.08,-23.32,-15.56,7.32,-28.49,1
o,2022-10-12 14:48:01.840808,0.64,0.07,0.70,-26.25,-4.09,-21.91,-17.16,4.80,-28.31,1
o,2022-10-12 14:48:01.858960,0.38,-0.04,0.95,-20.14,-5.31,-9.16,-17.16,4.80,-28.31,1
o,2022-10-12 14:48:01.876815,0.58,0.14,0.78,-14.65,7.45,4.64,-17.16,4.80,-28.31,1
o,2022-10-12 14:48:01.895889,0.60,-0.05,0.70,-15.08,3.60,13.98,-18.49,4.13,-30.33,1
o,2022-10-12 14:48:01.913625,0.56,0.03,0.68,-10.01,-0.31,30.88,-18.49,4.13,-30.33,1
o,2022-10-12 14:48:01.931841,0.47,0.14,0.70,-9.77,-3.66,32.90,-18.49,4.13,-30.33,1
o,2022-10-12 14:48:01.950815,0.48,0.27,0.68,38.21,-18.62,47.42,-19.31,8.02,-28.56,1
o,2022-10-12 14:48:01.968593,0.42,0.32,0.72,61.28,-36.68,50.29,-19.31,8.02,-28.56,1
o,2022-10-12 14:48:01.987544,0.47,0.34,0.78,155.58,-63.48,78.74,-19.04,16.08,-25.23,1
o,2022-10-12 14:48:02.005576,0.37,0.38,0.71,161.68,-72.27,64.39,-19.04,16.08,-25.23,1
o,2022-10-12 14:48:02.023519,0.53,0.17,0.89,182.19,-82.46,47.30,-19.04,16.08,-25.23,1
o,2022-10-12 14:48:02.042545,0.58,0.09,0.94,101.81,-63.23,7.39,-17.09,20.84,-18.57,1
o,2022-10-12 14:48:02.060587,0.50,0.06,0.94,67.20,-50.05,-5.43,-17.09,20.84,-18.57,1
o,2022-10-12 14:48:02.078787,0.53,0.07,0.91,59.08,-39.61,-15.20,-17.09,20.84,-18.57,1
o,2022-10-12 14:48:02.097681,0.47,-0.01,0.93,62.38,-26.12,-19.29,-15.11,17.60,-14.71,1
o,2022-10-12 14:48:02.115870,0.45,-0.01,0.95,68.36,-11.60,-35.34,-15.11,17.60,-14.71,1
o,2022-10-12 14:48:02.133601,0.56,-0.20,0.92,46.14,2.20,-44.98,-15.11,17.60,-14.71,1
o,2022-10-12 14:48:02.152570,0.55,-0.20,0.94,17.15,18.13,-43.21,-12.30,13.07,-13.94,1
o,2022-10-12 14:48:02.170857,0.53,-0.17,0.91,-6.47,38.64,-48.89,-12.30,13.07,-13.94,1
o,2022-10-12 14:48:02.189636,0.50,-0.16,0.86,-1.95,42.05,-50.90,-8.65,6.93,-16.38,1
o,2022-10-12 14:48:02.207876,0.51,-0.26,0.81,-9.95,48.77,-53.83,-8.65,6.93,-16.38,1
o,2022-10-12 14:48:02.225853,0.60,-0.43,0.80,-1.59,37.29,-35.95,-8.65,6.93,-16.38,1
o,2022-10-12 14:48:02.244853,0.51,-0.39,0.73,-31.13,44.19,-26.12,-6.51,3.53,-18.54,1
o,2022-10-12 14:48:02.262857,0.57,-0.31,0.79,-46.75,41.63,-25.15,-6.51,3.53,-18.54,1
o,2022-10-12 14:48:02.280837,0.49,-0.25,0.75,-100.10,50.90,-17.64,-6.51,3.53,-18.54,1
o,2022-10-12 14:48:02.299699,0.47,-0.06,0.75,-107.42,51.76,-9.95,-7.98,0.82,-19.74,1
o,2022-10-12 14:48:02.318031,0.54,-0.11,0.75,-88.99,44.92,-5.31,-7.98,0.82,-19.74,1
o,2022-10-12 14:48:02.336786,0.58,-0.10,0.79,-91.13,42.48,-0.24,-9.84,-1.98,-21.89,1
o,2022-10-12 14:48:02.354845,0.53,-0.14,0.75,-90.15,34.79,14.53,-9.84,-1.98,-21.89,1
o,2022-10-12 14:48:02.372853,0.59,-0.22,0.73,-96.68,31.56,32.17,-9.84,-1.98,-21.89,1
o,2022-10-12 14:48:02.391494,0.28,0.07,0.65,-64.82,23.13,67.50,-14.20,-0.50,-26.18,1
o,2022-10-12 14:48:02.409775,0.35,0.26,0.63,-60.06,8.73,58.72,-14.20,-0.50,-26.18,1
o,2022-10-12 14:48:02.427615,0.28,0.35,0.83,16.17,-8.54,69.82,-14.20,-0.50,-26.18,1
o,2022-10-12 14:48:02.446390,0.38,0.58,0.90,35.71,5.55,49.56,-17.54,7.59,-27.51,1
o,2022-10-12 14:48:02.464628,0.51,0.58,0.83,36.93,7.75,23.86,-17.54,7.59,-27.51,1
o,2022-10-12 14:48:02.482546,0.57,0.46,0.77,38.88,9.40,1.95,-17.54,7.59,-27.51,1
o,2022-10-12 14:48:02.501526,0.59,0.26,0.78,24.23,7.02,-22.28,-12.67,9.02,-25.34,1
o,2022-10-12 14:48:02.519569,0.59,0.18,0.69,2.99,4.88,-50.17,-12.67,9.02,-25.34,1
o,2022-10-12 14:48:02.538657,0.60,0.36,0.72,-11.54,1.65,-69.21,-4.60,2.04,-21.89,1
o,2022-10-12 14:48:02.556771,0.63,0.40,0.74,18.43,-4.21,-71.96,-4.60,2.04,-21.89,1
