b,2022-09-29 15:58:54.341352,-0.617735,11.023467,-0.225066,0.197034,0.065995,-0.232761,77.663688,38.913841,-54.881168,1
b,2022-09-29 15:58:54.469320,-0.909843,8.930828,-0.952941,-0.416834,-0.264907,0.016248,77.663688,48.465423,-53.517662,1
b,2022-09-29 15:58:54.613221,-1.460537,9.811939,-0.842802,-0.406048,-0.069029,0.112789,79.069366,51.295520,-42.268726,1
b,2022-09-29 15:58:54.741149,-1.307301,10.812767,-0.804493,-0.141592,0.041095,-0.020238,73.973785,48.288539,-22.668308,1
b,2022-09-29 15:58:54.869147,-0.167603,9.783207,-0.747029,0.551240,0.395567,0.214524,71.162429,47.227256,-13.123758,1
b,2022-09-29 15:58:54.997078,-0.579426,9.160683,-0.761395,0.249633,-0.073024,0.229171,73.622367,46.873493,-21.304801,1
b,2022-09-29 15:58:55.125010,-0.311262,9.050544,-0.790127,-0.060497,-0.065966,0.090951,79.245079,48.996067,-33.576366,1
b,2022-09-29 15:58:55.252970,-1.383919,9.328286,-0.794915,-0.082868,-0.088603,-0.098136,85.570625,50.411113,-44.484424,1
b,2022-09-29 15:58:55.380981,-1.412651,9.802362,-0.675199,-0.166626,-0.041465,-0.060053,84.340660,50.587997,-43.632232,1
b,2022-09-29 15:58:55.508848,-1.043925,9.697011,-0.622524,-0.126545,-0.007109,-0.070306,81.002174,52.887451,-21.304801,1
b,2022-09-29 15:58:55.652786,-1.374342,10.032217,-0.435767,-0.178743,0.188902,-0.095207,81.002174,52.887451,-21.304801,1
b,2022-09-29 15:58:55.780660,-1.034348,11.272477,0.114928,-0.231608,-0.287278,0.447421,73.270950,46.519729,-13.123758,1
