S,2022-11-08 14:54:04.449860,0.35,-0.20,1.00,12.27,-6.04,6.96,-11.55,30.87,-66.09,1
S,2022-11-08 14:54:04.457994,0.25,-0.14,0.93,0.98,-13.37,-4.27,-11.55,30.87,-66.09,1
S,2022-11-08 14:54:04.490555,0.31,-0.09,0.87,9.83,-12.45,-12.82,-11.55,30.87,-66.09,1
S,2022-11-08 14:54:04.508895,0.47,-0.22,0.92,10.74,-13.73,-12.57,-13.29,31.45,-65.20,1
S,2022-11-08 14:54:04.521404,0.26,-0.30,0.92,3.54,-15.50,-23.01,-13.29,31.45,-65.20,1
S,2022-11-08 14:54:04.550104,0.08,0.09,0.83,-20.20,-13.98,-28.56,-13.92,29.86,-64.86,1
S,2022-11-08 14:54:04.569480,0.35,-0.00,0.82,-2.20,-3.48,-6.96,-13.92,29.86,-64.86,1
S,2022-11-08 14:54:04.585202,0.25,-0.16,0.88,4.58,-0.31,-0.85,-13.92,29.86,-64.86,1
S,2022-11-08 14:54:04.601329,0.29,-0.14,0.92,9.40,0.55,-4.70,-14.20,29.52,-64.53,1
S,2022-11-08 14:54:04.617069,0.31,-0.23,0.93,3.91,0.43,-7.45,-14.20,29.52,-64.53,1
S,2022-11-08 14:54:04.632983,0.31,-0.17,0.92,-15.01,-0.79,-12.15,-14.73,29.17,-64.86,1
S,2022-11-08 14:54:04.664426,0.30,-0.08,0.95,-17.46,-1.28,-14.28,-14.73,29.17,-64.86,1
S,2022-11-08 14:54:04.680423,0.31,-0.08,0.92,-17.03,-3.42,-12.33,-14.73,29.17,-64.86,1
S,2022-11-08 14:54:04.696014,0.31,0.57,0.71,7.51,14.53,46.51,-15.41,28.19,-65.21,1
S,2022-11-08 14:54:04.727160,0.32,-0.38,0.90,36.07,26.92,111.57,-15.41,28.19,-65.21,1
S,2022-11-08 14:54:04.746700,0.30,-0.49,0.94,-3.42,21.18,69.89,-12.63,30.44,-65.81,1
S,2022-11-08 14:54:04.759706,0.28,-0.25,0.91,-28.81,5.86,40.65,-12.63,30.44,-65.81,1
S,2022-11-08 14:54:04.775665,0.30,-0.02,0.89,-32.35,2.81,18.80,-12.63,30.44,-65.81,1
S,2022-11-08 14:54:04.809088,0.34,0.14,0.90,-35.10,-3.72,37.05,-12.41,29.05,-65.36,1
S,2022-11-08 14:54:04.822104,0.32,-0.15,0.93,-22.77,-4.76,47.12,-12.41,29.05,-65.36,1
S,2022-11-08 14:54:04.837833,0.30,0.08,0.95,-34.48,-3.48,21.06,-12.77,27.91,-65.99,1
S,2022-11-08 14:54:04.868993,0.31,0.12,0.96,-32.35,-6.16,22.28,-12.77,27.91,-65.99,1
S,2022-11-08 14:54:04.885747,0.28,0.15,0.95,-25.88,-11.90,28.69,-12.77,27.91,-65.99,1
S,2022-11-08 14:54:04.900382,0.29,0.05,0.96,-16.60,-15.81,29.72,-13.29,26.92,-67.09,1
S,2022-11-08 14:54:04.916119,0.26,-0.01,0.92,-12.45,-19.10,23.80,-13.29,26.92,-67.09,1
S,2022-11-08 14:54:04.950740,0.27,-0.02,0.97,-15.75,-28.56,12.88,-14.39,27.38,-64.09,1
S,2022-11-08 14:54:04.965085,0.29,0.09,0.89,-14.83,-34.18,7.20,-14.39,27.38,-64.09,1
S,2022-11-08 14:54:04.979191,0.26,0.16,0.92,-5.74,-29.17,1.53,-14.39,27.38,-64.09,1
S,2022-11-08 14:54:04.994932,0.24,0.10,1.02,26.00,-27.04,-12.33,-15.64,26.76,-64.99,1
S,2022-11-08 14:54:05.026084,0.25,-0.09,1.01,22.71,-39.25,-43.27,-15.64,26.76,-64.99,1
S,2022-11-08 14:54:05.044247,0.25,0.21,0.97,9.34,-42.36,-55.18,-18.04,26.57,-63.65,1
S,2022-11-08 14:54:05.064477,0.25,0.11,0.93,25.21,-34.85,-37.35,-18.04,26.57,-63.65,1
S,2022-11-08 14:54:05.074109,0.20,-0.08,0.95,43.95,-26.12,-32.17,-18.04,26.57,-63.65,1
S,2022-11-08 14:54:05.106672,0.18,-0.23,0.93,45.78,-22.28,-43.88,-19.38,27.28,-62.74,1
S,2022-11-08 14:54:05.121182,0.19,-0.01,0.90,18.62,-24.35,-67.02,-19.38,27.28,-62.74,1
S,2022-11-08 14:54:05.136935,0.19,-0.01,0.95,22.09,-20.69,-61.28,-19.38,27.28,-62.74,1
S,2022-11-08 14:54:05.152561,0.18,0.02,0.97,26.18,-16.66,-53.22,-22.03,26.53,-63.35,1
S,2022-11-08 14:54:05.183687,0.14,-0.11,0.97,35.40,-13.49,-34.42,-22.03,26.53,-63.35,1
S,2022-11-08 14:54:05.199410,0.15,-0.04,0.95,20.02,-17.33,-33.81,-22.52,25.96,-61.65,1
S,2022-11-08 14:54:05.230624,0.13,-0.14,0.95,20.45,-16.05,-21.42,-22.52,25.96,-61.65,1
S,2022-11-08 14:54:05.246178,0.13,-0.31,1.00,9.09,-17.94,-31.80,-23.83,25.62,-59.55,1
S,2022-11-08 14:54:05.262995,0.12,-0.11,0.92,-13.06,-26.06,-36.87,-23.83,25.62,-59.55,1
S,2022-11-08 14:54:05.287348,0.10,-0.02,0.89,-19.71,-20.63,-28.63,-23.83,25.62,-59.55,1
S,2022-11-08 14:54:05.295303,0.10,-0.09,0.96,-29.42,-16.05,-19.59,-25.15,23.90,-60.16,1
S,2022-11-08 14:54:05.326358,0.09,-0.07,1.01,-48.58,-20.87,-12.45,-25.15,23.90,-60.16,1
S,2022-11-08 14:54:05.341400,0.08,-0.05,0.99,-55.79,-24.48,-9.64,-25.15,23.90,-60.16,1
S,2022-11-08 14:54:05.357156,0.05,-0.03,0.95,-52.55,-25.15,-7.93,-27.08,21.02,-59.38,1
S,2022-11-08 14:54:05.388811,0.06,-0.03,0.94,-48.95,-16.66,-9.40,-27.08,21.02,-59.38,1
S,2022-11-08 14:54:05.406236,0.06,0.02,1.00,-51.39,-10.31,-8.79,-28.50,17.72,-58.58,1
S,2022-11-08 14:54:05.420349,0.05,0.08,1.03,-61.95,-13.67,-5.37,-28.50,17.72,-58.58,1
S,2022-11-08 14:54:05.436116,0.05,0.11,1.00,-61.58,-15.63,-1.95,-28.50,17.72,-58.58,1
S,2022-11-08 14:54:05.467229,0.02,0.17,0.93,-52.86,-11.47,-0.06,-29.32,14.99,-57.14,1
S,2022-11-08 14:54:05.482973,0.01,0.24,0.94,-49.32,-10.93,13.85,-29.32,14.99,-57.14,1
S,2022-11-08 14:54:05.514356,0.01,0.14,0.90,-46.63,-9.03,25.76,-29.93,12.77,-59.05,1
S,2022-11-08 14:54:05.531714,-0.00,0.10,0.85,-47.18,-1.40,32.10,-29.93,12.77,-59.05,1
S,2022-11-08 14:54:05.545870,0.01,0.15,0.92,-49.13,4.09,29.97,-30.68,11.80,-57.51,1
S,2022-11-08 14:54:05.561609,0.02,0.14,0.98,-43.15,7.75,25.63,-30.68,11.80,-57.51,1
S,2022-11-08 14:54:05.594473,0.02,0.30,0.97,-48.52,7.26,24.41,-30.68,11.80,-57.51,1
S,2022-11-08 14:54:05.608445,0.01,0.33,0.90,-42.05,9.70,30.27,-30.93,10.75,-57.98,1
S,2022-11-08 14:54:05.624204,0.02,0.30,0.90,-23.07,15.38,33.45,-30.93,10.75,-57.98,1
S,2022-11-08 14:54:05.655709,0.02,0.25,0.92,11.78,27.34,34.18,-30.27,11.83,-58.85,1
S,2022-11-08 14:54:05.671431,0.04,0.24,0.93,18.19,33.69,40.22,-30.27,11.83,-58.85,1
S,2022-11-08 14:54:05.687063,0.06,0.30,0.90,15.63,37.17,45.47,-30.27,11.83,-58.85,1
S,2022-11-08 14:54:05.702830,0.04,0.30,0.87,16.85,41.20,51.45,-28.69,14.06,-61.30,1
S,2022-11-08 14:54:05.718429,0.08,0.28,0.88,15.69,46.39,59.33,-28.69,14.06,-61.30,1
S,2022-11-08 14:54:05.749557,0.09,0.10,1.03,-8.91,40.59,59.27,-28.69,14.06,-61.30,1
S,2022-11-08 14:54:05.765308,0.07,0.26,0.96,-13.12,29.54,40.89,-26.29,16.52,-61.72,1
S,2022-11-08 14:54:05.781634,0.05,0.33,0.94,0.00,27.59,32.53,-26.29,16.52,-61.72,1
S,2022-11-08 14:54:05.805976,0.08,0.33,1.05,-0.37,9.83,-7.26,-25.83,16.85,-60.56,1
S,2022-11-08 14:54:05.828292,0.09,0.31,0.98,12.94,11.54,10.01,-25.83,16.85,-60.56,1
S,2022-11-08 14:54:05.843933,0.10,0.23,0.97,10.68,9.58,14.71,-25.83,16.85,-60.56,1
S,2022-11-08 14:54:05.859666,0.09,0.22,0.98,10.80,4.88,12.70,-25.11,17.54,-61.06,1
S,2022-11-08 14:54:05.875955,0.08,0.32,0.93,6.10,4.39,15.32,-25.11,17.54,-61.06,1
S,2022-11-08 14:54:05.906599,0.04,0.28,0.93,6.47,5.07,20.51,-25.72,18.90,-61.44,1
S,2022-11-08 14:54:05.922220,-0.07,0.32,0.87,-2.99,-12.15,-19.71,-25.72,18.90,-61.44,1
S,2022-11-08 14:54:05.937849,-0.11,0.85,0.64,25.09,8.36,-15.93,-25.72,18.90,-61.44,1
S,2022-11-08 14:54:05.969092,0.05,0.56,0.70,68.91,45.53,32.84,-23.88,19.45,-62.18,1
S,2022-11-08 14:54:05.984712,0.18,-0.33,0.76,99.98,73.30,47.97,-23.88,19.45,-62.18,1
S,2022-11-08 14:54:06.000463,0.32,-0.86,0.62,86.85,76.84,17.09,-20.02,25.10,-62.68,1
S,2022-11-08 14:54:06.016078,0.31,-1.14,0.92,4.03,44.62,-38.15,-20.02,25.10,-62.68,1
S,2022-11-08 14:54:06.047206,-0.00,-0.86,0.75,-51.03,24.60,-82.28,-20.02,25.10,-62.68,1
