L,2022-11-08 12:53:08.030515,0.43,-0.37,0.63,-23.19,-18.86,4.58,49.51,20.70,-85.11,1
L,2022-11-08 12:53:08.050521,0.34,-0.35,0.77,-17.88,-27.83,-2.20,49.51,20.70,-85.11,1
L,2022-11-08 12:53:08.070525,0.31,-0.22,0.89,-20.39,-21.61,-11.84,48.39,18.64,-85.14,1
L,2022-11-08 12:53:08.090534,0.36,-0.17,0.81,-38.70,-1.95,-38.15,48.39,18.64,-85.14,1
L,2022-11-08 12:53:08.110536,0.35,-0.33,0.67,-49.26,-3.66,-50.05,48.39,18.64,-85.14,1
L,2022-11-08 12:53:08.130541,-0.29,-0.72,0.97,-29.66,-17.82,-38.88,49.91,15.48,-83.63,1
L,2022-11-08 12:53:08.141015,0.25,-0.37,0.78,34.36,-20.39,9.22,49.91,15.48,-83.63,1
L,2022-11-08 12:53:08.160567,0.22,-0.51,0.75,25.82,-6.59,2.62,50.76,14.56,-82.47,1
L,2022-11-08 12:53:08.180852,0.22,-0.44,0.77,-5.55,4.88,-0.85,50.76,14.56,-82.47,1
L,2022-11-08 12:53:08.200557,0.22,-0.03,0.50,-31.37,19.65,6.04,50.76,14.56,-82.47,1
L,2022-11-08 12:53:08.220561,0.13,-0.22,0.59,-11.23,-25.76,-6.41,51.04,14.16,-83.81,1
L,2022-11-08 12:53:08.240566,0.13,-0.37,0.72,20.45,-47.61,-4.21,51.04,14.16,-83.81,1
L,2022-11-08 12:53:08.260571,0.18,-0.41,0.71,4.88,-50.60,-5.13,51.04,14.16,-83.81,1
L,2022-11-08 12:53:08.280577,0.19,-0.39,0.62,-7.87,-49.26,-4.94,53.27,14.31,-86.58,1
L,2022-11-08 12:53:08.300582,0.17,-0.41,0.69,7.75,-55.36,-2.87,53.27,14.31,-86.58,1
L,2022-11-08 12:53:08.320587,0.24,-0.54,1.11,13.31,-48.28,-0.24,54.33,15.25,-90.92,1
L,2022-11-08 12:53:08.340593,0.21,-0.50,1.01,-4.27,-26.37,3.17,54.33,15.25,-90.92,1
L,2022-11-08 12:53:08.360596,0.20,-0.46,1.14,-6.10,-10.25,5.49,54.33,15.25,-90.92,1
L,2022-11-08 12:53:08.380602,0.24,-0.49,1.12,-12.39,8.91,4.15,53.94,16.86,-94.90,1
L,2022-11-08 12:53:08.390605,0.20,-0.41,0.99,-10.31,22.77,12.27,53.94,16.86,-94.90,1
L,2022-11-08 12:53:08.410628,0.18,-0.38,0.95,8.24,9.83,12.33,54.28,17.15,-94.79,1
L,2022-11-08 12:53:08.430920,0.16,-0.42,0.90,30.27,1.71,8.79,54.28,17.15,-94.79,1
L,2022-11-08 12:53:08.450617,0.10,-0.28,1.00,25.94,-6.23,-4.88,54.28,17.15,-94.79,1
L,2022-11-08 12:53:08.470910,0.02,-0.24,1.01,35.16,-3.91,-20.75,54.38,17.41,-95.19,1
L,2022-11-08 12:53:08.490631,-0.01,-0.18,1.12,22.64,19.71,-55.85,54.38,17.41,-95.19,1
L,2022-11-08 12:53:08.510633,0.08,-0.28,1.05,4.27,38.15,-77.33,54.38,17.41,-95.19,1
L,2022-11-08 12:53:08.530637,0.13,-0.24,0.94,-6.04,46.39,-78.19,59.17,17.03,-92.49,1
L,2022-11-08 12:53:08.550641,-0.04,-0.68,0.99,-16.54,42.48,-61.71,59.17,17.03,-92.49,1
L,2022-11-08 12:53:08.570647,-0.07,-0.77,1.03,15.32,48.28,-17.46,64.51,19.63,-88.35,1
L,2022-11-08 12:53:08.590651,0.10,-0.63,0.85,54.81,59.81,25.09,64.51,19.63,-88.35,1
L,2022-11-08 12:53:08.610659,0.25,-0.81,0.60,59.51,58.23,35.40,64.51,19.63,-88.35,1
L,2022-11-08 12:53:08.620950,0.39,-0.69,0.53,40.77,40.71,51.51,63.65,23.82,-82.64,1
L,2022-11-08 12:53:08.640682,0.47,-0.44,0.60,8.48,24.17,50.48,63.65,23.82,-82.64,1
L,2022-11-08 12:53:08.660686,0.48,-0.36,0.76,-0.92,10.38,16.85,61.88,26.29,-79.85,1
L,2022-11-08 12:53:08.680969,0.35,-0.46,0.86,-3.30,8.97,-1.10,61.88,26.29,-79.85,1
L,2022-11-08 12:53:08.700677,0.33,-0.55,0.84,-5.19,14.95,-7.63,61.88,26.29,-79.85,1
