w,2022-10-12 17:59:17.269222,0.17,-0.88,0.68,-35.46,-7.14,32.53,21.18,-39.60,-36.94,1
w,2022-10-12 17:59:17.287810,0.17,-0.75,0.78,-43.21,-12.88,41.14,21.18,-39.60,-36.94,1
w,2022-10-12 17:59:17.307138,0.14,-0.69,0.75,-37.78,-21.06,46.63,21.18,-39.60,-36.94,1
w,2022-10-12 17:59:17.327566,0.22,-0.74,0.62,-29.42,-20.87,37.11,21.98,-40.12,-36.49,1
w,2022-10-12 17:59:17.346504,0.21,-0.52,0.74,-38.88,-16.11,-5.55,21.98,-40.12,-36.49,1
w,2022-10-12 17:59:17.366146,0.24,-0.44,0.68,-29.42,-32.23,-23.80,21.36,-40.80,-37.49,1
w,2022-10-12 17:59:17.385776,-0.01,-0.71,1.51,20.87,20.14,-1.10,21.36,-40.80,-37.49,1
w,2022-10-12 17:59:17.403826,0.02,-0.77,0.52,34.85,-11.17,-18.31,21.36,-40.80,-37.49,1
w,2022-10-12 17:59:17.424129,0.06,-0.58,0.94,3.72,-13.18,-45.72,21.95,-40.19,-37.21,1
w,2022-10-12 17:59:17.442808,0.04,-0.44,0.88,20.57,-39.92,-57.80,21.95,-40.19,-37.21,1
w,2022-10-12 17:59:17.464214,0.08,-0.43,0.64,27.59,-49.44,-58.35,20.72,-39.71,-36.61,1
w,2022-10-12 17:59:17.482549,0.05,-0.37,0.67,16.91,-38.15,-47.42,20.72,-39.71,-36.61,1
w,2022-10-12 17:59:17.501101,0.08,-0.56,0.73,15.14,-23.01,-23.13,20.72,-39.71,-36.61,1
w,2022-10-12 17:59:17.520738,0.09,-0.78,0.85,11.72,3.54,8.85,21.03,-39.00,-37.34,1
w,2022-10-12 17:59:17.540131,0.10,-0.91,0.92,8.12,14.22,30.88,21.03,-39.00,-37.34,1
w,2022-10-12 17:59:17.558845,0.15,-1.11,0.65,11.90,20.02,29.36,21.03,-39.00,-37.34,1
w,2022-10-12 17:59:17.579386,0.14,-0.94,0.97,-11.05,48.46,11.41,22.24,-38.81,-37.17,1
w,2022-10-12 17:59:17.597881,0.14,-0.83,0.96,-3.54,40.53,14.53,22.24,-38.81,-37.17,1
w,2022-10-12 17:59:17.617947,0.15,-0.73,0.88,5.74,35.77,11.35,21.59,-38.62,-36.57,1
w,2022-10-12 17:59:17.636840,0.06,-0.73,0.74,11.35,31.49,4.52,21.59,-38.62,-36.57,1
w,2022-10-12 17:59:17.654368,0.00,-0.68,0.68,3.91,21.61,-2.01,21.59,-38.62,-36.57,1
w,2022-10-12 17:59:17.674062,-0.01,-0.60,0.69,4.94,8.12,-7.81,22.39,-39.59,-36.87,1
w,2022-10-12 17:59:17.693092,-0.05,-0.53,0.66,10.13,-11.11,-18.01,22.39,-39.59,-36.87,1
w,2022-10-12 17:59:17.714052,0.03,-0.33,0.37,9.46,-29.85,-19.29,21.11,-39.39,-36.88,1
w,2022-10-12 17:59:17.732867,-0.01,-0.86,0.67,-10.93,-9.52,-0.18,21.11,-39.39,-36.88,1
w,2022-10-12 17:59:17.751066,0.01,-0.35,0.66,-15.26,-10.13,-40.77,21.11,-39.39,-36.88,1
w,2022-10-12 17:59:17.771518,0.03,-0.50,0.68,-10.56,-29.11,-48.40,20.65,-39.36,-37.48,1
w,2022-10-12 17:59:17.788915,0.04,-0.53,0.67,-9.16,-30.33,-52.31,20.65,-39.36,-37.48,1
w,2022-10-12 17:59:17.808739,-0.00,-0.48,0.78,-6.35,-28.63,-46.81,20.65,-39.36,-37.48,1
w,2022-10-12 17:59:17.828325,-0.00,-0.58,0.69,8.79,-29.11,-18.74,19.97,-39.00,-37.04,1
w,2022-10-12 17:59:17.848553,0.03,-0.70,0.75,4.52,-13.73,2.20,19.97,-39.00,-37.04,1
w,2022-10-12 17:59:17.866392,0.04,-0.78,0.87,0.67,4.33,23.32,20.30,-38.22,-38.49,1
w,2022-10-12 17:59:17.885777,0.03,-1.12,0.96,12.82,0.24,23.32,20.30,-38.22,-38.49,1
w,2022-10-12 17:59:17.904737,0.15,-0.83,0.95,-2.99,39.25,10.07,20.30,-38.22,-38.49,1
w,2022-10-12 17:59:17.925780,0.16,-0.61,1.01,-6.53,57.62,20.94,21.00,-37.94,-37.48,1
w,2022-10-12 17:59:17.943940,0.17,-0.85,0.90,-8.06,67.99,47.97,21.00,-37.94,-37.48,1
w,2022-10-12 17:59:17.965427,0.12,-0.82,1.03,-9.70,61.10,37.41,21.91,-39.22,-36.84,1
w,2022-10-12 17:59:17.984489,0.07,-0.83,0.91,-7.69,35.64,21.55,21.91,-39.22,-36.84,1
w,2022-10-12 17:59:18.002323,0.03,-0.62,0.77,4.09,2.44,3.97,21.91,-39.22,-36.84,1
w,2022-10-12 17:59:18.022809,0.01,-0.53,0.63,-1.40,-10.93,-2.62,21.26,-39.92,-36.49,1
w,2022-10-12 17:59:18.041638,-0.02,-0.48,0.59,-14.47,-18.80,-5.74,21.26,-39.92,-36.49,1
w,2022-10-12 17:59:18.061269,-0.07,-0.40,0.57,-10.25,-30.70,-0.24,21.26,-39.92,-36.49,1
w,2022-10-12 17:59:18.083287,-0.30,-0.48,0.59,15.08,-11.29,8.67,19.89,-40.23,-36.54,1
w,2022-10-12 17:59:18.100962,-0.14,-0.67,0.43,35.28,16.78,15.99,19.89,-40.23,-36.54,1
w,2022-10-12 17:59:18.120435,0.05,-0.50,0.75,23.13,30.27,11.05,20.00,-40.10,-37.30,1
