f,2022-10-29 14:14:04.637703,-0.06,-1.03,-0.17,-0.37,2.20,2.69,0.17,40.63,29.48,1
f,2022-10-29 14:14:04.653570,-0.06,-1.01,-0.17,-0.24,2.08,2.56,0.17,40.63,29.48,1
f,2022-10-29 14:14:04.669652,-0.06,-1.00,-0.17,-0.12,2.32,2.44,0.17,40.63,29.48,1
f,2022-10-29 14:14:04.686178,-0.06,-1.01,-0.15,-2.75,2.26,2.75,-0.29,40.89,29.04,1
f,2022-10-29 14:14:04.719238,-0.06,-1.00,-0.16,0.79,2.08,2.69,-0.29,40.89,29.04,1
f,2022-10-29 14:14:04.734882,-0.06,-1.01,-0.16,-0.24,2.08,2.75,-0.27,41.28,29.05,1
f,2022-10-29 14:14:04.750928,-0.06,-1.01,-0.17,2.20,2.08,2.50,-0.27,41.28,29.05,1
f,2022-10-29 14:14:04.782275,-0.06,-1.01,-0.16,1.71,2.01,2.56,-0.27,41.28,29.05,1
f,2022-10-29 14:14:04.798303,-0.06,-1.01,-0.16,2.26,1.95,2.38,0.21,41.00,30.07,1
f,2022-10-29 14:14:04.819775,-0.06,-1.01,-0.16,1.40,2.08,2.44,0.21,41.00,30.07,1
f,2022-10-29 14:14:04.831625,-0.06,-1.01,-0.17,1.83,1.95,2.32,-0.04,41.32,29.44,1
f,2022-10-29 14:14:04.864173,-0.06,-1.01,-0.16,1.10,2.08,2.44,-0.04,41.32,29.44,1
f,2022-10-29 14:14:04.880189,-0.06,-1.01,-0.17,1.53,2.14,2.50,-0.43,40.58,29.88,1
f,2022-10-29 14:14:04.897277,-0.06,-1.01,-0.16,1.77,2.08,2.38,-0.43,40.58,29.88,1
f,2022-10-29 14:14:04.919639,-0.06,-1.01,-0.16,2.14,2.08,2.56,-0.43,40.58,29.88,1
f,2022-10-29 14:14:04.945087,-0.06,-1.01,-0.16,1.59,2.20,2.44,0.04,41.20,29.74,1
f,2022-10-29 14:14:04.962044,-0.06,-1.01,-0.17,1.53,2.01,2.69,0.04,41.20,29.74,1
f,2022-10-29 14:14:04.977829,-0.06,-1.01,-0.16,1.77,2.01,2.50,0.02,41.02,29.70,1
f,2022-10-29 14:14:05.009240,-0.06,-1.01,-0.16,1.89,2.01,2.38,0.02,41.02,29.70,1
f,2022-10-29 14:14:05.024640,-0.06,-1.01,-0.17,4.09,2.01,2.20,0.02,41.02,29.70,1
f,2022-10-29 14:14:05.040779,-0.06,-1.01,-0.17,3.17,2.01,2.08,0.01,40.69,29.36,1
f,2022-10-29 14:14:05.066054,-0.06,-1.01,-0.17,2.93,1.95,2.32,0.01,40.69,29.36,1
f,2022-10-29 14:14:05.088769,-0.06,-1.01,-0.17,2.38,2.08,2.38,-0.22,40.88,30.32,1
f,2022-10-29 14:14:05.105196,-0.06,-1.01,-0.17,1.40,2.14,2.56,-0.22,40.88,30.32,1
f,2022-10-29 14:14:05.120223,-0.08,-1.04,-0.23,2.32,2.20,2.32,-0.22,40.88,30.32,1
f,2022-10-29 14:14:05.154018,-0.05,-0.99,-0.05,12.08,1.83,1.16,0.24,40.89,29.80,1
f,2022-10-29 14:14:05.172955,0.83,-0.30,0.74,-444.58,8.06,49.80,0.24,40.89,29.80,1
f,2022-10-29 14:14:05.189777,-0.15,-1.17,-0.06,61.58,29.11,5.19,-0.73,44.48,28.61,1
f,2022-10-29 14:14:05.215132,-0.37,-1.01,-0.15,-42.66,-13.00,5.86,-0.73,44.48,28.61,1
f,2022-10-29 14:14:05.231288,-0.64,-0.94,-0.15,30.76,-51.39,-2.14,1.89,45.63,30.79,1
f,2022-10-29 14:14:05.247955,-0.06,-0.98,-0.39,31.86,-46.69,-3.11,1.89,45.63,30.79,1
f,2022-10-29 14:14:05.279832,-0.32,-1.00,-0.18,32.65,-29.60,-2.08,1.89,45.63,30.79,1
f,2022-10-29 14:14:05.297576,-0.42,-0.91,-0.16,93.51,-16.97,-8.73,3.96,43.48,32.97,1
f,2022-10-29 14:14:05.320319,-0.14,-0.94,0.06,-28.38,-37.60,0.49,3.96,43.48,32.97,1
f,2022-10-29 14:14:05.329332,-0.12,-1.07,-0.11,57.19,-16.30,-4.76,5.43,41.78,34.17,1
f,2022-10-29 14:14:05.361935,0.02,-0.99,-0.17,50.29,-6.10,3.11,5.43,41.78,34.17,1
f,2022-10-29 14:14:05.381315,0.10,-1.05,-0.18,-9.89,-4.27,-9.89,5.43,41.78,34.17,1
f,2022-10-29 14:14:05.399078,0.03,-1.04,-0.10,5.00,-5.31,0.43,5.98,41.48,33.84,1
f,2022-10-29 14:14:05.420537,-0.05,-1.01,-0.12,-1.04,1.65,2.62,5.98,41.48,33.84,1
f,2022-10-29 14:14:05.441298,-0.06,-1.01,-0.19,1.77,2.14,2.32,5.66,41.20,32.20,1
f,2022-10-29 14:14:05.463654,-0.06,-1.01,-0.17,-0.85,2.14,2.75,5.66,41.20,32.20,1
f,2022-10-29 14:14:05.479982,-0.06,-1.01,-0.16,-0.43,2.14,2.69,5.66,41.20,32.20,1
f,2022-10-29 14:14:05.496548,-0.06,-1.01,-0.16,0.73,1.89,2.50,5.09,41.17,32.75,1
f,2022-10-29 14:14:05.521492,-0.06,-1.01,-0.16,0.55,2.14,2.44,5.09,41.17,32.75,1
f,2022-10-29 14:14:05.537300,-0.06,-1.01,-0.16,-0.31,2.01,2.56,5.94,41.20,32.60,1
f,2022-10-29 14:14:05.553146,0.07,-0.95,-0.09,-102.23,33.57,18.07,5.94,41.20,32.60,1
f,2022-10-29 14:14:05.586100,-0.05,-1.03,-0.03,-5.37,20.57,5.25,5.94,41.20,32.60,1
