H,2022-10-17 16:33:07.959476,0.49,-0.08,0.82,-16.30,22.34,-14.89,-22.01,-78.86,-155.13,1
H,2022-10-17 16:33:07.990422,0.51,-0.11,0.76,-13.00,14.47,-8.91,-19.59,-77.93,-153.71,1
H,2022-10-17 16:33:08.006047,0.49,-0.02,0.75,-20.20,-5.00,-5.68,-19.59,-77.93,-153.71,1
H,2022-10-17 16:33:08.021967,0.46,-0.02,0.77,-26.86,-6.53,-11.72,-19.59,-77.93,-153.71,1
H,2022-10-17 16:33:08.053652,0.38,-0.02,0.80,-31.13,-9.16,-15.44,-17.46,-78.38,-152.34,1
H,2022-10-17 16:33:08.069297,0.36,-0.00,0.81,-16.54,-9.09,-7.69,-17.46,-78.38,-152.34,1
H,2022-10-17 16:33:08.085216,0.43,0.01,0.68,3.54,-17.94,0.79,-16.15,-79.43,-149.72,1
H,2022-10-17 16:33:08.100795,0.40,-0.01,0.64,-4.88,-33.02,-6.41,-16.15,-79.43,-149.72,1
H,2022-10-17 16:33:08.133531,0.26,-0.07,0.68,-38.70,-49.87,-14.95,-16.15,-79.43,-149.72,1
H,2022-10-17 16:33:08.147807,0.24,-0.01,0.89,7.51,14.28,8.73,-15.09,-82.10,-148.75,1
H,2022-10-17 16:33:08.175073,0.12,0.14,0.53,57.92,16.91,25.51,-15.09,-82.10,-148.75,1
H,2022-10-17 16:33:08.194659,0.27,-0.31,0.69,34.67,-12.94,-4.64,-14.88,-81.64,-150.87,1
H,2022-10-17 16:33:08.210308,0.26,-0.11,0.73,-31.68,-18.80,-12.33,-14.88,-81.64,-150.87,1
H,2022-10-17 16:33:08.226233,0.25,0.02,0.82,-36.01,-28.02,-9.83,-14.88,-81.64,-150.87,1
H,2022-10-17 16:33:08.257169,0.24,0.02,0.78,-15.50,-28.44,-0.12,-17.22,-85.24,-149.56,1
H,2022-10-17 16:33:08.272795,0.27,0.10,0.83,0.61,-24.29,4.39,-17.22,-85.24,-149.56,1
H,2022-10-17 16:33:08.288711,0.27,0.08,0.98,8.24,-11.29,1.59,-20.09,-87.79,-149.55,1
H,2022-10-17 16:33:08.319653,0.33,0.12,1.00,3.42,-7.39,-1.83,-20.09,-87.79,-149.55,1
H,2022-10-17 16:33:08.335280,0.34,0.08,1.07,18.43,-1.77,0.55,-22.18,-88.28,-151.14,1
H,2022-10-17 16:33:08.351203,0.37,0.05,1.09,23.07,-1.83,3.72,-22.18,-88.28,-151.14,1
H,2022-10-17 16:33:08.366767,0.39,-0.01,1.13,21.36,0.24,3.72,-22.18,-88.28,-151.14,1
H,2022-10-17 16:33:08.397761,0.40,-0.06,1.14,14.10,0.61,0.43,-22.51,-87.76,-151.28,1
H,2022-10-17 16:33:08.413620,0.33,-0.06,1.00,-20.08,-0.85,-9.46,-22.51,-87.76,-151.28,1
H,2022-10-17 16:33:08.444618,0.31,0.04,1.00,-32.17,-14.89,-17.03,-23.25,-88.34,-150.44,1
H,2022-10-17 16:33:08.460281,0.57,-0.18,1.52,-7.93,-20.94,-5.07,-23.25,-88.34,-150.44,1
H,2022-10-17 16:33:08.476250,0.29,-0.14,0.91,34.36,14.16,39.12,-23.25,-88.34,-150.44,1
H,2022-10-17 16:33:08.491827,0.35,0.24,1.15,-19.17,10.56,5.37,-24.00,-87.56,-150.04,1
H,2022-10-17 16:33:08.522794,0.31,-0.07,0.94,13.00,11.41,4.70,-24.00,-87.56,-150.04,1
H,2022-10-17 16:33:08.538729,0.23,0.04,0.84,-8.36,17.03,-2.93,-22.96,-86.62,-151.49,1
H,2022-10-17 16:33:08.554338,0.30,0.17,0.95,-21.55,2.87,-6.90,-22.96,-86.62,-151.49,1
H,2022-10-17 16:33:08.585279,0.25,0.20,0.91,-19.59,7.32,-7.08,-22.96,-86.62,-151.49,1
H,2022-10-17 16:33:08.600902,0.23,0.32,0.83,-3.05,13.31,-10.50,-21.50,-87.17,-150.05,1
H,2022-10-17 16:33:08.616799,0.21,0.28,0.81,7.45,6.96,-12.70,-21.50,-87.17,-150.05,1
H,2022-10-17 16:33:08.647764,0.25,0.25,0.85,34.73,2.08,-8.00,-18.49,-86.78,-149.98,1
H,2022-10-17 16:33:08.663386,0.25,0.21,0.89,31.98,1.46,-20.81,-18.49,-86.78,-149.98,1
H,2022-10-17 16:33:08.679217,0.28,0.06,0.88,45.59,2.69,-20.69,-18.49,-86.78,-149.98,1
H,2022-10-17 16:33:08.694777,0.27,-0.12,0.88,53.77,1.22,-17.27,-16.43,-83.01,-146.98,1
H,2022-10-17 16:33:08.725872,0.31,-0.20,0.93,55.73,-0.49,-8.85,-16.43,-83.01,-146.98,1
H,2022-10-17 16:33:08.741971,0.32,-0.38,0.97,51.82,-1.53,-5.13,-13.95,-79.91,-145.18,1
H,2022-10-17 16:33:08.757924,0.34,-0.35,0.94,28.14,-2.93,-4.03,-13.95,-79.91,-145.18,1
H,2022-10-17 16:33:08.773492,0.35,-0.26,0.99,0.31,0.79,-13.67,-13.95,-79.91,-145.18,1
H,2022-10-17 16:33:08.806258,0.41,-0.17,1.09,-1.71,8.79,-13.00,-14.49,-78.03,-143.08,1
H,2022-10-17 16:33:08.821092,0.34,-0.11,1.03,-1.65,22.09,-8.67,-14.49,-78.03,-143.08,1
H,2022-10-17 16:33:08.837025,0.37,-0.05,0.97,9.64,26.43,-0.73,-13.76,-76.14,-142.20,1
H,2022-10-17 16:33:08.867985,0.31,-0.13,0.93,3.66,13.43,-2.08,-13.76,-76.14,-142.20,1
H,2022-10-17 16:33:08.884042,0.26,-0.12,0.81,-15.44,0.43,-2.81,-12.61,-73.23,-141.65,1
H,2022-10-17 16:33:08.899962,0.27,-0.08,0.85,-12.08,-1.04,0.31,-12.61,-73.23,-141.65,1
H,2022-10-17 16:33:08.932147,0.27,-0.06,0.81,-8.79,-4.76,-0.67,-12.61,-73.23,-141.65,1
H,2022-10-17 16:33:08.946902,0.18,-0.12,0.69,4.82,-12.88,0.73,-13.33,-71.81,-138.88,1
H,2022-10-17 16:33:08.962769,0.27,-0.16,0.81,-15.38,-11.54,1.59,-13.33,-71.81,-138.88,1
H,2022-10-17 16:33:08.993793,0.26,-0.13,0.79,-34.36,6.53,-4.15,-13.24,-73.06,-139.70,1
H,2022-10-17 16:33:09.012559,0.13,-0.01,0.66,-62.32,-14.28,-23.13,-13.24,-73.06,-139.70,1
H,2022-10-17 16:33:09.025394,0.22,-0.05,0.79,-32.53,-13.43,-15.75,-13.24,-73.06,-139.70,1
H,2022-10-17 16:33:09.056658,0.19,-0.06,0.77,-23.25,-12.39,-7.08,-12.54,-77.44,-139.81,1
H,2022-10-17 16:33:09.076854,0.26,0.09,0.86,4.39,-21.55,1.04,-12.54,-77.44,-139.81,1
H,2022-10-17 16:33:09.090724,0.24,0.08,0.85,27.10,-23.19,3.30,-13.73,-80.68,-140.62,1
H,2022-10-17 16:33:09.104521,0.33,0.03,0.97,30.03,-16.24,3.42,-13.73,-80.68,-140.62,1
H,2022-10-17 16:33:09.138105,0.36,0.01,1.04,24.29,-10.93,-0.06,-14.26,-83.50,-142.07,1
H,2022-10-17 16:33:09.151939,0.38,-0.08,1.12,26.92,-4.21,-1.46,-14.26,-83.50,-142.07,1
H,2022-10-17 16:33:09.167878,0.38,-0.11,1.07,27.40,2.44,1.16,-14.26,-83.50,-142.07,1
H,2022-10-17 16:33:09.183470,0.38,-0.17,1.12,11.90,7.87,3.17,-14.53,-83.57,-144.17,1
H,2022-10-17 16:33:09.217040,0.37,-0.09,1.07,-2.38,10.38,2.38,-14.53,-83.57,-144.17,1
H,2022-10-17 16:33:09.230798,0.36,-0.08,1.08,0.85,6.65,-0.24,-15.28,-84.24,-143.62,1
H,2022-10-17 16:33:09.246669,0.32,-0.10,0.99,3.85,-0.43,-1.10,-15.28,-84.24,-143.62,1
H,2022-10-17 16:33:09.277683,0.30,-0.08,0.97,-6.41,-11.11,-2.20,-15.28,-84.24,-143.62,1
H,2022-10-17 16:33:09.293344,0.28,-0.05,0.95,-14.10,-20.32,-3.91,-15.32,-83.80,-143.47,1
H,2022-10-17 16:33:09.309200,0.27,-0.03,0.93,-7.87,-21.97,0.00,-15.32,-83.80,-143.47,1
H,2022-10-17 16:33:09.340172,0.25,-0.04,0.91,-0.98,-17.82,2.26,-16.31,-83.97,-142.55,1
H,2022-10-17 16:33:09.355828,0.24,-0.07,0.90,-0.73,-7.08,2.81,-16.31,-83.97,-142.55,1
H,2022-10-17 16:33:09.371718,0.24,-0.04,0.91,-2.87,-0.67,1.46,-16.31,-83.97,-142.55,1
H,2022-10-17 16:33:09.402657,0.25,-0.06,0.92,-2.32,7.14,0.12,-16.11,-83.83,-142.49,1
H,2022-10-17 16:33:09.418278,0.26,-0.03,0.96,-3.05,7.75,-0.61,-16.11,-83.83,-142.49,1
H,2022-10-17 16:33:09.434178,0.27,-0.03,0.96,2.69,3.60,1.16,-16.48,-84.12,-143.18,1
H,2022-10-17 16:33:09.449782,0.27,-0.01,0.99,4.39,-2.26,4.15,-16.48,-84.12,-143.18,1
