z,2022-11-12 16:03:54.962885,5.468636,4.482174,6.948328,-0.092316,0.184159,-0.209558,129.512695,84.690322,-71.704200,1
z,2022-11-12 16:03:55.042640,6.191721,4.467808,7.091987,-0.177938,0.116913,-0.028860,117.901214,93.141372,-80.861610,1
z,2022-11-12 16:03:55.154996,5.439903,6.565236,7.623527,-0.020409,-0.257932,-0.282397,110.041137,99.254898,-102.632041,1
z,2022-11-12 16:03:55.233802,4.903575,6.249185,5.736800,0.492656,-0.838643,0.624823,88.783187,102.671279,-124.920814,1
z,2022-11-12 16:03:55.329206,8.672241,1.968134,5.162162,0.274008,-0.298413,1.376245,88.783187,102.671279,-124.920814,1
z,2022-11-12 16:03:55.424904,5.075966,6.072005,6.335381,-0.953595,0.312126,-2.247706,95.214164,83.971084,-122.847442,1
z,2022-11-12 16:03:55.520749,1.091812,7.106353,5.909191,-0.219750,-0.425048,0.898467,47.339122,107.346328,-168.116119,1
z,2022-11-12 16:03:55.617514,9.744898,2.839668,6.866920,-0.196980,0.937579,0.501384,83.066764,104.469375,-170.880615,1
z,2022-11-12 16:03:55.713270,11.152760,1.096600,6.335381,-0.674625,-0.069378,-0.613166,83.066764,104.469375,-170.880615,1
z,2022-11-12 16:03:55.810710,2.011232,9.246878,8.509427,-0.071143,0.407469,-0.398778,93.070503,149.062164,-178.137435,1
z,2022-11-12 16:03:55.906347,6.469463,4.573158,7.044100,0.384530,0.470853,0.124541,38.228576,199.229034,-141.680603,1
