R,2022-10-28 17:11:27.310894,0.22,0.45,0.91,-12.51,-0.18,-11.90,0.71,-53.30,-192.77,1
R,2022-10-28 17:11:27.326544,0.18,0.47,0.95,-9.77,2.50,-10.31,-1.55,-53.56,-193.68,1
R,2022-10-28 17:11:27.342166,0.22,0.43,0.94,-0.43,10.93,-4.39,-1.55,-53.56,-193.68,1
R,2022-10-28 17:11:27.357796,0.25,0.45,0.92,-5.49,15.87,-5.62,-1.55,-53.56,-193.68,1
R,2022-10-28 17:11:27.389300,0.27,0.48,0.84,-12.76,19.29,-9.83,-1.51,-54.28,-196.15,1
R,2022-10-28 17:11:27.404959,0.25,0.51,0.84,-30.09,17.76,-15.38,-1.51,-54.28,-196.15,1
R,2022-10-28 17:11:27.420584,0.24,0.52,0.84,-22.58,18.92,-14.47,-0.73,-56.54,-200.28,1
R,2022-10-28 17:11:27.436207,0.22,0.47,0.80,-0.73,12.88,-3.85,-0.73,-56.54,-200.28,1
R,2022-10-28 17:11:27.467439,0.29,0.50,0.75,-4.03,14.04,-4.27,-0.73,-56.54,-200.28,1
R,2022-10-28 17:11:27.483088,0.36,0.48,0.68,-21.12,16.30,-10.25,-0.04,-57.48,-205.27,1
R,2022-10-28 17:11:27.498714,0.30,0.46,0.63,-38.09,11.78,-13.85,-0.04,-57.48,-205.27,1
R,2022-10-28 17:11:27.514336,0.32,0.39,0.62,-23.50,2.14,-4.70,-0.04,-57.48,-205.27,1
R,2022-10-28 17:11:27.545568,-2.54,0.81,1.08,-10.50,-10.62,5.80,-4.02,-63.57,-210.44,1
R,2022-10-28 17:11:27.561217,0.23,0.18,0.67,119.45,-1.46,6.41,-4.02,-63.57,-210.44,1
R,2022-10-28 17:11:27.576843,0.16,0.24,0.68,28.20,13.24,-19.17,-4.65,-58.25,-212.29,1
R,2022-10-28 17:11:27.592465,0.17,0.46,0.72,-39.98,28.14,-32.59,-4.65,-58.25,-212.29,1
R,2022-10-28 17:11:27.608094,0.01,0.50,0.34,-56.46,2.56,-18.68,-4.65,-58.25,-212.29,1
R,2022-10-28 17:11:27.639322,0.23,0.48,0.51,15.32,-34.79,3.17,-5.22,-60.33,-211.05,1
R,2022-10-28 17:11:27.654949,0.14,0.40,0.51,26.73,-43.52,1.28,-5.22,-60.33,-211.05,1
R,2022-10-28 17:11:27.670594,0.14,0.41,0.55,29.66,-43.95,-1.53,-5.22,-60.33,-211.05,1
R,2022-10-28 17:11:27.686219,0.19,0.37,0.64,48.40,-49.32,11.60,-13.79,-57.13,-204.77,1
R,2022-10-28 17:11:27.701846,0.20,0.30,0.84,26.98,-42.79,12.15,-13.79,-57.13,-204.77,1
R,2022-10-28 17:11:27.733079,0.19,0.38,0.96,1.28,-37.96,10.19,-21.66,-53.55,-194.60,1
R,2022-10-28 17:11:27.748705,0.24,0.48,0.98,-7.81,-36.38,12.27,-21.66,-53.55,-194.60,1
R,2022-10-28 17:11:27.764353,0.27,0.66,1.11,-11.11,-25.57,7.57,-21.66,-53.55,-194.60,1
R,2022-10-28 17:11:27.779975,0.25,0.64,1.12,-6.35,-11.60,2.69,-22.35,-52.50,-183.70,1
R,2022-10-28 17:11:27.795605,0.26,0.65,1.21,-6.53,1.65,1.10,-22.35,-52.50,-183.70,1
R,2022-10-28 17:11:27.826833,0.29,0.60,1.13,-17.03,4.82,7.45,-22.35,-52.50,-183.70,1
R,2022-10-28 17:11:27.842483,0.19,0.48,0.98,-2.32,-24.84,8.85,-22.16,-52.91,-181.09,1
R,2022-10-28 17:11:27.858105,0.17,0.52,0.92,3.54,-30.58,12.51,-22.16,-52.91,-181.09,1
R,2022-10-28 17:11:27.873735,0.31,0.64,0.91,-59.14,91.86,-7.63,-21.63,-52.83,-185.73,1
R,2022-10-28 17:11:27.904963,0.29,0.75,0.98,-50.35,61.40,-2.81,-21.63,-52.83,-185.73,1
R,2022-10-28 17:11:27.920589,0.30,0.70,0.98,-39.49,57.13,-5.92,-21.63,-52.83,-185.73,1
R,2022-10-28 17:11:27.936235,0.29,0.68,0.84,-31.74,45.23,-9.16,-16.60,-57.34,-195.63,1
R,2022-10-28 17:11:27.951864,0.27,0.65,0.70,-9.03,34.55,-16.17,-16.60,-57.34,-195.63,1
R,2022-10-28 17:11:27.967486,0.24,0.55,0.64,3.05,29.60,-27.83,-10.56,-62.39,-206.43,1
R,2022-10-28 17:11:27.998719,0.21,0.51,0.57,-13.31,32.96,-41.87,-10.56,-62.39,-206.43,1
R,2022-10-28 17:11:28.014343,0.17,0.37,0.62,24.23,13.55,-30.82,-10.56,-62.39,-206.43,1
R,2022-10-28 17:11:28.029994,0.15,0.34,0.55,37.41,1.89,-21.06,-3.75,-68.47,-211.25,1
R,2022-10-28 17:11:28.045614,0.19,0.35,0.54,52.61,-7.75,-8.36,-3.75,-68.47,-211.25,1
R,2022-10-28 17:11:28.061242,0.19,0.43,0.46,17.09,-1.22,-31.80,-3.75,-68.47,-211.25,1
R,2022-10-28 17:11:28.092474,0.22,0.50,0.50,-2.01,-6.23,-37.29,-1.70,-70.34,-210.10,1
R,2022-10-28 17:11:28.108100,0.23,0.52,0.62,15.81,-35.64,-42.36,-1.70,-70.34,-210.10,1
R,2022-10-28 17:11:28.123746,0.23,0.44,0.67,29.17,-53.59,-29.48,-7.04,-73.49,-206.82,1
R,2022-10-28 17:11:28.139371,0.18,0.32,0.71,24.60,-48.46,-15.32,-7.04,-73.49,-206.82,1
R,2022-10-28 17:11:28.155001,0.16,0.23,0.77,33.57,-39.25,-2.38,-7.04,-73.49,-206.82,1
R,2022-10-28 17:11:28.186232,0.17,0.22,0.85,40.28,-33.69,8.36,-14.33,-72.44,-201.93,1
R,2022-10-28 17:11:28.201857,0.19,0.21,0.94,36.25,-30.27,18.92,-14.33,-72.44,-201.93,1
R,2022-10-28 17:11:28.217505,0.19,0.17,1.00,22.83,-19.96,40.10,-14.33,-72.44,-201.93,1
R,2022-10-28 17:11:28.233130,0.23,0.26,1.08,17.88,-8.54,55.36,-22.05,-65.48,-194.90,1
R,2022-10-28 17:11:28.248752,0.28,0.38,1.09,3.66,4.15,54.81,-22.05,-65.48,-194.90,1
R,2022-10-28 17:11:28.279985,0.32,0.54,1.12,-13.61,14.47,45.47,-24.37,-57.46,-190.39,1
R,2022-10-28 17:11:28.295611,0.30,0.63,1.07,-32.84,18.25,19.59,-24.37,-57.46,-190.39,1
R,2022-10-28 17:11:28.311260,0.31,0.62,1.00,-19.84,13.85,19.84,-24.37,-57.46,-190.39,1
R,2022-10-28 17:11:28.326882,0.25,0.60,0.93,5.55,15.38,17.94,-22.36,-55.65,-194.36,1
R,2022-10-28 17:11:28.342511,0.24,0.51,0.94,9.95,12.15,7.51,-22.36,-55.65,-194.36,1
R,2022-10-28 17:11:28.373740,0.21,0.48,0.78,4.52,15.87,10.44,-22.36,-55.65,-194.36,1
R,2022-10-28 17:11:28.389365,0.19,0.44,0.71,16.24,4.03,9.34,-19.84,-54.48,-198.29,1
R,2022-10-28 17:11:28.405010,0.17,0.39,0.70,13.67,-1.16,2.75,-19.84,-54.48,-198.29,1
R,2022-10-28 17:11:28.420641,0.16,0.36,0.62,5.55,-3.60,-1.71,-17.91,-54.11,-201.53,1
R,2022-10-28 17:11:28.451870,0.14,0.42,0.68,-8.12,5.92,-10.31,-17.91,-54.11,-201.53,1
R,2022-10-28 17:11:28.467495,0.19,0.49,0.80,-11.23,28.69,-10.93,-17.91,-54.11,-201.53,1
R,2022-10-28 17:11:28.483141,0.26,0.58,0.47,4.03,-3.11,-12.82,-16.27,-55.70,-199.63,1
R,2022-10-28 17:11:28.498770,0.19,0.45,0.64,8.67,-21.18,-19.17,-16.27,-55.70,-199.63,1
R,2022-10-28 17:11:28.514391,0.16,0.37,0.69,9.89,-29.30,-26.37,-16.27,-55.70,-199.63,1
R,2022-10-28 17:11:28.545627,0.16,0.42,0.71,2.14,-36.74,-25.39,-20.30,-57.71,-195.12,1
R,2022-10-28 17:11:28.561270,0.19,0.43,0.72,1.22,-41.93,-23.13,-20.30,-57.71,-195.12,1
R,2022-10-28 17:11:28.576901,0.19,0.41,0.78,-7.02,-45.35,-29.24,-25.17,-59.33,-188.16,1
R,2022-10-28 17:11:28.592522,0.18,0.44,0.96,-18.25,-42.60,-25.88,-25.17,-59.33,-188.16,1
R,2022-10-28 17:11:28.623755,0.20,0.47,1.05,-13.98,-38.33,-16.05,-25.17,-59.33,-188.16,1
R,2022-10-28 17:11:28.639381,0.18,0.47,1.13,-12.57,-34.18,-6.96,-28.03,-59.39,-174.38,1
R,2022-10-28 17:11:28.655031,0.19,0.46,1.13,-5.07,-19.59,2.50,-28.03,-59.39,-174.38,1
R,2022-10-28 17:11:28.670652,0.17,0.44,1.11,-2.44,-13.43,8.48,-27.62,-59.05,-170.52,1
R,2022-10-28 17:11:28.686282,0.18,0.45,1.04,-6.96,-3.42,15.81,-27.62,-59.05,-170.52,1
R,2022-10-28 17:11:28.717509,0.13,0.49,0.96,-5.07,-13.12,24.17,-27.62,-59.05,-170.52,1
R,2022-10-28 17:11:28.733160,-0.31,0.42,1.07,3.48,2.26,21.91,-28.89,-57.69,-171.15,1
R,2022-10-28 17:11:28.748782,-0.03,0.35,1.06,17.15,45.04,12.15,-28.89,-57.69,-171.15,1
R,2022-10-28 17:11:28.764411,-0.00,0.28,0.98,44.74,24.60,26.86,-28.89,-57.69,-171.15,1
R,2022-10-28 17:11:28.795639,0.07,0.20,0.90,53.41,20.57,32.78,-22.00,-54.97,-175.72,1
R,2022-10-28 17:11:28.811268,0.10,0.17,0.82,48.22,15.14,38.21,-22.00,-54.97,-175.72,1
R,2022-10-28 17:11:28.826912,0.09,0.23,0.81,34.06,10.99,38.82,-13.45,-49.63,-180.19,1
R,2022-10-28 17:11:28.842541,0.13,0.28,0.81,18.62,11.78,30.21,-13.45,-49.63,-180.19,1
R,2022-10-28 17:11:28.858163,0.21,0.33,0.79,7.32,12.57,24.11,-13.45,-49.63,-180.19,1
R,2022-10-28 17:11:28.889395,0.21,0.33,0.80,3.91,9.03,20.87,-5.31,-48.16,-181.35,1
R,2022-10-28 17:11:28.905026,0.20,0.36,0.82,12.15,3.60,23.44,-5.31,-48.16,-181.35,1
R,2022-10-28 17:11:28.920651,0.17,0.30,0.85,43.88,-6.29,37.17,-5.31,-48.16,-181.35,1
R,2022-10-28 17:11:28.936293,0.13,0.21,0.89,39.73,-4.09,35.83,-0.46,-47.47,-182.04,1
R,2022-10-28 17:11:28.951922,0.11,0.20,0.92,27.71,1.22,32.41,-0.46,-47.47,-182.04,1
R,2022-10-28 17:11:28.983150,0.15,0.27,0.92,16.42,7.20,32.41,3.00,-48.02,-185.53,1
R,2022-10-28 17:11:28.998777,0.18,0.31,0.91,15.01,6.47,31.01,3.00,-48.02,-185.53,1
R,2022-10-28 17:11:29.014423,0.19,0.34,0.91,12.27,5.07,28.81,3.00,-48.02,-185.53,1
R,2022-10-28 17:11:29.030052,0.14,0.35,0.92,12.02,4.64,25.63,5.05,-50.09,-188.17,1
R,2022-10-28 17:11:29.045677,0.16,0.28,0.89,22.28,2.99,29.11,5.05,-50.09,-188.17,1
R,2022-10-28 17:11:29.061299,0.12,0.26,0.88,20.20,0.24,31.25,5.05,-50.09,-188.17,1
R,2022-10-28 17:11:29.094229,0.13,0.24,0.89,15.14,0.43,30.27,4.59,-50.98,-191.13,1
R,2022-10-28 17:11:29.108575,0.09,0.33,0.94,0.55,5.13,26.49,4.59,-50.98,-191.13,1
R,2022-10-28 17:11:29.124232,0.17,0.36,0.91,7.93,6.84,27.34,3.09,-52.22,-194.75,1
R,2022-10-28 17:11:29.139857,0.16,0.27,0.87,18.01,0.12,29.42,3.09,-52.22,-194.75,1
R,2022-10-28 17:11:29.155479,0.24,0.19,0.81,18.68,-3.05,29.05,3.09,-52.22,-194.75,1
R,2022-10-28 17:11:29.186712,0.17,0.15,0.80,5.43,-7.20,27.10,-0.50,-50.18,-197.85,1
R,2022-10-28 17:11:29.202337,0.15,0.13,0.80,2.08,-10.31,46.57,-0.50,-50.18,-197.85,1
R,2022-10-28 17:11:29.217983,0.13,0.15,0.83,-18.68,-2.93,28.93,-0.50,-50.18,-197.85,1
R,2022-10-28 17:11:29.233609,0.21,0.25,0.80,-18.43,-1.34,30.03,-5.94,-46.17,-202.20,1
R,2022-10-28 17:11:29.249238,0.20,0.22,0.79,-19.53,-3.91,35.95,-5.94,-46.17,-202.20,1
R,2022-10-28 17:11:29.280467,0.15,0.27,0.83,-27.10,-10.80,35.64,-10.85,-38.50,-208.01,1
R,2022-10-28 17:11:29.296092,0.02,0.45,0.99,-28.14,-5.74,32.65,-10.85,-38.50,-208.01,1
R,2022-10-28 17:11:29.311718,0.02,0.47,1.04,-26.18,3.78,24.29,-10.85,-38.50,-208.01,1
R,2022-10-28 17:11:29.327368,0.01,0.50,1.04,-20.81,5.43,21.61,-7.56,-28.55,-211.96,1
R,2022-10-28 17:11:29.342989,0.05,0.50,1.02,-5.07,3.05,30.33,-7.56,-28.55,-211.96,1
R,2022-10-28 17:11:29.358620,-0.01,0.58,1.05,-15.93,1.95,18.43,-7.56,-28.55,-211.96,1
R,2022-10-28 17:11:29.389848,0.01,0.65,1.02,-14.34,10.56,12.21,6.02,-20.79,-209.42,1
R,2022-10-28 17:11:29.405498,0.08,0.56,0.91,-16.72,19.17,0.67,6.02,-20.79,-209.42,1
R,2022-10-28 17:11:29.421120,0.14,0.54,0.87,-22.34,13.92,0.67,23.21,-20.20,-205.83,1
R,2022-10-28 17:11:29.436750,0.05,0.54,0.88,-32.29,10.38,0.98,23.21,-20.20,-205.83,1
R,2022-10-28 17:11:29.452372,0.02,0.57,0.90,-49.93,15.08,-9.95,23.21,-20.20,-205.83,1
R,2022-10-28 17:11:29.483604,0.03,0.60,0.87,-50.90,23.68,-18.62,39.53,-25.16,-203.98,1
R,2022-10-28 17:11:29.499250,0.10,0.60,0.83,-50.11,23.25,-20.02,39.53,-25.16,-203.98,1
R,2022-10-28 17:11:29.514879,0.11,0.59,0.82,-45.10,18.98,-18.74,39.53,-25.16,-203.98,1
R,2022-10-28 17:11:29.530502,0.13,0.56,0.80,-32.71,13.55,-9.34,54.19,-30.90,-198.49,1
R,2022-10-28 17:11:29.561734,0.11,0.69,0.75,-57.19,15.75,-24.78,54.19,-30.90,-198.49,1
R,2022-10-28 17:11:29.577359,0.16,0.64,0.67,-60.55,15.26,-30.88,68.30,-35.89,-194.64,1
R,2022-10-28 17:11:29.593009,0.15,0.53,0.63,-38.82,2.38,-20.57,68.30,-35.89,-194.64,1
R,2022-10-28 17:11:29.608631,0.15,0.50,0.58,-29.30,-9.89,-4.03,68.30,-35.89,-194.64,1
R,2022-10-28 17:11:29.624257,0.00,0.55,0.67,-34.97,-16.60,-4.03,81.37,-36.90,-193.41,1
R,2022-10-28 17:11:29.655489,-0.09,0.66,0.79,-41.93,-9.95,-10.44,81.37,-36.90,-193.41,1
R,2022-10-28 17:11:29.671138,0.11,0.63,0.56,-21.85,-6.71,-15.93,92.58,-34.23,-195.04,1
R,2022-10-28 17:11:29.686761,0.22,0.56,0.45,-5.13,-33.14,-12.33,92.58,-34.23,-195.04,1
R,2022-10-28 17:11:29.702386,-0.31,0.53,0.76,10.31,-22.03,-19.84,92.58,-34.23,-195.04,1
R,2022-10-28 17:11:29.733619,0.14,0.40,0.72,16.78,14.40,-18.92,96.97,-27.08,-198.27,1
R,2022-10-28 17:11:29.749244,0.11,0.48,0.64,3.60,-21.42,-11.29,96.97,-27.08,-198.27,1
R,2022-10-28 17:11:29.764890,0.08,0.53,0.64,11.35,-34.30,0.85,96.97,-27.08,-198.27,1
R,2022-10-28 17:11:29.780516,0.07,0.35,0.60,22.22,-51.09,13.98,94.02,-22.27,-201.86,1
R,2022-10-28 17:11:29.796145,0.05,0.22,0.54,7.75,-55.24,28.20,94.02,-22.27,-201.86,1
R,2022-10-28 17:11:29.827374,0.02,0.44,0.64,-12.15,-50.17,39.61,90.66,-19.21,-206.85,1
R,2022-10-28 17:11:29.842999,0.00,0.66,0.76,-13.31,-43.52,39.98,90.66,-19.21,-206.85,1
R,2022-10-28 17:11:29.858648,0.04,0.65,0.84,-15.69,-30.15,23.62,90.66,-19.21,-206.85,1
R,2022-10-28 17:11:29.874275,0.05,0.87,1.07,-16.78,-23.44,21.48,88.13,-15.50,-210.89,1
R,2022-10-28 17:11:29.889897,0.06,1.10,1.23,-14.34,-8.30,9.70,88.13,-15.50,-210.89,1
R,2022-10-28 17:11:29.921129,0.06,1.22,1.40,-6.16,8.06,-23.01,88.13,-15.50,-210.89,1
R,2022-10-28 17:11:29.936754,0.09,0.88,1.04,45.96,-18.13,13.06,88.22,-14.65,-210.36,1
R,2022-10-28 17:11:29.952404,0.48,0.64,1.60,69.40,-39.31,32.35,88.22,-14.65,-210.36,1
R,2022-10-28 17:11:29.968026,0.07,0.83,0.96,-32.10,82.46,-24.23,90.15,-14.67,-206.96,1
R,2022-10-28 17:11:29.983656,0.08,0.72,0.95,-27.65,70.13,-30.70,90.15,-14.67,-206.96,1
R,2022-10-28 17:11:30.014885,0.11,0.76,0.94,-39.86,70.13,-44.49,90.15,-14.67,-206.96,1
R,2022-10-28 17:11:30.030510,0.13,0.73,0.83,-32.29,68.24,-48.28,95.86,-20.00,-198.29,1
R,2022-10-28 17:11:30.046156,0.13,0.58,0.69,-2.56,58.41,-41.20,95.86,-20.00,-198.29,1
R,2022-10-28 17:11:30.061785,0.09,0.54,0.64,19.84,49.26,-36.68,95.86,-20.00,-198.29,1
R,2022-10-28 17:11:30.077407,0.07,0.43,0.54,29.79,31.31,-41.99,100.62,-23.72,-190.41,1
R,2022-10-28 17:11:30.093037,0.08,0.41,0.54,21.48,14.16,-38.88,100.62,-23.72,-190.41,1
R,2022-10-28 17:11:30.124265,0.11,0.59,0.56,-8.67,6.16,-45.23,100.73,-25.13,-189.78,1
R,2022-10-28 17:11:30.139893,0.10,0.64,0.52,-2.01,2.08,-50.05,100.73,-25.13,-189.78,1
R,2022-10-28 17:11:30.155537,0.11,0.57,0.51,-4.82,3.23,-47.36,100.73,-25.13,-189.78,1
R,2022-10-28 17:11:30.171166,0.15,0.46,0.58,-10.74,-0.49,-59.51,95.94,-20.56,-198.33,1
R,2022-10-28 17:11:30.186788,0.17,0.35,0.68,-7.51,-6.47,-46.45,95.94,-20.56,-198.33,1
R,2022-10-28 17:11:30.218019,0.19,0.39,0.70,-3.72,-21.42,-28.44,95.94,-20.56,-198.33,1
R,2022-10-28 17:11:30.233666,0.20,0.42,0.72,1.34,-28.38,-18.98,86.54,-15.83,-208.84,1
R,2022-10-28 17:11:30.249295,0.20,0.47,0.71,7.75,-30.94,-10.07,86.54,-15.83,-208.84,1
R,2022-10-28 17:11:30.264918,0.21,0.51,0.75,8.73,-29.85,-6.65,76.56,-9.75,-218.05,1
R,2022-10-28 17:11:30.280544,0.19,0.42,0.79,17.82,-29.42,1.40,76.56,-9.75,-218.05,1
R,2022-10-28 17:11:30.311774,0.19,0.39,0.81,22.52,-28.02,5.19,76.56,-9.75,-218.05,1
R,2022-10-28 17:11:30.327401,0.17,0.36,0.80,32.96,-30.03,18.13,69.18,-4.00,-221.94,1
R,2022-10-28 17:11:30.343048,0.16,0.36,0.78,36.13,-23.62,37.96,69.18,-4.00,-221.94,1
R,2022-10-28 17:11:30.358673,0.16,0.42,0.82,29.54,-18.74,39.37,69.18,-4.00,-221.94,1
R,2022-10-28 17:11:30.374303,0.17,0.45,0.91,11.35,-10.07,35.16,68.57,-0.34,-220.97,1
R,2022-10-28 17:11:30.405531,0.17,0.35,0.96,4.15,-5.49,43.82,68.57,-0.34,-220.97,1
R,2022-10-28 17:11:30.421157,0.16,0.42,0.96,-3.91,2.01,72.81,77.27,-3.28,-213.73,1
R,2022-10-28 17:11:30.436802,0.16,0.75,0.96,-18.68,16.60,41.32,77.27,-3.28,-213.73,1
R,2022-10-28 17:11:30.452431,0.13,0.83,0.88,-14.71,22.83,25.82,77.27,-3.28,-213.73,1
R,2022-10-28 17:11:30.468054,0.05,0.75,0.83,-4.76,17.21,5.07,87.88,-9.13,-204.83,1
R,2022-10-28 17:11:30.499286,0.48,0.80,0.72,7.39,1.77,-8.54,87.88,-9.13,-204.83,1
R,2022-10-28 17:11:30.514912,0.08,0.57,0.74,14.40,-9.83,-14.40,87.88,-9.13,-204.83,1
R,2022-10-28 17:11:30.530561,0.07,0.51,0.69,0.79,-7.08,-7.93,88.98,-9.11,-202.00,1
R,2022-10-28 17:11:30.546183,0.08,0.50,0.69,-13.61,14.34,-8.67,88.98,-9.11,-202.00,1
R,2022-10-28 17:11:30.561812,0.13,0.63,0.82,-22.03,23.01,-4.82,89.64,-9.59,-201.29,1
R,2022-10-28 17:11:30.593040,0.15,0.63,0.85,-9.95,20.75,5.62,89.64,-9.59,-201.29,1
R,2022-10-28 17:11:30.608666,0.16,0.54,0.83,6.04,14.10,13.00,89.64,-9.59,-201.29,1
R,2022-10-28 17:11:30.624313,0.15,0.45,0.80,1.89,7.39,4.21,89.82,-9.74,-201.18,1
R,2022-10-28 17:11:30.639942,0.15,0.58,0.79,-16.78,3.36,-4.39,89.82,-9.74,-201.18,1
R,2022-10-28 17:11:30.655564,0.14,0.55,0.77,-11.72,2.56,-5.80,89.82,-9.74,-201.18,1
R,2022-10-28 17:11:30.686797,0.12,0.51,0.72,-11.54,4.15,-10.25,90.44,-10.86,-203.03,1
R,2022-10-28 17:11:30.702427,0.11,0.53,0.66,7.63,-39.79,-25.88,90.44,-10.86,-203.03,1
R,2022-10-28 17:11:30.718071,0.08,0.51,0.66,14.34,-50.29,-20.20,85.12,-6.79,-206.79,1
R,2022-10-28 17:11:30.733694,0.05,0.50,0.54,3.91,-45.35,-18.25,85.12,-6.79,-206.79,1
R,2022-10-28 17:11:30.749323,0.03,0.47,0.51,8.36,-54.69,-9.16,85.12,-6.79,-206.79,1
R,2022-10-28 17:11:30.780552,0.06,0.44,0.59,5.80,-62.13,0.67,73.49,0.73,-215.84,1
R,2022-10-28 17:11:30.796178,0.04,0.48,0.67,-2.69,-67.38,1.83,73.49,0.73,-215.84,1
R,2022-10-28 17:11:30.811823,0.04,0.58,0.80,-10.13,-61.04,1.46,73.49,0.73,-215.84,1
R,2022-10-28 17:11:30.827453,0.04,0.63,0.95,-8.30,-50.29,5.86,55.22,7.37,-225.20,1
R,2022-10-28 17:11:30.843078,0.05,0.73,1.10,6.23,-37.23,11.96,55.22,7.37,-225.20,1
R,2022-10-28 17:11:30.858701,0.04,0.78,1.20,16.54,-27.10,22.40,55.22,7.37,-225.20,1
R,2022-10-28 17:11:30.889935,0.03,0.84,1.27,27.47,-10.38,31.43,41.37,13.70,-230.64,1
R,2022-10-28 17:11:30.905558,0.00,0.86,1.07,42.18,8.48,47.55,41.37,13.70,-230.64,1
R,2022-10-28 17:11:30.921205,-0.23,0.72,1.09,18.07,38.88,3.11,35.94,19.14,-230.02,1
R,2022-10-28 17:11:30.936830,-0.09,0.41,0.99,23.32,55.42,8.54,35.94,19.14,-230.02,1
R,2022-10-28 17:11:30.952459,-0.05,0.41,0.89,34.85,44.68,27.53,35.94,19.14,-230.02,1
R,2022-10-28 17:11:30.983688,-0.04,0.42,0.86,20.39,46.20,16.72,37.15,13.04,-223.82,1
R,2022-10-28 17:11:30.999313,0.08,0.45,0.73,18.25,37.84,19.84,37.15,13.04,-223.82,1
R,2022-10-28 17:11:31.014960,0.07,0.50,0.68,-2.87,30.82,11.47,37.15,13.04,-223.82,1
R,2022-10-28 17:11:31.030589,0.06,0.59,0.72,-19.84,25.09,1.16,38.13,3.55,-217.47,1
R,2022-10-28 17:11:31.046211,0.07,0.66,0.73,-15.93,18.19,-6.65,38.13,3.55,-217.47,1
