r,2022-10-11 12:59:31.579173,-0.08,0.07,1.13,-2.50,-6.47,5.92,30.99,102.70,-20.59,1
r,2022-10-11 12:59:31.598172,-0.09,-0.11,1.11,-8.24,-6.16,0.12,30.99,102.70,-20.59,1
r,2022-10-11 12:59:31.616173,-0.14,-0.11,1.10,-19.84,-5.98,-1.40,30.99,102.70,-20.59,1
r,2022-10-11 12:59:31.634185,-0.16,-0.06,1.13,-27.71,-2.62,-6.47,31.97,108.24,-19.62,1
r,2022-10-11 12:59:31.652770,-0.18,-0.14,1.04,-41.08,5.43,-15.08,31.97,108.24,-19.62,1
r,2022-10-11 12:59:31.670711,-0.08,-0.17,0.93,-23.25,2.32,-5.80,31.97,108.24,-19.62,1
r,2022-10-11 12:59:31.689770,-0.10,-0.19,0.92,-16.30,-3.91,0.43,30.77,113.42,-19.75,1
r,2022-10-11 12:59:31.707771,-0.19,-0.15,0.96,-22.52,-5.19,1.40,30.77,113.42,-19.75,1
r,2022-10-11 12:59:31.725825,-0.21,-0.13,0.95,-34.79,14.40,-16.91,30.77,113.42,-19.75,1
r,2022-10-11 12:59:31.744825,-0.21,-0.21,0.92,-61.52,-0.79,-29.05,28.41,119.41,-21.36,1
r,2022-10-11 12:59:31.762823,-0.17,-0.21,0.85,-55.66,-4.03,-22.52,28.41,119.41,-21.36,1
r,2022-10-11 12:59:31.781823,-0.13,-0.19,0.81,-42.11,-10.86,-10.93,23.52,125.22,-25.50,1
r,2022-10-11 12:59:31.799825,-0.17,-0.15,0.84,-37.54,-18.62,-3.72,23.52,125.22,-25.50,1
r,2022-10-11 12:59:31.817825,-0.21,-0.11,0.82,-40.95,-22.34,-4.27,23.52,125.22,-25.50,1
r,2022-10-11 12:59:31.836825,-0.25,-0.09,0.79,-48.10,-22.64,-8.30,19.47,133.07,-25.34,1
r,2022-10-11 12:59:31.854823,-0.19,0.23,0.66,3.11,24.48,-1.16,19.47,133.07,-25.34,1
r,2022-10-11 12:59:31.872822,-0.18,-0.15,0.84,62.68,-5.37,3.11,19.47,133.07,-25.34,1
r,2022-10-11 12:59:31.891833,-0.18,-0.15,0.88,20.87,-19.78,-6.53,18.63,137.40,-20.61,1
r,2022-10-11 12:59:31.909825,-0.18,-0.12,0.85,17.15,-26.61,-8.48,18.63,137.40,-20.61,1
r,2022-10-11 12:59:31.929004,-0.20,-0.14,0.88,13.31,-30.09,-8.73,19.43,141.81,-15.59,1
r,2022-10-11 12:59:31.946994,-0.21,-0.14,0.90,10.68,-31.01,-8.12,19.43,141.81,-15.59,1
r,2022-10-11 12:59:31.965002,-0.21,-0.16,0.96,18.19,-33.63,-3.05,19.43,141.81,-15.59,1
r,2022-10-11 12:59:31.983993,-0.22,-0.17,1.12,29.54,-27.28,2.08,21.85,146.98,-11.62,1
r,2022-10-11 12:59:32.001753,-0.24,-0.19,1.22,36.01,-17.33,6.65,21.85,146.98,-11.62,1
r,2022-10-11 12:59:32.019822,-0.26,-0.25,1.33,27.10,-5.00,3.97,21.85,146.98,-11.62,1
r,2022-10-11 12:59:32.038813,-0.21,-0.22,1.24,7.32,9.16,-2.93,25.06,148.94,-6.90,1
r,2022-10-11 12:59:32.056838,-0.19,-0.16,1.07,10.74,-10.86,-8.06,25.06,148.94,-6.90,1
r,2022-10-11 12:59:32.074962,-0.35,-0.33,1.54,20.57,-20.87,-5.31,25.06,148.94,-6.90,1
r,2022-10-11 12:59:32.093962,-0.26,-0.16,1.17,21.73,20.02,11.29,23.22,147.79,-6.82,1
r,2022-10-11 12:59:32.111963,-0.23,-0.14,1.06,23.99,25.02,7.81,23.22,147.79,-6.82,1
r,2022-10-11 12:59:32.129965,-0.24,-0.21,1.11,3.36,36.13,1.04,19.69,143.55,-8.47,1
r,2022-10-11 12:59:32.148964,-0.18,-0.24,1.00,7.02,38.51,-0.79,19.69,143.55,-8.47,1
r,2022-10-11 12:59:32.166963,-0.19,-0.23,0.98,8.18,34.85,0.92,19.69,143.55,-8.47,1
r,2022-10-11 12:59:32.185962,-0.17,-0.19,0.89,9.64,34.61,2.81,15.00,137.82,-14.14,1
r,2022-10-11 12:59:32.203965,-0.18,-0.12,0.84,14.47,33.20,4.46,15.00,137.82,-14.14,1
r,2022-10-11 12:59:32.221034,-0.21,0.00,0.75,28.63,23.32,3.60,15.00,137.82,-14.14,1
r,2022-10-11 12:59:32.241047,-0.21,0.03,0.76,37.29,18.74,-1.04,13.07,131.13,-18.65,1
r,2022-10-11 12:59:32.259027,-0.20,-0.02,0.71,40.95,18.62,-6.65,13.07,131.13,-18.65,1
r,2022-10-11 12:59:32.278030,-0.17,-0.18,0.69,39.37,18.01,-12.45,8.35,125.48,-25.18,1
r,2022-10-11 12:59:32.296036,-0.15,-0.34,0.74,45.53,7.32,-10.31,8.35,125.48,-25.18,1
r,2022-10-11 12:59:32.314028,-0.12,-0.49,0.79,50.60,3.85,2.44,8.35,125.48,-25.18,1
r,2022-10-11 12:59:32.333027,-0.14,-0.46,0.83,47.00,2.87,6.47,5.32,122.61,-26.05,1
r,2022-10-11 12:59:32.351029,-0.13,-0.49,0.85,34.67,4.94,-0.92,5.32,122.61,-26.05,1
r,2022-10-11 12:59:32.369029,-0.12,-0.51,0.89,25.51,11.05,-4.27,5.32,122.61,-26.05,1
r,2022-10-11 12:59:32.387052,-0.11,-0.43,0.95,16.78,13.31,-5.49,2.60,123.99,-25.63,1
r,2022-10-11 12:59:32.406009,-0.10,-0.44,1.00,6.16,8.67,-6.10,2.60,123.99,-25.63,1
r,2022-10-11 12:59:32.424100,-0.11,-0.39,0.99,-15.01,1.34,-8.18,2.60,123.99,-25.63,1
r,2022-10-11 12:59:32.443310,-0.10,-0.35,0.97,-38.94,-6.53,-7.81,2.72,123.39,-24.99,1
