B,2022-11-06 16:32:26.019739,-0.07,1.02,0.08,-11.11,2.93,-0.79,71.61,8.29,-109.24,1
B,2022-11-06 16:32:26.037740,-0.10,1.01,0.06,-2.87,2.20,-5.37,71.61,8.29,-109.24,1
B,2022-11-06 16:32:26.056816,-0.07,0.96,0.03,-8.79,-5.37,-11.35,74.95,5.44,-108.24,1
B,2022-11-06 16:32:26.074830,-0.17,1.08,0.17,-29.91,-19.78,-10.68,74.95,5.44,-108.24,1
B,2022-11-06 16:32:26.093730,-0.10,1.05,0.12,-20.32,-6.96,-10.25,79.08,3.37,-107.89,1
B,2022-11-06 16:32:26.111706,-0.09,1.03,0.04,-15.01,-0.61,-8.36,79.08,3.37,-107.89,1
B,2022-11-06 16:32:26.129815,-0.12,1.03,0.07,-16.54,-2.14,-10.19,79.08,3.37,-107.89,1
B,2022-11-06 16:32:26.148636,-0.07,0.99,0.05,-24.23,-5.25,-13.79,82.67,3.22,-105.96,1
B,2022-11-06 16:32:26.166829,-0.11,1.00,0.10,-26.31,-3.66,-13.98,82.67,3.22,-105.96,1
B,2022-11-06 16:32:26.184804,-0.05,0.97,-0.00,-21.61,2.14,-10.86,82.67,3.22,-105.96,1
B,2022-11-06 16:32:26.203844,-0.05,0.97,-0.05,-34.91,-5.49,-11.96,86.10,2.20,-107.41,1
B,2022-11-06 16:32:26.221911,-0.05,1.00,-0.05,-27.71,-10.01,-6.16,86.10,2.20,-107.41,1
B,2022-11-06 16:32:26.239977,-0.02,0.94,-0.07,-21.67,-14.71,-0.18,86.10,2.20,-107.41,1
B,2022-11-06 16:32:26.258759,-0.11,0.90,-0.03,-19.17,-15.20,3.36,89.56,1.56,-106.84,1
B,2022-11-06 16:32:26.276810,-0.19,1.16,-0.03,7.75,-8.00,8.12,89.56,1.56,-106.84,1
B,2022-11-06 16:32:26.295689,-0.07,0.95,0.05,22.52,-0.49,6.04,90.33,1.89,-106.35,1
B,2022-11-06 16:32:26.313812,-0.05,0.94,-0.01,-15.99,-7.93,4.88,90.33,1.89,-106.35,1
B,2022-11-06 16:32:26.331805,-0.07,0.91,-0.02,-34.79,-10.68,3.60,90.33,1.89,-106.35,1
B,2022-11-06 16:32:26.350706,-0.15,0.70,0.01,-30.82,-13.24,22.71,90.19,0.13,-106.77,1
B,2022-11-06 16:32:26.368966,-0.14,0.68,-0.04,-18.49,-9.95,44.31,90.19,0.13,-106.77,1
B,2022-11-06 16:32:26.386629,-0.16,0.67,-0.01,2.87,2.38,72.33,90.19,0.13,-106.77,1
B,2022-11-06 16:32:26.405699,-0.12,0.74,0.05,30.09,16.30,95.34,84.64,-9.16,-105.41,1
B,2022-11-06 16:32:26.423647,-0.14,0.88,0.01,13.06,19.23,87.40,84.64,-9.16,-105.41,1
B,2022-11-06 16:32:26.442801,-0.19,0.99,0.01,-10.74,8.79,70.80,72.72,-20.34,-105.04,1
B,2022-11-06 16:32:26.461030,-0.23,1.14,-0.01,-34.67,-1.34,48.34,72.72,-20.34,-105.04,1
B,2022-11-06 16:32:26.478870,-0.29,1.34,-0.13,-33.75,4.09,33.02,72.72,-20.34,-105.04,1
B,2022-11-06 16:32:26.497775,-0.39,1.44,-0.19,-32.96,2.69,15.56,64.01,-25.61,-105.00,1
B,2022-11-06 16:32:26.515974,-0.56,1.66,-0.26,-22.52,-0.18,-11.54,64.01,-25.61,-105.00,1
B,2022-11-06 16:32:26.533905,-0.34,1.40,-0.26,1.22,-8.36,-59.88,64.01,-25.61,-105.00,1
B,2022-11-06 16:32:26.552792,-0.18,1.21,-0.18,9.09,-11.54,-52.61,66.81,-22.38,-104.68,1
B,2022-11-06 16:32:26.570837,-0.13,1.09,-0.14,-1.28,-15.63,-58.78,66.81,-22.38,-104.68,1
B,2022-11-06 16:32:26.588795,-0.05,0.95,-0.12,-0.79,-13.37,-63.60,66.81,-22.38,-104.68,1
B,2022-11-06 16:32:26.607969,-0.04,0.83,-0.08,-4.88,-12.57,-62.13,74.46,-13.68,-104.03,1
B,2022-11-06 16:32:26.625977,-0.04,0.79,-0.02,-9.28,-15.93,-41.38,74.46,-13.68,-104.03,1
B,2022-11-06 16:32:26.644806,-0.07,0.79,0.08,-8.12,-7.08,-30.76,80.86,-6.85,-105.68,1
B,2022-11-06 16:32:26.662722,-0.07,0.77,0.04,-4.82,1.59,-20.32,80.86,-6.85,-105.68,1
B,2022-11-06 16:32:26.680966,-0.10,0.84,-0.01,-4.94,4.33,-12.27,80.86,-6.85,-105.68,1
B,2022-11-06 16:32:26.699792,-0.10,0.84,-0.05,-2.50,7.69,-6.16,86.02,-4.82,-104.00,1
B,2022-11-06 16:32:26.717794,-0.07,0.87,-0.16,-12.45,0.24,-4.52,86.02,-4.82,-104.00,1
B,2022-11-06 16:32:26.735955,-0.30,0.84,-0.23,-28.14,-10.50,-3.17,86.02,-4.82,-104.00,1
B,2022-11-06 16:32:26.754952,-0.15,0.99,-0.26,-3.30,-11.78,-1.71,89.17,-6.57,-104.46,1
B,2022-11-06 16:32:26.772872,-0.13,0.98,-0.12,2.20,-5.00,-2.14,89.17,-6.57,-104.46,1
B,2022-11-06 16:32:26.791994,-0.13,0.99,-0.35,-11.54,-9.28,-3.30,89.58,-6.65,-104.33,1
B,2022-11-06 16:32:26.809878,-0.13,1.00,-0.39,-23.62,-35.71,-9.03,89.58,-6.65,-104.33,1
B,2022-11-06 16:32:26.828119,-0.16,0.94,-0.27,-18.74,-42.85,-11.41,89.58,-6.65,-104.33,1
B,2022-11-06 16:32:26.847810,-0.14,0.89,-0.25,1.04,-32.96,-6.84,88.83,-5.73,-108.45,1
B,2022-11-06 16:32:26.865919,-0.12,0.88,-0.07,16.85,-23.32,-0.18,88.83,-5.73,-108.45,1
B,2022-11-06 16:32:26.883699,-0.12,0.87,0.04,16.66,-17.58,7.32,88.83,-5.73,-108.45,1
B,2022-11-06 16:32:26.902855,-0.09,0.91,0.04,5.37,-16.17,15.38,87.49,-6.41,-111.34,1
B,2022-11-06 16:32:26.920694,-0.10,0.93,0.05,0.31,-15.69,21.48,87.49,-6.41,-111.34,1
B,2022-11-06 16:32:26.938806,-0.12,0.93,0.03,-2.62,-8.79,24.11,87.49,-6.41,-111.34,1
B,2022-11-06 16:32:26.957631,-0.12,0.98,0.04,2.38,-1.59,22.58,83.52,-10.40,-110.85,1
B,2022-11-06 16:32:26.975508,-0.12,1.00,0.08,5.74,6.59,17.40,83.52,-10.40,-110.85,1
B,2022-11-06 16:32:26.994714,-0.13,0.97,0.13,1.10,13.85,12.08,79.74,-14.28,-110.58,1
B,2022-11-06 16:32:27.012642,-0.13,1.00,0.06,-6.23,21.85,12.76,79.74,-14.28,-110.58,1
B,2022-11-06 16:32:27.030699,-0.15,1.07,-0.03,-3.66,21.30,11.96,79.74,-14.28,-110.58,1
B,2022-11-06 16:32:27.049719,-0.15,1.04,-0.16,1.65,25.27,10.07,76.98,-19.13,-106.80,1
B,2022-11-06 16:32:27.067859,-0.18,1.03,-0.18,-8.91,19.53,3.48,76.98,-19.13,-106.80,1
B,2022-11-06 16:32:27.085788,-0.18,1.02,-0.37,-10.86,17.40,2.44,76.98,-19.13,-106.80,1
B,2022-11-06 16:32:27.104966,-0.20,1.08,-0.57,-10.38,-9.16,-3.36,75.96,-21.28,-103.89,1
B,2022-11-06 16:32:27.122981,-0.19,0.99,-0.25,3.60,-2.87,-3.66,75.96,-21.28,-103.89,1
B,2022-11-06 16:32:27.141813,-0.19,0.97,-0.41,7.81,-10.99,8.73,74.55,-21.44,-103.80,1
B,2022-11-06 16:32:27.159785,-0.20,0.90,-0.29,2.44,-24.90,5.37,74.55,-21.44,-103.80,1
B,2022-11-06 16:32:27.177844,-0.20,0.85,-0.30,2.93,-29.11,8.00,74.55,-21.44,-103.80,1
B,2022-11-06 16:32:27.196800,-0.20,0.87,-0.09,5.49,-28.20,16.42,72.86,-21.72,-106.65,1
B,2022-11-06 16:32:27.214671,-0.19,0.90,0.04,17.40,-15.50,22.95,72.86,-21.72,-106.65,1
B,2022-11-06 16:32:27.232786,-0.16,0.93,0.16,23.13,-6.29,25.51,72.86,-21.72,-106.65,1
B,2022-11-06 16:32:27.251649,-0.17,0.97,0.25,15.44,0.12,22.28,68.58,-23.10,-108.19,1
B,2022-11-06 16:32:27.269474,-0.18,1.00,0.27,11.66,15.50,22.16,68.58,-23.10,-108.19,1
B,2022-11-06 16:32:27.287565,-0.19,1.03,0.21,11.05,30.58,21.61,68.58,-23.10,-108.19,1
B,2022-11-06 16:32:27.306533,-0.21,1.07,0.16,1.95,40.95,14.10,64.36,-24.67,-107.37,1
B,2022-11-06 16:32:27.324830,-0.19,1.02,-0.03,-11.90,49.32,3.11,64.36,-24.67,-107.37,1
B,2022-11-06 16:32:27.343816,-0.25,1.06,-0.27,-33.26,21.42,0.18,62.60,-27.62,-105.00,1
B,2022-11-06 16:32:27.361754,-0.30,1.03,-0.49,-36.07,8.73,1.10,62.60,-27.62,-105.00,1
B,2022-11-06 16:32:27.379681,-0.35,1.06,-0.57,-31.74,5.00,2.38,62.60,-27.62,-105.00,1
B,2022-11-06 16:32:27.398809,-0.55,1.20,-0.63,-12.27,5.25,-1.46,62.65,-28.37,-102.82,1
B,2022-11-06 16:32:27.416785,-0.53,1.20,-0.59,27.83,-6.04,-17.94,62.65,-28.37,-102.82,1
B,2022-11-06 16:32:27.434970,-0.42,1.08,-0.48,34.85,-11.96,-28.32,62.65,-28.37,-102.82,1
B,2022-11-06 16:32:27.453855,-0.30,0.99,-0.40,34.79,-23.07,-33.94,66.19,-21.47,-103.89,1
B,2022-11-06 16:32:27.471829,-0.21,0.95,-0.27,33.20,-32.41,-34.55,66.19,-21.47,-103.89,1
B,2022-11-06 16:32:27.490831,-0.12,0.91,-0.16,36.93,-33.02,-32.04,66.81,-10.95,-110.73,1
B,2022-11-06 16:32:27.508808,-0.03,0.81,0.01,27.22,-31.86,-33.33,66.81,-10.95,-110.73,1
B,2022-11-06 16:32:27.526724,0.03,0.83,0.07,14.71,-27.59,-28.08,66.81,-10.95,-110.73,1
B,2022-11-06 16:32:27.545663,0.04,0.82,0.10,8.79,-20.69,-22.16,65.34,-2.03,-117.02,1
