k,2022-09-29 21:39:33.830556,2.470942,9.194204,-2.020809,0.018650,-0.059074,-0.175946,34.790523,-1.415049,-65.107475,1
k,2022-09-29 21:39:33.928227,2.322494,9.160683,-2.030386,0.040489,-0.107011,0.117939,34.790523,-1.415049,-65.107475,1
k,2022-09-29 21:39:34.023698,2.087850,8.777591,-1.857995,-0.273503,-0.172260,0.123265,34.439102,-2.830098,-64.084838,1
k,2022-09-29 21:39:34.118801,2.523617,8.562102,-1.355187,-0.275900,-0.081578,0.145236,33.033424,-3.891384,-62.380458,1
k,2022-09-29 21:39:34.215681,2.858823,10.017850,-1.814897,-0.222769,-0.131912,-0.006433,31.627748,-16.980587,-58.630813,1
k,2022-09-29 21:39:34.310762,2.868400,10.180665,-1.968134,-0.142873,-0.021922,0.188380,31.627748,-16.980587,-58.630813,1
k,2022-09-29 21:39:34.408069,5.588352,10.362633,-2.126159,0.743574,-0.359350,0.034181,31.803457,-24.940235,-65.959663,1
k,2022-09-29 21:39:34.503664,0.186757,9.151105,-1.565888,-0.137946,-0.616082,-0.262100,30.749198,-17.864992,-59.483005,1
k,2022-09-29 21:39:34.599577,1.053502,8.729704,-2.159680,-0.153526,-0.256817,0.195305,30.924909,-8.136531,-50.108890,1
k,2022-09-29 21:39:34.696393,1.896304,8.509427,-1.857995,-0.411723,0.611387,0.369877,30.924909,-8.136531,-50.108890,1
k,2022-09-29 21:39:34.791487,5.483001,10.343479,-2.317705,0.169920,-0.318070,-0.238797,29.167812,-15.565538,-54.199413,1
k,2022-09-29 21:39:34.887468,2.461365,8.830266,-1.656872,-0.327566,-0.307018,-0.231740,28.464973,-19.103158,-57.267303,1
k,2022-09-29 21:39:34.998022,2.528406,8.815900,-1.355187,-0.363519,-0.416609,0.100628,30.749198,-21.756376,-59.483005,1
k,2022-09-29 21:39:35.095905,0.866745,10.582911,-2.475731,0.275916,0.068227,-0.501922,33.209136,-24.586473,-68.686676,1
k,2022-09-29 21:39:35.189881,1.388708,9.352229,-1.857995,-0.338085,-0.114868,0.536461,33.209136,-24.586473,-68.686676,1
k,2022-09-29 21:39:35.286997,3.653738,9.773630,-0.565060,0.431180,0.008305,-0.102175,33.209136,-23.171424,-68.686676,1
k,2022-09-29 21:39:35.382079,2.140525,9.261244,-1.996866,0.001872,-0.305287,-0.207105,32.857715,-21.048851,-63.232650,1
