J,2022-11-06 16:09:04.146570,1.613774,9.596450,-2.140525,0.318287,-0.038166,-0.601564,32.869430,-24.813724,-83.280548,1
J,2022-11-06 16:09:04.245010,0.244221,8.753648,-3.500501,0.326144,-0.175321,-0.631259,33.405345,-21.397342,-78.615455,1
J,2022-11-06 16:09:04.336644,-0.512385,9.687434,-2.734318,-0.041778,-0.366805,0.034808,33.405345,-21.397342,-78.615455,1
J,2022-11-06 16:09:04.436945,0.028732,9.385749,-2.815725,-0.248043,-0.287975,0.548939,30.189857,-21.037723,-76.887641,1
J,2022-11-06 16:09:04.528340,-0.062252,9.754475,-1.805320,-0.164285,-0.067328,0.406857,23.758880,-23.555057,-79.997703,1
J,2022-11-06 16:09:04.628218,0.158025,9.471945,-2.020809,-0.192781,0.298596,0.343606,20.007478,-28.769535,-83.626106,1
J,2022-11-06 16:09:04.728219,0.905054,9.443213,-2.059118,0.148242,0.300992,0.112840,20.722032,-36.681159,-86.736167,1
J,2022-11-06 16:09:04.820503,4.726395,9.491100,0.708720,-0.099835,-0.026182,0.484889,20.722032,-36.681159,-86.736167,1
J,2022-11-06 16:09:04.920388,0.838013,9.476734,-2.145314,0.020541,0.271431,-0.154945,22.329774,-41.536018,-86.563385,1
J,2022-11-06 16:09:05.011510,2.365592,9.414482,-2.049541,-0.161222,-0.512749,-0.105676,21.972499,-41.536018,-86.217826,1
J,2022-11-06 16:09:05.104261,-0.335205,9.831093,-1.944191,-0.138851,-0.509420,-0.299157,15.184247,-41.176399,-90.364578,1
J,2022-11-06 16:09:05.204269,-1.910670,9.716166,-1.221105,-0.324743,-0.203019,-0.145757,15.184247,-41.176399,-90.364578,1
J,2022-11-06 16:09:05.294817,-1.656872,10.769668,0.689565,0.943341,0.952678,-0.348560,8.753273,-37.220588,-91.055702,1
J,2022-11-06 16:09:05.395960,1.747856,8.653086,-3.155719,-0.684009,0.171294,0.522041,18.935649,-33.804203,-81.207168,1
J,2022-11-06 16:09:05.486947,0.976884,11.167126,0.009577,-0.320082,-0.439910,0.329758,17.863821,-37.400398,-91.574043,1
J,2022-11-06 16:09:05.589541,1.374342,9.002657,-1.580254,-0.100501,-0.022453,0.057978,17.863821,-37.400398,-91.574043,1
J,2022-11-06 16:09:05.679547,1.029559,9.333074,-1.637717,0.014549,-0.044159,-0.003808,17.863821,-37.400398,-91.574043,1
J,2022-11-06 16:09:05.780212,0.742240,9.606027,-1.690392,-0.106760,0.043061,-0.095556,13.933780,-34.883064,-99.521980,1
J,2022-11-06 16:09:05.879305,0.589004,10.060949,-1.513213,-0.124736,0.018693,-0.014062,11.432846,-28.050296,-107.124351,1
J,2022-11-06 16:09:05.969434,0.708720,9.936444,-1.685604,-0.095574,0.113769,0.055714,8.217358,-23.375247,-110.925537,1
J,2022-11-06 16:09:06.069451,0.220278,9.974753,-1.522790,-0.047237,0.173958,0.009641,8.217358,-23.375247,-110.925537,1
J,2022-11-06 16:09:06.159891,0.794915,9.922078,-1.546733,0.023338,0.072490,0.172629,11.432846,-19.419437,-114.035598,1
J,2022-11-06 16:09:06.260459,1.359976,9.931655,-1.532367,0.005228,0.115634,0.092999,14.291057,-21.577152,-113.344474,1
J,2022-11-06 16:09:06.360341,1.369553,9.869402,-1.522790,0.013084,0.029079,-0.065195,18.935649,-25.892581,-112.998916,1
J,2022-11-06 16:09:06.450447,1.541944,9.989119,-1.541944,-0.048436,-0.013265,-0.009268,18.935649,-25.892581,-112.998916,1
J,2022-11-06 16:09:06.550451,1.714336,9.079276,-1.115755,-0.148439,-0.015396,-0.142029,21.436584,-27.331058,-109.543289,1
J,2022-11-06 16:09:06.641017,-0.052675,9.682645,-1.154064,0.648391,-0.073986,-0.644575,23.401605,-30.028203,-110.061630,1
J,2022-11-06 16:09:06.741594,-1.575465,9.433636,-2.178835,0.398183,0.149456,-0.382516,24.116157,-24.993534,-99.349197,1
J,2022-11-06 16:09:06.832512,1.690392,10.309958,-1.623351,0.054630,0.284081,0.196731,29.475303,-25.353153,-92.092384,1
