i,2022-09-30 15:41:26.868596,-0.10,0.34,0.89,-21.18,34.91,-7.69,140.21,78.20,-37.22,1
i,2022-09-30 15:41:26.884224,-0.05,0.43,0.90,-23.32,31.01,-6.23,140.21,78.20,-37.22,1
i,2022-09-30 15:41:26.899847,-0.02,0.45,0.88,-29.97,29.48,-13.43,140.21,78.20,-37.22,1
i,2022-09-30 15:41:26.915471,-0.06,0.33,0.77,-36.01,23.38,-12.21,142.03,81.52,-30.14,1
i,2022-09-30 15:41:26.946702,-0.06,0.33,0.70,-15.81,7.93,0.55,142.03,81.52,-30.14,1
i,2022-09-30 15:41:26.962329,-0.06,0.42,0.76,-8.36,-3.17,4.46,145.17,82.60,-26.51,1
i,2022-09-30 15:41:26.977977,-0.06,0.45,0.77,-9.95,-5.80,-1.59,145.17,82.60,-26.51,1
i,2022-09-30 15:41:26.993602,-0.06,0.40,0.78,-7.81,-6.84,-6.16,145.17,82.60,-26.51,1
i,2022-09-30 15:41:27.009228,-0.15,0.51,1.14,-2.44,-1.89,-6.04,149.87,85.02,-28.03,1
i,2022-09-30 15:41:27.024855,-0.06,0.44,0.86,0.79,11.90,-1.04,149.87,85.02,-28.03,1
i,2022-09-30 15:41:27.056122,-0.04,0.36,0.84,-3.36,12.82,-3.42,149.87,85.02,-28.03,1
i,2022-09-30 15:41:27.071757,-0.05,0.30,0.77,-11.47,5.13,-2.56,149.73,84.90,-26.57,1
i,2022-09-30 15:41:27.087403,-0.08,0.33,0.72,-8.97,-15.08,5.80,149.73,84.90,-26.57,1
i,2022-09-30 15:41:27.103024,-0.09,0.35,0.76,-6.59,-28.44,12.82,149.73,84.90,-26.57,1
i,2022-09-30 15:41:27.118649,-0.09,0.33,0.70,1.16,-34.79,17.58,150.61,81.65,-33.81,1
i,2022-09-30 15:41:27.134256,-0.11,0.42,0.78,13.55,-42.66,25.57,150.61,81.65,-33.81,1
i,2022-09-30 15:41:27.165506,-0.12,0.47,0.78,22.22,-41.63,22.09,153.66,73.96,-48.27,1
i,2022-09-30 15:41:27.181154,-0.14,0.45,0.82,21.06,-40.95,14.22,153.66,73.96,-48.27,1
i,2022-09-30 15:41:27.196783,-0.16,0.44,0.87,16.85,-44.43,10.07,153.66,73.96,-48.27,1
i,2022-09-30 15:41:27.212406,-0.15,0.47,0.94,17.15,-44.74,9.89,152.17,69.25,-61.74,1
i,2022-09-30 15:41:27.228029,-0.17,0.50,0.98,21.48,-40.04,9.34,152.17,69.25,-61.74,1
i,2022-09-30 15:41:27.259362,-0.20,0.49,0.98,28.20,-32.90,5.92,152.17,69.25,-61.74,1
i,2022-09-30 15:41:27.274992,-0.21,0.48,1.07,29.79,-26.37,0.79,147.64,66.48,-73.23,1
i,2022-09-30 15:41:27.290676,-0.21,0.48,1.05,23.74,-15.44,-5.49,147.64,66.48,-73.23,1
i,2022-09-30 15:41:27.306266,-0.21,0.43,1.05,26.18,-9.83,-10.07,142.70,69.53,-77.91,1
i,2022-09-30 15:41:27.321890,-0.19,0.37,1.05,24.96,-4.58,-14.40,142.70,69.53,-77.91,1
i,2022-09-30 15:41:27.337515,-0.20,0.34,1.10,7.69,2.08,-22.64,142.70,69.53,-77.91,1
i,2022-09-30 15:41:27.368747,-0.19,0.37,1.12,-12.63,18.43,-32.29,141.00,76.53,-74.57,1
i,2022-09-30 15:41:27.384379,-0.19,0.41,1.12,-21.06,34.67,-36.13,141.00,76.53,-74.57,1
i,2022-09-30 15:41:27.400025,-0.27,0.38,1.03,-20.32,47.30,-32.53,141.00,76.53,-74.57,1
i,2022-09-30 15:41:27.415641,-0.17,0.31,1.00,13.24,40.89,-16.78,139.39,83.23,-62.24,1
i,2022-09-30 15:41:27.431277,-0.10,0.29,0.94,10.74,41.44,-15.20,139.39,83.23,-62.24,1
i,2022-09-30 15:41:27.446897,-0.07,0.26,0.93,2.93,42.36,-14.89,139.39,83.23,-62.24,1
i,2022-09-30 15:41:27.478129,-0.05,0.26,0.97,-6.23,41.63,-11.05,136.36,86.45,-46.91,1
i,2022-09-30 15:41:27.493761,-0.03,0.24,0.87,-16.78,52.37,-3.30,136.36,86.45,-46.91,1
i,2022-09-30 15:41:27.509407,-0.01,0.30,0.86,-26.49,52.49,0.85,133.48,87.28,-30.77,1
i,2022-09-30 15:41:27.525029,0.00,0.37,0.79,-31.86,54.93,1.77,133.48,87.28,-30.77,1
i,2022-09-30 15:41:27.540655,0.06,0.39,0.73,-37.23,49.01,-1.10,133.48,87.28,-30.77,1
i,2022-09-30 15:41:27.571885,0.10,0.35,0.64,-33.75,37.05,3.11,131.75,88.20,-17.54,1
i,2022-09-30 15:41:27.587511,0.12,0.36,0.57,-25.57,21.61,10.68,131.75,88.20,-17.54,1
i,2022-09-30 15:41:27.603159,0.05,0.44,0.61,-30.40,8.79,11.54,131.75,88.20,-17.54,1
i,2022-09-30 15:41:27.618785,-0.04,0.48,0.73,-41.69,2.14,5.37,137.33,88.92,-12.04,1
i,2022-09-30 15:41:27.634414,-0.07,0.50,0.74,-41.87,-3.11,-0.31,137.33,88.92,-12.04,1
i,2022-09-30 15:41:27.650036,-0.06,0.44,0.74,-8.00,-10.80,5.43,145.06,90.30,-14.27,1
i,2022-09-30 15:41:27.681266,-0.04,0.46,0.93,61.71,18.01,-0.06,145.06,90.30,-14.27,1
i,2022-09-30 15:41:27.696892,0.02,0.41,0.87,43.21,10.86,8.61,145.06,90.30,-14.27,1
i,2022-09-30 15:41:27.712538,-0.03,0.41,0.87,42.79,-5.68,11.60,145.53,89.21,-12.77,1
i,2022-09-30 15:41:27.728166,0.00,0.45,0.94,37.78,-19.84,9.22,145.53,89.21,-12.77,1
i,2022-09-30 15:41:27.743795,0.00,0.44,0.93,36.44,-20.08,5.13,145.53,89.21,-12.77,1
i,2022-09-30 15:41:27.763252,-0.02,0.41,0.93,29.36,-13.61,-0.73,145.83,87.49,-15.36,1
i,2022-09-30 15:41:27.790886,0.00,0.34,0.92,19.35,-5.37,-7.93,145.83,87.49,-15.36,1
i,2022-09-30 15:41:27.806520,-0.00,0.25,0.85,7.69,1.77,-6.04,145.83,87.49,-15.36,1
i,2022-09-30 15:41:27.822161,-0.02,0.34,0.90,-4.82,2.75,-8.85,144.02,88.16,-13.44,1
i,2022-09-30 15:41:27.837785,-0.01,0.35,0.91,-13.43,5.25,-12.51,144.02,88.16,-13.44,1
i,2022-09-30 15:41:27.853416,0.02,0.34,0.92,-16.30,9.83,-11.84,143.66,89.90,-12.96,1
i,2022-09-30 15:41:27.869016,0.00,0.32,0.88,-19.59,14.28,2.32,143.66,89.90,-12.96,1
i,2022-09-30 15:41:27.900269,-0.03,0.33,0.81,-15.99,10.19,18.68,143.66,89.90,-12.96,1
i,2022-09-30 15:41:27.915920,-0.06,0.47,0.82,-22.77,-1.40,23.44,146.01,87.49,-12.78,1
i,2022-09-30 15:41:27.931542,-0.21,0.70,0.95,-35.83,-11.96,10.62,146.01,87.49,-12.78,1
i,2022-09-30 15:41:27.947171,-0.33,0.82,1.24,-34.42,-3.30,-21.55,146.01,87.49,-12.78,1
i,2022-09-30 15:41:27.962791,-0.16,0.69,1.10,-8.79,21.55,-48.40,142.32,88.62,-12.90,1
i,2022-09-30 15:41:27.994024,0.01,0.51,0.85,9.22,17.15,-43.58,142.32,88.62,-12.90,1
i,2022-09-30 15:41:28.009649,0.01,0.47,0.81,15.75,8.73,-38.88,125.70,93.71,-10.75,1
i,2022-09-30 15:41:28.025301,-0.02,0.44,0.78,15.81,2.38,-38.70,125.70,93.71,-10.75,1
i,2022-09-30 15:41:28.040923,-0.03,0.37,0.74,25.76,-8.73,-31.56,125.70,93.71,-10.75,1
i,2022-09-30 15:41:28.056548,-0.02,0.28,0.70,32.04,-15.75,-18.74,111.46,95.19,-11.57,1
i,2022-09-30 15:41:28.072183,0.06,0.27,0.70,39.06,-25.57,-4.64,111.46,95.19,-11.57,1
i,2022-09-30 15:41:28.103405,0.12,0.29,0.71,32.65,-34.79,5.55,111.46,95.19,-11.57,1
i,2022-09-30 15:41:28.119037,0.12,0.30,0.73,23.50,-43.21,14.53,102.59,91.37,-17.76,1
i,2022-09-30 15:41:28.134682,0.02,0.40,0.82,19.84,-53.22,26.31,102.59,91.37,-17.76,1
i,2022-09-30 15:41:28.150309,-0.06,0.46,0.91,24.11,-54.93,27.59,102.59,91.37,-17.76,1
i,2022-09-30 15:41:28.165925,-0.08,0.54,0.95,38.39,-49.50,26.67,98.96,86.08,-27.26,1
i,2022-09-30 15:41:28.181555,-0.05,0.56,0.95,57.86,-44.49,20.08,98.96,86.08,-27.26,1
i,2022-09-30 15:41:28.212789,-0.03,0.49,0.98,67.44,-29.60,3.23,92.80,83.73,-33.69,1
i,2022-09-30 15:41:28.228418,-0.01,0.39,0.89,71.90,-22.64,-2.50,92.80,83.73,-33.69,1
i,2022-09-30 15:41:28.244061,-0.03,0.36,0.93,71.84,-22.46,-7.57,92.80,83.73,-33.69,1
i,2022-09-30 15:41:28.259690,-0.09,0.30,0.98,73.61,-21.12,-13.18,85.11,84.40,-35.84,1
i,2022-09-30 15:41:28.278925,-0.15,0.23,1.02,83.68,-14.47,-13.92,85.11,84.40,-35.84,1
i,2022-09-30 15:41:28.291433,-0.13,0.14,1.03,92.10,-7.63,-10.99,85.11,84.40,-35.84,1
i,2022-09-30 15:41:28.322691,-0.09,0.07,0.97,96.68,-2.44,-7.93,76.73,84.78,-33.40,1
i,2022-09-30 15:41:28.338328,-0.06,0.01,0.91,92.22,-2.01,-6.53,76.73,84.78,-33.40,1
i,2022-09-30 15:41:28.353968,-0.04,-0.06,0.90,83.98,-4.21,-5.55,69.78,84.01,-30.82,1
i,2022-09-30 15:41:28.369590,-0.04,-0.14,0.90,74.65,-8.12,1.65,69.78,84.01,-30.82,1
i,2022-09-30 15:41:28.385214,-0.04,-0.20,0.92,69.34,-10.19,8.73,69.78,84.01,-30.82,1
