B,2022-10-19 19:59:18.913751,-0.18,-0.25,0.61,-19.17,2.99,13.31,108.70,-71.47,-22.99,1
B,2022-10-19 19:59:18.931903,-0.10,-0.11,0.43,-48.16,-13.61,10.44,108.70,-71.47,-22.99,1
B,2022-10-19 19:59:18.951685,-3.12,0.64,1.36,-77.39,-37.66,-0.55,113.76,-74.73,-18.03,1
B,2022-10-19 19:59:18.969627,-0.13,-0.04,0.34,133.67,23.07,1.22,113.76,-74.73,-18.03,1
B,2022-10-19 19:59:18.987713,-0.16,0.03,0.51,128.66,-61.83,-0.92,113.76,-74.73,-18.03,1
B,2022-10-19 19:59:19.006858,-0.26,-0.03,0.61,56.76,-74.16,-4.70,123.71,-81.31,-29.09,1
B,2022-10-19 19:59:19.024725,-0.31,0.02,0.78,14.53,-82.76,-19.65,123.71,-81.31,-29.09,1
B,2022-10-19 19:59:19.043833,-0.44,-0.00,1.00,-9.52,-74.52,-14.59,137.10,-87.26,-53.17,1
B,2022-10-19 19:59:19.061984,-0.42,-0.03,1.11,-22.52,-53.34,-5.00,137.10,-87.26,-53.17,1
B,2022-10-19 19:59:19.080721,-0.57,-0.11,1.36,-29.66,-36.68,2.50,137.10,-87.26,-53.17,1
B,2022-10-19 19:59:19.099650,-0.75,-0.02,1.54,-26.37,-14.77,8.12,139.87,-92.64,-66.71,1
B,2022-10-19 19:59:19.117711,-0.60,-0.00,1.51,10.38,14.59,17.21,139.87,-92.64,-66.71,1
B,2022-10-19 19:59:19.135693,-0.48,-0.04,1.38,18.37,41.75,17.52,139.87,-92.64,-66.71,1
B,2022-10-19 19:59:19.154361,-0.24,0.01,1.12,7.02,42.60,14.59,131.35,-92.18,-60.96,1
B,2022-10-19 19:59:19.172365,-0.24,0.06,1.07,-19.35,38.15,6.35,131.35,-92.18,-60.96,1
B,2022-10-19 19:59:19.190722,-0.26,0.14,1.05,-25.88,41.14,3.85,131.35,-92.18,-60.96,1
B,2022-10-19 19:59:19.209523,-0.19,0.16,0.97,-27.65,47.36,2.14,122.84,-88.89,-47.16,1
B,2022-10-19 19:59:19.227625,-0.19,0.21,0.87,-28.20,43.76,-4.21,122.84,-88.89,-47.16,1
B,2022-10-19 19:59:19.246569,-0.27,0.27,0.93,-26.86,41.14,-7.69,117.04,-85.00,-31.48,1
B,2022-10-19 19:59:19.264546,-0.45,0.36,1.02,14.59,11.23,-8.85,117.04,-85.00,-31.48,1
B,2022-10-19 19:59:19.282562,-0.27,-0.00,0.70,103.15,22.83,4.76,117.04,-85.00,-31.48,1
B,2022-10-19 19:59:19.301485,-0.21,-0.01,0.60,60.49,14.40,0.98,112.34,-82.78,-25.32,1
B,2022-10-19 19:59:19.319373,-0.33,0.10,0.77,29.17,-1.71,2.38,112.34,-82.78,-25.32,1
B,2022-10-19 19:59:19.337495,-0.28,0.28,0.75,-4.76,17.21,7.08,112.34,-82.78,-25.32,1
B,2022-10-19 19:59:19.356480,-0.20,0.48,0.66,-9.83,26.92,-13.85,110.78,-81.24,-21.95,1
B,2022-10-19 19:59:19.374711,-0.17,0.44,0.68,-3.48,-5.80,-74.04,110.78,-81.24,-21.95,1
B,2022-10-19 19:59:19.393701,-0.22,-0.04,0.68,32.29,-23.74,-63.23,124.44,-73.11,-19.51,1
B,2022-10-19 19:59:19.411715,-0.28,-0.45,0.83,47.42,-38.76,-40.28,124.44,-73.11,-19.51,1
B,2022-10-19 19:59:19.429967,-0.34,-0.62,0.96,19.96,-38.21,-24.05,124.44,-73.11,-19.51,1
B,2022-10-19 19:59:19.448662,-0.37,-0.76,1.03,0.92,-33.33,9.28,139.05,-70.70,-28.75,1
B,2022-10-19 19:59:19.466722,-0.37,-0.64,1.10,-21.00,-33.57,27.47,139.05,-70.70,-28.75,1
B,2022-10-19 19:59:19.484695,-0.37,-0.34,1.14,-33.69,-27.10,46.69,139.05,-70.70,-28.75,1
B,2022-10-19 19:59:19.503636,-0.35,0.05,1.10,-46.02,-17.09,48.34,136.02,-80.37,-37.04,1
B,2022-10-19 19:59:19.521716,-0.32,0.43,1.02,-52.00,-7.14,31.25,136.02,-80.37,-37.04,1
B,2022-10-19 19:59:19.539627,-0.29,0.81,0.94,-21.30,-2.20,-14.59,136.02,-80.37,-37.04,1
B,2022-10-19 19:59:19.558303,-0.35,0.50,0.88,19.23,1.59,4.27,129.77,-83.79,-38.85,1
B,2022-10-19 19:59:19.576370,-0.18,0.31,0.58,94.42,1.65,16.24,129.77,-83.79,-38.85,1
B,2022-10-19 19:59:19.595494,-0.30,0.17,0.72,55.05,-17.09,-51.09,135.53,-83.06,-43.01,1
B,2022-10-19 19:59:19.613711,-0.31,-0.19,0.71,52.92,-21.97,-44.80,135.53,-83.06,-43.01,1
B,2022-10-19 19:59:19.631631,-0.38,-0.35,0.88,34.00,-22.34,-35.16,135.53,-83.06,-43.01,1
B,2022-10-19 19:59:19.650721,-0.40,-0.33,1.02,20.39,-20.02,-18.43,146.20,-79.02,-51.23,1
B,2022-10-19 19:59:19.668722,-0.41,-0.27,1.08,1.59,-18.55,-6.35,146.20,-79.02,-51.23,1
B,2022-10-19 19:59:19.686724,-0.40,-0.13,1.06,-25.45,-13.85,-5.43,146.20,-79.02,-51.23,1
B,2022-10-19 19:59:19.705752,-0.36,-0.04,0.94,-25.39,-13.61,0.43,148.19,-81.52,-55.82,1
B,2022-10-19 19:59:19.723701,-0.36,0.05,0.92,-15.14,-15.44,4.27,148.19,-81.52,-55.82,1
B,2022-10-19 19:59:19.742393,-0.38,0.01,0.92,0.06,-15.20,6.96,147.36,-84.30,-61.34,1
B,2022-10-19 19:59:19.760629,-0.38,-0.10,0.89,18.74,-14.04,6.96,147.36,-84.30,-61.34,1
B,2022-10-19 19:59:19.778628,-0.38,-0.19,0.87,25.33,-16.42,6.10,147.36,-84.30,-61.34,1
B,2022-10-19 19:59:19.797711,-0.42,-0.25,0.90,25.39,-19.17,15.44,145.31,-86.87,-67.49,1
B,2022-10-19 19:59:19.815723,-0.44,-0.22,0.96,28.02,-18.13,30.58,145.31,-86.87,-67.49,1
B,2022-10-19 19:59:19.833635,-0.45,-0.18,1.00,26.18,-11.84,44.56,145.31,-86.87,-67.49,1
