L,2022-10-25 16:46:09.673239,0.41,0.29,0.88,-19.90,11.41,-5.37,5.36,32.14,-65.92,1
L,2022-10-25 16:46:09.692057,0.40,0.36,0.85,-14.16,14.34,12.08,7.19,32.03,-64.76,1
L,2022-10-25 16:46:09.710230,0.37,0.25,0.82,-7.20,23.50,1.28,7.19,32.03,-64.76,1
L,2022-10-25 16:46:09.728219,0.35,0.24,0.81,-12.51,23.74,-5.55,7.19,32.03,-64.76,1
L,2022-10-25 16:46:09.747177,0.36,0.28,0.81,-12.70,18.80,-8.48,8.81,30.25,-66.13,1
L,2022-10-25 16:46:09.765226,0.42,0.24,0.77,-6.10,12.88,-4.27,8.81,30.25,-66.13,1
L,2022-10-25 16:46:09.783311,0.53,0.15,0.72,-11.90,2.87,-3.78,8.81,30.25,-66.13,1
L,2022-10-25 16:46:09.802249,0.51,0.19,0.69,-51.39,-19.90,-15.32,9.83,29.59,-63.64,1
L,2022-10-25 16:46:09.820326,0.41,0.46,0.59,-54.81,-25.51,-4.82,9.83,29.59,-63.64,1
L,2022-10-25 16:46:09.839159,0.39,0.37,0.65,-30.70,-23.74,15.87,9.27,27.51,-65.56,1
L,2022-10-25 16:46:09.857076,0.22,0.60,0.84,110.60,13.67,4.03,9.27,27.51,-65.56,1
L,2022-10-25 16:46:09.875246,0.37,0.44,0.65,72.27,29.97,32.17,9.27,27.51,-65.56,1
L,2022-10-25 16:46:09.894242,0.41,-0.41,0.72,-3.42,32.90,7.75,10.74,31.65,-66.83,1
L,2022-10-25 16:46:09.912406,0.38,0.07,0.76,-57.68,38.57,-9.89,10.74,31.65,-66.83,1
L,2022-10-25 16:46:09.930415,0.46,0.25,0.71,-68.60,-19.47,-38.51,10.74,31.65,-66.83,1
L,2022-10-25 16:46:09.949254,0.20,0.49,0.74,-40.34,-26.92,-29.97,10.16,27.56,-67.55,1
L,2022-10-25 16:46:09.967070,0.27,0.32,0.57,11.41,-25.70,9.46,10.16,27.56,-67.55,1
L,2022-10-25 16:46:09.985246,0.27,0.52,0.74,12.08,-13.85,16.85,10.16,27.56,-67.55,1
L,2022-10-25 16:46:10.004155,0.36,0.45,0.81,48.10,-23.62,28.81,6.74,27.87,-68.77,1
L,2022-10-25 16:46:10.022335,0.51,0.28,0.79,68.54,-22.83,33.02,6.74,27.87,-68.77,1
L,2022-10-25 16:46:10.041222,0.48,0.10,0.87,42.48,-11.41,18.25,3.96,30.47,-71.48,1
L,2022-10-25 16:46:10.059447,0.49,0.32,0.93,-4.70,-4.15,-0.18,3.96,30.47,-71.48,1
L,2022-10-25 16:46:10.077252,0.51,0.45,0.99,-17.09,2.87,-8.61,3.96,30.47,-71.48,1
L,2022-10-25 16:46:10.096150,0.50,0.55,0.97,-6.77,9.70,-2.38,2.37,29.44,-72.53,1
L,2022-10-25 16:46:10.114025,0.45,0.54,1.02,10.80,17.27,8.06,2.37,29.44,-72.53,1
L,2022-10-25 16:46:10.132106,0.44,0.51,1.08,35.58,10.56,18.01,2.37,29.44,-72.53,1
L,2022-10-25 16:46:10.151238,0.55,0.20,0.88,35.83,-9.22,-0.31,1.60,30.44,-73.10,1
L,2022-10-25 16:46:10.169318,0.45,0.57,0.81,-13.06,-17.88,-36.74,1.60,30.44,-73.10,1
L,2022-10-25 16:46:10.187465,0.40,0.61,0.75,-32.90,-14.16,-48.40,1.60,30.44,-73.10,1
L,2022-10-25 16:46:10.206332,0.34,0.81,0.76,-21.85,-15.01,-44.13,-0.65,26.92,-72.07,1
L,2022-10-25 16:46:10.224341,0.37,0.42,0.82,46.63,-9.52,-20.94,-0.65,26.92,-72.07,1
L,2022-10-25 16:46:10.243085,0.29,0.09,0.89,65.86,-8.30,-7.14,-2.73,25.39,-73.77,1
L,2022-10-25 16:46:10.261250,0.39,-0.14,0.96,37.11,-4.70,7.45,-2.73,25.39,-73.77,1
L,2022-10-25 16:46:10.279301,0.28,-0.20,1.03,24.96,-3.91,27.89,-2.73,25.39,-73.77,1
L,2022-10-25 16:46:10.298077,0.36,-0.45,1.00,0.79,-12.39,33.08,-3.65,25.02,-71.89,1
L,2022-10-25 16:46:10.316271,0.15,-0.50,0.89,-80.51,-20.63,-1.89,-3.65,25.02,-71.89,1
L,2022-10-25 16:46:10.334275,-0.09,0.16,0.88,-126.89,-13.24,-27.59,-3.65,25.02,-71.89,1
L,2022-10-25 16:46:10.353448,-0.01,0.18,0.82,-46.14,16.66,-10.25,-3.56,20.36,-71.52,1
L,2022-10-25 16:46:10.371331,0.16,0.00,0.91,14.59,48.16,-4.27,-3.56,20.36,-71.52,1
L,2022-10-25 16:46:10.389173,0.25,-0.13,0.97,39.55,54.81,3.54,-3.56,20.36,-71.52,1
L,2022-10-25 16:46:10.408231,0.32,-0.24,0.96,46.45,55.11,17.03,1.20,23.95,-70.87,1
