L,2022-10-27 13:59:17.852770,0.11,0.93,-0.18,-7.39,2.81,-6.47,-23.84,-20.37,-3.47,1
L,2022-10-27 13:59:17.872763,0.10,0.93,-0.19,0.37,2.44,-2.87,-23.36,-20.23,-3.34,1
L,2022-10-27 13:59:17.892762,0.10,0.93,-0.15,1.28,2.01,-2.01,-23.36,-20.23,-3.34,1
L,2022-10-27 13:59:17.915910,0.08,0.97,-0.16,1.77,1.89,-3.48,-22.86,-20.47,-3.61,1
L,2022-10-27 13:59:17.936578,0.11,0.95,-0.16,9.09,6.71,-6.47,-22.86,-20.47,-3.61,1
L,2022-10-27 13:59:17.946658,0.13,0.95,-0.13,5.00,6.04,-8.24,-22.86,-20.47,-3.61,1
L,2022-10-27 13:59:17.966644,0.14,0.97,-0.15,2.32,4.03,-8.18,-23.23,-21.72,-3.55,1
L,2022-10-27 13:59:17.986812,0.15,0.94,-0.14,3.60,3.42,-2.56,-23.23,-21.72,-3.55,1
L,2022-10-27 13:59:18.009867,0.17,0.92,-0.11,3.48,6.71,0.37,-22.13,-21.09,-4.94,1
L,2022-10-27 13:59:18.026079,0.18,0.88,-0.08,0.31,7.51,3.60,-22.13,-21.09,-4.94,1
L,2022-10-27 13:59:18.046078,-0.30,0.65,0.06,-7.93,3.30,11.05,-22.13,-21.09,-4.94,1
L,2022-10-27 13:59:18.066066,0.08,0.98,-0.45,-6.65,-15.14,-9.58,-22.83,-22.01,-3.80,1
L,2022-10-27 13:59:18.085980,0.14,0.79,-0.08,-14.40,-6.16,-13.55,-22.83,-22.01,-3.80,1
L,2022-10-27 13:59:18.106087,-0.03,0.99,-0.10,-15.75,-6.90,-18.62,-22.28,-22.47,-1.57,1
L,2022-10-27 13:59:18.126070,-0.00,0.88,-0.24,-6.53,-14.40,15.44,-22.28,-22.47,-1.57,1
L,2022-10-27 13:59:18.154815,0.03,0.76,-0.16,-1.28,-8.48,36.68,-22.28,-22.47,-1.57,1
L,2022-10-27 13:59:18.176399,0.01,0.76,-0.15,-1.04,-5.31,42.18,-23.36,-21.41,-2.70,1
L,2022-10-27 13:59:18.196650,0.04,0.85,-0.17,3.11,1.83,43.40,-23.36,-21.41,-2.70,1
L,2022-10-27 13:59:18.209017,0.06,0.92,-0.17,10.86,7.93,41.99,-26.10,-19.57,-1.67,1
L,2022-10-27 13:59:18.229007,0.09,1.05,-0.14,16.85,11.11,36.93,-26.10,-19.57,-1.67,1
L,2022-10-27 13:59:18.249425,0.09,1.09,-0.18,13.31,8.61,35.46,-26.10,-19.57,-1.67,1
L,2022-10-27 13:59:18.279449,0.08,1.16,-0.25,8.79,7.63,28.14,-28.87,-17.86,-2.17,1
L,2022-10-27 13:59:18.300356,0.08,1.17,-0.24,11.29,10.38,25.76,-28.87,-17.86,-2.17,1
L,2022-10-27 13:59:18.320458,0.08,1.14,-0.16,10.44,10.68,15.56,-30.03,-16.32,-1.77,1
L,2022-10-27 13:59:18.340449,0.06,1.12,-0.16,4.58,6.84,8.85,-30.03,-16.32,-1.77,1
L,2022-10-27 13:59:18.360444,0.01,1.15,-0.18,1.04,6.10,3.30,-30.44,-16.15,-1.33,1
L,2022-10-27 13:59:18.380515,0.00,1.02,-0.25,5.19,10.93,16.54,-30.44,-16.15,-1.33,1
L,2022-10-27 13:59:18.401015,-0.01,0.92,-0.29,8.36,17.21,19.47,-30.44,-16.15,-1.33,1
L,2022-10-27 13:59:18.430890,0.16,0.61,-0.14,-12.51,-17.46,-4.64,-30.11,-15.55,-2.75,1
L,2022-10-27 13:59:18.441002,0.00,1.05,-0.77,-26.55,-62.87,-15.87,-30.11,-15.55,-2.75,1
L,2022-10-27 13:59:18.470884,0.01,1.06,-0.63,30.09,-38.82,9.22,-29.46,-15.91,-1.50,1
L,2022-10-27 13:59:18.490871,-0.02,0.97,-0.30,41.08,-45.53,15.20,-29.46,-15.91,-1.50,1
L,2022-10-27 13:59:18.510863,-0.08,0.95,0.07,54.20,-25.02,22.95,-29.46,-15.91,-1.50,1
L,2022-10-27 13:59:18.530856,-0.11,0.97,0.19,43.82,-15.69,23.32,-28.70,-15.16,-0.73,1
L,2022-10-27 13:59:18.550851,-0.11,1.01,0.20,31.62,0.49,22.40,-28.70,-15.16,-0.73,1
L,2022-10-27 13:59:18.570975,-0.10,1.01,0.19,31.56,17.64,18.92,-28.85,-13.50,-2.29,1
L,2022-10-27 13:59:18.600833,-0.36,1.03,0.19,23.38,18.98,13.37,-28.85,-13.50,-2.29,1
L,2022-10-27 13:59:18.621092,-0.50,0.93,0.30,39.79,28.02,-21.24,-28.39,-14.43,-2.70,1
L,2022-10-27 13:59:18.641160,-0.07,0.97,0.39,-4.03,10.74,-43.15,-28.39,-14.43,-2.70,1
L,2022-10-27 13:59:18.661179,-0.01,1.07,0.09,-21.97,2.99,-37.78,-28.39,-14.43,-2.70,1
L,2022-10-27 13:59:18.682318,0.01,0.96,0.16,-0.79,18.49,-24.84,-27.48,-15.48,-4.65,1
L,2022-10-27 13:59:18.702408,-0.01,0.85,0.32,15.01,32.59,-11.41,-27.48,-15.48,-4.65,1
L,2022-10-27 13:59:18.722508,0.00,0.83,0.37,10.44,37.66,-8.79,-27.08,-16.33,-5.96,1
L,2022-10-27 13:59:18.742897,-0.02,0.84,0.42,2.93,45.53,-4.21,-27.08,-16.33,-5.96,1
L,2022-10-27 13:59:18.763023,-0.03,0.81,0.45,1.95,57.68,0.12,-27.22,-16.82,-9.48,1
L,2022-10-27 13:59:18.782966,0.03,0.75,0.41,-20.87,69.40,-2.38,-27.22,-16.82,-9.48,1
L,2022-10-27 13:59:18.803001,0.07,0.81,0.21,-49.32,70.25,-5.49,-27.22,-16.82,-9.48,1
L,2022-10-27 13:59:18.832894,0.17,0.88,-0.09,-62.74,72.02,-3.11,-28.25,-17.88,-10.69,1
L,2022-10-27 13:59:18.852886,0.16,0.88,-0.20,-59.39,71.72,1.65,-28.25,-17.88,-10.69,1
L,2022-10-27 13:59:18.872878,0.14,0.90,-0.33,-46.69,74.65,2.93,-28.43,-20.73,-14.00,1
L,2022-10-27 13:59:18.892875,0.11,0.91,-0.44,-50.96,64.27,-0.98,-28.43,-20.73,-14.00,1
L,2022-10-27 13:59:18.912865,0.09,0.99,-0.59,-60.42,48.77,-7.32,-28.43,-20.73,-14.00,1
L,2022-10-27 13:59:18.932946,0.10,1.09,-0.72,-41.20,35.10,-10.50,-28.76,-24.32,-13.23,1
L,2022-10-27 13:59:18.958863,0.08,1.09,-0.62,-15.87,35.28,-6.04,-28.76,-24.32,-13.23,1
L,2022-10-27 13:59:18.976128,0.04,1.00,-0.44,8.24,33.14,-3.36,-28.48,-28.25,-12.95,1
L,2022-10-27 13:59:18.996064,-0.00,0.98,-0.41,2.50,26.61,-5.25,-28.48,-28.25,-12.95,1
L,2022-10-27 13:59:19.016109,0.01,0.92,-0.47,-3.17,16.30,-11.35,-27.60,-32.29,-13.93,1
L,2022-10-27 13:59:19.036402,0.05,0.94,-0.50,-4.70,12.08,-10.19,-27.60,-32.29,-13.93,1
L,2022-10-27 13:59:19.056518,0.05,0.89,-0.44,7.75,11.17,-1.59,-27.60,-32.29,-13.93,1
L,2022-10-27 13:59:19.076939,-0.01,0.90,-0.41,12.82,10.86,2.99,-26.72,-34.90,-14.61,1
L,2022-10-27 13:59:19.097011,-0.06,0.91,-0.35,18.80,7.26,1.65,-26.72,-34.90,-14.61,1
