R,2022-10-27 12:15:35.411358,0.51,-0.58,0.73,-7.26,4.39,-11.96,-41.41,-33.51,-123.73,1
R,2022-10-27 12:15:35.431345,0.54,-0.51,0.76,-5.74,3.72,-2.01,-41.98,-34.75,-123.12,1
R,2022-10-27 12:15:35.451339,0.50,-0.49,0.73,-9.16,8.06,-5.98,-41.98,-34.75,-123.12,1
R,2022-10-27 12:15:35.471823,0.56,-0.49,0.69,-11.66,11.23,-10.25,-41.98,-34.75,-123.12,1
R,2022-10-27 12:15:35.492824,0.57,-0.50,0.69,-15.99,8.67,-12.94,-43.29,-35.73,-125.82,1
R,2022-10-27 12:15:35.512423,0.55,-0.50,0.70,-11.23,2.50,-7.87,-43.29,-35.73,-125.82,1
R,2022-10-27 12:15:35.532415,0.65,-0.48,0.63,5.49,-7.69,2.69,-45.65,-35.07,-126.43,1
R,2022-10-27 12:15:35.552429,0.70,-0.42,0.60,1.53,-14.34,-0.18,-45.65,-35.07,-126.43,1
R,2022-10-27 12:15:35.572861,0.65,-0.39,0.73,-18.68,-21.48,-21.85,-45.65,-35.07,-126.43,1
R,2022-10-27 12:15:35.593324,-0.88,-1.18,1.38,-22.22,-21.48,-31.25,-52.36,-35.29,-126.94,1
R,2022-10-27 12:15:35.613880,0.58,-0.56,0.87,58.96,-3.66,30.52,-52.36,-35.29,-126.94,1
R,2022-10-27 12:15:35.624361,0.64,-0.53,0.81,28.56,0.18,15.69,-56.02,-31.79,-128.56,1
R,2022-10-27 12:15:35.655157,0.63,-0.50,0.84,23.74,-4.39,20.45,-56.02,-31.79,-128.56,1
R,2022-10-27 12:15:35.665620,0.47,-0.45,0.83,19.17,-3.48,18.68,-56.02,-31.79,-128.56,1
R,2022-10-27 12:15:35.693818,0.49,-0.44,0.71,25.02,2.32,16.78,-59.40,-24.88,-132.13,1
R,2022-10-27 12:15:35.706333,0.47,-0.45,0.75,25.57,-3.97,16.78,-59.40,-24.88,-132.13,1
R,2022-10-27 12:15:35.725612,0.50,-0.35,0.79,18.19,-7.87,9.95,-60.23,-16.42,-134.78,1
R,2022-10-27 12:15:35.746963,0.33,-0.37,0.78,0.37,1.28,-5.86,-60.23,-16.42,-134.78,1
R,2022-10-27 12:15:35.766964,0.37,-0.31,0.69,6.35,19.71,-19.90,-60.23,-16.42,-134.78,1
R,2022-10-27 12:15:35.787366,0.38,-0.23,0.61,-1.83,27.65,-30.76,-60.63,-10.30,-139.59,1
R,2022-10-27 12:15:35.807607,0.35,-0.27,0.62,-0.12,25.76,-33.87,-60.63,-10.30,-139.59,1
R,2022-10-27 12:15:35.827703,0.37,-0.35,0.52,8.73,19.10,-33.08,-64.17,-6.70,-142.55,1
R,2022-10-27 12:15:35.848672,0.37,-0.45,0.40,4.64,11.47,-29.72,-64.17,-6.70,-142.55,1
R,2022-10-27 12:15:35.869615,0.38,-0.48,0.36,-6.41,4.70,-29.60,-64.17,-6.70,-142.55,1
R,2022-10-27 12:15:35.888705,0.42,-0.43,0.42,-15.01,-0.06,-30.52,-67.94,-11.73,-141.26,1
R,2022-10-27 12:15:35.908893,0.42,-0.57,0.57,-17.88,1.10,-29.48,-67.94,-11.73,-141.26,1
R,2022-10-27 12:15:35.928890,0.50,-0.54,0.59,-8.79,1.65,-20.02,-67.82,-24.73,-135.16,1
R,2022-10-27 12:15:35.950218,0.58,-0.70,0.56,5.80,-1.59,-0.12,-67.82,-24.73,-135.16,1
R,2022-10-27 12:15:35.969725,0.58,-0.72,0.58,7.69,-2.08,13.24,-67.82,-24.73,-135.16,1
R,2022-10-27 12:15:35.990286,0.60,-0.78,0.60,6.41,-6.96,13.98,-61.30,-36.44,-129.09,1
R,2022-10-27 12:15:36.011085,0.67,-0.84,0.55,-3.05,-16.72,14.89,-61.30,-36.44,-129.09,1
R,2022-10-27 12:15:36.031642,0.67,-0.86,0.54,-9.89,-31.19,23.50,-57.34,-39.00,-125.68,1
R,2022-10-27 12:15:36.051186,0.61,-0.72,0.64,-28.87,-52.86,36.19,-57.34,-39.00,-125.68,1
R,2022-10-27 12:15:36.071739,0.44,-0.51,0.91,-51.39,-38.33,27.53,-57.34,-39.00,-125.68,1
R,2022-10-27 12:15:36.092293,0.51,-0.34,0.93,-57.07,-6.41,-4.21,-57.57,-31.54,-129.55,1
R,2022-10-27 12:15:36.105338,0.39,-0.15,0.97,-58.65,6.65,-18.80,-57.57,-31.54,-129.55,1
R,2022-10-27 12:15:36.128956,0.36,-0.03,1.01,-65.31,14.16,-43.64,-59.08,-27.86,-133.98,1
R,2022-10-27 12:15:36.143969,0.48,-0.22,0.79,-30.64,-4.58,-49.68,-59.08,-27.86,-133.98,1
R,2022-10-27 12:15:36.163060,0.46,-0.19,0.79,-7.63,-13.92,-21.42,-59.08,-27.86,-133.98,1
R,2022-10-27 12:15:36.193047,0.43,-0.26,0.70,33.14,-11.54,19.47,-59.63,-28.04,-134.94,1
R,2022-10-27 12:15:36.212214,0.22,-0.18,0.74,40.83,-1.95,37.72,-59.63,-28.04,-134.94,1
R,2022-10-27 12:15:36.235205,0.26,-0.15,0.75,22.34,13.31,4.33,-58.54,-30.47,-130.91,1
R,2022-10-27 12:15:36.255160,0.15,-0.12,0.77,9.46,13.00,-8.48,-58.54,-30.47,-130.91,1
R,2022-10-27 12:15:36.275845,0.40,-0.19,0.74,13.06,20.39,-29.79,-58.54,-30.47,-130.91,1
R,2022-10-27 12:15:36.296103,0.42,-0.41,0.71,30.09,19.17,-11.23,-52.59,-43.31,-125.52,1
R,2022-10-27 12:15:36.316374,0.50,-0.50,0.74,48.28,13.67,12.94,-52.59,-43.31,-125.52,1
R,2022-10-27 12:15:36.336739,0.65,-0.60,0.72,56.58,11.23,13.61,-32.97,-57.63,-116.89,1
R,2022-10-27 12:15:36.357244,0.70,-0.79,0.62,72.02,2.56,29.60,-32.97,-57.63,-116.89,1
R,2022-10-27 12:15:36.377575,0.71,-0.97,0.57,59.69,2.32,24.05,-32.97,-57.63,-116.89,1
R,2022-10-27 12:15:36.390280,0.57,-0.97,0.54,-3.54,4.21,9.34,-13.79,-63.02,-110.46,1
R,2022-10-27 12:15:36.408190,0.67,-0.84,0.64,-26.25,3.78,-7.45,-13.79,-63.02,-110.46,1
R,2022-10-27 12:15:36.438369,0.53,-0.66,0.72,-38.76,-1.22,-21.18,-11.61,-61.74,-110.41,1
R,2022-10-27 12:15:36.458358,0.51,-0.51,0.73,-36.44,-10.44,-45.72,-11.61,-61.74,-110.41,1
R,2022-10-27 12:15:36.478940,0.49,-0.42,0.73,-37.17,-17.58,-38.45,-11.61,-61.74,-110.41,1
R,2022-10-27 12:15:36.492583,0.45,-0.36,0.72,-25.82,-22.58,-22.40,-17.93,-58.56,-112.16,1
R,2022-10-27 12:15:36.510860,0.42,-0.39,0.74,-13.67,-18.43,-2.87,-17.93,-58.56,-112.16,1
R,2022-10-27 12:15:36.531108,-0.01,-0.20,0.84,-5.13,34.79,31.62,-20.24,-56.48,-112.10,1
R,2022-10-27 12:15:36.551015,0.24,-0.37,0.84,42.91,27.10,35.10,-20.24,-56.48,-112.10,1
R,2022-10-27 12:15:36.571208,0.38,-0.42,0.77,62.93,38.76,38.39,-20.24,-56.48,-112.10,1
R,2022-10-27 12:15:36.591737,0.63,-0.49,0.56,48.34,34.55,24.11,-17.52,-46.96,-113.92,1
R,2022-10-27 12:15:36.613842,0.71,-0.47,0.50,17.94,26.61,-6.84,-17.52,-46.96,-113.92,1
R,2022-10-27 12:15:36.632433,0.68,-0.44,0.55,-14.71,19.71,-17.58,-14.53,-39.26,-115.14,1
R,2022-10-27 12:15:36.662676,0.66,-0.45,0.58,-18.25,13.92,-24.05,-14.53,-39.26,-115.14,1
