k,2022-09-30 11:28:57.571476,0.04,-0.45,0.98,28.93,46.81,43.64,-0.48,68.85,39.49,1
k,2022-09-30 11:28:57.589516,0.08,-0.47,0.97,38.09,64.82,28.87,-0.48,68.85,39.49,1
k,2022-09-30 11:28:57.607527,0.08,-0.59,0.97,18.62,60.85,12.51,-0.48,68.85,39.49,1
k,2022-09-30 11:28:57.626656,0.09,-0.60,0.88,-0.61,49.26,-5.98,-1.05,67.98,38.55,1
k,2022-09-30 11:28:57.644709,0.13,-0.53,0.85,-15.14,46.94,-18.01,-1.05,67.98,38.55,1
k,2022-09-30 11:28:57.662774,0.12,-0.43,0.85,-22.22,45.72,-22.03,-1.05,67.98,38.55,1
k,2022-09-30 11:28:57.681690,0.12,-0.36,0.84,-13.06,45.29,-10.80,-2.53,68.52,38.62,1
k,2022-09-30 11:28:57.699599,0.12,-0.48,0.80,13.06,44.80,-1.89,-2.53,68.52,38.62,1
k,2022-09-30 11:28:57.717574,0.14,-0.52,0.77,15.38,43.40,6.29,-2.53,68.52,38.62,1
k,2022-09-30 11:28:57.736526,0.12,-0.58,0.73,10.86,43.58,6.53,-4.71,68.88,38.46,1
k,2022-09-30 11:28:57.754525,0.10,-0.64,0.71,3.36,43.58,0.12,-4.71,68.88,38.46,1
k,2022-09-30 11:28:57.773673,0.13,-0.65,0.77,-12.27,21.55,-9.58,-5.32,68.71,37.55,1
k,2022-09-30 11:28:57.791768,0.16,-0.59,0.82,-24.60,-17.33,-12.21,-5.32,68.71,37.55,1
k,2022-09-30 11:28:57.809778,0.09,-0.50,0.77,-35.77,-49.62,-14.04,-5.32,68.71,37.55,1
k,2022-09-30 11:28:57.828546,-0.02,0.04,0.86,51.94,-8.18,6.59,-6.43,69.08,38.20,1
k,2022-09-30 11:28:57.846678,-0.00,-0.62,0.77,95.40,-11.35,30.52,-6.43,69.08,38.20,1
k,2022-09-30 11:28:57.864791,-0.04,-1.33,0.87,-15.01,-60.73,-34.48,-6.43,69.08,38.20,1
k,2022-09-30 11:28:57.883722,0.05,-0.51,0.82,-78.74,-95.64,-79.22,-5.88,68.63,38.00,1
k,2022-09-30 11:28:57.901759,0.07,-0.30,0.79,-65.31,-110.17,-82.46,-5.88,68.63,38.00,1
k,2022-09-30 11:28:57.919751,0.01,-0.25,0.79,-33.51,-108.76,-71.23,-5.88,68.63,38.00,1
k,2022-09-30 11:28:57.938817,-0.07,-0.25,0.78,-5.07,-95.03,-53.65,-7.43,68.44,38.84,1
k,2022-09-30 11:28:57.956758,-0.14,-0.35,0.79,16.05,-63.17,-23.44,-7.43,68.44,38.84,1
k,2022-09-30 11:28:57.975744,-0.18,-0.48,0.88,5.92,-41.50,-5.43,-7.68,69.06,38.29,1
k,2022-09-30 11:28:57.993760,-0.23,-0.44,0.90,-15.50,-15.81,9.16,-7.68,69.06,38.29,1
k,2022-09-30 11:28:58.011700,-0.55,-0.30,0.99,-25.63,14.65,25.94,-7.68,69.06,38.29,1
k,2022-09-30 11:28:58.030677,-0.32,-0.08,0.90,18.92,59.81,53.77,-7.02,68.44,39.03,1
k,2022-09-30 11:28:58.048506,0.37,-0.55,0.82,97.78,123.78,92.47,-7.02,68.44,39.03,1
k,2022-09-30 11:28:58.066508,0.30,-0.97,0.86,64.21,140.75,81.48,-7.02,68.44,39.03,1
k,2022-09-30 11:28:58.085560,0.26,-0.93,0.87,-9.52,133.79,44.13,-6.21,68.51,39.06,1
k,2022-09-30 11:28:58.103602,0.23,-0.72,1.03,-52.55,104.19,5.37,-6.21,68.51,39.06,1
k,2022-09-30 11:28:58.122721,0.18,-0.46,0.90,-66.04,64.64,-16.17,-7.31,68.42,37.52,1
k,2022-09-30 11:28:58.140625,0.03,-0.58,0.80,-46.69,23.01,-28.26,-7.31,68.42,37.52,1
k,2022-09-30 11:28:58.158856,-0.18,-0.08,1.08,-47.36,-15.56,-20.26,-7.31,68.42,37.52,1
k,2022-09-30 11:28:58.177587,0.03,-0.77,0.66,118.59,-27.59,6.59,-7.87,67.97,37.90,1
k,2022-09-30 11:28:58.195776,-0.01,-0.75,0.93,57.86,-26.25,-9.58,-7.87,67.97,37.90,1
k,2022-09-30 11:28:58.213570,0.04,-0.34,0.88,43.33,-73.24,10.25,-7.87,67.97,37.90,1
k,2022-09-30 11:28:58.232547,0.09,-0.45,0.65,71.41,-87.22,42.18,-7.18,67.36,38.92,1
k,2022-09-30 11:28:58.250631,0.02,-0.65,0.67,75.99,-76.29,51.27,-7.18,67.36,38.92,1
k,2022-09-30 11:28:58.268561,0.00,-0.67,0.65,62.38,-61.77,39.61,-7.18,67.36,38.92,1
k,2022-09-30 11:28:58.287643,-0.01,-0.67,0.67,40.16,-38.57,24.35,-5.99,67.29,41.30,1
k,2022-09-30 11:28:58.305693,-0.03,-0.69,0.64,8.54,-5.37,9.34,-5.99,67.29,41.30,1
k,2022-09-30 11:28:58.324699,-0.02,-0.60,0.81,-20.57,7.45,-3.36,-5.44,67.41,40.82,1
k,2022-09-30 11:28:58.342771,-0.02,-0.47,0.83,-23.99,10.31,-6.16,-5.44,67.41,40.82,1
k,2022-09-30 11:28:58.360775,-0.01,-0.33,0.84,-17.70,9.70,-2.44,-5.44,67.41,40.82,1
k,2022-09-30 11:28:58.379530,-0.01,-0.49,0.81,0.43,6.10,12.39,-5.07,67.50,41.61,1
k,2022-09-30 11:28:58.397531,-0.05,-0.65,0.72,0.98,8.42,9.28,-5.07,67.50,41.61,1
k,2022-09-30 11:28:58.415732,-0.04,-0.88,0.77,-36.99,12.33,-32.23,-5.07,67.50,41.61,1
k,2022-09-30 11:28:58.434673,-0.03,-0.52,0.87,-76.17,5.49,-73.67,-6.21,67.44,39.22,1
k,2022-09-30 11:28:58.452841,-0.02,-0.46,0.87,-60.79,-6.65,-94.42,-6.21,67.44,39.22,1
k,2022-09-30 11:28:58.470881,-0.02,-0.45,0.81,-45.84,-16.91,-103.21,-6.21,67.44,39.22,1
k,2022-09-30 11:28:58.489812,-0.05,-0.30,0.84,-28.20,-23.07,-85.33,-8.04,67.86,39.93,1
k,2022-09-30 11:28:58.507762,-0.13,-0.36,0.82,0.43,-25.57,-52.37,-8.04,67.86,39.93,1
