Z,2022-10-31 14:49:02.431223,0.32,-0.79,0.47,-11.05,39.37,0.79,11.98,10.23,-116.46,1
Z,2022-10-31 14:49:02.449396,0.37,-0.69,0.44,-23.44,23.86,3.60,11.98,10.23,-116.46,1
Z,2022-10-31 14:49:02.468629,0.32,-0.67,0.50,-44.25,12.15,-5.80,11.98,10.23,-116.46,1
Z,2022-10-31 14:49:02.487522,0.26,-0.71,0.52,-58.78,4.33,-8.85,14.76,9.58,-115.26,1
Z,2022-10-31 14:49:02.505933,0.17,-0.66,0.54,-56.88,-8.12,2.99,14.76,9.58,-115.26,1
Z,2022-10-31 14:49:02.524825,0.16,-0.58,0.51,-52.43,-21.73,13.85,15.93,6.14,-118.70,1
Z,2022-10-31 14:49:02.542170,-2.84,0.41,2.41,-52.86,-41.26,14.40,15.93,6.14,-118.70,1
Z,2022-10-31 14:49:02.560525,0.22,-0.05,1.11,-5.80,10.44,-53.71,15.93,6.14,-118.70,1
Z,2022-10-31 14:49:02.579221,0.11,-0.46,0.74,-12.08,-20.39,-3.23,16.66,6.40,-120.83,1
Z,2022-10-31 14:49:02.597457,0.12,-0.25,0.98,2.62,-23.07,22.34,16.66,6.40,-120.83,1
Z,2022-10-31 14:49:02.615246,0.08,-0.29,0.96,36.80,-36.50,44.13,16.66,6.40,-120.83,1
Z,2022-10-31 14:49:02.634744,-0.03,-0.02,1.19,44.62,-33.20,17.52,16.87,5.81,-119.78,1
Z,2022-10-31 14:49:02.652323,0.02,-0.19,1.20,62.38,12.45,-23.50,16.87,5.81,-119.78,1
Z,2022-10-31 14:49:02.670560,0.13,-0.43,0.91,70.98,27.65,-27.95,16.87,5.81,-119.78,1
Z,2022-10-31 14:49:02.689892,0.04,-0.47,0.93,70.25,26.55,-21.61,18.42,11.08,-115.05,1
Z,2022-10-31 14:49:02.708176,0.17,-0.68,0.60,54.81,34.06,-26.00,18.42,11.08,-115.05,1
Z,2022-10-31 14:49:02.726119,0.21,-0.94,0.46,57.25,8.73,-11.05,19.01,13.51,-110.45,1
Z,2022-10-31 14:49:02.744337,0.22,-1.10,0.29,35.46,2.08,6.47,19.01,13.51,-110.45,1
Z,2022-10-31 14:49:02.762493,0.23,-1.12,0.34,-5.07,10.56,5.43,19.01,13.51,-110.45,1
Z,2022-10-31 14:49:02.781699,0.09,-0.80,0.53,-40.89,29.05,5.25,18.27,13.62,-110.68,1
Z,2022-10-31 14:49:02.799962,0.13,-0.71,0.64,-73.73,60.85,-15.75,18.27,13.62,-110.68,1
Z,2022-10-31 14:49:02.818227,0.34,-0.98,0.37,6.84,-59.27,-11.78,18.27,13.62,-110.68,1
Z,2022-10-31 14:49:02.836522,0.16,-0.73,0.30,-18.98,-49.93,17.21,17.20,13.76,-111.69,1
Z,2022-10-31 14:49:02.854446,0.17,-0.63,0.27,-20.57,-66.65,23.07,17.20,13.76,-111.69,1
Z,2022-10-31 14:49:02.872733,0.14,-0.58,0.64,-1.89,-96.86,25.21,17.20,13.76,-111.69,1
Z,2022-10-31 14:49:02.892043,0.04,-0.48,0.81,-14.10,-83.86,19.84,11.24,10.90,-119.09,1
Z,2022-10-31 14:49:02.909421,-0.07,-0.34,1.04,-20.75,-54.57,12.39,11.24,10.90,-119.09,1
Z,2022-10-31 14:49:02.928758,-0.10,-0.22,1.29,-22.34,-37.96,6.35,1.57,6.69,-122.62,1
Z,2022-10-31 14:49:02.947176,-0.05,-0.20,1.43,-29.60,-16.66,-5.00,1.57,6.69,-122.62,1
Z,2022-10-31 14:49:02.964926,-0.02,-0.21,1.34,-30.46,6.29,-12.27,1.57,6.69,-122.62,1
Z,2022-10-31 14:49:02.984090,0.03,-0.35,1.32,-7.14,14.95,-4.27,-2.38,3.21,-121.14,1
Z,2022-10-31 14:49:03.001110,0.04,-0.34,1.09,16.78,-0.31,4.52,-2.38,3.21,-121.14,1
Z,2022-10-31 14:49:03.019396,0.03,-0.34,1.09,44.13,-12.02,12.88,-2.38,3.21,-121.14,1
Z,2022-10-31 14:49:03.038694,0.00,-0.34,1.08,66.47,-17.40,12.63,-2.64,3.32,-119.92,1
Z,2022-10-31 14:49:03.057013,-0.04,-0.32,1.12,67.99,-0.85,-1.22,-2.64,3.32,-119.92,1
Z,2022-10-31 14:49:03.075311,-0.07,-0.35,1.01,60.06,22.09,-9.09,1.34,6.03,-117.94,1
Z,2022-10-31 14:49:03.093138,-0.03,-0.37,1.03,46.63,38.39,-23.93,1.34,6.03,-117.94,1
Z,2022-10-31 14:49:03.111193,0.03,-0.49,0.91,40.22,48.52,-34.61,1.34,6.03,-117.94,1
Z,2022-10-31 14:49:03.130356,0.09,-0.64,0.73,44.31,49.74,-33.45,6.95,10.35,-115.17,1
Z,2022-10-31 14:49:03.148354,0.18,-0.99,0.30,63.72,22.34,-14.16,6.95,10.35,-115.17,1
Z,2022-10-31 14:49:03.166181,0.21,-1.12,0.24,63.23,-2.62,0.31,6.95,10.35,-115.17,1
Z,2022-10-31 14:49:03.185853,0.23,-1.22,0.24,44.62,-16.30,11.23,10.24,13.44,-113.29,1
Z,2022-10-31 14:49:03.203432,0.06,-0.96,0.52,5.43,-14.83,15.01,10.24,13.44,-113.29,1
Z,2022-10-31 14:49:03.221011,0.07,-0.82,0.65,-60.73,10.25,-22.58,10.24,13.44,-113.29,1
Z,2022-10-31 14:49:03.240973,0.08,-0.64,0.79,-83.92,13.06,-33.81,9.62,13.15,-112.21,1
Z,2022-10-31 14:49:03.258718,0.07,-0.53,0.87,-80.63,1.22,-31.25,9.62,13.15,-112.21,1
Z,2022-10-31 14:49:03.278018,0.04,-0.52,0.90,-60.30,-16.17,-20.94,9.42,12.68,-113.60,1
