i,2022-11-01 20:39:57.938797,0.21,-0.32,0.91,-10.31,-8.73,15.50,-6.53,-3.12,-106.14,1
i,2022-11-01 20:39:57.956793,0.20,-0.28,0.93,-8.30,-8.54,16.97,-6.53,-3.12,-106.14,1
i,2022-11-01 20:39:57.976003,0.21,-0.24,0.93,-4.88,-7.32,18.37,-5.93,-1.88,-105.44,1
i,2022-11-01 20:39:57.994025,0.21,-0.19,0.94,-8.24,-5.74,13.61,-5.93,-1.88,-105.44,1
i,2022-11-01 20:39:58.011826,0.20,-0.18,0.92,-8.67,-6.65,13.31,-5.93,-1.88,-105.44,1
i,2022-11-01 20:39:58.030947,0.20,-0.18,0.91,-5.00,-10.74,14.65,-5.33,-0.95,-105.52,1
i,2022-11-01 20:39:58.048883,0.19,-0.18,0.90,-3.60,-12.57,15.14,-5.33,-0.95,-105.52,1
i,2022-11-01 20:39:58.067603,0.19,-0.20,0.83,1.53,-20.94,16.17,-5.07,0.52,-104.85,1
i,2022-11-01 20:39:58.085641,0.18,-0.18,0.81,2.56,-31.86,13.98,-5.07,0.52,-104.85,1
i,2022-11-01 20:39:58.103549,0.14,-0.13,0.89,2.26,-43.15,7.32,-5.07,0.52,-104.85,1
i,2022-11-01 20:39:58.122685,0.10,-0.02,1.08,0.67,-44.86,-1.16,-3.72,1.81,-103.44,1
i,2022-11-01 20:39:58.141001,0.01,-0.04,1.25,-0.67,-6.35,-10.56,-3.72,1.81,-103.44,1
i,2022-11-01 20:39:58.158662,0.19,-0.17,1.18,43.52,0.73,3.36,-3.72,1.81,-103.44,1
i,2022-11-01 20:39:58.177664,0.16,-0.18,1.15,20.94,-3.36,-17.76,-2.87,1.81,-101.88,1
i,2022-11-01 20:39:58.195683,0.20,-0.14,1.15,0.00,12.70,-29.85,-2.87,1.81,-101.88,1
i,2022-11-01 20:39:58.214695,0.18,-0.15,1.16,-8.85,26.18,-36.74,-4.20,-0.57,-103.38,1
i,2022-11-01 20:39:58.232785,0.15,-0.26,1.03,-8.18,36.99,-29.66,-4.20,-0.57,-103.38,1
i,2022-11-01 20:39:58.250706,0.17,-0.32,0.98,1.46,34.61,-17.94,-4.20,-0.57,-103.38,1
i,2022-11-01 20:39:58.269795,0.15,-0.37,0.96,-0.61,34.24,-14.34,-5.79,-4.22,-103.61,1
i,2022-11-01 20:39:58.287956,0.13,-0.41,0.86,-7.32,35.83,-11.54,-5.79,-4.22,-103.61,1
i,2022-11-01 20:39:58.306074,0.14,-0.41,0.84,-11.72,26.73,-3.11,-5.79,-4.22,-103.61,1
i,2022-11-01 20:39:58.324688,0.11,-0.36,0.76,-13.85,19.41,1.10,-6.81,-6.24,-103.71,1
i,2022-11-01 20:39:58.342872,0.10,-0.30,0.71,-14.10,12.15,3.54,-6.81,-6.24,-103.71,1
i,2022-11-01 20:39:58.360787,0.12,-0.23,0.71,-18.55,5.43,0.61,-6.81,-6.24,-103.71,1
i,2022-11-01 20:39:58.379791,0.13,-0.15,0.77,-29.05,6.84,-3.42,-8.26,-6.95,-103.12,1
i,2022-11-01 20:39:58.397788,0.09,-0.15,0.72,-18.86,2.50,9.64,-8.26,-6.95,-103.12,1
i,2022-11-01 20:39:58.416842,0.13,-0.15,0.75,5.00,-23.62,16.17,-7.45,-5.97,-104.19,1
i,2022-11-01 20:39:58.434833,0.13,-0.11,0.78,9.58,-28.20,8.18,-7.45,-5.97,-104.19,1
i,2022-11-01 20:39:58.452897,0.14,-0.07,0.85,11.66,-31.19,1.10,-7.45,-5.97,-104.19,1
i,2022-11-01 20:39:58.471787,0.18,-0.05,0.95,17.46,-31.13,-5.74,-6.08,-4.59,-102.86,1
i,2022-11-01 20:39:58.489881,0.18,-0.07,1.03,18.49,-28.75,-11.29,-6.08,-4.59,-102.86,1
i,2022-11-01 20:39:58.507788,0.20,-0.11,1.10,23.68,-30.03,-12.88,-6.08,-4.59,-102.86,1
i,2022-11-01 20:39:58.526669,0.20,-0.17,1.13,22.83,-24.78,-16.78,-3.94,-2.95,-103.71,1
i,2022-11-01 20:39:58.544964,0.18,-0.24,1.14,18.86,-12.88,-21.18,-3.94,-2.95,-103.71,1
i,2022-11-01 20:39:58.563798,0.17,-0.28,1.11,19.47,-7.32,-21.24,-3.55,-3.58,-104.92,1
i,2022-11-01 20:39:58.581966,0.16,-0.28,1.11,16.97,-1.40,-26.86,-3.55,-3.58,-104.92,1
i,2022-11-01 20:39:58.600045,0.16,-0.29,1.12,4.58,11.84,-31.25,-3.55,-3.58,-104.92,1
i,2022-11-01 20:39:58.618696,0.14,-0.31,1.12,-3.54,27.83,-25.09,-3.80,-5.81,-106.24,1
i,2022-11-01 20:39:58.636854,0.04,-0.33,1.08,-5.31,41.69,-10.86,-3.80,-5.81,-106.24,1
i,2022-11-01 20:39:58.654687,0.07,-0.39,1.05,13.06,37.05,0.31,-3.80,-5.81,-106.24,1
i,2022-11-01 20:39:58.673634,0.11,-0.41,1.01,15.01,39.86,7.32,-4.32,-7.57,-105.25,1
i,2022-11-01 20:39:58.691685,0.20,-0.42,0.94,11.47,44.56,9.95,-4.32,-7.57,-105.25,1
i,2022-11-01 20:39:58.709786,0.27,-0.40,0.90,-6.35,44.68,10.74,-4.32,-7.57,-105.25,1
i,2022-11-01 20:39:58.728646,0.30,-0.32,0.82,-16.72,43.09,10.31,-6.25,-8.47,-105.09,1
i,2022-11-01 20:39:58.746879,0.31,-0.30,0.81,-19.35,38.21,11.23,-6.25,-8.47,-105.09,1
i,2022-11-01 20:39:58.765638,0.31,-0.24,0.80,-25.94,36.74,11.90,-8.03,-8.85,-106.51,1
i,2022-11-01 20:39:58.783863,0.29,-0.21,0.77,-29.24,31.74,6.96,-8.03,-8.85,-106.51,1
i,2022-11-01 20:39:58.801791,0.28,-0.18,0.78,-28.08,25.39,5.74,-8.03,-8.85,-106.51,1
i,2022-11-01 20:39:58.820682,0.27,-0.17,0.76,-31.13,19.59,3.78,-10.35,-10.01,-106.81,1
i,2022-11-01 20:39:58.838642,0.25,-0.16,0.77,-33.94,14.04,2.32,-10.35,-10.01,-106.81,1
i,2022-11-01 20:39:58.856675,0.09,-0.07,0.75,-33.26,6.96,3.05,-10.35,-10.01,-106.81,1
i,2022-11-01 20:39:58.875945,0.25,0.16,1.01,-5.74,9.40,-10.44,-12.50,-9.91,-106.79,1
i,2022-11-01 20:39:58.893716,0.25,-0.03,0.88,-5.86,5.37,0.61,-12.50,-9.91,-106.79,1
i,2022-11-01 20:39:58.912800,0.22,-0.13,0.81,-4.21,4.33,14.89,-11.91,-10.14,-106.84,1
i,2022-11-01 20:39:58.930802,0.18,-0.15,0.78,26.61,-24.17,26.55,-11.91,-10.14,-106.84,1
i,2022-11-01 20:39:58.948710,0.25,-0.16,0.83,34.91,-34.12,10.80,-11.91,-10.14,-106.84,1
i,2022-11-01 20:39:58.967788,0.31,-0.09,0.97,21.48,-24.60,-1.40,-10.50,-8.41,-107.28,1
i,2022-11-01 20:39:58.985783,0.31,-0.12,1.06,16.91,-16.60,-7.20,-10.50,-8.41,-107.28,1
i,2022-11-01 20:39:59.003967,0.32,-0.18,1.08,18.80,-8.85,-8.24,-10.50,-8.41,-107.28,1
i,2022-11-01 20:39:59.022993,0.31,-0.26,1.06,17.15,-3.91,-12.15,-9.92,-9.23,-105.10,1
i,2022-11-01 20:39:59.041640,0.28,-0.33,1.02,0.79,5.13,-22.40,-9.92,-9.23,-105.10,1
i,2022-11-01 20:39:59.059784,0.28,-0.35,0.99,-6.41,12.21,-21.67,-9.92,-9.23,-105.10,1
i,2022-11-01 20:39:59.078992,0.27,-0.34,0.95,-16.05,20.51,-20.32,-10.27,-10.35,-104.55,1
i,2022-11-01 20:39:59.097782,0.25,-0.28,0.89,-22.28,23.93,-14.59,-10.27,-10.35,-104.55,1
i,2022-11-01 20:39:59.116774,0.22,-0.21,0.85,-22.71,21.12,-9.95,-11.24,-12.00,-105.85,1
i,2022-11-01 20:39:59.134932,0.22,-0.15,0.84,-13.49,11.47,-3.85,-11.24,-12.00,-105.85,1
i,2022-11-01 20:39:59.152775,0.22,-0.14,0.84,-1.46,1.28,3.60,-11.24,-12.00,-105.85,1
i,2022-11-01 20:39:59.171846,0.21,-0.12,0.80,5.86,-6.59,14.22,-12.29,-10.93,-106.49,1
i,2022-11-01 20:39:59.189664,0.25,-0.06,0.84,19.90,-14.77,13.06,-12.29,-10.93,-106.49,1
i,2022-11-01 20:39:59.207934,0.27,-0.05,0.92,22.34,-16.54,5.74,-12.29,-10.93,-106.49,1
i,2022-11-01 20:39:59.226775,0.29,-0.11,0.97,19.84,-12.27,-2.20,-11.16,-10.29,-106.14,1
i,2022-11-01 20:39:59.244773,0.28,-0.20,0.98,14.95,-6.35,-5.49,-11.16,-10.29,-106.14,1
i,2022-11-01 20:39:59.263863,0.27,-0.24,0.99,6.35,-3.72,-5.74,-10.71,-10.49,-105.08,1
i,2022-11-01 20:39:59.281631,0.17,-0.26,1.03,3.11,2.93,-5.86,-10.71,-10.49,-105.08,1
i,2022-11-01 20:39:59.299544,0.09,-0.29,1.04,14.04,11.72,5.19,-10.71,-10.49,-105.08,1
i,2022-11-01 20:39:59.318615,0.15,-0.36,1.02,37.35,11.78,17.64,-9.46,-9.74,-106.38,1
i,2022-11-01 20:39:59.336705,0.19,-0.43,0.91,39.18,10.93,22.40,-9.46,-9.74,-106.38,1
i,2022-11-01 20:39:59.354532,0.19,-0.44,0.84,26.49,10.86,19.10,-9.46,-9.74,-106.38,1
i,2022-11-01 20:39:59.373539,0.22,-0.41,0.78,19.41,10.56,19.71,-9.13,-6.08,-106.65,1
i,2022-11-01 20:39:59.391627,0.27,-0.37,0.71,15.20,7.39,21.79,-9.13,-6.08,-106.65,1
i,2022-11-01 20:39:59.411663,0.29,-0.34,0.68,10.68,-0.49,23.80,-7.36,-3.06,-106.40,1
i,2022-11-01 20:39:59.428847,0.27,-0.31,0.67,11.05,-6.77,25.09,-7.36,-3.06,-106.40,1
i,2022-11-01 20:39:59.446791,0.25,-0.31,0.69,12.63,-13.98,25.63,-7.36,-3.06,-106.40,1
i,2022-11-01 20:39:59.465687,0.24,-0.30,0.71,11.78,-18.55,24.23,-5.75,1.54,-106.07,1
i,2022-11-01 20:39:59.483576,0.24,-0.27,0.74,10.19,-23.01,20.69,-5.75,1.54,-106.07,1
i,2022-11-01 20:39:59.501599,0.22,-0.23,0.78,7.87,-25.63,17.46,-5.75,1.54,-106.07,1
i,2022-11-01 20:39:59.520638,0.23,-0.20,0.82,6.23,-27.22,13.49,-2.81,5.16,-105.74,1
i,2022-11-01 20:39:59.538703,0.26,-0.19,0.86,7.69,-27.77,8.54,-2.81,5.16,-105.74,1
i,2022-11-01 20:39:59.556695,0.25,-0.19,0.91,13.85,-33.02,8.42,-2.81,5.16,-105.74,1
i,2022-11-01 20:39:59.575811,0.21,-0.21,0.96,24.05,-35.22,6.96,0.74,7.42,-104.81,1
i,2022-11-01 20:39:59.593632,0.19,-0.31,0.98,25.15,-31.86,4.33,0.74,7.42,-104.81,1
