L,2022-10-28 18:07:33.120479,0.11,-0.51,0.83,-12.76,2.75,-2.99,-17.98,-15.44,-148.06,1
L,2022-10-28 18:07:33.143659,0.13,-0.49,0.83,-15.14,4.03,0.24,-17.50,-16.43,-147.60,1
L,2022-10-28 18:07:33.159507,0.13,-0.47,0.83,-15.38,-1.22,1.65,-17.50,-16.43,-147.60,1
L,2022-10-28 18:07:33.181022,0.09,-0.47,0.86,-15.81,-3.66,1.34,-17.32,-17.70,-148.33,1
L,2022-10-28 18:07:33.201602,0.08,-0.47,0.87,-8.12,-5.00,4.46,-17.32,-17.70,-148.33,1
L,2022-10-28 18:07:33.221233,0.08,-0.45,0.86,-14.16,-4.03,6.04,-17.32,-17.70,-148.33,1
L,2022-10-28 18:07:33.240718,0.06,-0.48,0.89,-16.24,-2.99,6.96,-16.55,-18.23,-150.26,1
L,2022-10-28 18:07:33.260231,0.08,-0.43,0.88,-20.57,-0.49,11.96,-16.55,-18.23,-150.26,1
L,2022-10-28 18:07:33.281221,0.05,-0.40,0.89,-22.40,-0.85,10.74,-15.86,-19.25,-148.78,1
L,2022-10-28 18:07:33.304770,0.03,-0.33,0.94,-16.91,0.43,10.86,-15.86,-19.25,-148.78,1
L,2022-10-28 18:07:33.322928,0.06,-0.31,0.92,-5.98,1.95,10.62,-15.56,-19.84,-148.50,1
L,2022-10-28 18:07:33.342453,0.11,-0.34,0.87,-3.72,1.65,10.50,-15.56,-19.84,-148.50,1
L,2022-10-28 18:07:33.360125,0.10,-0.29,0.90,-5.68,-0.31,8.06,-15.56,-19.84,-148.50,1
L,2022-10-28 18:07:33.379283,0.09,-0.30,0.92,-5.00,0.06,5.43,-15.45,-20.14,-147.28,1
L,2022-10-28 18:07:33.399600,0.07,-0.33,0.95,0.61,3.42,5.31,-15.45,-20.14,-147.28,1
L,2022-10-28 18:07:33.420085,0.07,-0.35,0.89,-0.79,8.06,5.00,-15.45,-20.14,-147.28,1
L,2022-10-28 18:07:33.443624,0.15,-0.30,0.76,-5.62,3.72,3.91,-15.61,-20.06,-146.84,1
L,2022-10-28 18:07:33.459518,0.10,-0.24,1.14,-0.06,-6.16,-8.54,-15.61,-20.06,-146.84,1
L,2022-10-28 18:07:33.477767,0.03,-0.27,0.77,29.24,1.46,12.02,-15.54,-19.08,-147.27,1
L,2022-10-28 18:07:33.497195,0.08,-0.32,0.85,23.50,-5.19,8.24,-15.54,-19.08,-147.27,1
L,2022-10-28 18:07:33.516908,0.06,-0.39,0.85,9.34,-0.24,12.02,-15.54,-19.08,-147.27,1
L,2022-10-28 18:07:33.538519,0.09,-0.38,0.86,-10.99,11.66,11.84,-15.11,-18.88,-145.53,1
L,2022-10-28 18:07:33.557134,0.09,-0.40,0.86,-30.70,19.71,8.85,-15.11,-18.88,-145.53,1
L,2022-10-28 18:07:33.578202,0.06,-0.27,0.77,-50.35,24.78,5.74,-13.81,-19.53,-146.74,1
L,2022-10-28 18:07:33.599165,0.08,-0.25,0.81,-14.28,-9.03,-10.38,-13.81,-19.53,-146.74,1
L,2022-10-28 18:07:33.619895,0.08,-0.25,0.84,10.44,-19.90,-8.06,-13.81,-19.53,-146.74,1
L,2022-10-28 18:07:33.642138,0.07,-0.27,0.82,9.34,-21.42,-6.41,-14.22,-20.10,-149.00,1
L,2022-10-28 18:07:33.660285,0.06,-0.27,0.81,12.08,-20.87,-5.25,-14.22,-20.10,-149.00,1
L,2022-10-28 18:07:33.682039,0.05,-0.27,0.81,6.53,-18.86,-5.98,-13.64,-19.51,-149.90,1
L,2022-10-28 18:07:33.701297,0.05,-0.28,0.85,7.32,-18.74,-7.32,-13.64,-19.51,-149.90,1
L,2022-10-28 18:07:33.724483,0.04,-0.20,0.73,0.61,-10.01,-10.93,-14.62,-19.17,-152.88,1
L,2022-10-28 18:07:33.742659,0.08,-0.43,1.03,32.47,-27.04,-16.24,-14.62,-19.17,-152.88,1
L,2022-10-28 18:07:33.759696,0.08,-0.41,1.00,18.74,-15.26,-10.86,-14.62,-19.17,-152.88,1
L,2022-10-28 18:07:33.780043,0.07,-0.41,0.99,12.76,-12.51,-8.24,-16.31,-18.58,-154.88,1
L,2022-10-28 18:07:33.800685,0.07,-0.42,1.01,8.54,-12.21,-9.95,-16.31,-18.58,-154.88,1
L,2022-10-28 18:07:33.821107,0.08,-0.40,1.06,0.67,-7.39,-9.89,-18.74,-17.53,-156.25,1
L,2022-10-28 18:07:33.840069,0.07,-0.41,1.04,-1.77,-3.42,-8.24,-18.74,-17.53,-156.25,1
L,2022-10-28 18:07:33.859087,0.07,-0.39,1.02,-1.16,-3.48,-5.49,-18.74,-17.53,-156.25,1
L,2022-10-28 18:07:33.880971,0.07,-0.40,1.07,-0.24,-3.48,-4.64,-19.58,-17.79,-157.50,1
L,2022-10-28 18:07:33.902308,0.07,-0.42,1.05,-5.25,-0.12,-2.87,-19.58,-17.79,-157.50,1
L,2022-10-28 18:07:33.924343,0.05,-0.36,0.97,-8.85,-0.98,-2.75,-19.53,-17.66,-157.32,1
L,2022-10-28 18:07:33.941647,0.04,-0.31,0.96,-3.78,-11.29,-4.46,-19.53,-17.66,-157.32,1
L,2022-10-28 18:07:33.960841,0.03,-0.31,0.94,2.56,-17.15,-2.87,-19.53,-17.66,-157.32,1
L,2022-10-28 18:07:33.981797,0.02,-0.32,0.92,5.80,-19.41,-0.98,-20.48,-17.35,-157.57,1
L,2022-10-28 18:07:34.001217,0.00,-0.31,0.91,4.64,-18.43,4.39,-20.48,-17.35,-157.57,1
L,2022-10-28 18:07:34.023846,-0.05,0.04,1.14,-4.70,-9.09,-0.61,-20.57,-18.36,-156.73,1
L,2022-10-28 18:07:34.042242,0.01,-0.13,0.96,-25.45,20.75,-33.02,-20.57,-18.36,-156.73,1
L,2022-10-28 18:07:34.062493,0.02,-0.17,0.96,-1.77,14.34,-25.21,-20.57,-18.36,-156.73,1
L,2022-10-28 18:07:34.081185,0.02,-0.30,0.92,9.52,11.60,-20.94,-19.27,-20.53,-156.99,1
L,2022-10-28 18:07:34.100945,0.02,-0.43,0.90,28.69,2.38,-9.40,-19.27,-20.53,-156.99,1
L,2022-10-28 18:07:34.120964,0.02,-0.50,0.88,25.39,0.73,-8.12,-18.04,-20.39,-156.97,1
L,2022-10-28 18:07:34.139780,0.02,-0.66,0.79,19.53,-1.59,-3.72,-18.04,-20.39,-156.97,1
L,2022-10-28 18:07:34.158902,0.01,-0.70,0.74,12.88,-4.58,1.77,-18.04,-20.39,-156.97,1
L,2022-10-28 18:07:34.181107,-0.00,-0.53,0.82,2.62,-7.32,-12.63,-18.16,-20.32,-156.03,1
L,2022-10-28 18:07:34.202957,0.01,-0.36,0.89,-17.33,0.12,-9.95,-18.16,-20.32,-156.03,1
L,2022-10-28 18:07:34.221841,0.01,-0.28,0.93,-12.08,2.38,-4.94,-17.91,-20.92,-156.85,1
L,2022-10-28 18:07:34.242828,0.01,-0.28,0.93,0.31,0.31,3.78,-17.91,-20.92,-156.85,1
L,2022-10-28 18:07:34.261305,0.02,-0.28,0.93,13.06,-2.14,12.45,-17.91,-20.92,-156.85,1
L,2022-10-28 18:07:34.282406,-0.00,-0.10,0.98,21.61,0.92,-4.39,-16.83,-20.56,-156.82,1
L,2022-10-28 18:07:34.302339,0.01,-0.26,0.95,13.92,5.43,-22.22,-16.83,-20.56,-156.82,1
L,2022-10-28 18:07:34.326771,0.02,-0.43,0.90,10.68,5.07,-22.71,-17.08,-21.09,-156.15,1
L,2022-10-28 18:07:34.345302,0.02,-0.62,0.85,20.81,-0.43,-8.79,-17.08,-21.09,-156.15,1
L,2022-10-28 18:07:34.361921,0.01,-0.60,0.83,34.36,-8.79,15.50,-17.08,-21.09,-156.15,1
L,2022-10-28 18:07:34.383100,-0.00,-0.54,0.84,15.50,-5.37,5.49,-16.65,-20.14,-155.57,1
L,2022-10-28 18:07:34.403151,0.00,-0.48,0.87,-10.50,-0.12,-8.91,-16.65,-20.14,-155.57,1
L,2022-10-28 18:07:34.421252,0.01,-0.34,0.92,-26.73,2.50,-15.87,-17.29,-20.83,-156.31,1
L,2022-10-28 18:07:34.439162,0.01,-0.30,0.95,-17.03,-0.92,-10.44,-17.29,-20.83,-156.31,1
L,2022-10-28 18:07:34.459450,0.01,-0.32,0.94,1.89,-6.65,-2.38,-17.29,-20.83,-156.31,1
L,2022-10-28 18:07:34.477301,0.00,-0.36,0.93,17.94,-12.94,5.68,-17.85,-21.57,-155.82,1
L,2022-10-28 18:07:34.496616,-0.01,-0.41,0.91,26.00,-15.08,5.37,-17.85,-21.57,-155.82,1
L,2022-10-28 18:07:34.517387,-0.08,-0.42,0.95,24.66,-14.89,2.81,-17.85,-21.57,-155.82,1
L,2022-10-28 18:07:34.540194,-0.48,-0.57,1.32,28.08,20.26,8.36,-17.52,-19.91,-155.08,1
