x,2022-10-14 15:47:05.431499,-0.14,0.41,0.91,-25.88,8.06,-5.43,69.20,-25.90,-83.48,1
x,2022-10-14 15:47:05.451144,-0.11,0.42,0.87,-19.96,7.81,-14.16,69.90,-27.66,-82.51,1
x,2022-10-14 15:47:05.469540,-0.05,0.51,0.78,-10.68,3.72,-16.78,69.90,-27.66,-82.51,1
x,2022-10-14 15:47:05.488579,-1.25,-0.19,1.01,-0.85,-4.21,-21.79,72.11,-28.54,-83.34,1
x,2022-10-14 15:47:05.506667,-0.06,0.62,0.70,42.79,-6.29,-6.96,72.11,-28.54,-83.34,1
x,2022-10-14 15:47:05.525383,-0.15,0.27,0.79,28.69,-11.35,-35.64,72.11,-28.54,-83.34,1
x,2022-10-14 15:47:05.544401,-0.15,0.18,0.73,25.51,-15.26,-37.29,74.16,-25.98,-85.56,1
x,2022-10-14 15:47:05.563073,-0.15,0.11,0.63,17.21,-27.10,-36.07,74.16,-25.98,-85.56,1
x,2022-10-14 15:47:05.581007,-0.16,0.03,0.60,20.45,-65.73,-17.58,74.16,-25.98,-85.56,1
x,2022-10-14 15:47:05.600586,-0.24,-0.08,0.91,40.95,-73.97,14.95,70.76,-23.58,-88.02,1
x,2022-10-14 15:47:05.618825,-0.26,-0.11,1.01,52.98,-74.16,42.36,70.76,-23.58,-88.02,1
x,2022-10-14 15:47:05.638811,-0.27,-0.13,1.00,43.64,-67.69,59.81,58.40,-23.54,-89.44,1
x,2022-10-14 15:47:05.656189,-0.31,0.11,1.19,-4.27,-47.79,50.90,58.40,-23.54,-89.44,1
x,2022-10-14 15:47:05.674337,-0.32,0.40,1.19,-32.41,-18.07,22.28,58.40,-23.54,-89.44,1
x,2022-10-14 15:47:05.693549,-0.29,0.39,1.08,-32.59,-3.48,13.67,50.42,-24.54,-87.82,1
x,2022-10-14 15:47:05.711970,-0.27,0.65,1.03,-18.01,-2.62,16.85,50.42,-24.54,-87.82,1
x,2022-10-14 15:47:05.730394,-0.27,0.42,0.97,5.80,-6.96,10.93,50.42,-24.54,-87.82,1
x,2022-10-14 15:47:05.749788,-0.30,0.38,1.01,23.80,-12.21,22.95,49.44,-25.79,-86.61,1
x,2022-10-14 15:47:05.767011,-0.42,0.91,1.44,8.85,5.43,-9.77,49.44,-25.79,-86.61,1
x,2022-10-14 15:47:05.786553,-0.31,0.55,1.27,-6.10,65.06,-73.18,57.67,-25.76,-88.59,1
x,2022-10-14 15:47:05.804594,-0.20,0.31,0.88,-6.47,82.89,-85.51,57.67,-25.76,-88.59,1
x,2022-10-14 15:47:05.821617,-0.19,-0.00,0.78,-12.63,65.55,-72.51,57.67,-25.76,-88.59,1
x,2022-10-14 15:47:05.841902,-0.18,0.04,0.76,-6.47,46.94,-48.95,73.97,-21.89,-88.49,1
x,2022-10-14 15:47:05.859667,-0.20,-0.04,0.82,-0.12,29.85,-34.79,73.97,-21.89,-88.49,1
x,2022-10-14 15:47:05.878094,-0.22,-0.19,0.72,5.86,11.29,-8.67,73.97,-21.89,-88.49,1
x,2022-10-14 15:47:05.896613,-0.19,-0.01,0.76,2.32,-6.29,8.73,80.74,-19.84,-87.81,1
x,2022-10-14 15:47:05.915649,-0.18,0.12,0.85,-16.17,-4.09,0.67,80.74,-19.84,-87.81,1
x,2022-10-14 15:47:05.936550,-0.20,0.13,0.88,-30.03,8.42,-5.62,80.58,-20.30,-86.62,1
x,2022-10-14 15:47:05.954654,-0.18,-0.05,0.54,-31.98,11.23,16.42,80.58,-20.30,-86.62,1
x,2022-10-14 15:47:05.973791,-0.14,0.03,0.48,-13.55,-31.80,46.26,80.58,-20.30,-86.62,1
x,2022-10-14 15:47:05.993127,-0.17,0.16,0.71,2.01,-72.69,65.31,71.46,-24.52,-86.58,1
x,2022-10-14 15:47:06.011947,-0.21,0.60,1.00,5.55,-77.88,56.70,71.46,-24.52,-86.58,1
x,2022-10-14 15:47:06.029308,-0.25,0.68,1.04,-12.82,-53.53,19.29,71.46,-24.52,-86.58,1
x,2022-10-14 15:47:06.048102,-0.22,0.70,0.87,-11.29,-33.08,-5.86,58.79,-26.44,-84.88,1
x,2022-10-14 15:47:06.066444,-0.26,0.63,1.00,13.61,-35.28,-13.92,58.79,-26.44,-84.88,1
x,2022-10-14 15:47:06.084851,-0.27,0.50,0.98,47.42,-29.97,-15.38,57.36,-27.43,-83.29,1
x,2022-10-14 15:47:06.103385,-0.33,0.24,1.10,50.11,-25.76,-16.42,57.36,-27.43,-83.29,1
x,2022-10-14 15:47:06.122659,-0.36,0.03,1.15,36.50,-13.55,-15.20,57.36,-27.43,-83.29,1
x,2022-10-14 15:47:06.141519,-0.35,-0.03,1.07,18.13,-1.10,-7.39,60.61,-26.66,-83.13,1
x,2022-10-14 15:47:06.159618,-0.37,0.23,1.23,-14.59,16.05,-4.82,60.61,-26.66,-83.13,1
x,2022-10-14 15:47:06.177728,-0.55,0.36,1.03,-27.59,50.35,-15.50,60.61,-26.66,-83.13,1
x,2022-10-14 15:47:06.196729,-0.30,0.48,0.95,1.83,42.30,-9.77,65.72,-25.56,-82.02,1
x,2022-10-14 15:47:06.216158,-0.20,0.41,0.91,13.24,36.62,-14.77,65.72,-25.56,-82.02,1
x,2022-10-14 15:47:06.234145,-0.16,0.45,0.89,27.53,23.32,-12.51,74.24,-20.04,-81.37,1
x,2022-10-14 15:47:06.251784,-0.15,0.35,0.94,31.62,21.48,-18.49,74.24,-20.04,-81.37,1
x,2022-10-14 15:47:06.269738,-0.14,0.25,0.92,21.85,26.73,-28.87,74.24,-20.04,-81.37,1
x,2022-10-14 15:47:06.289026,-0.11,0.16,0.83,9.64,29.72,-36.50,82.82,-12.65,-80.88,1
x,2022-10-14 15:47:06.307642,-0.13,0.13,0.84,3.78,21.36,-31.37,82.82,-12.65,-80.88,1
x,2022-10-14 15:47:06.326825,-0.14,0.04,0.80,8.42,14.10,-24.11,82.82,-12.65,-80.88,1
x,2022-10-14 15:47:06.344848,-0.17,0.02,0.89,14.71,5.80,-14.22,88.60,-6.45,-80.02,1
