d,2022-11-02 11:01:04.019037,0.32,0.06,0.81,5.98,-5.92,-4.70,-32.06,-50.71,-104.13,1
d,2022-11-02 11:01:04.037094,0.30,0.11,0.84,1.59,-11.17,-8.12,-32.06,-50.71,-104.13,1
d,2022-11-02 11:01:04.056051,0.25,0.06,0.88,-0.55,-8.73,-12.70,-32.85,-49.87,-105.65,1
d,2022-11-02 11:01:04.073982,0.28,-0.02,0.87,2.32,-9.34,-4.82,-32.85,-49.87,-105.65,1
d,2022-11-02 11:01:04.091718,0.19,0.03,1.05,3.30,-11.47,0.61,-32.85,-49.87,-105.65,1
d,2022-11-02 11:01:04.110941,0.20,0.18,1.09,-5.31,10.80,-7.08,-34.34,-49.21,-107.95,1
d,2022-11-02 11:01:04.129018,0.25,-0.01,0.99,-7.39,3.11,-6.53,-34.34,-49.21,-107.95,1
d,2022-11-02 11:01:04.147934,0.27,0.01,1.04,-2.75,-3.66,-2.38,-34.40,-49.56,-107.18,1
d,2022-11-02 11:01:04.166062,0.20,-0.03,0.66,8.36,24.05,19.04,-34.40,-49.56,-107.18,1
d,2022-11-02 11:01:04.183830,0.35,-0.04,1.08,-14.04,9.52,3.66,-34.40,-49.56,-107.18,1
d,2022-11-02 11:01:04.202939,0.30,-0.11,0.97,-13.43,15.26,14.40,-31.87,-48.83,-107.40,1
d,2022-11-02 11:01:04.220732,0.20,0.12,0.88,-19.59,13.92,10.62,-31.87,-48.83,-107.40,1
d,2022-11-02 11:01:04.238950,0.26,-0.03,0.92,-17.88,9.64,3.85,-31.87,-48.83,-107.40,1
d,2022-11-02 11:01:04.257862,0.26,0.03,0.88,-15.56,7.02,17.27,-30.32,-47.89,-108.04,1
d,2022-11-02 11:01:04.275799,0.22,0.12,0.82,-13.31,2.56,21.91,-30.32,-47.89,-108.04,1
d,2022-11-02 11:01:04.294717,0.23,0.02,0.83,-8.30,-3.72,18.86,-29.03,-46.20,-106.59,1
d,2022-11-02 11:01:04.312947,0.24,0.23,0.88,-16.66,-2.08,12.88,-29.03,-46.20,-106.59,1
d,2022-11-02 11:01:04.330916,0.21,0.15,0.86,-23.86,1.46,-2.08,-29.03,-46.20,-106.59,1
d,2022-11-02 11:01:04.349945,0.20,0.17,0.85,-16.78,-4.03,4.15,-29.08,-44.68,-108.36,1
d,2022-11-02 11:01:04.367786,0.20,0.21,0.89,-8.54,-13.31,14.53,-29.08,-44.68,-108.36,1
d,2022-11-02 11:01:04.385742,0.21,0.24,0.88,0.24,-17.94,19.59,-29.08,-44.68,-108.36,1
d,2022-11-02 11:01:04.404847,0.18,0.27,0.87,1.04,-14.47,14.40,-31.14,-43.54,-107.62,1
d,2022-11-02 11:01:04.422837,0.16,0.24,0.87,0.61,-15.75,6.84,-31.14,-43.54,-107.62,1
d,2022-11-02 11:01:04.440755,0.19,0.22,0.88,2.32,-19.90,4.21,-31.14,-43.54,-107.62,1
d,2022-11-02 11:01:04.459845,0.22,0.22,0.97,10.99,-26.61,8.79,-34.55,-42.07,-107.25,1
d,2022-11-02 11:01:04.478069,0.20,0.27,0.99,15.01,-22.58,7.08,-34.55,-42.07,-107.25,1
d,2022-11-02 11:01:04.497039,0.19,0.26,1.03,9.77,-19.96,-3.23,-39.09,-42.41,-106.67,1
d,2022-11-02 11:01:04.514850,0.19,0.23,1.00,4.39,-17.88,-12.33,-39.09,-42.41,-106.67,1
d,2022-11-02 11:01:04.532854,0.21,0.23,1.06,4.70,-19.78,-15.87,-39.09,-42.41,-106.67,1
d,2022-11-02 11:01:04.551937,0.24,0.26,1.13,8.73,-16.30,-16.30,-43.31,-42.92,-104.30,1
d,2022-11-02 11:01:04.569875,0.26,0.24,1.17,9.95,-6.77,-20.14,-43.31,-42.92,-104.30,1
d,2022-11-02 11:01:04.587833,0.26,0.15,1.10,8.36,4.82,-25.39,-43.31,-42.92,-104.30,1
d,2022-11-02 11:01:04.606847,0.26,0.06,1.06,4.58,11.29,-20.81,-44.31,-46.26,-104.61,1
d,2022-11-02 11:01:04.624874,0.27,0.00,1.07,9.89,11.05,-11.90,-44.31,-46.26,-104.61,1
d,2022-11-02 11:01:04.643813,0.28,-0.02,1.07,10.44,13.12,-7.63,-41.94,-48.49,-105.53,1
d,2022-11-02 11:01:04.662022,0.26,0.00,1.10,0.61,19.10,-9.83,-41.94,-48.49,-105.53,1
d,2022-11-02 11:01:04.680054,0.24,-0.02,1.04,-15.99,28.44,-18.86,-41.94,-48.49,-105.53,1
d,2022-11-02 11:01:04.698990,0.26,0.02,1.00,-22.46,29.79,-13.55,-36.43,-50.98,-107.18,1
d,2022-11-02 11:01:04.716934,0.29,0.07,0.96,-17.03,28.81,-10.80,-36.43,-50.98,-107.18,1
d,2022-11-02 11:01:04.735046,0.27,0.06,0.90,-15.20,27.95,-10.99,-36.43,-50.98,-107.18,1
d,2022-11-02 11:01:04.753958,0.26,0.07,0.85,-10.68,22.28,-6.96,-30.35,-52.73,-107.08,1
d,2022-11-02 11:01:04.771960,0.26,0.12,0.86,-13.43,15.56,-7.69,-30.35,-52.73,-107.08,1
d,2022-11-02 11:01:04.790115,0.02,0.11,0.73,-12.39,13.43,-6.41,-30.35,-52.73,-107.08,1
d,2022-11-02 11:01:04.808794,0.24,0.20,0.81,4.03,3.97,-1.16,-25.17,-52.53,-104.99,1
d,2022-11-02 11:01:04.826801,0.30,0.18,0.99,0.61,-11.90,-0.37,-25.17,-52.53,-104.99,1
d,2022-11-02 11:01:04.846177,0.00,0.07,0.51,-9.28,-14.28,-0.55,-23.12,-52.73,-103.33,1
d,2022-11-02 11:01:04.864106,0.21,0.08,0.79,-2.08,-4.58,-0.43,-23.12,-52.73,-103.33,1
d,2022-11-02 11:01:04.881952,0.09,0.12,0.53,-16.72,12.70,-6.29,-23.12,-52.73,-103.33,1
d,2022-11-02 11:01:04.900879,0.11,0.08,0.66,-19.41,2.01,-10.25,-24.21,-52.76,-104.59,1
d,2022-11-02 11:01:04.918888,0.15,0.12,0.69,-8.36,-9.03,0.73,-24.21,-52.76,-104.59,1
d,2022-11-02 11:01:04.936794,0.15,0.15,0.74,4.09,-18.80,3.36,-24.21,-52.76,-104.59,1
d,2022-11-02 11:01:04.955876,0.17,0.17,0.89,7.93,-24.84,4.58,-28.39,-52.87,-105.75,1
d,2022-11-02 11:01:04.973904,0.18,0.21,0.90,6.10,-22.52,2.87,-28.39,-52.87,-105.75,1
d,2022-11-02 11:01:04.992810,0.21,0.20,0.92,7.20,-25.51,-0.79,-36.18,-51.94,-107.42,1
d,2022-11-02 11:01:05.010893,0.20,0.19,0.99,18.86,-32.84,0.06,-36.18,-51.94,-107.42,1
d,2022-11-02 11:01:05.028775,0.33,0.13,1.29,36.38,-36.19,7.20,-36.18,-51.94,-107.42,1
d,2022-11-02 11:01:05.048029,0.32,0.19,1.23,31.37,-23.74,11.72,-44.52,-51.12,-104.99,1
d,2022-11-02 11:01:05.065943,0.28,0.16,1.24,26.55,-14.89,12.08,-44.52,-51.12,-104.99,1
d,2022-11-02 11:01:05.083803,0.20,0.24,1.14,11.05,-13.73,4.27,-44.52,-51.12,-104.99,1
d,2022-11-02 11:01:05.103100,0.01,0.36,1.41,-0.37,-10.31,-11.17,-48.51,-50.93,-102.03,1
d,2022-11-02 11:01:05.120885,-0.08,0.35,1.39,0.79,24.11,-18.80,-48.51,-50.93,-102.03,1
d,2022-11-02 11:01:05.138995,0.07,0.37,1.17,21.97,45.41,-15.75,-48.51,-50.93,-102.03,1
d,2022-11-02 11:01:05.157866,0.23,0.29,0.90,28.14,45.35,-19.04,-43.66,-54.35,-99.89,1
d,2022-11-02 11:01:05.175831,0.31,0.19,0.86,32.23,32.04,-26.18,-43.66,-54.35,-99.89,1
d,2022-11-02 11:01:05.194865,0.40,0.09,0.83,35.46,28.56,-25.63,-37.18,-58.84,-97.67,1
d,2022-11-02 11:01:05.212814,0.47,0.00,0.73,32.84,25.33,-24.78,-37.18,-58.84,-97.67,1
d,2022-11-02 11:01:05.231074,0.47,-0.03,0.71,28.81,15.75,-22.71,-37.18,-58.84,-97.67,1
