Q,2022-10-29 11:09:42.050890,0.08,-0.37,0.67,-13.43,-21.24,4.21,15.14,-17.53,-190.99,1
Q,2022-10-29 11:09:42.074885,-1.60,-0.06,1.78,-24.05,-34.79,-4.09,15.23,-21.96,-192.03,1
Q,2022-10-29 11:09:42.090898,-0.05,-0.04,0.89,-39.79,8.85,-33.45,15.23,-21.96,-192.03,1
Q,2022-10-29 11:09:42.114893,-0.02,-0.49,0.64,8.61,0.31,-0.85,14.60,-25.39,-192.87,1
Q,2022-10-29 11:09:42.130885,-0.04,-0.33,0.70,4.46,-30.03,22.58,14.60,-25.39,-192.87,1
Q,2022-10-29 11:09:42.146890,-0.07,-0.17,0.76,17.58,-39.12,22.77,14.60,-25.39,-192.87,1
Q,2022-10-29 11:09:42.162887,-0.07,-0.19,0.78,27.16,-50.48,18.92,7.71,-24.41,-199.95,1
Q,2022-10-29 11:09:42.186885,-0.09,-0.22,0.78,22.71,-55.54,11.29,7.71,-24.41,-199.95,1
Q,2022-10-29 11:09:42.202886,-0.11,-0.23,0.80,10.25,-53.65,0.85,7.71,-24.41,-199.95,1
Q,2022-10-29 11:09:42.218904,-0.13,-0.14,0.97,6.47,-55.54,-5.80,-3.12,-23.00,-210.02,1
Q,2022-10-29 11:09:42.243389,-0.17,-0.12,1.00,18.31,-53.34,-7.08,-3.12,-23.00,-210.02,1
Q,2022-10-29 11:09:42.259393,-0.21,-0.16,1.09,32.78,-49.87,-9.95,-17.36,-18.29,-218.84,1
Q,2022-10-29 11:09:42.283392,-0.22,-0.27,1.08,36.99,-35.71,-18.37,-17.36,-18.29,-218.84,1
Q,2022-10-29 11:09:42.299392,-0.25,-0.37,1.15,36.44,-28.08,-22.28,-17.36,-18.29,-218.84,1
Q,2022-10-29 11:09:42.315393,-0.25,-0.47,1.14,39.37,-18.74,-17.88,-25.31,-11.55,-220.13,1
Q,2022-10-29 11:09:42.340070,-0.25,-0.59,1.07,36.50,-12.21,-8.48,-25.31,-11.55,-220.13,1
Q,2022-10-29 11:09:42.355619,-0.27,-0.57,1.06,18.62,-8.00,-11.47,-23.67,-6.14,-218.20,1
Q,2022-10-29 11:09:42.379613,-0.31,-0.49,1.13,-8.42,4.88,-29.91,-23.67,-6.14,-218.20,1
Q,2022-10-29 11:09:42.395615,-0.30,-0.41,1.08,-18.74,34.91,-30.09,-23.67,-6.14,-218.20,1
Q,2022-10-29 11:09:42.411617,-0.20,-0.45,0.94,-10.25,44.13,-22.22,-10.45,-5.11,-215.30,1
Q,2022-10-29 11:09:42.427619,-0.17,-0.48,0.86,-5.80,36.19,-13.79,-10.45,-5.11,-215.30,1
Q,2022-10-29 11:09:42.451610,-0.20,-0.47,0.93,-3.85,22.46,-7.87,-10.45,-5.11,-215.30,1
Q,2022-10-29 11:09:42.467619,-0.23,-0.48,0.99,-12.39,34.67,-5.00,3.55,-3.59,-208.72,1
Q,2022-10-29 11:09:42.483611,-0.18,-0.49,0.88,-15.38,44.98,-1.04,3.55,-3.59,-208.72,1
Q,2022-10-29 11:09:42.507633,-0.12,-0.49,0.70,-17.88,46.02,1.65,3.55,-3.59,-208.72,1
Q,2022-10-29 11:09:42.523619,-0.10,-0.50,0.68,-18.98,27.77,1.46,15.41,-5.85,-198.67,1
Q,2022-10-29 11:09:42.539610,-0.15,-0.49,0.79,-17.27,10.56,11.54,15.41,-5.85,-198.67,1
Q,2022-10-29 11:09:42.563634,-0.12,-0.42,0.73,-18.68,10.86,18.49,18.21,-11.36,-193.48,1
Q,2022-10-29 11:09:42.579611,-0.13,-0.37,0.76,-29.05,8.42,14.83,18.21,-11.36,-193.48,1
Q,2022-10-29 11:09:42.595629,-0.12,-0.31,0.75,-39.67,10.62,10.86,18.21,-11.36,-193.48,1
Q,2022-10-29 11:09:42.619612,-0.11,-0.22,0.78,-47.91,8.79,0.43,16.14,-20.06,-190.87,1
Q,2022-10-29 11:09:42.635620,-0.11,-0.17,0.89,-43.09,2.08,0.85,16.14,-20.06,-190.87,1
Q,2022-10-29 11:09:42.651614,-0.10,-0.15,0.90,-21.18,-1.59,15.08,16.14,-20.06,-190.87,1
Q,2022-10-29 11:09:42.667620,-0.11,-0.09,0.93,-11.84,-4.58,18.74,12.84,-26.32,-190.54,1
Q,2022-10-29 11:09:42.691612,-0.13,-0.09,0.96,-9.89,-2.38,14.95,12.84,-26.32,-190.54,1
Q,2022-10-29 11:09:42.707611,-0.13,-0.09,0.94,-4.09,2.08,16.17,11.11,-28.49,-190.55,1
Q,2022-10-29 11:09:42.723614,-0.33,-0.09,0.96,8.85,1.77,20.69,11.11,-28.49,-190.55,1
Q,2022-10-29 11:09:42.747610,-0.23,-0.10,0.94,27.71,2.56,12.45,11.11,-28.49,-190.55,1
Q,2022-10-29 11:09:42.763612,-0.13,-0.22,0.84,42.72,1.04,4.39,8.12,-22.92,-192.99,1
Q,2022-10-29 11:09:42.779612,-0.07,-0.34,0.81,39.31,-10.74,-0.18,8.12,-22.92,-192.99,1
Q,2022-10-29 11:09:42.795628,-0.03,-0.40,0.80,25.88,-14.95,-1.77,8.12,-22.92,-192.99,1
Q,2022-10-29 11:09:42.819613,0.04,-0.36,0.80,13.73,-17.40,-2.14,4.75,-16.86,-193.48,1
Q,2022-10-29 11:09:42.835614,0.04,-0.31,0.82,-0.92,-19.65,-6.29,4.75,-16.86,-193.48,1
Q,2022-10-29 11:09:42.851628,0.02,-0.30,0.86,-7.45,-21.24,-11.41,4.75,-16.86,-193.48,1
Q,2022-10-29 11:09:42.875621,0.00,-0.34,0.87,-5.07,-23.13,-10.68,1.44,-16.22,-195.86,1
Q,2022-10-29 11:09:42.891611,-0.11,-0.36,0.91,-2.93,-26.61,-8.24,1.44,-16.22,-195.86,1
Q,2022-10-29 11:09:42.907611,-0.20,-0.34,0.98,-4.27,-25.57,-5.80,-0.33,-18.15,-203.72,1
Q,2022-10-29 11:09:42.931620,-0.21,-0.29,1.00,-8.97,-16.60,-7.69,-0.33,-18.15,-203.72,1
Q,2022-10-29 11:09:42.947612,-0.15,-0.25,0.96,-10.31,-6.84,-13.49,-0.33,-18.15,-203.72,1
Q,2022-10-29 11:09:42.963630,-0.14,-0.23,0.90,-2.75,-8.54,-12.15,-1.48,-19.29,-210.22,1
Q,2022-10-29 11:09:42.987613,-0.37,-0.37,1.30,34.12,-2.01,4.21,-1.48,-19.29,-210.22,1
Q,2022-10-29 11:09:43.003620,-0.11,-0.23,0.79,36.01,-7.75,4.15,-1.48,-19.29,-210.22,1
Q,2022-10-29 11:09:43.019630,-0.18,-0.31,0.92,10.01,-9.70,-8.97,-2.62,-15.21,-212.07,1
Q,2022-10-29 11:09:43.043612,-0.18,-0.25,0.93,2.20,-6.23,-13.73,-2.62,-15.21,-212.07,1
Q,2022-10-29 11:09:43.059614,-0.16,-0.19,0.91,12.51,-6.71,-12.88,-4.58,-12.89,-212.38,1
Q,2022-10-29 11:09:43.075632,-0.18,-0.22,0.87,31.56,-11.17,-12.08,-4.58,-12.89,-212.38,1
Q,2022-10-29 11:09:43.099616,-0.18,-0.21,0.84,35.89,-12.63,-14.59,-4.58,-12.89,-212.38,1
Q,2022-10-29 11:09:43.115627,-0.20,-0.26,0.87,30.52,-14.16,-25.33,-7.10,-6.84,-214.42,1
Q,2022-10-29 11:09:43.139611,-0.22,-0.45,0.86,34.36,-11.78,-20.94,-7.10,-6.84,-214.42,1
Q,2022-10-29 11:09:43.155611,-0.21,-0.48,0.85,38.27,-12.63,-8.97,-7.10,-6.84,-214.42,1
Q,2022-10-29 11:09:43.171634,-0.22,-0.50,0.84,31.01,-13.98,-8.06,-11.02,-0.15,-212.78,1
Q,2022-10-29 11:09:43.195613,-0.25,-0.53,0.88,4.46,-13.92,-13.12,-11.02,-0.15,-212.78,1
Q,2022-10-29 11:09:43.211612,-0.27,-0.53,0.93,-10.13,-9.03,-14.53,-15.09,2.47,-210.19,1
Q,2022-10-29 11:09:43.227630,-0.28,-0.54,0.98,-18.01,-3.36,-7.81,-15.09,2.47,-210.19,1
Q,2022-10-29 11:09:43.251612,-0.26,-0.46,0.96,-18.74,1.53,12.02,-15.09,2.47,-210.19,1
Q,2022-10-29 11:09:43.267612,-0.42,-0.32,1.15,-14.65,-0.31,9.70,-16.72,-0.63,-209.63,1
Q,2022-10-29 11:09:43.283613,-0.42,-0.30,1.11,13.73,16.42,22.52,-16.72,-0.63,-209.63,1
Q,2022-10-29 11:09:43.307629,-0.29,-0.25,1.05,28.50,24.11,24.72,-12.22,3.80,-205.94,1
Q,2022-10-29 11:09:43.323618,-0.26,-0.29,1.07,32.41,30.46,12.02,-12.22,3.80,-205.94,1
Q,2022-10-29 11:09:43.339631,-0.19,-0.34,0.99,42.11,35.58,13.00,-12.22,3.80,-205.94,1
Q,2022-10-29 11:09:43.363624,-0.08,-0.40,0.91,49.80,36.25,11.72,-2.40,12.08,-197.80,1
Q,2022-10-29 11:09:43.379618,-0.03,-0.46,0.79,37.48,33.33,0.67,-2.40,12.08,-197.80,1
Q,2022-10-29 11:09:43.403612,-0.08,-0.47,0.82,10.99,28.20,-10.31,-2.40,12.08,-197.80,1
Q,2022-10-29 11:09:43.419616,-0.07,-0.43,0.82,2.69,28.93,-12.15,5.07,18.12,-189.11,1
Q,2022-10-29 11:09:43.435630,-0.06,-0.44,0.80,0.12,28.69,-14.22,5.07,18.12,-189.11,1
Q,2022-10-29 11:09:43.459613,-0.10,-0.47,0.80,8.42,20.51,-5.25,10.69,22.69,-183.96,1
Q,2022-10-29 11:09:43.475618,-0.07,-0.50,0.77,8.73,16.78,-2.93,10.69,22.69,-183.96,1
Q,2022-10-29 11:09:43.491612,-0.10,-0.51,0.78,-3.48,13.98,-7.14,10.69,22.69,-183.96,1
Q,2022-10-29 11:09:43.515616,-0.15,-0.49,0.84,-16.85,13.98,-13.55,14.69,25.20,-180.81,1
Q,2022-10-29 11:09:43.531618,-0.14,-0.42,0.87,-19.10,18.92,-14.77,14.69,25.20,-180.81,1
Q,2022-10-29 11:09:43.547615,-0.10,-0.44,0.79,-0.49,16.78,-9.83,14.69,25.20,-180.81,1
Q,2022-10-29 11:09:43.563625,-0.08,-0.48,0.76,8.30,8.42,-5.55,17.77,27.20,-178.72,1
Q,2022-10-29 11:09:43.587986,-0.07,-0.51,0.78,8.18,1.04,-5.19,17.77,27.20,-178.72,1
Q,2022-10-29 11:09:43.604067,-0.09,-0.51,0.79,-2.26,0.06,-8.12,17.77,27.20,-178.72,1
