a,2022-10-30 13:37:31.271473,0.25,0.99,0.91,-67.75,-11.17,-17.46,-53.55,3.80,-121.79,1
a,2022-10-30 13:37:31.292305,0.26,0.97,0.88,-56.40,-13.67,-14.89,-53.55,3.80,-121.79,1
a,2022-10-30 13:37:31.312083,0.28,0.93,0.86,-23.74,-20.20,-5.31,-51.64,2.82,-117.88,1
a,2022-10-30 13:37:31.332624,0.34,0.78,0.79,-4.03,-20.45,5.00,-51.64,2.82,-117.88,1
a,2022-10-30 13:37:31.344170,0.43,0.70,0.69,4.27,-23.62,-2.62,-52.06,2.43,-115.54,1
a,2022-10-30 13:37:31.363494,0.45,0.55,0.69,-0.55,-37.66,-27.77,-52.06,2.43,-115.54,1
a,2022-10-30 13:37:31.383626,0.33,0.43,0.74,-9.28,-46.02,-31.13,-52.06,2.43,-115.54,1
a,2022-10-30 13:37:31.403633,0.32,0.37,0.75,-3.72,-42.91,-13.79,-51.11,3.42,-110.33,1
a,2022-10-30 13:37:31.425095,0.36,0.32,0.78,-2.26,-43.88,0.00,-51.11,3.42,-110.33,1
a,2022-10-30 13:37:31.434117,0.31,0.32,0.81,-8.06,-43.58,2.93,-51.11,3.42,-110.33,1
a,2022-10-30 13:37:31.454140,0.25,0.36,0.91,-16.30,-42.48,-10.50,-48.86,5.35,-104.63,1
a,2022-10-30 13:37:31.474784,0.18,0.36,0.97,-12.51,-33.14,-13.06,-48.86,5.35,-104.63,1
a,2022-10-30 13:37:31.494346,0.11,0.42,0.85,22.83,-10.50,-21.06,-47.17,6.74,-100.42,1
a,2022-10-30 13:37:31.515509,0.56,0.17,1.41,3.05,20.87,-5.80,-47.17,6.74,-100.42,1
a,2022-10-30 13:37:31.535178,0.38,0.31,0.98,-6.84,17.58,-3.54,-47.17,6.74,-100.42,1
a,2022-10-30 13:37:31.554696,0.26,0.19,0.85,-5.98,23.74,3.30,-49.52,6.25,-99.85,1
a,2022-10-30 13:37:31.566335,0.22,0.26,0.85,-2.93,21.85,11.78,-49.52,6.25,-99.85,1
a,2022-10-30 13:37:31.592007,0.32,0.21,0.74,-4.27,22.46,10.31,-49.52,6.25,-99.85,1
a,2022-10-30 13:37:31.607738,0.18,0.29,0.72,-8.12,18.49,19.10,-51.04,4.25,-99.78,1
a,2022-10-30 13:37:31.626942,0.19,0.22,0.66,-9.58,10.68,29.60,-51.04,4.25,-99.78,1
a,2022-10-30 13:37:31.645886,0.16,0.54,0.67,-12.33,-5.43,36.68,-50.55,-0.98,-98.13,1
a,2022-10-30 13:37:31.665897,0.13,0.62,0.64,-6.23,-11.35,3.66,-50.55,-0.98,-98.13,1
a,2022-10-30 13:37:31.675906,0.07,0.53,0.64,2.32,-34.18,23.93,-50.55,-0.98,-98.13,1
a,2022-10-30 13:37:31.697230,0.14,0.71,0.72,14.40,-49.80,14.71,-45.19,-6.05,-100.71,1
a,2022-10-30 13:37:31.716320,0.12,0.67,0.64,19.35,-54.02,11.54,-45.19,-6.05,-100.71,1
a,2022-10-30 13:37:31.736377,0.27,0.79,0.82,29.79,-54.32,5.98,-45.19,-6.05,-100.71,1
a,2022-10-30 13:37:31.756286,0.20,0.81,0.98,33.94,-35.34,-18.01,-37.84,-9.05,-102.25,1
a,2022-10-30 13:37:31.776281,0.35,0.77,1.06,37.41,-20.63,-35.83,-37.84,-9.05,-102.25,1
a,2022-10-30 13:37:31.787189,0.35,0.59,1.12,32.96,-10.62,-49.44,-37.84,-9.05,-102.25,1
a,2022-10-30 13:37:31.806830,0.34,0.51,1.18,30.33,-0.24,-41.38,-33.59,-5.81,-102.37,1
a,2022-10-30 13:37:31.826763,0.28,0.12,1.08,40.47,7.63,-24.11,-33.59,-5.81,-102.37,1
a,2022-10-30 13:37:31.847514,0.29,0.09,1.07,33.39,9.22,-16.54,-36.58,-0.34,-102.26,1
a,2022-10-30 13:37:31.867135,0.42,0.12,1.13,19.78,7.39,-5.31,-36.58,-0.34,-102.26,1
a,2022-10-30 13:37:31.887075,0.22,-0.01,0.89,-3.11,24.54,-19.84,-36.58,-0.34,-102.26,1
a,2022-10-30 13:37:31.907075,0.20,0.10,0.84,-13.55,18.07,-12.39,-43.84,3.65,-101.32,1
a,2022-10-30 13:37:31.927251,0.15,0.10,0.71,-8.06,18.74,-7.57,-43.84,3.65,-101.32,1
a,2022-10-30 13:37:31.938438,0.16,0.20,0.73,-6.10,2.69,-4.70,-51.00,4.41,-99.85,1
a,2022-10-30 13:37:31.957998,-0.01,0.27,0.49,-6.04,-6.59,-10.74,-51.00,4.41,-99.85,1
a,2022-10-30 13:37:31.978030,0.16,0.38,0.70,-7.81,-22.40,-27.04,-51.00,4.41,-99.85,1
a,2022-10-30 13:37:31.998776,0.17,0.40,0.73,0.37,6.65,-26.61,-51.71,4.43,-101.14,1
a,2022-10-30 13:37:32.018289,0.17,0.38,0.71,13.79,39.00,-11.11,-51.71,4.43,-101.14,1
a,2022-10-30 13:37:32.038291,0.15,0.32,0.68,23.13,-34.42,28.26,-51.71,4.43,-101.14,1
a,2022-10-30 13:37:32.058291,0.04,0.22,0.61,32.90,-33.08,35.46,-46.73,2.92,-99.41,1
a,2022-10-30 13:37:32.078505,0.20,0.31,0.83,37.54,-29.79,49.44,-46.73,2.92,-99.41,1
a,2022-10-30 13:37:32.088736,0.30,0.38,1.05,35.64,-5.43,34.48,-36.74,-0.89,-102.84,1
a,2022-10-30 13:37:32.109751,0.30,0.37,1.12,27.47,23.93,10.31,-36.74,-0.89,-102.84,1
a,2022-10-30 13:37:32.129299,0.33,0.31,1.14,13.73,26.00,-7.26,-36.74,-0.89,-102.84,1
a,2022-10-30 13:37:32.149287,0.42,0.30,1.28,2.93,22.22,-17.76,-31.88,-2.49,-105.31,1
a,2022-10-30 13:37:32.170750,0.29,0.38,1.09,4.33,27.28,-6.41,-31.88,-2.49,-105.31,1
a,2022-10-30 13:37:32.179771,0.18,0.44,0.99,-5.92,2.69,16.78,-31.88,-2.49,-105.31,1
a,2022-10-30 13:37:32.199820,-0.06,0.87,1.27,-25.45,-14.89,6.77,-31.70,-1.53,-103.81,1
a,2022-10-30 13:37:32.219946,-0.52,0.77,1.21,14.65,66.53,-10.19,-31.70,-1.53,-103.81,1
a,2022-10-30 13:37:32.239950,-0.11,0.80,1.00,68.48,104.80,3.85,-31.70,-1.53,-103.81,1
a,2022-10-30 13:37:32.259949,-0.20,0.63,0.97,78.67,103.70,-14.59,-39.60,0.45,-110.86,1
a,2022-10-30 13:37:32.280571,0.40,0.37,0.77,102.60,120.24,-21.00,-39.60,0.45,-110.86,1
a,2022-10-30 13:37:32.300125,0.82,0.03,0.61,107.06,103.39,-16.85,-47.36,2.05,-123.83,1
a,2022-10-30 13:37:32.310170,0.96,-0.19,0.45,83.50,39.00,-14.10,-47.36,2.05,-123.83,1
a,2022-10-30 13:37:32.330127,1.02,-0.38,0.44,44.98,-15.20,-23.93,-47.36,2.05,-123.83,1
