W,2022-10-31 13:48:26.694898,0.18,-0.37,0.99,-87.46,-10.31,-38.76,4.82,27.64,-99.94,1
W,2022-10-31 13:48:26.726159,0.30,-0.25,0.86,-39.06,-2.38,-9.03,0.00,0.00,ovf,1
W,2022-10-31 13:48:26.741785,0.41,-0.20,0.70,-12.51,-3.11,5.98,4.97,27.55,-100.77,1
W,2022-10-31 13:48:26.757426,0.27,-0.14,0.94,13.31,-1.28,-23.50,4.97,27.55,-100.77,1
W,2022-10-31 13:48:26.773032,0.29,-0.33,0.84,-1.40,-0.43,-5.31,4.97,27.55,-100.77,1
W,2022-10-31 13:48:26.788659,0.30,-0.25,0.85,-23.38,6.59,-5.25,5.14,27.61,-100.84,1
W,2022-10-31 13:48:26.819912,0.29,-0.20,0.83,-24.41,13.24,0.06,5.14,27.61,-100.84,1
W,2022-10-31 13:48:26.835537,0.03,0.11,0.54,4.21,3.66,-0.79,5.14,27.61,-100.84,1
W,2022-10-31 13:48:26.851162,0.26,-0.16,0.78,23.44,-6.16,-1.28,4.60,27.87,-100.98,1
W,2022-10-31 13:48:26.866807,0.27,-0.20,0.77,20.14,-3.48,-6.53,4.60,27.87,-100.98,1
W,2022-10-31 13:48:26.882436,0.23,-0.21,0.81,11.05,-0.31,-11.66,2.88,28.97,-99.85,1
W,2022-10-31 13:48:26.898058,0.27,-0.22,0.82,13.67,-6.16,-16.60,2.88,28.97,-99.85,1
W,2022-10-31 13:48:26.929308,0.31,-0.29,0.85,21.42,-10.62,-18.13,2.88,28.97,-99.85,1
W,2022-10-31 13:48:26.944919,0.33,-0.35,0.86,22.03,-12.21,-19.90,-0.85,30.26,-102.48,1
W,2022-10-31 13:48:26.960566,0.34,-0.40,0.91,18.55,-11.05,-18.55,-0.85,30.26,-102.48,1
W,2022-10-31 13:48:26.976188,0.37,-0.49,0.99,10.99,-7.02,-18.74,-0.85,30.26,-102.48,1
W,2022-10-31 13:48:26.991818,0.38,-0.49,0.98,8.61,4.64,-6.04,-4.10,31.25,-103.42,1
W,2022-10-31 13:48:27.023048,0.38,-0.42,0.99,14.59,6.16,-0.37,-4.10,31.25,-103.42,1
W,2022-10-31 13:48:27.038677,0.39,-0.40,0.99,16.11,3.78,2.56,-4.10,31.25,-103.42,1
W,2022-10-31 13:48:27.054298,0.40,-0.44,1.01,16.66,3.30,4.46,-5.02,31.18,-103.27,1
W,2022-10-31 13:48:27.069947,0.35,-0.38,0.94,22.52,-5.49,5.80,-5.02,31.18,-103.27,1
W,2022-10-31 13:48:27.085569,0.33,-0.39,0.93,24.41,-17.52,2.14,-5.30,31.65,-102.04,1
W,2022-10-31 13:48:27.101195,0.86,-0.35,1.65,20.32,-26.00,-1.59,-5.30,31.65,-102.04,1
W,2022-10-31 13:48:27.116824,0.23,-0.41,0.86,-35.28,30.70,-15.69,-5.30,31.65,-102.04,1
W,2022-10-31 13:48:27.148057,0.36,-0.31,0.90,-13.73,16.05,-10.62,-4.49,31.45,-104.09,1
W,2022-10-31 13:48:27.163681,0.35,-0.42,0.92,2.93,13.00,-3.11,-4.49,31.45,-104.09,1
W,2022-10-31 13:48:27.179323,0.37,-0.41,0.90,8.91,13.43,5.55,-4.49,31.45,-104.09,1
W,2022-10-31 13:48:27.194954,0.33,-0.39,0.91,14.65,12.88,12.70,-2.88,31.21,-103.21,1
W,2022-10-31 13:48:27.210576,0.35,-0.37,0.89,20.81,11.84,18.19,-2.88,31.21,-103.21,1
W,2022-10-31 13:48:27.241826,0.32,-0.32,0.83,23.07,10.19,16.42,0.32,30.20,-105.00,1
W,2022-10-31 13:48:27.257437,0.25,-0.43,0.74,19.84,-6.10,5.62,0.32,30.20,-105.00,1
W,2022-10-31 13:48:27.273061,0.40,-0.52,0.86,10.38,-17.09,-1.71,0.32,30.20,-105.00,1
W,2022-10-31 13:48:27.288687,0.35,-0.47,0.83,-11.11,-9.09,-2.87,2.42,29.85,-104.60,1
W,2022-10-31 13:48:27.304313,0.25,-0.36,0.75,-12.63,-11.60,0.55,2.42,29.85,-104.60,1
W,2022-10-31 13:48:27.319958,0.24,-0.24,0.74,-1.22,-17.52,1.04,2.42,29.85,-104.60,1
W,2022-10-31 13:48:27.351191,0.21,-0.28,0.70,9.52,-17.03,0.85,4.16,29.10,-104.30,1
W,2022-10-31 13:48:27.366834,0.27,-0.37,0.74,9.89,-10.38,1.95,4.16,29.10,-104.30,1
W,2022-10-31 13:48:27.382466,0.28,-0.38,0.76,-1.83,5.98,4.21,4.16,29.10,-104.30,1
W,2022-10-31 13:48:27.398087,0.29,-0.37,0.77,-13.12,29.05,7.14,4.06,28.63,-104.61,1
W,2022-10-31 13:48:27.413713,0.08,-0.11,0.59,-22.83,31.86,7.14,4.06,28.63,-104.61,1
W,2022-10-31 13:48:27.444946,0.25,-0.20,0.73,1.89,6.16,-0.24,3.86,28.22,-103.58,1
W,2022-10-31 13:48:27.460572,0.26,-0.21,0.80,12.94,-1.53,-14.04,3.86,28.22,-103.58,1
W,2022-10-31 13:48:27.476201,0.32,-0.30,0.84,3.78,-3.85,-20.81,3.86,28.22,-103.58,1
W,2022-10-31 13:48:27.491843,0.32,-0.29,0.84,3.05,-3.42,-22.03,1.03,28.97,-104.28,1
W,2022-10-31 13:48:27.507469,0.31,-0.29,0.84,10.38,-6.65,-22.58,1.03,28.97,-104.28,1
W,2022-10-31 13:48:27.523095,0.31,-0.35,0.83,18.55,-8.42,-19.53,1.03,28.97,-104.28,1
W,2022-10-31 13:48:27.554328,0.35,-0.43,0.88,20.81,-9.46,-16.78,-3.43,29.28,-104.98,1
W,2022-10-31 13:48:27.569954,0.33,-0.46,0.89,15.87,-6.53,-12.70,-3.43,29.28,-104.98,1
W,2022-10-31 13:48:27.585598,0.36,-0.50,0.91,12.02,-4.03,-8.24,-6.97,29.02,-105.15,1
W,2022-10-31 13:48:27.601207,0.38,-0.50,0.94,14.28,-2.14,-4.33,-6.97,29.02,-105.15,1
W,2022-10-31 13:48:27.622637,0.39,-0.50,0.94,20.08,-2.38,-1.95,-6.97,29.02,-105.15,1
W,2022-10-31 13:48:27.638268,0.39,-0.58,0.94,12.76,1.16,0.12,-8.31,28.97,-104.57,1
W,2022-10-31 13:48:27.653911,0.34,-0.47,0.91,5.55,3.17,5.19,-8.31,28.97,-104.57,1
W,2022-10-31 13:48:27.669538,0.33,-0.41,0.89,9.58,-6.10,0.24,-8.31,28.97,-104.57,1
W,2022-10-31 13:48:27.700790,0.33,-0.43,0.89,17.58,-17.27,-2.08,-9.36,28.72,-104.80,1
W,2022-10-31 13:48:27.716416,0.08,-0.49,0.60,-44.80,36.56,-12.02,-9.36,28.72,-104.80,1
W,2022-10-31 13:48:27.732046,0.42,-0.37,0.97,-6.10,5.68,-5.07,-9.36,28.72,-104.80,1
W,2022-10-31 13:48:27.747668,0.41,-0.48,0.99,-1.04,8.24,-5.37,-8.18,28.17,-105.33,1
W,2022-10-31 13:48:27.763297,0.35,-0.50,0.93,-5.19,10.99,-3.11,-8.18,28.17,-105.33,1
W,2022-10-31 13:48:27.794544,0.37,-0.47,0.91,-5.62,12.76,3.11,-4.46,27.82,-105.11,1
W,2022-10-31 13:48:27.810170,0.36,-0.41,0.86,-3.17,14.53,7.87,-4.46,27.82,-105.11,1
W,2022-10-31 13:48:27.825949,0.33,-0.39,0.86,0.37,14.95,10.01,-4.46,27.82,-105.11,1
W,2022-10-31 13:48:27.841427,0.31,-0.38,0.81,2.81,13.43,8.97,0.17,26.89,-106.07,1
W,2022-10-31 13:48:27.857049,0.25,-0.40,0.76,0.67,5.07,3.23,0.17,26.89,-106.07,1
W,2022-10-31 13:48:27.872675,0.22,-0.42,0.61,-2.14,-1.53,1.28,0.17,26.89,-106.07,1
W,2022-10-31 13:48:27.903907,0.20,-0.37,0.67,7.75,-25.27,0.73,4.52,26.09,-105.20,1
W,2022-10-31 13:48:27.919535,0.33,-0.46,0.74,-11.29,-23.38,1.22,4.52,26.09,-105.20,1
W,2022-10-31 13:48:27.935179,0.15,-0.34,0.71,-21.97,-17.94,1.22,5.53,26.03,-105.75,1
W,2022-10-31 13:48:27.950804,-0.02,-0.18,0.97,5.19,0.98,2.56,5.53,26.03,-105.75,1
W,2022-10-31 13:48:27.966434,0.12,-0.28,0.85,31.86,28.69,4.88,5.53,26.03,-105.75,1
W,2022-10-31 13:48:27.997680,0.37,-0.32,0.60,27.95,42.97,2.56,6.26,24.63,-103.25,1
W,2022-10-31 13:48:28.013306,0.50,-0.22,0.55,2.87,30.33,-15.14,6.26,24.63,-103.25,1
W,2022-10-31 13:48:28.028919,0.47,-0.21,0.74,-17.40,7.32,-28.63,6.26,24.63,-103.25,1
W,2022-10-31 13:48:28.044564,0.44,-0.32,0.86,-2.87,2.44,-28.14,4.02,24.06,-101.84,1
W,2022-10-31 13:48:28.069819,0.42,-0.47,0.85,18.92,4.33,-14.16,4.02,24.06,-101.84,1
