G,2022-10-17 16:30:36.582577,0.40,-0.28,0.81,-4.15,-9.58,-23.13,-6.43,-31.73,-171.81,1
G,2022-10-17 16:30:36.613534,0.32,-0.29,0.79,-11.17,-9.40,-26.55,-9.05,-28.21,-171.70,1
G,2022-10-17 16:30:36.633379,0.35,-0.38,0.79,6.04,-19.65,-16.48,-9.05,-28.21,-171.70,1
G,2022-10-17 16:30:36.647403,0.36,-0.44,0.75,10.31,-23.25,-6.10,-11.93,-25.17,-174.91,1
G,2022-10-17 16:30:36.661152,0.34,-0.35,0.98,63.48,-4.33,21.61,-11.93,-25.17,-174.91,1
G,2022-10-17 16:30:36.693886,0.30,-0.32,0.83,38.27,-18.49,18.25,-13.73,-21.31,-174.38,1
G,2022-10-17 16:30:36.708752,0.31,-0.36,0.85,-17.33,-13.06,-8.42,-13.73,-21.31,-174.38,1
G,2022-10-17 16:30:36.724699,0.29,-0.31,0.86,-36.44,-6.65,-21.91,-13.73,-21.31,-174.38,1
G,2022-10-17 16:30:36.755640,0.32,-0.93,1.01,-35.64,11.17,-24.72,-14.16,-24.01,-174.66,1
G,2022-10-17 16:30:36.771572,0.31,-0.17,0.79,-11.54,16.91,24.11,-14.16,-24.01,-174.66,1
G,2022-10-17 16:30:36.787185,0.34,-0.23,0.86,-8.42,16.42,25.09,-8.57,-25.18,-174.27,1
G,2022-10-17 16:30:36.819587,0.32,-0.29,0.88,-22.40,13.85,8.18,-8.57,-25.18,-174.27,1
G,2022-10-17 16:30:36.834159,0.31,-0.15,0.86,-39.49,10.62,0.12,-8.57,-25.18,-174.27,1
G,2022-10-17 16:30:36.850074,0.31,-0.29,0.80,-26.12,-4.58,11.29,-3.70,-28.25,-174.48,1
G,2022-10-17 16:30:36.881046,0.30,-0.08,0.82,-26.98,-6.65,13.49,-3.70,-28.25,-174.48,1
G,2022-10-17 16:30:36.896891,0.32,0.02,0.80,-31.13,-11.66,3.36,-1.04,-33.26,-173.74,1
G,2022-10-17 16:30:36.914120,0.31,0.06,0.86,-31.43,-9.83,-2.87,-1.04,-33.26,-173.74,1
G,2022-10-17 16:30:36.944003,0.30,-0.01,0.85,-12.15,-9.03,2.20,-2.47,-37.29,-175.15,1
G,2022-10-17 16:30:36.962496,0.30,-0.02,0.87,2.87,-6.16,7.63,-2.47,-37.29,-175.15,1
G,2022-10-17 16:30:36.975639,0.34,0.05,0.84,19.41,-0.61,13.31,-2.47,-37.29,-175.15,1
G,2022-10-17 16:30:37.006905,0.32,0.07,0.85,9.77,3.54,4.52,-4.37,-38.29,-174.10,1
G,2022-10-17 16:30:37.022529,0.35,-0.03,0.88,0.12,-2.44,-9.40,-4.37,-38.29,-174.10,1
G,2022-10-17 16:30:37.040225,0.36,-0.04,0.90,6.71,-5.25,-6.53,-8.98,-38.02,-176.55,1
G,2022-10-17 16:30:37.054503,0.36,-0.06,0.93,17.70,-5.31,0.06,-8.98,-38.02,-176.55,1
G,2022-10-17 16:30:37.085771,0.36,-0.06,0.91,23.68,-6.53,2.81,-8.98,-38.02,-176.55,1
G,2022-10-17 16:30:37.101681,0.38,-0.02,0.96,28.38,-12.33,-0.49,-14.22,-36.34,-175.04,1
G,2022-10-17 16:30:37.117279,0.38,0.01,1.01,21.48,-13.12,-7.57,-14.22,-36.34,-175.04,1
G,2022-10-17 16:30:37.148257,0.42,-0.09,1.06,14.71,-9.52,-20.20,-21.35,-33.67,-176.35,1
G,2022-10-17 16:30:37.164170,0.41,-0.14,1.02,18.74,-1.28,-15.44,-21.35,-33.67,-176.35,1
G,2022-10-17 16:30:37.179739,0.35,-0.23,1.00,26.67,5.92,-6.65,-21.35,-33.67,-176.35,1
G,2022-10-17 16:30:37.210742,0.39,-0.03,0.98,23.99,3.23,-4.58,-26.38,-30.79,-174.78,1
G,2022-10-17 16:30:37.226542,0.38,-0.13,0.95,9.58,-6.90,-17.21,-26.38,-30.79,-174.78,1
G,2022-10-17 16:30:37.242186,0.36,-0.22,0.97,9.64,-8.85,-21.06,-31.87,-29.97,-176.70,1
G,2022-10-17 16:30:37.273228,0.27,-0.41,0.87,23.38,-9.03,-7.02,-31.87,-29.97,-176.70,1
G,2022-10-17 16:30:37.289162,0.28,-0.44,0.85,34.91,-7.63,5.80,-35.38,-27.61,-175.28,1
G,2022-10-17 16:30:37.307065,0.20,-0.48,0.73,49.87,-16.30,26.86,-35.38,-27.61,-175.28,1
G,2022-10-17 16:30:37.320841,0.28,-0.38,0.86,45.10,-27.53,24.60,-35.38,-27.61,-175.28,1
G,2022-10-17 16:30:37.352770,0.29,-0.39,0.86,9.09,-19.84,-0.12,-37.92,-24.58,-174.38,1
G,2022-10-17 16:30:37.368708,0.28,-0.31,0.91,-8.85,-17.46,-11.05,-37.92,-24.58,-174.38,1
G,2022-10-17 16:30:37.384310,0.28,-0.26,1.69,-14.34,-16.66,-17.94,-38.85,-24.94,-174.45,1
G,2022-10-17 16:30:37.415281,0.16,-0.33,0.69,-62.26,71.72,-25.63,-38.85,-24.94,-174.45,1
G,2022-10-17 16:30:37.433082,0.32,-0.18,0.98,5.43,10.74,-7.32,-38.85,-24.94,-174.45,1
G,2022-10-17 16:30:37.447311,0.30,-0.27,0.90,0.92,27.59,2.93,-33.89,-26.37,-176.65,1
G,2022-10-17 16:30:37.478580,0.31,-0.17,0.89,-8.00,15.08,-5.74,-33.89,-26.37,-176.65,1
G,2022-10-17 16:30:37.494275,0.34,-0.23,0.93,-10.62,12.39,-7.63,-29.00,-25.78,-178.55,1
G,2022-10-17 16:30:37.510103,0.33,-0.23,0.90,-3.11,4.82,-4.94,-29.00,-25.78,-178.55,1
G,2022-10-17 16:30:37.541164,0.29,-0.25,0.85,-4.76,3.85,-3.17,-26.37,-25.84,-176.62,1
G,2022-10-17 16:30:37.557074,0.25,-0.22,0.81,-0.12,2.93,0.79,-26.37,-25.84,-176.62,1
G,2022-10-17 16:30:37.584051,0.24,-0.19,0.75,1.34,-2.01,-0.43,-26.37,-25.84,-176.62,1
G,2022-10-17 16:30:37.604713,0.28,-0.22,0.85,0.12,-16.78,-8.97,-24.37,-24.80,-176.70,1
G,2022-10-17 16:30:37.622320,0.28,-0.25,0.82,-3.60,-11.66,-8.54,-24.37,-24.80,-176.70,1
G,2022-10-17 16:30:37.636663,0.29,-0.23,0.87,-11.29,3.36,-10.07,-24.24,-25.54,-177.78,1
G,2022-10-17 16:30:37.667925,0.30,-0.28,0.87,-10.93,11.17,-13.37,-24.24,-25.54,-177.78,1
G,2022-10-17 16:30:37.683540,0.32,-0.29,0.88,-28.99,17.27,-26.06,-24.24,-25.54,-177.78,1
G,2022-10-17 16:30:37.699463,0.18,-0.71,0.79,-11.23,8.18,44.98,-23.29,-27.53,-177.01,1
G,2022-10-17 16:30:37.730415,0.27,-0.34,0.87,-0.31,3.85,17.40,-23.29,-27.53,-177.01,1
G,2022-10-17 16:30:37.746265,0.30,-0.36,0.87,-0.92,-5.92,17.21,-19.78,-25.81,-176.92,1
G,2022-10-17 16:30:37.762154,0.35,-0.12,0.94,-20.94,-4.70,-1.83,-19.78,-25.81,-176.92,1
G,2022-10-17 16:30:37.793154,0.40,0.09,0.96,-56.46,1.28,-35.22,-17.09,-29.05,-175.88,1
G,2022-10-17 16:30:37.808781,0.34,-0.02,0.94,-65.31,2.93,-44.01,-17.09,-29.05,-175.88,1
G,2022-10-17 16:30:37.824700,0.32,-0.01,0.93,-25.33,-2.20,-17.27,-17.09,-29.05,-175.88,1
G,2022-10-17 16:30:37.855638,0.32,-0.03,0.92,1.16,-3.72,-1.34,-16.27,-32.67,-176.89,1
G,2022-10-17 16:30:37.871263,0.32,-0.08,0.91,31.56,-4.82,17.82,-16.27,-32.67,-176.89,1
G,2022-10-17 16:30:37.887200,0.32,-0.18,0.91,33.87,-5.25,23.25,-16.94,-30.15,-177.88,1
G,2022-10-17 16:30:37.918125,0.33,-0.22,0.91,26.06,-5.55,21.12,-16.94,-30.15,-177.88,1
G,2022-10-17 16:30:37.933749,0.32,-0.23,0.90,19.23,-6.59,15.75,-16.94,-30.15,-177.88,1
G,2022-10-17 16:30:37.951797,0.32,-0.23,0.90,9.34,-7.08,6.59,-17.41,-28.60,-176.06,1
G,2022-10-17 16:30:37.981218,0.32,-0.23,0.90,1.95,-7.08,1.28,-17.41,-28.60,-176.06,1
G,2022-10-17 16:30:38.003337,0.31,-0.19,0.91,-7.39,-7.14,-4.70,-17.98,-27.72,-176.89,1
G,2022-10-17 16:30:38.014644,0.31,-0.17,0.91,-7.39,-7.45,-5.43,-17.98,-27.72,-176.89,1
G,2022-10-17 16:30:38.044013,0.30,-0.16,0.91,-3.72,-6.77,-4.70,-18.70,-28.98,-176.98,1
