t,2022-11-03 13:06:27.551035,0.34,0.93,0.71,-0.37,-10.13,50.23,-7.59,20.94,-92.93,1
t,2022-11-03 13:06:27.582321,0.38,0.64,0.74,3.85,-12.88,45.23,-7.59,20.94,-92.93,1
t,2022-11-03 13:06:27.598048,0.24,0.63,0.75,-16.48,-19.17,21.24,-6.12,19.84,-90.86,1
t,2022-11-03 13:06:27.613671,0.14,0.82,0.75,-31.98,-16.97,-1.10,-6.12,19.84,-90.86,1
t,2022-11-03 13:06:27.629274,0.17,0.89,0.74,-3.91,0.79,-5.62,-6.23,17.81,-89.44,1
t,2022-11-03 13:06:27.660552,0.25,0.72,0.77,17.76,8.06,-1.16,-6.23,17.81,-89.44,1
t,2022-11-03 13:06:27.676303,0.26,0.58,0.74,19.96,7.26,-3.11,-6.23,17.81,-89.44,1
t,2022-11-03 13:06:27.691879,0.35,0.55,0.68,15.32,3.17,-6.47,-5.31,18.92,-89.89,1
t,2022-11-03 13:06:27.723128,0.34,0.51,0.67,9.28,-3.36,-9.22,-5.31,18.92,-89.89,1
t,2022-11-03 13:06:27.738756,0.31,0.44,0.63,-3.23,-24.17,-12.21,-4.81,19.12,-89.12,1
t,2022-11-03 13:06:27.754510,-0.73,0.32,0.45,-14.28,-29.36,-7.20,-4.81,19.12,-89.12,1
t,2022-11-03 13:06:27.770279,0.23,0.79,0.62,-15.93,37.11,-26.61,-4.81,19.12,-89.12,1
t,2022-11-03 13:06:27.801444,-0.05,0.33,0.97,-36.44,25.02,-11.17,-3.61,17.24,-89.53,1
t,2022-11-03 13:06:27.817031,0.06,0.60,0.89,-39.86,-18.07,6.16,-3.61,17.24,-89.53,1
t,2022-11-03 13:06:27.832759,0.10,0.66,0.74,-19.53,-41.69,37.11,-3.61,17.24,-89.53,1
t,2022-11-03 13:06:27.852028,0.21,0.65,0.72,-31.80,-52.86,68.54,-5.83,14.36,-89.65,1
t,2022-11-03 13:06:27.864182,0.19,0.73,0.66,-19.10,-49.26,69.52,-5.83,14.36,-89.65,1
t,2022-11-03 13:06:27.895439,0.20,0.68,0.65,-1.53,-44.13,66.10,-10.11,14.14,-89.00,1
t,2022-11-03 13:06:27.911173,0.19,0.68,0.68,0.92,-24.48,34.24,-10.11,14.14,-89.00,1
t,2022-11-03 13:06:27.926832,0.17,0.76,0.81,1.22,-14.47,14.34,-10.11,14.14,-89.00,1
t,2022-11-03 13:06:27.952092,0.18,0.67,0.93,17.70,-12.88,0.67,-12.33,14.83,-89.42,1
t,2022-11-03 13:06:27.974333,0.20,0.54,1.00,26.43,-23.74,-24.96,-12.33,14.83,-89.42,1
t,2022-11-03 13:06:27.990072,0.20,0.46,0.86,17.40,-26.61,-39.67,-13.95,15.75,-88.15,1
t,2022-11-03 13:06:28.005670,0.19,0.39,0.77,-20.02,-12.08,-65.73,-13.95,15.75,-88.15,1
t,2022-11-03 13:06:28.036844,-0.06,0.68,0.68,-42.85,7.32,-75.26,-13.95,15.75,-88.15,1
t,2022-11-03 13:06:28.052355,0.02,0.93,0.75,-15.69,34.18,-51.57,-13.83,11.89,-87.94,1
t,2022-11-03 13:06:28.068123,0.17,0.59,0.80,43.33,58.04,-8.30,-13.83,11.89,-87.94,1
t,2022-11-03 13:06:28.083748,0.32,0.34,0.83,40.28,62.81,-12.94,-10.31,14.23,-88.89,1
t,2022-11-03 13:06:28.114901,0.28,0.46,0.79,21.67,58.84,-13.12,-10.31,14.23,-88.89,1
t,2022-11-03 13:06:28.130525,0.30,0.53,0.68,3.11,46.57,15.32,-10.31,14.23,-88.89,1
t,2022-11-03 13:06:28.152269,0.28,0.50,0.67,-1.83,37.29,31.07,-6.79,14.47,-91.04,1
t,2022-11-03 13:06:28.162398,0.24,0.51,0.65,-11.23,22.52,36.19,-6.79,14.47,-91.04,1
t,2022-11-03 13:06:28.193725,0.30,0.60,0.60,-15.32,-2.69,31.49,-6.79,14.47,-91.04,1
t,2022-11-03 13:06:28.209345,0.34,0.62,0.58,-20.20,-26.25,22.46,-5.75,13.05,-89.71,1
t,2022-11-03 13:06:28.224962,-0.06,1.08,0.23,-2.14,-3.23,-5.55,-5.75,13.05,-89.71,1
t,2022-11-03 13:06:28.252169,0.26,0.45,1.11,37.11,6.96,-4.64,-5.82,13.31,-90.66,1
t,2022-11-03 13:06:28.272430,0.28,0.46,0.84,16.42,-31.56,-53.71,-5.82,13.31,-90.66,1
t,2022-11-03 13:06:28.288162,0.23,0.76,0.72,14.89,-27.65,-35.64,-5.82,13.31,-90.66,1
t,2022-11-03 13:06:28.303811,0.23,0.41,0.81,41.38,-13.79,-6.10,-7.30,14.77,-89.05,1
t,2022-11-03 13:06:28.334918,0.20,0.38,0.75,26.98,-10.80,-6.10,-7.30,14.77,-89.05,1
t,2022-11-03 13:06:28.352572,0.06,0.47,0.68,-1.22,-1.28,-8.54,-8.31,17.47,-89.56,1
t,2022-11-03 13:06:28.366708,-0.08,0.69,0.72,-4.46,18.62,-8.61,-8.31,17.47,-89.56,1
t,2022-11-03 13:06:28.382479,0.15,0.75,0.73,27.53,44.01,9.03,-8.31,17.47,-89.56,1
t,2022-11-03 13:06:28.413660,0.34,0.49,0.82,36.38,40.59,9.28,-7.18,18.10,-89.72,1
t,2022-11-03 13:06:28.429213,0.33,0.41,0.86,16.48,26.92,-4.70,-7.18,18.10,-89.72,1
t,2022-11-03 13:06:28.453022,0.34,0.55,0.82,-7.51,3.30,-20.51,-6.36,19.96,-91.00,1
t,2022-11-03 13:06:28.461144,0.31,0.60,0.73,-11.05,-0.55,-22.03,-6.36,19.96,-91.00,1
t,2022-11-03 13:06:28.492658,0.32,0.64,0.74,-9.77,-2.87,-23.62,-6.36,19.96,-91.00,1
t,2022-11-03 13:06:28.508461,0.31,0.57,0.75,11.35,-4.27,-18.25,-8.39,19.17,-90.87,1
t,2022-11-03 13:06:28.524137,0.30,0.44,0.77,12.27,-4.82,-17.88,-8.39,19.17,-90.87,1
