d,2022-11-02 15:19:05.551133,0.05,-0.35,0.95,-5.00,15.56,9.16,23.43,-1.70,-53.13,1
d,2022-11-02 15:19:05.569242,0.08,-0.29,0.99,-3.85,28.14,9.46,23.43,-1.70,-53.13,1
d,2022-11-02 15:19:05.583751,0.08,-0.32,0.95,-11.54,32.90,10.56,24.83,-2.64,-52.17,1
d,2022-11-02 15:19:05.598888,0.10,-0.32,0.96,-27.16,31.56,2.50,24.83,-2.64,-52.17,1
d,2022-11-02 15:19:05.630143,0.13,-0.19,1.00,-37.72,22.77,-13.61,25.74,-4.38,-51.97,1
d,2022-11-02 15:19:05.645770,0.19,-0.11,0.93,-35.52,18.31,-17.64,25.74,-4.38,-51.97,1
d,2022-11-02 15:19:05.661549,0.01,-0.10,0.93,-39.37,16.78,-13.67,25.74,-4.38,-51.97,1
d,2022-11-02 15:19:05.692636,0.14,0.02,0.96,19.04,21.24,6.65,27.53,-5.65,-49.95,1
d,2022-11-02 15:19:05.708336,0.17,-0.11,0.96,14.22,19.90,29.48,27.53,-5.65,-49.95,1
d,2022-11-02 15:19:05.724088,0.07,-0.18,0.95,7.02,1.16,46.20,26.83,-5.79,-51.07,1
d,2022-11-02 15:19:05.739737,0.04,-0.08,0.98,-18.37,-19.17,44.19,26.83,-5.79,-51.07,1
d,2022-11-02 15:19:05.770840,-0.00,0.00,1.04,3.66,-54.57,50.90,26.83,-5.79,-51.07,1
d,2022-11-02 15:19:05.786596,-0.09,-0.25,0.90,6.29,-115.60,40.53,23.77,-6.12,-52.38,1
d,2022-11-02 15:19:05.802197,-0.18,-0.17,0.94,-41.93,-102.42,-8.85,23.77,-6.12,-52.38,1
d,2022-11-02 15:19:05.834124,-0.14,0.15,1.03,-34.85,-70.37,-31.43,19.06,-6.99,-54.38,1
d,2022-11-02 15:19:05.849251,-0.12,0.19,1.10,-1.40,-35.64,-31.62,19.06,-6.99,-54.38,1
d,2022-11-02 15:19:05.865029,-0.12,0.09,1.09,17.40,-22.22,-27.16,18.10,-6.87,-53.02,1
d,2022-11-02 15:19:05.896129,-0.12,-0.01,1.04,28.63,-10.07,-24.54,18.10,-6.87,-53.02,1
d,2022-11-02 15:19:05.915547,-0.12,-0.09,0.89,26.55,21.42,-25.70,18.10,-6.87,-53.02,1
d,2022-11-02 15:19:05.927675,-0.05,-0.07,1.00,14.28,47.55,-26.12,20.07,-5.32,-54.05,1
d,2022-11-02 15:19:05.943448,-0.02,0.03,1.09,9.46,60.73,-18.92,20.07,-5.32,-54.05,1
d,2022-11-02 15:19:05.974555,0.02,-0.10,1.00,17.64,71.90,-4.70,20.07,-5.32,-54.05,1
d,2022-11-02 15:19:05.990308,0.06,-0.12,0.99,12.39,86.18,0.73,23.36,-5.09,-53.04,1
d,2022-11-02 15:19:06.005930,0.05,-0.07,1.02,10.68,110.66,16.11,23.36,-5.09,-53.04,1
d,2022-11-02 15:19:06.022772,0.06,-0.07,1.03,14.71,107.60,30.40,26.94,-5.03,-51.32,1
d,2022-11-02 15:19:06.053008,0.17,-0.23,0.98,25.57,88.01,36.38,26.94,-5.03,-51.32,1
d,2022-11-02 15:19:06.068718,0.19,-0.27,0.94,24.48,49.26,20.81,26.94,-5.03,-51.32,1
d,2022-11-02 15:19:06.084376,0.21,-0.20,0.84,19.17,20.20,8.48,29.97,-4.70,-48.65,1
d,2022-11-02 15:19:06.099983,0.20,-0.18,0.72,4.15,3.91,-3.23,29.97,-4.70,-48.65,1
d,2022-11-02 15:19:06.131124,0.18,-0.19,0.70,-23.56,-1.34,-17.88,30.52,-5.41,-49.29,1
d,2022-11-02 15:19:06.146857,0.10,-0.25,0.80,24.90,13.18,9.09,30.52,-5.41,-49.29,1
d,2022-11-02 15:19:06.163416,0.07,-0.25,1.01,-8.18,13.98,3.85,30.52,-5.41,-49.29,1
d,2022-11-02 15:19:06.178535,0.13,-0.08,1.24,16.78,-56.70,8.18,30.47,-5.94,-48.03,1
d,2022-11-02 15:19:06.210303,0.07,-0.30,0.83,-2.01,-87.46,8.06,30.47,-5.94,-48.03,1
d,2022-11-02 15:19:06.226068,0.06,-0.20,0.96,-24.66,-105.10,-10.93,27.55,-5.29,-51.21,1
d,2022-11-02 15:19:06.241681,0.06,-0.11,0.94,-28.38,-114.50,-14.89,27.55,-5.29,-51.21,1
d,2022-11-02 15:19:06.272436,0.01,-0.03,0.94,-11.96,-110.47,-18.86,27.55,-5.29,-51.21,1
d,2022-11-02 15:19:06.293481,-0.07,-0.08,0.84,13.31,-100.83,-17.88,22.45,-4.04,-51.51,1
d,2022-11-02 15:19:06.312399,-0.15,-0.18,0.82,-1.65,-68.79,-21.67,22.45,-4.04,-51.51,1
d,2022-11-02 15:19:06.328116,-0.16,0.02,0.96,-28.32,-31.07,-31.62,21.01,-4.17,-52.82,1
d,2022-11-02 15:19:06.352081,-0.15,0.14,1.24,-33.08,5.86,-18.31,21.01,-4.17,-52.82,1
d,2022-11-02 15:19:06.368088,-0.20,-0.04,1.05,-20.02,11.84,-19.35,21.01,-4.17,-52.82,1
d,2022-11-02 15:19:06.383868,-0.17,0.03,0.96,-21.36,32.78,-36.07,21.35,-4.53,-53.64,1
d,2022-11-02 15:19:06.399850,-0.12,0.34,1.19,-10.50,46.81,-30.52,21.35,-4.53,-53.64,1
d,2022-11-02 15:19:06.416003,-0.34,0.37,1.19,26.55,33.39,-2.01,21.35,-4.53,-53.64,1
d,2022-11-02 15:19:06.448159,-0.18,0.26,1.07,82.34,22.40,36.80,23.40,-3.60,-52.25,1
d,2022-11-02 15:19:06.463893,-0.07,-0.25,0.77,109.19,23.25,64.03,23.40,-3.60,-52.25,1
d,2022-11-02 15:19:06.479528,0.07,-0.36,0.78,82.21,34.91,52.92,25.49,-1.10,-52.39,1
d,2022-11-02 15:19:06.497075,0.12,-0.38,0.82,44.07,35.83,18.98,25.49,-1.10,-52.39,1
