G,2022-10-17 15:15:55.868347,0.07,-0.83,0.65,13.24,-15.63,7.32,6.75,31.57,-22.85,1
G,2022-10-17 15:15:55.887845,0.06,-0.85,0.56,20.20,-11.41,1.77,6.75,31.57,-22.85,1
G,2022-10-17 15:15:55.907350,0.05,-0.82,0.51,13.92,4.70,-5.92,6.75,31.57,-22.85,1
G,2022-10-17 15:15:55.928346,0.06,-0.77,0.58,4.58,23.68,-11.29,7.67,31.85,-21.77,1
G,2022-10-17 15:15:55.948409,0.06,-0.77,0.59,5.25,22.03,-8.30,7.67,31.85,-21.77,1
G,2022-10-17 15:15:55.968845,0.06,-0.82,0.53,11.84,9.16,-2.20,9.23,32.03,-23.12,1
G,2022-10-17 15:15:55.988849,0.06,-0.91,0.39,19.41,-4.15,5.07,9.23,32.03,-23.12,1
G,2022-10-17 15:15:56.008848,0.06,-0.95,0.32,14.10,-4.82,7.57,9.23,32.03,-23.12,1
G,2022-10-17 15:15:56.026436,0.05,-0.97,0.32,0.06,0.37,7.08,9.22,32.39,-21.37,1
G,2022-10-17 15:15:56.042074,0.01,-0.87,0.50,-13.73,11.17,-8.24,9.22,32.39,-21.37,1
G,2022-10-17 15:15:56.058192,0.02,-0.78,0.56,-13.24,5.62,-20.39,8.97,31.58,-22.71,1
G,2022-10-17 15:15:56.089456,0.02,-0.75,0.61,-5.31,-15.69,-26.06,8.97,31.58,-22.71,1
G,2022-10-17 15:15:56.105085,0.01,-0.78,0.60,4.39,-31.19,-28.20,8.97,31.58,-22.71,1
G,2022-10-17 15:15:56.120813,-0.01,-0.91,0.47,7.32,-40.83,-39.12,9.16,30.81,-20.30,1
G,2022-10-17 15:15:56.152150,-0.03,-0.99,0.42,-1.10,-34.91,-59.08,9.16,30.81,-20.30,1
G,2022-10-17 15:15:56.167923,-0.57,-0.70,0.50,-18.25,-25.70,-52.43,9.08,28.98,-20.34,1
G,2022-10-17 15:15:56.183557,-0.56,-0.73,0.87,44.74,-12.21,15.81,9.08,28.98,-20.34,1
G,2022-10-17 15:15:56.199176,-0.09,-0.99,0.45,95.52,8.67,67.44,9.08,28.98,-20.34,1
G,2022-10-17 15:15:56.230318,0.10,-1.04,0.51,41.26,39.67,35.03,9.68,32.14,-17.77,1
G,2022-10-17 15:15:56.249769,0.14,-0.84,0.57,20.32,55.54,21.73,9.68,32.14,-17.77,1
G,2022-10-17 15:15:56.261880,0.32,-0.88,0.51,13.98,55.18,24.35,9.19,35.41,-18.93,1
G,2022-10-17 15:15:56.294371,0.41,-0.89,0.50,-0.31,52.49,2.32,9.19,35.41,-18.93,1
G,2022-10-17 15:15:56.309059,0.40,-0.80,0.56,-3.42,43.95,-13.67,9.99,36.04,-20.76,1
G,2022-10-17 15:15:56.325103,0.29,-0.76,0.57,1.34,34.30,-17.09,9.99,36.04,-20.76,1
G,2022-10-17 15:15:56.358485,0.14,-0.80,0.54,13.61,32.41,-15.14,9.99,36.04,-20.76,1
G,2022-10-17 15:15:56.372566,0.09,-0.85,0.52,19.65,27.77,-8.06,10.78,34.94,-22.58,1
G,2022-10-17 15:15:56.388197,0.08,-0.84,0.51,24.78,25.76,2.99,10.78,34.94,-22.58,1
G,2022-10-17 15:15:56.419484,0.12,-0.84,0.49,25.45,18.31,14.34,11.58,35.85,-22.85,1
G,2022-10-17 15:15:56.435384,0.07,-0.85,0.40,32.47,5.00,27.47,11.58,35.85,-22.85,1
G,2022-10-17 15:15:56.451111,0.01,-0.92,0.29,34.97,9.22,26.06,11.58,35.85,-22.85,1
G,2022-10-17 15:15:56.467229,0.01,-0.97,0.24,31.62,20.63,17.21,12.72,36.61,-22.11,1
G,2022-10-17 15:15:56.498586,0.12,-1.00,0.24,24.23,13.92,17.58,12.72,36.61,-22.11,1
G,2022-10-17 15:15:56.514344,0.14,-1.00,0.20,9.09,-4.94,15.20,14.20,38.09,-22.69,1
G,2022-10-17 15:15:56.529929,0.10,-1.00,0.18,0.12,-2.32,6.77,14.20,38.09,-22.69,1
G,2022-10-17 15:15:56.561194,0.08,-0.98,0.21,-10.25,6.90,2.26,14.20,38.09,-22.69,1
G,2022-10-17 15:15:56.577551,0.14,-0.97,0.30,-15.26,-2.20,2.62,14.03,36.96,-21.30,1
G,2022-10-17 15:15:56.593695,0.35,-0.80,0.81,29.30,-2.26,44.43,14.03,36.96,-21.30,1
G,2022-10-17 15:15:56.624854,0.12,-0.87,0.29,10.62,-9.28,24.48,15.20,37.67,-21.48,1
G,2022-10-17 15:15:56.640459,0.12,-0.98,0.25,-22.58,-5.37,7.75,15.20,37.67,-21.48,1
G,2022-10-17 15:15:56.668157,0.10,-0.83,0.25,-34.97,-3.36,8.54,15.15,38.45,-22.28,1
G,2022-10-17 15:15:56.689907,0.08,-0.89,0.24,-32.10,-25.02,24.29,15.15,38.45,-22.28,1
G,2022-10-17 15:15:56.705547,0.11,-0.96,0.22,-26.49,-35.16,25.33,15.15,38.45,-22.28,1
G,2022-10-17 15:15:56.721169,0.10,-0.96,0.36,-35.40,-37.48,6.71,15.19,38.13,-22.05,1
G,2022-10-17 15:15:56.752944,0.07,-0.88,0.49,-40.89,-41.50,-7.81,15.19,38.13,-22.05,1
G,2022-10-17 15:15:56.768579,0.08,-0.72,0.54,-38.82,-47.73,-29.48,13.37,36.54,-22.51,1
G,2022-10-17 15:15:56.784327,0.10,-0.68,0.56,-28.44,-40.95,-42.91,13.37,36.54,-22.51,1
G,2022-10-17 15:15:56.813777,0.11,-0.68,0.60,-15.75,-35.16,-43.21,13.37,36.54,-22.51,1
G,2022-10-17 15:15:56.834272,0.09,-0.73,0.64,-9.28,-27.47,-39.37,12.62,34.67,-20.17,1
