q,2022-10-11 17:41:20.960306,0.11,1.08,0.20,10.80,-11.11,-26.12,29.48,60.35,-34.86,1
q,2022-10-11 17:41:20.991684,0.11,1.07,0.21,20.39,-6.77,-22.52,18.36,59.28,-36.80,1
q,2022-10-11 17:41:21.007318,0.14,1.08,0.19,19.71,-6.41,-23.25,18.36,59.28,-36.80,1
q,2022-10-11 17:41:21.023188,0.14,1.08,0.21,21.55,-5.37,-26.12,6.88,56.73,-38.92,1
q,2022-10-11 17:41:21.057963,0.12,1.00,0.25,24.35,-3.36,-27.65,6.88,56.73,-38.92,1
q,2022-10-11 17:41:21.073604,0.10,0.95,0.28,24.23,-3.42,-22.28,6.88,56.73,-38.92,1
q,2022-10-11 17:41:21.087074,0.06,0.98,0.32,21.67,1.89,-14.83,-3.28,51.55,-42.22,1
q,2022-10-11 17:41:21.117277,0.07,0.93,0.32,19.04,6.90,-20.32,-3.28,51.55,-42.22,1
q,2022-10-11 17:41:21.133213,0.11,0.88,0.24,13.79,9.83,-22.09,-6.82,46.25,-43.35,1
q,2022-10-11 17:41:21.149486,0.14,0.85,0.21,8.18,8.30,-21.55,-6.82,46.25,-43.35,1
q,2022-10-11 17:41:21.181258,0.19,0.89,0.16,5.98,1.65,-9.64,-6.82,46.25,-43.35,1
q,2022-10-11 17:41:21.196917,0.17,0.95,0.12,10.99,-2.44,-5.68,-6.80,41.27,-43.42,1
q,2022-10-11 17:41:21.212872,0.17,0.93,0.11,13.18,-11.47,-8.48,-6.80,41.27,-43.42,1
q,2022-10-11 17:41:21.244665,0.17,0.93,0.13,16.48,-17.33,-6.90,-10.18,38.61,-45.91,1
q,2022-10-11 17:41:21.260309,0.17,0.88,0.19,15.08,-15.38,-4.94,-10.18,38.61,-45.91,1
q,2022-10-11 17:41:21.276520,0.16,0.89,0.23,17.70,-10.07,-0.18,-15.26,36.60,-49.41,1
q,2022-10-11 17:41:21.292637,0.08,0.82,0.38,8.67,-3.11,-5.13,-15.26,36.60,-49.41,1
q,2022-10-11 17:41:21.323996,0.11,0.88,0.31,-6.10,-2.08,-3.11,-15.26,36.60,-49.41,1
q,2022-10-11 17:41:21.341484,0.12,0.87,0.36,1.77,6.53,-0.67,-14.48,35.11,-51.23,1
q,2022-10-11 17:41:21.356250,0.10,0.83,0.34,17.70,20.02,11.47,-14.48,35.11,-51.23,1
q,2022-10-11 17:41:21.387643,0.11,0.82,0.28,34.18,34.61,15.93,-6.02,39.38,-52.58,1
q,2022-10-11 17:41:21.403287,0.09,0.75,0.21,36.19,37.11,23.38,-6.02,39.38,-52.58,1
q,2022-10-11 17:41:21.421281,0.06,0.70,0.20,13.37,29.24,28.38,-6.02,39.38,-52.58,1
q,2022-10-11 17:41:21.434843,0.04,0.73,0.21,0.24,24.41,35.34,6.51,47.42,-51.44,1
q,2022-10-11 17:41:21.466111,0.08,0.88,0.09,2.01,20.51,42.60,6.51,47.42,-51.44,1
q,2022-10-11 17:41:21.482234,0.09,0.94,0.08,-6.23,11.66,36.19,15.95,54.68,-48.84,1
q,2022-10-11 17:41:21.498147,0.07,1.01,0.05,-24.78,-1.83,25.09,15.95,54.68,-48.84,1
q,2022-10-11 17:41:21.521096,0.07,1.21,0.03,-34.91,-10.38,26.86,15.95,54.68,-48.84,1
q,2022-10-11 17:41:21.545681,0.10,1.29,0.02,-26.92,-17.21,24.11,17.02,60.42,-48.08,1
q,2022-10-11 17:41:21.561655,0.12,1.33,0.07,-8.91,-27.65,10.01,17.02,60.42,-48.08,1
q,2022-10-11 17:41:21.577555,0.14,1.32,0.10,-12.57,-34.61,-7.75,9.36,62.12,-51.23,1
q,2022-10-11 17:41:21.608535,0.12,1.21,0.27,-10.93,-32.90,-31.80,9.36,62.12,-51.23,1
q,2022-10-11 17:41:21.624568,0.09,1.12,0.31,9.83,-13.00,-24.48,9.36,62.12,-51.23,1
q,2022-10-11 17:41:21.640454,0.13,1.07,0.34,34.79,3.23,-13.73,-4.60,55.87,-53.87,1
q,2022-10-11 17:41:21.656597,0.13,0.96,0.36,44.43,6.90,-19.96,-4.60,55.87,-53.87,1
q,2022-10-11 17:41:21.688112,0.07,0.71,0.37,38.45,9.09,-23.25,-12.08,48.39,-53.96,1
q,2022-10-11 17:41:21.703742,0.03,0.66,0.36,31.31,11.66,-11.41,-12.08,48.39,-53.96,1
q,2022-10-11 17:41:21.720678,0.05,0.67,0.32,25.88,10.74,-2.38,-12.08,48.39,-53.96,1
q,2022-10-11 17:41:21.749492,0.04,0.60,0.24,17.21,0.49,4.52,-13.13,44.15,-52.83,1
q,2022-10-11 17:41:21.768410,0.11,0.76,0.26,-2.08,-6.84,-3.97,-13.13,44.15,-52.83,1
q,2022-10-11 17:41:21.789419,-0.05,0.58,0.28,-3.54,-4.64,2.87,-13.81,45.61,-53.19,1
q,2022-10-11 17:41:21.809967,-0.03,0.57,0.23,-4.21,-6.84,28.93,-13.81,45.61,-53.19,1
q,2022-10-11 17:41:21.830941,-0.00,0.63,0.23,-11.35,-11.23,52.37,-13.81,45.61,-53.19,1
q,2022-10-11 17:41:21.847070,0.05,0.78,0.23,-19.35,-12.70,55.85,-10.64,55.18,-52.88,1
q,2022-10-11 17:41:21.863033,0.06,0.87,0.20,-41.93,-12.76,38.76,-10.64,55.18,-52.88,1
q,2022-10-11 17:41:21.878549,0.02,1.13,0.14,-51.57,-9.22,35.03,-3.80,65.50,-50.70,1
q,2022-10-11 17:41:21.911625,0.04,1.35,0.12,-39.92,-5.19,27.53,-3.80,65.50,-50.70,1
q,2022-10-11 17:41:21.925689,0.08,1.62,0.14,-19.53,-3.23,6.41,-3.80,65.50,-50.70,1
q,2022-10-11 17:41:21.941591,0.03,1.50,0.02,8.00,7.02,-16.05,1.33,70.81,-49.49,1
q,2022-10-11 17:41:21.965189,0.11,1.54,0.14,2.50,-37.54,-43.09,1.33,70.81,-49.49,1
q,2022-10-11 17:41:21.988927,0.06,1.24,0.23,19.53,-35.64,-64.64,-9.05,66.48,-50.89,1
q,2022-10-11 17:41:22.004506,-0.08,0.82,0.26,35.83,-14.47,-42.97,-9.05,66.48,-50.89,1
q,2022-10-11 17:41:22.020169,-0.16,0.65,0.29,31.49,6.35,-12.02,-22.90,58.53,-48.73,1
q,2022-10-11 17:41:22.051367,-0.01,0.68,0.29,4.88,25.27,-4.76,-22.90,58.53,-48.73,1
q,2022-10-11 17:41:22.067046,0.08,0.72,0.26,-11.96,21.36,-12.45,-22.90,58.53,-48.73,1
q,2022-10-11 17:41:22.088013,0.06,0.73,0.28,-12.70,16.85,-15.63,-21.03,53.38,-43.99,1
q,2022-10-11 17:41:22.114329,0.03,0.80,0.20,-7.87,18.13,-9.64,-21.03,53.38,-43.99,1
q,2022-10-11 17:41:22.129994,0.21,0.92,0.05,-16.60,13.85,-8.79,-17.74,51.92,-40.12,1
q,2022-10-11 17:41:22.145837,0.20,1.07,0.04,-18.13,4.70,-9.22,-17.74,51.92,-40.12,1
q,2022-10-11 17:41:22.161381,0.21,1.09,0.03,-17.15,-7.02,-16.24,-17.74,51.92,-40.12,1
q,2022-10-11 17:41:22.194324,0.14,1.10,0.06,-9.09,-6.59,-13.49,-20.34,49.63,-35.80,1
