o,2022-10-11 13:56:27.227342,0.10,-0.63,0.77,10.50,6.71,-10.13,-101.87,36.07,4.71,1
o,2022-10-11 13:56:27.245159,0.12,-0.61,0.76,3.91,8.18,-7.51,-101.87,36.07,4.71,1
o,2022-10-11 13:56:27.264370,0.16,-0.63,0.75,0.67,8.18,-4.76,-100.85,35.42,3.15,1
o,2022-10-11 13:56:27.282328,0.13,-0.63,0.76,-8.67,8.48,-4.70,-100.85,35.42,3.15,1
o,2022-10-11 13:56:27.300335,0.08,-0.63,0.79,-14.16,10.80,-5.80,-100.85,35.42,3.15,1
o,2022-10-11 13:56:27.319350,0.08,-0.64,0.79,-18.13,13.61,-5.74,-102.51,34.56,3.92,1
o,2022-10-11 13:56:27.337235,0.08,-0.63,0.79,-26.92,17.33,-6.04,-102.51,34.56,3.92,1
o,2022-10-11 13:56:27.356382,0.07,-0.58,0.83,-34.55,20.39,-3.66,-102.14,33.28,2.67,1
o,2022-10-11 13:56:27.374311,0.10,-0.58,0.85,-33.81,18.37,0.73,-102.14,33.28,2.67,1
o,2022-10-11 13:56:27.392343,0.11,-0.56,0.84,-39.00,15.01,4.33,-102.14,33.28,2.67,1
o,2022-10-11 13:56:27.411472,0.10,-0.55,0.81,-42.05,11.47,9.70,-102.87,33.11,-1.76,1
o,2022-10-11 13:56:27.429383,0.08,-0.59,0.77,-47.42,9.03,13.85,-102.87,33.11,-1.76,1
o,2022-10-11 13:56:27.447257,0.00,-0.56,0.78,-56.46,7.14,16.11,-102.87,33.11,-1.76,1
o,2022-10-11 13:56:27.466476,-1.01,-0.69,0.92,-36.44,-0.92,8.97,-103.22,32.75,-2.05,1
o,2022-10-11 13:56:27.484360,0.07,-0.02,0.91,-11.41,4.09,34.18,-103.22,32.75,-2.05,1
o,2022-10-11 13:56:27.502456,0.04,-0.52,0.75,-3.85,-14.16,42.97,-103.22,32.75,-2.05,1
o,2022-10-11 13:56:27.521448,-0.01,-0.37,0.87,-21.12,-25.70,31.62,-103.00,33.91,-2.06,1
o,2022-10-11 13:56:27.539360,0.01,-0.37,0.91,2.62,-64.51,29.05,-103.00,33.91,-2.06,1
o,2022-10-11 13:56:27.558195,0.07,-0.42,0.90,49.19,-105.59,23.32,-103.53,35.95,2.19,1
o,2022-10-11 13:56:27.576327,0.03,-0.28,0.92,62.62,-113.83,-13.67,-103.53,35.95,2.19,1
o,2022-10-11 13:56:27.594481,-0.00,-0.33,0.92,70.62,-90.21,-26.98,-103.53,35.95,2.19,1
o,2022-10-11 13:56:27.613414,-0.09,-0.33,0.95,60.24,-57.25,-34.67,-105.13,34.75,9.19,1
o,2022-10-11 13:56:27.631364,-0.06,-0.50,0.90,61.77,-27.10,-38.39,-105.13,34.75,9.19,1
o,2022-10-11 13:56:27.649408,-0.07,-0.58,0.83,42.85,1.46,-39.37,-105.13,34.75,9.19,1
o,2022-10-11 13:56:27.668314,-0.06,-0.63,0.86,26.25,31.19,-49.38,-104.68,31.93,12.41,1
o,2022-10-11 13:56:27.686355,-0.04,-0.66,0.88,17.03,36.62,-43.82,-104.68,31.93,12.41,1
o,2022-10-11 13:56:27.705386,-0.06,-0.61,0.92,13.37,33.69,-34.79,-105.03,29.10,9.02,1
o,2022-10-11 13:56:27.723450,-0.04,-0.62,0.87,11.72,29.79,-16.17,-105.03,29.10,9.02,1
o,2022-10-11 13:56:27.741275,-0.00,-0.74,0.68,-0.24,54.93,11.96,-105.03,29.10,9.02,1
o,2022-10-11 13:56:27.760279,0.02,-0.78,0.71,-11.17,80.26,21.79,-104.75,29.48,5.91,1
o,2022-10-11 13:56:27.778376,-0.03,-0.88,0.72,-42.30,88.62,21.06,-104.75,29.48,5.91,1
o,2022-10-11 13:56:27.796443,-0.01,-0.69,0.87,-65.98,55.42,2.20,-104.75,29.48,5.91,1
o,2022-10-11 13:56:27.815342,-0.02,-0.61,0.80,-56.21,11.84,8.18,-104.36,30.66,0.92,1
o,2022-10-11 13:56:27.833418,-0.02,-0.41,0.78,-16.97,-40.59,47.61,-104.36,30.66,0.92,1
o,2022-10-11 13:56:27.851434,0.01,-0.49,0.64,-4.03,-64.03,75.81,-104.36,30.66,0.92,1
o,2022-10-11 13:56:27.870421,-0.05,-0.46,0.65,-6.35,-66.89,62.32,-104.98,33.17,4.31,1
o,2022-10-11 13:56:27.888461,-0.08,-0.34,0.77,-15.14,-46.94,20.45,-104.98,33.17,4.31,1
o,2022-10-11 13:56:27.907417,-0.08,-0.28,0.78,-26.98,-26.00,-7.08,-105.29,33.94,5.29,1
o,2022-10-11 13:56:27.925403,-0.17,-0.20,0.91,-42.05,1.83,-17.64,-105.29,33.94,5.29,1
o,2022-10-11 13:56:27.943326,-0.29,-0.00,1.04,2.44,18.43,0.85,-105.29,33.94,5.29,1
o,2022-10-11 13:56:27.961982,0.01,-0.26,1.02,65.06,17.94,30.88,-104.76,34.69,5.35,1
o,2022-10-11 13:56:27.980210,0.13,-0.56,0.90,74.89,10.13,36.38,-104.76,34.69,5.35,1
o,2022-10-11 13:56:27.998172,0.11,-0.69,0.81,53.77,8.54,20.26,-104.76,34.69,5.35,1
o,2022-10-11 13:56:28.016999,0.07,-0.68,0.79,20.32,9.83,2.20,-102.19,36.44,5.88,1
o,2022-10-11 13:56:28.035310,0.09,-0.64,0.80,8.42,10.62,-3.91,-102.19,36.44,5.88,1
o,2022-10-11 13:56:28.053353,0.10,-0.58,0.83,1.89,8.30,-5.19,-102.19,36.44,5.88,1
o,2022-10-11 13:56:28.072265,0.08,-0.57,0.86,-0.55,4.15,-4.21,-101.65,35.79,5.13,1
o,2022-10-11 13:56:28.090329,0.03,-0.56,0.84,-4.15,0.73,-4.70,-101.65,35.79,5.13,1
