e,2022-10-29 14:12:00.346901,0.40,0.40,0.88,-12.63,5.37,-1.40,12.28,8.65,-13.42,1
e,2022-10-29 14:12:00.376755,0.45,0.44,0.81,-12.02,-2.32,4.33,12.15,8.44,-12.04,1
e,2022-10-29 14:12:00.400175,0.29,0.47,0.89,-2.99,-5.49,17.15,12.15,8.44,-12.04,1
e,2022-10-29 14:12:00.418183,0.38,0.51,0.80,34.97,-21.91,14.10,12.15,8.44,-12.04,1
e,2022-10-29 14:12:00.442323,0.43,0.37,0.72,57.25,-26.98,11.11,12.87,8.35,-12.51,1
e,2022-10-29 14:12:00.449578,0.41,0.34,0.75,53.47,-20.02,4.76,12.87,8.35,-12.51,1
e,2022-10-29 14:12:00.482242,0.46,0.29,0.81,53.65,-10.50,-10.13,14.73,9.94,-12.96,1
e,2022-10-29 14:12:00.498431,0.47,0.20,0.80,43.03,-0.92,-22.40,14.73,9.94,-12.96,1
e,2022-10-29 14:12:00.515063,0.50,0.11,0.88,19.71,8.00,-19.47,14.73,9.94,-12.96,1
e,2022-10-29 14:12:00.547037,0.52,0.10,0.89,5.25,12.82,-17.27,16.10,10.44,-11.04,1
e,2022-10-29 14:12:00.562631,0.45,0.18,0.92,-13.43,17.58,-19.65,16.10,10.44,-11.04,1
e,2022-10-29 14:12:00.579114,0.47,0.03,0.90,11.41,15.32,-5.49,17.03,11.65,-9.55,1
e,2022-10-29 14:12:00.604845,0.46,-0.02,0.87,11.17,4.82,5.74,17.03,11.65,-9.55,1
e,2022-10-29 14:12:00.626397,0.51,-0.03,0.79,-11.78,5.98,2.99,17.03,11.65,-9.55,1
e,2022-10-29 14:12:00.641799,0.46,0.13,0.78,-43.95,15.99,-2.20,16.88,11.49,-9.36,1
e,2022-10-29 14:12:00.662342,0.44,0.12,0.74,-45.65,20.75,1.34,16.88,11.49,-9.36,1
e,2022-10-29 14:12:00.690395,0.47,0.15,0.74,-66.96,22.52,7.08,15.69,10.45,-10.41,1
e,2022-10-29 14:12:00.706825,0.36,0.25,0.76,-66.28,20.81,10.31,15.69,10.45,-10.41,1
e,2022-10-29 14:12:00.728393,0.37,0.25,0.83,-19.41,6.90,48.89,14.64,9.42,-10.40,1
e,2022-10-29 14:12:00.748973,0.37,0.18,0.73,-16.17,-3.54,55.11,14.64,9.42,-10.40,1
e,2022-10-29 14:12:00.769740,0.37,0.29,0.78,-27.77,-13.43,48.22,14.64,9.42,-10.40,1
e,2022-10-29 14:12:00.789929,0.40,0.41,0.69,-12.39,-23.07,46.94,13.22,8.83,-11.41,1
e,2022-10-29 14:12:00.807711,0.34,0.44,0.71,5.37,-25.45,41.38,13.22,8.83,-11.41,1
e,2022-10-29 14:12:00.823538,0.33,0.64,0.79,-5.62,-27.77,22.16,13.22,8.83,-11.41,1
e,2022-10-29 14:12:00.840150,0.35,0.65,0.75,14.53,-31.74,15.01,12.57,8.79,-11.77,1
e,2022-10-29 14:12:00.855837,0.31,0.73,0.78,27.65,-28.63,9.83,12.57,8.79,-11.77,1
e,2022-10-29 14:12:00.891571,0.36,0.67,0.83,56.88,-26.31,-2.62,13.75,8.14,-12.81,1
e,2022-10-29 14:12:00.908386,0.37,0.45,0.84,67.87,-22.83,-21.61,13.75,8.14,-12.81,1
e,2022-10-29 14:12:00.925108,0.38,0.34,0.81,54.69,-12.39,-59.08,13.75,8.14,-12.81,1
e,2022-10-29 14:12:00.940339,0.50,0.34,0.83,0.85,4.21,-119.08,15.84,9.24,-11.45,1
e,2022-10-29 14:12:00.965365,0.41,0.46,0.79,-17.46,24.84,-108.40,15.84,9.24,-11.45,1
e,2022-10-29 14:12:00.981932,0.37,0.45,0.95,32.59,43.21,-60.79,18.80,12.77,-8.98,1
e,2022-10-29 14:12:01.013193,0.44,0.09,1.01,77.21,40.41,-1.34,18.80,12.77,-8.98,1
e,2022-10-29 14:12:01.034130,0.45,-0.22,0.95,61.16,24.48,7.02,21.17,15.37,-8.68,1
e,2022-10-29 14:12:01.045069,0.43,-0.16,0.90,12.51,17.58,0.85,21.17,15.37,-8.68,1
e,2022-10-29 14:12:01.076710,0.48,0.01,0.83,0.67,17.27,-3.91,21.17,15.37,-8.68,1
e,2022-10-29 14:12:01.093526,0.53,0.09,0.79,-2.75,15.44,-5.37,20.95,16.63,-8.67,1
e,2022-10-29 14:12:01.118738,0.56,0.20,0.76,-0.55,8.00,-4.46,20.95,16.63,-8.67,1
e,2022-10-29 14:12:01.141223,0.55,0.22,0.76,1.16,4.39,-2.87,21.45,18.12,-10.25,1
e,2022-10-29 14:12:01.158779,0.52,0.19,0.78,5.25,-0.06,-3.97,21.45,18.12,-10.25,1
e,2022-10-29 14:12:01.175188,0.48,0.21,0.80,0.92,-2.50,-8.54,21.45,18.12,-10.25,1
e,2022-10-29 14:12:01.200657,0.46,0.17,0.83,2.56,-1.04,-7.75,22.23,18.82,-9.90,1
e,2022-10-29 14:12:01.216761,0.49,0.14,0.86,2.62,-3.17,-2.20,22.23,18.82,-9.90,1
e,2022-10-29 14:12:01.234776,0.46,0.09,0.85,4.82,-5.25,12.15,22.27,19.46,-9.25,1
e,2022-10-29 14:12:01.250392,0.45,0.06,0.84,4.76,-5.25,17.82,22.27,19.46,-9.25,1
e,2022-10-29 14:12:01.273279,0.44,0.04,0.83,0.18,-3.30,18.13,22.27,19.46,-9.25,1
e,2022-10-29 14:12:01.289886,0.43,0.07,0.83,-7.75,-0.37,16.66,22.56,20.34,-8.65,1
e,2022-10-29 14:12:01.323270,0.44,0.12,0.82,-12.63,5.13,18.19,22.56,20.34,-8.65,1
e,2022-10-29 14:12:01.339580,0.49,0.14,0.83,-14.04,12.21,18.80,22.56,19.60,-8.02,1
e,2022-10-29 14:12:01.355298,0.51,0.14,0.83,-15.99,10.74,19.65,22.56,19.60,-8.02,1
e,2022-10-29 14:12:01.370838,0.50,0.14,0.83,-18.80,9.46,25.82,22.56,19.60,-8.02,1
e,2022-10-29 14:12:01.398791,0.48,0.14,0.83,-25.94,15.08,28.26,22.66,19.81,-7.50,1
e,2022-10-29 14:12:01.410226,0.52,0.14,0.83,-30.21,17.82,26.25,22.66,19.81,-7.50,1
e,2022-10-29 14:12:01.434665,0.54,0.15,0.82,-34.61,13.00,20.87,22.42,18.62,-8.28,1
e,2022-10-29 14:12:01.458249,0.52,0.21,0.80,-47.97,-3.30,15.56,22.42,18.62,-8.28,1
e,2022-10-29 14:12:01.480237,0.50,0.28,0.76,-51.45,-15.38,19.04,22.42,18.62,-8.28,1
e,2022-10-29 14:12:01.490444,0.49,0.36,0.73,-48.95,-33.26,15.87,21.83,16.47,-8.29,1
e,2022-10-29 14:12:01.506462,0.40,1.23,0.72,-25.94,-2.75,-18.86,21.83,16.47,-8.29,1
