u,2022-10-14 14:23:07.525695,0.23,-0.46,0.69,-7.14,37.41,22.89,21.48,27.94,-43.03,1
u,2022-10-14 14:23:07.543942,0.22,-0.45,0.67,10.13,24.90,20.45,21.48,27.94,-43.03,1
u,2022-10-14 14:23:07.562789,0.17,-0.45,0.59,18.43,9.70,14.10,20.08,27.39,-43.14,1
u,2022-10-14 14:23:07.581778,0.22,-0.50,0.66,6.71,-4.15,3.91,20.08,27.39,-43.14,1
u,2022-10-14 14:23:07.600988,0.28,-0.48,0.73,-8.67,3.17,7.26,20.41,27.92,-42.99,1
u,2022-10-14 14:23:07.619434,0.06,-0.33,0.45,-8.54,6.23,12.27,20.41,27.92,-42.99,1
u,2022-10-14 14:23:07.638130,0.08,-0.33,0.49,34.73,-42.48,-7.08,20.41,27.92,-42.99,1
u,2022-10-14 14:23:07.657634,0.23,-0.52,0.73,59.20,-75.93,-32.71,20.97,29.09,-41.60,1
u,2022-10-14 14:23:07.675965,0.26,-0.50,0.95,37.48,-54.14,-35.95,20.97,29.09,-41.60,1
u,2022-10-14 14:23:07.695249,0.24,-0.48,0.98,29.85,-39.18,-40.83,20.97,29.09,-41.60,1
u,2022-10-14 14:23:07.713452,0.23,-0.52,1.00,33.02,-20.20,-43.58,21.31,32.01,-40.88,1
u,2022-10-14 14:23:07.732515,0.20,-0.66,0.87,33.39,-7.81,-42.66,21.31,32.01,-40.88,1
u,2022-10-14 14:23:07.752098,0.14,-0.61,0.83,10.25,9.09,-39.49,24.11,33.75,-42.96,1
u,2022-10-14 14:23:07.770544,0.06,-0.65,0.87,-18.62,30.15,-30.15,24.11,33.75,-42.96,1
u,2022-10-14 14:23:07.790950,-0.12,-0.73,0.95,17.58,31.92,27.53,24.11,33.75,-42.96,1
u,2022-10-14 14:23:07.809997,0.19,-0.72,0.84,36.07,38.76,45.35,26.67,34.86,-43.77,1
u,2022-10-14 14:23:07.828401,0.32,-0.74,0.74,17.94,38.09,39.73,26.67,34.86,-43.77,1
u,2022-10-14 14:23:07.847845,0.39,-0.57,0.65,9.77,27.34,32.84,26.56,36.80,-44.80,1
u,2022-10-14 14:23:07.867420,0.41,-0.47,0.62,0.06,21.48,15.93,26.56,36.80,-44.80,1
u,2022-10-14 14:23:07.885631,0.45,-0.42,0.55,1.16,11.29,1.10,26.56,36.80,-44.80,1
u,2022-10-14 14:23:07.904975,0.34,-0.51,0.57,-3.66,-3.91,-14.83,27.55,38.27,-45.51,1
u,2022-10-14 14:23:07.923602,0.25,-0.52,0.65,-11.17,-7.81,-13.37,27.55,38.27,-45.51,1
u,2022-10-14 14:23:07.942509,0.23,-0.50,0.73,-13.55,-6.96,-11.72,27.55,38.27,-45.51,1
u,2022-10-14 14:23:07.962218,0.24,-0.54,0.86,-26.61,1.59,-16.85,28.47,38.93,-44.06,1
u,2022-10-14 14:23:07.980002,0.21,-0.62,0.88,-27.65,6.77,-20.32,28.47,38.93,-44.06,1
u,2022-10-14 14:23:08.000590,0.28,-0.67,0.88,-20.94,6.77,-14.28,28.96,41.22,-46.46,1
u,2022-10-14 14:23:08.019899,0.36,-0.72,0.87,-10.38,3.42,-1.59,28.96,41.22,-46.46,1
u,2022-10-14 14:23:08.038364,0.31,-0.71,0.84,-15.69,2.87,-0.98,28.96,41.22,-46.46,1
u,2022-10-14 14:23:08.056949,0.27,-0.69,0.81,-14.16,4.76,0.00,29.22,41.22,-49.61,1
u,2022-10-14 14:23:08.075295,0.26,-0.64,0.76,-7.51,5.92,3.36,29.22,41.22,-49.61,1
u,2022-10-14 14:23:08.093612,0.25,-0.67,0.67,2.20,7.08,6.16,29.22,41.22,-49.61,1
u,2022-10-14 14:23:08.112528,0.31,-0.72,0.57,-4.09,5.98,8.61,29.36,41.32,-49.07,1
u,2022-10-14 14:23:08.131615,0.33,-0.70,0.56,-7.08,-1.53,13.18,29.36,41.32,-49.07,1
u,2022-10-14 14:23:08.151301,0.28,-0.66,0.61,-25.88,-5.80,10.80,29.70,40.86,-50.11,1
u,2022-10-14 14:23:08.170494,0.22,-0.49,0.71,-33.81,-3.30,3.78,29.70,40.86,-50.11,1
u,2022-10-14 14:23:08.189365,0.23,-0.45,0.76,-24.29,-2.32,0.98,29.70,40.86,-50.11,1
u,2022-10-14 14:23:08.209635,0.22,-0.43,0.80,9.22,-5.13,5.13,29.72,40.37,-50.65,1
u,2022-10-14 14:23:08.227838,0.20,-0.58,0.81,26.18,-6.47,10.86,29.72,40.37,-50.65,1
u,2022-10-14 14:23:08.246912,0.24,-0.64,0.74,30.21,-5.92,14.59,30.05,41.52,-50.48,1
u,2022-10-14 14:23:08.265475,0.25,-0.68,0.71,28.56,-9.52,17.09,30.05,41.52,-50.48,1
u,2022-10-14 14:23:08.283677,0.26,-0.65,0.72,19.10,-10.38,14.89,30.05,41.52,-50.48,1
u,2022-10-14 14:23:08.303908,0.30,-0.57,0.75,5.49,-7.69,9.16,29.66,41.91,-50.22,1
u,2022-10-14 14:23:08.323031,0.30,-0.49,0.79,-2.99,-5.19,3.48,29.66,41.91,-50.22,1
u,2022-10-14 14:23:08.342456,0.25,-0.46,0.87,1.34,0.31,0.06,29.66,41.91,-50.22,1
u,2022-10-14 14:23:08.361147,0.27,-0.46,0.85,12.63,5.13,2.99,29.00,41.80,-50.74,1
u,2022-10-14 14:23:08.380078,0.30,-0.54,0.81,20.45,7.14,2.44,29.00,41.80,-50.74,1
u,2022-10-14 14:23:08.399515,0.30,-0.64,0.76,15.14,6.53,-0.37,29.47,42.46,-49.93,1
u,2022-10-14 14:23:08.418077,0.26,-0.71,0.75,8.30,5.92,-1.65,29.47,42.46,-49.93,1
u,2022-10-14 14:23:08.437090,0.29,-0.74,0.71,1.71,7.32,-2.32,29.47,42.46,-49.93,1
u,2022-10-14 14:23:08.456523,0.31,-0.81,0.64,1.77,4.03,4.33,29.06,42.27,-51.25,1
u,2022-10-14 14:23:08.475656,0.35,-0.88,0.56,5.74,-2.32,14.34,29.06,42.27,-51.25,1
u,2022-10-14 14:23:08.494429,0.37,-0.92,0.51,5.00,-8.42,23.13,29.06,42.27,-51.25,1
u,2022-10-14 14:23:08.514498,0.36,-0.94,0.51,-4.21,-22.03,35.03,29.05,41.31,-51.43,1
u,2022-10-14 14:23:08.533263,0.36,-0.82,0.56,-20.26,-30.46,36.68,29.05,41.31,-51.43,1
u,2022-10-14 14:23:08.553291,0.27,-0.72,0.65,-30.46,-47.73,33.33,28.10,38.79,-48.84,1
u,2022-10-14 14:23:08.571093,0.26,-0.60,0.78,-43.40,-35.03,32.04,28.10,38.79,-48.84,1
u,2022-10-14 14:23:08.590273,0.31,-0.44,0.78,-35.16,-37.66,32.04,28.10,38.79,-48.84,1
u,2022-10-14 14:23:08.610128,0.34,-0.39,0.78,-25.39,-41.26,28.56,25.10,36.69,-47.60,1
u,2022-10-14 14:23:08.632139,0.32,-0.39,0.80,-27.10,-37.54,17.46,25.10,36.69,-47.60,1
u,2022-10-14 14:23:08.649761,0.27,-0.38,0.80,-31.19,-36.93,10.93,21.09,35.36,-46.61,1
u,2022-10-14 14:23:08.668558,0.11,-0.43,0.87,-32.53,-32.84,10.13,21.09,35.36,-46.61,1
u,2022-10-14 14:23:08.686842,0.12,-0.38,0.90,-32.35,-11.90,16.85,21.09,35.36,-46.61,1
u,2022-10-14 14:23:08.707099,0.17,-0.28,0.92,-34.18,-2.87,14.59,17.98,34.95,-45.70,1
u,2022-10-14 14:23:08.725434,0.21,-0.26,0.96,-31.37,0.43,5.43,17.98,34.95,-45.70,1
u,2022-10-14 14:23:08.744123,0.23,-0.31,0.95,-24.60,4.46,4.70,17.98,34.95,-45.70,1
u,2022-10-14 14:23:08.763876,0.29,-0.29,0.88,-10.19,1.46,10.13,16.94,35.03,-45.35,1
u,2022-10-14 14:23:08.782516,0.31,-0.25,0.85,-9.34,-2.01,11.96,16.94,35.03,-45.35,1
u,2022-10-14 14:23:08.802037,0.27,-0.23,0.84,-13.67,-5.80,4.70,15.59,35.57,-44.85,1
u,2022-10-14 14:23:08.821468,0.19,-0.21,0.88,-16.42,-5.43,-1.89,15.59,35.57,-44.85,1
u,2022-10-14 14:23:08.839419,0.17,-0.22,0.91,-23.56,-0.67,-10.44,15.59,35.57,-44.85,1
u,2022-10-14 14:23:08.859318,0.14,-0.23,0.95,-23.50,4.58,-13.18,14.66,35.68,-44.81,1
u,2022-10-14 14:23:08.878242,0.18,-0.11,0.97,-18.98,7.93,-11.23,14.66,35.68,-44.81,1
u,2022-10-14 14:23:08.897388,0.18,-0.01,1.03,-16.60,9.89,-17.03,14.64,34.72,-44.96,1
u,2022-10-14 14:23:08.916426,0.14,0.06,1.10,-8.91,18.07,-29.60,14.64,34.72,-44.96,1
u,2022-10-14 14:23:08.934600,0.17,0.10,1.15,18.13,28.20,-35.16,14.64,34.72,-44.96,1
u,2022-10-14 14:23:08.953315,0.22,-0.03,1.08,47.00,36.13,-37.66,17.38,33.68,-46.56,1
u,2022-10-14 14:23:08.972041,0.26,-0.16,0.99,61.65,39.37,-39.31,17.38,33.68,-46.56,1
u,2022-10-14 14:23:08.990815,0.23,-0.31,0.94,78.37,40.34,-36.80,17.38,33.68,-46.56,1
u,2022-10-14 14:23:09.010610,0.27,-0.52,0.83,77.09,48.16,-37.66,21.26,32.90,-47.13,1
u,2022-10-14 14:23:09.029299,0.36,-0.72,0.71,60.06,53.83,-39.31,21.26,32.90,-47.13,1
u,2022-10-14 14:23:09.048461,0.47,-0.81,0.60,42.60,45.90,-30.46,24.82,34.51,-49.60,1
u,2022-10-14 14:23:09.067011,0.45,-0.93,0.50,17.21,21.67,-17.21,24.82,34.51,-49.60,1
u,2022-10-14 14:23:09.085410,0.43,-0.91,0.48,3.36,9.09,-7.45,24.82,34.51,-49.60,1
u,2022-10-14 14:23:09.105210,0.43,-0.83,0.45,-14.04,2.32,-3.05,27.71,34.03,-50.00,1
u,2022-10-14 14:23:09.123022,0.43,-0.77,0.38,-24.11,-12.57,5.00,27.71,34.03,-50.00,1
u,2022-10-14 14:23:09.141766,0.30,-0.76,0.37,-24.05,-26.98,18.31,27.71,34.03,-50.00,1
u,2022-10-14 14:23:09.162388,0.29,-0.67,0.39,-21.06,-39.00,31.86,28.09,32.25,-49.85,1
u,2022-10-14 14:23:09.180113,0.24,-0.55,0.48,-30.94,-56.70,26.12,28.09,32.25,-49.85,1
u,2022-10-14 14:23:09.200091,-0.03,-0.44,0.77,-40.47,-54.20,10.56,27.95,30.83,-51.22,1
u,2022-10-14 14:23:09.219990,-0.10,-0.39,0.93,-41.08,-28.08,0.85,27.95,30.83,-51.22,1
u,2022-10-14 14:23:09.238233,0.01,-0.38,0.91,-1.46,-12.76,8.18,27.95,30.83,-51.22,1
u,2022-10-14 14:23:09.256924,0.18,-0.39,0.89,13.24,-12.57,11.29,27.88,31.56,-50.62,1
u,2022-10-14 14:23:09.275827,0.29,-0.48,0.97,27.53,-10.13,12.76,27.88,31.56,-50.62,1
u,2022-10-14 14:23:09.296626,0.45,-0.51,0.92,33.75,-2.32,8.00,27.81,34.64,-48.96,1
u,2022-10-14 14:23:09.315418,0.38,-0.58,0.89,9.09,-4.46,-0.18,27.81,34.64,-48.96,1
u,2022-10-14 14:23:09.334204,0.35,-0.61,0.91,2.93,-4.70,3.97,27.81,34.64,-48.96,1
u,2022-10-14 14:23:09.353825,0.36,-0.55,0.88,-4.70,-1.95,9.95,28.02,35.80,-48.93,1
u,2022-10-14 14:23:09.373562,0.39,-0.46,0.86,-10.99,-0.49,9.52,28.02,35.80,-48.93,1
u,2022-10-14 14:23:09.392389,0.37,-0.41,0.88,-15.63,-0.67,5.43,28.02,35.80,-48.93,1
u,2022-10-14 14:23:09.411840,0.31,-0.42,0.90,-24.41,4.33,0.49,28.00,33.86,-49.77,1
u,2022-10-14 14:23:09.430873,0.25,-0.33,0.96,-26.31,10.99,-1.22,28.00,33.86,-49.77,1
u,2022-10-14 14:23:09.451045,0.27,-0.31,0.97,-28.99,19.59,-6.77,27.83,32.48,-49.15,1
u,2022-10-14 14:23:09.468931,0.34,-0.32,0.90,-14.22,25.82,-4.39,27.83,32.48,-49.15,1
u,2022-10-14 14:23:09.488557,0.40,-0.34,0.78,-3.42,12.51,-3.85,27.83,32.48,-49.15,1
u,2022-10-14 14:23:09.508031,0.32,-0.45,0.77,3.97,3.54,-3.85,28.94,31.26,-48.69,1
u,2022-10-14 14:23:09.526999,0.21,-0.48,0.82,-5.74,1.16,4.09,28.94,31.26,-48.69,1
u,2022-10-14 14:23:09.546629,0.09,-0.43,0.89,-12.70,7.32,-3.66,29.91,29.96,-49.44,1
u,2022-10-14 14:23:09.565484,0.15,-0.48,0.87,-11.17,15.08,-9.34,29.91,29.96,-49.44,1
u,2022-10-14 14:23:09.584380,0.29,-0.48,0.79,7.08,8.79,5.07,29.91,29.96,-49.44,1
u,2022-10-14 14:23:09.603520,0.28,-0.48,0.82,2.81,2.38,4.76,30.57,28.94,-49.19,1
u,2022-10-14 14:23:09.622244,0.17,-0.47,0.89,-1.89,-1.83,2.81,30.57,28.94,-49.19,1
u,2022-10-14 14:23:09.641250,0.27,-0.41,0.87,-3.54,6.90,0.98,30.57,28.94,-49.19,1
u,2022-10-14 14:23:09.661397,0.33,-0.40,0.78,-11.17,12.76,-4.58,30.20,29.98,-48.82,1
u,2022-10-14 14:23:09.679544,0.33,-0.43,0.80,-4.70,7.32,-0.98,30.20,29.98,-48.82,1
u,2022-10-14 14:23:09.700392,0.37,-0.41,0.80,3.78,2.81,10.01,29.94,29.47,-49.71,1
u,2022-10-14 14:23:09.719237,0.38,-0.39,0.80,-1.10,0.18,8.61,29.94,29.47,-49.71,1
u,2022-10-14 14:23:09.740123,0.37,-0.36,0.80,-9.83,-0.61,2.38,29.94,29.47,-49.71,1
u,2022-10-14 14:23:09.759401,0.36,-0.37,0.84,-12.21,-2.99,-4.27,29.58,29.68,-48.52,1
u,2022-10-14 14:23:09.778242,0.30,-0.37,0.91,-19.10,-0.31,-6.16,29.58,29.68,-48.52,1
u,2022-10-14 14:23:09.797891,0.33,-0.32,0.89,-18.19,6.65,-8.30,29.92,28.67,-48.68,1
u,2022-10-14 14:23:09.817759,0.36,-0.33,0.84,-11.66,5.19,-14.28,29.92,28.67,-48.68,1
u,2022-10-14 14:23:09.837052,0.29,-0.37,0.89,11.78,3.85,-0.61,29.92,28.67,-48.68,1
u,2022-10-14 14:23:09.855598,0.33,-0.42,0.81,19.04,0.61,1.65,30.47,27.97,-47.34,1
u,2022-10-14 14:23:09.873526,0.32,-0.37,0.84,5.00,-0.37,-0.79,30.47,27.97,-47.34,1
u,2022-10-14 14:23:09.893323,0.33,-0.40,0.82,8.85,-2.38,0.37,31.12,27.64,-46.94,1
u,2022-10-14 14:23:09.912546,0.31,-0.43,0.81,1.16,-1.28,0.85,31.12,27.64,-46.94,1
u,2022-10-14 14:23:09.931010,0.31,-0.40,0.79,-21.12,5.55,0.06,31.12,27.64,-46.94,1
u,2022-10-14 14:23:09.951458,0.12,-0.23,0.59,-20.57,3.72,-4.21,31.08,27.64,-46.09,1
u,2022-10-14 14:23:09.970233,0.22,-0.23,0.71,34.42,-36.32,-11.35,31.08,27.64,-46.09,1
u,2022-10-14 14:23:09.989712,0.23,-0.29,0.82,74.34,-63.54,-17.64,31.08,27.64,-46.09,1
