S,2022-10-25 16:47:08.574948,0.18,-0.54,0.75,-5.00,18.01,-28.02,-41.59,78.76,-116.96,1
S,2022-10-25 16:47:08.593377,0.22,-0.51,0.77,-8.91,20.57,-28.99,-41.59,78.76,-116.96,1
S,2022-10-25 16:47:08.612381,0.23,-0.51,0.75,-13.79,21.61,-31.62,-40.48,73.30,-116.50,1
S,2022-10-25 16:47:08.632387,0.25,-0.49,0.73,-1.34,15.99,-23.86,-40.48,73.30,-116.50,1
S,2022-10-25 16:47:08.651647,0.31,-0.53,0.69,5.55,10.01,-23.01,-38.27,68.38,-116.80,1
S,2022-10-25 16:47:08.670804,0.30,-0.60,0.64,1.95,-3.42,-21.42,-38.27,68.38,-116.80,1
S,2022-10-25 16:47:08.689269,0.17,-0.62,0.76,-7.45,-7.08,-17.82,-38.27,68.38,-116.80,1
S,2022-10-25 16:47:08.709650,0.15,-0.61,0.83,-16.30,0.18,-13.49,-37.43,65.12,-116.88,1
S,2022-10-25 16:47:08.727859,0.18,-0.61,0.82,-1.89,5.74,0.49,-37.43,65.12,-116.88,1
S,2022-10-25 16:47:08.747957,0.21,-0.63,0.94,37.11,7.87,-1.77,-36.95,63.92,-115.99,1
S,2022-10-25 16:47:08.766542,0.27,-0.66,0.87,20.32,8.12,3.17,-36.95,63.92,-115.99,1
S,2022-10-25 16:47:08.784902,0.21,-0.62,0.81,6.29,16.05,17.03,-36.95,63.92,-115.99,1
S,2022-10-25 16:47:08.803991,0.20,-0.70,0.73,1.28,8.06,39.79,-37.87,65.97,-117.11,1
S,2022-10-25 16:47:08.823866,0.22,-0.65,0.64,-11.05,-0.73,52.43,-37.87,65.97,-117.11,1
S,2022-10-25 16:47:08.842851,0.17,-0.57,0.66,-20.08,-11.29,60.30,-37.87,65.97,-117.11,1
S,2022-10-25 16:47:08.862098,0.17,-0.35,0.76,-27.65,-18.01,43.76,-40.03,69.36,-119.24,1
S,2022-10-25 16:47:08.881215,0.20,-0.33,0.76,-18.98,-19.35,29.54,-40.03,69.36,-119.24,1
S,2022-10-25 16:47:08.900999,0.17,-0.31,0.80,-8.73,-32.35,27.34,-42.48,74.91,-118.38,1
S,2022-10-25 16:47:08.919758,0.17,-0.22,0.87,-9.70,-46.20,14.71,-42.48,74.91,-118.38,1
S,2022-10-25 16:47:08.938463,0.16,-0.11,0.96,-12.33,-44.80,2.44,-42.48,74.91,-118.38,1
S,2022-10-25 16:47:08.957744,0.16,-0.11,1.00,-9.22,-33.26,-7.02,-44.34,77.99,-118.57,1
S,2022-10-25 16:47:08.976460,0.17,-0.17,1.00,5.43,-18.55,-10.07,-44.34,77.99,-118.57,1
S,2022-10-25 16:47:08.996265,0.16,-0.24,0.97,14.89,-12.27,-11.66,-45.00,76.61,-117.64,1
S,2022-10-25 16:47:09.015460,0.14,-0.30,0.94,16.30,-4.94,-39.25,-45.00,76.61,-117.64,1
S,2022-10-25 16:47:09.034454,0.15,-0.30,0.98,6.77,19.41,-75.68,-45.00,76.61,-117.64,1
S,2022-10-25 16:47:09.053804,0.17,-0.36,0.90,-31.31,39.37,-110.11,-43.76,70.80,-118.20,1
S,2022-10-25 16:47:09.072586,0.21,-0.54,0.79,-48.89,36.38,-114.44,-43.76,70.80,-118.20,1
S,2022-10-25 16:47:09.091573,0.18,-0.59,0.79,2.01,6.29,-49.38,-43.76,70.80,-118.20,1
S,2022-10-25 16:47:09.110389,0.12,-0.54,0.78,15.20,-8.00,-37.23,-41.76,64.36,-120.04,1
S,2022-10-25 16:47:09.130070,0.11,-0.58,0.75,19.35,-22.16,-45.53,-41.76,64.36,-120.04,1
S,2022-10-25 16:47:09.150005,0.10,-0.67,0.76,3.54,-38.45,-49.74,-41.31,62.73,-120.63,1
S,2022-10-25 16:47:09.168340,0.08,-0.60,0.79,4.27,-49.87,-38.88,-41.31,62.73,-120.63,1
S,2022-10-25 16:47:09.187981,0.07,-0.56,0.80,14.28,-59.57,-19.65,-41.31,62.73,-120.63,1
S,2022-10-25 16:47:09.208053,0.05,-0.56,0.84,24.84,-59.94,2.32,-44.13,62.38,-118.30,1
S,2022-10-25 16:47:09.226498,0.04,-0.54,0.91,17.88,-45.78,9.70,-44.13,62.38,-118.30,1
S,2022-10-25 16:47:09.245922,0.05,-0.50,0.99,14.16,-31.49,15.32,-46.67,64.97,-118.84,1
S,2022-10-25 16:47:09.264127,0.08,-0.55,0.99,14.95,-23.86,28.14,-46.67,64.97,-118.84,1
S,2022-10-25 16:47:09.282228,0.06,-0.56,1.02,25.94,-26.06,48.46,-46.67,64.97,-118.84,1
S,2022-10-25 16:47:09.301931,0.08,-0.56,0.99,48.65,-26.86,81.48,-50.15,70.02,-117.93,1
S,2022-10-25 16:47:09.320436,0.05,-0.52,0.93,53.34,-22.46,98.51,-50.15,70.02,-117.93,1
S,2022-10-25 16:47:09.338172,0.04,-0.44,0.93,37.78,-6.53,88.07,-50.15,70.02,-117.93,1
S,2022-10-25 16:47:09.357176,0.06,-0.44,0.98,19.41,5.31,67.57,-50.79,78.55,-115.75,1
S,2022-10-25 16:47:09.375813,0.07,-0.48,0.96,17.33,13.92,61.77,-50.79,78.55,-115.75,1
S,2022-10-25 16:47:09.395695,0.08,-0.49,1.02,-13.12,20.81,65.55,-49.00,82.17,-116.61,1
S,2022-10-25 16:47:09.414310,-0.13,-0.22,1.16,-69.76,42.30,51.27,-49.00,82.17,-116.61,1
S,2022-10-25 16:47:09.433970,-0.27,-0.10,1.14,-63.17,68.05,22.52,-49.00,82.17,-116.61,1
S,2022-10-25 16:47:09.453175,-0.04,-0.24,1.05,-11.23,72.14,-2.99,-44.71,79.70,-116.99,1
S,2022-10-25 16:47:09.472271,0.21,-0.31,0.85,11.60,71.90,-9.77,-44.71,79.70,-116.99,1
S,2022-10-25 16:47:09.491098,0.25,-0.30,0.77,8.61,66.28,-20.08,-44.71,79.70,-116.99,1
