d,2022-09-29 17:11:34.913650,0.13,-0.33,0.86,-36.07,3.72,-14.71,17.77,34.53,-25.55,1
d,2022-09-29 17:11:34.921101,0.13,-0.33,0.86,-36.07,3.72,-14.71,18.60,33.00,-23.68,1
d,2022-09-29 17:11:34.929432,0.10,-0.30,0.82,-41.14,1.04,-15.63,18.60,33.00,-23.68,1
d,2022-09-29 17:11:34.938054,0.10,-0.29,0.81,-42.05,-2.08,-14.53,18.60,33.00,-23.68,1
d,2022-09-29 17:11:34.946481,0.11,-0.29,0.77,-37.66,-4.64,-11.72,18.60,33.00,-23.68,1
d,2022-09-29 17:11:34.954852,0.12,-0.26,0.77,-35.34,-9.03,-8.91,18.60,33.00,-23.68,1
d,2022-09-29 17:11:34.961397,0.12,-0.26,0.77,-35.34,-9.03,-8.91,18.60,33.00,-23.68,1
d,2022-09-29 17:11:34.970952,-0.03,-0.31,0.84,-35.71,-14.22,4.15,17.82,30.64,-23.11,1
d,2022-09-29 17:11:34.979156,0.00,-0.28,0.99,55.11,3.36,27.28,17.82,30.64,-23.11,1
d,2022-09-29 17:11:34.987367,-0.05,-0.08,0.89,44.01,1.65,20.51,17.82,30.64,-23.11,1
d,2022-09-29 17:11:34.995691,0.02,-0.24,0.90,40.53,-0.85,15.44,17.82,30.64,-23.11,1
d,2022-09-29 17:11:35.003908,0.05,-0.29,0.82,32.84,-8.61,12.08,17.82,30.64,-23.11,1
d,2022-09-29 17:11:35.012294,0.07,-0.29,0.77,21.36,-20.14,9.03,17.82,30.64,-23.11,1
d,2022-09-29 17:11:35.021543,0.04,-0.28,0.80,12.27,-28.26,4.15,17.90,32.09,-23.49,1
d,2022-09-29 17:11:35.029881,0.04,-0.28,0.79,0.37,-32.53,-1.53,17.90,32.09,-23.49,1
d,2022-09-29 17:11:35.038361,0.03,-0.25,0.78,-8.61,-35.58,-4.88,17.90,32.09,-23.49,1
d,2022-09-29 17:11:35.046833,0.02,-0.24,0.77,-6.35,-37.17,-5.80,17.90,32.09,-23.49,1
d,2022-09-29 17:11:35.055325,0.03,-0.25,0.82,-3.48,-39.43,-7.26,17.90,32.09,-23.49,1
d,2022-09-29 17:11:35.063655,0.05,-0.26,0.81,3.36,-38.21,-7.02,17.90,32.09,-23.49,1
d,2022-09-29 17:11:35.073062,0.05,-0.29,0.78,10.31,-37.35,-6.41,16.44,31.79,-24.24,1
d,2022-09-29 17:11:35.081380,0.04,-0.31,0.81,16.36,-37.84,-6.35,16.44,31.79,-24.24,1
d,2022-09-29 17:11:35.089722,0.03,-0.31,0.84,24.48,-39.06,-5.86,16.44,31.79,-24.24,1
d,2022-09-29 17:11:35.098175,0.02,-0.30,0.91,29.60,-39.73,-5.86,16.44,31.79,-24.24,1
d,2022-09-29 17:11:35.106475,0.02,-0.29,0.92,31.01,-38.64,-6.77,16.44,31.79,-24.24,1
d,2022-09-29 17:11:35.114958,0.01,-0.29,0.92,26.86,-35.89,-8.42,16.44,31.79,-24.24,1
d,2022-09-29 17:11:35.124302,0.03,-0.30,0.97,24.41,-34.79,-9.46,15.77,32.59,-26.60,1
d,2022-09-29 17:11:35.132642,0.03,-0.37,1.10,26.12,-32.17,-7.93,15.77,32.59,-26.60,1
d,2022-09-29 17:11:35.141157,0.02,-0.35,0.99,22.83,-21.00,-3.91,15.77,32.59,-26.60,1
d,2022-09-29 17:11:35.149393,0.02,-0.35,1.00,19.71,-14.59,-1.46,15.77,32.59,-26.60,1
d,2022-09-29 17:11:35.157803,0.02,-0.36,1.03,18.31,-14.22,-1.53,15.77,32.59,-26.60,1
d,2022-09-29 17:11:35.167069,0.01,-0.37,1.07,14.59,-13.61,-2.99,15.54,33.46,-27.39,1
d,2022-09-29 17:11:35.175409,0.00,-0.37,1.05,10.56,-9.77,-5.13,15.54,33.46,-27.39,1
d,2022-09-29 17:11:35.183798,0.00,-0.36,1.06,6.10,-6.77,-6.90,15.54,33.46,-27.39,1
d,2022-09-29 17:11:35.192108,0.01,-0.38,1.10,3.85,-6.23,-7.26,15.54,33.46,-27.39,1
d,2022-09-29 17:11:35.200668,0.01,-0.38,1.11,-1.22,-3.17,-7.57,15.54,33.46,-27.39,1
d,2022-09-29 17:11:35.209180,0.02,-0.37,1.12,-5.68,9.09,-9.89,15.54,33.46,-27.39,1
d,2022-09-29 17:11:35.217553,0.03,-0.37,1.09,-5.68,9.09,-9.89,16.17,32.71,-28.44,1
d,2022-09-29 17:11:35.225886,0.03,-0.36,1.15,-13.31,15.08,-9.46,16.17,32.71,-28.44,1
d,2022-09-29 17:11:35.233312,0.02,-0.31,1.03,-13.31,15.08,-9.46,16.17,32.71,-28.44,1
d,2022-09-29 17:11:35.241641,0.01,-0.30,1.02,-8.54,10.80,-8.73,16.17,32.71,-28.44,1
d,2022-09-29 17:11:35.250048,0.02,-0.29,1.01,-0.67,3.17,-5.86,16.17,32.71,-28.44,1
d,2022-09-29 17:11:35.257497,0.02,-0.29,1.01,-0.67,3.17,-5.86,16.17,32.71,-28.44,1
d,2022-09-29 17:11:35.266962,0.07,-0.43,1.40,15.87,-5.68,-3.42,15.42,32.78,-27.48,1
d,2022-09-29 17:11:35.275133,0.01,-0.38,1.10,10.01,38.02,10.01,15.42,32.78,-27.48,1
d,2022-09-29 17:11:35.282325,0.02,-0.31,0.95,10.01,38.02,10.01,15.42,32.78,-27.48,1
d,2022-09-29 17:11:35.290489,0.03,-0.30,0.93,17.64,36.74,8.18,15.42,32.78,-27.48,1
d,2022-09-29 17:11:35.298736,0.02,-0.33,0.82,20.26,29.60,8.97,15.42,32.78,-27.48,1
d,2022-09-29 17:11:35.306949,0.05,-0.37,0.96,10.13,17.88,8.97,15.42,32.78,-27.48,1
d,2022-09-29 17:11:35.316293,0.05,-0.40,0.99,7.93,12.39,8.48,16.67,33.53,-26.98,1
d,2022-09-29 17:11:35.324565,0.05,-0.39,0.96,2.32,13.92,8.00,16.67,33.53,-26.98,1
d,2022-09-29 17:11:35.331875,0.06,-0.38,0.98,2.32,13.92,8.00,16.67,33.53,-26.98,1
d,2022-09-29 17:11:35.339981,0.05,-0.38,0.97,3.05,15.08,7.63,16.67,33.53,-26.98,1
d,2022-09-29 17:11:35.348285,0.05,-0.37,0.96,2.44,15.81,7.08,16.67,33.53,-26.98,1
d,2022-09-29 17:11:35.356559,0.05,-0.37,0.93,-0.37,16.42,6.47,16.67,33.53,-26.98,1
d,2022-09-29 17:11:35.365828,0.06,-0.38,0.93,-3.48,15.81,5.55,16.81,34.19,-26.94,1
d,2022-09-29 17:11:35.374188,0.08,-0.41,0.94,-8.73,19.84,6.77,16.81,34.19,-26.94,1
d,2022-09-29 17:11:35.381631,0.09,-0.42,0.93,-8.73,19.84,6.77,16.81,34.19,-26.94,1
d,2022-09-29 17:11:35.389925,0.10,-0.40,0.86,-10.44,23.44,8.79,16.81,34.19,-26.94,1
d,2022-09-29 17:11:35.398213,0.09,-0.39,0.86,-8.79,22.28,10.25,16.81,34.19,-26.94,1
d,2022-09-29 17:11:35.406422,0.06,-0.36,0.81,-6.59,18.25,11.54,16.81,34.19,-26.94,1
d,2022-09-29 17:11:35.413843,0.05,-0.34,0.80,-6.59,18.25,11.54,16.81,34.19,-26.94,1
d,2022-09-29 17:11:35.423103,0.05,-0.36,0.80,-10.31,5.55,9.58,16.28,33.65,-25.82,1
d,2022-09-29 17:11:35.431372,0.08,-0.37,0.82,-15.93,2.38,7.26,16.28,33.65,-25.82,1
d,2022-09-29 17:11:35.438735,0.09,-0.37,0.83,-15.93,2.38,7.26,16.28,33.65,-25.82,1
d,2022-09-29 17:11:35.447067,0.09,-0.37,0.83,-19.47,-0.06,8.54,16.28,33.65,-25.82,1
d,2022-09-29 17:11:35.455429,0.10,-0.37,0.83,-18.25,-1.34,10.93,16.28,33.65,-25.82,1
d,2022-09-29 17:11:35.463788,0.09,-0.36,0.82,-16.54,-3.11,13.73,16.28,33.65,-25.82,1
d,2022-09-29 17:11:35.473041,0.08,-0.34,0.82,-15.20,-5.74,15.69,14.89,33.44,-25.00,1
d,2022-09-29 17:11:35.481378,0.07,-0.33,0.82,-14.83,-11.47,16.24,14.89,33.44,-25.00,1
d,2022-09-29 17:11:35.488816,0.06,-0.31,0.81,-14.83,-11.47,16.24,14.89,33.44,-25.00,1
d,2022-09-29 17:11:35.497192,0.05,-0.31,0.78,-13.67,-14.28,16.66,14.89,33.44,-25.00,1
d,2022-09-29 17:11:35.505601,0.08,-0.32,0.77,-13.98,-17.76,18.80,14.89,33.44,-25.00,1
d,2022-09-29 17:11:35.512979,0.06,-0.32,0.82,-13.98,-17.76,18.80,14.89,33.44,-25.00,1
d,2022-09-29 17:11:35.522358,0.02,-0.28,0.81,-6.53,-27.47,20.39,13.21,32.71,-26.11,1
d,2022-09-29 17:11:35.530752,0.02,-0.25,0.79,-13.00,-32.10,15.01,13.21,32.71,-26.11,1
d,2022-09-29 17:11:35.538174,0.04,-0.25,0.77,-13.00,-32.10,15.01,13.21,32.71,-26.11,1
d,2022-09-29 17:11:35.546542,0.02,-0.24,0.80,-5.74,-38.64,15.99,13.21,32.71,-26.11,1
d,2022-09-29 17:11:35.554960,-0.02,-0.21,0.82,-3.23,-44.13,13.61,13.21,32.71,-26.11,1
d,2022-09-29 17:11:35.562481,-0.01,-0.20,0.85,-3.23,-44.13,13.61,13.21,32.71,-26.11,1
d,2022-09-29 17:11:35.571863,-0.02,-0.20,0.89,-5.92,-46.69,11.90,10.28,33.11,-26.93,1
d,2022-09-29 17:11:35.580362,-0.04,-0.19,0.91,-6.96,-46.88,8.48,10.28,33.11,-26.93,1
d,2022-09-29 17:11:35.587878,-0.05,-0.19,0.91,-6.96,-46.88,8.48,10.28,33.11,-26.93,1
d,2022-09-29 17:11:35.596207,-0.07,-0.19,0.97,-8.12,-44.43,0.67,10.28,33.11,-26.93,1
d,2022-09-29 17:11:35.603785,-0.07,-0.18,0.91,-8.12,-44.43,0.67,10.28,33.11,-26.93,1
d,2022-09-29 17:11:35.612290,-0.06,-0.18,0.89,-10.13,-35.83,-3.72,10.28,33.11,-26.93,1
d,2022-09-29 17:11:35.621882,-0.06,-0.19,0.95,-7.87,-36.87,-6.71,8.87,32.36,-27.47,1
d,2022-09-29 17:11:35.630391,-0.07,-0.18,0.94,-8.54,-35.16,-12.15,8.87,32.36,-27.47,1
d,2022-09-29 17:11:35.638873,-0.08,-0.15,1.02,-3.66,-34.48,-13.43,8.87,32.36,-27.47,1
d,2022-09-29 17:11:35.647382,-0.08,-0.15,1.01,2.56,-31.74,-13.61,8.87,32.36,-27.47,1
d,2022-09-29 17:11:35.654955,-0.08,-0.15,1.01,6.23,-26.86,-13.67,8.87,32.36,-27.47,1
d,2022-09-29 17:11:35.663473,-0.10,-0.14,1.01,9.58,-23.25,-14.34,8.87,32.36,-27.47,1
d,2022-09-29 17:11:35.672922,-0.10,-0.15,1.00,11.96,-20.20,-15.63,8.03,32.15,-28.38,1
d,2022-09-29 17:11:35.681371,-0.10,-0.18,1.03,14.83,-17.76,-16.66,8.03,32.15,-28.38,1
d,2022-09-29 17:11:35.689873,-0.09,-0.21,1.04,17.82,-14.28,-17.40,8.03,32.15,-28.38,1
d,2022-09-29 17:11:35.698167,-0.09,-0.21,1.04,18.86,-9.83,-17.33,8.03,32.15,-28.38,1
d,2022-09-29 17:11:35.706903,-0.08,-0.23,1.07,20.69,-7.57,-18.19,8.03,32.15,-28.38,1
d,2022-09-29 17:11:35.716199,-0.08,-0.24,1.06,21.79,-5.13,-18.86,9.14,32.13,-29.87,1
d,2022-09-29 17:11:35.724700,-0.07,-0.26,1.07,22.71,-2.50,-19.23,9.14,32.13,-29.87,1
d,2022-09-29 17:11:35.733114,-0.07,-0.28,1.08,23.44,0.55,-19.35,9.14,32.13,-29.87,1
d,2022-09-29 17:11:35.741486,-0.06,-0.31,1.07,22.40,3.66,-18.07,9.14,32.13,-29.87,1
d,2022-09-29 17:11:35.749864,-0.04,-0.32,1.07,19.47,7.14,-17.15,9.14,32.13,-29.87,1
d,2022-09-29 17:11:35.758188,-0.05,-0.33,1.06,19.10,10.86,-15.99,9.14,32.13,-29.87,1
d,2022-09-29 17:11:35.767534,-0.05,-0.33,1.06,18.31,13.12,-14.65,10.82,32.10,-29.28,1
d,2022-09-29 17:11:35.775844,-0.04,-0.33,1.07,16.60,15.14,-14.53,10.82,32.10,-29.28,1
d,2022-09-29 17:11:35.784404,-0.03,-0.34,1.05,18.19,18.13,-14.04,10.82,32.10,-29.28,1
d,2022-09-29 17:11:35.792683,-0.02,-0.37,1.04,20.08,20.08,-13.00,10.82,32.10,-29.28,1
d,2022-09-29 17:11:35.801194,-0.01,-0.37,1.03,22.09,21.12,-11.72,10.82,32.10,-29.28,1
d,2022-09-29 17:11:35.809608,-0.03,-0.37,1.02,22.95,22.16,-10.68,0.00,0.00,0.00,1
d,2022-09-29 17:11:35.818927,-0.04,-0.36,1.02,16.54,23.74,-11.66,13.40,32.89,-29.05,1
d,2022-09-29 17:11:35.827354,-0.03,-0.35,1.02,2.01,28.20,-14.77,13.40,32.89,-29.05,1
d,2022-09-29 17:11:35.834760,-0.02,-0.35,0.99,2.01,28.20,-14.77,13.40,32.89,-29.05,1
d,2022-09-29 17:11:35.843036,0.01,-0.36,0.95,-2.01,27.95,-15.01,13.40,32.89,-29.05,1
d,2022-09-29 17:11:35.851380,0.03,-0.38,0.93,0.06,24.11,-13.12,13.40,32.89,-29.05,1
d,2022-09-29 17:11:35.859662,0.02,-0.38,0.96,4.39,18.37,-9.64,13.40,32.89,-29.05,1
d,2022-09-29 17:11:35.869004,0.01,-0.37,0.96,6.65,16.11,-5.43,14.45,33.00,-27.43,1
d,2022-09-29 17:11:35.877375,-0.00,-0.36,0.96,10.38,18.07,-4.15,14.45,33.00,-27.43,1
d,2022-09-29 17:11:35.885741,0.02,-0.38,0.92,12.63,17.64,-2.08,14.45,33.00,-27.43,1
d,2022-09-29 17:11:35.893863,0.03,-0.40,0.94,16.05,18.13,1.46,14.45,33.00,-27.43,1
d,2022-09-29 17:11:35.902120,0.04,-0.42,1.00,17.52,22.16,5.43,14.45,33.00,-27.43,1
d,2022-09-29 17:11:35.910268,0.04,-0.43,0.97,16.30,27.77,8.48,14.45,33.00,-27.43,1
d,2022-09-29 17:11:35.919495,0.04,-0.41,0.81,15.93,22.58,10.44,15.87,34.17,-27.00,1
d,2022-09-29 17:11:35.927754,0.03,-0.43,0.88,18.98,11.60,11.66,15.87,34.17,-27.00,1
d,2022-09-29 17:11:35.934943,0.03,-0.43,0.88,14.40,8.36,11.41,15.87,34.17,-27.00,1
d,2022-09-29 17:11:35.943066,0.01,-0.42,0.85,5.86,8.24,8.18,15.87,34.17,-27.00,1
d,2022-09-29 17:11:35.951287,0.01,-0.41,0.88,-3.36,9.64,4.70,15.87,34.17,-27.00,1
d,2022-09-29 17:11:35.959753,-0.00,-0.39,0.89,-12.82,12.15,1.04,15.87,34.17,-27.00,1
d,2022-09-29 17:11:35.969145,-0.01,-0.37,0.88,-20.63,15.26,-3.23,16.27,34.09,-26.31,1
d,2022-09-29 17:11:35.977507,-0.02,-0.33,0.89,-28.56,18.37,-7.26,16.27,34.09,-26.31,1
d,2022-09-29 17:11:35.985922,-0.03,-0.31,0.90,-35.77,20.87,-11.78,16.27,34.09,-26.31,1
d,2022-09-29 17:11:35.994399,-0.06,-0.29,0.91,-39.98,22.77,-15.69,16.27,34.09,-26.31,1
d,2022-09-29 17:11:36.002828,-0.16,-0.31,0.93,-40.10,24.72,-17.52,16.27,34.09,-26.31,1
d,2022-09-29 17:11:36.011356,-0.12,-0.29,0.96,-22.64,24.23,-11.60,16.27,34.09,-26.31,1
d,2022-09-29 17:11:36.020695,-0.05,-0.24,0.93,1.04,20.20,0.31,16.89,33.34,-25.10,1
d,2022-09-29 17:11:36.028943,-0.02,-0.23,0.94,11.84,14.53,8.30,16.89,33.34,-25.10,1
d,2022-09-29 17:11:36.037210,-0.02,-0.23,0.94,18.07,10.56,12.21,16.89,33.34,-25.10,1
d,2022-09-29 17:11:36.045682,-0.01,-0.21,0.93,23.56,10.01,13.67,16.89,33.34,-25.10,1
d,2022-09-29 17:11:36.053852,0.01,-0.18,0.92,25.63,10.80,11.78,16.89,33.34,-25.10,1
d,2022-09-29 17:11:36.062058,0.01,-0.17,0.92,22.52,11.11,6.84,16.89,33.34,-25.10,1
d,2022-09-29 17:11:36.071211,0.00,-0.17,0.95,19.84,11.60,1.83,16.82,34.67,-25.10,1
d,2022-09-29 17:11:36.079618,0.01,-0.15,0.96,18.98,12.82,-2.01,16.82,34.67,-25.10,1
d,2022-09-29 17:11:36.087968,0.05,-0.12,0.95,18.74,14.10,-5.00,16.82,34.67,-25.10,1
d,2022-09-29 17:11:36.096194,0.04,-0.13,0.94,14.95,15.63,-9.58,16.82,34.67,-25.10,1
d,2022-09-29 17:11:36.104642,-0.01,-0.14,0.96,11.72,17.09,-14.34,16.82,34.67,-25.10,1
d,2022-09-29 17:11:36.113084,-0.00,-0.16,0.97,13.43,19.41,-17.52,16.82,34.67,-25.10,1
d,2022-09-29 17:11:36.122285,0.02,-0.18,0.97,14.28,23.01,-19.71,19.54,36.04,-24.78,1
d,2022-09-29 17:11:36.130583,0.04,-0.22,0.95,16.05,25.63,-19.84,19.54,36.04,-24.78,1
d,2022-09-29 17:11:36.138827,0.06,-0.26,0.94,17.15,26.37,-17.70,19.54,36.04,-24.78,1
d,2022-09-29 17:11:36.147189,0.08,-0.31,0.92,21.48,25.88,-14.16,19.54,36.04,-24.78,1
d,2022-09-29 17:11:36.155547,0.11,-0.34,0.91,24.60,24.54,-11.78,19.54,36.04,-24.78,1
d,2022-09-29 17:11:36.164731,0.13,-0.37,0.89,21.18,22.71,-13.43,21.45,37.12,-25.90,1
d,2022-09-29 17:11:36.172740,0.15,-0.38,0.88,15.87,21.79,-21.73,0.00,nan,0.00,1
d,2022-09-29 17:11:36.179766,0.14,-0.39,0.88,15.87,21.79,-21.73,0.00,nan,0.00,1
d,2022-09-29 17:11:36.187780,0.13,-0.40,0.91,6.23,20.87,-24.48,0.00,nan,0.00,1
d,2022-09-29 17:11:36.195546,0.13,-0.40,0.91,5.19,21.48,-25.09,0.00,nan,0.00,1
d,2022-09-29 17:11:36.203478,0.12,-0.41,0.92,5.00,22.52,-24.60,0.00,nan,0.00,1
d,2022-09-29 17:11:36.211285,0.13,-0.44,0.92,5.19,23.86,-23.13,0.00,nan,0.00,1
d,2022-09-29 17:11:36.220651,0.14,-0.46,0.91,2.32,26.06,-20.75,24.16,37.73,-24.63,1
d,2022-09-29 17:11:36.229065,0.16,-0.47,0.87,-1.10,27.65,-18.92,24.16,37.73,-24.63,1
d,2022-09-29 17:11:36.237391,0.19,-0.49,0.86,-2.56,27.04,-16.97,24.16,37.73,-24.63,1
d,2022-09-29 17:11:36.245805,0.21,-0.52,0.84,-6.23,25.63,-16.11,24.16,37.73,-24.63,1
d,2022-09-29 17:11:36.254374,0.21,-0.53,0.83,-6.96,23.38,-15.32,24.16,37.73,-24.63,1
d,2022-09-29 17:11:36.262828,0.20,-0.50,0.84,-5.80,20.69,-14.28,24.16,37.73,-24.63,1
d,2022-09-29 17:11:36.272290,0.18,-0.49,0.82,-6.96,19.04,-14.65,25.59,37.45,-25.21,1
d,2022-09-29 17:11:36.280724,0.19,-0.50,0.82,-9.70,15.99,-15.08,25.59,37.45,-25.21,1
d,2022-09-29 17:11:36.288147,0.22,-0.50,0.81,-9.70,15.99,-15.08,25.59,37.45,-25.21,1
d,2022-09-29 17:11:36.296701,0.22,-0.50,0.78,-8.48,13.79,-12.15,25.59,37.45,-25.21,1
d,2022-09-29 17:11:36.305069,0.24,-0.49,0.78,-10.50,10.44,-7.63,25.59,37.45,-25.21,1
d,2022-09-29 17:11:36.312593,0.24,-0.48,0.77,-10.50,10.44,-7.63,25.59,37.45,-25.21,1
d,2022-09-29 17:11:36.321833,0.21,-0.44,0.78,-18.92,3.42,-7.45,27.17,36.28,-24.26,1
d,2022-09-29 17:11:36.330353,0.16,-0.41,0.81,-27.83,-0.73,-11.23,27.17,36.28,-24.26,1
d,2022-09-29 17:11:36.337837,0.14,-0.40,0.81,-27.83,-0.73,-11.23,27.17,36.28,-24.26,1
d,2022-09-29 17:11:36.346287,0.16,-0.38,0.81,-26.43,-1.83,-11.90,27.17,36.28,-24.26,1
d,2022-09-29 17:11:36.353727,0.09,-0.40,0.81,-26.43,-1.83,-11.90,27.17,36.28,-24.26,1
