A,2022-10-18 15:08:33.432984,-0.12,0.02,-1.17,7.75,-15.81,-4.46,-7.64,-24.82,-115.92,1
A,2022-10-18 15:08:33.451024,-0.11,0.05,-1.19,11.17,-20.32,-1.83,-7.64,-24.82,-115.92,1
A,2022-10-18 15:08:33.468804,-0.10,0.10,-1.18,4.58,-27.89,4.46,-7.64,-24.82,-115.92,1
A,2022-10-18 15:08:33.487845,-0.10,0.11,-1.13,4.88,-30.88,1.59,-12.29,-24.77,-117.21,1
A,2022-10-18 15:08:33.505977,-0.11,0.10,-1.08,9.03,-28.50,-2.32,-12.29,-24.77,-117.21,1
A,2022-10-18 15:08:33.524224,-0.09,0.11,-1.05,14.65,-26.25,-1.10,-12.29,-24.77,-117.21,1
A,2022-10-18 15:08:33.542842,-0.10,0.12,-0.99,9.03,-26.98,2.01,-21.00,-24.87,-118.97,1
A,2022-10-18 15:08:33.561035,-0.11,0.14,-0.95,-0.06,-25.76,6.71,-21.00,-24.87,-118.97,1
A,2022-10-18 15:08:33.580033,-0.11,0.17,-0.89,-11.35,-18.43,4.88,-28.92,-24.89,-117.31,1
A,2022-10-18 15:08:33.598007,-0.12,0.11,-0.86,-13.55,-11.11,0.00,-28.92,-24.89,-117.31,1
A,2022-10-18 15:08:33.615944,-0.12,0.06,-0.83,-5.31,-5.31,-3.11,-28.92,-24.89,-117.31,1
A,2022-10-18 15:08:33.635054,-0.13,0.07,-0.77,-2.26,-2.20,-1.34,-34.20,-25.24,-116.05,1
A,2022-10-18 15:08:33.652819,-0.12,0.13,-0.75,-12.15,2.08,4.03,-34.20,-25.24,-116.05,1
A,2022-10-18 15:08:33.670813,-0.16,0.05,-0.73,-11.29,1.53,3.36,-34.20,-25.24,-116.05,1
A,2022-10-18 15:08:33.689966,-0.16,-0.01,-0.74,-20.32,11.35,10.93,-33.79,-25.98,-116.59,1
A,2022-10-18 15:08:33.707962,-0.13,0.00,-0.78,-19.47,21.42,14.65,-33.79,-25.98,-116.59,1
A,2022-10-18 15:08:33.725935,-0.13,0.06,-0.79,-4.64,24.96,12.21,-33.79,-25.98,-116.59,1
A,2022-10-18 15:08:33.744916,-0.14,0.08,-0.83,2.44,30.33,8.48,-28.10,-25.84,-117.16,1
A,2022-10-18 15:08:33.762742,-0.12,0.06,-0.96,3.11,32.84,6.96,-28.10,-25.84,-117.16,1
A,2022-10-18 15:08:33.781721,-0.12,0.07,-1.04,2.44,30.94,7.26,-19.17,-26.38,-118.48,1
A,2022-10-18 15:08:33.800063,-0.13,0.15,-1.10,-4.46,28.14,10.31,-19.17,-26.38,-118.48,1
A,2022-10-18 15:08:33.817754,-0.11,0.18,-1.17,4.76,24.29,1.53,-19.17,-26.38,-118.48,1
A,2022-10-18 15:08:33.836977,-0.12,0.12,-1.26,16.11,18.07,-8.12,-12.12,-27.43,-117.77,1
A,2022-10-18 15:08:33.855010,-0.14,0.14,-1.31,16.24,12.94,-9.89,-12.12,-27.43,-117.77,1
A,2022-10-18 15:08:33.872948,-0.14,0.17,-1.30,1.95,10.50,-4.15,-12.12,-27.43,-117.77,1
A,2022-10-18 15:08:33.892106,-0.17,0.17,-1.24,-8.48,7.57,-2.69,-9.51,-27.54,-116.21,1
A,2022-10-18 15:08:33.909941,-0.24,0.21,-1.41,-7.08,1.77,0.85,-9.51,-27.54,-116.21,1
A,2022-10-18 15:08:33.929008,-0.34,0.29,-1.28,6.71,-28.08,-5.98,-12.40,-27.59,-115.56,1
A,2022-10-18 15:08:33.946860,-0.12,0.26,-1.09,31.25,-39.06,-17.40,-12.40,-27.59,-115.56,1
A,2022-10-18 15:08:33.964888,-0.06,0.28,-0.99,4.33,-38.09,-16.36,-12.40,-27.59,-115.56,1
A,2022-10-18 15:08:33.983962,0.02,0.21,-0.93,-28.87,-26.00,-20.14,-16.83,-25.71,-114.77,1
A,2022-10-18 15:08:34.002158,0.03,0.16,-0.86,-37.90,-12.51,-22.58,-16.83,-25.71,-114.77,1
A,2022-10-18 15:08:34.020972,0.01,0.08,-0.86,-27.89,-1.59,-31.37,-16.83,-25.71,-114.77,1
A,2022-10-18 15:08:34.040205,-0.04,-0.09,-0.82,-11.60,3.48,-40.65,-20.03,-26.73,-114.73,1
A,2022-10-18 15:08:34.059195,-0.06,-0.12,-0.91,-27.59,8.48,-16.66,-20.03,-26.73,-114.73,1
A,2022-10-18 15:08:34.079173,-0.06,-0.11,-0.90,-36.50,7.20,-4.76,-20.07,-28.08,-117.50,1
A,2022-10-18 15:08:34.098049,-0.08,-0.13,-0.88,-38.64,12.63,1.71,-20.07,-28.08,-117.50,1
A,2022-10-18 15:08:34.117033,-0.13,-0.30,-1.13,13.37,-14.53,0.31,-20.07,-28.08,-117.50,1
A,2022-10-18 15:08:34.135984,-0.05,-0.18,-1.03,4.52,-9.64,-25.21,-19.03,-28.86,-117.70,1
A,2022-10-18 15:08:34.153942,-0.22,-0.19,-1.02,27.10,-28.56,11.11,-19.03,-28.86,-117.70,1
A,2022-10-18 15:08:34.171987,-0.11,-0.22,-0.99,5.92,-10.50,42.79,-19.03,-28.86,-117.70,1
A,2022-10-18 15:08:34.190828,-0.11,0.03,-0.99,29.66,-4.52,37.05,-20.74,-27.97,-117.64,1
A,2022-10-18 15:08:34.208783,-0.10,0.15,-1.01,45.53,0.00,21.73,-20.74,-27.97,-117.64,1
A,2022-10-18 15:08:34.226745,-0.12,0.25,-1.06,48.95,1.53,3.48,-20.74,-27.97,-117.64,1
A,2022-10-18 15:08:34.245996,-0.13,0.22,-1.02,38.88,3.91,-13.24,-21.68,-26.84,-117.46,1
A,2022-10-18 15:08:34.264009,-0.18,0.17,-1.05,8.85,-0.92,-12.02,-21.68,-26.84,-117.46,1
A,2022-10-18 15:08:34.282984,-0.25,0.12,-1.01,7.81,-13.73,-12.88,-22.64,-26.54,-117.18,1
A,2022-10-18 15:08:34.301062,-0.18,0.00,-0.97,45.96,-16.78,-17.82,-22.64,-26.54,-117.18,1
A,2022-10-18 15:08:34.319193,-0.05,-0.12,-0.98,59.39,-11.11,-9.09,-22.64,-26.54,-117.18,1
A,2022-10-18 15:08:34.338912,0.01,-0.17,-0.88,59.51,-1.77,14.10,-23.05,-25.88,-113.45,1
A,2022-10-18 15:08:34.356779,0.00,0.08,-0.86,64.51,2.69,25.02,-23.05,-25.88,-113.45,1
A,2022-10-18 15:08:34.374734,-0.09,0.34,-0.97,47.49,7.63,30.21,-23.05,-25.88,-113.45,1
A,2022-10-18 15:08:34.393730,-0.04,0.38,-0.95,28.50,6.23,23.50,-23.25,-23.47,-111.74,1
A,2022-10-18 15:08:34.411747,-0.02,0.36,-0.92,19.53,5.74,12.82,-23.25,-23.47,-111.74,1
