f,2022-10-30 19:29:14.918795,-0.20,-0.22,0.97,-3.91,6.53,-10.68,-80.63,58.22,-81.19,1
f,2022-10-30 19:29:14.936768,-0.18,-0.15,0.98,-6.41,6.29,-8.18,-80.63,58.22,-81.19,1
f,2022-10-30 19:29:14.954681,-0.15,-0.12,0.93,-9.77,5.80,-10.86,-80.63,58.22,-81.19,1
f,2022-10-30 19:29:14.973931,-0.17,-0.11,0.94,-4.70,1.89,-9.77,-88.95,55.26,-84.05,1
f,2022-10-30 19:29:14.991738,-0.17,-0.13,0.93,0.12,0.73,-7.26,-88.95,55.26,-84.05,1
f,2022-10-30 19:29:15.009646,-0.19,-0.16,0.94,0.18,0.49,-6.90,-88.95,55.26,-84.05,1
f,2022-10-30 19:29:15.028698,-0.23,-0.19,0.97,-3.91,1.16,-6.04,-96.24,55.63,-84.62,1
f,2022-10-30 19:29:15.046772,-0.23,-0.19,0.97,-9.28,6.59,-5.00,-96.24,55.63,-84.62,1
f,2022-10-30 19:29:15.065662,-0.24,-0.16,0.93,-11.84,8.97,15.50,-99.11,58.78,-86.93,1
f,2022-10-30 19:29:15.083668,-0.28,0.06,1.01,20.69,-9.77,0.98,-99.11,58.78,-86.93,1
f,2022-10-30 19:29:15.101706,-0.23,-0.04,0.81,26.73,-5.31,12.88,-99.11,58.78,-86.93,1
f,2022-10-30 19:29:15.120687,-0.25,-0.04,0.91,12.21,-2.50,0.67,-97.27,59.58,-85.99,1
f,2022-10-30 19:29:15.138553,-0.24,-0.14,0.91,6.71,7.75,5.31,-97.27,59.58,-85.99,1
f,2022-10-30 19:29:15.156594,-0.23,-0.20,0.95,-4.64,20.20,4.94,-97.27,59.58,-85.99,1
f,2022-10-30 19:29:15.175652,-0.16,-0.32,0.88,-6.71,19.10,15.63,-93.33,61.01,-86.80,1
f,2022-10-30 19:29:15.193685,-0.13,-0.33,0.81,-16.17,5.98,24.84,-93.33,61.01,-86.80,1
f,2022-10-30 19:29:15.211799,-0.15,-0.16,0.81,-36.93,-8.79,24.35,-93.33,61.01,-86.80,1
f,2022-10-30 19:29:15.230644,-0.20,0.05,0.85,-48.16,-14.77,14.10,-80.24,67.96,-85.41,1
f,2022-10-30 19:29:15.248590,-0.20,0.17,0.73,-37.05,-21.48,8.48,-80.24,67.96,-85.41,1
f,2022-10-30 19:29:15.267702,-0.18,0.14,0.66,-33.02,-29.42,7.26,-66.44,75.77,-84.75,1
f,2022-10-30 19:29:15.285845,-0.16,0.12,0.64,-32.65,-43.33,4.58,-66.44,75.77,-84.75,1
f,2022-10-30 19:29:15.303743,-0.21,0.10,0.71,-25.82,-58.65,2.38,-66.44,75.77,-84.75,1
f,2022-10-30 19:29:15.322683,-0.28,0.13,0.85,-16.42,-60.97,0.67,-55.66,83.39,-79.63,1
f,2022-10-30 19:29:15.340605,-0.31,0.17,0.89,2.75,-49.87,2.81,-55.66,83.39,-79.63,1
f,2022-10-30 19:29:15.358707,-0.33,0.05,0.93,19.29,-46.75,5.62,-55.66,83.39,-79.63,1
f,2022-10-30 19:29:15.377701,-0.42,-0.02,1.06,7.51,-44.56,0.24,-49.77,90.08,-71.50,1
f,2022-10-30 19:29:15.395768,-0.53,0.08,1.28,-14.47,-19.10,-4.94,-49.77,90.08,-71.50,1
f,2022-10-30 19:29:15.414626,-0.72,0.10,1.32,2.50,-0.92,-6.77,-47.20,92.15,-68.36,1
f,2022-10-30 19:29:15.432594,-0.62,-0.01,1.30,35.58,10.01,4.64,-47.20,92.15,-68.36,1
f,2022-10-30 19:29:15.450607,-0.43,-0.13,1.15,36.87,22.52,9.22,-47.20,92.15,-68.36,1
f,2022-10-30 19:29:15.469583,-0.40,-0.12,1.18,22.64,24.35,13.18,-47.58,82.98,-67.32,1
f,2022-10-30 19:29:15.487623,-0.26,-0.12,1.06,12.88,32.35,15.50,-47.58,82.98,-67.32,1
f,2022-10-30 19:29:15.505691,-0.18,-0.09,0.99,1.34,34.55,14.77,-47.58,82.98,-67.32,1
f,2022-10-30 19:29:15.524685,-0.13,-0.05,0.94,-8.06,31.43,14.28,-43.29,74.04,-71.17,1
f,2022-10-30 19:29:15.542664,-0.14,-0.01,0.90,-12.27,24.96,15.75,-43.29,74.04,-71.17,1
f,2022-10-30 19:29:15.560688,-0.17,0.06,0.85,-19.59,19.10,13.67,-43.29,74.04,-71.17,1
f,2022-10-30 19:29:15.579585,-0.18,0.04,0.84,-21.06,14.10,14.28,-35.84,71.89,-76.20,1
f,2022-10-30 19:29:15.597602,-0.18,0.12,0.78,-25.27,7.51,13.24,-35.84,71.89,-76.20,1
f,2022-10-30 19:29:15.616560,-0.23,0.22,0.80,-42.18,3.05,-2.75,-30.57,76.22,-79.90,1
f,2022-10-30 19:29:15.634823,-0.25,0.47,0.83,-51.94,2.08,-30.09,-30.57,76.22,-79.90,1
f,2022-10-30 19:29:15.652864,-0.45,0.42,1.17,-10.68,-17.09,-16.72,-30.57,76.22,-79.90,1
f,2022-10-30 19:29:15.671608,-0.40,0.14,0.70,56.95,-22.64,8.12,-41.67,83.59,-80.93,1
f,2022-10-30 19:29:15.689580,-0.28,0.07,0.86,34.24,-1.71,-28.99,-41.67,83.59,-80.93,1
f,2022-10-30 19:29:15.707744,-0.25,-0.19,0.78,34.85,-1.65,-29.72,-41.67,83.59,-80.93,1
f,2022-10-30 19:29:15.726785,-0.25,-0.09,0.84,-14.89,-0.85,-41.38,-66.25,83.04,-76.75,1
f,2022-10-30 19:29:15.744856,-0.27,0.02,0.87,-20.81,-0.73,-43.40,-66.25,83.04,-76.75,1
f,2022-10-30 19:29:15.763534,-0.29,0.11,0.94,-17.52,0.00,-44.13,-85.28,79.70,-77.48,1
f,2022-10-30 19:29:15.781756,-0.28,0.12,0.96,-2.26,1.95,-38.64,-85.28,79.70,-77.48,1
f,2022-10-30 19:29:15.799671,-0.37,-0.00,1.10,31.74,1.34,-15.69,-85.28,79.70,-77.48,1
f,2022-10-30 19:29:15.818554,-0.45,-0.24,1.11,48.10,4.15,6.47,-100.12,71.13,-75.21,1
f,2022-10-30 19:29:15.836530,-0.37,-0.29,1.04,34.61,12.88,14.22,-100.12,71.13,-75.21,1
f,2022-10-30 19:29:15.854555,-0.32,-0.19,1.00,14.65,14.71,18.80,-100.12,71.13,-75.21,1
f,2022-10-30 19:29:15.873559,-0.31,-0.02,1.00,5.98,12.94,20.63,-97.97,62.57,-77.95,1
f,2022-10-30 19:29:15.891542,-0.22,0.20,0.95,4.09,15.38,13.49,-97.97,62.57,-77.95,1
f,2022-10-30 19:29:15.909596,-0.18,0.28,0.90,14.16,14.65,7.51,-97.97,62.57,-77.95,1
f,2022-10-30 19:29:15.928582,-0.18,0.26,0.88,21.55,13.85,-3.72,-94.54,53.78,-80.73,1
