B,2022-10-18 16:41:28.050091,0.38,0.54,0.79,9.46,13.61,-11.78,-0.77,20.09,-15.20,1
B,2022-10-18 16:41:28.068518,0.25,0.42,0.80,6.84,15.38,2.32,-0.77,20.09,-15.20,1
B,2022-10-18 16:41:28.086620,0.20,0.42,0.74,-4.64,10.93,13.79,-0.77,20.09,-15.20,1
B,2022-10-18 16:41:28.105533,0.06,0.43,0.73,-13.43,6.59,11.96,-0.13,20.74,-14.15,1
B,2022-10-18 16:41:28.123406,0.05,0.53,0.68,-20.08,1.04,3.97,-0.13,20.74,-14.15,1
B,2022-10-18 16:41:28.141621,0.10,0.59,0.64,-13.31,-3.36,6.90,-0.13,20.74,-14.15,1
B,2022-10-18 16:41:28.160538,0.19,0.48,0.61,7.75,-8.61,13.79,-0.24,20.37,-13.84,1
B,2022-10-18 16:41:28.178808,0.14,0.71,0.45,58.65,13.85,-7.14,-0.24,20.37,-13.84,1
B,2022-10-18 16:41:28.196449,0.03,0.37,0.88,72.75,28.32,0.00,-0.24,20.37,-13.84,1
B,2022-10-18 16:41:28.215330,0.06,0.27,0.86,23.13,1.95,7.14,1.29,20.72,-15.53,1
B,2022-10-18 16:41:28.233671,0.05,0.41,0.74,-62.32,-30.58,15.20,1.29,20.72,-15.53,1
B,2022-10-18 16:41:28.252922,0.07,0.52,0.76,-80.20,-45.78,27.59,-0.27,20.07,-13.70,1
B,2022-10-18 16:41:28.270863,0.06,0.63,0.76,-75.56,-50.78,32.29,-0.27,20.07,-13.70,1
B,2022-10-18 16:41:28.288535,0.15,0.68,0.75,-59.63,-55.18,40.65,-0.27,20.07,-13.70,1
B,2022-10-18 16:41:28.308109,0.20,0.77,0.68,-50.78,-50.78,41.93,-1.32,20.14,-13.26,1
B,2022-10-18 16:41:28.327085,0.19,0.75,0.71,-16.85,-25.76,31.49,-1.32,20.14,-13.26,1
B,2022-10-18 16:41:28.345632,0.18,0.76,0.76,-5.19,-7.81,13.85,-1.32,20.14,-13.26,1
B,2022-10-18 16:41:28.364535,0.07,0.79,0.82,2.50,10.74,-5.00,-1.43,20.15,-14.07,1
B,2022-10-18 16:41:28.383098,0.07,0.77,0.74,28.93,28.14,-33.81,-1.43,20.15,-14.07,1
B,2022-10-18 16:41:28.402363,0.22,0.79,0.72,64.27,68.42,-52.43,-1.09,19.57,-14.25,1
B,2022-10-18 16:41:28.420538,0.32,0.51,1.02,66.35,75.13,-42.05,-1.09,19.57,-14.25,1
B,2022-10-18 16:41:28.438651,0.36,0.45,0.99,25.27,51.82,-27.89,-1.09,19.57,-14.25,1
B,2022-10-18 16:41:28.457743,0.37,0.56,0.82,-11.23,24.29,-14.53,-0.42,19.92,-14.89,1
B,2022-10-18 16:41:28.475509,0.30,0.62,0.70,-22.22,13.06,0.73,-0.42,19.92,-14.89,1
B,2022-10-18 16:41:28.493616,0.21,0.53,0.67,-12.88,11.29,6.04,-0.42,19.92,-14.89,1
B,2022-10-18 16:41:28.512400,0.20,0.73,0.50,21.79,24.72,-4.70,1.28,19.64,-14.05,1
B,2022-10-18 16:41:28.530399,0.15,0.57,0.76,41.20,29.72,-15.63,1.28,19.64,-14.05,1
B,2022-10-18 16:41:28.548745,0.13,0.68,0.59,38.88,23.80,-19.59,1.28,19.64,-14.05,1
B,2022-10-18 16:41:28.567385,0.19,0.62,0.62,55.66,22.52,-17.58,1.70,19.85,-15.39,1
B,2022-10-18 16:41:28.585424,0.18,0.48,0.66,50.96,8.79,-34.18,1.70,19.85,-15.39,1
B,2022-10-18 16:41:28.604540,0.10,0.47,0.65,33.87,-2.75,-45.29,2.39,20.63,-14.03,1
B,2022-10-18 16:41:28.622758,0.09,0.43,0.70,8.00,-11.41,-40.71,2.39,20.63,-14.03,1
B,2022-10-18 16:41:28.640766,0.09,0.38,0.77,-4.09,-16.72,-27.04,2.39,20.63,-14.03,1
B,2022-10-18 16:41:28.659613,0.08,0.35,0.83,-28.08,-28.50,-9.77,2.43,20.43,-15.06,1
B,2022-10-18 16:41:28.677625,0.12,0.39,0.88,-68.12,-49.68,18.86,2.43,20.43,-15.06,1
B,2022-10-18 16:41:28.695998,0.20,0.54,0.88,-60.67,-50.84,42.48,2.43,20.43,-15.06,1
B,2022-10-18 16:41:28.715540,0.28,0.57,0.85,-14.28,-35.10,63.29,1.27,19.45,-14.50,1
B,2022-10-18 16:41:28.733740,0.30,0.44,0.89,26.12,-10.50,70.86,1.27,19.45,-14.50,1
B,2022-10-18 16:41:28.751388,0.32,0.36,0.91,21.97,7.14,69.09,1.27,19.45,-14.50,1
B,2022-10-18 16:41:28.770748,0.28,0.41,0.91,-20.45,21.24,42.72,0.52,20.59,-13.28,1
B,2022-10-18 16:41:28.788388,0.19,0.69,0.82,-41.63,22.77,25.88,0.52,20.59,-13.28,1
B,2022-10-18 16:41:28.807404,0.17,0.81,0.72,-30.09,21.79,15.26,0.31,20.56,-14.67,1
B,2022-10-18 16:41:28.825434,0.09,0.80,0.67,-9.28,14.34,6.04,0.31,20.56,-14.67,1
B,2022-10-18 16:41:28.843615,0.12,0.96,0.51,-12.88,-1.95,5.07,0.31,20.56,-14.67,1
B,2022-10-18 16:41:28.862610,0.10,0.89,0.43,69.82,13.18,27.53,0.39,21.24,-13.45,1
B,2022-10-18 16:41:28.880376,0.03,0.32,0.77,107.97,17.88,16.17,0.39,21.24,-13.45,1
B,2022-10-18 16:41:28.898428,0.02,0.31,0.74,44.92,-18.86,-30.15,0.39,21.24,-13.45,1
B,2022-10-18 16:41:28.917784,0.08,0.54,0.61,-22.46,-44.74,-50.78,0.24,21.24,-13.98,1
B,2022-10-18 16:41:28.935910,0.08,0.60,0.63,-30.82,-42.79,-33.63,0.24,21.24,-13.98,1
B,2022-10-18 16:41:28.953602,0.07,0.50,0.80,-16.48,-38.45,-2.38,0.24,21.24,-13.98,1
B,2022-10-18 16:41:28.972543,0.09,0.42,0.90,-20.69,-40.89,10.74,0.40,20.41,-14.48,1
B,2022-10-18 16:41:28.990611,0.13,0.38,0.91,-17.21,-33.02,24.11,0.40,20.41,-14.48,1
B,2022-10-18 16:41:29.009544,0.15,0.38,0.89,-20.69,-21.06,34.85,-0.33,21.37,-13.40,1
B,2022-10-18 16:41:29.028156,0.15,0.39,0.91,-14.95,-5.07,42.05,-0.33,21.37,-13.40,1
B,2022-10-18 16:41:29.046360,0.16,0.46,0.88,-7.69,22.71,51.27,-0.33,21.37,-13.40,1
B,2022-10-18 16:41:29.065882,0.18,0.50,0.91,-5.25,38.82,45.72,-1.26,20.83,-13.50,1
B,2022-10-18 16:41:29.083542,0.15,0.61,0.87,-10.99,45.04,26.43,-1.26,20.83,-13.50,1
B,2022-10-18 16:41:29.101542,0.16,0.74,0.81,-19.65,44.74,10.68,-1.26,20.83,-13.50,1
B,2022-10-18 16:41:29.120360,0.14,0.82,0.76,-19.10,47.55,4.33,-1.42,20.83,-14.22,1
B,2022-10-18 16:41:29.139028,-0.01,0.75,0.71,-6.59,39.79,3.48,-1.42,20.83,-14.22,1
B,2022-10-18 16:41:29.158499,-0.01,0.86,0.65,-36.50,14.47,3.30,-0.83,20.18,-13.77,1
B,2022-10-18 16:41:29.176848,0.03,0.98,0.50,-42.36,-0.79,8.79,-0.83,20.18,-13.77,1
B,2022-10-18 16:41:29.194751,-0.21,0.84,0.55,-8.54,3.60,4.64,-0.83,20.18,-13.77,1
B,2022-10-18 16:41:29.213899,-0.13,0.88,0.52,13.73,7.93,-5.80,-0.98,20.58,-14.26,1
B,2022-10-18 16:41:29.232066,0.10,0.66,0.66,29.54,6.90,-10.74,-0.98,20.58,-14.26,1
B,2022-10-18 16:41:29.250647,0.14,0.63,0.67,18.68,-1.53,-16.17,-0.98,20.58,-14.26,1
B,2022-10-18 16:41:29.269454,0.11,0.62,0.71,18.49,-3.78,-23.99,-0.70,21.02,-15.09,1
B,2022-10-18 16:41:29.287438,0.21,0.65,0.71,14.59,-1.04,-27.34,-0.70,21.02,-15.09,1
B,2022-10-18 16:41:29.305610,0.19,0.61,0.79,27.10,3.11,-30.94,-0.70,21.02,-15.09,1
B,2022-10-18 16:41:29.324542,0.27,0.60,0.79,23.86,2.38,-36.99,-0.24,21.66,-13.64,1
B,2022-10-18 16:41:29.342368,0.34,0.61,0.78,9.03,1.04,-40.04,-0.24,21.66,-13.64,1
B,2022-10-18 16:41:29.361546,0.36,0.58,0.82,1.83,-2.01,-36.99,1.16,22.36,-14.53,1
B,2022-10-18 16:41:29.380164,0.38,0.58,0.80,-2.01,-8.12,-24.66,1.16,22.36,-14.53,1
