i,2022-11-09 18:41:02.102733,0.21,0.13,0.87,-10.44,24.96,3.60,-11.76,28.09,-86.96,1
i,2022-11-09 18:41:02.118745,0.19,0.14,0.91,-18.31,30.09,1.53,-9.97,25.57,-89.17,1
i,2022-11-09 18:41:02.134435,0.16,0.16,0.93,-28.50,29.17,8.97,-9.97,25.57,-89.17,1
i,2022-11-09 18:41:02.150394,0.15,0.16,0.99,-30.64,29.66,8.18,-9.97,25.57,-89.17,1
i,2022-11-09 18:41:02.166063,0.07,0.27,1.02,-3.42,31.07,16.97,-8.40,22.74,-91.00,1
i,2022-11-09 18:41:02.196924,0.17,0.16,0.95,20.26,33.08,33.69,-8.40,22.74,-91.00,1
i,2022-11-09 18:41:02.212545,0.21,-0.04,0.98,22.89,29.42,35.10,-4.79,22.85,-92.68,1
i,2022-11-09 18:41:02.228218,0.38,-0.03,0.91,-1.46,15.32,21.06,-4.79,22.85,-92.68,1
i,2022-11-09 18:41:02.243884,0.36,0.07,0.86,-34.24,-3.48,-7.39,-4.79,22.85,-92.68,1
i,2022-11-09 18:41:02.259447,0.47,0.15,0.76,-59.63,-30.94,-26.43,-4.70,20.28,-95.19,1
i,2022-11-09 18:41:02.290652,-3.14,0.46,0.23,-94.24,-49.13,-42.24,-4.70,20.28,-95.19,1
i,2022-11-09 18:41:02.306275,0.17,0.40,0.91,81.18,25.33,-25.15,-4.70,20.28,-95.19,1
i,2022-11-09 18:41:02.322304,0.12,-0.18,1.05,33.94,23.44,-9.89,-6.16,19.29,-96.47,1
i,2022-11-09 18:41:02.337901,-0.13,0.49,1.78,-68.79,-21.85,-34.91,-6.16,19.29,-96.47,1
i,2022-11-09 18:41:02.353550,0.14,0.75,1.32,59.39,-149.72,0.12,-11.41,21.00,-94.60,1
i,2022-11-09 18:41:02.384920,0.27,0.59,1.21,214.05,-224.30,33.26,-11.41,21.00,-94.60,1
i,2022-11-09 18:41:02.400545,0.30,0.28,0.78,299.07,-256.35,36.07,-11.41,21.00,-94.60,1
i,2022-11-09 18:41:02.416648,-0.01,-0.27,0.51,246.89,-197.02,-3.05,-24.95,43.36,-82.20,1
i,2022-11-09 18:41:02.432235,-0.23,-0.14,0.65,107.18,-114.56,-20.08,-24.95,43.36,-82.20,1
i,2022-11-09 18:41:02.448248,-0.29,0.25,0.89,-16.36,-30.88,-6.47,-24.95,43.36,-82.20,1
i,2022-11-09 18:41:02.463492,-0.39,0.34,0.65,-36.19,17.15,22.89,-28.72,45.28,-79.27,1
i,2022-11-09 18:41:02.494766,-0.30,0.13,0.93,-30.70,134.70,66.96,-28.72,45.28,-79.27,1
i,2022-11-09 18:41:02.510392,0.15,-0.10,1.09,-46.14,166.63,81.60,-28.72,45.28,-79.27,1
i,2022-11-09 18:41:02.526050,0.19,-0.20,1.17,-62.44,164.55,83.50,-19.26,42.32,-82.41,1
i,2022-11-09 18:41:02.542031,0.16,-0.24,1.25,-69.82,154.36,74.46,-19.26,42.32,-82.41,1
i,2022-11-09 18:41:02.557934,0.16,-0.13,1.11,-76.72,144.78,56.15,-5.52,35.62,-86.15,1
i,2022-11-09 18:41:02.589179,0.38,-0.37,0.98,-71.23,117.43,7.32,-5.52,35.62,-86.15,1
i,2022-11-09 18:41:02.604801,0.38,0.01,1.04,-127.32,84.41,-9.70,-5.52,35.62,-86.15,1
i,2022-11-09 18:41:02.620822,0.37,0.17,1.04,-111.57,44.25,-8.36,2.72,27.75,-88.83,1
i,2022-11-09 18:41:02.636390,0.39,0.17,0.93,-74.83,-10.99,-10.31,2.72,27.75,-88.83,1
i,2022-11-09 18:41:02.651963,0.20,0.01,0.78,-71.35,-31.01,-25.57,2.72,27.75,-88.83,1
i,2022-11-09 18:41:02.682908,0.14,0.05,0.79,-81.30,-54.69,-40.59,5.38,21.57,-90.72,1
i,2022-11-09 18:41:02.698530,-0.76,0.59,0.74,-94.97,-66.53,-45.04,5.38,21.57,-90.72,1
i,2022-11-09 18:41:02.714527,0.02,0.45,0.48,-3.05,-6.71,-4.15,3.28,18.70,-91.82,1
i,2022-11-09 18:41:02.730077,0.11,-0.24,1.11,-5.62,-40.41,-36.25,3.28,18.70,-91.82,1
i,2022-11-09 18:41:02.761014,0.19,0.36,1.04,-33.02,-76.17,-45.41,3.28,18.70,-91.82,1
i,2022-11-09 18:41:02.776636,0.14,0.55,0.84,10.74,-81.60,-10.13,-1.68,19.68,-91.74,1
i,2022-11-09 18:41:02.792281,0.14,0.57,0.70,61.71,-32.71,54.38,-1.68,19.68,-91.74,1
i,2022-11-09 18:41:02.808278,0.15,0.12,0.81,53.04,8.42,56.76,-1.68,19.68,-91.74,1
i,2022-11-09 18:41:02.823899,0.14,0.39,0.86,7.14,34.00,26.12,-2.56,23.94,-88.79,1
i,2022-11-09 18:41:02.839416,0.07,0.62,0.82,8.85,73.00,19.59,-2.56,23.94,-88.79,1
i,2022-11-09 18:41:02.870365,0.08,0.07,1.06,-8.67,83.44,-16.48,2.47,23.27,-91.14,1
i,2022-11-09 18:41:02.886426,0.06,-0.27,1.30,-25.39,29.66,-66.53,2.47,23.27,-91.14,1
i,2022-11-09 18:41:02.902454,0.05,0.54,1.03,-43.52,-26.49,-42.60,2.47,23.27,-91.14,1
i,2022-11-09 18:41:02.918083,-0.23,0.48,1.03,19.65,-53.10,6.41,1.61,20.97,-90.20,1
i,2022-11-09 18:41:02.933306,-0.19,0.39,0.73,112.61,-14.71,37.29,1.61,20.97,-90.20,1
i,2022-11-09 18:41:02.964536,0.12,0.34,0.79,117.19,6.84,47.30,1.61,20.97,-90.20,1
i,2022-11-09 18:41:02.980392,0.21,0.22,0.76,105.41,6.47,66.04,0.76,28.43,-84.20,1
i,2022-11-09 18:41:02.995811,0.31,-0.03,0.74,102.29,2.20,63.05,0.76,28.43,-84.20,1
i,2022-11-09 18:41:03.011496,0.26,-0.37,0.80,60.30,-18.31,9.70,-0.89,33.11,-80.99,1
i,2022-11-09 18:41:03.027034,0.02,-0.03,0.89,18.62,-17.82,-10.19,-0.89,33.11,-80.99,1
i,2022-11-09 18:41:03.058265,0.07,0.08,0.91,21.24,-12.33,-14.53,-0.89,33.11,-80.99,1
i,2022-11-09 18:41:03.074343,0.14,0.04,0.93,28.20,-6.41,-8.06,-5.38,34.27,-80.16,1
i,2022-11-09 18:41:03.090355,0.21,-0.03,0.94,27.89,-7.87,-2.81,-5.38,34.27,-80.16,1
i,2022-11-09 18:41:03.105997,0.16,-0.20,0.98,-5.55,-12.63,-8.06,-5.38,34.27,-80.16,1
i,2022-11-09 18:41:03.121546,0.09,-0.18,0.98,-44.19,-14.53,-14.89,-9.78,33.95,-79.98,1
i,2022-11-09 18:41:03.152510,-0.00,-0.10,1.02,-66.53,-10.80,-21.91,-9.78,33.95,-79.98,1
i,2022-11-09 18:41:03.168531,0.03,0.11,1.00,-63.66,5.43,-17.94,-13.46,29.43,-80.64,1
i,2022-11-09 18:41:03.184204,0.10,0.25,1.09,-45.84,17.03,-6.53,-13.46,29.43,-80.64,1
