E,2022-10-19 11:03:31.957548,0.30,-0.09,1.00,-27.40,5.74,17.70,46.74,10.29,-141.97,1
E,2022-10-19 11:03:31.967574,0.35,-0.04,0.91,-30.70,6.84,14.59,48.43,11.87,-140.55,1
E,2022-10-19 11:03:31.991641,0.39,-0.01,0.84,-30.15,2.32,13.55,48.43,11.87,-140.55,1
E,2022-10-19 11:03:32.008560,0.38,0.00,0.81,-31.49,-4.21,9.64,50.70,12.94,-140.97,1
E,2022-10-19 11:03:32.028139,0.33,0.04,0.85,-25.09,-10.74,12.27,50.70,12.94,-140.97,1
E,2022-10-19 11:03:32.048130,0.32,0.12,0.82,-16.60,-10.99,8.61,50.70,12.94,-140.97,1
E,2022-10-19 11:03:32.068121,0.32,0.03,0.80,-24.11,-12.08,-3.05,53.80,14.45,-141.32,1
E,2022-10-19 11:03:32.088126,0.30,0.04,0.74,-48.77,-19.47,-15.56,53.80,14.45,-141.32,1
E,2022-10-19 11:03:32.098110,0.27,0.14,0.73,-60.06,-31.07,-26.31,53.80,14.45,-141.32,1
E,2022-10-19 11:03:32.118104,0.11,0.09,1.22,-16.97,18.92,-18.80,55.91,16.59,-145.91,1
E,2022-10-19 11:03:32.138108,0.26,-0.03,0.85,36.13,31.25,10.44,55.91,16.59,-145.91,1
E,2022-10-19 11:03:32.158103,0.05,-0.03,0.59,8.36,-27.40,-27.83,57.09,15.27,-146.85,1
E,2022-10-19 11:03:32.178103,0.18,-0.09,0.73,-9.40,-19.17,-20.94,57.09,15.27,-146.85,1
E,2022-10-19 11:03:32.198078,0.18,-0.03,0.77,-24.60,-34.85,-27.34,57.09,15.27,-146.85,1
E,2022-10-19 11:03:32.218074,0.14,-0.07,0.67,-14.16,-48.28,-18.01,54.66,14.26,-154.15,1
E,2022-10-19 11:03:32.238078,0.22,-0.02,0.95,6.65,-42.30,2.14,54.66,14.26,-154.15,1
E,2022-10-19 11:03:32.248070,0.17,-0.02,0.78,19.96,-50.05,6.04,54.66,14.26,-154.15,1
E,2022-10-19 11:03:32.268055,0.28,0.11,1.06,32.35,-51.27,7.75,52.60,12.99,-162.00,1
E,2022-10-19 11:03:32.288059,0.30,0.12,1.36,3.72,-31.74,-7.87,52.60,12.99,-162.00,1
E,2022-10-19 11:03:32.308041,0.28,0.14,1.26,-1.83,-18.92,-13.73,49.56,11.33,-168.53,1
E,2022-10-19 11:03:32.328037,0.25,0.05,1.26,6.10,-15.26,-6.96,49.56,11.33,-168.53,1
E,2022-10-19 11:03:32.348060,0.26,-0.04,1.21,16.17,-7.14,6.35,49.56,11.33,-168.53,1
E,2022-10-19 11:03:32.368025,0.19,-0.06,1.03,13.92,-8.73,17.03,48.65,11.32,-170.83,1
E,2022-10-19 11:03:32.388013,0.17,-0.02,0.99,5.37,-19.71,9.70,48.65,11.32,-170.83,1
E,2022-10-19 11:03:32.408086,0.04,0.44,1.11,-0.31,-19.84,5.13,47.63,11.77,-170.43,1
E,2022-10-19 11:03:32.428004,0.06,0.56,1.06,-26.18,13.73,-52.00,47.63,11.77,-170.43,1
E,2022-10-19 11:03:32.448014,0.12,0.40,0.91,-5.55,17.76,-61.65,47.63,11.77,-170.43,1
E,2022-10-19 11:03:32.467996,0.13,0.19,0.93,48.16,8.00,-41.38,46.00,9.55,-169.21,1
E,2022-10-19 11:03:32.487983,0.15,-0.02,0.85,75.07,2.01,-28.32,46.00,9.55,-169.21,1
E,2022-10-19 11:03:32.508946,0.21,-0.31,0.87,76.35,-6.41,-17.46,46.00,9.55,-169.21,1
E,2022-10-19 11:03:32.528038,0.17,-0.42,0.92,43.82,-11.11,-11.47,43.27,6.16,-167.31,1
E,2022-10-19 11:03:32.548292,0.21,-0.48,0.93,14.83,-7.93,-21.48,43.27,6.16,-167.31,1
E,2022-10-19 11:03:32.568256,0.23,-0.62,0.94,3.72,-13.43,2.32,41.72,5.30,-167.14,1
E,2022-10-19 11:03:32.578254,0.15,-0.18,1.00,-17.15,-15.08,-13.79,41.72,5.30,-167.14,1
E,2022-10-19 11:03:32.598276,0.14,-0.15,0.98,-26.92,-18.13,-24.72,41.72,5.30,-167.14,1
E,2022-10-19 11:03:32.618248,0.11,-0.31,1.32,-25.27,-4.82,-17.09,40.15,6.13,-165.77,1
E,2022-10-19 11:03:32.639095,0.16,-0.24,1.14,34.73,10.93,43.46,40.15,6.13,-165.77,1
E,2022-10-19 11:03:32.658763,0.19,-0.29,0.99,30.09,36.56,49.32,43.85,7.35,-160.34,1
E,2022-10-19 11:03:32.679695,0.27,-0.27,0.95,6.16,40.41,47.00,43.85,7.35,-160.34,1
E,2022-10-19 11:03:32.698716,0.21,-0.15,0.92,-26.25,37.90,44.56,43.85,7.35,-160.34,1
E,2022-10-19 11:03:32.718710,0.25,-0.08,0.86,-28.38,35.58,45.47,47.83,9.28,-156.85,1
E,2022-10-19 11:03:32.739410,0.30,0.04,0.76,-31.13,27.16,44.37,47.83,9.28,-156.85,1
E,2022-10-19 11:03:32.748914,0.30,0.12,0.77,-28.81,6.04,32.59,47.83,9.28,-156.85,1
E,2022-10-19 11:03:32.768916,0.32,0.21,0.64,-26.00,-4.52,19.29,52.64,11.19,-154.50,1
E,2022-10-19 11:03:32.789572,-0.04,0.26,1.17,-25.02,-10.25,-29.42,52.64,11.19,-154.50,1
E,2022-10-19 11:03:32.809087,0.21,0.06,0.93,41.87,0.98,5.80,53.98,13.56,-156.46,1
E,2022-10-19 11:03:32.829105,0.22,0.17,1.02,22.64,3.66,12.15,53.98,13.56,-156.46,1
E,2022-10-19 11:03:32.849084,0.22,0.04,1.00,59.63,-0.37,31.68,53.98,13.56,-156.46,1
E,2022-10-19 11:03:32.870482,-0.37,0.45,1.13,42.05,-12.21,-25.51,54.31,12.44,-153.75,1
E,2022-10-19 11:03:32.889617,0.17,0.20,1.08,4.82,14.89,-88.68,54.31,12.44,-153.75,1
E,2022-10-19 11:03:32.909599,0.31,-0.11,0.94,0.73,26.61,-89.54,49.38,9.69,-154.05,1
E,2022-10-19 11:03:32.930037,0.26,-0.20,0.92,54.14,2.50,-23.80,49.38,9.69,-154.05,1
E,2022-10-19 11:03:32.950111,0.27,-0.39,0.93,68.97,-2.99,-19.23,49.38,9.69,-154.05,1
E,2022-10-19 11:03:32.970096,0.31,-0.74,0.85,48.83,-4.58,-19.65,46.79,6.56,-152.89,1
E,2022-10-19 11:03:32.980026,0.22,-0.57,0.90,5.31,-22.34,4.52,46.79,6.56,-152.89,1
E,2022-10-19 11:03:33.000025,0.22,-0.30,0.98,-43.27,-21.06,-26.37,46.79,6.56,-152.89,1
E,2022-10-19 11:03:33.022559,0.15,-0.52,1.03,-46.20,-4.27,-1.22,45.74,7.04,-151.93,1
E,2022-10-19 11:03:33.040717,0.20,-0.16,1.07,22.77,-0.49,70.86,45.74,7.04,-151.93,1
E,2022-10-19 11:03:33.060757,0.20,-0.15,1.07,2.32,17.82,49.99,47.40,9.01,-148.14,1
E,2022-10-19 11:03:33.080810,0.24,-0.10,1.06,-19.04,33.39,33.81,47.40,9.01,-148.14,1
E,2022-10-19 11:03:33.100707,0.33,-0.01,1.00,-35.16,43.95,21.06,47.40,9.01,-148.14,1
E,2022-10-19 11:03:33.120768,0.32,0.03,0.87,-34.30,43.82,20.14,48.94,11.58,-142.79,1
E,2022-10-19 11:03:33.140687,0.39,-0.02,0.68,-15.38,29.30,21.79,48.94,11.58,-142.79,1
E,2022-10-19 11:03:33.161307,0.40,-0.04,0.62,-18.74,-7.75,22.16,51.33,13.11,-139.23,1
E,2022-10-19 11:03:33.180964,0.32,0.01,0.60,-33.39,-24.78,17.09,51.33,13.11,-139.23,1
E,2022-10-19 11:03:33.200945,0.25,0.21,0.63,-48.95,-39.00,-2.87,51.33,13.11,-139.23,1
E,2022-10-19 11:03:33.220941,-0.11,0.16,1.30,-16.48,-12.76,-15.50,54.88,15.81,-140.42,1
E,2022-10-19 11:03:33.240945,0.02,0.04,0.68,55.11,7.32,23.32,54.88,15.81,-140.42,1
E,2022-10-19 11:03:33.260923,0.14,0.21,1.02,26.92,-4.46,-10.50,54.70,14.21,-139.90,1
E,2022-10-19 11:03:33.280946,0.12,0.53,1.15,7.39,-2.87,-57.31,54.70,14.21,-139.90,1
E,2022-10-19 11:03:33.300863,0.19,0.38,1.01,13.00,13.18,-82.52,54.70,14.21,-139.90,1
E,2022-10-19 11:03:33.320952,0.26,0.13,0.91,45.53,16.91,-72.02,48.19,10.23,-140.84,1
E,2022-10-19 11:03:33.340903,0.31,-0.37,0.79,99.67,10.99,-29.36,48.19,10.23,-140.84,1
E,2022-10-19 11:03:33.360850,0.32,-0.74,0.79,99.00,3.60,-15.01,45.39,1.95,-138.71,1
E,2022-10-19 11:03:33.380841,0.39,-1.04,0.71,36.32,-4.82,9.03,45.39,1.95,-138.71,1
E,2022-10-19 11:03:33.400829,0.26,-0.57,0.86,-13.18,-4.21,22.46,45.39,1.95,-138.71,1
E,2022-10-19 11:03:33.421002,0.27,-0.36,0.96,-62.44,-2.50,-13.00,45.09,-0.16,-139.31,1
E,2022-10-19 11:03:33.441010,0.26,-0.03,0.98,-81.91,-9.83,-27.16,45.09,-0.16,-139.31,1
E,2022-10-19 11:03:33.461003,0.22,0.08,1.00,-61.89,-14.10,-7.26,43.80,1.01,-140.93,1
E,2022-10-19 11:03:33.481053,-0.04,0.06,1.10,-15.50,5.55,44.74,43.80,1.01,-140.93,1
E,2022-10-19 11:03:33.501034,0.02,0.34,1.09,56.46,24.29,35.64,43.80,1.01,-140.93,1
E,2022-10-19 11:03:33.521084,0.06,-0.05,1.05,43.82,38.27,-0.06,43.46,0.85,-138.84,1
E,2022-10-19 11:03:33.541282,0.12,-0.07,1.01,36.44,45.04,-10.56,43.46,0.85,-138.84,1
E,2022-10-19 11:03:33.551344,0.24,-0.05,0.90,48.83,41.50,-11.90,41.56,-1.03,-136.45,1
E,2022-10-19 11:03:33.571360,0.32,-0.06,0.84,50.84,37.84,-13.85,41.56,-1.03,-136.45,1
E,2022-10-19 11:03:33.591320,0.40,-0.13,0.75,54.93,29.17,-19.41,41.56,-1.03,-136.45,1
E,2022-10-19 11:03:33.611265,0.50,-0.25,0.66,42.30,22.09,-24.11,40.05,-2.64,-135.44,1
E,2022-10-19 11:03:33.631261,0.51,-0.36,0.62,29.54,11.17,-26.49,40.05,-2.64,-135.44,1
