b,2022-10-30 15:00:25.545056,0.29,-0.35,0.92,-19.53,-0.92,-2.14,-6.43,40.11,-23.14,1
b,2022-10-30 15:00:25.560767,0.26,-0.36,0.94,-20.32,1.95,-0.31,-6.43,40.11,-23.14,1
b,2022-10-30 15:00:25.592008,0.24,-0.35,0.90,-13.79,5.00,5.07,-8.11,39.81,-23.07,1
b,2022-10-30 15:00:25.607558,0.25,-0.36,0.90,-6.23,7.69,28.75,-8.11,39.81,-23.07,1
b,2022-10-30 15:00:25.623266,0.25,-0.34,0.87,-0.37,8.24,20.51,-8.11,39.81,-23.07,1
b,2022-10-30 15:00:25.639459,0.25,-0.37,0.86,2.50,9.34,19.47,-8.58,40.05,-23.66,1
b,2022-10-30 15:00:25.655174,0.28,-0.48,0.84,1.46,10.38,13.24,-8.58,40.05,-23.66,1
b,2022-10-30 15:00:25.686343,0.22,-0.44,0.87,-20.57,10.19,4.33,-8.76,40.23,-23.06,1
b,2022-10-30 15:00:25.701964,0.21,-0.22,0.85,-33.81,8.97,5.43,-8.76,40.23,-23.06,1
b,2022-10-30 15:00:25.717663,0.20,-0.18,0.82,-24.96,6.29,10.38,-8.76,40.23,-23.06,1
b,2022-10-30 15:00:25.736218,0.21,-0.23,0.76,-15.93,0.49,13.18,-9.73,40.22,-24.77,1
b,2022-10-30 15:00:25.749223,0.09,-0.13,0.96,62.01,4.52,10.31,-9.73,40.22,-24.77,1
b,2022-10-30 15:00:25.764938,0.14,0.08,0.53,58.96,13.24,31.19,-9.73,40.22,-24.77,1
b,2022-10-30 15:00:25.796104,-0.20,-0.71,1.04,13.98,27.89,38.51,-9.83,40.78,-22.94,1
b,2022-10-30 15:00:25.811809,0.08,-0.78,0.88,-23.32,-33.57,-25.51,-9.83,40.78,-22.94,1
b,2022-10-30 15:00:25.836351,0.13,-0.16,0.72,-70.37,-52.98,-60.12,-9.96,40.87,-24.08,1
b,2022-10-30 15:00:25.843433,0.13,-0.05,0.79,-59.14,-58.84,-39.61,-9.96,40.87,-24.08,1
b,2022-10-30 15:00:25.874694,0.12,-0.04,0.86,-31.37,-60.24,-27.83,-9.96,40.87,-24.08,1
b,2022-10-30 15:00:25.890316,0.17,0.04,0.90,-2.87,-57.86,-16.24,-10.00,39.45,-24.54,1
b,2022-10-30 15:00:25.906018,0.18,-0.05,0.93,40.71,-39.00,2.01,-10.00,39.45,-24.54,1
b,2022-10-30 15:00:25.921662,0.19,-0.30,1.08,40.34,-20.39,5.80,-10.00,39.45,-24.54,1
b,2022-10-30 15:00:25.937675,0.22,-0.26,1.15,16.48,-5.07,5.62,-9.61,39.55,-23.01,1
b,2022-10-30 15:00:25.968927,0.21,-0.25,1.17,11.66,6.77,13.37,-9.61,39.55,-23.01,1
b,2022-10-30 15:00:25.984550,0.20,-0.42,1.17,20.57,15.99,19.59,-9.22,40.41,-23.43,1
b,2022-10-30 15:00:26.000172,0.18,-0.57,1.17,18.31,-0.12,-3.85,-9.22,40.41,-23.43,1
b,2022-10-30 15:00:26.015795,0.18,-0.09,0.96,-13.12,7.02,-7.81,-9.22,40.41,-23.43,1
b,2022-10-30 15:00:26.036268,0.20,-0.06,0.99,4.46,25.45,11.90,-9.25,40.47,-22.81,1
b,2022-10-30 15:00:26.064052,0.17,-0.24,1.06,26.12,38.21,26.31,-9.25,40.47,-22.81,1
b,2022-10-30 15:00:26.080162,0.15,-0.24,0.99,18.86,40.77,18.62,-9.25,40.47,-22.81,1
b,2022-10-30 15:00:26.095885,0.13,-0.22,1.00,17.03,41.08,9.64,-9.44,41.13,-22.88,1
b,2022-10-30 15:00:26.111508,0.12,-0.22,0.97,24.72,34.61,-1.10,-9.44,41.13,-22.88,1
b,2022-10-30 15:00:26.136600,0.13,-0.21,0.88,18.86,32.41,-16.60,-9.14,40.36,-22.67,1
b,2022-10-30 15:00:26.158861,0.09,-0.16,0.84,2.69,26.92,-20.63,-9.14,40.36,-22.67,1
b,2022-10-30 15:00:26.174536,0.09,-0.10,0.80,9.52,16.85,-16.11,-9.14,40.36,-22.67,1
b,2022-10-30 15:00:26.190069,0.08,-0.19,0.76,31.56,11.23,-13.92,-10.23,40.05,-22.11,1
b,2022-10-30 15:00:26.205697,0.04,-0.33,0.77,30.15,5.80,-34.18,-10.23,40.05,-22.11,1
b,2022-10-30 15:00:26.221320,0.07,-0.34,0.80,15.81,-6.90,-48.28,-10.23,40.05,-22.11,1
b,2022-10-30 15:00:26.252460,0.11,-0.38,0.82,8.24,-21.73,-52.37,-10.88,39.59,-22.22,1
b,2022-10-30 15:00:26.268591,0.13,-0.38,0.79,6.16,-32.71,-43.95,-10.88,39.59,-22.22,1
b,2022-10-30 15:00:26.284111,0.14,-0.50,0.80,5.68,-36.74,-26.12,-12.13,39.12,-22.20,1
b,2022-10-30 15:00:26.299828,0.15,-0.58,0.84,-7.39,-35.64,-6.16,-12.13,39.12,-22.20,1
b,2022-10-30 15:00:26.315482,0.16,-0.60,0.91,-17.33,-29.30,4.09,-12.13,39.12,-22.20,1
b,2022-10-30 15:00:26.347085,0.17,-0.57,0.97,-27.77,-23.93,14.47,-11.57,39.47,-23.50,1
b,2022-10-30 15:00:26.362712,0.17,-0.50,0.99,-22.09,-19.71,33.08,-11.57,39.47,-23.50,1
b,2022-10-30 15:00:26.378462,0.16,-0.48,0.99,-13.85,-12.15,44.43,-11.57,39.47,-23.50,1
b,2022-10-30 15:00:26.393973,0.14,-0.37,1.04,-17.09,-4.82,38.57,-9.88,40.56,-20.84,1
b,2022-10-30 15:00:26.409606,0.11,-0.19,1.06,-19.47,2.01,20.69,-9.88,40.56,-20.84,1
b,2022-10-30 15:00:26.441398,0.07,0.05,1.09,-20.32,8.30,-10.50,-9.01,39.34,-22.39,1
b,2022-10-30 15:00:26.457121,0.07,0.30,1.05,-17.46,1.59,-24.96,-9.01,39.34,-22.39,1
b,2022-10-30 15:00:26.472746,0.07,0.38,0.85,0.98,-2.93,5.19,-9.01,39.34,-22.39,1
b,2022-10-30 15:00:26.488395,0.07,-0.04,0.87,25.09,16.72,36.68,-9.31,40.32,-23.01,1
b,2022-10-30 15:00:26.519527,-0.09,-0.32,1.00,19.17,20.20,11.66,-9.31,40.32,-23.01,1
b,2022-10-30 15:00:26.537656,0.07,-0.12,0.94,28.81,24.84,9.58,-9.31,40.32,-23.01,1
b,2022-10-30 15:00:26.551284,0.09,-0.28,1.00,50.11,31.80,26.31,-9.38,40.41,-21.95,1
b,2022-10-30 15:00:26.567043,0.09,-0.37,1.03,41.56,32.78,26.79,-9.38,40.41,-21.95,1
b,2022-10-30 15:00:26.582563,0.13,-0.25,1.00,34.36,34.48,24.29,-8.94,40.99,-22.27,1
b,2022-10-30 15:00:26.613795,0.24,-0.26,0.94,49.19,37.23,24.41,-8.94,40.99,-22.27,1
