e,2022-10-30 13:16:57.242537,-0.15,-0.49,0.83,26.61,4.76,-13.06,-49.43,10.22,-52.48,1
e,2022-10-30 13:16:57.263446,-0.16,-0.49,0.85,12.70,5.31,-10.44,-49.43,10.22,-52.48,1
e,2022-10-30 13:16:57.281023,-0.20,-0.47,0.91,11.66,7.20,-6.65,-47.74,10.16,-52.39,1
e,2022-10-30 13:16:57.300287,-0.19,-0.46,0.93,14.53,7.75,-0.31,-47.74,10.16,-52.39,1
e,2022-10-30 13:16:57.319244,-0.23,-0.47,0.90,15.87,6.77,1.10,-47.74,10.16,-52.39,1
e,2022-10-30 13:16:57.342126,-0.18,-0.47,0.84,9.03,10.68,1.40,-47.19,9.09,-53.42,1
e,2022-10-30 13:16:57.358399,-0.21,-0.43,0.84,-3.42,9.22,0.43,-47.19,9.09,-53.42,1
e,2022-10-30 13:16:57.377607,-0.23,-0.36,0.85,-6.53,6.96,4.27,-47.19,9.09,-53.42,1
e,2022-10-30 13:16:57.397782,-0.22,-0.31,0.83,-7.45,8.24,0.00,-49.57,7.63,-56.29,1
e,2022-10-30 13:16:57.417464,-0.18,-0.35,0.80,-13.06,5.98,-2.62,-49.57,7.63,-56.29,1
e,2022-10-30 13:16:57.438198,-0.30,-0.32,0.83,-19.29,0.00,-3.72,-50.23,5.36,-57.64,1
e,2022-10-30 13:16:57.456550,-0.21,-0.38,0.78,2.20,7.51,10.13,-50.23,5.36,-57.64,1
e,2022-10-30 13:16:57.475340,-0.23,-0.35,0.86,-26.98,10.62,12.70,-50.23,5.36,-57.64,1
e,2022-10-30 13:16:57.498026,-0.21,-0.35,1.04,-44.62,10.56,13.67,-49.80,5.20,-56.21,1
e,2022-10-30 13:16:57.514424,-0.25,-0.10,1.01,-29.17,-4.76,-11.54,-49.80,5.20,-56.21,1
e,2022-10-30 13:16:57.534929,-0.27,-0.08,1.03,-5.86,-2.75,-17.09,-48.28,3.45,-56.19,1
e,2022-10-30 13:16:57.554039,-0.25,-0.21,0.98,15.87,2.38,-19.29,-48.28,3.45,-56.19,1
e,2022-10-30 13:16:57.574496,-0.21,-0.45,0.93,19.78,3.78,-16.42,-48.28,3.45,-56.19,1
e,2022-10-30 13:16:57.592870,-0.21,-0.52,0.91,12.82,2.81,-13.06,-44.01,4.31,-57.32,1
e,2022-10-30 13:16:57.611799,-0.22,-0.54,0.89,3.78,3.23,-11.54,-44.01,4.31,-57.32,1
e,2022-10-30 13:16:57.630857,-0.19,-0.56,0.88,0.06,5.74,-8.67,-44.01,4.31,-57.32,1
e,2022-10-30 13:16:57.654212,-0.17,-0.56,0.85,2.26,-0.67,-3.72,-41.20,4.69,-57.65,1
e,2022-10-30 13:16:57.671024,-0.22,-0.50,0.81,12.45,-11.35,-6.29,-41.20,4.69,-57.65,1
e,2022-10-30 13:16:57.691445,-0.18,-0.52,0.88,1.22,32.96,15.87,-40.86,4.96,-57.78,1
e,2022-10-30 13:16:57.710309,-0.19,-0.48,0.84,-4.15,29.91,12.15,-40.86,4.96,-57.78,1
e,2022-10-30 13:16:57.731822,-0.16,-0.43,0.86,-16.66,27.34,20.39,-40.86,4.96,-57.78,1
e,2022-10-30 13:16:57.749927,-0.16,-0.36,0.85,-21.00,15.93,23.68,-41.41,4.35,-59.13,1
e,2022-10-30 13:16:57.769012,-0.17,-0.31,0.83,-20.63,9.46,24.66,-41.41,4.35,-59.13,1
e,2022-10-30 13:16:57.790027,-0.18,-0.30,0.80,-21.18,5.13,25.33,-44.19,3.74,-59.47,1
e,2022-10-30 13:16:57.807607,-0.14,-0.31,0.78,-32.04,1.34,29.60,-44.19,3.74,-59.47,1
e,2022-10-30 13:16:57.826651,-0.12,-0.32,0.78,-43.33,-11.60,35.64,-44.19,3.74,-59.47,1
e,2022-10-30 13:16:57.847007,-0.16,-0.26,0.80,-51.76,-30.46,36.87,-49.91,2.71,-56.10,1
e,2022-10-30 13:16:57.868743,-0.26,-0.14,0.82,-51.51,-35.34,33.39,-49.91,2.71,-56.10,1
e,2022-10-30 13:16:57.885089,-0.30,-0.03,0.94,-54.57,-21.91,21.61,-49.91,2.71,-56.10,1
e,2022-10-30 13:16:57.905029,-0.26,0.01,1.03,-49.44,-11.17,12.45,-56.08,1.42,-52.78,1
e,2022-10-30 13:16:57.923952,-0.28,0.02,1.09,-46.45,-10.25,6.53,-56.08,1.42,-52.78,1
e,2022-10-30 13:16:57.943789,-0.28,0.04,1.11,-36.68,-15.81,3.05,-57.59,-0.52,-49.46,1
e,2022-10-30 13:16:57.965410,-0.31,0.04,1.08,-22.89,-17.82,0.12,-57.59,-0.52,-49.46,1
e,2022-10-30 13:16:57.981564,-0.32,0.01,1.02,-8.79,-9.95,-8.61,-57.59,-0.52,-49.46,1
e,2022-10-30 13:16:58.002009,-0.28,-0.08,1.02,-1.95,-5.49,-13.18,-54.20,-2.00,-46.55,1
e,2022-10-30 13:16:58.020955,-0.26,-0.15,0.99,5.00,-5.00,-15.01,-54.20,-2.00,-46.55,1
e,2022-10-30 13:16:58.042329,-0.25,-0.27,0.94,9.46,-3.23,-14.04,-48.19,-2.03,-46.66,1
e,2022-10-30 13:16:58.058909,-0.23,-0.42,0.91,6.65,1.16,-13.31,-48.19,-2.03,-46.66,1
e,2022-10-30 13:16:58.079143,-0.23,-0.43,0.93,-1.28,5.00,-12.39,-48.19,-2.03,-46.66,1
e,2022-10-30 13:16:58.099900,-0.21,-0.37,0.96,-7.81,5.31,-7.02,-44.81,-1.10,-46.83,1
e,2022-10-30 13:16:58.122512,-0.23,-0.32,0.96,-3.48,1.83,-3.85,-44.81,-1.10,-46.83,1
e,2022-10-30 13:16:58.139289,-0.25,-0.27,0.98,-0.24,0.43,-3.60,-44.81,-1.10,-46.83,1
e,2022-10-30 13:16:58.157986,-0.30,-0.19,0.99,10.01,3.91,-5.55,-43.08,-1.40,-46.79,1
e,2022-10-30 13:16:58.177435,-0.46,-0.04,1.08,21.55,23.13,-1.53,-43.08,-1.40,-46.79,1
e,2022-10-30 13:16:58.201427,-0.39,-0.09,1.15,47.06,26.73,9.09,-40.41,-0.23,-50.74,1
e,2022-10-30 13:16:58.217654,-0.21,-0.16,0.99,68.60,13.92,13.37,-40.41,-0.23,-50.74,1
e,2022-10-30 13:16:58.236144,-0.19,-0.16,0.94,55.91,14.59,8.18,-40.41,-0.23,-50.74,1
e,2022-10-30 13:16:58.256219,-0.20,-0.17,0.92,44.49,18.43,2.01,-37.01,4.92,-52.03,1
e,2022-10-30 13:16:58.277353,-0.22,-0.21,0.88,46.57,15.38,-3.54,-37.01,4.92,-52.03,1
e,2022-10-30 13:16:58.295009,-0.19,-0.24,0.85,48.22,13.92,-7.63,-33.53,9.22,-52.88,1
e,2022-10-30 13:16:58.313168,-0.21,-0.29,0.83,46.02,12.08,-11.66,-33.53,9.22,-52.88,1
e,2022-10-30 13:16:58.333328,-0.15,-0.32,0.84,40.28,11.60,-15.87,-33.53,9.22,-52.88,1
