w,2022-10-12 17:44:57.887184,0.46,0.21,0.83,-10.25,-2.01,4.15,1.28,-57.98,-54.57,1
w,2022-10-12 17:44:57.905884,0.47,0.22,0.82,-17.64,-2.20,10.13,1.28,-57.98,-54.57,1
w,2022-10-12 17:44:57.927528,0.44,0.24,0.82,-33.87,-0.37,9.16,0.45,-58.74,-54.65,1
w,2022-10-12 17:44:57.944532,0.48,0.25,0.80,-32.78,0.37,7.26,0.45,-58.74,-54.65,1
w,2022-10-12 17:44:57.962993,0.46,0.28,0.78,-51.45,-2.20,0.43,0.45,-58.74,-54.65,1
w,2022-10-12 17:44:57.983742,0.41,0.40,0.75,-70.62,-12.08,-5.98,-0.67,-60.53,-53.39,1
w,2022-10-12 17:44:58.002233,0.27,0.89,0.91,41.20,10.19,-19.71,-0.67,-60.53,-53.39,1
w,2022-10-12 17:44:58.022811,0.31,0.51,0.71,42.60,6.96,11.66,-1.56,-60.62,-52.71,1
w,2022-10-12 17:44:58.041074,0.34,0.23,0.63,8.79,10.62,10.93,-1.56,-60.62,-52.71,1
w,2022-10-12 17:44:58.060820,0.31,0.27,0.66,-25.15,23.25,6.10,-1.56,-60.62,-52.71,1
w,2022-10-12 17:44:58.082399,-0.00,0.19,1.10,-47.00,8.91,-4.94,-0.46,-60.63,-53.87,1
w,2022-10-12 17:44:58.101409,0.23,0.54,0.88,-12.02,-52.73,-7.69,-0.46,-60.63,-53.87,1
w,2022-10-12 17:44:58.120633,0.37,0.45,0.81,32.41,-66.71,9.95,-1.28,-60.19,-52.10,1
w,2022-10-12 17:44:58.139047,0.44,0.38,0.65,51.64,-43.82,21.24,-1.28,-60.19,-52.10,1
w,2022-10-12 17:44:58.156590,0.42,0.37,0.79,23.56,-22.40,13.85,-1.28,-60.19,-52.10,1
w,2022-10-12 17:44:58.176799,0.43,0.43,0.93,4.15,-4.64,5.00,-0.39,-59.48,-51.82,1
w,2022-10-12 17:44:58.194833,0.48,0.46,1.00,11.41,5.37,3.23,-0.39,-59.48,-51.82,1
w,2022-10-12 17:44:58.213837,0.46,0.45,1.05,26.98,12.33,23.07,-0.39,-59.48,-51.82,1
w,2022-10-12 17:44:58.232575,0.34,0.17,1.16,57.86,-3.30,22.71,0.10,-58.39,-52.61,1
w,2022-10-12 17:44:58.250562,0.52,0.18,1.00,58.35,-21.48,12.57,0.10,-58.39,-52.61,1
w,2022-10-12 17:44:58.271744,0.35,0.06,0.80,-34.85,29.36,-55.11,-0.26,-58.64,-51.72,1
w,2022-10-12 17:44:58.290032,0.44,0.59,0.82,-112.67,43.70,-80.44,-0.26,-58.64,-51.72,1
w,2022-10-12 17:44:58.308041,0.26,0.65,0.84,-105.83,49.07,-68.60,-0.26,-58.64,-51.72,1
w,2022-10-12 17:44:58.328040,0.39,0.63,0.96,-71.53,40.65,-47.00,1.40,-63.60,-51.70,1
w,2022-10-12 17:44:58.347364,0.51,0.52,0.93,25.88,8.54,-7.45,1.40,-63.60,-51.70,1
w,2022-10-12 17:44:58.366364,0.24,0.11,0.73,51.64,-3.42,10.25,1.40,-63.60,-51.70,1
w,2022-10-12 17:44:58.385557,0.15,0.07,0.75,38.39,-10.80,13.12,2.27,-63.05,-51.99,1
w,2022-10-12 17:44:58.404197,0.35,-0.09,0.49,23.19,-12.76,4.46,2.27,-63.05,-51.99,1
w,2022-10-12 17:44:58.423198,0.15,0.19,0.56,-68.12,7.63,-19.23,1.57,-63.02,-51.82,1
w,2022-10-12 17:44:58.442416,0.17,0.49,0.69,-42.85,-16.91,-7.45,1.57,-63.02,-51.82,1
w,2022-10-12 17:44:58.461352,0.30,0.60,0.76,-20.57,-31.80,0.00,1.57,-63.02,-51.82,1
w,2022-10-12 17:44:58.481349,0.29,0.59,0.77,17.03,-42.97,13.73,1.27,-63.46,-52.33,1
w,2022-10-12 17:44:58.499875,0.37,0.47,0.69,31.31,-36.25,13.92,1.27,-63.46,-52.33,1
w,2022-10-12 17:44:58.518321,0.41,0.44,0.78,32.78,-24.72,9.40,1.27,-63.46,-52.33,1
w,2022-10-12 17:44:58.539040,0.44,0.47,0.84,30.88,-11.72,4.88,2.26,-62.44,-50.83,1
w,2022-10-12 17:44:58.557955,0.54,0.43,0.94,41.75,-0.24,2.93,2.26,-62.44,-50.83,1
w,2022-10-12 17:44:58.578017,0.48,0.23,1.11,49.19,10.31,11.96,2.84,-61.16,-51.23,1
w,2022-10-12 17:44:58.597313,0.46,0.36,1.08,48.65,8.97,15.56,2.84,-61.16,-51.23,1
w,2022-10-12 17:44:58.616297,0.52,0.10,0.90,58.78,11.60,-7.26,2.84,-61.16,-51.23,1
w,2022-10-12 17:44:58.635738,0.46,0.33,0.92,2.38,28.44,-36.56,2.81,-59.81,-50.54,1
w,2022-10-12 17:44:58.654799,0.37,0.42,0.97,-27.83,35.89,-44.80,2.81,-59.81,-50.54,1
w,2022-10-12 17:44:58.674179,0.48,0.53,0.98,-20.20,22.03,-34.00,4.10,-61.36,-51.38,1
w,2022-10-12 17:44:58.694702,0.30,0.41,0.91,8.91,12.45,-22.77,4.10,-61.36,-51.38,1
w,2022-10-12 17:44:58.712534,0.35,0.25,0.85,14.71,3.36,-11.96,4.10,-61.36,-51.38,1
w,2022-10-12 17:44:58.732759,0.25,0.11,0.76,15.32,-6.77,-0.49,4.13,-61.11,-52.60,1
w,2022-10-12 17:44:58.751629,0.21,0.11,0.68,-0.37,-11.17,4.88,4.13,-61.11,-52.60,1
w,2022-10-12 17:44:58.772340,0.12,0.21,0.66,-3.17,-8.30,9.03,4.13,-61.11,-52.60,1
w,2022-10-12 17:44:58.790448,0.13,0.25,0.71,23.19,-1.89,17.88,4.81,-60.51,-51.44,1
w,2022-10-12 17:44:58.809616,0.26,0.23,0.73,41.50,-1.34,26.00,4.81,-60.51,-51.44,1
w,2022-10-12 17:44:58.830343,0.34,0.11,0.73,42.66,-2.44,24.78,4.50,-58.65,-52.20,1
w,2022-10-12 17:44:58.851038,0.36,0.23,0.80,12.15,-0.37,6.65,4.50,-58.65,-52.20,1
w,2022-10-12 17:44:58.868723,0.39,0.30,0.85,8.00,-1.22,3.05,4.50,-58.65,-52.20,1
