w,2022-10-12 17:45:06.937678,0.35,0.02,0.96,-10.31,-0.31,4.76,10.64,-56.05,-47.56,1
w,2022-10-12 17:45:06.956724,0.31,0.08,0.97,-20.14,5.43,6.04,10.64,-56.05,-47.56,1
w,2022-10-12 17:45:06.975053,0.30,0.08,0.99,-21.79,9.03,6.53,10.64,-56.05,-47.56,1
w,2022-10-12 17:45:06.996598,0.30,0.11,0.97,-25.45,11.90,-0.24,10.39,-56.57,-47.29,1
w,2022-10-12 17:45:07.014379,0.29,0.19,0.95,-25.15,17.70,0.49,10.39,-56.57,-47.29,1
w,2022-10-12 17:45:07.033972,0.35,0.13,0.91,-18.98,20.69,5.31,10.39,-56.57,-47.29,1
w,2022-10-12 17:45:07.053451,0.32,0.10,0.87,-30.09,21.18,5.98,9.95,-57.24,-47.86,1
w,2022-10-12 17:45:07.073972,0.35,0.14,0.83,-43.76,13.79,6.41,9.95,-57.24,-47.86,1
w,2022-10-12 17:45:07.092528,0.34,0.21,0.78,-52.12,-0.49,3.36,9.42,-58.56,-47.14,1
w,2022-10-12 17:45:07.111853,0.27,0.25,0.71,-57.19,-13.24,1.16,9.42,-58.56,-47.14,1
w,2022-10-12 17:45:07.131083,-0.45,0.43,0.89,21.85,10.44,-18.68,9.42,-58.56,-47.14,1
w,2022-10-12 17:45:07.152802,0.26,0.26,0.70,24.72,20.32,9.03,9.58,-58.67,-46.19,1
w,2022-10-12 17:45:07.171164,-0.21,-0.14,1.10,-3.11,23.99,6.65,9.58,-58.67,-46.19,1
w,2022-10-12 17:45:07.191737,0.13,0.33,0.90,-27.22,-28.08,-18.86,9.94,-59.22,-46.42,1
w,2022-10-12 17:45:07.209749,0.22,0.36,0.92,-23.01,-50.90,-18.25,9.94,-59.22,-46.42,1
w,2022-10-12 17:45:07.229690,0.23,0.44,0.89,-1.77,-65.06,-10.25,9.94,-59.22,-46.42,1
w,2022-10-12 17:45:07.248361,0.31,0.27,0.81,37.96,-61.16,14.28,9.64,-58.80,-46.00,1
w,2022-10-12 17:45:07.268229,0.27,0.29,0.84,38.94,-50.11,17.58,9.64,-58.80,-46.00,1
w,2022-10-12 17:45:07.288761,0.38,0.20,0.83,42.72,-17.33,14.95,9.17,-58.26,-46.36,1
w,2022-10-12 17:45:07.308438,0.33,0.21,1.07,25.51,3.48,10.25,9.17,-58.26,-46.36,1
w,2022-10-12 17:45:07.325275,0.28,0.18,1.15,29.48,15.32,17.40,9.17,-58.26,-46.36,1
w,2022-10-12 17:45:07.345169,0.25,0.06,1.23,34.24,6.04,16.60,9.57,-57.75,-46.08,1
w,2022-10-12 17:45:07.364756,0.23,0.20,1.16,37.48,-20.26,7.08,9.57,-57.75,-46.08,1
w,2022-10-12 17:45:07.385320,0.26,0.18,1.04,47.67,-33.81,6.90,9.57,-57.75,-46.08,1
w,2022-10-12 17:45:07.404183,0.25,-0.09,0.50,19.41,19.41,-20.75,8.86,-56.57,-46.06,1
w,2022-10-12 17:45:07.423611,0.27,0.37,0.90,-55.24,59.08,-41.44,8.86,-56.57,-46.06,1
w,2022-10-12 17:45:07.443208,0.32,0.27,0.98,-51.09,64.03,-32.71,10.60,-57.75,-45.53,1
w,2022-10-12 17:45:07.463471,0.26,0.28,1.06,-38.27,41.81,-25.82,10.60,-57.75,-45.53,1
w,2022-10-12 17:45:07.481948,0.19,0.24,1.00,3.17,17.64,-10.25,10.60,-57.75,-45.53,1
w,2022-10-12 17:45:07.502425,0.17,0.09,0.88,30.40,1.16,1.83,10.39,-57.69,-45.29,1
w,2022-10-12 17:45:07.523146,0.11,0.08,0.81,29.91,-21.24,10.68,10.39,-57.69,-45.29,1
w,2022-10-12 17:45:07.541850,0.25,0.02,0.59,12.63,-16.30,4.64,9.22,-57.07,-46.37,1
w,2022-10-12 17:45:07.562574,0.18,0.07,0.69,-26.25,2.87,-3.97,9.22,-57.07,-46.37,1
w,2022-10-12 17:45:07.580160,0.22,0.32,0.75,-33.33,-33.08,-17.46,9.22,-57.07,-46.37,1
w,2022-10-12 17:45:07.602053,0.20,0.35,0.79,-26.25,-27.77,-12.51,9.69,-58.03,-45.29,1
w,2022-10-12 17:45:07.620070,0.21,0.32,0.86,-11.84,-32.29,-3.36,9.69,-58.03,-45.29,1
w,2022-10-12 17:45:07.640692,0.26,0.29,0.88,16.48,-43.76,3.54,9.73,-58.12,-46.48,1
w,2022-10-12 17:45:07.658943,0.22,0.27,0.88,23.50,-41.75,7.32,9.73,-58.12,-46.48,1
w,2022-10-12 17:45:07.679536,0.30,0.21,0.84,30.64,-31.68,6.84,9.73,-58.12,-46.48,1
w,2022-10-12 17:45:07.698140,0.29,0.17,1.04,21.30,-7.32,2.62,9.20,-57.73,-45.32,1
w,2022-10-12 17:45:07.717694,0.29,0.26,1.05,15.20,-3.48,0.00,9.20,-57.73,-45.32,1
w,2022-10-12 17:45:07.737669,0.34,0.30,1.05,23.19,5.68,9.77,10.38,-57.19,-46.00,1
w,2022-10-12 17:45:07.757330,0.23,0.08,1.19,42.18,-2.26,19.47,10.38,-57.19,-46.00,1
w,2022-10-12 17:45:07.774888,0.22,0.14,1.17,52.06,-18.92,14.28,10.38,-57.19,-46.00,1
w,2022-10-12 17:45:07.794434,0.27,0.16,1.03,66.65,-31.80,12.57,9.31,-55.80,-45.73,1
w,2022-10-12 17:45:07.814450,0.40,0.24,0.99,-25.02,50.35,-37.66,9.31,-55.80,-45.73,1
w,2022-10-12 17:45:07.834778,0.07,0.35,1.00,-39.49,69.95,-40.65,9.31,-55.80,-45.73,1
w,2022-10-12 17:45:07.853395,0.16,0.24,1.04,-24.96,62.62,-26.98,10.22,-56.63,-44.63,1
w,2022-10-12 17:45:07.872210,0.25,0.23,1.05,-8.00,36.87,-20.26,10.22,-56.63,-44.63,1
w,2022-10-12 17:45:07.892438,0.19,0.17,0.99,17.09,18.43,-10.93,10.86,-56.36,-44.86,1
w,2022-10-12 17:45:07.911661,0.22,0.02,0.89,37.78,3.97,0.18,10.86,-56.36,-44.86,1
w,2022-10-12 17:45:07.930004,0.16,-0.09,0.77,20.32,1.59,0.31,10.86,-56.36,-44.86,1
w,2022-10-12 17:45:07.951036,0.23,-0.06,0.79,2.75,-0.37,-0.24,10.05,-55.79,-45.51,1
w,2022-10-12 17:45:07.970991,0.19,0.04,0.81,-20.20,0.61,-3.36,10.05,-55.79,-45.51,1
w,2022-10-12 17:45:07.992179,0.22,0.13,0.78,-24.54,2.56,0.79,10.25,-55.81,-44.24,1
w,2022-10-12 17:45:08.010043,0.07,0.18,0.91,-33.51,1.04,0.43,10.25,-55.81,-44.24,1
w,2022-10-12 17:45:08.029750,0.02,0.38,0.87,4.33,5.13,7.75,10.25,-55.81,-44.24,1
w,2022-10-12 17:45:08.051593,0.17,0.21,0.94,37.72,12.88,16.66,11.00,-56.52,-44.98,1
w,2022-10-12 17:45:08.069982,0.26,0.15,0.94,43.76,11.41,16.24,11.00,-56.52,-44.98,1
w,2022-10-12 17:45:08.088251,0.33,0.10,0.95,32.41,7.57,1.16,11.27,-55.03,-44.41,1
w,2022-10-12 17:45:08.106829,0.35,0.16,0.95,23.68,6.41,-6.59,11.27,-55.03,-44.41,1
w,2022-10-12 17:45:08.125732,0.39,0.16,0.96,25.57,5.00,-7.26,11.27,-55.03,-44.41,1
w,2022-10-12 17:45:08.145478,0.42,0.11,0.95,26.00,1.22,-5.31,11.98,-54.58,-45.19,1
