a,2022-10-31 15:33:04.759219,-0.23,-0.58,0.68,-2.75,19.90,-30.46,62.62,74.30,-52.12,1
a,2022-10-31 15:33:04.778463,-0.34,-0.63,0.79,-21.12,16.66,-19.53,61.12,76.29,-50.74,1
a,2022-10-31 15:33:04.797023,-0.38,-0.58,0.83,-31.62,23.01,-8.36,61.12,76.29,-50.74,1
a,2022-10-31 15:33:04.814241,-0.40,-0.59,0.78,-36.07,27.65,-0.92,61.12,76.29,-50.74,1
a,2022-10-31 15:33:04.833775,-0.41,-0.63,0.63,-48.77,14.83,19.41,61.21,76.14,-48.33,1
a,2022-10-31 15:33:04.851965,-0.65,-0.25,0.85,-69.21,-6.10,14.53,61.21,76.14,-48.33,1
a,2022-10-31 15:33:04.871185,-0.41,-0.30,0.78,-66.71,-2.32,-0.12,62.21,76.55,-49.23,1
a,2022-10-31 15:33:04.890000,-0.26,-0.26,0.45,-38.33,-30.21,42.72,62.21,76.55,-49.23,1
a,2022-10-31 15:33:04.907368,-0.21,-0.04,0.51,-45.65,-63.90,32.71,62.21,76.55,-49.23,1
a,2022-10-31 15:33:04.926979,-0.26,0.02,0.60,-52.37,-86.67,18.19,65.62,74.54,-50.72,1
a,2022-10-31 15:33:04.944489,-0.21,0.18,0.66,-39.12,-105.35,12.02,65.62,74.54,-50.72,1
a,2022-10-31 15:33:04.962118,-0.29,0.36,0.87,-25.70,-120.97,-2.93,65.62,74.54,-50.72,1
a,2022-10-31 15:33:04.981231,-0.46,0.39,1.20,2.01,-104.19,-36.87,70.90,76.18,-56.54,1
a,2022-10-31 15:33:04.999568,-0.77,0.10,1.56,26.73,-58.11,-35.77,70.90,76.18,-56.54,1
a,2022-10-31 15:33:05.018924,-0.69,-0.07,1.37,56.70,-8.79,-16.11,71.75,79.37,-58.81,1
a,2022-10-31 15:33:05.036285,-0.59,-0.18,1.20,50.05,20.75,-18.13,71.75,79.37,-58.81,1
a,2022-10-31 15:33:05.054498,-0.62,-0.23,1.29,25.63,45.10,-26.61,71.75,79.37,-58.81,1
a,2022-10-31 15:33:05.074088,-0.63,-0.28,1.33,18.13,78.55,-29.85,68.31,83.09,-57.03,1
a,2022-10-31 15:33:05.091459,-0.54,-0.39,1.17,22.34,112.24,-23.56,68.31,83.09,-57.03,1
a,2022-10-31 15:33:05.109707,-0.45,-0.47,0.87,17.94,120.73,-5.86,68.31,83.09,-57.03,1
a,2022-10-31 15:33:05.128813,-0.31,-0.45,0.56,2.50,109.25,9.22,63.12,81.40,-51.54,1
a,2022-10-31 15:33:05.146090,-0.29,-0.43,0.28,-33.87,44.49,11.29,63.12,81.40,-51.54,1
a,2022-10-31 15:33:05.164240,-0.25,-0.25,0.33,-26.49,-4.64,12.94,63.12,81.40,-51.54,1
a,2022-10-31 15:33:05.184041,-0.32,-0.03,0.68,-42.24,-25.88,0.00,61.29,80.69,-50.43,1
a,2022-10-31 15:33:05.202047,-0.39,-0.08,0.73,-35.22,-11.90,0.92,61.29,80.69,-50.43,1
a,2022-10-31 15:33:05.220882,-0.27,-0.26,0.26,23.44,-43.70,45.72,62.30,79.70,-51.14,1
a,2022-10-31 15:33:05.238198,-0.17,-0.12,0.21,15.44,-94.97,33.02,62.30,79.70,-51.14,1
a,2022-10-31 15:33:05.257019,-0.28,-0.02,0.58,-2.38,-130.68,11.72,62.30,79.70,-51.14,1
a,2022-10-31 15:33:05.274955,-0.37,0.12,0.85,-4.21,-137.33,-1.46,67.65,82.23,-55.66,1
a,2022-10-31 15:33:05.293428,-0.52,0.19,1.11,20.63,-102.05,-23.50,67.65,82.23,-55.66,1
a,2022-10-31 15:33:05.311984,-0.68,0.17,1.33,44.37,-65.06,-27.89,67.65,82.23,-55.66,1
a,2022-10-31 15:33:05.331045,-0.65,0.05,1.19,66.35,-23.38,-32.59,67.63,88.13,-61.11,1
a,2022-10-31 15:33:05.348157,-0.61,-0.17,1.02,56.21,6.84,-48.65,67.63,88.13,-61.11,1
a,2022-10-31 15:33:05.367549,-0.76,-0.63,0.95,27.22,26.92,-49.93,61.50,92.22,-61.07,1
a,2022-10-31 15:33:05.385791,-0.68,-0.68,0.91,1.71,38.88,10.31,61.50,92.22,-61.07,1
a,2022-10-31 15:33:05.403464,-0.75,-0.60,1.00,-28.20,55.85,3.97,61.50,92.22,-61.07,1
a,2022-10-31 15:33:05.422929,-0.90,-0.68,0.92,-33.87,67.32,7.81,60.18,90.78,-60.85,1
a,2022-10-31 15:33:05.440950,-0.56,-0.55,0.83,12.45,42.66,38.02,60.18,90.78,-60.85,1
