a,2022-10-31 15:33:06.673100,-0.26,-0.01,0.84,60.55,28.20,-28.38,30.10,37.89,-49.93,1
a,2022-10-31 15:33:06.691164,-0.25,-0.16,0.81,49.87,31.19,-41.56,30.10,37.89,-49.93,1
a,2022-10-31 15:33:06.709342,-0.26,-0.29,0.78,27.83,31.19,-53.10,30.10,37.89,-49.93,1
a,2022-10-31 15:33:06.728459,-0.35,-0.46,0.80,-1.53,25.70,-49.50,33.04,35.07,-48.18,1
a,2022-10-31 15:33:06.746199,-0.38,-0.52,0.84,1.53,24.66,-29.97,33.04,35.07,-48.18,1
a,2022-10-31 15:33:06.764951,-0.48,-0.57,0.91,0.24,24.78,-14.53,32.90,32.45,-47.52,1
a,2022-10-31 15:33:06.783317,-0.51,-0.43,0.90,31.31,-21.55,10.86,32.90,32.45,-47.52,1
a,2022-10-31 15:33:06.801949,-0.56,-0.52,0.86,-2.32,-5.74,-0.92,32.90,32.45,-47.52,1
a,2022-10-31 15:33:06.819941,-0.33,-0.40,0.63,-14.77,30.88,22.89,30.38,34.01,-48.12,1
a,2022-10-31 15:33:06.839196,-0.31,-0.44,0.53,-46.02,27.47,19.65,30.38,34.01,-48.12,1
a,2022-10-31 15:33:06.857366,-0.25,-0.30,0.40,-68.79,10.80,30.94,30.38,34.01,-48.12,1
a,2022-10-31 15:33:06.876141,-0.25,-0.14,0.45,-77.64,-31.80,37.72,26.48,36.07,-47.20,1
a,2022-10-31 15:33:06.894207,-0.39,0.20,0.52,-92.16,-48.65,25.27,26.48,36.07,-47.20,1
a,2022-10-31 15:33:06.913542,-0.41,0.37,0.61,-100.52,-54.38,0.85,28.38,35.78,-38.95,1
a,2022-10-31 15:33:06.931571,-0.45,0.54,0.71,-101.50,-63.42,-22.34,28.38,35.78,-38.95,1
a,2022-10-31 15:33:06.949822,-0.50,0.58,0.92,-54.02,-72.51,-29.79,28.38,35.78,-38.95,1
a,2022-10-31 15:33:06.968669,-0.59,0.31,1.28,55.60,-74.34,-12.70,46.13,26.33,-32.24,1
a,2022-10-31 15:33:06.986033,-0.76,0.18,1.32,90.52,-55.30,-3.72,46.13,26.33,-32.24,1
a,2022-10-31 15:33:07.004490,-0.78,-0.14,1.38,88.26,-30.64,-8.67,46.13,26.33,-32.24,1
a,2022-10-31 15:33:07.023835,-0.75,-0.26,1.28,55.79,-5.68,-14.04,63.11,18.91,-31.81,1
a,2022-10-31 15:33:07.041622,-0.80,-0.24,1.42,6.53,32.65,-30.46,63.11,18.91,-31.81,1
a,2022-10-31 15:33:07.059107,-0.72,-0.17,1.40,-0.31,74.77,-30.52,63.11,18.91,-31.81,1
a,2022-10-31 15:33:07.078742,-0.56,-0.18,1.15,9.95,99.30,-20.94,56.62,23.96,-31.09,1
a,2022-10-31 15:33:07.096095,-0.48,-0.18,1.02,11.29,104.49,-10.50,56.62,23.96,-31.09,1
a,2022-10-31 15:33:07.115817,-0.36,-0.17,0.85,-16.60,104.00,-20.75,38.23,32.81,-40.52,1
a,2022-10-31 15:33:07.133751,-0.25,-0.17,0.52,-51.76,83.68,-20.75,38.23,32.81,-40.52,1
a,2022-10-31 15:33:07.151903,-0.20,-0.15,0.37,-41.38,54.14,-11.11,38.23,32.81,-40.52,1
a,2022-10-31 15:33:07.170263,-0.17,-0.15,0.18,-9.64,16.85,5.62,31.20,37.32,-50.29,1
a,2022-10-31 15:33:07.188565,-0.33,0.11,0.39,3.05,-25.15,-2.20,31.20,37.32,-50.29,1
a,2022-10-31 15:33:07.206344,-0.41,-0.03,0.53,11.60,0.31,0.43,31.20,37.32,-50.29,1
a,2022-10-31 15:33:07.225909,-0.16,-0.04,0.09,30.09,-44.62,13.73,30.71,37.65,-49.55,1
a,2022-10-31 15:33:07.243331,-0.27,-0.09,0.43,25.94,-87.95,5.68,30.71,37.65,-49.55,1
a,2022-10-31 15:33:07.262660,-0.38,-0.06,0.62,31.86,-99.73,13.43,36.87,33.33,-40.75,1
a,2022-10-31 15:33:07.279982,-0.45,0.01,0.88,35.16,-95.09,14.71,36.87,33.33,-40.75,1
a,2022-10-31 15:33:07.298106,-0.60,0.10,1.05,17.64,-75.87,-2.50,36.87,33.33,-40.75,1
a,2022-10-31 15:33:07.317542,-0.71,0.14,1.24,9.77,-52.12,-13.18,54.83,26.12,-32.82,1
a,2022-10-31 15:33:07.335459,-0.69,0.11,1.20,12.88,-28.26,-21.42,54.83,26.12,-32.82,1
a,2022-10-31 15:33:07.353787,-0.69,-0.04,1.21,5.80,-2.69,-21.91,54.83,26.12,-32.82,1
a,2022-10-31 15:33:07.372091,-0.71,-0.12,1.26,4.27,14.28,-14.65,71.57,22.94,-31.15,1
a,2022-10-31 15:33:07.390716,-0.72,-0.10,1.28,1.10,36.99,-9.40,71.57,22.94,-31.15,1
a,2022-10-31 15:33:07.407994,-0.71,-0.09,1.31,2.50,66.65,-8.06,71.57,22.94,-31.15,1
