O,2022-11-08 12:49:09.530895,0.46,-0.07,0.84,-12.15,0.55,-29.72,13.53,14.15,-30.82,1
O,2022-11-08 12:49:09.546682,0.44,-0.05,0.83,-8.42,4.52,-32.17,13.53,14.15,-30.82,1
O,2022-11-08 12:49:09.578003,0.45,-0.04,0.87,-4.21,8.85,-33.75,13.32,14.39,-28.87,1
O,2022-11-08 12:49:09.593559,0.44,-0.08,0.87,1.65,11.47,-30.15,13.32,14.39,-28.87,1
O,2022-11-08 12:49:09.609294,0.47,-0.09,0.86,-1.59,14.83,-23.86,13.23,13.88,-28.38,1
O,2022-11-08 12:49:09.624929,0.52,-0.05,0.87,-1.46,12.02,-17.21,13.23,13.88,-28.38,1
O,2022-11-08 12:49:09.656564,0.53,-0.05,0.86,14.77,5.31,-11.35,13.23,13.88,-28.38,1
O,2022-11-08 12:49:09.672331,0.51,-0.10,0.82,17.64,3.54,-17.70,13.40,14.23,-28.02,1
O,2022-11-08 12:49:09.688697,0.50,-0.13,0.83,18.55,2.81,-20.94,13.40,14.23,-28.02,1
O,2022-11-08 12:49:09.719975,0.48,-0.17,0.82,11.29,1.34,-11.60,13.34,14.06,-26.01,1
O,2022-11-08 12:49:09.735605,0.48,-0.15,0.83,14.22,-0.85,-1.83,13.34,14.06,-26.01,1
O,2022-11-08 12:49:09.751406,0.46,-0.19,0.82,18.19,-2.01,4.58,13.34,14.06,-26.01,1
O,2022-11-08 12:49:09.767125,0.45,-0.17,0.84,11.47,-2.62,2.75,12.99,14.34,-24.63,1
O,2022-11-08 12:49:09.798284,0.46,-0.17,0.83,13.49,-3.66,2.38,12.99,14.34,-24.63,1
O,2022-11-08 12:49:09.821579,0.43,-0.24,0.83,15.69,-2.38,1.83,13.33,14.03,-23.12,1
O,2022-11-08 12:49:09.837724,0.36,-0.19,0.85,8.36,0.00,2.69,13.33,14.03,-23.12,1
O,2022-11-08 12:49:09.853487,0.33,-0.29,0.86,1.77,12.57,9.34,13.33,14.03,-23.12,1
O,2022-11-08 12:49:09.869228,0.47,-0.14,0.85,-8.73,14.71,8.97,12.83,13.83,-21.89,1
O,2022-11-08 12:49:09.887765,0.46,-0.19,0.85,1.59,11.23,14.71,12.83,13.83,-21.89,1
O,2022-11-08 12:49:09.903556,0.48,-0.19,0.85,-0.12,10.25,23.44,12.83,13.83,-21.89,1
O,2022-11-08 12:49:09.934684,0.46,-0.18,0.87,9.83,7.81,34.55,13.22,14.00,-21.79,1
O,2022-11-08 12:49:09.950435,0.47,-0.17,0.85,6.90,3.54,38.51,13.22,14.00,-21.79,1
O,2022-11-08 12:49:09.966191,0.46,-0.17,0.85,5.25,-1.28,45.59,12.89,13.48,-21.58,1
O,2022-11-08 12:49:09.997312,0.44,-0.18,0.85,5.43,-7.32,38.51,12.89,13.48,-21.58,1
O,2022-11-08 12:49:10.012935,0.46,-0.09,0.85,-9.95,-14.71,29.30,12.89,13.48,-21.58,1
O,2022-11-08 12:49:10.028702,0.44,-0.07,0.83,-3.30,-22.83,28.81,12.78,13.53,-23.13,1
O,2022-11-08 12:49:10.044954,0.44,-0.16,0.78,8.00,-24.05,28.50,12.78,13.53,-23.13,1
O,2022-11-08 12:49:10.076211,0.40,-0.09,0.81,-2.50,-25.21,23.13,12.48,14.05,-24.19,1
O,2022-11-08 12:49:10.091959,0.39,-0.12,0.81,-8.61,-26.06,18.80,12.48,14.05,-24.19,1
O,2022-11-08 12:49:10.107585,0.41,-0.08,0.85,-9.16,-22.34,9.16,12.48,14.05,-24.19,1
O,2022-11-08 12:49:10.126556,0.40,-0.07,0.82,-11.41,-24.84,7.87,13.04,13.89,-25.12,1
O,2022-11-08 12:49:10.158371,0.43,-0.03,0.85,-11.35,-21.42,6.04,13.04,13.89,-25.12,1
O,2022-11-08 12:49:10.175075,0.41,-0.03,0.86,-3.48,-19.84,7.51,12.59,14.14,-26.84,1
O,2022-11-08 12:49:10.191032,0.38,-0.01,0.86,-0.92,-19.96,6.29,12.59,14.14,-26.84,1
O,2022-11-08 12:49:10.206659,0.42,-0.05,0.85,0.79,-17.15,5.80,12.59,14.14,-26.84,1
O,2022-11-08 12:49:10.237793,0.41,0.01,0.89,1.59,-15.69,4.21,13.32,13.28,-27.45,1
O,2022-11-08 12:49:10.253555,0.40,-0.02,0.88,9.40,-14.22,6.16,13.32,13.28,-27.45,1
O,2022-11-08 12:49:10.269302,0.41,-0.02,0.90,10.99,-12.63,3.30,14.14,13.38,-27.72,1
O,2022-11-08 12:49:10.301797,0.39,-0.04,0.91,14.04,-11.05,0.73,14.14,13.38,-27.72,1
O,2022-11-08 12:49:10.317503,0.40,-0.07,0.92,13.67,-8.24,-8.73,14.14,13.38,-27.72,1
O,2022-11-08 12:49:10.333255,0.40,-0.07,0.92,10.68,-8.24,-12.70,14.49,13.10,-28.55,1
O,2022-11-08 12:49:10.349523,0.41,-0.07,0.94,6.23,-7.93,-18.31,14.49,13.10,-28.55,1
O,2022-11-08 12:49:10.380778,0.41,-0.11,0.93,8.48,-7.69,-19.47,14.53,13.62,-29.60,1
O,2022-11-08 12:49:10.396526,0.39,-0.06,0.92,4.88,-6.96,-28.26,14.53,13.62,-29.60,1
O,2022-11-08 12:49:10.412148,0.40,-0.11,0.92,5.86,-7.57,-25.94,14.53,13.62,-29.60,1
O,2022-11-08 12:49:10.443777,0.40,-0.03,0.95,4.33,-5.31,-20.02,14.75,14.75,-27.38,1
O,2022-11-08 12:49:10.459287,0.39,-0.14,0.89,23.01,-2.69,-3.11,14.75,14.75,-27.38,1
O,2022-11-08 12:49:10.468609,0.40,-0.19,0.92,22.77,2.69,-4.15,14.60,14.77,-27.25,1
O,2022-11-08 12:49:10.499905,0.39,-0.24,0.90,19.29,6.90,-6.04,14.60,14.77,-27.25,1
O,2022-11-08 12:49:10.515649,0.43,-0.18,0.98,8.24,10.19,-14.59,14.60,14.77,-27.25,1
O,2022-11-08 12:49:10.531279,0.43,-0.24,0.98,2.38,9.22,-18.92,14.45,14.81,-25.96,1
O,2022-11-08 12:49:10.562653,0.42,-0.21,0.98,-8.61,8.06,-19.71,14.45,14.81,-25.96,1
O,2022-11-08 12:49:10.578276,0.44,-0.24,0.92,-6.59,5.74,-11.23,13.57,15.72,-25.07,1
O,2022-11-08 12:49:10.603724,0.38,-0.17,0.93,-10.50,8.18,-9.70,13.57,15.72,-25.07,1
O,2022-11-08 12:49:10.619426,0.33,-0.16,0.88,-5.43,11.90,0.37,13.57,15.72,-25.07,1
O,2022-11-08 12:49:10.644164,0.28,-0.17,0.88,0.18,16.17,4.82,12.82,16.06,-25.37,1
O,2022-11-08 12:49:10.651295,0.37,-0.18,0.85,8.30,22.46,14.28,12.82,16.06,-25.37,1
O,2022-11-08 12:49:10.682552,0.37,-0.16,0.88,15.87,24.72,23.32,11.61,16.14,-22.91,1
O,2022-11-08 12:49:10.698620,0.38,-0.21,0.85,23.44,24.29,35.71,11.61,16.14,-22.91,1
O,2022-11-08 12:49:10.714397,0.39,-0.26,0.85,20.45,19.78,39.37,11.61,16.14,-22.91,1
O,2022-11-08 12:49:10.744518,0.28,-0.30,0.87,12.88,16.48,42.48,10.19,16.82,-21.15,1
O,2022-11-08 12:49:10.761901,0.32,-0.24,0.85,4.94,8.36,37.29,10.19,16.82,-21.15,1
O,2022-11-08 12:49:10.777953,0.33,-0.19,0.82,-0.98,3.23,36.93,9.50,17.30,-22.40,1
O,2022-11-08 12:49:10.794083,0.33,-0.04,0.86,-2.32,-1.22,42.79,9.50,17.30,-22.40,1
O,2022-11-08 12:49:10.809865,0.35,-0.07,0.81,5.92,-8.42,59.57,9.50,17.30,-22.40,1
O,2022-11-08 12:49:10.844507,0.38,-0.08,0.79,16.66,-12.51,70.43,9.16,16.92,-20.86,1
O,2022-11-08 12:49:10.857142,0.37,-0.10,0.80,22.09,-11.23,73.55,9.16,16.92,-20.86,1
O,2022-11-08 12:49:10.879358,0.35,-0.12,0.85,25.70,-11.11,68.42,9.25,16.74,-22.33,1
O,2022-11-08 12:49:10.895388,0.18,-0.31,0.73,7.63,-1.59,44.37,9.25,16.74,-22.33,1
O,2022-11-08 12:49:10.911007,0.17,-0.11,0.79,-56.88,39.37,-21.85,9.25,16.74,-22.33,1
O,2022-11-08 12:49:10.942127,0.43,0.17,0.87,-69.40,47.18,-41.08,9.94,15.64,-23.23,1
O,2022-11-08 12:49:10.960522,0.44,0.20,0.87,-26.31,36.25,-33.69,9.94,15.64,-23.23,1
O,2022-11-08 12:49:10.976283,0.47,0.01,0.85,-19.29,36.87,-42.79,12.32,15.53,-24.49,1
O,2022-11-08 12:49:10.991901,0.51,-0.01,0.88,-23.62,37.96,-55.54,12.32,15.53,-24.49,1
O,2022-11-08 12:49:11.023016,0.54,-0.02,0.87,-34.48,29.54,-59.27,12.32,15.53,-24.49,1
