p,2022-10-11 17:57:18.895271,0.34,-0.95,0.11,-3.05,7.45,16.11,-63.23,69.49,-18.13,1
p,2022-10-11 17:57:18.910939,0.36,-0.96,0.12,-1.16,7.45,20.39,-63.23,69.49,-18.13,1
p,2022-10-11 17:57:18.926573,0.36,-0.97,0.13,5.74,6.10,24.96,-63.46,71.51,-19.13,1
p,2022-10-11 17:57:18.942443,0.39,-0.93,0.12,4.52,6.53,28.81,-63.46,71.51,-19.13,1
p,2022-10-11 17:57:18.961561,0.40,-0.94,0.13,11.84,3.48,31.49,-63.46,71.51,-19.13,1
p,2022-10-11 17:57:18.995312,0.41,-0.94,0.12,20.14,-4.03,34.85,-61.90,73.63,-19.58,1
p,2022-10-11 17:57:19.010936,0.39,-0.95,0.02,25.51,-11.54,37.05,-61.90,73.63,-19.58,1
p,2022-10-11 17:57:19.026560,0.38,-0.95,0.02,19.10,-11.96,35.64,-61.90,73.63,-19.58,1
p,2022-10-11 17:57:19.042219,0.33,-0.95,0.04,14.16,-13.06,34.73,-61.73,76.35,-17.55,1
p,2022-10-11 17:57:19.057824,0.33,-0.95,0.08,10.74,-16.91,27.40,-61.73,76.35,-17.55,1
p,2022-10-11 17:57:19.089053,0.32,-0.94,0.13,13.49,-18.07,17.46,-61.46,79.04,-17.03,1
p,2022-10-11 17:57:19.111273,0.27,-0.94,0.10,15.01,-14.22,3.17,-61.46,79.04,-17.03,1
p,2022-10-11 17:57:19.126892,0.30,-0.88,0.13,0.37,-7.93,-7.87,-61.46,79.04,-17.03,1
p,2022-10-11 17:57:19.142576,0.22,-0.95,-0.04,4.64,-8.97,-2.75,-62.22,79.43,-15.77,1
p,2022-10-11 17:57:19.158141,0.33,-0.93,0.07,-15.08,2.26,-24.35,-62.22,79.43,-15.77,1
p,2022-10-11 17:57:19.177198,0.24,-0.94,0.11,6.23,-3.85,-35.16,-63.55,77.78,-15.95,1
p,2022-10-11 17:57:19.195841,0.28,-0.98,0.07,13.98,-6.90,-52.61,-63.55,77.78,-15.95,1
p,2022-10-11 17:57:19.229374,0.25,-0.97,0.02,1.22,-5.37,-75.26,-63.55,77.78,-15.95,1
p,2022-10-11 17:57:19.247201,0.29,-0.96,0.05,-12.02,-1.04,-83.50,-65.27,72.36,-14.66,1
p,2022-10-11 17:57:19.262824,0.30,-0.99,0.03,-17.15,3.60,-91.98,-65.27,72.36,-14.66,1
p,2022-10-11 17:57:19.278638,0.41,-0.88,0.02,-31.62,14.71,-96.01,-69.53,66.04,-16.24,1
p,2022-10-11 17:57:19.296326,0.30,-0.96,0.15,-32.71,19.47,-80.75,-69.53,66.04,-16.24,1
p,2022-10-11 17:57:19.312180,0.31,-0.91,0.18,-31.19,18.62,-71.84,-69.53,66.04,-16.24,1
p,2022-10-11 17:57:19.343199,0.29,-0.92,0.16,-32.84,12.57,-49.74,-71.92,61.17,-18.03,1
p,2022-10-11 17:57:19.358829,0.25,-0.92,0.20,-20.94,5.68,-14.89,-71.92,61.17,-18.03,1
p,2022-10-11 17:57:19.374442,0.27,-0.96,0.15,-8.18,6.65,5.13,-71.92,61.17,-18.03,1
p,2022-10-11 17:57:19.396726,0.19,-1.06,0.29,12.70,8.42,10.80,-72.03,60.96,-18.54,1
p,2022-10-11 17:57:19.412489,0.19,-1.12,0.26,21.97,-2.01,2.81,-72.03,60.96,-18.54,1
p,2022-10-11 17:57:19.443602,0.28,-0.86,0.17,-14.04,-5.25,27.47,-71.19,60.75,-19.67,1
p,2022-10-11 17:57:19.459363,0.22,-0.85,0.15,-23.07,3.48,46.33,-71.19,60.75,-19.67,1
p,2022-10-11 17:57:19.481123,0.22,-0.99,0.21,-7.81,5.43,65.61,-70.25,64.14,-20.39,1
p,2022-10-11 17:57:19.496929,0.11,-1.01,0.20,21.12,-3.36,61.65,-70.25,64.14,-20.39,1
p,2022-10-11 17:57:19.512639,0.09,-1.07,0.20,21.67,-8.79,49.87,-70.25,64.14,-20.39,1
p,2022-10-11 17:57:19.543810,0.46,-0.98,0.14,9.77,-10.25,37.60,-68.03,68.58,-19.47,1
p,2022-10-11 17:57:19.559532,0.29,-1.01,0.13,10.86,-7.87,44.86,-68.03,68.58,-19.47,1
p,2022-10-11 17:57:19.575044,0.36,-0.95,0.18,10.44,-4.64,34.42,-68.03,68.58,-19.47,1
p,2022-10-11 17:57:19.597194,0.34,-1.02,0.17,20.45,-5.49,23.19,-66.16,71.14,-18.97,1
p,2022-10-11 17:57:19.613014,0.30,-0.93,0.15,5.86,-2.26,17.15,-66.16,71.14,-18.97,1
p,2022-10-11 17:57:19.636876,0.27,-0.90,0.16,-2.32,4.70,11.60,-65.66,72.58,-18.51,1
p,2022-10-11 17:57:19.652716,0.31,-0.85,0.18,-6.29,10.38,4.88,-65.66,72.58,-18.51,1
p,2022-10-11 17:57:19.668127,0.29,-0.86,0.16,-2.50,10.93,5.00,-65.66,72.58,-18.51,1
p,2022-10-11 17:57:19.697435,0.26,-0.84,0.18,0.49,12.15,3.11,-65.42,72.69,-20.52,1
p,2022-10-11 17:57:19.713299,0.34,-0.88,0.13,5.68,9.52,4.94,-65.42,72.69,-20.52,1
p,2022-10-11 17:57:19.728799,0.30,-0.88,0.11,6.59,11.72,3.05,-65.12,73.28,-21.94,1
p,2022-10-11 17:57:19.759405,0.31,-0.87,0.12,3.72,11.66,3.05,-65.12,73.28,-21.94,1
p,2022-10-11 17:57:19.776976,0.32,-0.87,0.15,6.53,8.85,2.56,-65.12,73.28,-21.94,1
p,2022-10-11 17:57:19.797634,0.28,-0.89,0.09,17.76,7.57,-1.16,-65.65,73.65,-24.16,1
p,2022-10-11 17:57:19.813267,0.28,-0.90,0.09,20.26,10.19,-5.55,-65.65,73.65,-24.16,1
p,2022-10-11 17:57:19.829035,0.26,-0.93,0.07,27.04,9.09,-9.52,-65.65,73.65,-24.16,1
p,2022-10-11 17:57:19.844517,0.21,-0.95,0.04,34.97,2.87,-21.12,-66.30,72.41,-23.46,1
p,2022-10-11 17:57:19.875749,0.24,-1.02,0.01,42.66,-5.07,-29.17,-66.30,72.41,-23.46,1
p,2022-10-11 17:57:19.891371,0.26,-1.04,-0.01,39.18,-12.27,-38.82,-67.27,70.64,-21.75,1
p,2022-10-11 17:57:19.913524,0.39,-1.00,-0.11,17.82,-14.34,-38.94,-67.27,70.64,-21.75,1
p,2022-10-11 17:57:19.929236,0.36,-1.02,-0.10,-4.70,-8.42,-30.64,-67.27,70.64,-21.75,1
p,2022-10-11 17:57:19.944767,0.36,-1.01,0.05,-24.05,-10.44,-15.32,-68.76,68.14,-20.46,1
p,2022-10-11 17:57:19.976013,0.32,-1.00,0.05,-21.42,-23.19,-2.62,-68.76,68.14,-20.46,1
p,2022-10-11 17:57:19.997855,0.31,-0.99,0.01,-2.14,-32.71,13.67,-68.99,67.72,-19.54,1
p,2022-10-11 17:57:20.006401,0.33,-1.05,-0.03,7.45,-26.61,18.43,-68.99,67.72,-19.54,1
p,2022-10-11 17:57:20.037660,0.31,-1.09,0.09,-11.05,-11.41,15.26,-68.59,69.03,-16.42,1
p,2022-10-11 17:57:20.053297,0.32,-1.05,0.14,-17.15,-11.54,13.67,-68.59,69.03,-16.42,1
p,2022-10-11 17:57:20.069075,0.31,-0.99,0.17,-26.25,-8.24,12.82,-68.59,69.03,-16.42,1
p,2022-10-11 17:57:20.084612,0.30,-0.95,0.24,-18.43,4.09,6.41,-68.43,70.21,-17.50,1
p,2022-10-11 17:57:20.113768,0.19,-1.01,0.45,-16.60,4.88,-6.04,-68.43,70.21,-17.50,1
p,2022-10-11 17:57:20.129396,0.30,-0.84,0.48,-1.83,-11.78,-21.48,-68.43,70.21,-17.50,1
p,2022-10-11 17:57:20.145043,0.43,-0.75,0.01,32.29,-30.40,-5.62,-68.81,68.71,-16.49,1
p,2022-10-11 17:57:20.176253,0.07,-0.91,0.03,30.33,-6.41,10.38,-68.81,68.71,-16.49,1
p,2022-10-11 17:57:20.192061,0.03,-0.96,0.12,-5.62,19.29,17.27,-67.91,68.86,-17.26,1
p,2022-10-11 17:57:20.204001,0.19,-0.92,0.19,-16.42,22.71,20.20,-67.91,68.86,-17.26,1
p,2022-10-11 17:57:20.219866,0.29,-0.87,0.24,-10.93,22.77,18.98,-67.91,68.86,-17.26,1
p,2022-10-11 17:57:20.250871,0.33,-0.88,0.21,4.94,19.10,18.98,-65.62,69.15,-19.38,1
p,2022-10-11 17:57:20.267646,0.39,-0.92,0.14,11.96,17.58,16.97,-65.62,69.15,-19.38,1
p,2022-10-11 17:57:20.281292,0.38,-0.93,0.13,10.44,16.17,13.37,-63.94,68.55,-21.80,1
