y,2022-10-19 17:42:31.928102,0.18,-0.52,0.80,-16.54,15.93,-14.59,-14.03,46.67,-7.51,1
y,2022-10-19 17:42:31.945835,0.10,-0.52,0.82,-14.04,10.56,-8.67,-14.03,46.67,-7.51,1
y,2022-10-19 17:42:31.964784,0.06,-0.59,0.80,-7.14,8.48,0.00,-14.50,47.31,-7.19,1
y,2022-10-19 17:42:31.983109,0.06,-0.62,0.80,-11.05,10.13,0.98,-14.50,47.31,-7.19,1
y,2022-10-19 17:42:32.001224,0.10,-0.55,0.82,-12.70,10.99,0.73,-14.50,47.31,-7.19,1
y,2022-10-19 17:42:32.019848,0.12,-0.50,0.82,-13.00,8.79,2.14,-15.26,47.68,-8.65,1
y,2022-10-19 17:42:32.038057,0.12,-0.48,0.80,-11.54,4.88,6.23,-15.26,47.68,-8.65,1
y,2022-10-19 17:42:32.056033,0.12,-0.50,0.78,-10.74,1.22,7.02,-15.26,47.68,-8.65,1
y,2022-10-19 17:42:32.075016,0.10,-0.44,0.76,-16.97,1.16,-0.31,-15.44,48.47,-10.34,1
y,2022-10-19 17:42:32.093128,0.10,-0.42,0.78,-23.19,-2.56,-2.38,-15.44,48.47,-10.34,1
y,2022-10-19 17:42:32.111092,-0.03,-0.08,0.98,-14.47,-0.18,3.54,-15.44,48.47,-10.34,1
y,2022-10-19 17:42:32.129740,0.05,-0.49,0.79,21.06,2.50,21.24,-15.87,48.30,-10.01,1
y,2022-10-19 17:42:32.148184,-0.04,-0.65,0.82,-14.89,3.48,7.20,-15.87,48.30,-10.01,1
y,2022-10-19 17:42:32.167148,-0.00,-0.36,0.84,-16.11,-4.82,-14.53,-15.86,48.13,-10.19,1
y,2022-10-19 17:42:32.185021,0.00,-0.24,0.82,-15.01,-9.16,-17.52,-15.86,48.13,-10.19,1
y,2022-10-19 17:42:32.203372,0.01,-0.29,0.78,-1.22,-10.62,-16.05,-15.86,48.13,-10.19,1
y,2022-10-19 17:42:32.222031,-0.01,-0.29,0.80,2.87,-10.56,-19.78,-16.74,46.55,-8.78,1
y,2022-10-19 17:42:32.240158,0.01,-0.30,0.84,20.45,-7.69,-21.36,-16.74,46.55,-8.78,1
y,2022-10-19 17:42:32.258066,0.13,-0.38,0.95,31.68,-3.66,-14.95,-16.74,46.55,-8.78,1
y,2022-10-19 17:42:32.276918,0.14,-0.59,0.98,44.80,-3.78,-2.20,-16.55,45.19,-5.83,1
y,2022-10-19 17:42:32.295061,0.16,-0.84,0.93,41.81,-3.85,2.01,-16.55,45.19,-5.83,1
y,2022-10-19 17:42:32.312989,0.19,-0.81,0.95,19.47,0.06,-2.75,-16.55,45.19,-5.83,1
y,2022-10-19 17:42:32.331889,0.15,-0.71,1.01,4.82,4.03,-1.16,-16.82,44.20,-5.94,1
y,2022-10-19 17:42:32.350027,0.19,-0.35,0.84,21.42,-4.76,-10.99,-16.82,44.20,-5.94,1
y,2022-10-19 17:42:32.368705,0.08,-0.44,1.00,14.04,15.50,5.31,-16.89,44.26,-6.56,1
y,2022-10-19 17:42:32.386802,0.06,-0.49,0.94,11.54,28.87,9.22,-16.89,44.26,-6.56,1
y,2022-10-19 17:42:32.404815,0.07,-0.49,0.94,3.91,36.13,3.85,-16.89,44.26,-6.56,1
y,2022-10-19 17:42:32.424053,0.07,-0.43,0.94,-0.79,30.15,1.59,-16.42,44.67,-5.94,1
y,2022-10-19 17:42:32.441866,0.10,-0.50,0.87,-1.95,26.25,1.22,-16.42,44.67,-5.94,1
y,2022-10-19 17:42:32.460176,0.09,-0.49,0.84,-2.38,22.71,0.61,-16.42,44.67,-5.94,1
y,2022-10-19 17:42:32.478857,0.07,-0.52,0.78,0.37,15.93,3.54,-16.58,45.48,-6.95,1
y,2022-10-19 17:42:32.496858,0.09,-0.55,0.75,-2.93,9.03,4.21,-16.58,45.48,-6.95,1
y,2022-10-19 17:42:32.514796,0.06,-0.50,0.72,-5.80,-12.21,3.36,-16.58,45.48,-6.95,1
y,2022-10-19 17:42:32.533880,0.04,-0.49,0.66,-11.29,-7.39,3.36,-16.28,46.01,-9.96,1
y,2022-10-19 17:42:32.551952,0.08,-0.49,0.61,-15.69,-2.99,0.00,-16.28,46.01,-9.96,1
y,2022-10-19 17:42:32.570903,0.08,-0.49,0.68,-33.33,11.35,0.92,-16.50,46.02,-8.76,1
y,2022-10-19 17:42:32.588993,0.07,-0.43,0.89,-34.91,10.01,-2.08,-16.50,46.02,-8.76,1
y,2022-10-19 17:42:32.607338,0.07,-0.41,0.87,-17.64,-6.47,-2.56,-16.50,46.02,-8.76,1
y,2022-10-19 17:42:32.625858,0.07,-0.44,0.78,-1.53,-19.90,0.06,-16.47,45.67,-9.38,1
y,2022-10-19 17:42:32.643987,0.06,-0.44,0.79,-2.26,-19.10,-0.85,-16.47,45.67,-9.38,1
y,2022-10-19 17:42:32.662034,0.06,-0.44,0.81,1.95,-18.37,-1.71,-16.47,45.67,-9.38,1
y,2022-10-19 17:42:32.681037,0.08,-0.45,0.83,7.02,-19.04,-0.43,-16.47,45.37,-8.02,1
y,2022-10-19 17:42:32.698928,0.08,-0.47,0.84,9.64,-20.14,3.36,-16.47,45.37,-8.02,1
y,2022-10-19 17:42:32.716873,0.07,-0.52,0.83,12.21,-19.41,4.21,-16.47,45.37,-8.02,1
y,2022-10-19 17:42:32.735852,0.08,-0.51,0.85,13.61,-17.64,4.70,-16.83,43.92,-6.03,1
y,2022-10-19 17:42:32.753972,0.08,-0.51,0.87,14.89,-16.42,6.96,-16.83,43.92,-6.03,1
y,2022-10-19 17:42:32.772858,0.08,-0.52,0.89,18.80,-14.47,9.58,-16.75,43.91,-4.57,1
y,2022-10-19 17:42:32.790764,0.08,-0.57,0.91,19.41,-13.98,12.02,-16.75,43.91,-4.57,1
y,2022-10-19 17:42:32.808818,0.06,-0.56,0.91,13.24,-10.50,10.50,-16.75,43.91,-4.57,1
y,2022-10-19 17:42:32.827821,0.07,-0.51,0.98,12.57,-6.16,10.80,-17.13,43.36,-5.57,1
y,2022-10-19 17:42:32.845965,0.08,-0.48,1.00,17.21,-2.50,12.27,-17.13,43.36,-5.57,1
y,2022-10-19 17:42:32.863753,0.09,-0.52,1.00,29.30,0.24,16.11,-17.13,43.36,-5.57,1
y,2022-10-19 17:42:32.882745,0.08,-0.59,0.94,29.85,3.05,18.62,-16.92,43.91,-2.49,1
y,2022-10-19 17:42:32.900825,0.04,-0.58,0.92,13.73,7.02,15.44,-16.92,43.91,-2.49,1
y,2022-10-19 17:42:32.918755,0.01,-0.51,0.87,0.18,6.65,10.44,-16.92,43.91,-2.49,1
y,2022-10-19 17:42:32.938021,0.00,-0.43,0.90,-12.45,3.30,5.62,-17.15,44.82,-3.15,1
y,2022-10-19 17:42:32.955937,-0.03,-0.38,0.89,-13.12,-1.65,3.97,-17.15,44.82,-3.15,1
y,2022-10-19 17:42:32.974998,-0.04,-0.33,0.86,-11.41,-4.58,2.20,-16.50,44.76,-3.34,1
y,2022-10-19 17:42:32.992980,-0.02,-0.24,0.80,-8.36,-4.33,9.22,-16.50,44.76,-3.34,1
y,2022-10-19 17:42:33.010836,-0.34,-0.22,0.87,0.31,4.03,-1.04,-16.50,44.76,-3.34,1
y,2022-10-19 17:42:33.029842,-0.26,-0.27,1.03,24.48,15.87,8.61,-16.38,45.59,-3.93,1
y,2022-10-19 17:42:33.047996,-0.08,-0.48,0.93,48.34,16.60,14.53,-16.38,45.59,-3.93,1
