u,2022-10-13 18:12:02.796580,-0.24,-0.09,0.91,0.49,-2.26,0.98,20.74,14.58,-50.15,1
u,2022-10-13 18:12:02.814860,-0.21,-0.02,0.93,-8.30,-3.54,1.28,20.74,14.58,-50.15,1
u,2022-10-13 18:12:02.832566,-0.20,0.08,0.96,-5.55,-3.54,0.55,20.74,14.58,-50.15,1
u,2022-10-13 18:12:02.851754,-0.20,0.11,0.99,-3.97,-2.75,-2.69,18.88,14.77,-51.28,1
u,2022-10-13 18:12:02.869815,-0.21,0.10,1.01,-1.40,-0.12,-6.77,18.88,14.77,-51.28,1
u,2022-10-13 18:12:02.887667,-0.20,0.03,1.04,1.10,1.53,-9.70,18.88,14.77,-51.28,1
u,2022-10-13 18:12:02.906718,-0.21,-0.02,1.08,-1.65,5.68,-8.91,18.95,18.25,-50.59,1
u,2022-10-13 18:12:02.924674,-0.26,-0.03,1.11,-5.13,9.09,-6.90,18.95,18.25,-50.59,1
u,2022-10-13 18:12:02.943745,-0.24,-0.05,1.09,-7.26,13.49,-6.16,20.07,20.53,-49.84,1
u,2022-10-13 18:12:02.961828,-0.20,-0.03,1.02,-11.78,17.40,-3.54,20.07,20.53,-49.84,1
u,2022-10-13 18:12:02.979748,-0.20,-0.01,1.00,-14.04,15.38,-1.59,20.07,20.53,-49.84,1
u,2022-10-13 18:12:02.998649,-0.18,-0.01,0.96,-11.41,17.15,1.10,21.85,21.75,-49.99,1
u,2022-10-13 18:12:03.016601,-0.17,-0.05,0.92,-10.25,17.88,3.30,21.85,21.75,-49.99,1
u,2022-10-13 18:12:03.034737,-0.14,-0.12,0.82,-15.14,16.36,5.07,21.85,21.75,-49.99,1
u,2022-10-13 18:12:03.053568,-0.17,-0.07,0.79,-27.53,13.49,8.42,27.28,22.23,-48.00,1
u,2022-10-13 18:12:03.071620,-0.14,-0.06,0.62,-23.25,2.69,11.60,27.28,22.23,-48.00,1
u,2022-10-13 18:12:03.089563,-0.93,0.19,0.49,-12.21,-6.90,19.17,27.28,22.23,-48.00,1
u,2022-10-13 18:12:03.108566,-0.31,0.37,0.75,53.47,23.25,-13.18,32.34,21.98,-48.17,1
u,2022-10-13 18:12:03.126635,-0.07,-0.51,0.22,68.66,16.17,43.21,32.34,21.98,-48.17,1
u,2022-10-13 18:12:03.145704,-0.18,-0.04,0.21,-5.31,-59.45,24.54,29.57,22.69,-50.28,1
u,2022-10-13 18:12:03.163655,-0.22,0.28,0.32,-27.59,-78.00,17.76,29.57,22.69,-50.28,1
u,2022-10-13 18:12:03.181565,-0.33,0.31,0.58,0.18,-80.14,13.00,29.57,22.69,-50.28,1
u,2022-10-13 18:12:03.200582,-0.38,0.28,1.00,20.45,-63.48,2.81,23.32,27.23,-55.80,1
u,2022-10-13 18:12:03.218644,-0.36,0.22,1.32,46.33,-32.29,-12.33,23.32,27.23,-55.80,1
u,2022-10-13 18:12:03.236664,-0.44,-0.06,1.79,45.35,-17.94,-24.05,23.32,27.23,-55.80,1
u,2022-10-13 18:12:03.255626,-0.40,-0.19,1.87,41.69,-2.08,-23.86,17.09,33.84,-53.06,1
u,2022-10-13 18:12:03.273682,-0.60,-0.10,1.94,24.11,10.13,-43.82,17.09,33.84,-53.06,1
u,2022-10-13 18:12:03.292633,-0.39,-0.16,1.70,-0.79,77.94,-48.89,11.39,38.77,-50.96,1
u,2022-10-13 18:12:03.310745,-0.29,-0.47,1.22,4.58,73.73,-19.78,11.39,38.77,-50.96,1
u,2022-10-13 18:12:03.328642,-0.25,-0.46,0.88,-0.98,64.88,-3.78,11.39,38.77,-50.96,1
u,2022-10-13 18:12:03.347631,-0.22,-0.35,0.55,-12.39,50.11,5.37,17.16,39.99,-51.90,1
u,2022-10-13 18:12:03.365607,-0.19,-0.17,0.22,-10.44,27.95,13.85,17.16,39.99,-51.90,1
u,2022-10-13 18:12:03.383912,-0.11,0.09,-0.04,-32.59,-23.62,-0.67,17.16,39.99,-51.90,1
u,2022-10-13 18:12:03.402753,-0.33,0.31,0.45,-25.02,11.29,9.64,21.79,39.36,-49.98,1
u,2022-10-13 18:12:03.420570,-0.16,0.27,-0.11,4.09,-13.12,34.30,21.79,39.36,-49.98,1
u,2022-10-13 18:12:03.438657,-0.22,0.31,0.15,14.28,-55.11,-4.27,21.79,39.36,-49.98,1
u,2022-10-13 18:12:03.457617,-0.27,0.34,0.63,28.44,-60.67,-25.02,13.16,41.39,-53.42,1
u,2022-10-13 18:12:03.475721,-0.37,0.04,1.17,56.88,-50.72,-31.13,13.16,41.39,-53.42,1
u,2022-10-13 18:12:03.494722,-0.38,-0.32,1.42,45.35,-39.31,-40.10,-2.77,44.80,-48.28,1
u,2022-10-13 18:12:03.512835,-0.45,-0.46,1.64,20.94,-19.59,-34.42,-2.77,44.80,-48.28,1
u,2022-10-13 18:12:03.530648,-0.64,-0.38,1.64,8.61,1.46,-13.98,-2.77,44.80,-48.28,1
u,2022-10-13 18:12:03.549609,-0.54,-0.24,1.42,43.03,38.94,-5.68,-6.90,44.03,-47.11,1
u,2022-10-13 18:12:03.567829,-0.30,-0.27,1.26,32.78,45.10,-10.93,-6.90,44.03,-47.11,1
u,2022-10-13 18:12:03.585738,-0.28,-0.24,1.12,26.73,39.49,-9.95,-6.90,44.03,-47.11,1
u,2022-10-13 18:12:03.604628,-0.29,-0.13,0.99,13.00,34.97,-7.69,-5.94,42.82,-47.17,1
u,2022-10-13 18:12:03.622609,-0.27,-0.05,0.81,11.96,26.49,-5.13,-5.94,42.82,-47.17,1
u,2022-10-13 18:12:03.640753,-0.17,-0.03,0.73,11.84,20.14,-3.72,-5.94,42.82,-47.17,1
