e,2022-10-30 17:41:11.476856,0.21,-0.59,1.24,-16.42,28.56,-38.39,80.24,15.86,-168.01,1
e,2022-10-30 17:41:11.496729,0.25,-0.58,0.95,-20.87,33.94,-27.47,80.24,15.86,-168.01,1
e,2022-10-30 17:41:11.516308,0.21,-0.45,1.04,-46.81,39.12,-13.00,80.24,15.86,-168.01,1
e,2022-10-30 17:41:11.538958,0.23,-0.42,0.89,-38.45,36.93,-10.86,86.05,18.53,-166.14,1
e,2022-10-30 17:41:11.558264,0.21,-0.39,0.77,-24.17,24.41,-5.86,86.05,18.53,-166.14,1
e,2022-10-30 17:41:11.579727,0.25,-0.35,0.79,-43.33,23.44,-3.60,94.03,16.71,-165.01,1
e,2022-10-30 17:41:11.601060,0.23,-0.09,0.78,-41.44,15.75,-1.95,94.03,16.71,-165.01,1
e,2022-10-30 17:41:11.620272,0.15,0.05,0.96,-49.01,8.18,-10.50,94.03,16.71,-165.01,1
e,2022-10-30 17:41:11.641635,0.09,0.03,1.09,-1.95,0.43,-13.98,101.06,14.40,-162.84,1
e,2022-10-30 17:41:11.660953,0.31,-0.66,0.75,102.78,13.55,22.16,101.06,14.40,-162.84,1
e,2022-10-30 17:41:11.680055,0.21,-0.33,0.94,-12.76,14.28,-6.65,104.47,17.82,-161.15,1
e,2022-10-30 17:41:11.701347,0.20,-0.18,0.90,-28.56,16.48,-14.53,104.47,17.82,-161.15,1
e,2022-10-30 17:41:11.721986,0.23,-0.19,0.90,-32.17,20.08,-5.92,105.36,16.19,-160.12,1
e,2022-10-30 17:41:11.741182,0.21,-0.15,0.97,-18.86,18.19,6.10,105.36,16.19,-160.12,1
e,2022-10-30 17:41:11.760952,0.23,-0.15,1.03,3.66,6.23,0.85,105.36,16.19,-160.12,1
e,2022-10-30 17:41:11.780952,0.28,-0.28,0.98,16.72,-1.77,-0.37,106.32,16.80,-159.16,1
e,2022-10-30 17:41:11.801391,0.22,-0.10,1.18,2.50,-1.40,-7.63,106.32,16.80,-159.16,1
e,2022-10-30 17:41:11.819356,0.23,-0.06,1.17,-7.14,20.26,-22.58,106.32,16.80,-159.16,1
e,2022-10-30 17:41:11.840676,0.33,-0.32,0.93,-0.73,29.30,-25.94,106.15,20.43,-158.47,1
e,2022-10-30 17:41:11.861230,0.36,-0.49,0.82,-1.10,23.93,-23.07,106.15,20.43,-158.47,1
e,2022-10-30 17:41:11.882879,0.31,-0.32,0.92,-36.68,38.94,-18.92,107.23,22.94,-157.26,1
e,2022-10-30 17:41:11.902583,0.34,-0.32,0.87,-43.70,43.82,-16.36,107.23,22.94,-157.26,1
e,2022-10-30 17:41:11.925586,0.28,-0.28,0.66,-18.62,27.89,-3.66,111.98,17.26,-153.45,1
e,2022-10-30 17:41:11.945652,0.26,-0.29,0.59,-3.66,6.35,6.71,111.98,17.26,-153.45,1
e,2022-10-30 17:41:11.965688,0.18,-0.15,0.51,5.92,-19.47,20.87,111.98,17.26,-153.45,1
e,2022-10-30 17:41:11.987593,0.18,-0.01,0.59,41.93,-53.16,22.09,112.22,9.77,-152.36,1
e,2022-10-30 17:41:12.006075,0.12,0.13,0.92,34.12,-37.78,12.45,112.22,9.77,-152.36,1
e,2022-10-30 17:41:12.027152,0.16,0.00,1.03,19.96,-18.92,1.83,108.90,10.69,-154.54,1
e,2022-10-30 17:41:12.047908,0.24,-0.00,1.02,8.24,-5.68,-0.49,108.90,10.69,-154.54,1
e,2022-10-30 17:41:12.067899,0.30,-0.19,1.15,39.86,-13.85,-1.34,108.90,10.69,-154.54,1
e,2022-10-30 17:41:12.089537,0.34,-0.47,1.15,44.19,-23.74,-10.99,106.86,18.70,-154.60,1
e,2022-10-30 17:41:12.108921,0.30,-0.43,1.10,-0.67,-23.01,-23.93,106.86,18.70,-154.60,1
e,2022-10-30 17:41:12.129176,0.23,-0.22,1.22,-38.64,-8.24,-31.62,101.28,26.87,-157.10,1
e,2022-10-30 17:41:12.148552,0.19,-0.15,1.24,-81.54,39.00,-44.31,101.28,26.87,-157.10,1
e,2022-10-30 17:41:12.168118,0.20,-0.08,0.94,-93.75,66.83,-35.52,101.28,26.87,-157.10,1
e,2022-10-30 17:41:12.190454,0.19,-0.08,0.77,-70.74,50.60,-37.78,100.42,26.27,-154.63,1
e,2022-10-30 17:41:12.208308,0.15,-0.19,0.50,-16.42,3.91,-24.66,100.42,26.27,-154.63,1
e,2022-10-30 17:41:12.228442,0.00,-0.35,0.49,31.68,-29.36,-6.04,96.66,30.13,-155.91,1
e,2022-10-30 17:41:12.250070,-0.02,-0.43,0.49,58.23,-49.01,8.97,96.66,30.13,-155.91,1
e,2022-10-30 17:41:12.270284,0.13,-0.61,0.47,71.17,-70.43,32.41,83.67,32.09,-159.07,1
e,2022-10-30 17:41:12.289219,0.14,-0.58,0.64,44.62,-77.33,49.87,83.67,32.09,-159.07,1
e,2022-10-30 17:41:12.307990,0.28,-0.23,0.83,8.79,-67.69,64.88,83.67,32.09,-159.07,1
e,2022-10-30 17:41:12.328954,0.41,0.08,1.00,-10.80,-58.96,56.70,69.25,21.92,-163.29,1
e,2022-10-30 17:41:12.346323,0.47,0.28,1.14,-29.60,-45.17,35.52,69.25,21.92,-163.29,1
e,2022-10-30 17:41:12.366319,0.38,0.27,1.28,0.55,-37.23,11.96,69.25,21.92,-163.29,1
e,2022-10-30 17:41:12.386560,0.32,0.02,1.18,15.38,-26.12,-3.85,60.51,18.53,-164.11,1
e,2022-10-30 17:41:12.408244,0.20,-0.08,1.25,9.46,-7.93,-6.84,60.51,18.53,-164.11,1
e,2022-10-30 17:41:12.428252,0.17,-0.31,0.97,18.55,-3.17,-6.84,60.44,25.89,-165.06,1
e,2022-10-30 17:41:12.448206,0.14,-0.34,1.07,0.31,-5.25,-9.03,60.44,25.89,-165.06,1
e,2022-10-30 17:41:12.470798,0.11,-0.36,1.02,-8.00,-3.97,-8.97,60.44,25.89,-165.06,1
e,2022-10-30 17:41:12.491420,0.08,-0.38,0.97,0.79,-5.80,-1.59,61.49,31.51,-166.25,1
