K,2022-11-13 14:15:31.575946,-1.656872,9.687434,2.159680,0.217136,-0.090370,0.430970,131.656356,-26.432010,-0.172781,1
K,2022-11-13 14:15:31.671947,-1.527578,9.740109,2.145314,0.081845,-0.140838,0.359197,131.656356,-26.432010,-0.172781,1
K,2022-11-13 14:15:31.768080,-0.656045,12.460061,2.490097,0.372534,0.210172,-0.277042,132.192276,-26.252201,0.345562,1
K,2022-11-13 14:15:31.862993,-2.083062,9.304343,0.454922,0.888529,-0.505430,0.138950,115.043006,-6.832765,7.602374,1
K,2022-11-13 14:15:31.944243,-3.012059,7.317053,1.154064,0.441111,-0.340711,0.613133,117.008026,15.643436,5.010655,1
K,2022-11-13 14:15:32.039729,-2.657699,9.438425,2.039964,0.342839,0.203780,0.201801,117.008026,15.643436,5.010655,1
K,2022-11-13 14:15:32.136440,-1.412651,8.044928,1.819686,-0.491542,-0.220201,0.361727,127.011764,17.801151,11.921904,1
K,2022-11-13 14:15:32.231057,-1.958557,11.899789,1.901093,-0.475696,-0.262147,0.424578,140.230987,-19.599246,-9.157404,1
K,2022-11-13 14:15:32.327182,-1.910670,12.009928,1.881938,-0.091795,-0.148828,0.503009,142.017379,-38.299446,-53.043830,1
K,2022-11-13 14:15:32.423350,-1.685604,9.639548,0.407035,1.149656,-0.222598,-0.013518,142.017379,-38.299446,-53.043830,1
K,2022-11-13 14:15:32.519030,-2.461365,6.277917,0.569849,0.314077,-0.620214,0.489827,130.227249,-10.968386,-26.781087,1
K,2022-11-13 14:15:32.614470,-3.668104,5.717645,1.168430,0.710627,-0.541783,1.174003,137.551422,7.552003,-24.880495,1
K,2022-11-13 14:15:32.709736,-0.962518,11.612470,1.446171,-0.219096,0.149318,0.818732,142.553283,-5.753907,-17.278121,1
K,2022-11-13 14:15:32.806687,-0.636890,10.080103,0.919420,0.267071,-0.211679,0.136819,142.553283,-5.753907,-17.278121,1
K,2022-11-13 14:15:32.901943,0.134082,8.523793,1.513213,-0.175686,-0.616486,0.193412,141.124176,-21.936771,-12.785810,1
K,2022-11-13 14:15:32.997801,-4.850900,11.056987,2.605024,-0.026147,-0.227126,0.344283,147.912429,-28.050296,-55.635551,1
K,2022-11-13 14:15:33.094000,-1.939402,10.008274,2.499674,-0.373828,-0.151890,0.392087,144.875579,-30.387823,-101.077011,1
K,2022-11-13 14:15:33.184922,-2.260241,9.471945,2.509251,0.272264,-0.058678,0.631243,146.304687,-31.107061,-99.349197,1
K,2022-11-13 14:15:33.285536,-2.020809,9.562930,2.403901,0.071326,-0.166538,0.398346,144.161026,-31.826299,-97.621383,1
K,2022-11-13 14:15:33.381540,-1.953768,9.562930,2.451787,0.222196,-0.123128,0.542558,144.161026,-31.826299,-97.621383,1
K,2022-11-13 14:15:33.477378,-1.834052,9.615605,2.341649,0.126454,-0.137642,0.517124,143.982391,-34.163822,-97.448608,1
K,2022-11-13 14:15:33.573330,-1.886727,9.572506,2.341649,0.215006,-0.114206,0.518989,146.840606,-32.725345,-97.103042,1
