g,2022-10-31 14:16:49.257580,0.39,-0.66,0.42,16.36,27.22,-5.25,-15.94,26.27,-60.86,1
g,2022-10-31 14:16:49.277538,0.42,-0.69,0.46,0.43,23.86,-9.03,-15.94,26.27,-60.86,1
g,2022-10-31 14:16:49.296678,0.44,-0.69,0.50,-10.07,15.44,-11.72,-17.35,30.05,-69.92,1
g,2022-10-31 14:16:49.316719,0.45,-0.65,0.53,-12.08,12.76,-8.12,-17.35,30.05,-69.92,1
g,2022-10-31 14:16:49.335690,0.45,-0.56,0.56,10.99,4.64,-9.83,-17.35,30.05,-69.92,1
g,2022-10-31 14:16:49.355978,0.47,-0.67,0.53,16.05,-0.92,-15.08,-18.07,32.41,-72.31,1
g,2022-10-31 14:16:49.372854,0.43,-0.77,0.58,1.83,-4.76,-23.13,-18.07,32.41,-72.31,1
g,2022-10-31 14:16:49.393125,0.35,-0.84,0.63,-18.25,-6.04,-18.25,-18.74,33.37,-72.69,1
g,2022-10-31 14:16:49.410073,0.23,-0.92,0.75,-6.04,-7.08,-7.08,-18.74,33.37,-72.69,1
g,2022-10-31 14:16:49.429716,0.29,-0.80,0.67,5.13,-4.52,3.91,-18.74,33.37,-72.69,1
g,2022-10-31 14:16:49.450711,0.30,-0.72,0.64,12.02,-2.08,10.74,-19.79,33.09,-75.78,1
g,2022-10-31 14:16:49.470763,0.36,-0.71,0.78,4.70,3.48,11.60,-19.79,33.09,-75.78,1
g,2022-10-31 14:16:49.488777,0.40,-0.58,0.74,-14.40,10.01,7.93,-21.42,34.23,-75.38,1
g,2022-10-31 14:16:49.508354,0.41,-0.63,0.71,12.76,6.65,1.40,-21.42,34.23,-75.38,1
g,2022-10-31 14:16:49.528696,0.41,-0.68,0.58,4.94,8.06,-2.20,-21.42,34.23,-75.38,1
g,2022-10-31 14:16:49.549784,0.42,-0.71,0.49,-15.26,9.83,-11.05,-23.94,34.47,-76.18,1
g,2022-10-31 14:16:49.570952,0.39,-0.74,0.48,-59.75,7.81,-23.99,-23.94,34.47,-76.18,1
g,2022-10-31 14:16:49.589422,0.27,-0.92,0.52,-57.62,3.60,-14.04,-27.56,34.84,-77.37,1
g,2022-10-31 14:16:49.608917,0.36,-0.63,0.46,-39.98,-1.95,8.73,-27.56,34.84,-77.37,1
g,2022-10-31 14:16:49.628176,0.35,-0.63,0.42,-31.37,-8.97,7.45,-27.56,34.84,-77.37,1
g,2022-10-31 14:16:49.649405,0.30,-0.68,0.47,-34.06,-18.01,-0.37,-30.18,34.07,-75.93,1
g,2022-10-31 14:16:49.669192,0.19,-0.65,0.59,-45.17,-24.05,-2.38,-30.18,34.07,-75.93,1
g,2022-10-31 14:16:49.692450,0.15,-0.62,0.63,-24.41,-21.79,5.80,-33.20,33.36,-71.22,1
g,2022-10-31 14:16:49.709007,0.08,-0.59,0.73,-15.75,-16.91,7.20,-33.20,33.36,-71.22,1
g,2022-10-31 14:16:49.729998,0.10,-0.58,0.71,0.00,-10.44,9.28,-33.20,33.36,-71.22,1
g,2022-10-31 14:16:49.751134,0.15,-0.69,0.72,36.19,-15.01,12.51,-35.40,31.88,-66.98,1
g,2022-10-31 14:16:49.770195,0.16,-0.69,0.77,50.66,-17.88,21.67,-35.40,31.88,-66.98,1
g,2022-10-31 14:16:49.789676,0.10,-0.73,0.77,33.02,-8.00,21.18,-36.07,31.01,-61.52,1
g,2022-10-31 14:16:49.808894,0.10,-0.74,0.70,17.82,0.49,21.85,-36.07,31.01,-61.52,1
g,2022-10-31 14:16:49.828370,0.20,-0.67,0.63,5.86,4.21,23.99,-36.07,31.01,-61.52,1
g,2022-10-31 14:16:49.849496,0.32,-0.62,0.63,-19.59,6.16,10.50,-37.77,30.03,-58.62,1
g,2022-10-31 14:16:49.869990,0.31,-0.59,0.66,-34.55,4.88,4.58,-37.77,30.03,-58.62,1
g,2022-10-31 14:16:49.890334,0.27,-0.58,0.70,-27.59,-0.37,0.18,-39.56,29.57,-54.69,1
g,2022-10-31 14:16:49.910496,0.26,-0.64,0.67,-11.11,-3.17,0.37,-39.56,29.57,-54.69,1
g,2022-10-31 14:16:49.928610,0.23,-0.75,0.68,-3.11,-8.24,6.47,-39.56,29.57,-54.69,1
g,2022-10-31 14:16:49.946943,0.21,-0.78,0.73,-5.74,-9.22,12.21,-39.65,27.60,-49.15,1
g,2022-10-31 14:16:49.966075,0.23,-0.75,0.72,-7.87,-6.71,16.60,-39.65,27.60,-49.15,1
g,2022-10-31 14:16:49.985667,0.09,-0.71,0.64,-2.81,-6.10,20.08,-39.65,27.60,-49.15,1
g,2022-10-31 14:16:50.005669,0.26,-0.61,0.69,81.12,-12.39,15.32,-39.44,25.78,-44.29,1
g,2022-10-31 14:16:50.024389,0.25,-0.86,0.55,63.84,-10.62,10.74,-39.44,25.78,-44.29,1
g,2022-10-31 14:16:50.043769,0.25,-0.64,0.67,4.64,-1.40,7.20,-39.98,26.34,-43.03,1
g,2022-10-31 14:16:50.063360,0.26,-0.66,0.66,-5.43,0.12,10.99,-39.98,26.34,-43.03,1
g,2022-10-31 14:16:50.084505,0.41,-1.37,0.59,-1.83,16.24,45.04,-39.98,26.34,-43.03,1
g,2022-10-31 14:16:50.103762,0.27,-0.36,0.90,-43.76,19.10,15.81,-41.66,30.41,-46.79,1
g,2022-10-31 14:16:50.122441,0.34,-0.66,0.66,0.49,0.73,5.62,-41.66,30.41,-46.79,1
g,2022-10-31 14:16:50.143241,0.59,-1.24,0.71,-22.46,15.69,61.52,-41.70,32.17,-47.02,1
g,2022-10-31 14:16:50.162466,0.46,-0.69,0.81,-21.73,11.05,10.93,-41.70,32.17,-47.02,1
g,2022-10-31 14:16:50.180175,0.33,-0.81,0.55,-5.31,-7.08,36.80,-41.70,32.17,-47.02,1
g,2022-10-31 14:16:50.201118,0.33,-0.66,0.67,-11.84,-13.49,36.87,-42.69,33.84,-48.74,1
g,2022-10-31 14:16:50.220286,0.36,-0.66,0.61,-10.13,-16.60,32.65,-42.69,33.84,-48.74,1
g,2022-10-31 14:16:50.239406,0.30,-0.59,0.68,-16.11,-16.48,31.07,-42.97,34.72,-48.18,1
g,2022-10-31 14:16:50.257158,0.36,-0.53,0.63,-10.38,-15.81,23.38,-42.97,34.72,-48.18,1
g,2022-10-31 14:16:50.277526,0.30,-0.49,0.71,-10.62,-15.20,18.49,-42.97,34.72,-48.18,1
g,2022-10-31 14:16:50.297702,0.30,-0.50,0.68,-4.46,-15.69,12.21,-42.76,33.57,-50.61,1
g,2022-10-31 14:16:50.317839,0.28,-0.42,0.76,-1.71,-24.72,7.14,-42.76,33.57,-50.61,1
g,2022-10-31 14:16:50.337895,0.28,-0.36,0.79,-6.04,-21.00,-2.44,-42.76,33.57,-50.61,1
g,2022-10-31 14:16:50.356456,0.31,-0.42,0.78,0.73,-19.53,-5.13,-41.35,32.25,-46.28,1
g,2022-10-31 14:16:50.376788,0.31,-0.42,0.82,12.21,-21.00,-1.59,-41.35,32.25,-46.28,1
g,2022-10-31 14:16:50.396854,0.30,-0.43,0.74,20.63,-21.30,-1.34,-37.73,30.22,-44.25,1
g,2022-10-31 14:16:50.417929,0.28,-0.53,0.71,34.12,-22.34,-4.21,-37.73,30.22,-44.25,1
g,2022-10-31 14:16:50.437725,0.31,-0.60,0.77,25.21,-17.09,-5.37,-32.82,27.34,-39.27,1
g,2022-10-31 14:16:50.456142,0.31,-0.62,0.77,13.24,-14.16,-10.93,-32.82,27.34,-39.27,1
g,2022-10-31 14:16:50.475849,0.30,-0.58,0.76,0.06,-9.95,-9.46,-32.82,27.34,-39.27,1
g,2022-10-31 14:16:50.496201,0.29,-0.57,0.77,0.79,-11.66,-12.08,-27.82,26.39,-38.64,1
g,2022-10-31 14:16:50.514216,0.27,-0.58,0.82,5.37,-12.76,-14.77,-27.82,26.39,-38.64,1
g,2022-10-31 14:16:50.533120,0.27,-0.56,0.78,8.61,-12.39,-14.77,-27.82,26.39,-38.64,1
g,2022-10-31 14:16:50.555300,0.26,-0.60,0.78,12.08,-11.90,-19.71,-23.17,25.61,-35.88,1
g,2022-10-31 14:16:50.572204,0.29,-0.60,0.81,8.73,-9.52,-24.11,-23.17,25.61,-35.88,1
g,2022-10-31 14:16:50.592864,0.28,-0.62,0.80,7.45,-6.84,-23.99,-20.08,25.49,-34.79,1
g,2022-10-31 14:16:50.612178,0.23,-0.54,0.85,3.78,-0.18,-27.83,-20.08,25.49,-34.79,1
g,2022-10-31 14:16:50.631050,0.25,-0.51,0.91,4.33,9.40,-32.53,-20.08,25.49,-34.79,1
g,2022-10-31 14:16:50.652262,0.24,-0.56,0.89,5.37,18.74,-32.53,-19.93,25.60,-35.80,1
g,2022-10-31 14:16:50.672423,0.29,-0.63,0.83,18.01,19.47,-19.41,-19.93,25.60,-35.80,1
g,2022-10-31 14:16:50.692919,0.28,-0.68,0.81,23.93,19.96,-8.42,-21.81,26.22,-39.29,1
g,2022-10-31 14:16:50.712068,0.30,-0.75,0.69,18.43,17.64,-1.95,-21.81,26.22,-39.29,1
g,2022-10-31 14:16:50.730289,0.28,-0.78,0.70,9.34,14.22,2.50,-21.81,26.22,-39.29,1
g,2022-10-31 14:16:50.749039,0.29,-0.74,0.70,-5.37,18.43,3.36,-26.01,27.08,-39.11,1
g,2022-10-31 14:16:50.768704,0.29,-0.75,0.71,-13.49,18.49,6.65,-26.01,27.08,-39.11,1
g,2022-10-31 14:16:50.788909,0.30,-0.70,0.59,-8.24,12.08,8.97,-32.45,29.91,-41.22,1
g,2022-10-31 14:16:50.806453,0.28,-0.70,0.66,-7.20,9.46,8.00,-32.45,29.91,-41.22,1
g,2022-10-31 14:16:50.826261,0.36,-0.72,0.75,-26.86,23.32,12.08,-32.45,29.91,-41.22,1
g,2022-10-31 14:16:50.847274,0.32,-0.69,0.64,-12.70,15.63,11.29,-38.79,33.45,-42.48,1
g,2022-10-31 14:16:50.867947,0.29,-0.64,0.66,-15.87,6.41,13.61,-38.79,33.45,-42.48,1
g,2022-10-31 14:16:50.888970,0.28,-0.62,0.66,-17.88,8.18,11.84,-44.01,37.48,-45.24,1
g,2022-10-31 14:16:50.907157,0.30,-0.58,0.64,-18.19,9.03,10.01,-44.01,37.48,-45.24,1
g,2022-10-31 14:16:50.926801,0.23,-0.53,0.58,-10.62,4.88,2.32,-44.01,37.48,-45.24,1
g,2022-10-31 14:16:50.948611,0.29,-0.53,0.62,-4.03,1.40,-2.87,-47.74,40.37,-46.90,1
g,2022-10-31 14:16:50.968943,0.30,-0.58,0.67,4.52,-3.78,-7.26,-47.74,40.37,-46.90,1
g,2022-10-31 14:16:50.986693,0.30,-0.55,0.70,-8.18,2.26,-2.26,-47.92,41.03,-47.67,1
g,2022-10-31 14:16:51.005731,0.31,-0.56,0.71,-9.03,6.29,6.71,-47.92,41.03,-47.67,1
g,2022-10-31 14:16:51.024206,0.31,-0.58,0.70,-14.59,10.13,9.16,-47.92,41.03,-47.67,1
g,2022-10-31 14:16:51.044072,0.13,-0.26,0.40,-18.25,6.29,4.09,-46.20,41.20,-46.11,1
g,2022-10-31 14:16:51.063692,0.26,-0.53,0.61,6.65,-13.18,-9.77,-46.20,41.20,-46.11,1
g,2022-10-31 14:16:51.082581,0.27,-0.51,0.63,2.69,-14.89,-15.01,-46.20,41.20,-46.11,1
g,2022-10-31 14:16:51.102944,0.27,-0.53,0.65,3.42,-14.59,-16.78,-42.71,37.05,-45.52,1
g,2022-10-31 14:16:51.121230,0.27,-0.56,0.69,4.76,-15.14,-15.14,-42.71,37.05,-45.52,1
g,2022-10-31 14:16:51.142552,0.26,-0.52,0.71,11.05,-14.28,-14.59,-35.64,33.54,-43.24,1
g,2022-10-31 14:16:51.162696,0.26,-0.51,0.70,7.93,-12.94,-18.55,-35.64,33.54,-43.24,1
g,2022-10-31 14:16:51.182363,0.27,-0.55,0.73,8.61,-9.22,-19.65,-35.64,33.54,-43.24,1
g,2022-10-31 14:16:51.202456,0.29,-0.57,0.71,15.01,-6.65,-18.37,-27.19,30.59,-40.97,1
g,2022-10-31 14:16:51.219862,0.27,-0.68,0.72,24.54,-12.39,-19.53,-27.19,30.59,-40.97,1
g,2022-10-31 14:16:51.239196,0.30,-0.74,0.76,11.23,-6.77,-8.30,-17.38,28.48,-39.27,1
g,2022-10-31 14:16:51.258974,0.29,-0.70,0.74,3.60,-5.86,-11.23,-17.38,28.48,-39.27,1
g,2022-10-31 14:16:51.279291,0.29,-0.69,0.71,3.97,-9.64,-12.02,-17.38,28.48,-39.27,1
g,2022-10-31 14:16:51.299250,0.27,-0.70,0.74,8.85,-11.66,-8.18,-9.90,28.82,-40.52,1
g,2022-10-31 14:16:51.318722,0.27,-0.71,0.70,8.42,-12.63,-7.32,-9.90,28.82,-40.52,1
g,2022-10-31 14:16:51.338935,0.26,-0.71,0.71,4.52,-13.37,-3.42,-4.80,29.06,-41.15,1
g,2022-10-31 14:16:51.357219,0.24,-0.69,0.73,2.38,-11.60,-2.87,-4.80,29.06,-41.15,1
g,2022-10-31 14:16:51.376861,0.25,-0.68,0.76,1.22,-10.25,-2.08,-4.80,29.06,-41.15,1
g,2022-10-31 14:16:51.398693,0.22,-0.67,0.81,7.87,-10.38,3.36,-0.46,29.15,-39.07,1
g,2022-10-31 14:16:51.416629,0.25,-0.67,0.81,11.47,-8.30,5.55,-0.46,29.15,-39.07,1
g,2022-10-31 14:16:51.436616,0.25,-0.69,0.79,9.46,-4.76,7.93,0.89,29.27,-37.81,1
g,2022-10-31 14:16:51.457018,0.27,-0.74,0.69,2.62,-4.21,9.70,0.89,29.27,-37.81,1
g,2022-10-31 14:16:51.475566,0.24,-0.68,0.76,-1.34,-7.02,11.35,0.89,29.27,-37.81,1
g,2022-10-31 14:16:51.495330,0.29,-0.72,0.73,0.24,-5.55,10.68,-0.20,28.15,-36.18,1
g,2022-10-31 14:16:51.515692,0.25,-0.72,0.73,2.38,-7.14,20.14,-0.20,28.15,-36.18,1
g,2022-10-31 14:16:51.534757,0.24,-0.69,0.75,-3.48,-5.49,20.32,-0.20,28.15,-36.18,1
g,2022-10-31 14:16:51.552884,0.29,-0.65,0.76,-11.41,1.95,10.50,-3.17,27.33,-33.01,1
g,2022-10-31 14:16:51.572351,0.26,-0.57,0.81,-17.15,4.52,10.68,-3.17,27.33,-33.01,1
g,2022-10-31 14:16:51.592158,0.24,-0.53,0.83,-16.72,6.47,3.54,-7.04,26.70,-31.43,1
g,2022-10-31 14:16:51.611852,0.18,-0.43,0.78,3.85,1.65,-0.49,-7.04,26.70,-31.43,1
g,2022-10-31 14:16:51.632847,0.18,-0.45,0.73,21.00,-4.03,-4.94,-7.04,26.70,-31.43,1
g,2022-10-31 14:16:51.653786,0.22,-0.59,0.70,34.12,-10.01,-22.64,-11.55,25.68,-30.20,1
g,2022-10-31 14:16:51.673577,0.22,-0.59,0.69,18.55,-8.48,-10.50,-11.55,25.68,-30.20,1
g,2022-10-31 14:16:51.694970,0.22,-0.64,0.69,0.00,-2.99,0.43,-11.24,24.26,-29.91,1
g,2022-10-31 14:16:51.714417,0.23,-0.67,0.70,-9.16,0.67,2.81,-11.24,24.26,-29.91,1
g,2022-10-31 14:16:51.738137,0.16,-0.64,0.70,-38.33,3.11,3.36,-11.24,24.26,-29.91,1
g,2022-10-31 14:16:51.755132,-0.03,-0.71,0.84,-22.22,-1.16,-13.43,-8.56,23.36,-29.57,1
g,2022-10-31 14:16:51.772842,-0.12,-0.83,0.85,20.32,7.69,10.74,-8.56,23.36,-29.57,1
