q,2022-10-16 15:27:57.354964,-0.25,0.67,0.78,-42.11,1.71,-6.71,100.66,-3.89,91.87,1
q,2022-10-16 15:27:57.376691,-0.31,0.67,0.72,-30.76,10.25,-7.02,103.11,-2.77,93.15,1
q,2022-10-16 15:27:57.396136,-0.33,0.82,0.89,44.68,-16.24,-0.24,103.11,-2.77,93.15,1
q,2022-10-16 15:27:57.417290,-0.18,0.43,0.65,15.56,20.75,-9.64,103.11,-2.77,93.15,1
q,2022-10-16 15:27:57.439529,-0.18,0.48,0.55,-23.32,14.47,-2.44,101.10,-7.58,94.38,1
q,2022-10-16 15:27:57.461290,-0.21,0.52,0.57,-20.14,15.14,7.63,101.10,-7.58,94.38,1
q,2022-10-16 15:27:57.485218,-0.12,0.44,0.45,0.67,18.62,37.84,98.14,-11.17,101.12,1
q,2022-10-16 15:27:57.503902,-0.15,0.52,0.45,-6.41,1.16,47.18,98.14,-11.17,101.12,1
q,2022-10-16 15:27:57.526629,-0.16,0.62,0.48,-11.05,-7.75,59.14,99.33,-15.04,109.88,1
q,2022-10-16 15:27:57.544638,-0.20,0.92,0.48,-22.64,-9.95,55.24,99.33,-15.04,109.88,1
q,2022-10-16 15:27:57.565450,-0.19,1.03,0.42,-14.77,-11.41,45.41,99.33,-15.04,109.88,1
q,2022-10-16 15:27:57.588914,-0.24,1.11,0.50,-1.28,-23.44,19.23,107.20,-17.38,112.44,1
q,2022-10-16 15:27:57.608659,-0.24,1.07,0.57,-7.63,-33.20,-10.25,107.20,-17.38,112.44,1
q,2022-10-16 15:27:57.633081,-0.34,1.05,0.94,12.94,-33.14,-19.84,118.25,-11.74,104.69,1
q,2022-10-16 15:27:57.652729,-0.30,0.92,0.95,47.36,-4.82,-19.17,118.25,-11.74,104.69,1
q,2022-10-16 15:27:57.674085,-0.30,0.91,0.91,52.92,-0.73,-28.93,117.70,-7.69,96.95,1
q,2022-10-16 15:27:57.696920,-0.25,0.72,0.72,40.65,8.18,-53.65,117.70,-7.69,96.95,1
q,2022-10-16 15:27:57.717978,-0.22,0.52,0.65,-31.74,1.95,-58.47,117.70,-7.69,96.95,1
q,2022-10-16 15:27:57.737970,-0.22,0.47,0.62,-26.06,1.65,-42.48,109.09,-3.11,92.71,1
q,2022-10-16 15:27:57.756974,-0.20,0.39,0.53,0.31,1.04,-8.48,109.09,-3.11,92.71,1
q,2022-10-16 15:27:57.778977,-0.18,0.39,0.47,18.13,-1.89,8.36,106.75,-2.87,88.90,1
q,2022-10-16 15:27:57.799000,-0.22,0.50,0.54,-2.81,1.89,3.11,106.75,-2.87,88.90,1
q,2022-10-16 15:27:57.818091,-0.17,0.05,0.30,-31.68,10.38,-9.77,107.30,-2.69,88.71,1
q,2022-10-16 15:27:57.838094,-0.18,0.32,0.49,-25.39,-24.54,43.70,107.30,-2.69,88.71,1
q,2022-10-16 15:27:57.858102,-0.22,0.44,0.46,-29.17,-25.82,56.03,107.30,-2.69,88.71,1
q,2022-10-16 15:27:57.878171,-0.22,0.52,0.45,-16.24,-24.05,60.61,114.89,-2.76,91.24,1
q,2022-10-16 15:27:57.897277,-0.23,0.56,0.50,-0.79,-23.32,58.53,114.89,-2.76,91.24,1
q,2022-10-16 15:27:57.916017,-0.25,0.69,0.51,6.47,-27.16,59.69,114.89,-2.76,91.24,1
q,2022-10-16 15:27:57.937014,-0.35,0.91,0.63,8.42,-31.37,54.69,131.58,-9.25,95.39,1
q,2022-10-16 15:27:57.954011,-0.42,1.14,0.72,13.18,-21.48,36.93,131.58,-9.25,95.39,1
q,2022-10-16 15:27:57.973612,-0.48,1.21,0.83,16.30,-14.40,22.16,147.69,-21.06,93.36,1
q,2022-10-16 15:27:57.992450,-0.52,1.19,0.93,25.45,-1.71,9.52,147.69,-21.06,93.36,1
q,2022-10-16 15:27:58.012017,-0.46,0.99,0.96,33.69,14.16,4.52,147.69,-21.06,93.36,1
q,2022-10-16 15:27:58.032050,-0.30,0.98,0.68,45.90,3.05,19.29,151.10,-24.28,93.84,1
q,2022-10-16 15:27:58.051227,-0.55,1.27,0.84,30.64,-12.63,-17.88,151.10,-24.28,93.84,1
q,2022-10-16 15:27:58.070220,-0.41,0.85,0.59,61.34,23.19,-60.30,145.58,-15.82,88.33,1
q,2022-10-16 15:27:58.089287,-0.27,0.65,0.46,46.45,20.81,-65.37,145.58,-15.82,88.33,1
q,2022-10-16 15:27:58.108885,-0.26,0.47,0.46,14.22,14.47,-70.92,145.58,-15.82,88.33,1
q,2022-10-16 15:27:58.128922,-0.24,0.27,0.50,0.61,7.08,-42.30,131.16,1.77,83.25,1
q,2022-10-16 15:27:58.147884,-0.27,0.29,0.65,20.32,0.37,-12.63,131.16,1.77,83.25,1
q,2022-10-16 15:27:58.167893,-0.29,0.35,0.70,19.17,-2.93,-4.46,125.16,7.98,78.80,1
q,2022-10-16 15:27:58.186996,-0.66,0.45,0.89,-6.16,-6.04,-15.81,125.16,7.98,78.80,1
q,2022-10-16 15:27:58.205550,-0.70,0.53,0.92,33.20,2.81,-11.29,125.16,7.98,78.80,1
q,2022-10-16 15:27:58.224552,-0.61,0.42,0.93,47.42,13.79,-17.33,119.52,5.96,76.75,1
q,2022-10-16 15:27:58.242369,-0.45,0.06,0.96,59.39,18.43,-11.47,119.52,5.96,76.75,1
q,2022-10-16 15:27:58.260329,-0.13,-0.07,0.98,41.63,20.69,0.92,119.52,5.96,76.75,1
q,2022-10-16 15:27:58.279343,-0.11,-0.17,1.02,2.01,24.35,15.08,111.11,-7.75,81.27,1
q,2022-10-16 15:27:58.297378,-0.20,-0.15,1.06,-24.54,29.91,34.00,111.11,-7.75,81.27,1
q,2022-10-16 15:27:58.322983,-0.22,-0.12,1.02,-50.05,39.55,47.00,93.27,-30.73,98.50,1
q,2022-10-16 15:27:58.341500,-0.22,-0.06,0.90,-84.05,47.12,51.39,93.27,-30.73,98.50,1
q,2022-10-16 15:27:58.360699,-0.15,0.08,0.79,-96.19,55.85,65.98,93.27,-30.73,98.50,1
q,2022-10-16 15:27:58.380633,-0.14,0.33,0.58,-124.45,59.20,72.63,40.12,-42.90,116.99,1
q,2022-10-16 15:27:58.398793,-0.29,0.61,0.49,-168.64,41.08,52.12,40.12,-42.90,116.99,1
q,2022-10-16 15:27:58.420064,-0.26,0.75,0.49,-169.19,37.05,34.73,-19.36,-13.43,118.90,1
q,2022-10-16 15:27:58.442335,-0.14,0.77,0.44,-160.58,40.89,33.69,-19.36,-13.43,118.90,1
q,2022-10-16 15:27:58.462657,-0.11,0.99,0.02,-165.41,40.83,41.14,-19.36,-13.43,118.90,1
q,2022-10-16 15:27:58.484503,-0.14,1.17,-0.13,-194.76,14.40,17.64,-55.30,34.56,96.14,1
q,2022-10-16 15:27:58.506524,-0.33,1.35,-0.41,-230.04,5.92,-0.18,-55.30,34.56,96.14,1
q,2022-10-16 15:27:58.526820,-0.26,1.34,-0.25,-99.73,11.78,5.07,-60.35,68.73,61.40,1
q,2022-10-16 15:27:58.547690,-0.28,1.32,-0.30,-53.96,15.38,5.31,-60.35,68.73,61.40,1
q,2022-10-16 15:27:58.567732,-0.37,1.27,-0.10,-27.83,4.58,-5.31,-57.50,81.95,42.55,1
q,2022-10-16 15:27:58.588271,-0.41,1.27,0.03,-17.94,-1.71,-4.58,-57.50,81.95,42.55,1
