w,2022-10-13 19:10:08.025683,-5.262723,9.213358,-3.773454,-0.195081,0.045000,0.310605,19.328067,-1.768811,-69.197990,1
w,2022-10-13 19:10:08.119421,-3.198817,9.457579,-3.002482,-0.035555,0.278297,0.215129,18.625228,0.353762,-70.561500,1
w,2022-10-13 19:10:08.213157,-2.083062,7.503810,-3.500501,-0.115984,0.194406,0.012726,18.625228,0.353762,-70.561500,1
w,2022-10-13 19:10:08.322415,-2.394324,9.203781,-1.292935,-0.198277,-0.178842,-0.421775,8.785486,2.122573,-82.151313,1
w,2022-10-13 19:10:08.416268,-1.450960,8.006619,-1.819686,-0.272447,-0.410674,0.557750,4.041323,4.775790,-87.775779,1
w,2022-10-13 19:10:08.510010,-2.911498,11.598105,-4.180489,-0.213856,-0.113993,0.057468,16.165292,10.612867,-76.697280,1
w,2022-10-13 19:10:08.603751,-0.531540,10.549390,-2.743895,0.608807,-0.130638,0.036695,16.165292,10.612867,-76.697280,1
w,2022-10-13 19:10:08.697478,-3.328110,6.957905,-1.628140,-0.298280,0.194805,-0.612727,13.705358,2.122573,-71.925010,1
w,2022-10-13 19:10:08.791190,-0.292108,8.246051,-1.599408,0.385364,0.111181,0.825402,-0.175710,-5.837077,-63.232650,1
w,2022-10-13 19:10:08.884957,-2.528406,9.955598,-3.069523,-0.148075,0.136348,-0.526306,5.095582,-4.422028,-58.801250,1
w,2022-10-13 19:10:08.994239,-2.983327,12.009928,-3.759088,-0.599488,-0.067254,-0.901551,5.095582,-4.422028,-58.801250,1
w,2022-10-13 19:10:09.088088,-2.016021,8.547736,-2.107005,0.005991,0.183220,-0.574110,9.488325,-7.782769,-59.653442,1
w,2022-10-13 19:10:09.181804,-3.466981,7.546908,-1.407862,-0.378442,-0.048745,-0.132552,-0.702839,-10.259104,-42.268726,1
w,2022-10-13 19:10:09.275559,-3.476558,9.993907,-1.532367,0.082558,0.400937,-0.941899,-3.514194,-7.782769,-40.564342,1
