x,2022-10-14 14:36:51.191783,0.08,-0.42,1.00,-12.57,7.75,7.39,47.51,-5.21,-60.44,1
x,2022-10-14 14:36:51.210934,0.11,-0.36,1.02,-18.25,11.41,7.02,47.51,-5.21,-60.44,1
x,2022-10-14 14:36:51.229497,0.17,-0.31,0.94,-22.58,10.86,3.78,47.51,-5.21,-60.44,1
x,2022-10-14 14:36:51.248063,0.17,-0.30,0.93,-24.66,9.89,4.82,47.61,-5.93,-59.75,1
x,2022-10-14 14:36:51.266155,0.17,-0.29,0.91,-26.92,7.32,9.95,47.61,-5.93,-59.75,1
x,2022-10-14 14:36:51.283974,0.18,-0.25,0.89,-29.79,4.76,13.73,47.61,-5.93,-59.75,1
x,2022-10-14 14:36:51.303464,0.21,-0.20,0.83,-33.63,-3.97,4.03,47.39,-7.06,-59.74,1
x,2022-10-14 14:36:51.323119,0.15,-0.19,0.84,-36.62,-8.36,-1.53,47.39,-7.06,-59.74,1
x,2022-10-14 14:36:51.341694,0.05,-0.23,0.92,-35.16,-13.06,-2.62,46.72,-8.34,-60.73,1
x,2022-10-14 14:36:51.360119,-0.02,-0.09,0.99,-25.82,-9.52,0.55,46.72,-8.34,-60.73,1
x,2022-10-14 14:36:51.378271,0.05,-0.07,1.08,15.63,0.73,-5.07,46.72,-8.34,-60.73,1
x,2022-10-14 14:36:51.398330,0.09,-0.23,0.92,10.68,-6.65,-0.98,46.39,-8.72,-61.32,1
x,2022-10-14 14:36:51.417956,0.12,-0.18,0.96,-3.78,-5.74,4.88,46.39,-8.72,-61.32,1
x,2022-10-14 14:36:51.437906,0.03,-0.06,1.02,6.35,-4.64,8.12,46.85,-9.74,-61.23,1
x,2022-10-14 14:36:51.456892,0.04,-0.07,0.97,8.73,5.00,-3.11,46.85,-9.74,-61.23,1
x,2022-10-14 14:36:51.476211,0.06,-0.10,0.91,22.46,7.20,-8.61,46.85,-9.74,-61.23,1
x,2022-10-14 14:36:51.494862,0.06,-0.11,0.88,32.41,4.64,-7.14,48.95,-10.80,-60.80,1
x,2022-10-14 14:36:51.514967,0.02,-0.23,0.83,38.70,1.40,-5.86,48.95,-10.80,-60.80,1
x,2022-10-14 14:36:51.533681,0.08,-0.28,0.79,21.91,-1.04,-9.64,48.95,-10.80,-60.80,1
x,2022-10-14 14:36:51.551836,0.07,-0.32,0.77,12.57,-1.65,-18.13,50.99,-11.69,-59.47,1
x,2022-10-14 14:36:51.571121,0.08,-0.38,0.80,-0.18,-0.92,-26.43,50.99,-11.69,-59.47,1
x,2022-10-14 14:36:51.590252,0.12,-0.39,0.80,-2.62,-3.05,-28.38,50.73,-11.85,-62.39,1
x,2022-10-14 14:36:51.609955,0.16,-0.40,0.82,-5.43,-5.43,-14.22,50.73,-11.85,-62.39,1
x,2022-10-14 14:36:51.628821,0.14,-0.43,0.88,3.91,-9.28,-1.22,50.73,-11.85,-62.39,1
x,2022-10-14 14:36:51.648409,0.21,-0.54,0.89,21.06,-29.24,16.30,49.18,-11.13,-63.78,1
x,2022-10-14 14:36:51.666582,0.14,-0.43,1.00,-8.30,-10.13,11.35,49.18,-11.13,-63.78,1
x,2022-10-14 14:36:51.685420,0.15,-0.37,1.05,-13.00,-13.55,11.66,49.18,-11.13,-63.78,1
x,2022-10-14 14:36:51.705320,0.13,-0.23,1.11,-16.42,-11.84,15.63,46.04,-8.97,-66.00,1
x,2022-10-14 14:36:51.724652,-0.01,0.14,1.19,-19.90,3.42,3.36,46.04,-8.97,-66.00,1
x,2022-10-14 14:36:51.744202,0.06,0.05,1.11,5.62,-6.16,-6.41,44.07,-8.00,-66.17,1
x,2022-10-14 14:36:51.762474,0.08,-0.04,1.08,36.32,-28.38,12.76,44.07,-8.00,-66.17,1
x,2022-10-14 14:36:51.782251,-0.16,-0.03,1.38,42.91,-13.12,20.57,44.07,-8.00,-66.17,1
x,2022-10-14 14:36:51.800876,0.03,-0.10,1.08,19.59,28.93,-5.62,45.42,-8.26,-65.98,1
x,2022-10-14 14:36:51.819692,0.01,-0.24,1.05,19.17,17.33,-20.32,45.42,-8.26,-65.98,1
x,2022-10-14 14:36:51.838298,0.07,-0.31,0.86,5.31,21.06,-26.31,49.33,-10.49,-62.60,1
x,2022-10-14 14:36:51.857135,0.10,-0.36,0.89,-6.65,27.59,-21.00,49.33,-10.49,-62.60,1
x,2022-10-14 14:36:51.873401,0.14,-0.44,0.75,4.88,22.22,-12.15,49.33,-10.49,-62.60,1
x,2022-10-14 14:36:51.887935,0.11,-0.50,0.75,11.90,1.34,0.85,53.00,-12.41,-59.72,1
x,2022-10-14 14:36:51.914882,0.09,-0.56,0.75,4.15,-5.55,2.69,53.00,-12.41,-59.72,1
x,2022-10-14 14:36:51.933944,0.09,-0.53,0.64,-15.69,-3.23,-0.98,53.00,-12.41,-59.72,1
x,2022-10-14 14:36:51.952979,0.08,-0.57,0.78,-42.79,4.70,-5.37,53.53,-12.99,-56.49,1
x,2022-10-14 14:36:51.971440,0.04,-0.32,0.65,-60.55,14.10,-3.30,53.53,-12.99,-56.49,1
x,2022-10-14 14:36:51.992319,-0.03,-0.01,0.91,-69.46,17.52,-9.40,52.45,-13.05,-57.39,1
x,2022-10-14 14:36:52.011323,0.03,-0.21,0.85,-42.85,-7.45,7.26,52.45,-13.05,-57.39,1
x,2022-10-14 14:36:52.029490,-0.02,-0.11,0.79,-2.08,-30.09,12.27,52.45,-13.05,-57.39,1
x,2022-10-14 14:36:52.049334,-0.00,-0.07,0.70,-7.81,-29.24,1.28,51.67,-14.82,-60.10,1
x,2022-10-14 14:36:52.068237,0.01,0.01,1.15,8.36,-36.25,-4.82,51.67,-14.82,-60.10,1
x,2022-10-14 14:36:52.087414,0.03,0.13,1.20,-2.50,-22.71,-16.91,49.79,-14.61,-63.07,1
x,2022-10-14 14:36:52.106819,0.08,0.17,1.20,30.03,-32.47,-13.67,49.79,-14.61,-63.07,1
x,2022-10-14 14:36:52.125382,0.05,0.13,1.29,97.53,-49.07,-8.12,49.79,-14.61,-63.07,1
x,2022-10-14 14:36:52.144153,-0.10,0.00,1.50,97.90,-36.13,-29.79,50.67,-13.16,-67.25,1
x,2022-10-14 14:36:52.162764,-0.09,-0.15,1.52,39.49,19.71,-61.95,50.67,-13.16,-67.25,1
x,2022-10-14 14:36:52.181958,-0.09,-0.38,1.28,-19.59,76.29,-78.43,50.67,-13.16,-67.25,1
x,2022-10-14 14:36:52.201379,-0.13,-0.45,1.16,30.21,71.23,-18.07,57.95,-12.92,-62.28,1
x,2022-10-14 14:36:52.220895,0.10,-0.60,0.78,57.07,49.50,6.47,57.95,-12.92,-62.28,1
x,2022-10-14 14:36:52.240147,0.09,-0.70,0.72,42.30,34.85,6.04,63.65,-11.47,-54.27,1
