y,2022-11-06 17:34:42.058748,0.29,-0.39,0.70,-73.12,-45.23,77.33,40.58,92.37,-98.25,1
y,2022-11-06 17:34:42.077376,0.27,-0.04,0.95,-70.80,-41.99,71.35,40.58,92.37,-98.25,1
y,2022-11-06 17:34:42.097585,0.32,0.17,1.06,-66.96,-35.77,65.98,40.58,92.37,-98.25,1
y,2022-11-06 17:34:42.117503,0.35,0.36,1.15,-57.68,-23.62,41.99,56.18,87.22,-86.77,1
y,2022-11-06 17:34:42.136861,0.38,0.30,1.10,-43.15,-21.24,26.55,56.18,87.22,-86.77,1
y,2022-11-06 17:34:42.156385,0.34,0.23,1.11,-32.35,-25.45,20.63,67.83,74.84,-80.98,1
y,2022-11-06 17:34:42.174937,0.17,0.22,1.26,-13.00,-33.57,20.57,67.83,74.84,-80.98,1
y,2022-11-06 17:34:42.193362,0.08,0.18,1.33,11.96,-28.81,23.38,67.83,74.84,-80.98,1
y,2022-11-06 17:34:42.213576,0.05,0.11,1.26,35.71,-17.52,23.86,74.38,63.37,-79.31,1
y,2022-11-06 17:34:42.232979,0.08,-0.07,1.10,35.83,-7.75,16.17,74.38,63.37,-79.31,1
y,2022-11-06 17:34:42.253037,0.09,-0.12,1.04,26.55,-7.08,12.08,74.38,63.37,-79.31,1
y,2022-11-06 17:34:42.272337,0.04,-0.19,1.11,22.89,-5.00,11.29,78.23,53.77,-79.46,1
y,2022-11-06 17:34:42.291813,0.09,-0.20,1.05,25.57,4.15,14.04,78.23,53.77,-79.46,1
y,2022-11-06 17:34:42.311584,0.15,-0.25,0.93,16.48,12.02,10.44,78.72,48.18,-79.69,1
y,2022-11-06 17:34:42.331324,0.21,-0.31,0.86,0.67,6.16,7.32,78.72,48.18,-79.69,1
y,2022-11-06 17:34:42.350913,0.22,-0.29,0.90,-7.26,-1.28,9.03,78.72,48.18,-79.69,1
y,2022-11-06 17:34:42.370275,0.20,-0.19,1.00,-7.32,-4.52,9.95,77.59,44.08,-78.64,1
y,2022-11-06 17:34:42.389153,0.19,-0.11,1.03,-11.90,9.95,-2.69,77.59,44.08,-78.64,1
y,2022-11-06 17:34:42.408429,0.27,-0.12,0.99,-10.86,18.07,-10.44,76.48,40.84,-79.90,1
y,2022-11-06 17:34:42.426938,0.28,-0.22,0.92,-28.50,22.83,-19.35,76.48,40.84,-79.90,1
y,2022-11-06 17:34:42.447538,0.30,-0.15,0.88,-31.80,15.75,-16.91,76.48,40.84,-79.90,1
y,2022-11-06 17:34:42.466607,-0.09,0.04,0.71,-38.70,10.31,-21.24,76.49,39.75,-77.70,1
y,2022-11-06 17:34:42.485482,0.03,-0.08,1.12,52.19,-17.64,-27.16,76.49,39.75,-77.70,1
y,2022-11-06 17:34:42.505756,0.19,-0.44,0.73,101.07,-13.55,-7.45,77.76,37.59,-78.61,1
y,2022-11-06 17:34:42.524940,0.17,-0.40,0.76,9.03,3.72,-6.59,77.76,37.59,-78.61,1
y,2022-11-06 17:34:42.542026,0.18,-0.31,0.79,-60.06,22.34,-3.48,77.76,37.59,-78.61,1
y,2022-11-06 17:34:42.562342,0.08,-0.15,0.77,-42.05,-13.85,-29.54,78.75,37.93,-78.87,1
y,2022-11-06 17:34:42.580230,0.20,-0.21,0.84,-21.97,-29.66,-27.53,78.75,37.93,-78.87,1
y,2022-11-06 17:34:42.601330,0.20,-0.15,0.94,0.67,-37.78,-17.76,78.75,37.93,-78.87,1
y,2022-11-06 17:34:42.621046,0.16,-0.22,1.06,23.86,-37.54,-16.85,81.30,39.36,-78.58,1
y,2022-11-06 17:34:42.638955,0.19,-0.20,1.04,22.77,-26.92,-13.49,81.30,39.36,-78.58,1
y,2022-11-06 17:34:42.658871,0.22,-0.24,1.10,22.52,-24.17,-18.68,83.24,40.05,-81.15,1
y,2022-11-06 17:34:42.678259,0.18,-0.23,1.19,23.93,-11.47,-21.85,83.24,40.05,-81.15,1
y,2022-11-06 17:34:42.695328,0.21,-0.24,1.21,26.55,4.46,-23.68,83.24,40.05,-81.15,1
y,2022-11-06 17:34:42.716141,0.24,-0.30,1.13,20.94,23.32,-22.40,84.44,44.03,-81.62,1
y,2022-11-06 17:34:42.737890,0.25,-0.34,0.96,26.31,36.19,-8.30,84.44,44.03,-81.62,1
y,2022-11-06 17:34:42.754975,0.25,-0.40,0.84,32.41,31.25,-2.75,83.69,47.52,-78.59,1
y,2022-11-06 17:34:42.773074,0.22,-0.47,0.86,22.03,21.55,-0.43,83.69,47.52,-78.59,1
y,2022-11-06 17:34:42.791668,0.19,-0.48,0.88,11.72,14.40,1.53,83.69,47.52,-78.59,1
y,2022-11-06 17:34:42.812249,0.16,-0.46,0.76,-9.58,21.36,0.12,82.25,49.37,-77.23,1
y,2022-11-06 17:34:42.831855,0.18,-0.42,0.70,-29.24,22.46,-4.76,82.25,49.37,-77.23,1
y,2022-11-06 17:34:42.854359,0.17,-0.29,0.64,-39.73,4.76,-13.37,82.25,49.37,-77.23,1
y,2022-11-06 17:34:42.872808,0.13,-0.26,0.87,-36.87,-2.50,-21.18,81.41,50.20,-75.74,1
y,2022-11-06 17:34:42.889938,0.13,-0.21,0.77,-40.10,3.48,-5.25,81.41,50.20,-75.74,1
y,2022-11-06 17:34:42.910215,0.17,-0.21,0.82,-1.10,-20.26,-9.22,82.03,50.21,-75.93,1
y,2022-11-06 17:34:42.930689,0.12,-0.31,0.74,19.17,-27.95,-10.56,82.03,50.21,-75.93,1
y,2022-11-06 17:34:42.949817,0.11,-0.33,0.72,8.54,-26.55,-9.95,82.03,50.21,-75.93,1
y,2022-11-06 17:34:42.969823,0.12,-0.32,0.83,4.94,-31.31,-13.92,83.26,49.57,-77.28,1
y,2022-11-06 17:34:42.988673,0.13,-0.27,0.86,6.23,-28.99,-11.11,83.26,49.57,-77.28,1
y,2022-11-06 17:34:43.007944,0.20,-0.38,0.93,15.44,-27.47,-8.12,86.01,47.29,-80.09,1
y,2022-11-06 17:34:43.026672,0.20,-0.49,0.91,18.31,-23.32,1.40,86.01,47.29,-80.09,1
y,2022-11-06 17:34:43.045463,0.21,-0.58,0.92,11.90,-20.39,11.41,86.01,47.29,-80.09,1
y,2022-11-06 17:34:43.065518,0.22,-0.62,0.91,-5.37,-21.48,23.93,86.46,43.27,-81.67,1
y,2022-11-06 17:34:43.085098,0.12,-0.25,1.18,-24.60,-9.58,21.79,86.46,43.27,-81.67,1
y,2022-11-06 17:34:43.104531,0.13,-0.18,1.17,-34.30,8.85,5.49,85.67,37.62,-83.57,1
y,2022-11-06 17:34:43.123578,0.12,-0.12,1.10,-41.38,16.11,-6.04,85.67,37.62,-83.57,1
y,2022-11-06 17:34:43.142558,0.10,-0.03,1.12,-32.90,8.06,-5.98,85.67,37.62,-83.57,1
y,2022-11-06 17:34:43.163899,0.08,0.02,1.12,-12.45,-3.97,-2.01,83.44,35.57,-83.73,1
y,2022-11-06 17:34:43.182741,-0.00,-0.16,1.30,34.85,-21.48,13.18,83.44,35.57,-83.73,1
y,2022-11-06 17:34:43.202749,-0.19,0.15,1.18,14.59,9.28,25.33,82.29,37.56,-82.95,1
