r,2022-10-17 11:48:08.351538,-0.35,0.12,0.99,-22.52,7.93,34.91,62.28,-30.20,-15.97,1
r,2022-10-17 11:48:08.370066,-0.55,0.08,1.01,14.22,18.43,22.09,62.28,-30.20,-15.97,1
r,2022-10-17 11:48:08.389151,-0.32,-0.01,1.03,29.48,29.54,6.77,62.48,-28.08,-18.26,1
r,2022-10-17 11:48:08.407114,-0.22,0.11,1.01,12.45,26.98,-1.53,62.48,-28.08,-18.26,1
r,2022-10-17 11:48:08.425016,-0.18,0.18,0.96,9.70,19.47,-4.58,62.48,-28.08,-18.26,1
r,2022-10-17 11:48:08.444132,-0.11,0.18,0.91,17.46,14.83,-16.05,63.21,-25.66,-18.73,1
r,2022-10-17 11:48:08.462000,-0.19,0.10,0.90,27.04,6.10,-17.52,63.21,-25.66,-18.73,1
r,2022-10-17 11:48:08.480005,-0.20,0.05,0.90,21.91,3.60,-20.20,63.21,-25.66,-18.73,1
r,2022-10-17 11:48:08.498874,-0.21,0.09,0.95,19.90,4.15,-21.18,66.63,-24.15,-19.49,1
r,2022-10-17 11:48:08.517462,-0.17,0.05,0.94,21.97,2.50,-18.62,66.63,-24.15,-19.49,1
r,2022-10-17 11:48:08.536204,-0.19,-0.04,0.92,15.20,-3.36,-11.66,66.63,-24.15,-19.49,1
r,2022-10-17 11:48:08.555191,-0.23,-0.06,0.91,6.77,-0.92,-10.56,69.60,-22.91,-19.76,1
r,2022-10-17 11:48:08.573282,-0.24,-0.07,0.93,-3.78,5.07,-11.90,69.60,-22.91,-19.76,1
r,2022-10-17 11:48:08.592222,-0.23,-0.07,0.93,-14.34,10.56,-11.96,73.25,-23.12,-19.45,1
r,2022-10-17 11:48:08.610324,-0.16,-0.09,0.91,-33.69,11.72,-7.02,73.25,-23.12,-19.45,1
r,2022-10-17 11:48:08.628265,-0.19,-0.04,0.92,-39.31,9.77,-4.46,73.25,-23.12,-19.45,1
r,2022-10-17 11:48:08.647528,-0.25,-0.00,0.90,-44.31,5.80,-1.04,74.89,-24.11,-15.80,1
r,2022-10-17 11:48:08.666198,-0.27,-0.02,0.92,-34.61,3.05,7.08,74.89,-24.11,-15.80,1
r,2022-10-17 11:48:08.684158,-0.37,0.31,0.88,10.56,-2.56,-4.64,74.89,-24.11,-15.80,1
r,2022-10-17 11:48:08.703138,-0.25,0.01,0.79,32.96,4.82,-2.01,75.84,-24.44,-15.05,1
r,2022-10-17 11:48:08.721164,-0.20,0.20,0.89,18.80,-25.88,5.62,75.84,-24.44,-15.05,1
r,2022-10-17 11:48:08.739932,-0.20,0.14,0.86,30.03,-43.58,14.89,77.01,-25.28,-17.07,1
r,2022-10-17 11:48:08.758109,-0.22,0.09,0.79,29.24,-57.98,20.57,77.01,-25.28,-17.07,1
r,2022-10-17 11:48:08.776105,-0.25,-0.03,0.79,28.81,-65.31,23.13,77.01,-25.28,-17.07,1
r,2022-10-17 11:48:08.795109,-0.27,-0.07,0.83,10.68,-70.25,19.23,78.31,-25.74,-18.42,1
r,2022-10-17 11:48:08.813304,-0.29,-0.00,0.87,4.15,-69.70,13.12,78.31,-25.74,-18.42,1
r,2022-10-17 11:48:08.831081,-0.38,0.06,0.89,10.25,-70.92,10.93,78.31,-25.74,-18.42,1
r,2022-10-17 11:48:08.850206,-0.44,-0.04,0.90,19.78,-63.78,16.60,80.18,-27.55,-21.01,1
r,2022-10-17 11:48:08.868164,-0.47,-0.16,0.96,-2.93,-44.68,10.07,80.18,-27.55,-21.01,1
r,2022-10-17 11:48:08.886037,-0.50,0.03,1.03,-9.09,-27.65,0.49,80.18,-27.55,-21.01,1
r,2022-10-17 11:48:08.905208,-0.56,0.02,1.00,-8.06,-13.61,-3.36,81.43,-28.75,-22.46,1
r,2022-10-17 11:48:08.923224,-0.43,-0.06,1.18,0.43,5.98,-3.36,81.43,-28.75,-22.46,1
r,2022-10-17 11:48:08.942348,-0.41,-0.01,1.09,-12.45,-4.88,-4.39,81.81,-29.85,-21.89,1
r,2022-10-17 11:48:08.960153,-0.56,0.18,0.84,-10.50,-5.74,1.65,81.81,-29.85,-21.89,1
r,2022-10-17 11:48:08.978180,-0.44,-0.13,0.99,10.44,44.92,3.11,81.81,-29.85,-21.89,1
r,2022-10-17 11:48:08.997110,-0.41,-0.06,1.01,-5.80,51.27,-7.39,81.87,-28.15,-21.67,1
r,2022-10-17 11:48:09.015217,-0.41,-0.02,0.97,-14.53,50.78,-13.31,81.87,-28.15,-21.67,1
r,2022-10-17 11:48:09.033016,-0.39,0.09,0.95,-22.58,57.25,-16.05,81.87,-28.15,-21.67,1
r,2022-10-17 11:48:09.052061,-0.29,0.06,0.99,-11.23,56.27,-12.02,80.44,-26.59,-19.82,1
r,2022-10-17 11:48:09.070465,-0.23,0.16,0.97,-1.59,38.88,-11.11,80.44,-26.59,-19.82,1
r,2022-10-17 11:48:09.089931,-0.26,0.19,0.86,9.64,17.76,-9.03,79.53,-24.99,-18.04,1
r,2022-10-17 11:48:09.108156,-0.26,0.16,0.79,22.64,12.21,-9.70,79.53,-24.99,-18.04,1
r,2022-10-17 11:48:09.126261,-0.25,0.10,0.79,37.17,9.64,-15.75,79.53,-24.99,-18.04,1
r,2022-10-17 11:48:09.145988,-0.23,-0.02,0.83,44.01,1.28,-20.94,82.08,-24.07,-18.53,1
r,2022-10-17 11:48:09.164113,-0.32,0.07,0.82,29.05,-3.60,-32.23,82.08,-24.07,-18.53,1
