s,2022-10-13 18:21:41.044372,0.53,0.87,0.71,-9.40,1.65,44.07,30.07,42.00,-28.82,1
s,2022-10-13 18:21:41.062574,0.54,0.93,0.74,-21.97,-0.49,19.23,30.07,42.00,-28.82,1
s,2022-10-13 18:21:41.081663,0.52,0.97,0.76,-17.15,-2.75,4.21,37.10,37.92,-18.60,1
s,2022-10-13 18:21:41.099570,0.49,0.82,0.74,17.09,-6.59,-5.07,37.10,37.92,-18.60,1
s,2022-10-13 18:21:41.117557,0.46,0.57,0.75,34.00,-10.74,-8.18,37.10,37.92,-18.60,1
s,2022-10-13 18:21:41.136559,0.47,0.37,0.74,29.85,-11.90,-8.48,41.69,37.04,-9.97,1
s,2022-10-13 18:21:41.154667,0.47,0.34,0.76,14.71,-11.17,-10.31,41.69,37.04,-9.97,1
s,2022-10-13 18:21:41.172613,0.47,0.32,0.78,8.67,-13.12,-7.14,41.69,37.04,-9.97,1
s,2022-10-13 18:21:41.191569,0.47,0.28,0.79,9.22,-15.38,-5.74,46.67,37.35,-1.34,1
s,2022-10-13 18:21:41.209661,0.47,0.25,0.78,4.27,-15.75,-5.07,46.67,37.35,-1.34,1
s,2022-10-13 18:21:41.227626,0.48,0.30,0.78,-6.35,-17.03,-5.74,46.67,37.35,-1.34,1
s,2022-10-13 18:21:41.246604,0.43,0.36,0.81,-18.07,-16.91,-11.90,51.54,36.43,7.32,1
s,2022-10-13 18:21:41.264564,0.40,0.39,0.87,-11.54,-10.56,-13.43,51.54,36.43,7.32,1
s,2022-10-13 18:21:41.283326,0.43,0.39,0.89,9.34,-13.18,-23.32,54.26,34.47,13.96,1
s,2022-10-13 18:21:41.301409,-0.02,0.39,0.37,18.43,7.75,-10.99,54.26,34.47,13.96,1
s,2022-10-13 18:21:41.319436,0.42,0.27,0.75,-3.42,11.35,-8.48,54.26,34.47,13.96,1
s,2022-10-13 18:21:41.338215,0.48,0.24,0.80,-30.21,4.21,-10.99,50.48,32.52,17.82,1
s,2022-10-13 18:21:41.356267,0.50,0.08,0.74,-21.97,4.70,9.89,50.48,32.52,17.82,1
s,2022-10-13 18:21:41.374447,0.41,0.19,0.68,-22.09,-0.55,21.18,50.48,32.52,17.82,1
s,2022-10-13 18:21:41.393342,0.46,0.25,0.63,-28.14,-4.94,19.65,44.41,26.88,23.95,1
s,2022-10-13 18:21:41.411469,0.46,0.46,0.62,-44.92,-7.57,7.08,44.41,26.88,23.95,1
s,2022-10-13 18:21:41.430411,0.41,0.74,0.71,-67.38,-1.71,-26.18,40.00,24.98,26.37,1
s,2022-10-13 18:21:41.448371,0.37,0.72,0.65,-36.74,-4.39,-12.94,40.00,24.98,26.37,1
s,2022-10-13 18:21:41.466363,0.43,0.74,0.73,16.66,-9.64,17.94,40.00,24.98,26.37,1
s,2022-10-13 18:21:41.485205,0.36,0.70,0.65,44.25,-15.50,20.32,42.43,24.55,24.54,1
s,2022-10-13 18:21:41.503237,0.37,0.59,0.67,57.31,-28.87,2.69,42.43,24.55,24.54,1
s,2022-10-13 18:21:41.521311,0.38,0.55,0.75,14.47,-20.75,-29.66,42.43,24.55,24.54,1
s,2022-10-13 18:21:41.540373,0.40,0.51,0.72,12.82,-5.00,-33.75,51.31,30.70,18.04,1
s,2022-10-13 18:21:41.558439,0.43,0.37,0.73,39.25,-0.73,-24.96,51.31,30.70,18.04,1
s,2022-10-13 18:21:41.576388,0.44,0.07,0.77,46.63,-10.25,-14.47,51.31,30.70,18.04,1
s,2022-10-13 18:21:41.595333,0.49,-0.03,0.78,21.73,-16.54,-10.13,60.19,39.66,9.77,1
s,2022-10-13 18:21:41.613442,0.48,0.04,0.80,-3.05,-17.09,-7.14,60.19,39.66,9.77,1
s,2022-10-13 18:21:41.632436,0.49,0.10,0.83,-8.30,-19.90,-0.24,67.26,42.33,1.59,1
s,2022-10-13 18:21:41.650340,0.50,0.16,0.84,-7.57,-14.04,9.03,67.26,42.33,1.59,1
s,2022-10-13 18:21:41.668555,0.47,0.28,0.85,-34.67,-1.28,-7.20,67.26,42.33,1.59,1
s,2022-10-13 18:21:41.687694,0.46,0.30,0.87,-26.37,-4.27,-3.54,72.39,42.09,-0.56,1
s,2022-10-13 18:21:41.705414,0.48,0.33,0.88,-12.76,-7.93,6.96,72.39,42.09,-0.56,1
s,2022-10-13 18:21:41.723403,0.45,0.10,0.83,-12.88,-10.56,7.69,72.39,42.09,-0.56,1
s,2022-10-13 18:21:41.742185,0.50,0.04,0.81,26.61,-13.12,54.20,76.38,34.73,-1.09,1
s,2022-10-13 18:21:41.760563,0.40,0.34,0.88,-20.57,-3.30,20.02,76.38,34.73,-1.09,1
s,2022-10-13 18:21:41.778314,0.44,0.47,0.85,-35.83,3.78,6.65,76.38,34.73,-1.09,1
s,2022-10-13 18:21:41.797161,0.26,0.60,0.94,17.27,11.96,41.26,78.61,25.54,3.47,1
s,2022-10-13 18:21:41.815178,0.37,0.79,0.77,-4.33,17.40,12.45,78.61,25.54,3.47,1
s,2022-10-13 18:21:41.834323,0.04,1.21,1.02,0.37,35.71,-6.59,75.66,20.69,6.85,1
s,2022-10-13 18:21:41.852146,0.24,1.21,0.89,41.44,60.30,-22.95,75.66,20.69,6.85,1
s,2022-10-13 18:21:41.870297,0.43,0.91,0.75,79.71,55.48,-28.87,75.66,20.69,6.85,1
s,2022-10-13 18:21:41.889218,0.42,0.62,0.78,78.06,35.64,-51.51,67.41,28.16,-1.09,1
s,2022-10-13 18:21:41.907278,0.51,0.51,0.70,57.43,31.56,-60.49,67.41,28.16,-1.09,1
s,2022-10-13 18:21:41.925228,0.56,0.38,0.67,52.98,27.16,-65.92,67.41,28.16,-1.09,1
