k,2022-11-02 10:28:16.856680,0.25,0.40,0.87,29.30,-2.08,-11.54,4.24,-12.21,-45.00,1
k,2022-11-02 10:28:16.872498,0.16,0.36,0.90,28.38,-5.62,-10.31,4.24,-12.21,-45.00,1
k,2022-11-02 10:28:16.888179,0.07,0.30,0.93,17.70,-2.26,-11.23,4.24,-12.21,-45.00,1
k,2022-11-02 10:28:16.904197,0.03,0.29,0.93,5.92,9.34,-13.98,4.70,-11.51,-46.67,1
k,2022-11-02 10:28:16.919830,0.08,0.35,0.91,-4.21,34.00,-14.34,4.70,-11.51,-46.67,1
k,2022-11-02 10:28:16.936242,0.19,0.40,0.90,1.40,45.23,-12.33,4.70,-11.51,-46.67,1
k,2022-11-02 10:28:16.967523,0.21,0.43,0.89,8.12,51.33,-5.25,6.36,-12.10,-46.59,1
k,2022-11-02 10:28:16.983137,0.19,0.40,0.88,24.05,52.73,5.43,6.36,-12.10,-46.59,1
k,2022-11-02 10:28:17.003452,0.20,0.33,0.87,31.01,37.54,14.71,7.68,-10.66,-46.22,1
k,2022-11-02 10:28:17.014461,0.27,0.30,0.87,24.72,18.13,12.27,7.68,-10.66,-46.22,1
k,2022-11-02 10:28:17.045716,0.30,0.34,0.84,19.96,-4.27,12.57,7.68,-10.66,-46.22,1
k,2022-11-02 10:28:17.061559,0.18,0.34,0.78,20.32,-19.78,15.44,7.89,-10.28,-47.45,1
k,2022-11-02 10:28:17.077172,0.20,-0.04,0.78,9.03,17.15,4.58,7.89,-10.28,-47.45,1
k,2022-11-02 10:28:17.103446,0.07,0.70,0.80,-15.50,19.10,-3.30,7.89,-10.28,-47.45,1
k,2022-11-02 10:28:17.124587,0.13,0.53,0.97,19.17,-8.30,32.53,6.68,-10.41,-46.14,1
k,2022-11-02 10:28:17.140209,0.17,0.20,0.91,26.55,-43.95,51.51,6.68,-10.41,-46.14,1
k,2022-11-02 10:28:17.155833,0.16,0.29,0.90,7.57,-55.24,48.95,4.33,-9.18,-46.80,1
k,2022-11-02 10:28:17.172643,0.14,0.25,0.90,-3.42,-60.12,47.67,4.33,-9.18,-46.80,1
k,2022-11-02 10:28:17.192907,0.12,0.28,0.95,-15.56,-66.28,44.49,4.33,-9.18,-46.80,1
k,2022-11-02 10:28:17.219666,0.11,0.30,0.89,-29.05,-66.71,36.99,1.26,-9.19,-45.78,1
k,2022-11-02 10:28:17.235291,0.09,0.39,0.87,-31.98,-51.94,26.31,1.26,-9.19,-45.78,1
k,2022-11-02 10:28:17.250914,0.05,0.47,0.91,-24.66,-31.80,13.24,1.26,-9.19,-45.78,1
k,2022-11-02 10:28:17.266559,0.04,0.60,0.91,-11.29,-12.70,5.98,-0.27,-10.86,-44.82,1
k,2022-11-02 10:28:17.282171,0.02,0.55,0.92,3.23,-3.36,6.16,-0.27,-10.86,-44.82,1
k,2022-11-02 10:28:17.313846,0.01,0.56,0.96,13.92,1.40,8.18,-0.77,-10.67,-45.14,1
k,2022-11-02 10:28:17.329479,0.00,0.40,0.95,6.23,-2.01,11.60,-0.77,-10.67,-45.14,1
k,2022-11-02 10:28:17.345099,0.04,-0.04,0.75,-15.56,23.50,-31.80,-0.77,-10.67,-45.14,1
k,2022-11-02 10:28:17.360724,0.05,0.46,0.85,-56.76,52.00,-83.37,0.02,-11.15,-45.07,1
k,2022-11-02 10:28:17.391967,0.10,0.82,0.93,-38.70,59.08,-79.47,0.02,-11.15,-45.07,1
k,2022-11-02 10:28:17.407979,0.20,0.59,0.86,-20.69,48.40,-62.44,3.81,-13.13,-43.19,1
k,2022-11-02 10:28:17.423607,0.25,0.56,0.80,-15.20,33.81,-53.41,3.81,-13.13,-43.19,1
k,2022-11-02 10:28:17.439231,0.24,0.53,0.78,2.08,17.76,-31.01,3.81,-13.13,-43.19,1
k,2022-11-02 10:28:17.470480,0.19,0.46,0.79,16.78,-9.46,-5.25,5.52,-13.01,-44.35,1
k,2022-11-02 10:28:17.486104,0.16,-0.17,0.88,43.21,4.52,36.44,5.52,-13.01,-44.35,1
k,2022-11-02 10:28:17.504318,0.14,-0.07,0.80,-19.04,2.38,8.85,5.52,-13.01,-44.35,1
k,2022-11-02 10:28:17.517901,0.15,0.34,0.95,-52.43,-3.30,-16.97,4.80,-13.10,-43.44,1
k,2022-11-02 10:28:17.534258,0.06,0.66,0.87,-37.96,-6.23,3.11,4.80,-13.10,-43.44,1
k,2022-11-02 10:28:17.565840,0.12,0.50,0.77,-4.82,-4.33,43.70,4.37,-13.67,-42.58,1
k,2022-11-02 10:28:17.581461,0.15,0.33,0.74,-3.30,1.22,29.48,4.37,-13.67,-42.58,1
k,2022-11-02 10:28:17.604677,0.11,0.64,0.79,-4.64,3.85,21.36,4.37,-13.67,-42.58,1
k,2022-11-02 10:28:17.613263,0.13,0.55,0.81,6.16,6.77,31.49,3.99,-14.59,-43.62,1
k,2022-11-02 10:28:17.644552,0.14,0.51,0.81,5.07,7.69,23.56,3.99,-14.59,-43.62,1
k,2022-11-02 10:28:17.660147,0.12,0.67,0.81,7.26,5.31,6.90,3.22,-13.81,-42.57,1
k,2022-11-02 10:28:17.675895,0.11,0.71,0.84,24.48,3.78,10.25,3.22,-13.81,-42.57,1
k,2022-11-02 10:28:17.691526,0.08,0.55,0.78,36.68,-1.10,21.18,3.22,-13.81,-42.57,1
k,2022-11-02 10:28:17.711683,0.05,0.48,0.79,26.12,-21.85,17.76,2.48,-12.81,-43.87,1
k,2022-11-02 10:28:17.739430,0.07,0.42,0.90,20.02,-42.79,14.53,2.48,-12.81,-43.87,1
k,2022-11-02 10:28:17.755051,0.09,0.37,0.91,7.08,-61.16,12.02,2.48,-12.81,-43.87,1
k,2022-11-02 10:28:17.770755,0.09,0.31,0.84,-10.80,-70.07,8.12,0.89,-11.99,-43.74,1
k,2022-11-02 10:28:17.786374,0.06,0.41,0.81,-31.80,-63.23,-0.55,0.89,-11.99,-43.74,1
k,2022-11-02 10:28:17.818093,0.02,0.44,0.82,-23.99,-47.55,-1.34,-0.90,-12.71,-41.59,1
k,2022-11-02 10:28:17.833891,0.01,0.50,0.84,-17.82,-24.35,-0.12,-0.90,-12.71,-41.59,1
k,2022-11-02 10:28:17.849588,0.01,0.56,0.84,-6.84,-8.24,2.26,-0.90,-12.71,-41.59,1
k,2022-11-02 10:28:17.865198,-0.00,0.54,0.90,8.00,6.35,5.43,-0.71,-12.93,-40.78,1
k,2022-11-02 10:28:17.896365,-0.05,0.45,0.84,12.15,13.85,7.02,-0.71,-12.93,-40.78,1
k,2022-11-02 10:28:17.912464,-0.16,0.24,0.75,2.99,28.02,-13.49,-0.37,-13.55,-41.65,1
k,2022-11-02 10:28:17.928162,-0.13,0.66,0.84,-18.80,58.35,-44.49,-0.37,-13.55,-41.65,1
k,2022-11-02 10:28:17.943793,0.14,0.87,0.89,14.04,65.80,-33.45,-0.37,-13.55,-41.65,1
k,2022-11-02 10:28:17.974963,0.18,0.72,0.89,38.21,48.16,-25.63,1.98,-12.49,-41.55,1
k,2022-11-02 10:28:17.990592,0.25,0.60,0.82,42.05,26.43,-24.84,1.98,-12.49,-41.55,1
k,2022-11-02 10:28:18.006744,0.21,0.45,0.77,38.09,-2.69,-33.51,1.98,-12.49,-41.55,1
k,2022-11-02 10:28:18.022461,0.10,0.43,0.73,27.04,-7.63,-36.62,3.52,-11.25,-42.43,1
