F,2022-10-21 13:11:09.761116,0.29,-0.06,0.87,0.61,-0.73,7.02,18.51,-68.13,-127.03,1
F,2022-10-21 13:11:09.780379,0.27,-0.07,0.83,-11.17,-3.23,-3.97,17.79,-72.58,-129.60,1
F,2022-10-21 13:11:09.798472,0.30,-0.13,0.73,-17.03,-8.73,-10.38,17.79,-72.58,-129.60,1
F,2022-10-21 13:11:09.816587,-1.19,-0.34,1.36,-34.36,-21.85,-29.54,17.79,-72.58,-129.60,1
F,2022-10-21 13:11:09.836134,0.18,0.06,0.86,-23.07,23.99,-8.06,17.82,-77.89,-129.48,1
F,2022-10-21 13:11:09.853902,0.08,0.04,0.47,-1.59,29.91,2.01,17.82,-77.89,-129.48,1
F,2022-10-21 13:11:09.872282,0.16,-0.10,0.75,7.14,-15.56,-9.28,17.82,-77.89,-129.48,1
F,2022-10-21 13:11:09.891279,0.21,-0.03,0.73,-18.55,-32.59,-25.33,16.54,-78.92,-126.57,1
F,2022-10-21 13:11:09.909322,0.20,-0.02,0.90,-37.35,-49.93,-35.89,16.54,-78.92,-126.57,1
F,2022-10-21 13:11:09.928284,0.20,-0.10,0.97,-16.48,-61.71,-23.19,13.43,-78.65,-122.34,1
F,2022-10-21 13:11:09.946241,0.21,-0.01,1.02,-0.49,-52.86,-1.28,13.43,-78.65,-122.34,1
F,2022-10-21 13:11:09.964092,0.18,-0.04,1.04,20.02,-33.20,16.36,13.43,-78.65,-122.34,1
F,2022-10-21 13:11:09.983124,0.22,-0.05,1.12,9.46,-17.88,7.39,9.34,-77.97,-120.00,1
F,2022-10-21 13:11:10.001291,0.24,-0.09,1.34,-13.31,-12.27,2.50,9.34,-77.97,-120.00,1
F,2022-10-21 13:11:10.019265,0.09,-0.08,1.42,-8.73,-3.85,16.91,9.34,-77.97,-120.00,1
F,2022-10-21 13:11:10.038024,0.10,0.03,1.39,9.77,20.32,32.96,7.26,-75.66,-118.53,1
F,2022-10-21 13:11:10.055917,0.27,0.07,1.22,23.19,49.19,26.73,7.26,-75.66,-118.53,1
F,2022-10-21 13:11:10.075018,0.44,-0.03,1.00,20.20,49.01,12.82,9.77,-70.69,-120.86,1
F,2022-10-21 13:11:10.093082,0.43,-0.08,0.86,14.59,38.15,5.25,9.77,-70.69,-120.86,1
F,2022-10-21 13:11:10.111149,0.40,-0.11,0.81,-3.42,23.93,0.61,9.77,-70.69,-120.86,1
F,2022-10-21 13:11:10.130198,0.39,-0.08,0.68,-11.11,12.88,4.27,11.61,-71.74,-124.16,1
F,2022-10-21 13:11:10.148361,0.39,0.10,0.61,-44.98,-5.86,-7.14,11.61,-71.74,-124.16,1
F,2022-10-21 13:11:10.166374,-2.55,-0.27,1.48,-62.38,-16.72,-26.67,11.61,-71.74,-124.16,1
F,2022-10-21 13:11:10.184997,0.49,0.24,1.38,87.28,-8.67,-1.46,12.26,-78.17,-125.24,1
F,2022-10-21 13:11:10.203017,0.27,0.33,0.84,50.72,47.36,-0.85,12.26,-78.17,-125.24,1
F,2022-10-21 13:11:10.220979,0.26,0.09,0.86,13.49,53.59,-58.90,12.26,-78.17,-125.24,1
F,2022-10-21 13:11:10.240184,0.25,0.03,0.85,-64.39,30.64,-116.52,25.74,-77.33,-125.78,1
F,2022-10-21 13:11:10.258284,0.25,-0.14,0.86,-63.17,14.28,-106.69,25.74,-77.33,-125.78,1
F,2022-10-21 13:11:10.277266,0.23,-0.26,0.91,-21.97,-2.01,-51.76,41.89,-74.46,-119.62,1
F,2022-10-21 13:11:10.294994,0.23,-0.45,0.88,17.52,-15.75,17.21,41.89,-74.46,-119.62,1
F,2022-10-21 13:11:10.313268,-0.08,-0.51,0.90,7.75,-15.26,30.46,41.89,-74.46,-119.62,1
F,2022-10-21 13:11:10.332251,0.13,-0.37,0.87,-7.81,-0.61,23.62,41.67,-71.09,-118.60,1
F,2022-10-21 13:11:10.349908,0.28,-0.29,0.83,6.10,4.39,37.54,41.67,-71.09,-118.60,1
F,2022-10-21 13:11:10.368001,0.36,-0.24,0.81,40.59,-12.94,60.00,41.67,-71.09,-118.60,1
F,2022-10-21 13:11:10.387024,0.42,-0.21,0.78,78.98,-37.66,81.18,29.57,-69.35,-121.66,1
F,2022-10-21 13:11:10.405093,0.40,-0.09,0.73,38.88,-39.06,71.96,29.57,-69.35,-121.66,1
F,2022-10-21 13:11:10.424135,0.47,0.14,0.77,-11.60,-40.59,38.76,12.13,-71.39,-125.35,1
F,2022-10-21 13:11:10.442217,0.42,0.31,0.87,-60.67,-40.22,-6.65,12.13,-71.39,-125.35,1
F,2022-10-21 13:11:10.460115,0.38,0.47,0.98,-70.62,-26.61,-49.87,12.13,-71.39,-125.35,1
F,2022-10-21 13:11:10.478998,0.24,0.63,1.06,75.68,39.43,-11.72,7.28,-77.86,-124.46,1
F,2022-10-21 13:11:10.497041,0.32,0.17,1.07,149.96,30.27,-6.29,7.28,-77.86,-124.46,1
F,2022-10-21 13:11:10.515129,0.28,0.22,0.90,-24.78,26.49,-124.57,7.28,-77.86,-124.46,1
F,2022-10-21 13:11:10.534034,0.34,0.01,0.97,-41.87,14.16,-119.45,23.80,-76.54,-122.72,1
F,2022-10-21 13:11:10.552236,0.23,-0.17,1.00,-11.60,5.92,-76.72,23.80,-76.54,-122.72,1
F,2022-10-21 13:11:10.570158,0.09,-0.29,0.99,26.12,-2.44,-33.75,23.80,-76.54,-122.72,1
F,2022-10-21 13:11:10.589206,-0.04,-0.58,0.97,59.02,0.92,-5.43,40.56,-71.94,-117.33,1
F,2022-10-21 13:11:10.607221,-0.13,-0.76,0.98,55.48,11.72,14.34,40.56,-71.94,-117.33,1
F,2022-10-21 13:11:10.626174,-0.02,-0.75,0.96,27.95,21.42,27.10,40.87,-62.46,-117.58,1
F,2022-10-21 13:11:10.644001,0.17,-0.61,0.80,26.06,19.29,40.16,40.87,-62.46,-117.58,1
F,2022-10-21 13:11:10.661861,0.23,-0.49,0.68,35.58,12.45,48.22,40.87,-62.46,-117.58,1
F,2022-10-21 13:11:10.680998,0.25,-0.37,0.68,11.29,3.48,39.06,24.85,-56.93,-123.79,1
F,2022-10-21 13:11:10.699098,0.21,-0.33,0.67,25.02,-12.57,42.54,24.85,-56.93,-123.79,1
F,2022-10-21 13:11:10.717068,0.15,-0.42,0.69,29.54,-17.82,41.56,24.85,-56.93,-123.79,1
F,2022-10-21 13:11:10.736000,0.21,-0.40,0.68,19.35,-12.94,37.90,6.09,-49.67,-124.37,1
F,2022-10-21 13:11:10.754092,0.32,-0.36,0.72,10.50,-9.58,36.44,6.09,-49.67,-124.37,1
F,2022-10-21 13:11:10.773219,0.39,-0.30,0.73,-1.10,-10.25,33.69,-9.13,-36.93,-121.51,1
F,2022-10-21 13:11:10.791245,0.27,-0.31,0.86,-4.82,-18.98,27.40,-9.13,-36.93,-121.51,1
F,2022-10-21 13:11:10.809137,0.22,-0.35,0.91,4.76,-18.07,33.02,-9.13,-36.93,-121.51,1
F,2022-10-21 13:11:10.828144,0.28,-0.41,0.86,15.56,-12.33,43.03,-13.92,-23.63,-113.46,1
F,2022-10-21 13:11:10.846290,0.35,-0.36,0.81,2.93,-10.01,48.46,-13.92,-23.63,-113.46,1
F,2022-10-21 13:11:10.864290,0.41,-0.22,0.80,-13.79,-18.37,49.74,-13.92,-23.63,-113.46,1
F,2022-10-21 13:11:10.883199,0.40,-0.09,0.81,-24.29,-21.24,44.01,-13.23,-17.69,-109.28,1
F,2022-10-21 13:11:10.901198,0.27,-0.03,0.83,-35.16,-24.96,37.54,-13.23,-17.69,-109.28,1
F,2022-10-21 13:11:10.919187,0.26,0.01,0.81,-41.87,-28.99,32.35,-13.23,-17.69,-109.28,1
F,2022-10-21 13:11:10.938041,0.35,0.16,0.81,-73.30,-10.68,19.35,-19.56,-12.17,-111.39,1
F,2022-10-21 13:11:10.956134,0.45,0.40,0.91,-71.04,-12.33,18.37,-19.56,-12.17,-111.39,1
F,2022-10-21 13:11:10.975026,0.33,0.38,1.02,-54.44,-22.40,17.03,-26.07,2.78,-107.48,1
F,2022-10-21 13:11:10.993044,0.15,0.29,1.19,-45.53,-27.34,14.71,-26.07,2.78,-107.48,1
F,2022-10-21 13:11:11.010964,0.05,0.26,1.31,-37.29,-18.13,18.07,-26.07,2.78,-107.48,1
F,2022-10-21 13:11:11.029925,0.09,0.25,1.23,-20.87,2.99,22.16,-23.79,21.74,-98.73,1
F,2022-10-21 13:11:11.048106,0.22,0.31,1.12,-26.61,9.03,13.85,-23.79,21.74,-98.73,1
F,2022-10-21 13:11:11.066066,0.25,0.30,1.00,-37.96,10.86,-0.18,-23.79,21.74,-98.73,1
F,2022-10-21 13:11:11.085195,0.29,0.32,0.97,-41.87,12.94,-3.60,-13.43,33.47,-91.98,1
