f,2022-11-01 14:41:39.884725,0.21,-0.02,0.99,-56.95,-7.08,-26.61,-45.90,28.10,-77.59,1
f,2022-11-01 14:41:39.904015,0.35,0.18,0.99,-42.24,-5.49,-14.22,-45.90,28.10,-77.59,1
f,2022-11-01 14:41:39.925000,-0.10,0.18,1.12,-37.48,-8.24,-32.10,-47.79,27.58,-75.88,1
f,2022-11-01 14:41:39.944487,0.41,-0.24,1.01,10.86,16.48,-1.28,-47.79,27.58,-75.88,1
f,2022-11-01 14:41:39.962658,0.32,0.12,1.07,-13.79,3.97,0.61,-48.89,27.34,-77.76,1
f,2022-11-01 14:41:39.982384,0.29,-0.14,0.97,-31.37,14.65,-9.64,-48.89,27.34,-77.76,1
f,2022-11-01 14:41:40.001385,0.35,-0.16,0.91,-34.91,15.63,-10.50,-48.89,27.34,-77.76,1
f,2022-11-01 14:41:40.022536,0.31,-0.18,0.87,-41.20,10.31,-0.49,-51.51,26.56,-83.08,1
f,2022-11-01 14:41:40.041065,0.20,-0.16,0.67,-30.40,-3.85,5.80,-51.51,26.56,-83.08,1
f,2022-11-01 14:41:40.064014,0.14,-0.26,0.52,-22.58,-19.71,17.82,-52.95,27.09,-84.29,1
f,2022-11-01 14:41:40.084530,0.09,0.08,0.61,-39.31,-44.92,13.31,-52.95,27.09,-84.29,1
f,2022-11-01 14:41:40.103967,-0.01,0.03,0.41,-52.92,-48.40,-16.78,-52.95,27.09,-84.29,1
f,2022-11-01 14:41:40.126829,0.05,0.58,0.87,-43.21,-48.16,-23.50,-49.76,28.10,-76.87,1
f,2022-11-01 14:41:40.144326,0.12,0.57,0.89,12.45,-52.61,-29.79,-49.76,28.10,-76.87,1
f,2022-11-01 14:41:40.164413,0.19,0.32,1.07,7.57,-19.78,-39.18,-41.00,26.28,-71.66,1
f,2022-11-01 14:41:40.182504,0.31,0.12,1.16,17.64,-25.39,-27.16,-41.00,26.28,-71.66,1
f,2022-11-01 14:41:40.200541,0.37,0.11,1.32,20.45,-25.33,-8.85,-41.00,26.28,-71.66,1
f,2022-11-01 14:41:40.220053,0.37,0.07,1.35,15.69,-6.71,3.85,-37.24,26.88,-68.84,1
f,2022-11-01 14:41:40.238530,0.33,0.09,1.31,10.50,6.16,9.64,-37.24,26.88,-68.84,1
f,2022-11-01 14:41:40.258783,0.24,0.18,1.16,17.46,-12.51,18.37,-36.21,26.46,-67.80,1
f,2022-11-01 14:41:40.280261,0.06,0.18,1.35,51.27,-49.80,48.71,-36.21,26.46,-67.80,1
f,2022-11-01 14:41:40.296375,0.02,0.18,0.85,44.62,66.16,97.66,-36.21,26.46,-67.80,1
f,2022-11-01 14:41:40.316554,0.09,0.22,1.18,77.45,44.31,111.69,-34.66,27.86,-67.80,1
f,2022-11-01 14:41:40.334800,0.31,-0.15,0.84,-4.39,69.21,-0.18,-34.66,27.86,-67.80,1
f,2022-11-01 14:41:40.352072,0.32,-0.26,0.72,-36.25,49.32,-37.54,-34.66,27.86,-67.80,1
f,2022-11-01 14:41:40.374008,0.45,-0.31,0.65,-31.92,33.51,-24.66,-38.92,27.04,-72.83,1
f,2022-11-01 14:41:40.390032,0.58,-0.36,0.51,-25.94,14.59,20.14,-38.92,27.04,-72.83,1
f,2022-11-01 14:41:40.409873,0.64,-0.06,0.35,-38.27,-21.97,29.91,-40.48,27.61,-73.84,1
f,2022-11-01 14:41:40.430010,-0.33,0.26,0.94,-49.62,-50.90,3.78,-40.48,27.61,-73.84,1
f,2022-11-01 14:41:40.448635,-0.18,1.05,1.00,-47.67,37.90,19.04,-40.48,27.61,-73.84,1
f,2022-11-01 14:41:40.467753,0.21,0.26,1.01,-12.94,21.24,-25.33,-39.75,27.99,-72.14,1
f,2022-11-01 14:41:40.488903,-0.33,1.41,0.87,21.00,1.59,1.71,-39.75,27.99,-72.14,1
f,2022-11-01 14:41:40.512097,0.18,0.79,1.12,62.99,7.20,-84.78,-41.97,26.28,-73.38,1
f,2022-11-01 14:41:40.529266,0.29,-0.07,0.82,69.09,20.94,-81.05,-41.97,26.28,-73.38,1
f,2022-11-01 14:41:40.548499,0.26,-0.04,0.96,70.62,8.67,-14.89,-41.97,26.28,-73.38,1
f,2022-11-01 14:41:40.567078,0.38,-0.71,0.76,66.96,2.08,-1.04,-46.56,25.74,-74.37,1
f,2022-11-01 14:41:40.586193,0.46,-0.90,0.75,47.55,-14.22,34.36,-46.56,25.74,-74.37,1
f,2022-11-01 14:41:40.604557,0.25,-0.41,0.85,14.83,-17.64,53.10,-46.56,25.74,-74.37,1
f,2022-11-01 14:41:40.623941,0.24,-0.17,0.92,-39.37,-2.14,5.74,-47.47,28.30,-74.67,1
f,2022-11-01 14:41:40.644654,0.01,0.16,1.02,-22.89,6.53,15.50,-47.47,28.30,-74.67,1
f,2022-11-01 14:41:40.666457,-0.10,0.47,1.15,19.84,23.19,64.76,-45.12,29.48,-76.60,1
f,2022-11-01 14:41:40.683997,0.05,0.41,1.08,84.05,31.19,85.69,-45.12,29.48,-76.60,1
