n,2022-10-14 10:07:57.377021,0.41,-0.21,0.74,-2.62,-9.46,-16.54,24.01,11.25,-22.13,1
n,2022-10-14 10:07:57.392633,0.37,-0.23,0.74,-0.85,-16.30,-14.10,24.01,11.25,-22.13,1
n,2022-10-14 10:07:57.408274,0.38,-0.22,0.70,-0.92,-24.17,-11.35,25.00,11.21,-20.52,1
n,2022-10-14 10:07:57.423904,0.38,-0.20,0.75,-3.97,-31.74,-14.04,25.00,11.21,-20.52,1
n,2022-10-14 10:07:57.439526,0.32,-0.17,0.80,-12.02,-33.45,-19.59,27.34,10.61,-18.03,1
n,2022-10-14 10:07:57.470760,0.25,-0.16,0.85,-10.38,-30.33,-20.32,27.34,10.61,-18.03,1
n,2022-10-14 10:07:57.486402,0.24,-0.20,0.84,-5.92,-26.43,-13.24,27.34,10.61,-18.03,1
n,2022-10-14 10:07:57.502111,0.31,-0.15,0.78,-3.60,-26.79,-9.22,30.96,9.00,-17.26,1
n,2022-10-14 10:07:57.517656,0.22,-0.20,0.96,-4.64,-34.48,-13.31,30.96,9.00,-17.26,1
n,2022-10-14 10:07:57.533285,0.27,0.09,1.00,8.91,18.86,12.27,30.96,9.00,-17.26,1
n,2022-10-14 10:07:57.548906,0.28,-0.37,0.90,13.61,8.30,10.56,32.63,7.92,-15.61,1
n,2022-10-14 10:07:57.580142,0.22,-0.11,0.91,-5.86,-4.21,-5.37,32.63,7.92,-15.61,1
n,2022-10-14 10:07:57.595780,0.25,-0.23,0.92,-2.44,-8.85,-13.61,33.46,8.57,-17.03,1
n,2022-10-14 10:07:57.611415,0.25,-0.16,0.86,-8.48,-3.60,-9.64,33.46,8.57,-17.03,1
n,2022-10-14 10:07:57.627037,0.23,-0.15,0.88,-5.31,-3.11,-7.63,33.46,8.57,-17.03,1
n,2022-10-14 10:07:57.642662,0.21,-0.10,0.85,-3.30,-0.49,-3.42,34.61,8.95,-16.70,1
n,2022-10-14 10:07:57.673913,0.23,-0.10,0.86,0.55,0.67,-1.04,34.61,8.95,-16.70,1
n,2022-10-14 10:07:57.689539,0.19,-0.09,0.82,2.44,-1.04,-1.65,34.61,8.95,-16.70,1
n,2022-10-14 10:07:57.705167,0.21,-0.15,0.79,16.24,-13.00,-2.99,36.95,9.35,-18.33,1
n,2022-10-14 10:07:57.720793,0.23,-0.19,0.87,13.61,-14.83,-3.97,36.95,9.35,-18.33,1
n,2022-10-14 10:07:57.736419,0.19,-0.17,0.83,5.62,-10.44,-5.13,36.95,9.35,-18.33,1
n,2022-10-14 10:07:57.752044,0.26,-0.19,0.87,12.39,-13.98,-5.13,39.50,10.57,-21.33,1
n,2022-10-14 10:07:57.783278,0.25,-0.21,0.97,5.43,-7.26,-5.25,39.50,10.57,-21.33,1
n,2022-10-14 10:07:57.798914,0.28,-0.20,1.00,3.72,-3.66,-5.19,42.44,12.45,-25.27,1
n,2022-10-14 10:07:57.814530,0.29,-0.21,1.00,3.97,-1.40,-5.00,42.44,12.45,-25.27,1
n,2022-10-14 10:07:57.830174,0.27,-0.20,1.06,1.28,3.78,-3.48,42.44,12.45,-25.27,1
n,2022-10-14 10:07:57.845803,0.32,-0.20,1.11,4.03,5.74,-0.06,43.74,13.20,-28.78,1
n,2022-10-14 10:07:57.861425,0.33,-0.24,1.12,-2.44,10.25,1.59,43.74,13.20,-28.78,1
n,2022-10-14 10:07:57.892660,0.29,-0.19,1.05,-6.35,13.31,4.46,43.74,13.20,-28.78,1
n,2022-10-14 10:07:57.908285,0.29,-0.16,1.01,1.40,1.71,3.11,45.02,13.46,-29.33,1
n,2022-10-14 10:07:57.923936,0.26,-0.16,0.99,9.64,-27.22,2.99,45.02,13.46,-29.33,1
n,2022-10-14 10:07:57.939555,0.26,-0.16,0.97,24.60,-27.22,3.72,44.79,13.38,-29.09,1
n,2022-10-14 10:07:57.955181,0.24,-0.20,1.00,29.85,-32.90,3.91,44.79,13.38,-29.09,1
n,2022-10-14 10:07:57.986415,0.07,-0.13,0.53,-45.17,56.76,36.01,44.79,13.38,-29.09,1
n,2022-10-14 10:07:58.002058,0.32,-0.15,1.10,-18.01,15.81,16.91,44.73,11.52,-26.87,1
n,2022-10-14 10:07:58.017686,0.32,-0.21,1.00,-17.94,15.44,7.26,44.73,11.52,-26.87,1
n,2022-10-14 10:07:58.033315,0.27,-0.18,0.96,-15.26,9.16,3.97,44.73,11.52,-26.87,1
n,2022-10-14 10:07:58.048937,0.28,-0.14,0.98,-23.62,10.19,-4.21,43.04,11.02,-21.92,1
n,2022-10-14 10:07:58.064545,0.25,-0.09,1.00,-24.48,9.77,-8.06,43.04,11.02,-21.92,1
n,2022-10-14 10:07:58.095796,0.25,-0.01,0.93,-20.87,11.54,-13.43,41.13,11.49,-18.32,1
n,2022-10-14 10:07:58.111439,0.21,-0.01,0.89,-14.34,10.25,-15.56,41.13,11.49,-18.32,1
n,2022-10-14 10:07:58.127067,0.18,-0.00,0.84,-5.86,13.00,-13.43,41.13,11.49,-18.32,1
n,2022-10-14 10:07:58.142692,0.22,-0.03,0.85,8.97,10.01,-10.50,39.07,12.13,-17.24,1
n,2022-10-14 10:07:58.158322,0.21,-0.06,0.84,21.73,8.36,-3.23,39.07,12.13,-17.24,1
n,2022-10-14 10:07:58.189552,0.21,-0.09,0.80,23.44,12.51,-3.36,39.07,12.13,-17.24,1
n,2022-10-14 10:07:58.205178,0.21,-0.16,0.74,23.56,12.02,-6.35,38.42,13.87,-16.31,1
n,2022-10-14 10:07:58.220821,0.21,-0.20,0.76,19.29,11.47,-6.59,38.42,13.87,-16.31,1
n,2022-10-14 10:07:58.236452,0.22,-0.19,0.75,10.74,12.45,-11.78,38.42,13.87,-16.31,1
n,2022-10-14 10:07:58.252074,0.24,-0.23,0.74,2.75,16.60,-15.63,39.66,16.25,-14.99,1
n,2022-10-14 10:07:58.283324,0.23,-0.19,0.71,1.16,16.66,-16.17,39.66,16.25,-14.99,1
n,2022-10-14 10:07:58.298933,0.25,-0.19,0.75,2.50,11.72,-17.88,42.46,19.06,-16.81,1
n,2022-10-14 10:07:58.314559,0.26,-0.27,0.82,7.69,5.98,-16.60,42.46,19.06,-16.81,1
n,2022-10-14 10:07:58.330203,0.31,-0.26,0.83,10.50,5.86,-8.00,42.46,19.06,-16.81,1
n,2022-10-14 10:07:58.345833,0.32,-0.28,0.92,14.34,-0.43,-4.88,44.80,21.34,-20.12,1
n,2022-10-14 10:07:58.361455,0.34,-0.25,0.90,11.11,0.18,-4.21,44.80,21.34,-20.12,1
n,2022-10-14 10:07:58.377081,0.38,-0.28,0.98,9.46,1.40,-5.80,44.80,21.34,-20.12,1
n,2022-10-14 10:07:58.408331,0.39,-0.28,1.06,4.58,3.17,-5.68,46.29,23.01,-22.68,1
n,2022-10-14 10:07:58.423948,0.42,-0.23,1.09,1.89,4.27,-5.31,46.29,23.01,-22.68,1
n,2022-10-14 10:07:58.439585,0.39,-0.21,1.04,-1.95,5.25,-5.00,46.79,24.07,-25.27,1
n,2022-10-14 10:07:58.455209,0.42,-0.24,1.08,3.11,0.55,-2.26,46.79,24.07,-25.27,1
n,2022-10-14 10:07:58.470840,0.37,-0.23,1.01,4.52,0.37,2.56,46.79,24.07,-25.27,1
n,2022-10-14 10:07:58.502070,0.33,-0.24,0.95,17.15,-18.49,-2.14,46.68,24.21,-25.12,1
