U,2022-10-22 15:00:29.314179,-0.00,0.92,-0.72,-41.14,-25.33,-23.56,-0.50,-25.07,-38.04,1
U,2022-10-22 15:00:29.332276,0.14,0.80,-0.70,-49.93,-15.01,-16.91,-0.50,-25.07,-38.04,1
U,2022-10-22 15:00:29.350444,0.21,0.73,-0.71,-40.22,-2.08,-17.27,-0.50,-25.07,-38.04,1
U,2022-10-22 15:00:29.369026,0.29,0.65,-0.70,-30.58,12.57,-19.59,1.51,-23.69,-35.55,1
U,2022-10-22 15:00:29.387042,0.35,0.64,-0.61,-25.27,35.89,-30.21,1.51,-23.69,-35.55,1
U,2022-10-22 15:00:29.405068,0.33,0.65,-0.59,-26.98,51.76,-40.65,1.51,-23.69,-35.55,1
U,2022-10-22 15:00:29.424017,0.31,0.71,-0.56,-26.61,66.77,-48.89,4.37,-22.08,-35.41,1
U,2022-10-22 15:00:29.442178,0.31,0.73,-0.51,-23.38,73.91,-53.41,4.37,-22.08,-35.41,1
U,2022-10-22 15:00:29.461047,0.26,0.76,-0.57,-21.79,76.72,-49.13,7.71,-19.75,-37.13,1
U,2022-10-22 15:00:29.479058,0.28,0.74,-0.65,-16.36,90.94,-30.52,7.71,-19.75,-37.13,1
U,2022-10-22 15:00:29.497070,0.21,0.64,-0.68,-32.23,95.76,-20.45,7.71,-19.75,-37.13,1
U,2022-10-22 15:00:29.515890,0.06,0.53,-0.73,-51.51,91.98,-16.66,11.78,-15.43,-35.77,1
U,2022-10-22 15:00:29.534186,-0.02,0.45,-0.78,-59.51,83.74,-9.52,11.78,-15.43,-35.77,1
U,2022-10-22 15:00:29.551984,-0.14,0.34,-0.83,-52.19,73.55,-8.97,11.78,-15.43,-35.77,1
U,2022-10-22 15:00:29.571258,-0.11,0.33,-0.88,-59.94,63.66,-10.25,13.48,-10.05,-35.96,1
U,2022-10-22 15:00:29.588888,-0.06,0.27,-0.97,-83.56,41.08,21.67,13.48,-10.05,-35.96,1
U,2022-10-22 15:00:29.607169,-0.08,0.08,-1.00,-85.69,29.17,43.15,13.48,-10.05,-35.96,1
U,2022-10-22 15:00:29.626354,-0.15,-0.05,-1.04,-86.18,12.63,57.13,12.74,-5.77,-34.77,1
U,2022-10-22 15:00:29.644175,-0.30,-0.15,-1.10,-79.41,-0.24,51.82,12.74,-5.77,-34.77,1
U,2022-10-22 15:00:29.663244,-0.42,-0.16,-1.20,-72.08,-8.97,33.14,11.23,-1.97,-35.06,1
U,2022-10-22 15:00:29.681179,-0.45,-0.15,-1.28,-41.38,-14.77,9.22,11.23,-1.97,-35.06,1
U,2022-10-22 15:00:29.699240,-0.34,-0.08,-1.27,-11.78,-16.42,0.73,11.23,-1.97,-35.06,1
U,2022-10-22 15:00:29.718092,-0.29,0.01,-1.20,3.05,-20.26,0.85,11.52,0.50,-36.57,1
U,2022-10-22 15:00:29.735978,-0.29,0.06,-1.16,11.60,-31.13,15.38,11.52,0.50,-36.57,1
U,2022-10-22 15:00:29.753956,-0.19,0.07,-1.14,10.74,-43.21,25.94,11.52,0.50,-36.57,1
U,2022-10-22 15:00:29.773054,-0.19,0.12,-1.22,-3.05,-38.64,18.25,11.28,2.36,-37.51,1
U,2022-10-22 15:00:29.791029,-0.15,0.18,-1.16,-8.67,-33.33,18.92,11.28,2.36,-37.51,1
U,2022-10-22 15:00:29.809035,-0.11,0.20,-1.10,-5.31,-28.75,23.86,11.28,2.36,-37.51,1
U,2022-10-22 15:00:29.827923,0.00,0.22,-1.02,-1.83,-30.03,27.47,10.75,2.66,-37.93,1
U,2022-10-22 15:00:29.845807,-0.05,0.20,-0.98,14.59,-27.10,27.71,10.75,2.66,-37.93,1
U,2022-10-22 15:00:29.865067,-0.15,0.24,-1.09,19.41,-12.15,8.73,10.86,2.99,-37.29,1
U,2022-10-22 15:00:29.882956,-0.13,0.35,-0.99,22.16,3.30,-0.12,10.86,2.99,-37.29,1
U,2022-10-22 15:00:29.900785,-0.05,0.39,-0.90,14.83,5.86,3.48,10.86,2.99,-37.29,1
U,2022-10-22 15:00:29.919990,-0.02,0.32,-0.88,5.55,-1.53,16.91,11.12,3.11,-37.63,1
U,2022-10-22 15:00:29.937980,-0.02,0.24,-0.95,3.17,-3.60,21.85,11.12,3.11,-37.63,1
U,2022-10-22 15:00:29.955816,-0.01,0.19,-0.99,1.71,3.30,20.20,11.12,3.11,-37.63,1
U,2022-10-22 15:00:29.974962,-0.06,0.20,-1.03,2.38,6.29,12.63,10.47,3.96,-37.67,1
U,2022-10-22 15:00:29.992818,-0.06,0.23,-1.03,6.90,9.95,6.41,10.47,3.96,-37.67,1
U,2022-10-22 15:00:30.010737,-0.09,0.24,-0.98,0.79,7.57,8.79,10.47,3.96,-37.67,1
U,2022-10-22 15:00:30.030034,-0.14,0.25,-0.99,-3.42,2.69,12.08,10.01,3.93,-37.10,1
U,2022-10-22 15:00:30.047909,-0.18,0.22,-0.99,-4.58,-2.01,15.87,10.01,3.93,-37.10,1
U,2022-10-22 15:00:30.067172,-0.22,0.20,-0.99,-2.87,-6.71,6.59,9.56,4.38,-36.94,1
U,2022-10-22 15:00:30.084892,-0.10,0.23,-1.02,3.30,-8.06,-2.81,9.56,4.38,-36.94,1
U,2022-10-22 15:00:30.103040,-0.00,0.24,-1.01,14.59,-8.79,-8.30,9.56,4.38,-36.94,1
U,2022-10-22 15:00:30.121796,0.04,0.27,-1.00,17.46,-7.08,-11.29,9.59,4.58,-36.91,1
U,2022-10-22 15:00:30.139739,0.03,0.28,-0.98,11.23,0.06,-2.99,9.59,4.58,-36.91,1
U,2022-10-22 15:00:30.157702,-0.02,0.26,-0.94,5.07,0.43,6.77,9.59,4.58,-36.91,1
U,2022-10-22 15:00:30.176833,-0.02,0.24,-0.96,1.46,-0.73,12.70,9.73,3.67,-37.56,1
U,2022-10-22 15:00:30.194884,-0.05,0.21,-1.00,-2.87,-0.79,12.70,9.73,3.67,-37.56,1
U,2022-10-22 15:00:30.212814,-0.01,0.24,-1.02,3.72,0.85,5.37,9.73,3.67,-37.56,1
U,2022-10-22 15:00:30.231737,0.03,0.29,-0.99,10.44,5.74,2.38,9.22,3.52,-37.06,1
U,2022-10-22 15:00:30.249798,-0.02,0.32,-0.92,4.70,10.93,8.54,9.22,3.52,-37.06,1
U,2022-10-22 15:00:30.268971,-0.13,0.27,-0.90,1.89,8.79,15.63,10.10,3.41,-37.49,1
U,2022-10-22 15:00:30.286808,-0.17,0.22,-0.94,1.95,0.49,13.61,10.10,3.41,-37.49,1
U,2022-10-22 15:00:30.304946,-0.15,0.23,-0.96,4.94,-5.86,3.48,10.10,3.41,-37.49,1
U,2022-10-22 15:00:30.324186,-0.07,0.28,-0.98,-0.24,-5.86,-8.36,10.10,2.77,-37.98,1
U,2022-10-22 15:00:30.342182,0.03,0.34,-1.01,-1.10,-1.34,-16.72,10.10,2.77,-37.98,1
U,2022-10-22 15:00:30.359781,0.07,0.35,-0.95,2.26,1.71,-11.17,10.10,2.77,-37.98,1
U,2022-10-22 15:00:30.379084,0.04,0.31,-0.95,-2.50,3.17,-1.40,9.72,2.51,-37.16,1
U,2022-10-22 15:00:30.396781,0.01,0.23,-0.95,-4.70,6.77,8.30,9.72,2.51,-37.16,1
U,2022-10-22 15:00:30.414959,-0.04,0.18,-0.97,-6.35,8.00,3.97,9.72,2.51,-37.16,1
U,2022-10-22 15:00:30.434180,-0.03,0.26,-1.02,-2.14,17.64,-20.20,9.96,3.52,-37.92,1
U,2022-10-22 15:00:30.451955,0.01,0.36,-0.98,-1.65,17.09,-19.17,9.96,3.52,-37.92,1
U,2022-10-22 15:00:30.470804,0.02,0.37,-0.96,-8.18,9.52,-9.34,9.88,2.97,-36.35,1
U,2022-10-22 15:00:30.488955,-0.01,0.33,-1.00,-13.12,1.65,1.22,9.88,2.97,-36.35,1
U,2022-10-22 15:00:30.507010,-0.05,0.25,-1.03,-11.72,-2.75,7.20,9.88,2.97,-36.35,1
U,2022-10-22 15:00:30.526230,-0.12,0.23,-1.04,-4.94,-2.32,-11.54,9.58,3.27,-36.84,1
U,2022-10-22 15:00:30.543974,-0.02,0.30,-1.00,-3.66,-1.04,-14.95,9.58,3.27,-36.84,1
U,2022-10-22 15:00:30.562027,0.03,0.31,-0.96,-5.25,-3.78,-11.17,9.58,3.27,-36.84,1
U,2022-10-22 15:00:30.581027,0.06,0.30,-0.95,-10.86,-6.59,-6.59,9.19,3.58,-37.27,1
U,2022-10-22 15:00:30.598999,0.04,0.26,-0.94,-22.71,-11.96,-1.16,9.19,3.58,-37.27,1
U,2022-10-22 15:00:30.616902,0.00,0.20,-0.98,-31.19,-16.11,0.73,9.19,3.58,-37.27,1
U,2022-10-22 15:00:30.636076,-0.02,0.17,-1.01,-28.81,-9.70,-4.15,8.86,3.41,-36.44,1
U,2022-10-22 15:00:30.654029,0.01,0.18,-1.01,-18.01,-2.08,-4.46,8.86,3.41,-36.44,1
U,2022-10-22 15:00:30.672781,0.02,0.16,-1.00,-16.85,2.32,1.40,8.28,3.85,-36.07,1
U,2022-10-22 15:00:30.690923,-0.01,0.14,-1.01,-16.11,1.83,4.52,8.28,3.85,-36.07,1
U,2022-10-22 15:00:30.708983,-0.05,0.11,-1.02,-14.89,1.65,1.89,8.28,3.85,-36.07,1
U,2022-10-22 15:00:30.727988,-0.05,0.11,-1.02,-9.70,-0.55,-2.26,8.14,3.80,-37.08,1
U,2022-10-22 15:00:30.746031,-0.05,0.17,-0.99,-5.07,-3.60,-5.43,8.14,3.80,-37.08,1
U,2022-10-22 15:00:30.763978,-0.04,0.19,-0.97,-5.55,-7.87,-2.69,8.14,3.80,-37.08,1
U,2022-10-22 15:00:30.782980,-0.02,0.17,-0.97,-6.29,-8.79,2.75,7.53,4.03,-37.45,1
U,2022-10-22 15:00:30.800888,0.01,0.17,-0.96,-6.10,-3.23,15.81,7.53,4.03,-37.45,1
U,2022-10-22 15:00:30.818934,-0.14,0.14,-0.96,23.80,-2.26,0.37,7.53,4.03,-37.45,1
U,2022-10-22 15:00:30.838009,-0.00,0.13,-0.99,26.67,-0.06,3.17,7.78,3.97,-36.60,1
U,2022-10-22 15:00:30.855967,0.01,0.12,-0.95,33.57,-0.49,-0.43,7.78,3.97,-36.60,1
U,2022-10-22 15:00:30.874977,-0.06,0.18,-0.99,36.50,-1.28,-3.97,7.78,4.46,-34.68,1
U,2022-10-22 15:00:30.892957,-0.13,0.28,-1.11,57.68,59.57,-4.39,7.78,4.46,-34.68,1
U,2022-10-22 15:00:30.910793,-0.06,0.23,-0.89,64.39,97.47,0.49,7.78,4.46,-34.68,1
U,2022-10-22 15:00:30.929894,-0.08,0.19,-0.90,61.16,101.50,9.03,8.85,3.72,-37.32,1
U,2022-10-22 15:00:30.947785,-0.14,0.18,-0.96,67.75,90.45,13.85,8.85,3.72,-37.32,1
U,2022-10-22 15:00:30.965889,-0.17,0.20,-0.99,75.07,86.00,17.33,8.85,3.72,-37.32,1
U,2022-10-22 15:00:30.984702,-0.18,0.24,-0.98,70.25,89.72,20.39,9.80,4.47,-37.46,1
U,2022-10-22 15:00:31.002976,-0.27,0.31,-0.91,52.25,87.40,30.64,9.80,4.47,-37.46,1
U,2022-10-22 15:00:31.021013,-0.29,0.28,-0.87,40.71,71.96,41.08,9.80,4.47,-37.46,1
U,2022-10-22 15:00:31.039957,-0.26,0.27,-0.90,34.55,47.91,43.58,10.52,4.61,-37.96,1
U,2022-10-22 15:00:31.057796,-0.19,0.27,-0.93,33.87,22.09,30.40,10.52,4.61,-37.96,1
U,2022-10-22 15:00:31.076795,-0.16,0.33,-0.98,33.81,0.73,6.53,11.54,5.11,-38.65,1
U,2022-10-22 15:00:31.094886,-0.18,0.49,-1.00,33.94,-4.03,-17.33,11.54,5.11,-38.65,1
U,2022-10-22 15:00:31.113003,-0.18,0.58,-0.89,14.59,-6.90,-20.81,11.54,5.11,-38.65,1
U,2022-10-22 15:00:31.132016,-0.19,0.62,-0.81,-0.79,-21.61,-19.17,11.40,4.21,-38.26,1
U,2022-10-22 15:00:31.150364,-0.14,0.62,-0.76,-11.54,-53.28,-15.99,11.40,4.21,-38.26,1
U,2022-10-22 15:00:31.168254,-0.07,0.57,-0.80,-31.74,-95.95,-14.04,11.40,4.21,-38.26,1
U,2022-10-22 15:00:31.187164,-0.04,0.50,-0.92,-62.81,-134.77,-6.23,11.34,4.41,-38.38,1
U,2022-10-22 15:00:31.205049,-0.05,0.35,-1.06,-69.64,-137.57,0.98,11.34,4.41,-38.38,1
U,2022-10-22 15:00:31.223166,-0.03,0.27,-1.13,-69.95,-122.07,7.75,11.34,4.41,-38.38,1
U,2022-10-22 15:00:31.241953,-0.00,0.24,-1.10,-67.57,-93.93,5.80,10.07,4.53,-37.44,1
U,2022-10-22 15:00:31.260025,0.00,0.20,-1.08,-60.24,-70.37,-0.12,10.07,4.53,-37.44,1
U,2022-10-22 15:00:31.279231,-0.04,0.25,-1.07,-17.82,-31.86,-10.99,8.86,4.27,-36.65,1
U,2022-10-22 15:00:31.297311,-0.04,0.27,-1.01,-7.08,-11.66,-9.16,8.86,4.27,-36.65,1
U,2022-10-22 15:00:31.315179,-0.05,0.28,-1.01,9.22,5.62,-5.92,8.86,4.27,-36.65,1
U,2022-10-22 15:00:31.333769,-0.06,0.27,-0.96,23.86,27.04,-2.99,9.13,3.52,-36.78,1
