U,2022-10-22 15:00:44.059826,-0.30,0.12,-1.04,-3.30,-25.45,-5.55,53.36,14.07,-43.53,1
U,2022-10-22 15:00:44.077641,-0.09,0.08,-1.11,2.81,-27.47,-0.67,53.36,14.07,-43.53,1
U,2022-10-22 15:00:44.095451,-0.01,0.10,-1.13,9.89,-12.27,6.23,53.36,14.07,-43.53,1
U,2022-10-22 15:00:44.114457,0.06,0.11,-1.09,13.43,12.45,11.47,53.21,11.22,-40.71,1
U,2022-10-22 15:00:44.132445,0.00,0.14,-0.98,14.65,30.58,13.98,53.21,11.22,-40.71,1
U,2022-10-22 15:00:44.151447,-0.15,0.15,-0.90,13.37,23.68,20.57,54.64,9.61,-40.30,1
U,2022-10-22 15:00:44.169604,-0.14,0.11,-0.96,13.06,1.95,20.51,54.64,9.61,-40.30,1
U,2022-10-22 15:00:44.187632,-0.01,0.20,-1.07,19.29,-12.82,8.97,54.64,9.61,-40.30,1
U,2022-10-22 15:00:44.206558,0.10,0.28,-1.15,16.17,-13.92,3.97,56.36,7.96,-40.41,1
U,2022-10-22 15:00:44.224630,0.08,0.37,-1.13,17.76,-1.53,-3.11,56.36,7.96,-40.41,1
U,2022-10-22 15:00:44.242539,-0.04,0.45,-0.99,-3.23,4.46,-8.54,56.36,7.96,-40.41,1
U,2022-10-22 15:00:44.261720,-0.25,0.43,-0.88,-15.81,-6.96,-5.00,56.45,8.18,-41.33,1
U,2022-10-22 15:00:44.279638,-0.21,0.35,-0.93,-26.37,-27.28,-2.81,56.45,8.18,-41.33,1
U,2022-10-22 15:00:44.297714,-0.09,0.30,-0.99,-35.46,-40.89,-0.55,56.45,8.18,-41.33,1
U,2022-10-22 15:00:44.316512,0.00,0.22,-1.00,-40.89,-42.36,4.58,56.02,7.90,-43.46,1
U,2022-10-22 15:00:44.334541,0.04,0.16,-0.96,-40.10,-29.05,8.61,56.02,7.90,-43.46,1
U,2022-10-22 15:00:44.353617,0.05,0.10,-0.94,-34.79,-11.96,20.63,54.36,7.95,-44.91,1
U,2022-10-22 15:00:44.371548,-0.30,0.03,-0.84,-7.08,14.10,34.79,54.36,7.95,-44.91,1
U,2022-10-22 15:00:44.389551,-0.23,-0.04,-0.85,92.16,5.74,-22.46,54.36,7.95,-44.91,1
U,2022-10-22 15:00:44.408617,-0.26,0.22,-1.13,78.49,4.76,-16.97,55.40,9.06,-46.47,1
U,2022-10-22 15:00:44.426546,-0.18,0.16,-1.11,94.85,88.93,-9.52,55.40,9.06,-46.47,1
U,2022-10-22 15:00:44.444642,-0.10,0.28,-0.92,94.79,132.32,-4.82,55.40,9.06,-46.47,1
U,2022-10-22 15:00:44.463625,-0.16,0.26,-0.79,65.25,139.89,8.61,57.56,9.80,-40.23,1
U,2022-10-22 15:00:44.481553,-0.25,0.21,-0.75,48.46,119.08,21.55,57.56,9.80,-40.23,1
U,2022-10-22 15:00:44.499436,-0.30,0.16,-0.82,38.82,89.36,26.25,57.56,9.80,-40.23,1
U,2022-10-22 15:00:44.518615,-0.32,0.18,-0.92,41.14,72.33,24.17,59.57,8.40,-33.61,1
U,2022-10-22 15:00:44.536446,-0.32,0.25,-0.91,39.18,67.44,19.47,59.57,8.40,-33.61,1
U,2022-10-22 15:00:44.555639,-0.34,0.30,-0.89,32.23,64.09,17.09,61.84,6.47,-31.34,1
U,2022-10-22 15:00:44.573554,-0.37,0.34,-0.88,24.78,55.60,13.79,61.84,6.47,-31.34,1
U,2022-10-22 15:00:44.591543,-0.42,0.40,-0.89,19.96,45.29,12.94,61.84,6.47,-31.34,1
U,2022-10-22 15:00:44.610638,-0.44,0.40,-0.91,17.33,28.75,14.28,62.44,4.06,-28.21,1
U,2022-10-22 15:00:44.628631,-0.45,0.43,-0.93,22.64,1.59,10.62,62.44,4.06,-28.21,1
U,2022-10-22 15:00:44.646533,-0.41,0.44,-0.96,24.72,-12.39,9.22,62.44,4.06,-28.21,1
U,2022-10-22 15:00:44.665624,-0.37,0.45,-1.00,22.89,-20.02,4.88,63.32,1.98,-28.96,1
U,2022-10-22 15:00:44.683632,-0.37,0.47,-0.99,16.60,-21.79,0.31,63.32,1.98,-28.96,1
U,2022-10-22 15:00:44.701602,-0.38,0.47,-0.95,11.05,-23.62,-1.40,63.32,1.98,-28.96,1
U,2022-10-22 15:00:44.720611,-0.37,0.46,-0.89,1.28,-42.36,-4.46,62.73,1.32,-28.87,1
U,2022-10-22 15:00:44.738685,-0.28,0.47,-0.87,-10.25,-65.49,-9.89,62.73,1.32,-28.87,1
U,2022-10-22 15:00:44.757839,-0.22,0.48,-0.90,-20.57,-87.04,-17.09,61.00,0.92,-34.97,1
U,2022-10-22 15:00:44.775625,-0.20,0.46,-0.94,-28.56,-98.08,-19.84,61.00,0.92,-34.97,1
U,2022-10-22 15:00:44.793688,-0.19,0.43,-0.95,-32.59,-99.49,-17.15,61.00,0.92,-34.97,1
U,2022-10-22 15:00:44.812819,-0.18,0.38,-0.93,-42.79,-102.48,-7.63,59.79,1.97,-39.38,1
U,2022-10-22 15:00:44.830884,-0.15,0.28,-1.00,-46.20,-98.33,-1.28,59.79,1.97,-39.38,1
U,2022-10-22 15:00:44.848694,-0.13,0.27,-1.09,-34.06,-71.53,-2.14,59.79,1.97,-39.38,1
U,2022-10-22 15:00:44.867834,-0.18,0.32,-1.10,-6.47,-22.34,-7.57,57.63,2.45,-43.73,1
U,2022-10-22 15:00:44.885535,-0.18,0.29,-0.94,3.60,20.94,-5.68,57.63,2.45,-43.73,1
U,2022-10-22 15:00:44.903633,-0.16,0.26,-0.80,4.03,36.80,-1.10,57.63,2.45,-43.73,1
U,2022-10-22 15:00:44.922460,-0.14,0.26,-0.73,11.17,30.94,-2.20,56.70,2.31,-44.01,1
