s,2022-10-14 19:55:39.268635,0.01,-0.09,1.12,-124.02,16.17,-21.12,12.48,67.75,-51.55,1
s,2022-10-14 19:55:39.286925,0.11,0.08,1.12,-86.00,18.74,-20.14,12.48,67.75,-51.55,1
s,2022-10-14 19:55:39.306740,0.16,0.03,1.06,-18.49,16.05,-18.13,14.01,67.08,-54.85,1
s,2022-10-14 19:55:39.326322,0.19,-0.02,0.94,28.32,11.96,-18.43,14.01,67.08,-54.85,1
s,2022-10-14 19:55:39.347209,0.19,-0.09,0.97,42.36,6.90,-26.79,14.79,69.49,-58.84,1
s,2022-10-14 19:55:39.366299,0.22,-0.16,0.93,46.14,15.87,-33.26,14.79,69.49,-58.84,1
s,2022-10-14 19:55:39.387784,0.34,-0.31,0.83,65.67,13.06,-26.86,14.79,69.49,-58.84,1
s,2022-10-14 19:55:39.407031,0.35,-0.31,0.82,41.20,8.54,-33.87,15.15,74.54,-60.08,1
s,2022-10-14 19:55:39.428082,0.27,-0.37,0.77,7.63,5.55,-46.75,15.15,74.54,-60.08,1
s,2022-10-14 19:55:39.447596,0.25,-0.44,0.77,0.18,-1.95,-45.59,14.86,76.42,-64.42,1
s,2022-10-14 19:55:39.467203,0.21,-0.44,0.83,-11.23,-5.25,-30.94,14.86,76.42,-64.42,1
s,2022-10-14 19:55:39.485896,0.27,-0.42,0.92,-13.00,-2.26,-26.00,14.86,76.42,-64.42,1
s,2022-10-14 19:55:39.504536,0.25,-0.43,0.92,-28.81,9.89,-26.37,13.94,76.88,-72.14,1
s,2022-10-14 19:55:39.523400,0.26,-0.47,0.88,-27.22,7.63,-14.89,13.94,76.88,-72.14,1
s,2022-10-14 19:55:39.545773,-2.50,-0.95,1.58,-24.23,3.36,-6.10,16.75,76.72,-78.36,1
s,2022-10-14 19:55:39.565339,0.29,-0.46,0.89,30.94,16.24,27.40,16.75,76.72,-78.36,1
s,2022-10-14 19:55:39.584700,0.28,-0.49,0.75,-26.49,19.35,10.56,16.75,76.72,-78.36,1
s,2022-10-14 19:55:39.608257,0.25,-0.40,0.76,-38.27,14.40,8.48,23.41,75.20,-80.35,1
s,2022-10-14 19:55:39.625380,0.24,-0.35,0.67,-36.38,-1.77,15.01,23.41,75.20,-80.35,1
s,2022-10-14 19:55:39.644463,0.18,-0.32,0.56,-22.77,-21.00,24.29,25.95,74.49,-82.08,1
s,2022-10-14 19:55:39.664353,0.12,-0.24,0.61,0.37,-59.51,21.42,25.95,74.49,-82.08,1
s,2022-10-14 19:55:39.684205,0.10,-0.09,0.80,-6.47,-55.11,5.43,25.95,74.49,-82.08,1
s,2022-10-14 19:55:39.703893,0.11,-0.04,0.91,-3.36,-52.06,-10.07,15.25,76.44,-84.11,1
s,2022-10-14 19:55:39.721817,0.14,-0.05,1.08,14.77,-38.15,-16.30,15.25,76.44,-84.11,1
s,2022-10-14 19:55:39.741211,0.17,-0.18,1.04,29.85,-22.58,-17.46,15.25,76.44,-84.11,1
s,2022-10-14 19:55:39.762147,0.18,-0.26,1.10,27.65,-8.79,-16.11,2.03,77.69,-81.31,1
s,2022-10-14 19:55:39.779606,0.22,-0.32,1.11,8.61,16.91,-24.72,2.03,77.69,-81.31,1
s,2022-10-14 19:55:39.798925,0.26,-0.38,1.09,3.66,28.38,-28.26,-2.61,75.17,-79.27,1
s,2022-10-14 19:55:39.817060,0.26,-0.42,1.03,-3.23,38.88,-27.65,-2.61,75.17,-79.27,1
s,2022-10-14 19:55:39.835418,0.25,-0.44,0.89,-13.61,50.23,-28.20,-2.61,75.17,-79.27,1
s,2022-10-14 19:55:39.856727,0.25,-0.53,0.71,2.99,32.41,-24.90,0.44,71.12,-77.11,1
s,2022-10-14 19:55:39.874726,0.21,-0.50,0.67,7.63,18.55,-23.25,0.44,71.12,-77.11,1
s,2022-10-14 19:55:39.893652,0.20,-0.48,0.65,9.34,10.50,-32.96,0.77,69.71,-76.35,1
s,2022-10-14 19:55:39.912893,0.18,-0.46,0.58,18.80,-5.62,-34.00,0.77,69.71,-76.35,1
s,2022-10-14 19:55:39.934223,0.18,-0.46,0.59,24.29,-28.63,-26.12,0.77,69.71,-76.35,1
s,2022-10-14 19:55:39.954408,0.19,-0.48,0.67,27.47,-50.66,-7.69,-7.76,70.35,-72.23,1
s,2022-10-14 19:55:39.973354,0.24,-0.57,0.88,28.20,-59.57,4.15,-7.76,70.35,-72.23,1
s,2022-10-14 19:55:39.994365,0.24,-0.55,1.00,8.67,-38.45,20.81,-17.21,71.36,-63.46,1
s,2022-10-14 19:55:40.013487,0.24,-0.56,1.09,7.57,-41.02,31.92,-17.21,71.36,-63.46,1
s,2022-10-14 19:55:40.031808,0.20,-0.45,1.21,-7.75,-27.95,30.09,-17.21,71.36,-63.46,1
s,2022-10-14 19:55:40.051651,0.19,-0.35,1.24,-17.03,-8.30,11.47,-20.64,72.60,-61.78,1
s,2022-10-14 19:55:40.073528,0.18,-0.29,1.13,-8.73,-7.39,14.40,-20.64,72.60,-61.78,1
s,2022-10-14 19:55:40.092646,0.13,-0.31,0.99,-13.79,-10.13,18.13,-20.86,74.23,-61.85,1
s,2022-10-14 19:55:40.112467,0.12,-0.29,0.91,14.95,-10.62,13.98,-20.86,74.23,-61.85,1
s,2022-10-14 19:55:40.130153,0.10,-0.34,0.79,23.86,-7.02,14.65,-20.86,74.23,-61.85,1
s,2022-10-14 19:55:40.150100,0.08,-0.37,0.81,8.24,0.73,9.77,-19.78,77.12,-66.13,1
s,2022-10-14 19:55:40.168770,-0.16,-0.38,0.82,11.11,9.46,10.93,-19.78,77.12,-66.13,1
s,2022-10-14 19:55:40.187483,-0.15,-0.36,0.93,43.52,-1.53,27.59,-19.78,77.12,-66.13,1
s,2022-10-14 19:55:40.207478,-0.11,-0.38,0.90,56.03,14.40,29.66,-15.27,78.97,-62.88,1
s,2022-10-14 19:55:40.226729,0.07,-0.38,0.82,58.72,17.33,29.54,-15.27,78.97,-62.88,1
s,2022-10-14 19:55:40.247162,0.18,-0.35,0.81,52.86,18.31,24.54,-6.24,79.17,-57.78,1
s,2022-10-14 19:55:40.265972,0.25,-0.36,0.81,50.72,19.23,15.20,-6.24,79.17,-57.78,1
s,2022-10-14 19:55:40.286531,0.28,-0.45,0.79,49.62,20.51,8.54,-6.24,79.17,-57.78,1
s,2022-10-14 19:55:40.306190,0.35,-0.48,0.79,31.62,20.39,-0.43,-1.22,78.28,-53.71,1
s,2022-10-14 19:55:40.326201,0.39,-0.52,0.81,20.94,23.01,-7.63,-1.22,78.28,-53.71,1
s,2022-10-14 19:55:40.347745,0.39,-0.55,0.81,8.00,21.97,-14.71,1.15,76.43,-51.77,1
s,2022-10-14 19:55:40.368096,0.34,-0.59,0.82,1.40,12.63,-14.40,1.15,76.43,-51.77,1
s,2022-10-14 19:55:40.386470,0.31,-0.56,0.80,1.89,8.91,-9.95,1.15,76.43,-51.77,1
s,2022-10-14 19:55:40.405563,0.26,-0.57,0.81,-6.77,8.67,-16.54,1.95,74.65,-52.86,1
s,2022-10-14 19:55:40.425064,0.24,-0.56,0.84,-11.78,10.99,-18.74,1.95,74.65,-52.86,1
s,2022-10-14 19:55:40.444250,0.24,-0.51,0.86,-12.63,13.92,-16.42,2.49,73.02,-53.34,1
s,2022-10-14 19:55:40.464029,0.27,-0.51,0.82,-9.03,18.19,-16.11,2.49,73.02,-53.34,1
s,2022-10-14 19:55:40.482653,0.31,-0.52,0.82,-4.46,17.27,-14.89,2.49,73.02,-53.34,1
s,2022-10-14 19:55:40.502445,0.34,-0.53,0.84,-9.09,19.23,-16.85,4.37,71.73,-54.65,1
s,2022-10-14 19:55:40.522081,0.34,-0.55,0.85,-18.62,21.06,-21.24,4.37,71.73,-54.65,1
s,2022-10-14 19:55:40.541378,0.30,-0.54,0.89,-21.00,20.51,-21.24,6.40,70.20,-55.11,1
s,2022-10-14 19:55:40.559918,0.28,-0.54,0.89,-17.64,23.80,-21.79,6.40,70.20,-55.11,1
s,2022-10-14 19:55:40.579525,0.27,-0.57,0.82,-5.86,25.88,-15.81,6.40,70.20,-55.11,1
s,2022-10-14 19:55:40.600591,0.28,-0.56,0.78,3.91,21.85,-11.05,10.66,68.08,-57.59,1
s,2022-10-14 19:55:40.618608,0.28,-0.55,0.74,-2.50,26.55,-14.95,10.66,68.08,-57.59,1
s,2022-10-14 19:55:40.638336,0.24,-0.51,0.76,-19.78,32.35,-17.33,10.66,68.08,-57.59,1
s,2022-10-14 19:55:40.657352,0.30,-0.47,0.72,-17.64,35.34,-16.54,16.96,66.47,-58.02,1
s,2022-10-14 19:55:40.679340,0.37,-0.45,0.61,-7.39,20.87,-15.75,16.96,66.47,-58.02,1
s,2022-10-14 19:55:40.699722,0.40,-0.49,0.60,-9.28,6.77,-18.19,21.63,64.70,-59.34,1
s,2022-10-14 19:55:40.719624,0.34,-0.52,0.67,-37.05,4.64,-27.34,21.63,64.70,-59.34,1
s,2022-10-14 19:55:40.738921,0.34,-0.63,0.74,-42.42,6.96,-18.37,21.63,64.70,-59.34,1
s,2022-10-14 19:55:40.758290,0.32,-0.64,0.72,-40.83,-2.32,-2.44,25.15,61.25,-64.27,1
s,2022-10-14 19:55:40.776402,0.31,-0.86,1.04,40.71,1.83,31.43,25.15,61.25,-64.27,1
s,2022-10-14 19:55:40.797558,0.26,-0.60,0.76,-4.21,17.27,32.78,29.32,59.59,-64.89,1
s,2022-10-14 19:55:40.815608,0.30,-0.62,0.63,-25.09,8.85,23.13,29.32,59.59,-64.89,1
s,2022-10-14 19:55:40.835377,0.21,-0.45,0.57,-43.64,-9.03,31.19,29.32,59.59,-64.89,1
s,2022-10-14 19:55:40.854660,0.19,-0.33,0.54,-48.83,-22.34,31.19,32.31,56.82,-63.18,1
s,2022-10-14 19:55:40.873021,0.14,-0.26,0.52,-31.80,-44.86,30.33,32.31,56.82,-63.18,1
s,2022-10-14 19:55:40.891900,0.14,-0.19,0.65,-3.72,-73.61,22.77,27.77,57.36,-68.91,1
s,2022-10-14 19:55:40.912413,0.16,-0.07,0.99,-8.06,-55.18,10.50,27.77,57.36,-68.91,1
s,2022-10-14 19:55:40.931995,0.19,-0.09,1.04,-4.82,-33.33,-2.38,27.77,57.36,-68.91,1
s,2022-10-14 19:55:40.951466,0.21,-0.16,1.10,10.68,-15.01,-8.54,19.27,58.34,-72.40,1
s,2022-10-14 19:55:40.973672,0.21,-0.20,1.08,16.60,-3.48,-15.81,19.27,58.34,-72.40,1
s,2022-10-14 19:55:40.993984,0.24,-0.32,1.03,17.21,20.14,-29.24,15.86,58.11,-72.01,1
s,2022-10-14 19:55:41.013335,0.27,-0.41,0.96,10.56,36.19,-33.75,15.86,58.11,-72.01,1
s,2022-10-14 19:55:41.036915,0.28,-0.51,0.78,8.18,43.52,-31.19,15.86,58.11,-72.01,1
s,2022-10-14 19:55:41.055047,0.27,-0.56,0.71,7.81,37.05,-28.08,18.01,56.56,-68.52,1
s,2022-10-14 19:55:41.075404,0.25,-0.57,0.68,6.77,26.18,-30.58,18.01,56.56,-68.52,1
s,2022-10-14 19:55:41.097038,0.26,-0.56,0.69,3.36,18.92,-38.02,18.03,55.79,-68.18,1
s,2022-10-14 19:55:41.114837,0.26,-0.56,0.67,6.16,0.92,-37.72,18.03,55.79,-68.18,1
s,2022-10-14 19:55:41.132597,0.25,-0.56,0.68,13.12,-15.63,-32.04,18.03,55.79,-68.18,1
s,2022-10-14 19:55:41.154115,0.28,-0.60,0.76,23.13,-33.20,-22.89,13.37,55.25,-67.04,1
s,2022-10-14 19:55:41.172228,0.31,-0.67,0.83,28.69,-42.36,0.85,13.37,55.25,-67.04,1
s,2022-10-14 19:55:41.191621,0.30,-0.70,0.81,32.53,-52.00,20.20,6.62,56.09,-64.47,1
s,2022-10-14 19:55:41.209398,0.27,-0.63,0.97,24.96,-57.92,32.78,6.62,56.09,-64.47,1
s,2022-10-14 19:55:41.228942,0.27,-0.55,1.05,10.50,-34.79,29.48,6.62,56.09,-64.47,1
s,2022-10-14 19:55:41.250328,0.27,-0.57,0.99,9.16,-32.96,34.91,0.34,59.06,-66.26,1
s,2022-10-14 19:55:41.270627,0.22,-0.48,0.97,1.77,-30.94,47.18,0.34,59.06,-66.26,1
s,2022-10-14 19:55:41.290010,0.09,-0.19,0.97,-23.44,-20.94,35.83,-1.65,62.52,-68.09,1
s,2022-10-14 19:55:41.308724,0.10,-0.18,0.96,-13.00,-15.99,14.10,-1.65,62.52,-68.09,1
s,2022-10-14 19:55:41.328268,0.10,-0.24,1.06,0.24,-6.47,8.54,-1.65,62.52,-68.09,1
s,2022-10-14 19:55:41.347452,-0.30,-0.24,1.02,0.49,32.78,7.69,0.87,62.77,-69.36,1
s,2022-10-14 19:55:41.367218,-0.13,-0.28,0.98,45.72,43.88,19.04,0.87,62.77,-69.36,1
s,2022-10-14 19:55:41.385497,0.05,-0.39,0.82,69.15,54.08,13.79,0.87,62.77,-69.36,1
s,2022-10-14 19:55:41.405229,0.11,-0.44,0.77,69.40,49.19,11.47,10.06,64.42,-61.82,1
s,2022-10-14 19:55:41.424323,0.17,-0.47,0.73,61.46,45.90,8.79,10.06,64.42,-61.82,1
s,2022-10-14 19:55:41.443420,0.23,-0.49,0.68,50.66,43.33,4.82,17.35,65.44,-54.63,1
s,2022-10-14 19:55:41.462817,0.29,-0.53,0.60,47.55,39.12,4.88,17.35,65.44,-54.63,1
s,2022-10-14 19:55:41.484637,0.34,-0.52,0.58,45.17,31.98,5.13,17.35,65.44,-54.63,1
s,2022-10-14 19:55:41.502573,0.37,-0.63,0.55,40.28,21.97,-0.49,20.25,66.98,-47.16,1
s,2022-10-14 19:55:41.521475,0.41,-0.63,0.54,30.70,14.71,-4.64,20.25,66.98,-47.16,1
s,2022-10-14 19:55:41.541140,0.49,-0.67,0.59,24.84,6.77,-8.24,19.64,69.24,-43.96,1
s,2022-10-14 19:55:41.559397,0.44,-0.67,0.63,6.10,-3.54,-15.81,19.64,69.24,-43.96,1
s,2022-10-14 19:55:41.580780,0.41,-0.64,0.67,-0.55,-8.18,-18.55,19.64,69.24,-43.96,1
