w,2022-10-11 14:50:31.329554,0.63,-0.92,0.24,-48.83,-17.94,49.01,-36.34,20.29,2.11,1
w,2022-10-11 14:50:31.348330,0.66,-0.86,0.37,-25.88,-51.15,45.23,-34.63,21.57,0.10,1
w,2022-10-11 14:50:31.366348,0.69,-0.80,0.26,5.86,-96.01,41.75,-34.63,21.57,0.10,1
w,2022-10-11 14:50:31.384406,0.68,-0.71,0.09,19.10,-129.39,38.57,-34.63,21.57,0.10,1
w,2022-10-11 14:50:31.403349,0.69,-0.67,0.06,29.79,-146.79,35.89,-32.51,21.97,1.31,1
w,2022-10-11 14:50:31.421394,0.61,-0.80,0.17,0.43,-151.79,37.84,-32.51,21.97,1.31,1
w,2022-10-11 14:50:31.439510,0.62,-0.85,0.24,-7.51,-162.84,28.99,-32.51,21.97,1.31,1
w,2022-10-11 14:50:31.458591,0.48,-0.95,0.24,-9.40,-169.56,-0.49,-31.86,22.52,-0.65,1
w,2022-10-11 14:50:31.476638,0.26,-0.89,0.31,-46.39,-158.08,-36.87,-31.86,22.52,-0.65,1
w,2022-10-11 14:50:31.494687,0.02,-0.69,0.42,-76.90,-114.81,-79.59,-31.86,22.52,-0.65,1
w,2022-10-11 14:50:31.513695,-0.23,-0.47,0.64,-91.31,-77.21,-85.82,-33.80,21.19,-0.32,1
w,2022-10-11 14:50:31.531655,-0.30,-0.32,0.95,-86.36,-46.20,-82.58,-33.80,21.19,-0.32,1
w,2022-10-11 14:50:31.550658,-0.25,-0.21,1.08,-58.17,-21.30,-72.88,-35.16,21.22,-1.27,1
w,2022-10-11 14:50:31.568678,-0.10,-0.13,1.31,-39.86,4.39,-51.57,-35.16,21.22,-1.27,1
w,2022-10-11 14:50:31.586619,-0.03,-0.29,1.38,-31.62,25.51,-0.18,-35.16,21.22,-1.27,1
w,2022-10-11 14:50:31.605394,-0.02,-0.56,1.34,-31.92,30.70,21.91,-33.96,21.12,-1.35,1
w,2022-10-11 14:50:31.623540,0.03,-0.66,1.19,-22.46,22.77,28.20,-33.96,21.12,-1.35,1
w,2022-10-11 14:50:31.641444,0.10,-0.73,0.96,-23.68,26.79,22.58,-33.96,21.12,-1.35,1
w,2022-10-11 14:50:31.660418,0.21,-0.68,1.00,-39.06,40.53,6.29,-33.18,20.52,-2.25,1
w,2022-10-11 14:50:31.678545,0.31,-0.62,1.01,-28.20,24.17,-18.80,-33.18,20.52,-2.25,1
w,2022-10-11 14:50:31.696626,0.16,-0.62,0.89,-20.51,0.98,-33.63,-33.18,20.52,-2.25,1
w,2022-10-11 14:50:31.715663,-0.10,-0.56,0.71,-19.47,-9.16,-38.88,-33.33,19.48,-0.84,1
w,2022-10-11 14:50:31.733672,-0.15,-0.43,0.73,-19.47,-7.08,-29.60,-33.33,19.48,-0.84,1
w,2022-10-11 14:50:31.752589,0.01,-0.50,0.82,-4.82,-7.14,-8.54,-34.16,19.36,-2.23,1
w,2022-10-11 14:50:31.770619,0.08,-0.86,0.74,28.32,-22.40,-2.38,-34.16,19.36,-2.23,1
w,2022-10-11 14:50:31.788601,0.10,-0.87,0.65,29.72,-34.12,-10.68,-34.16,19.36,-2.23,1
w,2022-10-11 14:50:31.807636,-0.10,-0.97,0.44,30.15,-35.03,-17.76,-34.08,18.87,-0.05,1
w,2022-10-11 14:50:31.825868,-0.22,-0.76,0.43,-2.75,-21.61,-24.60,-34.08,18.87,-0.05,1
w,2022-10-11 14:50:31.844678,-0.00,-0.48,0.53,-16.05,3.23,-11.90,-34.08,18.87,-0.05,1
w,2022-10-11 14:50:31.863628,0.24,-0.59,0.64,-8.97,16.24,-8.24,-34.84,18.43,-0.31,1
w,2022-10-11 14:50:31.881638,0.19,-0.71,0.71,-12.45,25.51,-17.33,-34.84,18.43,-0.31,1
w,2022-10-11 14:50:31.900505,0.07,-0.66,0.76,-16.17,34.18,-26.00,-34.53,18.59,-0.65,1
w,2022-10-11 14:50:31.918693,-0.16,-0.50,1.01,-2.99,45.84,-7.26,-34.53,18.59,-0.65,1
w,2022-10-11 14:50:31.936351,0.18,-0.52,0.77,32.59,57.74,18.31,-34.53,18.59,-0.65,1
w,2022-10-11 14:50:31.955352,0.14,-0.61,0.88,21.67,64.45,27.65,-33.85,18.23,0.70,1
w,2022-10-11 14:50:31.973281,0.07,-0.70,0.93,35.52,44.37,22.28,-33.85,18.23,0.70,1
w,2022-10-11 14:50:31.991335,0.11,-0.65,0.76,52.43,14.47,10.13,-33.85,18.23,0.70,1
w,2022-10-11 14:50:32.010343,0.19,-0.60,0.63,46.20,-5.68,7.87,-33.28,17.72,1.37,1
w,2022-10-11 14:50:32.028405,-0.16,-0.84,0.79,12.15,-8.79,2.01,-33.28,17.72,1.37,1
w,2022-10-11 14:50:32.046543,0.01,-0.77,0.95,15.99,-28.26,-36.93,-33.28,17.72,1.37,1
w,2022-10-11 14:50:32.065511,0.16,-0.80,0.86,21.55,-70.07,-65.31,-33.47,18.05,1.39,1
w,2022-10-11 14:50:32.083498,0.17,-0.84,0.79,12.70,-108.76,-83.37,-33.47,18.05,1.39,1
w,2022-10-11 14:50:32.102393,0.13,-0.84,0.68,27.47,-125.49,-99.06,-35.93,17.71,1.65,1
w,2022-10-11 14:50:32.120544,0.16,-0.62,0.48,80.14,-88.56,-93.99,-35.93,17.71,1.65,1
w,2022-10-11 14:50:32.138517,0.10,-0.54,0.39,76.97,-46.33,-37.72,-35.93,17.71,1.65,1
w,2022-10-11 14:50:32.157370,-0.09,-1.02,0.46,82.70,-13.06,2.62,-37.49,17.24,3.49,1
w,2022-10-11 14:50:32.175507,-0.18,-1.00,0.33,97.60,3.54,-13.79,-37.49,17.24,3.49,1
w,2022-10-11 14:50:32.193327,-0.18,-0.55,0.15,25.45,95.28,24.05,-37.49,17.24,3.49,1
w,2022-10-11 14:50:32.212321,0.11,-0.10,0.37,-85.02,181.46,102.78,-37.65,17.66,3.93,1
w,2022-10-11 14:50:32.230325,0.22,-0.41,1.21,-82.46,191.71,133.36,-37.65,17.66,3.93,1
w,2022-10-11 14:50:32.249303,0.10,-1.46,1.57,42.72,74.22,80.32,-34.64,18.01,2.64,1
w,2022-10-11 14:50:32.267395,0.06,-0.83,0.62,62.32,-22.89,11.90,-34.64,18.01,2.64,1
w,2022-10-11 14:50:32.285371,0.00,-0.95,0.48,52.49,-46.94,-21.12,-34.64,18.01,2.64,1
w,2022-10-11 14:50:32.304387,0.14,-1.21,0.59,22.16,-68.18,-68.85,-35.07,17.29,2.11,1
w,2022-10-11 14:50:32.322634,0.13,-0.86,0.47,-0.37,-86.36,-95.70,-35.07,17.29,2.11,1
w,2022-10-11 14:50:32.340481,0.07,-0.72,0.35,3.54,-76.05,-88.44,-35.07,17.29,2.11,1
w,2022-10-11 14:50:32.359562,0.03,-0.79,0.46,21.79,-48.89,-62.50,-37.17,17.27,3.22,1
w,2022-10-11 14:50:32.377528,0.07,-0.62,0.41,47.73,-8.91,-7.02,-37.17,17.27,3.22,1
w,2022-10-11 14:50:32.395602,-0.08,-1.02,0.38,78.80,0.55,-10.31,-37.17,17.27,3.22,1
w,2022-10-11 14:50:32.414392,-0.23,-0.90,0.03,94.79,19.84,-18.86,-38.02,16.42,5.11,1
w,2022-10-11 14:50:32.432348,-0.12,-0.35,0.05,33.63,97.72,27.28,-38.02,16.42,5.11,1
w,2022-10-11 14:50:32.451290,0.18,-0.19,0.14,-80.08,185.24,114.01,-37.45,17.96,3.60,1
w,2022-10-11 14:50:32.469289,0.19,-1.59,1.96,-39.98,127.87,119.14,-37.45,17.96,3.60,1
w,2022-10-11 14:50:32.487419,0.19,-1.00,0.92,31.98,-30.27,34.79,-37.45,17.96,3.60,1
w,2022-10-11 14:50:32.506310,0.10,-0.56,0.50,12.39,-68.12,29.79,-35.17,17.88,2.64,1
w,2022-10-11 14:50:32.524347,-0.35,-0.63,0.71,0.61,-68.36,49.56,-35.17,17.88,2.64,1
