u,2022-10-11 16:04:41.857229,0.08,-1.12,-0.26,28.02,-2.56,2.93,-66.66,22.13,38.39,1
u,2022-10-11 16:04:41.872541,0.12,-0.77,-0.47,10.80,-11.60,2.08,-66.43,20.79,38.82,1
u,2022-10-11 16:04:41.898423,0.13,-0.85,-0.43,-20.08,-12.02,15.50,-66.43,20.79,38.82,1
u,2022-10-11 16:04:41.920929,-0.16,-0.97,-0.55,-23.19,-6.84,15.26,-66.43,20.79,38.82,1
u,2022-10-11 16:04:41.936878,0.01,-0.91,-0.41,-1.95,28.93,-18.37,-66.64,21.09,38.18,1
u,2022-10-11 16:04:41.952910,0.10,-0.87,-0.34,3.60,29.42,-35.71,-66.64,21.09,38.18,1
u,2022-10-11 16:04:41.986018,0.10,-0.86,-0.30,9.09,18.92,-38.21,-67.64,18.86,35.94,1
u,2022-10-11 16:04:42.003261,0.12,-0.92,-0.34,17.46,6.10,-36.01,-67.64,18.86,35.94,1
u,2022-10-11 16:04:42.019583,0.08,-0.93,-0.42,18.25,3.60,-27.28,-68.16,15.91,35.21,1
u,2022-10-11 16:04:42.036025,0.10,-0.97,-0.47,14.28,7.75,-16.66,-68.16,15.91,35.21,1
u,2022-10-11 16:04:42.068934,0.13,-1.06,-0.46,13.67,8.00,-12.63,-68.16,15.91,35.21,1
u,2022-10-11 16:04:42.084596,0.14,-1.09,-0.47,17.58,1.28,-6.47,-68.31,14.00,34.95,1
u,2022-10-11 16:04:42.103375,0.11,-1.06,-0.56,27.04,-7.26,-4.82,-68.31,14.00,34.95,1
u,2022-10-11 16:04:42.132631,0.10,-0.92,-0.62,19.10,3.66,11.84,-69.01,12.67,34.89,1
u,2022-10-11 16:04:42.148645,0.08,-1.00,-0.59,0.43,17.58,35.89,-69.01,12.67,34.89,1
u,2022-10-11 16:04:42.164966,0.14,-1.02,-0.52,-10.74,19.17,38.64,-69.01,12.67,34.89,1
u,2022-10-11 16:04:42.180973,0.10,-1.00,-0.50,-11.78,12.39,33.69,-69.57,14.97,34.94,1
u,2022-10-11 16:04:42.213079,0.08,-0.92,-0.53,4.88,-4.39,13.92,-69.57,14.97,34.94,1
u,2022-10-11 16:04:42.229473,0.10,-0.85,-0.55,8.97,-14.89,8.67,-70.94,16.74,36.06,1
u,2022-10-11 16:04:42.245248,0.07,-0.79,-0.52,6.04,-17.40,7.69,-70.94,16.74,36.06,1
u,2022-10-11 16:04:42.276394,0.11,-0.77,-0.47,-2.50,-11.90,9.58,-71.33,18.46,37.85,1
u,2022-10-11 16:04:42.292512,-0.09,-0.97,-0.55,-2.62,-1.40,2.08,-71.33,18.46,37.85,1
u,2022-10-11 16:04:42.308286,0.08,-0.57,-0.33,8.79,11.54,-27.34,-71.33,18.46,37.85,1
u,2022-10-11 16:04:42.341298,0.10,-0.60,-0.30,-27.40,-5.86,3.54,-72.06,18.69,37.81,1
u,2022-10-11 16:04:42.357282,0.09,-0.65,-0.38,-39.31,-17.09,28.93,-72.06,18.69,37.81,1
u,2022-10-11 16:04:42.382092,-0.13,-1.04,-0.52,-20.20,-3.54,20.87,-71.46,20.53,37.24,1
u,2022-10-11 16:04:42.406044,0.00,-1.03,-0.37,-4.46,38.82,-25.45,-71.46,20.53,37.24,1
u,2022-10-11 16:04:42.421958,0.09,-1.03,-0.29,5.92,51.45,-48.46,-72.58,17.76,35.80,1
u,2022-10-11 16:04:42.438591,0.07,-1.01,-0.33,23.99,47.73,-56.58,-72.58,17.76,35.80,1
u,2022-10-11 16:04:42.469962,-0.06,-0.91,-0.34,37.90,40.16,-58.65,-72.58,17.76,35.80,1
u,2022-10-11 16:04:42.485924,-0.48,-0.67,-0.23,78.55,0.06,-3.72,-73.91,13.51,33.50,1
u,2022-10-11 16:04:42.503806,-0.12,-0.76,-0.61,104.49,-48.58,58.29,-73.91,13.51,33.50,1
u,2022-10-11 16:04:42.517933,0.03,-0.70,-0.84,64.76,-48.46,75.87,-70.26,12.30,33.30,1
u,2022-10-11 16:04:42.550685,0.07,-0.76,-0.93,40.59,-47.42,65.25,-70.26,12.30,33.30,1
u,2022-10-11 16:04:42.566500,0.14,-0.55,-0.97,38.02,-54.44,7.08,-70.26,12.30,33.30,1
u,2022-10-11 16:04:42.582548,0.27,-0.43,-1.03,36.44,-64.45,-21.48,-64.92,12.37,34.53,1
u,2022-10-11 16:04:42.603738,0.31,-0.36,-1.05,17.58,-72.27,-58.72,-64.92,12.37,34.53,1
u,2022-10-11 16:04:42.636048,0.22,-0.38,-0.92,-27.34,-66.83,-58.04,-59.56,10.57,35.86,1
u,2022-10-11 16:04:42.652356,0.18,-0.52,-0.73,-45.35,-65.25,-61.52,-59.56,10.57,35.86,1
u,2022-10-11 16:04:42.668831,0.18,-0.62,-0.65,-45.90,-71.90,-64.15,-53.61,10.21,35.68,1
u,2022-10-11 16:04:42.685286,0.17,-0.70,-0.57,-46.69,-76.17,-60.97,-53.61,10.21,35.68,1
u,2022-10-11 16:04:42.719912,0.15,-0.73,-0.56,-41.93,-74.34,-54.99,-53.61,10.21,35.68,1
u,2022-10-11 16:04:42.740375,0.13,-0.84,-0.53,-48.22,-72.81,-43.70,-49.61,10.42,34.97,1
u,2022-10-11 16:04:42.757214,0.14,-0.91,-0.45,-65.73,-64.82,-32.53,-49.61,10.42,34.97,1
u,2022-10-11 16:04:42.773967,0.15,-0.95,-0.35,-77.15,-46.26,-10.38,-45.89,12.93,32.80,1
u,2022-10-11 16:04:42.790524,0.24,-0.96,-0.29,-82.28,-37.84,-1.16,-45.89,12.93,32.80,1
u,2022-10-11 16:04:42.807808,0.23,-1.13,-0.29,-113.10,-19.78,9.22,-45.89,12.93,32.80,1
u,2022-10-11 16:04:42.839417,0.16,-1.22,-0.13,-119.38,2.93,10.74,-44.12,17.13,32.67,1
u,2022-10-11 16:04:42.855447,0.09,-1.28,-0.04,-121.83,12.94,14.47,-44.12,17.13,32.67,1
u,2022-10-11 16:04:42.871313,0.11,-1.36,0.11,-95.95,13.43,29.42,-42.92,21.19,29.53,1
u,2022-10-11 16:04:42.905069,0.12,-1.35,0.13,-62.93,12.70,35.58,-42.92,21.19,29.53,1
u,2022-10-11 16:04:42.926334,0.26,-1.26,0.11,-51.51,13.49,34.30,-42.37,24.08,28.21,1
u,2022-10-11 16:04:42.936746,0.30,-1.23,0.15,-42.66,26.18,25.76,-42.37,24.08,28.21,1
u,2022-10-11 16:04:42.952656,0.28,-1.20,0.13,-28.99,22.77,12.39,-42.37,24.08,28.21,1
u,2022-10-11 16:04:42.984248,0.16,-1.18,0.08,-11.66,5.68,-7.08,-42.50,25.04,27.11,1
u,2022-10-11 16:04:43.004523,0.02,-1.11,-0.01,-4.21,-6.47,-7.51,-42.50,25.04,27.11,1
u,2022-10-11 16:04:43.031877,0.05,-1.01,-0.09,-7.45,0.67,13.92,-42.29,24.66,26.94,1
u,2022-10-11 16:04:43.047646,0.10,-1.00,-0.08,-14.40,11.11,26.25,-42.29,24.66,26.94,1
u,2022-10-11 16:04:43.063381,0.15,-1.02,-0.05,-20.94,9.58,24.41,-42.29,24.66,26.94,1
u,2022-10-11 16:04:43.094825,0.14,-1.02,-0.01,-19.41,2.14,9.22,-42.72,25.38,27.94,1
u,2022-10-11 16:04:43.111351,0.11,-0.99,-0.00,-12.94,2.01,8.48,-42.72,25.38,27.94,1
u,2022-10-11 16:04:43.127741,0.13,-0.94,-0.08,2.62,-4.09,10.74,-42.75,25.39,27.61,1
u,2022-10-11 16:04:43.160143,0.19,-0.88,-0.16,-2.75,-4.46,6.16,-42.75,25.39,27.61,1
u,2022-10-11 16:04:43.176232,0.22,-0.89,-0.13,-16.97,-5.13,-12.88,-43.20,25.90,27.42,1
u,2022-10-11 16:04:43.203451,0.22,-0.88,-0.07,-18.92,5.37,-29.97,-43.20,25.90,27.42,1
u,2022-10-11 16:04:43.209543,0.22,-0.86,-0.03,-8.42,14.59,-61.89,-43.20,25.90,27.42,1
u,2022-10-11 16:04:43.241377,-0.16,-1.36,0.26,-19.41,16.48,-31.19,-44.93,24.39,26.66,1
u,2022-10-11 16:04:43.257313,0.18,-0.75,-0.40,38.82,-8.61,-10.01,-44.93,24.39,26.66,1
u,2022-10-11 16:04:43.273015,0.15,-0.87,-0.19,-17.52,4.64,7.57,-44.37,23.05,26.56,1
u,2022-10-11 16:04:43.304728,0.14,-0.98,0.03,-30.64,9.34,18.07,-44.37,23.05,26.56,1
u,2022-10-11 16:04:43.320246,0.09,-0.99,0.01,-8.85,2.75,5.13,-44.37,23.05,26.56,1
u,2022-10-11 16:04:43.336848,0.08,-1.00,-0.09,10.38,-2.93,-22.83,-44.34,24.27,27.45,1
u,2022-10-11 16:04:43.353543,0.07,-0.96,-0.18,15.56,-0.67,-34.61,-44.34,24.27,27.45,1
u,2022-10-11 16:04:43.387078,0.08,-0.96,-0.11,0.31,6.29,-44.01,-44.56,23.30,26.71,1
