X,2022-11-02 13:15:54.408742,-0.08,0.04,1.07,10.99,3.36,-20.39,12.60,34.20,-42.52,1
X,2022-11-02 13:15:54.422867,-0.06,0.04,1.08,8.24,6.23,-21.30,12.60,34.20,-42.52,1
X,2022-11-02 13:15:54.438634,-0.02,-0.02,1.07,6.41,6.90,-18.80,10.30,34.79,-42.85,1
X,2022-11-02 13:15:54.469892,-0.04,0.00,1.04,-1.59,5.86,-19.65,10.30,34.79,-42.85,1
X,2022-11-02 13:15:54.488244,-0.04,-0.00,1.02,3.54,7.39,-15.50,8.35,36.34,-42.70,1
X,2022-11-02 13:15:54.501750,-0.00,-0.09,1.01,8.48,11.35,-9.83,8.35,36.34,-42.70,1
X,2022-11-02 13:15:54.518222,0.00,-0.10,1.00,4.82,12.15,-4.58,8.35,36.34,-42.70,1
X,2022-11-02 13:15:54.550809,0.02,-0.16,0.99,1.46,12.45,5.00,7.78,37.13,-43.18,1
X,2022-11-02 13:15:54.565041,-0.00,-0.17,0.96,-14.10,12.21,16.05,7.78,37.13,-43.18,1
X,2022-11-02 13:15:54.580796,-0.01,-0.11,0.94,-26.12,11.60,16.97,7.45,36.44,-45.00,1
X,2022-11-02 13:15:54.596412,-0.02,-0.01,0.90,-35.64,10.07,15.44,7.45,36.44,-45.00,1
X,2022-11-02 13:15:54.628298,-0.03,0.09,0.86,-34.00,4.88,15.63,7.45,36.44,-45.00,1
X,2022-11-02 13:15:54.643437,-0.04,0.15,0.81,-30.76,-0.79,15.69,8.53,35.99,-45.24,1
X,2022-11-02 13:15:54.660226,-0.08,0.21,0.74,-26.43,-14.16,9.70,8.53,35.99,-45.24,1
X,2022-11-02 13:15:54.675356,-0.37,0.61,0.55,2.01,-6.90,-0.37,9.34,35.82,-46.37,1
X,2022-11-02 13:15:54.707679,-0.08,0.13,1.02,50.42,15.32,17.82,9.34,35.82,-46.37,1
X,2022-11-02 13:15:54.722394,-0.11,0.07,0.77,21.73,-22.77,-5.92,9.34,35.82,-46.37,1
X,2022-11-02 13:15:54.738158,-0.10,0.07,0.78,-8.00,-27.83,-12.02,7.89,37.28,-44.67,1
X,2022-11-02 13:15:54.770126,-0.12,0.25,0.79,-24.05,-35.28,-15.50,7.89,37.28,-44.67,1
X,2022-11-02 13:15:54.785136,-0.13,0.36,0.87,-6.65,-37.23,-12.15,6.51,37.73,-45.29,1
X,2022-11-02 13:15:54.800895,-0.12,0.09,0.97,35.10,-32.65,-3.66,6.51,37.73,-45.29,1
X,2022-11-02 13:15:54.832549,-0.14,-0.03,1.12,30.52,-26.37,0.31,6.51,37.73,-45.29,1
X,2022-11-02 13:15:54.850504,-0.14,-0.04,1.28,-5.19,-24.60,-0.06,4.48,39.49,-43.35,1
X,2022-11-02 13:15:54.864511,-0.17,0.07,1.30,-22.52,-20.69,-0.85,4.48,39.49,-43.35,1
X,2022-11-02 13:15:54.880284,-0.36,0.04,1.22,-18.55,-9.83,4.15,4.09,38.68,-44.60,1
X,2022-11-02 13:15:54.912550,-0.24,0.08,1.25,14.83,25.15,6.29,4.09,38.68,-44.60,1
X,2022-11-02 13:15:54.929739,-0.11,0.03,1.21,14.16,34.61,6.29,4.09,38.68,-44.60,1
X,2022-11-02 13:15:54.943365,-0.07,0.08,1.13,1.53,38.02,1.59,3.94,38.04,-43.87,1
X,2022-11-02 13:15:54.963890,-0.01,0.12,1.02,4.76,41.69,-1.16,3.94,38.04,-43.87,1
X,2022-11-02 13:15:54.991603,0.01,0.13,0.97,8.42,42.79,-5.80,5.10,37.95,-44.31,1
X,2022-11-02 13:15:55.008445,0.05,0.12,0.90,17.76,34.61,-4.94,5.10,37.95,-44.31,1
X,2022-11-02 13:15:55.022060,0.04,0.06,0.84,16.36,25.76,-3.17,5.10,37.95,-44.31,1
X,2022-11-02 13:15:55.053317,0.03,0.04,0.79,8.24,18.01,-2.87,5.18,37.88,-45.31,1
X,2022-11-02 13:15:55.071023,-0.03,-0.00,0.75,-1.04,4.46,3.05,5.18,37.88,-45.31,1
X,2022-11-02 13:15:55.085139,-0.09,-0.01,0.75,-6.59,-1.22,4.39,5.18,38.11,-45.74,1
X,2022-11-02 13:15:55.109215,-0.09,-0.03,0.77,-9.28,-10.19,10.01,5.18,38.11,-45.74,1
X,2022-11-02 13:15:55.123474,-0.35,-0.04,0.64,12.51,-6.29,4.76,5.18,38.11,-45.74,1
X,2022-11-02 13:15:55.148239,-0.08,0.09,1.10,16.97,10.56,3.17,5.79,38.29,-45.47,1
X,2022-11-02 13:15:55.163990,-0.08,-0.02,0.93,8.00,-26.06,34.97,5.79,38.29,-45.47,1
X,2022-11-02 13:15:55.179605,-0.09,-0.06,0.86,-3.97,-36.07,37.78,6.75,38.68,-43.41,1
X,2022-11-02 13:15:55.196170,-0.12,0.07,0.81,-16.60,-37.23,35.95,6.75,38.68,-43.41,1
X,2022-11-02 13:15:55.227264,-0.15,0.20,0.91,-18.31,-24.17,28.75,6.75,38.68,-43.41,1
X,2022-11-02 13:15:55.247800,-0.15,0.27,1.01,-9.95,-14.53,21.61,7.85,37.63,-42.82,1
X,2022-11-02 13:15:55.263378,-0.16,0.24,1.06,-7.08,-8.79,0.92,7.85,37.63,-42.82,1
X,2022-11-02 13:15:55.275014,-0.21,0.28,1.07,-8.85,-0.61,7.14,7.85,37.63,-42.82,1
X,2022-11-02 13:15:55.306268,-0.26,0.23,1.09,0.79,4.82,8.97,8.68,37.02,-43.48,1
X,2022-11-02 13:15:55.322017,-0.20,0.18,1.09,12.94,14.40,-0.24,8.68,37.02,-43.48,1
X,2022-11-02 13:15:55.337627,-0.13,0.17,1.09,13.37,13.49,-0.79,9.13,36.80,-42.94,1
X,2022-11-02 13:15:55.365293,-0.12,0.10,1.03,9.83,9.34,3.05,9.13,36.80,-42.94,1
X,2022-11-02 13:15:55.384538,-0.13,0.12,0.99,2.38,7.20,3.36,9.13,36.80,-42.94,1
X,2022-11-02 13:15:55.402717,-0.18,0.17,0.94,-5.00,8.30,1.71,9.29,36.83,-43.07,1
X,2022-11-02 13:15:55.421589,-0.16,0.21,0.93,-5.19,12.21,-3.72,9.29,36.83,-43.07,1
X,2022-11-02 13:15:55.432229,-0.11,0.27,0.94,-2.75,11.84,-9.22,8.70,36.85,-43.69,1
X,2022-11-02 13:15:55.464009,-0.13,0.29,0.93,11.17,4.76,-8.18,8.70,36.85,-43.69,1
X,2022-11-02 13:15:55.481668,-0.12,0.25,0.93,21.91,3.17,-7.26,8.70,36.85,-43.69,1
X,2022-11-02 13:15:55.495803,-0.11,0.15,0.95,26.73,1.71,-7.81,7.15,37.95,-44.08,1
X,2022-11-02 13:15:55.512420,-0.09,0.09,0.97,20.57,3.05,-13.12,7.15,37.95,-44.08,1
X,2022-11-02 13:15:55.543072,-0.09,0.11,0.98,13.06,2.87,-16.17,5.35,38.28,-44.76,1
