t,2022-10-14 18:35:14.295116,0.42,0.01,1.11,-10.56,49.99,4.39,-1.09,75.17,-11.23,1
t,2022-10-14 18:35:14.309875,0.49,0.11,1.09,8.79,27.77,-3.11,-0.79,74.73,-13.65,1
t,2022-10-14 18:35:14.326554,0.59,0.07,0.83,55.18,-6.10,6.59,-0.79,74.73,-13.65,1
t,2022-10-14 18:35:14.358464,0.63,-0.12,0.91,59.02,-8.30,10.80,-3.47,76.67,-14.97,1
t,2022-10-14 18:35:14.373627,0.58,-0.27,0.92,16.91,-15.87,-10.13,-3.47,76.67,-14.97,1
t,2022-10-14 18:35:14.389367,0.55,-0.12,0.90,-14.71,-11.90,-25.02,-3.47,76.67,-14.97,1
t,2022-10-14 18:35:14.420808,0.50,-0.13,0.93,-9.34,-6.23,-22.16,-6.51,76.77,-15.69,1
t,2022-10-14 18:35:14.442289,0.55,-0.22,0.91,7.75,-6.41,-7.51,-6.51,76.77,-15.69,1
t,2022-10-14 18:35:14.452468,0.52,-0.30,0.92,8.54,-13.85,1.95,-8.80,77.19,-17.25,1
t,2022-10-14 18:35:14.483722,0.41,-0.33,0.89,3.60,-23.50,15.38,-8.80,77.19,-17.25,1
t,2022-10-14 18:35:14.499374,0.30,-0.36,0.84,6.77,-19.78,21.24,-10.34,77.93,-15.30,1
t,2022-10-14 18:35:14.515048,0.29,-0.37,0.82,-11.41,-2.56,8.48,-10.34,77.93,-15.30,1
t,2022-10-14 18:35:14.546215,0.35,-0.18,0.87,-31.13,9.03,-1.46,-10.34,77.93,-15.30,1
t,2022-10-14 18:35:14.561960,0.41,-0.11,0.89,-29.11,11.47,2.32,-10.10,77.26,-14.79,1
t,2022-10-14 18:35:14.579521,0.38,-0.09,0.87,-28.81,7.87,-4.94,-10.10,77.26,-14.79,1
t,2022-10-14 18:35:14.611108,0.38,-0.07,0.81,-15.50,0.00,-22.28,-9.18,76.88,-16.17,1
t,2022-10-14 18:35:14.630344,0.39,-0.14,0.80,-23.93,-11.35,-29.97,-9.18,76.88,-16.17,1
t,2022-10-14 18:35:14.640778,-0.21,0.38,0.81,-19.23,-27.65,-13.24,-9.18,76.88,-16.17,1
t,2022-10-14 18:35:14.672039,0.08,-0.20,0.82,68.42,11.17,26.61,-10.30,77.78,-14.61,1
t,2022-10-14 18:35:14.688531,0.25,-0.48,0.81,10.25,-15.56,7.75,-10.30,77.78,-14.61,1
t,2022-10-14 18:35:14.703645,0.24,-0.13,0.81,7.87,-27.16,6.04,-9.74,78.70,-14.17,1
t,2022-10-14 18:35:14.719415,0.35,-0.11,0.78,13.00,-29.54,4.70,-9.74,78.70,-14.17,1
t,2022-10-14 18:35:14.750525,0.30,0.01,0.79,19.65,-33.75,7.45,-9.50,79.02,-14.94,1
t,2022-10-14 18:35:14.768753,0.35,-0.07,0.85,30.76,-27.16,13.67,-9.50,79.02,-14.94,1
t,2022-10-14 18:35:14.782380,0.34,-0.06,0.99,25.57,-13.73,9.77,-9.50,79.02,-14.94,1
t,2022-10-14 18:35:14.799001,0.33,-0.09,1.07,19.35,-10.07,0.98,-10.40,80.92,-16.43,1
t,2022-10-14 18:35:14.832233,0.34,-0.14,1.08,21.18,-11.72,-10.13,-10.40,80.92,-16.43,1
t,2022-10-14 18:35:14.846344,0.39,-0.01,1.03,18.49,-5.37,-18.92,-11.98,81.88,-16.42,1
t,2022-10-14 18:35:14.862087,0.38,-0.05,1.05,28.63,4.52,-15.20,-11.98,81.88,-16.42,1
t,2022-10-14 18:35:14.894207,0.38,-0.20,1.00,34.24,8.18,-14.59,-11.98,81.88,-16.42,1
t,2022-10-14 18:35:14.909220,0.35,-0.29,0.99,29.97,11.54,-16.05,-13.85,82.84,-17.46,1
t,2022-10-14 18:35:14.924963,0.32,-0.33,0.96,19.47,11.66,-13.37,-13.85,82.84,-17.46,1
t,2022-10-14 18:35:14.956956,0.29,-0.45,0.92,30.52,1.95,1.22,-16.02,82.82,-17.29,1
t,2022-10-14 18:35:14.971872,0.29,-0.63,0.80,34.42,-22.58,7.45,-16.02,82.82,-17.29,1
t,2022-10-14 18:35:14.987646,0.28,-0.44,0.71,-2.44,-20.20,-10.74,-16.02,82.82,-17.29,1
t,2022-10-14 18:35:15.020086,0.28,-0.24,0.81,-54.44,-4.03,-20.45,-17.13,82.87,-14.76,1
t,2022-10-14 18:35:15.035152,0.22,0.02,0.81,-61.71,16.72,4.94,-17.13,82.87,-14.76,1
t,2022-10-14 18:35:15.050922,0.11,-0.37,0.92,4.03,27.16,37.60,-16.52,81.07,-18.02,1
t,2022-10-14 18:35:15.082031,0.48,-0.53,0.92,-8.48,43.27,20.51,-16.52,81.07,-18.02,1
t,2022-10-14 18:35:15.097771,0.53,-0.35,0.97,-42.18,39.61,17.15,-12.63,79.57,-17.76,1
t,2022-10-14 18:35:15.113322,0.60,-0.34,1.00,-63.17,22.58,19.04,-12.63,79.57,-17.76,1
t,2022-10-14 18:35:15.144526,0.55,-0.07,1.00,-78.49,6.23,14.95,-12.63,79.57,-17.76,1
t,2022-10-14 18:35:15.160265,0.46,0.04,0.92,-60.42,-8.61,25.57,-9.64,77.15,-18.71,1
t,2022-10-14 18:35:15.175874,0.32,0.05,0.85,-38.82,-11.41,28.44,-9.64,77.15,-18.71,1
t,2022-10-14 18:35:15.207055,0.35,-0.01,0.81,-21.67,-10.99,18.31,-7.13,75.10,-17.03,1
t,2022-10-14 18:35:15.222742,0.34,0.05,0.83,-26.79,-15.01,6.53,-7.13,75.10,-17.03,1
t,2022-10-14 18:35:15.253914,0.36,0.05,0.85,-26.73,-22.71,6.90,-6.49,74.61,-15.86,1
t,2022-10-14 18:35:15.269969,0.34,0.05,0.84,-28.08,-36.32,2.87,-6.49,74.61,-15.86,1
t,2022-10-14 18:35:15.285735,0.26,0.78,0.99,26.25,-5.43,-23.01,-6.49,74.61,-15.86,1
t,2022-10-14 18:35:15.316873,0.34,-0.18,0.93,54.75,1.65,18.92,-6.52,74.95,-15.75,1
t,2022-10-14 18:35:15.337442,0.30,0.06,0.87,15.56,0.12,13.55,-6.52,74.95,-15.75,1
t,2022-10-14 18:35:15.349116,0.28,-0.12,0.94,5.86,-3.11,-3.91,-6.19,75.93,-14.47,1
t,2022-10-14 18:35:15.364871,0.31,0.08,0.92,11.96,-2.44,-8.97,-6.19,75.93,-14.47,1
t,2022-10-14 18:35:15.396246,0.31,0.07,0.93,23.19,0.00,-10.01,-6.19,75.93,-14.47,1
t,2022-10-14 18:35:15.412998,0.33,0.11,0.98,36.07,0.00,-3.91,-7.02,77.09,-14.98,1
t,2022-10-14 18:35:15.429092,0.33,-0.09,0.97,52.49,0.98,-8.85,-7.02,77.09,-14.98,1
t,2022-10-14 18:35:15.459837,0.32,-0.08,0.96,43.33,6.90,-24.60,-8.92,78.33,-15.72,1
t,2022-10-14 18:35:15.481771,0.34,0.03,0.95,30.09,12.02,-32.65,-8.92,78.33,-15.72,1
t,2022-10-14 18:35:15.491745,0.34,-0.28,0.96,43.03,4.82,-11.60,-8.92,78.33,-15.72,1
t,2022-10-14 18:35:15.523990,0.35,-0.39,0.86,34.24,-0.43,-11.05,-12.00,79.66,-12.73,1
t,2022-10-14 18:35:15.539035,0.36,-0.27,0.84,17.64,0.49,-11.29,-12.00,79.66,-12.73,1
t,2022-10-14 18:35:15.554801,0.34,-0.61,0.81,25.88,-9.28,19.90,-13.71,80.51,-12.78,1
t,2022-10-14 18:35:15.586980,0.31,-0.39,0.81,-18.55,-2.81,-8.30,-13.71,80.51,-12.78,1
t,2022-10-14 18:35:15.602093,0.33,-0.10,0.90,-46.69,5.25,-20.32,-13.87,79.39,-14.09,1
t,2022-10-14 18:35:15.617846,0.32,0.03,0.97,-41.32,5.07,-14.16,-13.87,79.39,-14.09,1
t,2022-10-14 18:35:15.648976,0.33,-0.02,0.96,-7.69,-1.16,3.48,-13.87,79.39,-14.09,1
t,2022-10-14 18:35:15.664699,0.32,-0.13,0.92,6.71,-3.97,11.17,-13.82,78.72,-14.37,1
t,2022-10-14 18:35:15.696844,0.32,-0.21,0.87,-1.77,-4.15,11.23,-13.82,78.72,-14.37,1
t,2022-10-14 18:35:15.711852,0.31,-0.08,0.90,-29.17,-1.46,12.39,-14.28,78.50,-14.81,1
t,2022-10-14 18:35:15.728487,0.14,0.11,0.82,-41.32,2.08,19.71,-14.28,78.50,-14.81,1
t,2022-10-14 18:35:15.743600,0.08,0.19,0.83,-5.74,34.24,25.88,-13.21,78.44,-18.44,1
t,2022-10-14 18:35:15.775812,0.33,0.07,0.94,34.24,49.56,19.23,-13.21,78.44,-18.44,1
