U,2022-10-26 19:11:42.149952,0.21,0.37,1.02,-72.33,-21.36,66.59,-25.43,-46.17,-178.74,1
U,2022-10-26 19:11:42.168952,0.18,0.52,1.04,-83.56,-22.71,50.17,-32.52,-40.59,-176.46,1
U,2022-10-26 19:11:42.186845,0.13,0.66,1.05,-84.05,-22.40,36.87,-32.52,-40.59,-176.46,1
U,2022-10-26 19:11:42.205038,0.14,0.74,1.04,-73.18,-13.85,24.05,-32.52,-40.59,-176.46,1
U,2022-10-26 19:11:42.223961,0.15,0.73,1.03,-49.99,-6.90,18.92,-34.80,-39.15,-172.42,1
U,2022-10-26 19:11:42.242005,0.17,0.65,0.96,-32.78,-1.59,19.04,-34.80,-39.15,-172.42,1
U,2022-10-26 19:11:42.259947,0.22,0.57,0.94,-30.03,-0.73,14.34,-34.80,-39.15,-172.42,1
U,2022-10-26 19:11:42.278808,0.20,0.55,0.93,-36.99,0.06,9.46,-37.22,-40.67,-171.62,1
U,2022-10-26 19:11:42.296934,0.20,0.51,0.92,-27.34,-3.85,9.16,-37.22,-40.67,-171.62,1
U,2022-10-26 19:11:42.315004,0.15,0.49,0.95,-42.05,-0.31,-0.18,-37.22,-40.67,-171.62,1
U,2022-10-26 19:11:42.333969,0.17,0.53,0.93,-45.23,-0.31,-5.19,-40.77,-42.02,-171.83,1
U,2022-10-26 19:11:42.351977,0.20,0.59,0.94,-37.48,-0.18,-4.94,-40.77,-42.02,-171.83,1
U,2022-10-26 19:11:42.370960,0.20,0.58,0.85,-25.02,4.21,-5.62,-43.87,-43.97,-174.04,1
U,2022-10-26 19:11:42.389151,0.31,0.55,0.65,-26.49,-2.87,-15.14,-43.87,-43.97,-174.04,1
U,2022-10-26 19:11:42.407117,0.27,0.42,0.62,-34.67,-17.46,-28.20,-43.87,-43.97,-174.04,1
U,2022-10-26 19:11:42.426048,0.22,0.32,0.56,-46.02,-26.79,-30.82,-48.28,-46.73,-175.34,1
U,2022-10-26 19:11:42.444048,-1.57,0.74,1.94,37.72,27.59,-15.20,-48.28,-46.73,-175.34,1
U,2022-10-26 19:11:42.461916,0.16,-0.09,0.67,141.36,29.24,19.90,-48.28,-46.73,-175.34,1
U,2022-10-26 19:11:42.480963,0.31,-0.45,0.67,0.55,41.50,-9.40,-49.65,-46.03,-175.92,1
U,2022-10-26 19:11:42.499171,0.10,-0.04,0.60,-228.70,37.35,-47.00,-49.65,-46.03,-175.92,1
U,2022-10-26 19:11:42.517797,0.22,0.23,0.89,36.68,-86.30,21.06,-52.33,-48.61,-171.53,1
U,2022-10-26 19:11:42.535948,0.04,0.44,0.62,-15.44,-97.05,22.71,-52.33,-48.61,-171.53,1
U,2022-10-26 19:11:42.554025,0.07,0.71,0.78,-5.07,-81.91,28.63,-52.33,-48.61,-171.53,1
U,2022-10-26 19:11:42.572976,0.00,0.84,0.86,-12.76,-52.43,14.10,-54.49,-45.57,-163.22,1
U,2022-10-26 19:11:42.590782,0.10,0.84,0.88,12.45,-27.28,5.74,-54.49,-45.57,-163.22,1
U,2022-10-26 19:11:42.608895,0.21,0.81,1.13,37.11,-6.35,1.28,-54.49,-45.57,-163.22,1
U,2022-10-26 19:11:42.627845,0.20,0.71,1.33,52.86,-1.40,-4.70,-48.39,-43.57,-158.17,1
U,2022-10-26 19:11:42.645927,0.22,0.62,1.32,59.88,-1.71,-19.10,-48.39,-43.57,-158.17,1
U,2022-10-26 19:11:42.664041,0.26,0.58,1.36,42.24,-1.34,-42.79,-48.39,-43.57,-158.17,1
U,2022-10-26 19:11:42.682788,0.30,0.57,1.34,27.10,14.95,-58.04,-42.76,-41.70,-158.72,1
U,2022-10-26 19:11:42.700876,0.33,0.25,1.20,61.65,30.15,-49.44,-42.76,-41.70,-158.72,1
U,2022-10-26 19:11:42.720028,0.28,-0.01,1.05,65.67,33.75,-30.46,-40.21,-41.80,-164.05,1
U,2022-10-26 19:11:42.738008,0.37,-0.01,1.03,57.19,36.25,-11.78,-40.21,-41.80,-164.05,1
U,2022-10-26 19:11:42.755784,0.38,-0.08,0.94,65.67,24.90,2.93,-40.21,-41.80,-164.05,1
U,2022-10-26 19:11:42.775036,0.21,-0.05,0.88,-5.31,14.89,-19.04,-41.16,-42.35,-167.09,1
U,2022-10-26 19:11:42.792998,0.14,0.03,0.70,-33.26,7.63,-22.16,-41.16,-42.35,-167.09,1
U,2022-10-26 19:11:42.811158,0.07,0.15,0.56,-32.29,-1.28,-16.11,-41.16,-42.35,-167.09,1
U,2022-10-26 19:11:42.829961,0.02,0.29,0.55,-25.21,-7.75,-9.03,-44.26,-43.69,-169.17,1
U,2022-10-26 19:11:42.848168,-0.04,0.37,0.53,-12.15,-18.86,-4.64,-44.26,-43.69,-169.17,1
U,2022-10-26 19:11:42.866863,0.12,0.23,0.72,-25.70,5.13,3.05,-44.52,-44.40,-167.87,1
U,2022-10-26 19:11:42.884748,0.05,0.41,0.65,-14.83,1.22,9.03,-44.52,-44.40,-167.87,1
U,2022-10-26 19:11:42.903025,-0.17,0.33,0.87,34.18,-8.30,17.40,-44.52,-44.40,-167.87,1
U,2022-10-26 19:11:42.921936,-0.03,0.32,0.86,44.80,14.77,18.07,-41.10,-44.04,-168.40,1
U,2022-10-26 19:11:42.939772,0.18,0.30,0.92,34.00,24.23,7.81,-41.10,-44.04,-168.40,1
U,2022-10-26 19:11:42.957860,0.28,0.34,0.95,30.94,17.82,7.57,-41.10,-44.04,-168.40,1
U,2022-10-26 19:11:42.976713,0.28,0.37,0.98,28.69,11.47,3.66,-37.13,-42.09,-169.09,1
U,2022-10-26 19:11:42.994968,0.31,0.34,0.99,31.68,8.36,-0.61,-37.13,-42.09,-169.09,1
