R,2022-10-25 16:31:56.070777,-0.30,0.20,1.38,89.97,55.42,37.84,-47.36,4.65,-45.08,1
R,2022-10-25 16:31:56.089734,0.01,0.08,1.18,88.13,82.89,8.54,-40.60,8.48,-46.28,1
R,2022-10-25 16:31:56.107715,0.24,0.05,1.00,29.36,104.06,-2.01,-40.60,8.48,-46.28,1
R,2022-10-25 16:31:56.125730,0.30,0.09,0.89,18.13,105.96,0.18,-40.60,8.48,-46.28,1
R,2022-10-25 16:31:56.144612,0.25,-0.01,0.84,14.53,97.60,1.65,-30.07,9.38,-52.08,1
R,2022-10-25 16:31:56.163032,0.30,-0.05,0.79,-0.92,77.58,-0.37,-30.07,9.38,-52.08,1
R,2022-10-25 16:31:56.182009,0.32,-0.09,0.73,-3.36,47.67,3.48,-24.34,8.14,-56.31,1
R,2022-10-25 16:31:56.200341,0.26,-0.15,0.59,-31.01,-5.13,19.41,-24.34,8.14,-56.31,1
R,2022-10-25 16:31:56.218059,-0.05,-0.22,0.50,-65.61,-37.54,26.73,-24.34,8.14,-56.31,1
R,2022-10-25 16:31:56.236899,-0.10,0.07,0.89,68.12,48.89,16.05,-26.32,5.81,-58.34,1
R,2022-10-25 16:31:56.254939,0.01,-0.88,0.88,-71.59,-5.92,-14.47,-26.32,5.81,-58.34,1
R,2022-10-25 16:31:56.274098,-0.02,-0.15,1.15,-120.24,-66.83,-66.16,-26.32,5.81,-58.34,1
R,2022-10-25 16:31:56.293180,0.01,0.42,0.87,-53.04,-133.18,-47.91,-31.07,-0.85,-52.65,1
R,2022-10-25 16:31:56.310894,0.04,0.55,0.83,-26.49,-123.84,-19.47,-31.07,-0.85,-52.65,1
R,2022-10-25 16:31:56.329055,-0.06,0.60,0.91,-11.78,-89.78,7.51,-31.07,-0.85,-52.65,1
R,2022-10-25 16:31:56.348025,-0.09,0.74,1.15,-0.55,-44.37,33.75,-38.78,-2.26,-45.52,1
R,2022-10-25 16:31:56.365966,-0.37,0.62,1.34,48.77,18.19,60.85,-38.78,-2.26,-45.52,1
R,2022-10-25 16:31:56.385118,-0.25,0.07,1.33,78.00,61.04,48.22,-37.39,2.58,-45.84,1
R,2022-10-25 16:31:56.402852,0.10,0.05,1.23,57.92,89.29,26.61,-37.39,2.58,-45.84,1
R,2022-10-25 16:31:56.420842,0.26,0.15,1.06,27.28,104.13,26.73,-37.39,2.58,-45.84,1
R,2022-10-25 16:31:56.440349,0.34,0.00,0.93,14.47,103.58,46.20,-29.10,5.68,-50.95,1
R,2022-10-25 16:31:56.458053,0.32,-0.12,0.85,-28.26,65.61,48.10,-29.10,5.68,-50.95,1
R,2022-10-25 16:31:56.475806,0.17,0.11,0.74,-68.73,42.85,24.11,-29.10,5.68,-50.95,1
R,2022-10-25 16:31:56.494978,-1.38,0.45,0.83,-68.42,32.96,-4.58,-25.70,3.92,-55.27,1
R,2022-10-25 16:31:56.513092,0.03,0.42,0.65,58.35,37.17,-3.30,-25.70,3.92,-55.27,1
R,2022-10-25 16:31:56.531011,0.04,-0.07,0.67,18.07,49.68,-4.58,-25.70,3.92,-55.27,1
R,2022-10-25 16:31:56.549997,0.00,-0.20,0.68,-10.44,40.71,-26.31,-22.53,2.75,-56.25,1
R,2022-10-25 16:31:56.568043,0.06,-0.15,1.11,-68.18,0.06,-66.28,-22.53,2.75,-56.25,1
R,2022-10-25 16:31:56.587187,0.11,0.20,1.10,-59.57,-42.24,-70.62,-22.88,-3.74,-53.42,1
R,2022-10-25 16:31:56.605019,0.07,0.48,1.07,-11.90,-63.66,-37.72,-22.88,-3.74,-53.42,1
R,2022-10-25 16:31:56.623735,0.06,0.40,1.05,38.70,-65.19,9.46,-22.88,-3.74,-53.42,1
R,2022-10-25 16:31:56.643569,0.08,0.25,1.05,63.17,-50.54,75.07,-26.62,-1.44,-51.65,1
R,2022-10-25 16:31:56.661822,0.09,0.01,0.99,63.29,-31.86,92.65,-26.62,-1.44,-51.65,1
R,2022-10-25 16:31:56.679983,0.06,-0.08,0.94,18.92,-9.52,72.51,-26.62,-1.44,-51.65,1
R,2022-10-25 16:31:56.698928,0.06,0.06,0.99,-22.03,5.92,30.27,-28.64,3.72,-49.11,1
R,2022-10-25 16:31:56.717275,0.01,0.42,1.01,-37.78,-3.72,-12.63,-28.64,3.72,-49.11,1
R,2022-10-25 16:31:56.735897,-0.03,0.55,0.77,10.74,-0.37,12.63,-28.96,2.73,-50.76,1
R,2022-10-25 16:31:56.753992,-0.03,-0.28,0.94,-0.98,10.19,21.18,-28.96,2.73,-50.76,1
R,2022-10-25 16:31:56.772045,-0.01,-0.01,0.86,-42.18,-31.98,-39.61,-28.96,2.73,-50.76,1
R,2022-10-25 16:31:56.791051,0.02,0.33,0.84,-40.59,-69.95,-67.44,-31.07,-0.11,-49.21,1
R,2022-10-25 16:31:56.809173,0.01,0.32,0.78,-13.98,-93.32,-71.53,-31.07,-0.11,-49.21,1
R,2022-10-25 16:31:56.827753,-0.01,0.26,0.77,-0.12,-91.74,-79.96,-31.07,-0.11,-49.21,1
