q,2022-11-12 09:33:53.433791,9.907711,2.006443,1.144487,-0.150125,-0.337970,-0.380821,19.471565,-25.353153,-67.557456,1
q,2022-11-12 09:33:53.527215,9.266034,0.866745,-0.272953,-0.383288,-0.753429,0.271264,11.075570,-29.848394,-72.222549,1
q,2022-11-12 09:33:53.636615,7.091987,2.059118,0.976884,0.533386,-0.533848,0.507757,-4.644593,-29.848394,-71.531425,1
q,2022-11-12 09:33:53.730379,8.887730,-2.370380,1.972923,0.583188,1.414950,0.309348,-4.644593,-29.848394,-71.531425,1
q,2022-11-12 09:33:53.824129,12.244572,-0.296896,1.676027,0.131908,0.136080,-0.738355,12.861951,-34.523445,-79.133796,1
q,2022-11-12 09:33:53.917921,7.403249,0.296896,1.474903,-0.061573,-1.615374,-0.529960,14.826972,-32.545536,-82.762199,1
q,2022-11-12 09:33:54.012419,8.456751,-0.162814,0.852379,0.146822,-0.087096,-0.317037,-2.858211,-30.567632,-76.369293,1
q,2022-11-12 09:33:54.091646,8.734494,0.272953,1.331244,0.433516,1.749847,-0.289606,-2.858211,-30.567632,-76.369293,1
q,2022-11-12 09:33:54.184594,12.618086,-2.073484,2.643333,0.208875,-0.060997,0.259679,18.399734,-32.545536,-84.835578,1
q,2022-11-12 09:33:54.293967,9.835883,-2.126159,2.442210,-0.391411,-0.900438,-1.212272,35.906280,-37.580207,-78.615455,1
