R,2022-10-27 19:11:03.558523,-0.191546,10.233340,0.397458,0.036612,-0.020324,0.117435,-42.158615,87.387466,23.498245,1
R,2022-10-27 19:11:03.654330,-0.900266,8.279572,0.143659,-0.207603,-0.290506,0.272434,-50.733249,100.333755,17.623683,1
R,2022-10-27 19:11:03.750098,0.493231,6.388056,0.239432,0.010247,-0.706631,1.080449,-62.702011,113.819473,21.943214,1
R,2022-10-27 19:11:03.846055,-1.388708,8.428020,0.780550,-0.823335,-0.035504,-0.315868,-43.944999,92.422134,47.342052,1
R,2022-10-27 19:11:03.926306,-2.044752,13.604548,1.771800,-0.183901,0.036002,0.134613,-25.009347,43.873542,81.207168,1
R,2022-10-27 19:11:04.022492,-0.847591,12.972446,1.441383,0.470315,0.121225,0.255922,-25.009347,43.873542,81.207168,1
R,2022-10-27 19:11:04.118415,0.732663,8.945194,0.560272,0.538626,-0.082776,-0.010665,-35.549003,80.374893,56.153896,1
R,2022-10-27 19:11:04.214333,0.780550,7.561274,0.512385,0.118106,-0.501298,-0.618274,-52.162357,117.955101,26.608306,1
R,2022-10-27 19:11:04.310314,-4.137392,8.969137,0.780550,-0.583647,-0.408486,-0.667810,-43.409084,97.636611,52.007144,1
R,2022-10-27 19:11:04.406257,-5.119064,10.549390,0.780550,-0.116122,0.450130,0.069364,-43.409084,97.636611,52.007144,1
R,2022-10-27 19:11:04.502060,0.861956,9.998696,0.919420,0.207856,0.244132,0.749946,-40.908149,85.769180,62.374019,1
R,2022-10-27 19:11:04.598152,2.001655,8.140701,0.943364,-0.097214,-0.049886,-0.373393,-45.910018,97.276992,41.985836,1
R,2022-10-27 19:11:04.693802,-2.834879,9.912501,0.986461,-0.323053,-0.416742,-0.682591,-32.869430,71.923843,75.678169,1
R,2022-10-27 19:11:04.790019,-1.149275,10.266860,1.067868,0.090276,-0.106346,0.347536,-32.869430,71.923843,75.678169,1
R,2022-10-27 19:11:04.870214,-0.311262,10.410520,1.714336,0.376437,0.301923,-0.775004,-15.362886,56.100593,93.647415,1
