s,2022-10-14 17:26:54.575511,0.05,-0.19,0.96,-0.24,-2.20,-11.29,-116.02,42.82,-21.07,1
s,2022-10-14 17:26:54.591138,0.03,-0.17,0.96,-3.48,4.27,-5.55,-121.24,42.21,-20.94,1
s,2022-10-14 17:26:54.606765,0.09,-0.11,0.96,-11.05,6.96,-9.03,-121.24,42.21,-20.94,1
s,2022-10-14 17:26:54.622393,0.11,-0.11,0.99,-1.10,0.73,-3.36,-125.71,42.49,-23.07,1
s,2022-10-14 17:26:54.653621,0.11,-0.06,1.01,2.38,-4.27,0.61,-125.71,42.49,-23.07,1
s,2022-10-14 17:26:54.669246,0.08,-0.11,0.98,-19.78,11.05,-11.96,-125.71,42.49,-23.07,1
s,2022-10-14 17:26:54.684894,0.17,-0.12,0.86,-21.85,7.26,-11.66,-131.92,43.40,-26.05,1
s,2022-10-14 17:26:54.700509,0.12,-0.01,0.90,-23.93,0.43,-10.50,-131.92,43.40,-26.05,1
s,2022-10-14 17:26:54.716144,0.17,-0.05,0.86,-19.71,-3.78,-12.51,-131.92,43.40,-26.05,1
s,2022-10-14 17:26:54.731775,0.09,-0.13,0.84,-20.63,-13.24,-9.03,-139.42,44.21,-23.54,1
s,2022-10-14 17:26:54.763015,-1.59,-0.06,2.12,-27.77,-15.50,-3.11,-139.42,44.21,-23.54,1
s,2022-10-14 17:26:54.778713,0.09,-0.02,0.92,6.77,10.80,8.36,-142.40,44.76,-20.67,1
s,2022-10-14 17:26:54.794276,0.04,-0.18,1.04,-11.60,4.82,-0.73,-142.40,44.76,-20.67,1
s,2022-10-14 17:26:54.809905,0.04,-0.25,1.03,-36.13,18.25,16.24,-142.40,44.76,-20.67,1
s,2022-10-14 17:26:54.825513,0.04,-0.29,0.94,-41.50,21.30,43.52,-138.31,45.64,-26.14,1
s,2022-10-14 17:26:54.841152,0.08,-0.12,0.87,-48.16,15.38,35.89,-138.31,45.64,-26.14,1
s,2022-10-14 17:26:54.872385,0.08,0.05,0.92,-47.06,13.06,24.35,-138.31,45.64,-26.14,1
s,2022-10-14 17:26:54.888012,0.06,0.16,0.90,-29.79,5.68,30.40,-132.28,48.03,-32.01,1
s,2022-10-14 17:26:54.903657,0.02,0.09,0.88,-6.71,-7.02,35.64,-132.28,48.03,-32.01,1
s,2022-10-14 17:26:54.919284,0.05,0.22,0.92,-15.20,-4.03,13.92,-132.28,48.03,-32.01,1
s,2022-10-14 17:26:54.934910,0.06,0.26,0.93,-9.77,-6.35,11.96,-128.05,50.66,-32.09,1
s,2022-10-14 17:26:54.966140,0.04,0.08,0.83,2.56,-15.56,18.80,-128.05,50.66,-32.09,1
s,2022-10-14 17:26:54.981765,0.01,0.14,0.81,9.58,-35.95,36.99,-123.58,52.62,-27.09,1
s,2022-10-14 17:26:54.997414,-0.02,0.26,0.89,-12.21,-31.25,9.40,-123.58,52.62,-27.09,1
s,2022-10-14 17:26:55.013019,-0.00,0.32,0.94,-9.34,-26.73,-1.34,-123.58,52.62,-27.09,1
s,2022-10-14 17:26:55.028663,-0.00,0.30,1.00,1.89,-31.80,-1.16,-118.68,52.48,-16.71,1
s,2022-10-14 17:26:55.044290,-0.00,0.22,1.05,1.40,-28.56,-5.00,-118.68,52.48,-16.71,1
s,2022-10-14 17:26:55.075529,-0.01,0.28,1.12,-2.14,-16.24,-8.42,-118.68,52.48,-16.71,1
s,2022-10-14 17:26:55.091172,-0.03,0.24,1.05,2.44,-8.48,-13.49,-115.93,51.33,-8.06,1
s,2022-10-14 17:26:55.106796,-0.06,0.26,1.01,0.12,-0.61,-25.63,-115.93,51.33,-8.06,1
s,2022-10-14 17:26:55.122424,-0.01,0.26,1.05,1.34,6.53,-41.75,-116.00,47.88,-7.10,1
s,2022-10-14 17:26:55.138025,-0.03,0.05,0.98,12.39,0.37,-46.94,-116.00,47.88,-7.10,1
s,2022-10-14 17:26:55.169276,-0.02,-0.00,0.94,19.29,-9.09,-28.87,-116.00,47.88,-7.10,1
s,2022-10-14 17:26:55.184924,-0.02,-0.05,0.93,21.00,-14.71,-18.07,-118.09,46.66,-3.74,1
s,2022-10-14 17:26:55.200530,-0.07,-0.16,0.81,14.28,-12.94,-18.86,-118.09,46.66,-3.74,1
s,2022-10-14 17:26:55.216175,-0.01,-0.13,0.88,-1.95,-18.49,-16.11,-118.09,46.66,-3.74,1
s,2022-10-14 17:26:55.231803,-0.03,-0.05,0.79,-2.81,-21.06,-10.68,-117.92,46.83,-1.14,1
s,2022-10-14 17:26:55.263033,-0.04,-0.07,0.80,-2.87,-29.24,-7.87,-117.92,46.83,-1.14,1
s,2022-10-14 17:26:55.283358,-0.06,-0.02,0.89,-13.92,-32.90,-7.63,-113.83,47.68,6.32,1
s,2022-10-14 17:26:55.294529,-0.06,0.12,1.06,-1.34,-23.86,1.53,-113.83,47.68,6.32,1
s,2022-10-14 17:26:55.310182,-0.05,0.06,1.01,21.30,-6.96,11.17,-113.83,47.68,6.32,1
s,2022-10-14 17:26:55.325808,-0.08,-0.13,0.93,31.01,-4.39,15.32,-104.93,45.26,11.66,1
s,2022-10-14 17:26:55.357037,-0.08,-0.07,1.02,16.97,-5.37,12.76,-104.93,45.26,11.66,1
s,2022-10-14 17:26:55.372664,-0.05,-0.06,1.03,15.38,-8.00,16.60,-104.93,45.26,11.66,1
s,2022-10-14 17:26:55.388312,-0.07,-0.25,0.97,13.85,-8.30,19.78,-95.47,41.87,16.97,1
s,2022-10-14 17:26:55.403941,-0.05,-0.35,1.00,6.47,-7.81,21.85,-95.47,41.87,16.97,1
s,2022-10-14 17:26:55.419564,-0.07,-0.38,0.99,-5.00,-2.44,25.51,-95.47,41.87,16.97,1
s,2022-10-14 17:26:55.435189,-0.09,-0.18,1.06,-8.79,6.10,17.58,-89.50,39.89,19.98,1
s,2022-10-14 17:26:55.466419,-0.06,-0.11,1.11,1.28,9.83,18.68,-89.50,39.89,19.98,1
s,2022-10-14 17:26:55.482046,-0.07,-0.16,1.14,11.11,8.54,17.15,-88.29,37.96,18.68,1
s,2022-10-14 17:26:55.497692,-0.14,-0.07,1.11,6.90,-0.61,16.54,-88.29,37.96,18.68,1
s,2022-10-14 17:26:55.521487,-0.15,-0.02,0.98,6.59,0.18,24.54,-88.29,37.96,18.68,1
s,2022-10-14 17:26:55.529016,-0.09,0.01,0.98,4.70,5.74,19.65,-92.05,40.58,17.16,1
s,2022-10-14 17:26:55.544666,-0.11,0.15,1.05,4.33,2.20,15.87,-92.05,40.58,17.16,1
s,2022-10-14 17:26:55.575898,-0.09,0.31,0.93,10.68,-5.43,9.46,-92.05,40.58,17.16,1
s,2022-10-14 17:26:55.591524,-0.14,0.30,0.87,49.01,-2.26,36.44,-96.95,47.41,16.63,1
s,2022-10-14 17:26:55.607175,-0.24,0.13,1.09,76.90,19.96,61.83,-96.95,47.41,16.63,1
s,2022-10-14 17:26:55.622798,-0.57,0.03,1.18,19.23,51.09,0.49,-98.75,51.70,17.35,1
s,2022-10-14 17:26:55.638424,-0.42,0.05,1.08,50.90,34.61,18.31,-98.75,51.70,17.35,1
s,2022-10-14 17:26:55.654043,-0.24,0.03,1.14,49.26,27.77,1.77,-98.75,51.70,17.35,1
s,2022-10-14 17:26:55.685280,0.06,0.15,1.02,37.66,38.64,-8.18,-96.73,53.23,6.74,1
s,2022-10-14 17:26:55.700927,0.40,0.21,0.91,8.91,47.00,-31.13,-96.73,53.23,6.74,1
s,2022-10-14 17:26:55.716556,0.34,0.27,0.89,-22.09,33.57,-51.76,-96.73,53.23,6.74,1
s,2022-10-14 17:26:55.732180,0.10,0.14,0.95,-8.12,15.08,-55.91,-102.73,49.57,-3.47,1
s,2022-10-14 17:26:55.747805,0.07,-0.04,0.93,16.48,14.47,-46.02,-102.73,49.57,-3.47,1
s,2022-10-14 17:26:55.779034,0.10,-0.15,0.92,33.26,6.16,-39.00,-102.73,49.57,-3.47,1
s,2022-10-14 17:26:55.794681,0.11,-0.26,0.88,31.62,1.59,-34.42,-113.18,41.63,-11.72,1
s,2022-10-14 17:26:55.810309,0.07,-0.34,0.87,14.95,0.98,-34.67,-113.18,41.63,-11.72,1
s,2022-10-14 17:26:55.825935,0.06,-0.32,0.90,-8.24,7.26,-34.12,-120.58,31.51,-16.87,1
s,2022-10-14 17:26:55.841553,0.03,-0.27,0.93,-19.35,8.79,-36.56,-120.58,31.51,-16.87,1
s,2022-10-14 17:26:55.857184,0.04,-0.24,0.94,-12.08,4.27,-30.64,-120.58,31.51,-16.87,1
s,2022-10-14 17:26:55.888436,0.01,-0.25,0.96,-4.58,-0.98,-21.67,-124.10,22.78,-20.73,1
s,2022-10-14 17:26:55.904068,-0.00,-0.25,0.91,1.83,2.50,-10.56,-124.10,22.78,-20.73,1
