v,2022-10-11 18:25:47.547877,0.44,-0.42,0.82,30.58,7.39,-7.51,2.14,-35.50,-76.61,1
v,2022-10-11 18:25:47.561171,0.46,-0.49,0.83,27.65,7.08,-3.23,2.99,-34.83,-77.05,1
v,2022-10-11 18:25:47.576943,0.45,-0.51,0.81,22.77,6.71,-0.18,2.99,-34.83,-77.05,1
v,2022-10-11 18:25:47.592417,0.42,-0.53,0.80,14.71,2.38,0.24,2.99,-34.83,-77.05,1
v,2022-10-11 18:25:47.623668,0.39,-0.51,0.78,2.75,-2.20,3.85,3.56,-34.41,-76.94,1
v,2022-10-11 18:25:47.645560,0.37,-0.45,0.78,-4.09,-2.01,8.24,3.56,-34.41,-76.94,1
v,2022-10-11 18:25:47.661127,0.35,-0.41,0.79,-0.43,-1.28,15.20,3.56,-34.41,-76.94,1
v,2022-10-11 18:25:47.676765,0.34,-0.34,0.80,12.33,-5.43,34.91,2.95,-33.84,-76.62,1
v,2022-10-11 18:25:47.692379,0.37,-0.37,0.80,28.63,-9.58,42.05,2.95,-33.84,-76.62,1
v,2022-10-11 18:25:47.723630,0.35,-0.45,0.77,38.82,-10.68,30.03,1.77,-31.24,-76.44,1
v,2022-10-11 18:25:47.739250,0.37,-0.52,0.75,14.28,-9.58,9.83,1.77,-31.24,-76.44,1
v,2022-10-11 18:25:47.761405,0.38,-0.42,0.76,-13.06,-12.70,-7.81,0.78,-31.45,-75.32,1
v,2022-10-11 18:25:47.777042,0.36,-0.24,0.77,-18.98,-26.31,-9.46,0.78,-31.45,-75.32,1
v,2022-10-11 18:25:47.792661,-0.41,-0.32,0.45,-2.20,-32.78,-0.79,0.78,-31.45,-75.32,1
v,2022-10-11 18:25:47.823904,0.31,-0.33,0.89,0.37,-0.67,1.10,0.18,-32.64,-77.34,1
v,2022-10-11 18:25:47.839602,0.32,-0.24,0.91,6.29,-12.51,-4.27,0.18,-32.64,-77.34,1
v,2022-10-11 18:25:47.861702,0.30,-0.40,0.82,25.82,-24.11,-13.85,0.37,-32.24,-75.12,1
v,2022-10-11 18:25:47.877379,0.29,-0.45,0.84,27.28,-28.26,-23.38,0.37,-32.24,-75.12,1
v,2022-10-11 18:25:47.892961,0.34,-0.47,0.84,2.26,-36.50,-38.51,0.37,-32.24,-75.12,1
v,2022-10-11 18:25:47.924198,0.36,-0.42,0.83,-14.16,-37.29,-45.23,-0.55,-33.42,-73.32,1
v,2022-10-11 18:25:47.939937,0.32,-0.38,0.81,-20.94,-29.48,-43.15,-0.55,-33.42,-73.32,1
v,2022-10-11 18:25:47.962072,0.31,-0.34,0.85,-12.70,-22.40,-35.83,-0.43,-36.17,-70.91,1
v,2022-10-11 18:25:47.977749,0.31,-0.36,0.92,8.67,-16.30,-18.62,-0.43,-36.17,-70.91,1
v,2022-10-11 18:25:48.010064,0.35,-0.38,0.89,19.90,-14.34,-6.84,-0.43,-36.17,-70.91,1
v,2022-10-11 18:25:48.028202,0.30,-0.43,0.90,38.27,-9.34,7.81,-0.68,-35.80,-70.72,1
v,2022-10-11 18:25:48.043824,0.27,-0.56,0.92,39.37,-5.49,17.82,-0.68,-35.80,-70.72,1
v,2022-10-11 18:25:48.063655,0.26,-0.60,0.92,27.47,-10.01,11.96,-0.52,-34.25,-70.18,1
v,2022-10-11 18:25:48.079509,0.26,-0.57,0.90,11.47,-15.44,3.17,-0.52,-34.25,-70.18,1
v,2022-10-11 18:25:48.095112,0.42,-0.58,0.80,-20.45,-7.93,-7.32,-0.52,-34.25,-70.18,1
v,2022-10-11 18:25:48.110522,0.37,-0.39,0.79,-31.80,8.67,-10.68,-0.99,-34.12,-69.76,1
v,2022-10-11 18:25:48.141765,0.43,-0.34,0.82,-23.44,19.96,-6.41,-0.99,-34.12,-69.76,1
v,2022-10-11 18:25:48.162595,0.34,-0.39,0.92,8.00,28.26,1.28,-0.33,-34.62,-70.10,1
v,2022-10-11 18:25:48.178310,0.31,-0.41,0.93,10.93,25.51,3.11,-0.33,-34.62,-70.10,1
v,2022-10-11 18:25:48.194099,0.33,-0.45,0.88,11.23,19.41,4.09,-0.33,-34.62,-70.10,1
v,2022-10-11 18:25:48.209463,0.25,-0.41,0.84,13.31,15.32,5.31,0.27,-33.68,-72.51,1
v,2022-10-11 18:25:48.240705,0.21,-0.46,0.80,14.77,15.14,7.75,0.27,-33.68,-72.51,1
v,2022-10-11 18:25:48.256326,0.27,-0.49,0.79,12.51,13.24,7.45,0.27,-33.68,-72.51,1
v,2022-10-11 18:25:48.277465,0.23,-0.50,0.77,5.31,11.11,4.58,1.22,-32.97,-73.30,1
v,2022-10-11 18:25:48.293087,0.29,-0.44,0.75,1.40,5.07,2.14,1.22,-32.97,-73.30,1
v,2022-10-11 18:25:48.308979,0.22,-0.42,0.68,2.75,3.30,3.91,1.48,-32.15,-73.23,1
v,2022-10-11 18:25:48.329029,0.18,-0.44,0.77,8.54,7.14,3.54,1.48,-32.15,-73.23,1
v,2022-10-11 18:25:48.344806,0.20,-0.44,0.78,13.31,-0.92,6.65,1.48,-32.15,-73.23,1
v,2022-10-11 18:25:48.361934,0.29,-0.48,0.67,18.86,-1.95,9.89,1.34,-31.52,-72.50,1
v,2022-10-11 18:25:48.393490,0.25,-0.43,0.76,17.15,6.04,9.09,1.34,-31.52,-72.50,1
v,2022-10-11 18:25:48.397622,0.16,-0.54,0.78,24.41,1.16,4.46,1.34,-31.52,-72.50,1
v,2022-10-11 18:25:48.428861,0.10,-0.52,0.78,-12.88,2.01,-4.82,1.73,-31.64,-72.03,1
v,2022-10-11 18:25:48.444483,0.16,-0.39,0.78,-21.55,11.11,4.33,1.73,-31.64,-72.03,1
v,2022-10-11 18:25:48.462444,0.28,-0.38,0.78,-19.65,20.08,9.83,2.60,-32.39,-72.05,1
v,2022-10-11 18:25:48.478329,0.45,-0.36,0.89,-19.23,30.40,0.79,2.60,-32.39,-72.05,1
