d,2022-10-01 10:47:01.148364,0.27,-0.53,0.88,-20.57,6.10,-17.03,-49.99,60.93,8.06,1
d,2022-10-01 10:47:01.179615,0.24,-0.57,0.83,-22.77,8.97,-18.31,-49.99,60.93,8.06,1
d,2022-10-01 10:47:01.195223,0.23,-0.64,0.77,-18.49,4.82,-10.01,-57.23,62.46,8.79,1
d,2022-10-01 10:47:01.210868,0.21,-0.62,0.79,-19.53,-2.26,-3.60,-57.23,62.46,8.79,1
d,2022-10-01 10:47:01.226494,0.17,-0.55,0.82,-31.25,-2.99,-3.78,-57.23,62.46,8.79,1
d,2022-10-01 10:47:01.242102,0.17,-0.36,0.84,-39.61,0.92,-12.70,-63.24,65.09,8.81,1
d,2022-10-01 10:47:01.273352,0.22,-0.43,0.79,-44.56,4.76,-21.91,-63.24,65.09,8.81,1
d,2022-10-01 10:47:01.288996,0.27,-0.41,0.72,-43.64,1.22,-14.28,-63.24,65.09,8.81,1
d,2022-10-01 10:47:01.304625,0.32,-0.35,0.64,-33.33,-26.55,3.78,-69.35,66.47,9.09,1
d,2022-10-01 10:47:01.320253,0.34,-0.16,0.62,-28.44,-36.87,3.05,-69.35,66.47,9.09,1
d,2022-10-01 10:47:01.335875,-1.20,-0.06,1.50,-29.97,-44.19,-10.13,-71.98,66.32,15.77,1
d,2022-10-01 10:47:01.351505,0.11,-0.32,0.84,94.12,-23.50,24.48,-71.98,66.32,15.77,1
d,2022-10-01 10:47:01.382751,0.13,-0.50,0.80,55.91,-13.12,6.47,-71.98,66.32,15.77,1
d,2022-10-01 10:47:01.398377,0.12,-0.41,0.78,-14.22,10.80,7.51,-71.09,65.95,18.10,1
d,2022-10-01 10:47:01.414005,0.04,-0.33,0.65,-65.80,20.94,-32.53,-71.09,65.95,18.10,1
d,2022-10-01 10:47:01.429634,0.14,-0.32,0.54,-45.72,7.32,-43.03,-71.09,65.95,18.10,1
d,2022-10-01 10:47:01.445256,0.10,-0.25,0.70,-23.62,2.50,-27.77,-68.51,64.99,16.75,1
d,2022-10-01 10:47:01.477603,0.05,-0.21,0.75,17.64,-7.75,-4.64,-68.51,64.99,16.75,1
d,2022-10-01 10:47:01.493928,0.15,-0.25,0.92,26.61,-14.28,0.31,-57.90,62.35,19.69,1
d,2022-10-01 10:47:01.509559,0.12,-0.28,0.93,27.47,-11.90,-2.14,-57.90,62.35,19.69,1
d,2022-10-01 10:47:01.525181,0.14,-0.29,0.94,26.00,-13.79,-8.12,-57.90,62.35,19.69,1
d,2022-10-01 10:47:01.540811,0.17,-0.34,1.03,29.24,-19.53,-9.89,-45.35,60.00,20.57,1
d,2022-10-01 10:47:01.565603,0.23,-0.45,1.16,21.97,-5.62,0.92,-45.35,60.00,20.57,1
d,2022-10-01 10:47:01.582137,0.21,-0.43,1.13,17.70,-3.97,9.03,-45.35,60.00,20.57,1
d,2022-10-01 10:47:01.597785,0.21,-0.49,1.17,18.37,-12.57,7.39,-37.70,60.46,19.71,1
d,2022-10-01 10:47:01.613407,0.20,-0.50,1.15,-1.83,-17.40,0.24,-37.70,60.46,19.71,1
d,2022-10-01 10:47:01.629037,0.08,-0.45,1.14,-6.71,-17.94,-0.49,-37.70,60.46,19.71,1
d,2022-10-01 10:47:01.644641,-0.01,-0.51,1.25,-4.15,20.81,7.14,-36.56,60.75,21.34,1
d,2022-10-01 10:47:01.675894,0.27,-0.34,0.93,-4.46,52.67,11.35,-36.56,60.75,21.34,1
d,2022-10-01 10:47:01.691518,0.24,-0.43,0.98,-5.25,27.65,-0.06,-44.38,61.84,17.71,1
d,2022-10-01 10:47:01.707166,0.30,-0.39,0.78,-18.55,26.37,-4.27,-44.38,61.84,17.71,1
d,2022-10-01 10:47:01.722788,0.36,-0.42,0.77,-7.32,3.23,0.67,-44.38,61.84,17.71,1
d,2022-10-01 10:47:01.738414,0.27,-0.44,0.78,-11.29,-13.18,3.36,-51.00,62.57,16.06,1
d,2022-10-01 10:47:01.769649,0.17,-0.43,0.85,-9.46,-18.62,10.86,-51.00,62.57,16.06,1
d,2022-10-01 10:47:01.785273,0.18,-0.43,0.81,-14.53,-9.95,8.36,-51.00,62.57,16.06,1
d,2022-10-01 10:47:01.800918,0.10,-0.44,1.09,3.54,-13.18,1.71,-55.33,62.04,19.30,1
d,2022-10-01 10:47:01.816544,0.13,-0.48,0.84,-19.96,18.92,4.64,-55.33,62.04,19.30,1
d,2022-10-01 10:47:01.832173,0.11,-0.40,0.76,-26.92,4.64,7.26,-60.86,61.63,18.88,1
d,2022-10-01 10:47:01.847794,0.09,-0.35,0.72,-21.36,1.53,13.24,-60.86,61.63,18.88,1
d,2022-10-01 10:47:01.879036,0.08,-0.25,0.68,-20.94,2.08,6.23,-60.86,61.63,18.88,1
d,2022-10-01 10:47:01.894654,0.11,-0.27,0.61,-16.66,3.48,2.08,-64.22,62.12,16.16,1
d,2022-10-01 10:47:01.910303,0.09,-0.20,0.64,-10.74,-1.77,6.29,-64.22,62.12,16.16,1
d,2022-10-01 10:47:01.925927,0.08,-0.11,0.67,-2.81,-7.32,10.38,-64.22,62.12,16.16,1
d,2022-10-01 10:47:01.951088,0.04,-0.06,0.67,12.08,-24.23,6.77,-62.27,61.00,16.35,1
d,2022-10-01 10:47:01.966739,0.08,0.01,0.59,18.13,-32.35,2.93,-62.27,61.00,16.35,1
d,2022-10-01 10:47:01.982369,0.08,-0.00,0.90,26.79,-43.15,-3.05,-62.27,61.00,16.35,1
d,2022-10-01 10:47:01.997991,0.12,-0.01,1.12,29.11,-37.17,-8.67,-51.26,57.52,19.13,1
d,2022-10-01 10:47:02.013620,0.16,-0.05,1.22,29.42,-9.95,-11.66,-51.26,57.52,19.13,1
d,2022-10-01 10:47:02.044867,0.17,-0.04,1.27,39.25,3.36,-10.25,-41.71,55.25,21.75,1
d,2022-10-01 10:47:02.060493,0.16,-0.08,1.31,52.61,7.69,-11.17,-41.71,55.25,21.75,1
d,2022-10-01 10:47:02.076120,0.18,-0.13,1.23,48.28,16.60,-18.68,-41.71,55.25,21.75,1
d,2022-10-01 10:47:02.091733,0.17,-0.44,1.04,42.91,23.19,-28.81,-37.59,55.77,20.37,1
d,2022-10-01 10:47:02.107370,0.20,-0.74,0.86,50.60,0.12,-4.46,-37.59,55.77,20.37,1
d,2022-10-01 10:47:02.123001,0.18,-0.95,0.53,43.82,-4.09,5.19,-37.59,55.77,20.37,1
d,2022-10-01 10:47:02.154232,0.16,-0.98,0.57,45.96,-21.18,17.46,-38.44,59.12,22.42,1
d,2022-10-01 10:47:02.169857,0.12,-0.75,0.70,39.49,-37.23,28.08,-38.44,59.12,22.42,1
d,2022-10-01 10:47:02.185502,0.07,-0.58,0.77,-15.56,-17.03,-1.65,-38.09,60.14,24.26,1
d,2022-10-01 10:47:02.201109,-0.13,-0.35,0.97,-51.57,17.70,-22.09,-38.09,60.14,24.26,1
d,2022-10-01 10:47:02.216754,-0.13,-0.33,0.99,-22.40,36.74,-6.65,-38.09,60.14,24.26,1
