A,2022-11-12 17:25:38.366737,-0.905054,10.137567,0.593792,-0.092525,-0.010600,-0.081726,-20.900669,-32.185916,-74.468704,1
A,2022-11-12 17:25:38.462385,-1.178007,10.094470,0.459710,-0.005705,-0.026179,0.035189,-22.329774,-35.422492,-72.395332,1
A,2022-11-12 17:25:38.558763,-0.996039,10.137567,0.617735,-0.010898,-0.004075,0.064351,-22.687051,-35.062873,-72.740890,1
A,2022-11-12 17:25:38.655035,-1.149275,10.060949,1.082234,-0.014626,0.039069,0.010155,-22.687051,-35.062873,-72.740890,1
A,2022-11-12 17:25:38.751033,-0.861956,10.104046,0.407035,0.076322,-0.008469,0.071941,-22.687051,-37.220588,-69.976394,1
A,2022-11-12 17:25:38.846761,-0.933786,9.898135,0.589004,-0.013827,-0.060401,0.069811,-23.758880,-36.141731,-70.667518,1
A,2022-11-12 17:25:38.942921,-0.861956,9.567718,0.665622,-0.127280,-0.540843,-0.235659,-24.294795,-35.602302,-68.766921,1
A,2022-11-12 17:25:39.038874,-1.537156,9.826305,0.938575,-0.073350,-0.245760,-0.205431,-24.294795,-35.602302,-68.766921,1
A,2022-11-12 17:25:39.134570,-1.972923,9.931655,1.541944,0.121064,0.047325,0.102568,-25.187986,-30.387823,-61.337329,1
A,2022-11-12 17:25:39.230990,-0.665622,9.835883,-0.354360,-0.015692,-0.210340,-0.439261,-24.652072,-27.690677,-58.400051,1
A,2022-11-12 17:25:39.327648,-2.925864,8.428020,0.952941,-0.282678,-0.138034,-0.142314,-19.650201,-17.261722,-51.488800,1
A,2022-11-12 17:25:39.422452,-1.637717,10.300381,0.933786,0.033045,-0.014195,0.188589,-20.722032,-19.059818,-48.724304,1
A,2022-11-12 17:25:39.518638,-1.800531,9.385749,0.517174,-0.349524,0.012437,0.032393,-20.722032,-19.059818,-48.724304,1
A,2022-11-12 17:25:39.630733,-1.541944,9.869402,1.043925,0.124659,-0.034435,-0.030060,-21.436584,-24.094486,-46.305366,1
