x,2022-10-17 10:01:21.016737,0.92,0.17,0.30,-15.81,0.85,-11.29,108.62,26.01,-35.85,1
x,2022-10-17 10:01:21.025960,0.90,0.17,0.31,-14.10,0.98,-10.56,109.05,26.05,-35.80,1
x,2022-10-17 10:01:21.034252,0.89,0.17,0.30,-14.40,1.10,-10.38,109.05,26.05,-35.80,1
x,2022-10-17 10:01:21.042674,0.89,0.18,0.28,-14.22,0.73,-12.15,109.05,26.05,-35.80,1
x,2022-10-17 10:01:21.051083,0.92,0.19,0.27,-14.04,-0.06,-14.04,109.05,26.05,-35.80,1
x,2022-10-17 10:01:21.059563,0.96,0.20,0.26,-15.08,-1.04,-16.05,109.05,26.05,-35.80,1
x,2022-10-17 10:01:21.068196,1.00,0.20,0.25,-16.30,-1.65,-17.58,109.05,26.05,-35.80,1
x,2022-10-17 10:01:21.077661,1.03,0.20,0.26,-16.66,-1.22,-18.07,108.68,26.34,-36.15,1
x,2022-10-17 10:01:21.086021,1.05,0.21,0.28,-15.99,1.53,-18.13,108.68,26.34,-36.15,1
x,2022-10-17 10:01:21.094489,1.05,0.21,0.28,-15.99,5.19,-18.31,108.68,26.34,-36.15,1
x,2022-10-17 10:01:21.102773,1.04,0.20,0.26,-15.87,7.81,-18.62,108.68,26.34,-36.15,1
x,2022-10-17 10:01:21.111350,1.02,0.18,0.26,-14.83,8.97,-17.82,108.68,26.34,-36.15,1
x,2022-10-17 10:01:21.119758,1.00,0.17,0.27,-13.55,8.67,-16.54,108.68,26.34,-36.15,1
x,2022-10-17 10:01:21.129139,0.98,0.17,0.29,-12.51,8.79,-15.20,109.64,26.86,-35.01,1
x,2022-10-17 10:01:21.137476,1.00,0.17,0.29,-10.25,9.40,-15.26,109.64,26.86,-35.01,1
x,2022-10-17 10:01:21.144936,1.03,0.16,0.29,-10.25,9.40,-15.26,109.64,26.86,-35.01,1
x,2022-10-17 10:01:21.153226,1.06,0.16,0.28,-11.78,9.28,-15.14,109.64,26.86,-35.01,1
x,2022-10-17 10:01:21.161626,1.07,0.15,0.28,-13.00,8.36,-14.59,109.64,26.86,-35.01,1
x,2022-10-17 10:01:21.170968,1.07,0.15,0.28,-11.90,6.96,-14.34,110.08,27.09,-35.23,1
x,2022-10-17 10:01:21.179351,1.07,0.14,0.29,-9.83,5.00,-16.17,110.08,27.09,-35.23,1
x,2022-10-17 10:01:21.187753,1.08,0.14,0.29,-10.50,3.17,-17.15,110.08,27.09,-35.23,1
x,2022-10-17 10:01:21.196044,1.08,0.12,0.28,-10.93,0.67,-17.70,110.08,27.09,-35.23,1
x,2022-10-17 10:01:21.204655,1.07,0.13,0.28,-8.06,-0.98,-18.25,110.08,27.09,-35.23,1
x,2022-10-17 10:01:21.213017,1.01,0.09,0.35,1.16,-3.66,-21.61,110.08,27.09,-35.23,1
x,2022-10-17 10:01:21.222285,0.98,-0.09,0.51,27.65,-10.44,-34.48,109.95,27.72,-35.41,1
x,2022-10-17 10:01:21.230737,1.07,-0.15,0.37,45.41,-12.88,-51.88,109.95,27.72,-35.41,1
x,2022-10-17 10:01:21.238165,1.07,-0.15,0.37,27.40,-18.13,-66.04,109.95,27.72,-35.41,1
x,2022-10-17 10:01:21.246720,1.09,-0.17,0.39,-2.01,-26.31,-78.86,109.95,27.72,-35.41,1
x,2022-10-17 10:01:21.253253,1.09,-0.17,0.39,-2.01,-26.31,-78.86,109.95,27.72,-35.41,1
x,2022-10-17 10:01:21.261732,1.10,0.03,0.38,-14.71,-30.40,-88.68,109.95,27.72,-35.41,1
x,2022-10-17 10:01:21.271111,1.11,0.09,0.47,-19.90,-32.84,-91.86,110.69,30.10,-35.94,1
x,2022-10-17 10:01:21.279578,1.11,0.13,0.48,-17.94,-50.29,-88.26,110.69,30.10,-35.94,1
x,2022-10-17 10:01:21.288061,1.11,0.18,0.48,-9.58,-61.77,-80.63,110.69,30.10,-35.94,1
x,2022-10-17 10:01:21.296650,1.10,0.15,0.53,-4.21,-74.40,-71.78,110.69,30.10,-35.94,1
x,2022-10-17 10:01:21.304978,1.08,0.14,0.44,-1.59,-85.94,-62.87,0.00,0.00,0.00,1
x,2022-10-17 10:01:21.311405,1.08,0.14,0.44,-1.59,-85.94,-62.87,0.00,0.00,0.00,1
x,2022-10-17 10:01:21.319676,1.05,0.13,0.44,5.55,-93.38,-51.57,0.00,0.00,0.00,1
x,2022-10-17 10:01:21.329026,1.06,0.12,0.47,13.55,-97.84,-39.92,109.19,31.74,-37.77,1
x,2022-10-17 10:01:21.337490,1.07,0.06,0.47,26.98,-102.60,-21.73,109.19,31.74,-37.77,1
x,2022-10-17 10:01:21.344812,1.08,0.05,0.51,26.98,-102.60,-21.73,109.19,31.74,-37.77,1
x,2022-10-17 10:01:21.353195,1.10,0.06,0.52,23.13,-106.02,-13.49,109.19,31.74,-37.77,1
x,2022-10-17 10:01:21.361557,1.10,0.07,0.50,17.09,-110.41,10.93,109.19,31.74,-37.77,1
x,2022-10-17 10:01:21.369868,1.09,0.09,0.49,15.81,-114.99,17.03,109.19,31.74,-37.77,1
x,2022-10-17 10:01:21.378333,1.07,0.09,0.47,15.81,-114.99,17.03,107.28,32.46,-40.20,1
x,2022-10-17 10:01:21.386631,1.03,0.12,0.50,17.03,-120.97,41.69,107.28,32.46,-40.20,1
x,2022-10-17 10:01:21.394058,0.99,0.14,0.50,17.03,-120.97,41.69,107.28,32.46,-40.20,1
x,2022-10-17 10:01:21.402488,0.96,0.09,0.48,35.34,-123.11,52.86,107.28,32.46,-40.20,1
x,2022-10-17 10:01:21.410669,0.94,0.06,0.49,52.86,-123.72,62.07,107.28,32.46,-40.20,1
x,2022-10-17 10:01:21.418919,0.95,0.06,0.47,63.42,-123.47,68.73,107.28,32.46,-40.20,1
x,2022-10-17 10:01:21.428109,0.96,0.08,0.50,67.32,-121.89,74.58,103.64,32.58,-43.77,1
x,2022-10-17 10:01:21.436320,0.95,0.10,0.52,71.90,-118.59,79.65,103.64,32.58,-43.77,1
x,2022-10-17 10:01:21.444673,0.93,0.08,0.51,69.27,-115.30,85.88,103.64,32.58,-43.77,1
x,2022-10-17 10:01:21.452937,0.92,0.02,0.47,59.75,-111.27,92.90,103.64,32.58,-43.77,1
x,2022-10-17 10:01:21.461224,0.92,0.00,0.48,50.05,-106.14,99.67,103.64,32.58,-43.77,1
x,2022-10-17 10:01:21.469513,0.93,0.05,0.47,55.85,-100.46,104.31,103.64,32.58,-43.77,1
x,2022-10-17 10:01:21.478750,0.92,0.05,0.53,73.30,-91.67,107.54,99.57,32.67,-45.41,1
x,2022-10-17 10:01:21.486944,0.91,0.03,0.54,89.72,-79.22,118.53,0.00,0.00,0.00,1
x,2022-10-17 10:01:21.494119,0.88,0.05,0.55,89.72,-79.22,118.53,0.00,0.00,0.00,1
x,2022-10-17 10:01:21.502465,0.89,0.07,0.56,96.56,-74.95,125.24,0.00,0.00,0.00,1
x,2022-10-17 10:01:21.510565,0.89,0.10,0.57,104.80,-70.68,131.90,0.00,0.00,0.00,1
x,2022-10-17 10:01:21.518774,0.87,0.06,0.60,123.72,-66.47,137.21,0.00,0.00,0.00,1
x,2022-10-17 10:01:21.528171,0.82,0.02,0.56,148.93,-64.33,141.48,96.51,34.31,-46.18,1
x,2022-10-17 10:01:21.536706,0.79,-0.03,0.55,168.52,-63.54,146.73,96.51,34.31,-46.18,1
x,2022-10-17 10:01:21.544130,0.78,-0.03,0.58,168.52,-63.54,146.73,96.51,34.31,-46.18,1
x,2022-10-17 10:01:21.552501,0.78,-0.06,0.60,178.53,-61.58,148.93,96.51,34.31,-46.18,1
x,2022-10-17 10:01:21.560923,0.79,-0.02,0.56,170.47,-57.19,149.66,96.51,34.31,-46.18,1
x,2022-10-17 10:01:21.569175,0.79,-0.01,0.62,184.57,-47.12,147.09,96.51,34.31,-46.18,1
x,2022-10-17 10:01:21.578568,0.74,0.01,0.74,204.16,-35.77,142.15,93.93,39.27,-47.07,1
x,2022-10-17 10:01:21.586905,0.66,-0.03,0.81,238.04,-16.17,130.92,93.93,39.27,-47.07,1
x,2022-10-17 10:01:21.594195,0.59,-0.09,0.78,238.04,-16.17,130.92,93.93,39.27,-47.07,1
x,2022-10-17 10:01:21.602658,0.56,-0.15,0.76,238.28,-10.19,126.65,93.93,39.27,-47.07,1
x,2022-10-17 10:01:21.610996,0.50,-0.19,0.69,221.31,-8.97,124.02,93.93,39.27,-47.07,1
x,2022-10-17 10:01:21.619315,0.40,-0.21,0.57,178.59,-11.84,124.63,93.93,39.27,-47.07,1
x,2022-10-17 10:01:21.628643,0.35,-0.30,0.28,111.76,-19.53,128.66,92.31,42.76,-46.50,1
x,2022-10-17 10:01:21.637139,0.40,-0.24,0.25,-138.12,-31.62,166.32,92.31,42.76,-46.50,1
x,2022-10-17 10:01:21.644586,0.54,-0.23,0.07,-138.12,-31.62,166.32,92.31,42.76,-46.50,1
x,2022-10-17 10:01:21.653037,0.64,-0.23,-0.04,-164.86,-14.83,197.20,92.31,42.76,-46.50,1
x,2022-10-17 10:01:21.660564,0.67,-0.28,0.14,-164.86,-14.83,197.20,92.31,42.76,-46.50,1
x,2022-10-17 10:01:21.668910,0.66,-0.93,0.73,-170.35,63.17,199.40,92.31,42.76,-46.50,1
x,2022-10-17 10:01:21.678128,0.63,-1.32,1.72,-246.22,84.35,177.67,92.65,36.35,-45.75,1
x,2022-10-17 10:01:21.686508,0.56,-0.63,1.03,-340.27,55.48,36.50,92.65,36.35,-45.75,1
x,2022-10-17 10:01:21.693749,0.83,0.39,1.23,-340.27,55.48,36.50,92.65,36.35,-45.75,1
x,2022-10-17 10:01:21.702197,0.87,0.50,1.41,-259.83,59.81,-3.78,92.65,36.35,-45.75,1
x,2022-10-17 10:01:21.710593,0.60,0.22,1.31,-67.50,50.66,-25.15,92.65,36.35,-45.75,1
x,2022-10-17 10:01:21.718942,0.53,0.19,1.17,-16.78,30.70,-30.94,92.65,36.35,-45.75,1
x,2022-10-17 10:01:21.728295,0.50,0.34,0.98,-1.16,7.69,-23.13,93.96,33.06,-45.25,1
x,2022-10-17 10:01:21.736627,0.52,0.44,0.94,-10.31,-34.97,57.07,93.96,33.06,-45.25,1
x,2022-10-17 10:01:21.743981,0.52,0.58,0.84,-10.31,-34.97,57.07,93.96,33.06,-45.25,1
x,2022-10-17 10:01:21.752214,0.55,0.68,0.75,6.96,-54.26,103.39,93.96,33.06,-45.25,1
x,2022-10-17 10:01:21.760492,0.65,0.56,0.73,74.28,-60.36,138.24,93.96,33.06,-45.25,1
x,2022-10-17 10:01:21.768684,0.73,0.37,0.73,140.75,-60.97,155.40,93.96,33.06,-45.25,1
x,2022-10-17 10:01:21.777919,0.70,0.18,0.59,170.29,-60.91,157.17,91.25,33.64,-45.52,1
x,2022-10-17 10:01:21.786360,0.75,0.06,0.58,174.07,-56.40,126.89,91.25,33.64,-45.52,1
x,2022-10-17 10:01:21.793655,0.74,0.02,0.51,174.07,-56.40,126.89,91.25,33.64,-45.52,1
x,2022-10-17 10:01:21.801899,0.72,0.01,0.47,163.39,-37.84,108.89,91.25,33.64,-45.52,1
x,2022-10-17 10:01:21.810181,0.69,0.04,0.45,140.26,-27.71,96.62,91.25,33.64,-45.52,1
x,2022-10-17 10:01:21.818493,0.70,0.03,0.46,108.40,-18.31,89.54,91.25,33.64,-45.52,1
x,2022-10-17 10:01:21.827920,0.64,-0.01,0.49,79.35,-8.24,84.11,89.53,36.88,-45.78,1
x,2022-10-17 10:01:21.836137,0.64,-0.05,0.49,56.40,0.85,57.50,89.53,36.88,-45.78,1
x,2022-10-17 10:01:21.843600,0.75,-0.01,0.52,56.40,0.85,57.50,89.53,36.88,-45.78,1
x,2022-10-17 10:01:21.851724,0.69,0.11,0.56,2.87,18.74,40.34,89.53,36.88,-45.78,1
x,2022-10-17 10:01:21.860009,0.49,0.17,0.53,-15.81,32.71,23.13,89.53,36.88,-45.78,1
x,2022-10-17 10:01:21.868356,0.27,0.16,0.48,-33.94,51.88,10.86,89.53,36.88,-45.78,1
x,2022-10-17 10:01:21.877687,0.45,0.23,0.50,-87.40,67.38,15.08,90.09,35.68,-45.91,1
x,2022-10-17 10:01:21.885940,0.65,0.31,0.51,-128.05,75.13,22.09,90.09,35.68,-45.91,1
x,2022-10-17 10:01:21.893360,0.68,0.28,0.54,-128.05,75.13,22.09,90.09,35.68,-45.91,1
x,2022-10-17 10:01:21.901707,0.59,0.31,0.58,-154.54,67.02,6.10,90.09,35.68,-45.91,1
x,2022-10-17 10:01:21.909931,0.52,0.43,0.70,-183.78,55.36,-0.92,90.09,35.68,-45.91,1
x,2022-10-17 10:01:21.918178,0.51,0.57,0.68,-177.49,41.69,-5.31,90.09,35.68,-45.91,1
x,2022-10-17 10:01:21.927553,0.58,0.66,0.63,-148.44,26.67,-5.74,91.24,32.26,-43.91,1
x,2022-10-17 10:01:21.935785,0.65,0.74,0.59,-117.07,16.11,14.77,91.24,32.26,-43.91,1
x,2022-10-17 10:01:21.942470,0.60,0.75,0.54,0.00,0.00,0.00,0.00,0.00,ovf,1
x,2022-10-17 10:01:21.950271,0.52,0.74,0.47,-70.31,20.26,10.31,0.00,0.00,ovf,1
x,2022-10-17 10:01:21.958432,0.51,0.66,0.52,-49.93,31.74,5.49,0.00,0.00,ovf,1
x,2022-10-17 10:01:21.966286,0.62,0.49,0.58,-12.15,42.48,-9.89,0.00,0.00,ovf,1
x,2022-10-17 10:01:21.975660,0.84,0.43,0.60,-25.02,41.44,-14.71,91.60,30.55,-42.88,1
x,2022-10-17 10:01:21.983927,0.65,0.21,0.45,-73.85,18.80,28.81,91.60,30.55,-42.88,1
x,2022-10-17 10:01:21.992161,0.67,-0.07,0.72,-74.22,17.94,25.45,91.60,30.55,-42.88,1
x,2022-10-17 10:01:22.000693,0.73,-0.00,0.69,-92.65,7.93,-7.75,91.60,30.55,-42.88,1
x,2022-10-17 10:01:22.009209,0.60,0.28,0.63,-179.69,-15.56,-22.22,91.60,30.55,-42.88,1
x,2022-10-17 10:01:22.017668,0.52,0.45,0.54,-242.98,-32.71,-27.53,91.60,30.55,-42.88,1
x,2022-10-17 10:01:22.027118,0.36,0.62,0.52,-227.42,-35.83,-32.90,90.91,27.80,-41.14,1
x,2022-10-17 10:01:22.035643,-0.34,0.38,0.17,-165.41,-32.53,-36.07,90.91,27.80,-41.14,1
x,2022-10-17 10:01:22.044012,0.08,0.19,0.11,-131.96,-17.03,-29.24,90.91,27.80,-41.14,1
x,2022-10-17 10:01:22.052022,0.53,0.36,0.04,-137.51,0.49,-22.89,0.00,0.00,ovf,1
x,2022-10-17 10:01:22.060140,0.84,0.69,-0.02,-119.57,15.32,-25.70,0.00,0.00,ovf,1
x,2022-10-17 10:01:22.068109,1.09,0.99,0.14,-90.09,37.96,-26.25,0.00,0.00,ovf,1
x,2022-10-17 10:01:22.077508,1.15,0.94,0.41,-37.60,57.07,-17.82,91.88,25.27,-39.79,1
x,2022-10-17 10:01:22.085777,1.21,0.81,0.66,-9.83,62.81,24.35,91.88,25.27,-39.79,1
x,2022-10-17 10:01:22.093134,1.03,0.63,0.71,-9.83,62.81,24.35,91.88,25.27,-39.79,1
x,2022-10-17 10:01:22.101194,0.91,0.44,0.66,36.68,31.31,48.52,91.88,25.27,-39.79,1
x,2022-10-17 10:01:22.109485,0.86,0.43,0.48,48.58,14.71,65.61,91.88,25.27,-39.79,1
x,2022-10-17 10:01:22.117552,0.82,0.38,0.26,41.63,6.47,74.52,0.00,0.00,0.00,1
x,2022-10-17 10:01:22.126663,0.68,0.49,0.24,28.02,8.91,74.95,90.03,25.78,-40.44,1
x,2022-10-17 10:01:22.134758,0.62,0.58,0.23,20.08,15.87,73.06,90.03,25.78,-40.44,1
x,2022-10-17 10:01:22.142942,0.58,0.57,0.21,39.18,22.95,70.01,90.03,25.78,-40.44,1
x,2022-10-17 10:01:22.151125,0.62,0.53,0.20,79.53,28.93,65.37,90.03,25.78,-40.44,1
x,2022-10-17 10:01:22.159219,0.69,0.57,0.15,133.97,34.85,59.94,90.03,25.78,-40.44,1
x,2022-10-17 10:01:22.167394,0.75,0.53,0.20,193.66,43.46,59.57,90.03,25.78,-40.44,1
x,2022-10-17 10:01:22.176666,0.82,0.48,0.35,240.54,48.89,69.03,90.16,28.70,-43.21,1
x,2022-10-17 10:01:22.184668,0.95,0.43,0.51,261.05,42.42,90.21,0.00,0.00,0.00,1
x,2022-10-17 10:01:22.192636,1.10,0.21,0.63,236.76,20.08,113.22,0.00,0.00,0.00,1
x,2022-10-17 10:01:22.200855,1.00,0.07,0.77,159.79,-0.61,108.89,0.00,0.00,0.00,1
x,2022-10-17 10:01:22.209026,0.69,0.16,0.67,76.90,-17.52,79.59,0.00,0.00,0.00,1
x,2022-10-17 10:01:22.217180,0.52,0.37,0.46,12.76,-23.62,54.50,0.00,0.00,0.00,1
x,2022-10-17 10:01:22.226506,0.60,0.48,0.36,-4.52,-15.63,41.38,88.18,31.09,-42.38,1
x,2022-10-17 10:01:22.234737,0.59,0.60,0.30,-28.63,-6.35,33.81,88.18,31.09,-42.38,1
x,2022-10-17 10:01:22.243031,0.61,0.71,0.25,-2.99,8.00,27.89,88.18,31.09,-42.38,1
x,2022-10-17 10:01:22.251271,0.61,0.68,0.29,74.22,29.05,26.49,88.18,31.09,-42.38,1
x,2022-10-17 10:01:22.259578,0.64,0.60,0.42,141.85,45.23,32.90,88.18,31.09,-42.38,1
x,2022-10-17 10:01:22.267744,0.77,0.49,0.61,173.03,49.26,48.16,88.18,31.09,-42.38,1
x,2022-10-17 10:01:22.276996,0.87,0.36,0.73,179.44,41.81,64.88,88.31,33.31,-43.71,1
x,2022-10-17 10:01:22.285267,0.88,0.27,0.77,172.42,28.50,75.07,88.31,33.31,-43.71,1
x,2022-10-17 10:01:22.293673,0.84,0.21,0.77,145.81,12.88,78.61,88.31,33.31,-43.71,1
x,2022-10-17 10:01:22.302020,0.77,0.27,0.71,110.47,-0.37,77.33,88.31,33.31,-43.71,1
x,2022-10-17 10:01:22.310308,0.71,0.36,0.61,85.75,-6.65,76.17,88.31,33.31,-43.71,1
x,2022-10-17 10:01:22.318710,0.73,0.42,0.51,62.01,-8.12,80.26,88.31,33.31,-43.71,1
x,2022-10-17 10:01:22.327948,0.72,0.41,0.50,20.94,-5.68,89.90,87.28,34.86,-43.42,1
x,2022-10-17 10:01:22.336175,0.65,0.36,0.52,-27.71,4.39,96.74,87.28,34.86,-43.42,1
x,2022-10-17 10:01:22.343503,0.55,0.32,0.60,-27.71,4.39,96.74,87.28,34.86,-43.42,1
x,2022-10-17 10:01:22.351724,0.58,0.26,0.63,-23.62,1.59,82.34,87.28,34.86,-43.42,1
x,2022-10-17 10:01:22.360115,0.62,0.28,0.67,-28.81,-1.59,64.76,87.28,34.86,-43.42,1
x,2022-10-17 10:01:22.368496,0.67,0.37,0.66,-51.94,-2.50,53.16,87.28,34.86,-43.42,1
x,2022-10-17 10:01:22.377769,0.67,0.51,0.65,-79.04,-5.86,53.53,86.57,33.46,-42.72,1
x,2022-10-17 10:01:22.386191,0.55,0.68,0.70,-75.74,-14.89,65.00,86.57,33.46,-42.72,1
x,2022-10-17 10:01:22.393555,0.52,0.75,0.68,-75.74,-14.89,65.00,86.57,33.46,-42.72,1
x,2022-10-17 10:01:22.401939,0.50,0.79,0.62,-50.23,-20.26,72.69,86.57,33.46,-42.72,1
x,2022-10-17 10:01:22.410201,0.47,0.75,0.58,-25.63,-23.56,82.52,86.57,33.46,-42.72,1
x,2022-10-17 10:01:22.418654,0.46,0.66,0.56,7.45,-24.54,88.13,86.57,33.46,-42.72,1
x,2022-10-17 10:01:22.427932,0.41,0.53,0.57,32.71,-26.43,88.01,84.01,33.62,-42.46,1
x,2022-10-17 10:01:22.436178,0.41,0.38,0.62,60.36,-32.04,74.28,84.01,33.62,-42.46,1
x,2022-10-17 10:01:22.443567,0.43,0.26,0.72,60.36,-32.04,74.28,84.01,33.62,-42.46,1
x,2022-10-17 10:01:22.451936,0.43,0.28,0.81,40.53,-35.71,67.32,84.01,33.62,-42.46,1
x,2022-10-17 10:01:22.460207,0.35,0.34,0.83,2.87,-41.02,66.16,84.01,33.62,-42.46,1
x,2022-10-17 10:01:22.468701,0.29,0.47,0.84,-24.35,-42.91,65.49,84.01,33.62,-42.46,1
x,2022-10-17 10:01:22.477863,0.26,0.62,0.78,-34.18,-43.40,69.27,81.37,33.02,-43.60,1
x,2022-10-17 10:01:22.485170,0.25,0.65,0.73,-34.18,-43.40,69.27,81.37,33.02,-43.60,1
x,2022-10-17 10:01:22.493660,0.25,0.61,0.69,-10.01,-35.28,86.43,81.37,33.02,-43.60,1
x,2022-10-17 10:01:22.501922,0.26,0.53,0.69,2.99,-29.05,108.40,81.37,33.02,-43.60,1
x,2022-10-17 10:01:22.510170,0.27,0.50,0.68,11.41,-23.68,96.25,81.37,33.02,-43.60,1
x,2022-10-17 10:01:22.518478,0.27,0.44,0.73,12.02,-19.10,96.31,81.37,33.02,-43.60,1
x,2022-10-17 10:01:22.527711,0.21,0.35,0.72,5.31,-19.71,91.19,78.67,33.23,-43.20,1
x,2022-10-17 10:01:22.536088,0.12,0.34,0.77,-18.01,-24.35,52.19,78.67,33.23,-43.20,1
x,2022-10-17 10:01:22.543371,0.07,0.40,0.81,-18.01,-24.35,52.19,78.67,33.23,-43.20,1
x,2022-10-17 10:01:22.551628,0.11,0.43,0.80,-27.83,-26.12,30.58,78.67,33.23,-43.20,1
x,2022-10-17 10:01:22.559958,0.10,0.74,0.59,-36.68,-25.76,11.29,78.67,33.23,-43.20,1
x,2022-10-17 10:01:22.568330,0.07,0.71,0.59,-40.65,-19.96,3.85,78.67,33.23,-43.20,1
x,2022-10-17 10:01:22.577664,0.20,0.73,0.72,-20.32,-12.63,0.31,77.64,32.45,-42.30,1
x,2022-10-17 10:01:22.585894,0.23,0.82,0.62,-13.24,-10.13,7.39,77.64,32.45,-42.30,1
x,2022-10-17 10:01:22.592826,0.24,0.85,0.56,0.00,0.00,0.00,0.00,0.00,0.00,1
x,2022-10-17 10:01:22.600934,0.20,0.80,0.58,3.05,-5.49,18.55,0.00,0.00,0.00,1
x,2022-10-17 10:01:22.609118,0.21,0.56,0.76,17.82,-3.05,29.24,0.00,0.00,0.00,1
x,2022-10-17 10:01:22.617192,0.14,0.65,0.69,10.62,-6.71,32.71,0.00,0.00,0.00,1
x,2022-10-17 10:01:22.626638,0.01,0.65,0.69,-0.18,-8.79,32.96,76.28,32.74,-42.32,1
x,2022-10-17 10:01:22.635046,-0.06,0.63,0.70,6.96,-5.55,27.04,76.28,32.74,-42.32,1
x,2022-10-17 10:01:22.643440,-0.00,0.66,0.69,12.45,-2.20,16.30,0.00,0.00,0.00,1
x,2022-10-17 10:01:22.651543,0.02,0.61,0.69,25.21,-1.40,5.19,0.00,0.00,0.00,1
x,2022-10-17 10:01:22.659842,0.08,0.47,0.70,34.36,-2.50,-6.77,0.00,0.00,0.00,1
x,2022-10-17 10:01:22.668100,0.15,0.39,0.71,29.85,-5.68,-19.23,0.00,0.00,0.00,1
x,2022-10-17 10:01:22.677455,0.20,0.44,0.62,4.88,-10.56,-29.66,76.03,32.03,-42.10,1
x,2022-10-17 10:01:22.685814,0.21,0.58,0.66,-22.22,-15.20,-31.19,76.03,32.03,-42.10,1
x,2022-10-17 10:01:22.693161,0.22,0.60,0.66,-22.22,-15.20,-31.19,76.03,32.03,-42.10,1
x,2022-10-17 10:01:22.701744,0.23,0.66,0.63,-25.57,-17.27,-23.50,76.03,32.03,-42.10,1
x,2022-10-17 10:01:22.710171,0.20,0.74,0.61,-23.93,-16.24,-7.51,76.03,32.03,-42.10,1
x,2022-10-17 10:01:22.717718,0.14,0.72,0.63,-23.93,-16.24,-7.51,76.03,32.03,-42.10,1
x,2022-10-17 10:01:22.727162,0.15,0.74,0.64,-4.21,-7.39,-3.66,76.26,31.47,-42.08,1
x,2022-10-17 10:01:22.735581,0.19,0.71,0.59,22.16,-2.14,-2.56,76.26,31.47,-42.08,1
x,2022-10-17 10:01:22.742967,0.24,0.68,0.61,22.16,-2.14,-2.56,76.26,31.47,-42.08,1
x,2022-10-17 10:01:22.751263,0.29,0.61,0.60,23.01,-2.44,-3.97,76.26,31.47,-42.08,1
x,2022-10-17 10:01:22.759708,0.32,0.61,0.59,18.25,-4.70,-5.86,76.26,31.47,-42.08,1
x,2022-10-17 10:01:22.768167,0.35,0.59,0.62,8.67,-7.57,-7.14,76.26,31.47,-42.08,1
x,2022-10-17 10:01:22.777639,0.34,0.62,0.65,-4.03,-10.86,-7.81,75.50,30.85,-41.20,1
x,2022-10-17 10:01:22.786031,0.36,0.66,0.65,-21.85,-17.70,-4.21,75.50,30.85,-41.20,1
x,2022-10-17 10:01:22.794606,0.36,0.70,0.64,-26.43,-20.39,0.73,75.50,30.85,-41.20,1
x,2022-10-17 10:01:22.802934,0.33,0.68,0.65,-29.30,-21.30,4.58,75.50,30.85,-41.20,1
