K,2022-11-09 16:26:38.868959,-0.10,0.25,0.93,-47.73,24.23,-7.02,-28.59,53.59,-45.85,1
K,2022-11-09 16:26:38.887037,-0.05,0.34,0.91,-54.81,33.94,-5.98,-27.91,51.72,-48.29,1
K,2022-11-09 16:26:38.905760,-0.01,0.41,0.87,-53.34,32.65,-10.80,-27.91,51.72,-48.29,1
K,2022-11-09 16:26:38.926212,-0.05,0.53,0.78,-57.50,30.64,-14.95,-27.91,51.72,-48.29,1
K,2022-11-09 16:26:38.948690,-0.05,0.56,0.76,-51.45,33.69,-14.65,-26.90,50.43,-52.77,1
K,2022-11-09 16:26:38.965763,0.04,0.48,0.76,-43.64,31.37,-14.28,-26.90,50.43,-52.77,1
K,2022-11-09 16:26:38.986091,0.06,0.45,0.72,-52.86,20.39,-13.92,-26.15,49.40,-55.53,1
K,2022-11-09 16:26:39.004986,-0.37,0.73,0.92,-30.03,1.65,-12.94,-26.15,49.40,-55.53,1
K,2022-11-09 16:26:39.025843,-0.08,0.39,0.53,91.74,14.22,-6.29,-26.15,49.40,-55.53,1
K,2022-11-09 16:26:39.045248,-0.17,0.23,0.86,62.13,28.14,-9.52,-25.88,52.04,-51.98,1
K,2022-11-09 16:26:39.064043,-0.10,0.63,1.04,-11.41,-42.66,14.77,-25.88,52.04,-51.98,1
K,2022-11-09 16:26:39.082981,-0.05,0.64,0.74,98.33,-102.72,42.60,-25.88,52.04,-51.98,1
K,2022-11-09 16:26:39.103749,-0.07,0.30,0.72,129.27,-108.89,53.59,-27.89,54.31,-48.08,1
K,2022-11-09 16:26:39.121806,-0.15,0.20,0.73,97.47,-103.33,39.98,-27.89,54.31,-48.08,1
K,2022-11-09 16:26:39.143231,-0.23,0.29,0.78,25.02,-75.62,29.91,-29.52,58.76,-41.19,1
K,2022-11-09 16:26:39.164288,-0.28,0.34,0.88,-4.09,-44.92,30.09,-29.52,58.76,-41.19,1
K,2022-11-09 16:26:39.180786,-0.29,0.39,0.93,-32.59,-10.99,28.93,-29.52,58.76,-41.19,1
K,2022-11-09 16:26:39.200194,-0.31,0.45,1.02,-56.27,31.19,23.74,-28.49,58.48,-41.60,1
K,2022-11-09 16:26:39.219476,-0.40,0.62,0.99,-62.74,43.21,15.75,-28.49,58.48,-41.60,1
K,2022-11-09 16:26:39.240767,-0.32,0.42,1.06,-5.86,79.90,-0.37,-27.01,57.42,-43.52,1
K,2022-11-09 16:26:39.257929,-0.03,0.54,1.06,-13.49,85.63,-47.61,-27.01,57.42,-43.52,1
K,2022-11-09 16:26:39.277034,0.02,0.63,0.94,-23.62,74.46,-58.17,-27.01,57.42,-43.52,1
K,2022-11-09 16:26:39.297251,0.08,0.57,0.91,-6.59,70.13,-49.32,-28.53,54.43,-47.63,1
K,2022-11-09 16:26:39.315418,0.20,0.31,0.86,-15.99,46.45,-49.01,-28.53,54.43,-47.63,1
K,2022-11-09 16:26:39.335499,0.21,0.25,0.70,-60.61,27.10,-54.32,-28.53,54.43,-47.63,1
K,2022-11-09 16:26:39.353440,0.09,0.35,0.71,-88.56,6.35,-45.78,-31.23,53.04,-51.35,1
K,2022-11-09 16:26:39.372078,-0.28,0.87,0.94,-20.81,-7.20,3.42,-31.23,53.04,-51.35,1
K,2022-11-09 16:26:39.393088,-0.05,-0.17,0.91,103.33,-10.99,7.63,-33.28,54.97,-50.18,1
K,2022-11-09 16:26:39.414112,-0.09,0.10,0.81,7.63,-9.34,-14.83,-33.28,54.97,-50.18,1
K,2022-11-09 16:26:39.432258,-0.15,0.65,0.90,-69.34,-1.10,33.69,-33.28,54.97,-50.18,1
K,2022-11-09 16:26:39.451804,-0.04,0.41,0.97,-1.53,-4.27,58.23,-31.07,53.97,-50.34,1
K,2022-11-09 16:26:39.472033,-0.04,0.31,0.74,4.09,-14.34,38.33,-31.07,53.97,-50.34,1
K,2022-11-09 16:26:39.493820,-0.07,0.50,0.66,-43.95,-2.87,-6.77,-28.96,53.36,-51.53,1
K,2022-11-09 16:26:39.512237,-0.09,0.73,0.73,-39.67,5.37,-8.73,-28.96,53.36,-51.53,1
K,2022-11-09 16:26:39.531208,-0.08,0.70,0.84,-13.00,11.54,1.22,-28.96,53.36,-51.53,1
K,2022-11-09 16:26:39.550026,-0.06,0.57,0.90,10.50,9.46,15.93,-28.75,52.89,-51.50,1
K,2022-11-09 16:26:39.569357,-0.07,0.37,0.90,17.15,5.86,16.17,-28.75,52.89,-51.50,1
K,2022-11-09 16:26:39.587643,-0.07,0.31,0.87,9.03,2.50,8.42,-28.75,52.89,-51.50,1
K,2022-11-09 16:26:39.608220,-0.08,0.39,0.83,-4.15,0.98,1.28,-28.63,53.52,-50.34,1
K,2022-11-09 16:26:39.628006,-0.08,0.44,0.78,1.95,2.99,7.51,-28.63,53.52,-50.34,1
K,2022-11-09 16:26:39.649259,-0.07,0.44,0.79,9.09,7.75,1.59,-28.09,52.99,-50.13,1
K,2022-11-09 16:26:39.667149,-0.07,0.48,0.86,-6.41,8.73,-1.53,-28.09,52.99,-50.13,1
K,2022-11-09 16:26:39.684871,-0.06,0.52,0.82,-13.37,8.24,0.24,-28.09,52.99,-50.13,1
K,2022-11-09 16:26:39.705325,-0.07,0.56,0.76,-14.59,9.28,2.75,-28.08,52.94,-51.07,1
K,2022-11-09 16:26:39.725328,-0.10,0.62,0.72,-11.60,15.93,6.71,-28.08,52.94,-51.07,1
K,2022-11-09 16:26:39.743644,-0.06,0.51,0.83,1.10,-14.95,13.12,-28.42,53.28,-51.39,1
K,2022-11-09 16:26:39.764213,-0.08,0.63,0.69,10.74,-40.83,0.12,-28.42,53.28,-51.39,1
K,2022-11-09 16:26:39.782033,-0.09,0.63,0.71,35.16,-54.50,-3.17,-28.42,53.28,-51.39,1
K,2022-11-09 16:26:39.801222,-0.12,0.52,0.65,60.36,-71.78,4.52,-32.10,54.96,-47.49,1
K,2022-11-09 16:26:39.821973,-0.14,0.32,0.74,66.16,-70.01,7.57,-32.10,54.96,-47.49,1
K,2022-11-09 16:26:39.840429,-0.20,0.27,0.75,43.70,-62.07,5.62,-32.10,54.96,-47.49,1
K,2022-11-09 16:26:39.859942,-0.21,0.22,0.87,4.03,-34.30,7.57,-36.44,57.58,-42.65,1
