b,2022-10-30 15:27:44.056543,0.18,-0.10,0.95,1.16,-3.42,-19.78,-70.41,18.37,-133.14,1
b,2022-10-30 15:27:44.076545,0.16,-0.13,0.95,-27.10,3.72,-20.81,-73.34,12.08,-130.96,1
b,2022-10-30 15:27:44.096552,0.11,-0.07,1.02,-39.49,3.60,-15.56,-73.34,12.08,-130.96,1
b,2022-10-30 15:27:44.116564,0.06,0.02,1.09,-35.40,-0.49,-8.79,-76.23,7.54,-130.79,1
b,2022-10-30 15:27:44.136572,-0.01,0.05,1.11,-25.39,5.68,-6.10,-76.23,7.54,-130.79,1
b,2022-10-30 15:27:44.156596,0.04,0.05,1.03,-16.78,12.15,-4.52,-76.23,7.54,-130.79,1
b,2022-10-30 15:27:44.176458,0.11,0.03,0.94,-8.12,11.60,-2.44,-77.15,6.95,-131.14,1
b,2022-10-30 15:27:44.196491,0.13,0.04,0.85,-8.97,4.39,2.62,-77.15,6.95,-131.14,1
b,2022-10-30 15:27:44.216484,0.16,0.13,0.75,-7.69,-1.28,8.18,-78.05,7.07,-133.36,1
b,2022-10-30 15:27:44.236514,0.05,0.23,0.87,-13.24,-16.24,-4.21,-78.05,7.07,-133.36,1
b,2022-10-30 15:27:44.256565,-0.06,0.34,0.99,-9.34,-2.44,-4.64,-78.05,7.07,-133.36,1
b,2022-10-30 15:27:44.276549,0.06,0.02,0.78,29.66,17.52,9.95,-79.00,8.04,-133.29,1
b,2022-10-30 15:27:44.296513,0.06,0.12,0.80,20.75,-4.76,-15.20,-79.00,8.04,-133.29,1
b,2022-10-30 15:27:44.316465,0.09,0.08,0.84,30.46,-25.63,-0.61,-79.14,7.95,-130.59,1
b,2022-10-30 15:27:44.336457,0.08,0.10,0.77,15.87,-27.34,1.22,-79.14,7.95,-130.59,1
b,2022-10-30 15:27:44.366493,0.03,0.09,0.87,24.84,-31.07,7.39,-80.33,5.96,-126.16,1
b,2022-10-30 15:27:44.386572,0.04,0.13,0.94,24.78,-31.62,7.08,-80.33,5.96,-126.16,1
b,2022-10-30 15:27:44.406557,0.05,0.11,1.04,23.07,-31.25,5.80,-80.33,5.96,-126.16,1
b,2022-10-30 15:27:44.426537,0.09,0.11,1.03,18.62,-28.14,5.98,-82.21,3.66,-121.84,1
b,2022-10-30 15:27:44.446531,0.09,0.12,1.13,7.02,-21.73,4.58,-82.21,3.66,-121.84,1
b,2022-10-30 15:27:44.466569,0.09,0.20,1.17,1.53,-11.60,2.75,-84.07,1.04,-118.19,1
b,2022-10-30 15:27:44.486533,0.10,0.19,1.21,0.18,3.36,0.31,-84.07,1.04,-118.19,1
b,2022-10-30 15:27:44.506546,0.08,0.13,1.21,8.67,10.86,5.98,-84.73,-0.71,-116.82,1
b,2022-10-30 15:27:44.526537,0.08,0.13,1.11,30.21,0.98,13.61,-84.73,-0.71,-116.82,1
b,2022-10-30 15:27:44.546462,0.05,0.10,1.07,49.99,-20.14,12.39,-84.73,-0.71,-116.82,1
b,2022-10-30 15:27:44.566533,0.04,0.00,1.02,66.16,-40.41,7.32,-84.00,1.50,-115.88,1
b,2022-10-30 15:27:44.586538,0.00,0.02,1.04,66.53,-45.78,3.78,-84.00,1.50,-115.88,1
b,2022-10-30 15:27:44.616538,0.04,-0.14,1.39,-141.48,85.45,-17.82,-83.98,3.53,-117.86,1
b,2022-10-30 15:27:44.636567,0.02,0.23,0.85,-139.22,79.83,-39.61,-83.98,3.53,-117.86,1
b,2022-10-30 15:27:44.656563,0.04,0.18,0.97,44.43,-4.58,5.25,-83.98,3.53,-117.86,1
b,2022-10-30 15:27:44.676494,0.04,0.12,0.92,24.35,11.54,-0.24,-81.87,2.59,-119.71,1
b,2022-10-30 15:27:44.696516,-0.00,0.08,0.85,8.06,11.90,-7.75,-81.87,2.59,-119.71,1
b,2022-10-30 15:27:44.716561,0.01,0.12,0.88,24.60,5.92,-1.89,-79.91,2.58,-118.70,1
b,2022-10-30 15:27:44.736530,0.01,0.10,0.82,12.08,8.85,-10.25,-79.91,2.58,-118.70,1
b,2022-10-30 15:27:44.756542,0.01,0.08,0.78,6.35,5.55,-19.65,-79.91,2.58,-118.70,1
b,2022-10-30 15:27:44.776459,0.03,0.09,0.80,11.23,-3.48,-23.62,-78.49,-0.51,-117.35,1
b,2022-10-30 15:27:44.796546,0.00,-0.01,0.83,9.34,-9.58,-27.95,-78.49,-0.51,-117.35,1
b,2022-10-30 15:27:44.816508,0.05,-0.04,0.84,19.53,-15.93,-24.54,-76.09,-4.85,-115.64,1
b,2022-10-30 15:27:44.836544,0.03,-0.21,0.95,34.55,-22.16,-14.22,-76.09,-4.85,-115.64,1
b,2022-10-30 15:27:44.856471,0.05,-0.29,0.98,30.46,-20.39,-8.12,-76.09,-4.85,-115.64,1
b,2022-10-30 15:27:44.876458,0.05,-0.32,0.98,11.96,-15.63,-2.87,-74.24,-7.84,-110.58,1
b,2022-10-30 15:27:44.896457,0.05,-0.28,1.03,-7.51,-13.31,2.81,-74.24,-7.84,-110.58,1
b,2022-10-30 15:27:44.916472,0.05,-0.18,1.08,-15.50,-11.72,8.61,-76.18,-8.00,-108.50,1
b,2022-10-30 15:27:44.936594,0.03,-0.16,1.08,-7.81,-14.28,24.78,-76.18,-8.00,-108.50,1
b,2022-10-30 15:27:44.956475,0.01,-0.00,1.09,-19.53,-12.27,29.54,-76.18,-8.00,-108.50,1
b,2022-10-30 15:27:44.976475,-0.00,0.22,1.08,-33.51,-8.06,26.37,-81.19,-3.70,-110.78,1
b,2022-10-30 15:27:44.996563,-0.02,0.39,1.05,-42.97,-5.55,17.94,-81.19,-3.70,-110.78,1
b,2022-10-30 15:27:45.016563,-0.00,0.53,1.07,-71.47,-15.32,-32.17,-84.56,-0.45,-115.09,1
b,2022-10-30 15:27:45.036460,-0.04,0.42,1.00,17.27,-22.03,23.07,-84.56,-0.45,-115.09,1
b,2022-10-30 15:27:45.056459,-0.31,0.43,1.08,58.23,18.43,33.39,-83.58,0.17,-112.57,1
b,2022-10-30 15:27:45.086461,-0.21,0.48,1.16,-12.63,41.81,-25.70,-83.58,0.17,-112.57,1
b,2022-10-30 15:27:45.096460,-0.08,0.14,1.04,64.15,33.63,-18.07,-83.58,0.17,-112.57,1
b,2022-10-30 15:27:45.126457,0.07,0.11,0.97,47.61,35.83,-25.33,-75.40,-1.18,-112.99,1
b,2022-10-30 15:27:45.136458,0.13,-0.03,0.94,12.70,35.16,-37.23,-75.40,-1.18,-112.99,1
b,2022-10-30 15:27:45.166475,0.20,-0.02,0.89,0.73,31.19,-33.57,-66.99,-1.87,-112.52,1
b,2022-10-30 15:27:45.186493,0.25,-0.03,0.86,-8.24,21.97,-29.97,-66.99,-1.87,-112.52,1
b,2022-10-30 15:27:45.206560,0.23,-0.05,0.87,-20.08,20.14,-28.44,-66.99,-1.87,-112.52,1
b,2022-10-30 15:27:45.226540,0.28,-0.13,0.84,-7.63,13.79,-16.24,-61.33,-4.42,-111.21,1
b,2022-10-30 15:27:45.246495,0.27,-0.15,0.85,-11.66,4.52,-10.38,-61.33,-4.42,-111.21,1
b,2022-10-30 15:27:45.266603,0.13,-0.13,0.97,-28.44,-3.60,-8.12,-59.52,-7.17,-111.12,1
b,2022-10-30 15:27:45.296555,-0.03,-0.06,1.09,-24.48,-1.46,-2.81,-59.52,-7.17,-111.12,1
