s,2022-10-11 12:48:34.664323,-0.047886,9.337862,0.009577,-0.144634,-0.255575,-0.091963,15.111036,-133.368347,-114.534606,1
s,2022-10-11 12:48:34.776197,-0.617735,10.793612,1.470115,-0.186713,-0.131071,0.366108,15.111036,-133.368347,-114.534606,1
s,2022-10-11 12:48:34.872183,-1.465326,9.802362,1.178007,0.215697,0.169338,0.317637,-3.162775,-154.947845,-123.056533,1
s,2022-10-11 12:48:34.968149,3.160507,9.275610,0.593792,-0.016401,0.468549,0.665851,-4.041323,-162.907501,-113.341545,1
s,2022-10-11 12:48:35.064080,2.423056,9.510254,0.838013,-0.330260,-0.279278,-0.304620,3.865614,-156.716659,-133.282836,1
s,2022-10-11 12:48:35.159883,-0.469287,9.926867,1.201951,-0.324401,-0.177810,-0.195828,-13.002519,-158.131713,-171.120162,1
s,2022-10-11 12:48:35.255782,0.493231,10.041794,1.340821,-0.107616,0.042304,0.172493,-13.002519,-158.131713,-171.120162,1
s,2022-10-11 12:48:35.351773,0.076618,10.209397,1.345610,0.098249,0.670686,0.062503,-17.746681,-146.280670,-208.787048,1
s,2022-10-11 12:48:35.447793,3.280223,10.262072,1.637717,0.339935,0.232323,-0.074785,21.085165,-135.844696,-217.479415,1
s,2022-10-11 12:48:35.544173,2.849245,9.400115,0.699142,0.236336,-0.506183,-0.286909,23.017971,-130.007614,-169.927093,1
