W,2022-11-05 18:50:37.528766,3.217971,6.550869,6.143835,-1.291135,-0.895225,1.118638,17.863821,-0.719238,-22.461557,1
W,2022-11-05 18:50:37.608918,6.249185,7.810284,5.487790,-1.006572,-1.506163,1.667257,-3.930041,37.760017,-49.415428,1
W,2022-11-05 18:50:37.704789,5.267512,5.751165,5.487790,-1.933632,-1.240642,0.948726,28.046197,37.580207,-36.456836,1
W,2022-11-05 18:50:37.800760,9.677857,5.521310,5.803841,-1.609121,-1.983009,1.334757,40.729511,10.069338,-54.944427,1
W,2022-11-05 18:50:37.896708,6.943539,3.639372,5.176528,-0.568209,-0.319440,-0.726295,40.729511,10.069338,-54.944427,1
W,2022-11-05 18:50:37.992627,13.949331,8.442386,7.934789,0.544876,-0.415182,0.730743,34.834449,28.589725,-62.028457,1
W,2022-11-05 18:50:38.088541,1.503635,7.206914,8.337036,1.012668,1.137331,-4.211627,39.836318,42.974494,-73.086456,1
W,2022-11-05 18:50:38.168627,6.364112,2.317705,2.490097,0.163373,4.313599,-4.211627,35.727642,62.933361,-67.039108,1
W,2022-11-05 18:50:38.264515,2.609813,2.135737,-6.225242,-0.426793,2.475590,-4.211627,35.727642,62.933361,-67.039108,1
W,2022-11-05 18:50:38.360467,-4.185278,8.705761,1.446171,-1.398462,-0.669651,3.197932,24.652072,65.810310,-50.106552,1
W,2022-11-05 18:50:38.456487,-2.753472,6.871709,0.368726,-0.019855,0.700566,-1.126175,42.694530,54.841926,-26.435525,1
W,2022-11-05 18:50:38.552467,-4.855689,9.074487,2.140525,-0.274324,-0.124627,0.220873,42.337253,59.157360,-27.126649,1
W,2022-11-05 18:50:38.648336,-5.430326,8.653086,2.097428,0.003448,0.041290,-0.078072,42.337253,59.157360,-27.126649,1
W,2022-11-05 18:50:38.744374,-5.286667,7.412826,1.359976,-0.080576,-0.031016,-0.059962,40.729511,58.977550,-27.299432,1
W,2022-11-05 18:50:38.840270,-5.023291,8.533370,1.805320,-0.203750,-0.105186,0.234189,39.300403,58.977550,-29.027244,1
W,2022-11-05 18:50:38.936297,-4.740761,9.084065,2.020809,-0.098553,-0.070697,0.231392,40.193595,59.516979,-25.744400,1
W,2022-11-05 18:50:39.032221,-5.147796,8.250840,1.719124,-0.104412,-0.049924,0.087713,39.479042,60.955455,-27.817775,1
W,2022-11-05 18:50:39.128114,-5.210048,8.332247,1.834052,-0.163003,-0.088940,0.160951,39.479042,60.955455,-27.817775,1
W,2022-11-05 18:50:39.224111,-5.214837,8.394499,1.834052,-0.140632,-0.101590,0.221139,40.550872,58.438121,-27.817775,1
W,2022-11-05 18:50:39.320080,-5.281878,8.207742,1.699970,-0.104146,-0.066436,0.140710,40.193595,58.797740,-27.817775,1
W,2022-11-05 18:50:39.400234,-5.133430,8.523793,1.853207,-0.157410,-0.100658,0.231659,42.158615,58.977550,-27.644994,1
W,2022-11-05 18:50:39.496412,-4.989770,8.595623,1.891516,-0.158741,-0.087076,0.226865,42.158615,58.977550,-27.644994,1
W,2022-11-05 18:50:39.592441,-5.085544,8.360979,1.757434,-0.098020,-0.045930,0.100496,41.086788,60.056407,-29.027244,1
W,2022-11-05 18:50:39.688221,-5.272301,8.179010,1.752645,-0.159540,-0.094932,0.196771,39.836318,59.157360,-28.508899,1
