A,2022-11-06 14:31:02.685822,-3.806975,9.275610,0.344783,-0.322310,0.676044,1.085345,103.431518,-59.157360,-133.905441,1
A,2022-11-06 14:31:02.782981,0.928998,9.313920,0.924209,-0.380501,0.263115,0.948190,106.647010,-55.201545,-133.214309,1
A,2022-11-06 14:31:02.877780,-1.570676,9.826305,0.316051,0.339895,-0.137164,-1.197152,113.256622,-70.485366,-124.748039,1
A,2022-11-06 14:31:02.973860,-1.393496,9.979541,0.483653,0.329509,-0.696703,-1.118854,111.648880,-63.832408,-132.177627,1
A,2022-11-06 14:31:03.070223,-3.806975,8.983503,0.656045,0.050671,-0.098148,0.013007,98.429649,-58.797740,-142.198944,1
A,2022-11-06 14:31:03.163764,-2.777415,8.102392,-1.283357,-1.891735,0.691757,0.676810,97.179183,-55.740974,-150.665222,1
A,2022-11-06 14:31:03.262761,0.541117,11.052199,3.375996,-0.482635,-0.159136,-1.126843,97.179183,-55.740974,-150.665222,1
A,2022-11-06 14:31:03.357321,-7.599584,5.511733,-0.641679,3.238124,0.730640,-1.552822,96.107353,-57.539070,-157.922027,1
A,2022-11-06 14:31:03.453928,-3.241914,6.081582,-1.053502,0.628187,-0.481649,0.477470,82.530853,-70.844985,-121.292411,1
A,2022-11-06 14:31:03.552331,-7.072832,9.136739,-0.019155,-2.293345,-0.549295,-2.199581,84.495872,-51.245735,-144.272308,1
A,2022-11-06 14:31:03.645316,-6.268340,9.922078,2.265030,-0.022167,0.485492,-0.303381,84.495872,-51.245735,-144.272308,1
A,2022-11-06 14:31:03.741809,-6.483829,7.728877,0.306473,1.818105,2.909006,-0.541338,63.952476,-40.636970,-163.451034,1
A,2022-11-06 14:31:03.838366,-0.751818,7.259590,-0.799704,0.165322,0.684433,1.788564,86.639526,-54.122688,-139.088882,1
A,2022-11-06 14:31:03.933557,-0.004789,9.194204,1.561099,-0.220309,0.660465,-1.646700,86.996803,-71.744033,-138.397750,1
A,2022-11-06 14:31:04.029734,-10.645164,7.072832,-1.743068,0.834318,-0.639843,-1.877999,86.996803,-71.744033,-138.397750,1
A,2022-11-06 14:31:04.139654,-3.328110,9.658702,0.924209,-0.052128,-0.163530,-0.054638,81.816299,-55.381355,-141.335037,1
A,2022-11-06 14:31:04.236860,-5.444692,7.455924,-0.282530,0.499954,0.283888,-0.406314,74.849411,-60.595836,-142.890060,1
