P,2022-10-28 19:52:23.795690,0.20,-0.79,0.97,-5.49,17.21,-14.04,-30.49,-11.99,-70.80,1
P,2022-10-28 19:52:23.817705,0.24,-0.76,0.91,-8.61,22.28,-8.00,-35.35,-11.40,-71.23,1
P,2022-10-28 19:52:23.835673,0.28,-0.71,0.81,-16.66,25.02,-8.48,-35.35,-11.40,-71.23,1
P,2022-10-28 19:52:23.855677,0.27,-0.67,0.78,-23.62,25.09,-8.24,-35.35,-11.40,-71.23,1
P,2022-10-28 19:52:23.878676,0.31,-0.59,0.70,-19.53,24.48,-1.16,-47.86,-11.62,-73.02,1
P,2022-10-28 19:52:23.898669,0.35,-0.57,0.67,-18.43,20.02,2.50,-47.86,-11.62,-73.02,1
P,2022-10-28 19:52:23.920765,0.32,-0.47,0.69,-23.01,20.26,3.05,-61.69,-10.79,-75.76,1
P,2022-10-28 19:52:23.940775,0.28,-0.48,0.62,-25.02,17.52,-1.40,-61.69,-10.79,-75.76,1
P,2022-10-28 19:52:23.961778,0.29,-0.47,0.63,-15.32,9.28,3.11,-74.16,-10.41,-79.22,1
P,2022-10-28 19:52:23.981758,0.30,-0.36,0.63,-7.75,-1.83,7.87,-74.16,-10.41,-79.22,1
P,2022-10-28 19:52:24.001762,0.27,-0.33,0.65,-14.22,-2.99,-1.46,-74.16,-10.41,-79.22,1
P,2022-10-28 19:52:24.022759,0.22,-0.35,0.62,-19.23,-3.97,-11.72,-83.97,-11.88,-78.23,1
P,2022-10-28 19:52:24.042761,0.21,-0.38,0.43,-19.23,-13.67,-12.45,-83.97,-11.88,-78.23,1
P,2022-10-28 19:52:24.063787,-0.02,-0.50,0.73,14.28,-14.34,3.60,-87.88,-19.20,-69.46,1
P,2022-10-28 19:52:24.082755,0.25,-0.26,0.73,35.83,39.06,31.98,-87.88,-19.20,-69.46,1
P,2022-10-28 19:52:24.101847,-0.56,0.28,-1.14,60.30,32.29,35.58,-87.88,-19.20,-69.46,1
P,2022-10-28 19:52:24.121850,0.08,-0.38,0.49,38.02,-19.78,6.04,-78.49,-22.73,-65.58,1
P,2022-10-28 19:52:24.140938,0.24,-0.35,0.85,27.83,-35.77,-5.68,-78.49,-22.73,-65.58,1
P,2022-10-28 19:52:24.160834,0.15,-0.30,0.59,66.53,-33.08,4.21,-52.77,-27.76,-58.17,1
P,2022-10-28 19:52:24.179836,0.22,-0.57,0.69,128.85,-26.79,18.80,-52.77,-27.76,-58.17,1
P,2022-10-28 19:52:24.199838,0.20,-0.70,0.72,122.25,-21.00,20.14,-52.77,-27.76,-58.17,1
P,2022-10-28 19:52:24.220839,0.29,-0.89,0.89,74.65,-15.63,-1.34,-20.17,-28.96,-61.34,1
P,2022-10-28 19:52:24.238919,0.24,-0.69,0.79,23.32,-14.04,-14.83,-20.17,-28.96,-61.34,1
P,2022-10-28 19:52:24.258410,0.31,-1.02,1.00,2.44,-8.18,-23.38,-2.19,-20.24,-65.26,1
P,2022-10-28 19:52:24.278405,0.31,-1.03,1.14,-26.00,-15.99,-17.64,-2.19,-20.24,-65.26,1
P,2022-10-28 19:52:24.296417,0.20,-0.82,0.90,-39.37,-26.92,-18.92,-2.19,-20.24,-65.26,1
P,2022-10-28 19:52:24.316399,0.18,-0.73,0.90,-44.49,-53.28,-40.16,-2.31,-18.55,-65.84,1
P,2022-10-28 19:52:24.335399,0.02,-1.06,1.48,-10.38,-13.55,17.27,-2.31,-18.55,-65.84,1
P,2022-10-28 19:52:24.354535,-0.07,-0.54,0.91,-5.31,72.39,83.62,-2.31,-18.55,-65.84,1
P,2022-10-28 19:52:24.374538,0.27,-0.51,0.73,3.78,84.96,40.71,-23.38,-24.79,-61.15,1
P,2022-10-28 19:52:24.393562,0.32,-0.72,0.58,-42.97,81.54,4.27,-23.38,-24.79,-61.15,1
P,2022-10-28 19:52:24.413804,0.37,-0.65,0.47,-63.54,69.09,10.50,-53.31,-20.54,-67.16,1
P,2022-10-28 19:52:24.432811,0.47,-0.56,0.46,-89.17,43.21,12.82,-53.31,-20.54,-67.16,1
P,2022-10-28 19:52:24.451795,0.46,-0.40,0.40,-98.21,26.18,13.06,-53.31,-20.54,-67.16,1
P,2022-10-28 19:52:24.470917,0.41,-0.30,0.36,-81.30,0.12,8.42,-74.33,-16.00,-71.70,1
P,2022-10-28 19:52:24.492920,0.39,-0.26,0.54,-72.20,-32.71,-4.94,-74.33,-16.00,-71.70,1
P,2022-10-28 19:52:24.513919,0.33,-0.15,0.96,53.41,-23.19,-21.97,-83.41,-18.21,-68.63,1
P,2022-10-28 19:52:24.533919,0.28,-0.54,0.77,57.92,-37.29,19.59,-83.41,-18.21,-68.63,1
P,2022-10-28 19:52:24.553920,0.22,-0.44,0.76,40.47,-33.26,21.06,-83.41,-18.21,-68.63,1
P,2022-10-28 19:52:24.575920,0.24,-0.43,0.80,35.52,-7.26,22.03,-82.92,-19.58,-67.64,1
P,2022-10-28 19:52:24.595931,0.20,0.06,0.90,-32.10,71.41,-42.66,-82.92,-19.58,-67.64,1
P,2022-10-28 19:52:24.615920,0.24,-0.20,0.77,12.63,52.43,-83.62,-80.49,-21.72,-68.55,1
P,2022-10-28 19:52:24.634943,0.31,-0.55,0.63,56.76,32.53,-59.27,-80.49,-21.72,-68.55,1
P,2022-10-28 19:52:24.654920,0.35,-0.24,0.55,104.31,8.30,-19.17,-80.49,-21.72,-68.55,1
P,2022-10-28 19:52:24.674919,0.12,-0.82,0.38,123.11,-8.00,-11.41,-70.87,-26.21,-69.56,1
P,2022-10-28 19:52:24.695342,0.18,-0.97,0.37,110.23,-26.79,-11.47,-70.87,-26.21,-69.56,1
P,2022-10-28 19:52:24.715376,0.14,-0.97,0.34,65.31,-31.19,-18.68,-55.99,-29.00,-68.04,1
P,2022-10-28 19:52:24.734347,0.17,-1.05,0.47,28.75,-34.06,-30.52,-55.99,-29.00,-68.04,1
P,2022-10-28 19:52:24.753343,0.22,-1.08,0.60,-5.07,-31.98,-34.42,-55.99,-29.00,-68.04,1
P,2022-10-28 19:52:24.774357,0.19,-1.07,0.55,-26.12,-20.94,-17.70,-42.20,-28.04,-64.62,1
P,2022-10-28 19:52:24.793341,0.23,-0.95,0.74,-27.10,-19.04,-0.18,-42.20,-28.04,-64.62,1
P,2022-10-28 19:52:24.813353,0.21,-0.96,0.67,-35.34,-10.80,28.69,-36.00,-27.42,-59.25,1
P,2022-10-28 19:52:24.832350,0.20,-0.82,0.63,-56.82,-6.71,27.95,-36.00,-27.42,-59.25,1
P,2022-10-28 19:52:24.851345,0.22,-0.59,0.80,-73.67,-6.29,26.12,-36.00,-27.42,-59.25,1
P,2022-10-28 19:52:24.871364,0.25,-0.29,0.99,-80.69,5.98,2.26,-38.83,-28.66,-57.30,1
P,2022-10-28 19:52:24.890350,0.29,-0.07,1.18,-91.06,31.43,-44.31,-38.83,-28.66,-57.30,1
P,2022-10-28 19:52:24.911346,0.25,-0.11,0.98,-78.98,36.56,-63.05,-43.99,-27.71,-56.62,1
P,2022-10-28 19:52:24.930375,0.24,-0.31,0.91,34.36,-1.40,-8.30,-43.99,-27.71,-56.62,1
P,2022-10-28 19:52:24.949380,0.24,-0.43,0.85,72.88,-19.47,18.86,-43.99,-27.71,-56.62,1
P,2022-10-28 19:52:24.969416,0.21,-0.60,0.74,86.00,-29.54,32.29,-41.59,-30.49,-58.26,1
P,2022-10-28 19:52:24.989382,0.18,-0.76,0.66,58.04,-22.16,25.21,-41.59,-30.49,-58.26,1
P,2022-10-28 19:52:25.009383,0.18,-0.73,0.68,18.19,-11.05,13.55,-40.80,-32.41,-59.03,1
P,2022-10-28 19:52:25.028388,0.18,-0.69,0.77,-28.14,-4.70,5.74,-40.80,-32.41,-59.03,1
P,2022-10-28 19:52:25.046383,0.16,-0.53,0.82,-44.80,-6.10,5.62,-40.80,-32.41,-59.03,1
P,2022-10-28 19:52:25.067384,-0.18,-0.57,1.04,-22.03,-8.42,20.69,-41.71,-29.09,-59.12,1
P,2022-10-28 19:52:25.086393,0.01,-0.40,0.84,76.78,10.86,77.58,-41.71,-29.09,-59.12,1
P,2022-10-28 19:52:25.105380,0.16,-0.47,0.61,42.24,29.24,28.32,-45.24,-20.76,-67.41,1
P,2022-10-28 19:52:25.124389,0.15,-0.62,0.55,-13.61,23.01,-8.48,-45.24,-20.76,-67.41,1
P,2022-10-28 19:52:25.143396,0.26,-0.53,0.52,-4.03,15.87,-5.43,-45.24,-20.76,-67.41,1
