P,2022-10-28 19:52:57.048027,0.01,-0.80,-0.07,-14.83,-78.61,-11.47,-22.03,2.40,-103.02,1
P,2022-10-28 19:52:57.066018,0.18,-0.83,-0.04,-19.23,-83.92,-18.62,-22.03,2.40,-103.02,1
P,2022-10-28 19:52:57.087014,0.29,-0.82,-0.01,-53.83,-91.25,-34.67,-20.19,7.59,-112.34,1
P,2022-10-28 19:52:57.106022,0.27,-0.88,0.08,-90.39,-91.19,-42.42,-20.19,7.59,-112.34,1
P,2022-10-28 19:52:57.125016,0.19,-0.87,0.28,-133.73,-85.02,-32.71,-20.19,7.59,-112.34,1
P,2022-10-28 19:52:57.145016,0.13,-0.63,0.61,-171.08,-101.50,-30.94,-23.61,10.60,-124.19,1
P,2022-10-28 19:52:57.164038,0.10,-0.53,0.85,-162.35,-81.24,-10.56,-23.61,10.60,-124.19,1
P,2022-10-28 19:52:57.184014,-0.05,-0.44,1.06,-158.75,-45.72,-10.62,-31.67,7.18,-136.10,1
P,2022-10-28 19:52:57.203021,-0.30,-0.56,1.17,-171.20,-3.85,-18.86,-31.67,7.18,-136.10,1
P,2022-10-28 19:52:57.222016,-0.22,-0.56,1.10,-152.77,18.19,-11.29,-31.67,7.18,-136.10,1
P,2022-10-28 19:52:57.242028,-0.09,-0.53,0.89,-130.25,50.35,5.13,-37.43,0.24,-144.17,1
P,2022-10-28 19:52:57.261016,0.08,-0.56,0.86,-134.28,78.74,17.52,-37.43,0.24,-144.17,1
P,2022-10-28 19:52:57.281038,0.01,-0.50,0.87,-127.75,65.37,14.53,-40.92,-8.17,-153.25,1
P,2022-10-28 19:52:57.304017,-0.21,-0.49,1.07,-95.21,37.90,12.39,-40.92,-8.17,-153.25,1
P,2022-10-28 19:52:57.322017,-0.19,-0.45,0.97,-86.43,77.15,18.13,-40.92,-8.17,-153.25,1
P,2022-10-28 19:52:57.342029,0.07,-0.35,0.93,-85.14,73.00,4.76,-44.36,-16.99,-160.77,1
P,2022-10-28 19:52:57.362051,-0.02,-0.27,1.04,-74.04,56.95,4.33,-44.36,-16.99,-160.77,1
P,2022-10-28 19:52:57.382012,-0.26,-0.28,1.28,-28.32,46.08,-3.36,-47.80,-26.98,-168.88,1
P,2022-10-28 19:52:57.411029,-0.36,-0.45,1.29,-5.92,57.74,-6.53,-47.80,-26.98,-168.88,1
P,2022-10-28 19:52:57.430017,-0.20,-0.68,1.09,22.40,50.66,1.22,-46.37,-32.87,-177.20,1
P,2022-10-28 19:52:57.449017,-0.16,-0.72,0.96,21.61,36.01,5.37,-46.37,-32.87,-177.20,1
P,2022-10-28 19:52:57.470020,-0.14,-0.66,0.91,18.98,34.73,10.44,-46.37,-32.87,-177.20,1
P,2022-10-28 19:52:57.490028,-0.11,-0.63,0.89,7.81,32.71,9.16,-42.82,-35.40,-186.76,1
P,2022-10-28 19:52:57.509023,-0.15,-0.63,0.83,1.34,37.48,10.56,-42.82,-35.40,-186.76,1
P,2022-10-28 19:52:57.528022,-0.12,-0.63,0.77,1.10,39.12,11.60,-36.45,-36.50,-192.33,1
P,2022-10-28 19:52:57.547031,-0.01,-0.62,0.78,0.61,34.48,17.03,-36.45,-36.50,-192.33,1
P,2022-10-28 19:52:57.566023,0.07,-0.58,0.73,-1.10,25.02,16.30,-36.45,-36.50,-192.33,1
P,2022-10-28 19:52:57.586461,0.06,-0.58,0.76,6.59,14.22,19.41,-30.37,-36.46,-196.90,1
P,2022-10-28 19:52:57.604654,0.00,-0.57,0.80,12.02,10.50,22.58,-30.37,-36.46,-196.90,1
P,2022-10-28 19:52:57.624650,0.08,-0.57,0.74,0.18,16.05,17.03,-30.37,-36.46,-196.90,1
P,2022-10-28 19:52:57.644617,0.14,-0.50,0.68,-12.02,15.93,9.70,-26.65,-35.24,-201.68,1
P,2022-10-28 19:52:57.663637,0.23,-0.39,0.51,-13.55,-1.53,-0.98,-26.65,-35.24,-201.68,1
P,2022-10-28 19:52:57.683640,0.21,-0.35,0.50,-10.38,-23.99,-9.28,-24.88,-37.51,-210.44,1
P,2022-10-28 19:52:57.702631,-3.54,-0.52,2.96,64.64,-13.98,-13.06,-24.88,-37.51,-210.44,1
P,2022-10-28 19:52:57.722627,0.08,-0.65,0.67,43.09,11.54,13.67,-24.88,-37.51,-210.44,1
P,2022-10-28 19:52:57.741628,-0.06,-0.45,0.25,8.79,29.48,5.92,-27.31,-36.57,-213.83,1
P,2022-10-28 19:52:57.761623,0.03,-0.44,0.57,-17.21,-46.88,-58.04,-27.31,-36.57,-213.83,1
P,2022-10-28 19:52:57.781627,-0.02,-0.37,0.71,-23.01,-54.20,-64.39,-39.37,-42.54,-214.83,1
P,2022-10-28 19:52:57.800622,0.03,-0.24,0.68,9.28,-48.95,-62.32,-39.37,-42.54,-214.83,1
P,2022-10-28 19:52:57.820624,0.00,-0.31,0.65,44.25,-61.10,-57.01,-39.37,-42.54,-214.83,1
P,2022-10-28 19:52:57.841635,-0.05,-0.47,0.67,62.19,-75.32,-54.57,-55.08,-49.72,-215.80,1
P,2022-10-28 19:52:57.861626,-0.14,-0.78,0.94,45.96,-65.86,-41.26,-55.08,-49.72,-215.80,1
P,2022-10-28 19:52:57.884623,-0.19,-0.95,1.09,34.12,-48.58,-17.03,-71.04,-58.24,-216.17,1
P,2022-10-28 19:52:57.904038,-0.23,-1.03,1.36,5.55,-22.64,26.86,-71.04,-58.24,-216.17,1
P,2022-10-28 19:52:57.923246,-0.60,-0.98,1.41,-5.19,-5.37,46.94,-71.04,-58.24,-216.17,1
P,2022-10-28 19:52:57.942249,-0.30,-0.89,1.40,18.25,50.66,57.07,-75.15,-59.68,-213.16,1
P,2022-10-28 19:52:57.961594,0.06,-0.93,0.92,-18.13,69.82,26.12,-75.15,-59.68,-213.16,1
P,2022-10-28 19:52:57.981966,0.12,-0.82,0.80,-16.66,61.71,32.65,-56.14,-49.98,-207.76,1
P,2022-10-28 19:52:58.000953,0.08,-0.75,0.77,-8.79,37.54,33.69,-56.14,-49.98,-207.76,1
P,2022-10-28 19:52:58.019952,0.11,-0.71,0.73,-2.32,33.45,39.86,-56.14,-49.98,-207.76,1
P,2022-10-28 19:52:58.039948,0.12,-0.60,0.66,-11.47,39.73,41.02,-42.88,-38.40,-204.85,1
P,2022-10-28 19:52:58.058212,0.17,-0.45,0.54,-21.42,32.90,30.27,-42.88,-38.40,-204.85,1
P,2022-10-28 19:52:58.078218,0.18,-0.41,0.56,-30.40,24.60,19.17,-32.03,-32.90,-207.25,1
P,2022-10-28 19:52:58.098222,0.21,-0.29,0.53,-20.08,11.35,8.61,-32.03,-32.90,-207.25,1
P,2022-10-28 19:52:58.118228,0.17,-0.23,0.65,-16.11,0.79,-0.79,-32.03,-32.90,-207.25,1
P,2022-10-28 19:52:58.141220,0.06,-0.26,0.85,-7.63,-5.13,-11.84,-27.43,-33.25,-212.77,1
P,2022-10-28 19:52:58.162230,-0.03,-0.60,0.64,70.68,-47.67,3.72,-27.43,-33.25,-212.77,1
P,2022-10-28 19:52:58.184225,-0.07,-0.54,0.67,-15.44,49.87,-1.40,-24.52,-29.35,-215.32,1
P,2022-10-28 19:52:58.204216,0.02,-0.46,0.76,-11.72,28.08,-7.93,-24.52,-29.35,-215.32,1
P,2022-10-28 19:52:58.223217,0.03,-0.29,0.89,17.27,28.32,-12.57,-24.52,-29.35,-215.32,1
P,2022-10-28 19:52:58.244224,0.05,-0.26,0.75,41.87,28.20,-18.62,-15.11,-30.22,-210.44,1
P,2022-10-28 19:52:58.269290,0.04,-0.38,0.55,67.57,12.57,-29.66,-15.11,-30.22,-210.44,1
P,2022-10-28 19:52:58.290219,0.04,-0.63,0.49,67.14,-0.24,-42.18,-6.38,-27.27,-203.36,1
P,2022-10-28 19:52:58.310217,0.03,-0.81,0.43,44.19,-4.27,-41.08,-6.38,-27.27,-203.36,1
P,2022-10-28 19:52:58.333218,0.01,-0.86,0.42,25.76,-11.47,-43.15,-7.75,-28.47,-199.72,1
P,2022-10-28 19:52:58.352215,0.00,-0.91,0.55,27.10,-19.41,-39.06,-7.75,-28.47,-199.72,1
P,2022-10-28 19:52:58.372230,-0.00,-1.00,0.51,37.35,-37.66,-31.86,-7.75,-28.47,-199.72,1
P,2022-10-28 19:52:58.393221,-0.01,-1.07,0.51,25.09,-48.34,-28.63,-17.63,-33.07,-204.37,1
P,2022-10-28 19:52:58.412215,-0.03,-1.08,0.77,3.05,-53.47,-6.77,-17.63,-33.07,-204.37,1
P,2022-10-28 19:52:58.432217,-0.04,-0.99,0.84,-9.22,-39.25,18.68,-38.09,-35.73,-214.77,1
P,2022-10-28 19:52:58.451218,-0.07,-0.91,0.95,-25.57,-23.80,32.84,-38.09,-35.73,-214.77,1
P,2022-10-28 19:52:58.470214,-0.09,-0.65,1.25,-62.56,7.08,34.00,-38.09,-35.73,-214.77,1
P,2022-10-28 19:52:58.490219,-0.67,-0.49,1.39,-46.94,23.44,41.87,-53.60,-35.61,-217.41,1
P,2022-10-28 19:52:58.511215,-0.45,-0.57,1.35,12.45,52.06,10.68,-53.60,-35.61,-217.41,1
P,2022-10-28 19:52:58.531212,-0.10,-0.79,0.84,24.60,48.89,-3.17,-41.48,-26.70,-208.20,1
P,2022-10-28 19:52:58.551216,-0.00,-0.78,0.63,35.64,19.90,10.86,-41.48,-26.70,-208.20,1
P,2022-10-28 19:52:58.570220,0.09,-0.62,0.44,24.78,5.49,4.21,-41.48,-26.70,-208.20,1
P,2022-10-28 19:52:58.590220,0.12,-0.56,0.39,20.39,-8.73,-2.62,-29.05,-16.91,-192.83,1
P,2022-10-28 19:52:58.610218,0.20,-0.47,0.31,30.03,-29.48,0.98,-29.05,-16.91,-192.83,1
