x,2022-10-14 11:04:33.558907,-8.451963,2.375169,1.134909,-1.930869,0.638363,-3.466631,46.914493,10.435986,-27.440584,1
x,2022-10-14 11:04:33.655211,-7.882113,-3.217971,-0.004789,-4.374889,0.638363,-3.942146,49.374427,21.756376,-42.780040,1
x,2022-10-14 11:04:33.750645,-8.648298,-1.618563,4.683297,-4.374889,-0.432511,-4.314195,40.764652,4.952671,-13.975950,1
x,2022-10-14 11:04:33.846955,-8.734494,-6.282705,4.477385,-3.394032,-1.844540,-4.314195,40.764652,4.952671,-13.975950,1
x,2022-10-14 11:04:33.942879,-4.391190,-8.466329,2.633756,0.018195,-2.001136,-1.407310,67.296821,-17.157466,-24.713569,1
x,2022-10-14 11:04:34.038964,2.154891,-1.527578,2.269819,-1.685189,1.622149,-0.111130,81.529304,-11.320391,-41.586971,1
x,2022-10-14 11:04:34.135371,-2.959384,-13.168781,-2.054330,1.011170,-0.014654,0.387554,101.560211,-21.225732,-56.585552,1
x,2022-10-14 11:04:34.231294,-0.416612,-6.967482,0.000000,0.993593,0.323706,1.034846,101.560211,-21.225732,-56.585552,1
x,2022-10-14 11:04:34.342030,-2.959384,-9.414482,1.110966,0.608094,0.350737,-0.060529,125.983863,-13.266083,-57.778621,1
x,2022-10-14 11:04:34.438114,-2.265030,-9.409692,0.272953,-0.043458,-0.030633,0.174232,130.552307,27.062808,-44.484424,1
x,2022-10-14 11:04:34.533870,-1.120543,-9.510254,0.181969,0.036704,0.112247,-0.886255,122.293960,45.281562,-44.995738,1
x,2022-10-14 11:04:34.630247,-0.320839,-10.003485,0.981673,0.050153,0.007184,-0.873871,119.834022,58.017002,-46.700122,1
x,2022-10-14 11:04:34.726100,-0.272953,-9.764053,0.890688,-0.013763,0.047931,0.179159,119.834022,58.017002,-46.700122,1
