e,2022-10-30 11:49:52.129038,0.19,0.93,-0.43,-17.46,8.18,-2.01,19.41,44.76,-95.17,1
e,2022-10-30 11:49:52.147146,0.18,0.90,-0.45,-16.60,12.27,-6.29,17.16,45.43,-96.15,1
e,2022-10-30 11:49:52.159283,0.23,0.82,-0.49,-13.24,14.71,-5.62,17.16,45.43,-96.15,1
e,2022-10-30 11:49:52.179280,0.24,0.78,-0.46,-14.34,13.31,-0.92,15.59,44.56,-97.60,1
e,2022-10-30 11:49:52.199261,0.27,0.75,-0.46,-13.43,17.82,1.46,15.59,44.56,-97.60,1
e,2022-10-30 11:49:52.219271,0.26,0.71,-0.52,-18.31,24.90,7.14,15.59,44.56,-97.60,1
e,2022-10-30 11:49:52.239290,0.28,0.67,-0.55,-21.42,28.44,11.11,13.62,44.27,-101.16,1
e,2022-10-30 11:49:52.259264,0.26,0.63,-0.64,-27.34,26.98,23.80,13.62,44.27,-101.16,1
e,2022-10-30 11:49:52.289347,-1.67,1.90,-1.47,-33.02,13.43,27.40,11.21,46.80,-105.33,1
e,2022-10-30 11:49:52.299280,0.17,0.61,-0.79,25.15,-18.86,-8.85,11.21,46.80,-105.33,1
e,2022-10-30 11:49:52.319269,0.17,0.80,-0.64,-0.43,9.34,-15.14,11.21,46.80,-105.33,1
e,2022-10-30 11:49:52.339275,-0.17,0.46,-0.99,-4.64,16.78,-10.19,10.80,47.56,-105.03,1
e,2022-10-30 11:49:52.359264,0.15,0.65,-1.00,17.33,-52.73,44.13,10.80,47.56,-105.03,1
e,2022-10-30 11:49:52.379273,0.11,0.70,-0.61,12.27,-69.64,43.70,10.80,47.56,-105.03,1
e,2022-10-30 11:49:52.399295,0.13,0.77,-0.58,32.47,-38.02,21.36,10.63,50.63,-99.99,1
e,2022-10-30 11:49:52.419283,0.18,0.90,-0.49,55.60,-14.59,6.65,10.63,50.63,-99.99,1
e,2022-10-30 11:49:52.439271,0.22,1.00,-0.26,53.65,-15.81,2.56,11.49,55.03,-94.37,1
e,2022-10-30 11:49:52.459309,0.25,1.10,-0.09,27.10,5.19,-9.34,11.49,55.03,-94.37,1
e,2022-10-30 11:49:52.479279,0.23,0.96,-0.34,14.53,24.66,-8.12,11.49,55.03,-94.37,1
e,2022-10-30 11:49:52.499271,0.17,0.91,-0.48,-3.78,-0.31,12.57,12.84,56.36,-92.14,1
e,2022-10-30 11:49:52.519260,0.63,1.21,-0.85,-6.90,-10.62,21.55,12.84,56.36,-92.14,1
e,2022-10-30 11:49:52.539292,-0.01,0.80,-0.36,-49.99,-32.04,-52.73,11.28,55.36,-93.21,1
e,2022-10-30 11:49:52.559267,0.13,0.85,-0.44,11.29,-6.90,-32.65,11.28,55.36,-93.21,1
e,2022-10-30 11:49:52.579272,0.22,0.89,-0.42,13.55,-1.10,-30.52,11.28,55.36,-93.21,1
e,2022-10-30 11:49:52.599278,0.21,0.88,-0.39,-1.22,5.19,-23.80,7.90,53.58,-92.98,1
e,2022-10-30 11:49:52.619260,0.22,0.86,-0.31,-14.16,15.50,-28.99,7.90,53.58,-92.98,1
e,2022-10-30 11:49:52.639263,0.20,0.78,-0.30,-20.26,27.34,-30.88,4.96,49.85,-95.51,1
e,2022-10-30 11:49:52.659338,0.15,0.71,-0.37,-28.87,37.90,-25.02,4.96,49.85,-95.51,1
e,2022-10-30 11:49:52.679417,0.13,0.67,-0.41,-26.06,41.87,-13.49,4.96,49.85,-95.51,1
e,2022-10-30 11:49:52.699395,0.15,0.68,-0.52,-25.88,46.81,-0.79,4.97,44.86,-98.96,1
e,2022-10-30 11:49:52.719413,0.13,0.67,-0.62,-29.79,46.08,3.30,4.97,44.86,-98.96,1
e,2022-10-30 11:49:52.739439,0.14,0.57,-0.66,-31.43,37.41,8.24,7.76,44.51,-104.10,1
e,2022-10-30 11:49:52.759345,0.10,0.59,-0.88,-36.13,19.90,13.55,7.76,44.51,-104.10,1
e,2022-10-30 11:49:52.779392,0.07,0.60,-0.88,-36.01,7.45,17.27,7.76,44.51,-104.10,1
e,2022-10-30 11:49:52.799392,0.04,0.59,-0.89,-23.50,6.71,20.63,12.54,47.53,-107.34,1
e,2022-10-30 11:49:52.819404,0.08,0.68,-0.96,-5.49,4.70,23.74,12.54,47.53,-107.34,1
e,2022-10-30 11:49:52.839415,0.11,0.70,-1.00,14.65,1.46,27.16,17.77,50.70,-107.09,1
e,2022-10-30 11:49:52.859399,0.08,0.72,-1.01,31.62,-7.32,28.56,17.77,50.70,-107.09,1
e,2022-10-30 11:49:52.869418,0.16,0.84,-0.88,46.20,-33.63,26.25,17.77,50.70,-107.09,1
e,2022-10-30 11:49:52.889411,0.22,0.87,-0.78,48.16,-37.11,15.75,20.03,54.79,-102.37,1
e,2022-10-30 11:49:52.919403,0.21,0.93,-0.58,45.84,-39.92,9.64,20.03,54.79,-102.37,1
e,2022-10-30 11:49:52.939398,0.16,1.08,-0.11,36.01,-31.31,4.76,20.25,59.58,-96.11,1
e,2022-10-30 11:49:52.949431,0.23,1.04,-0.12,29.91,1.04,1.71,20.25,59.58,-96.11,1
e,2022-10-30 11:49:52.969402,0.21,0.91,-0.30,4.82,25.15,3.23,20.25,59.58,-96.11,1
e,2022-10-30 11:49:52.989401,0.15,0.83,-0.49,-25.27,-4.52,19.96,20.52,60.44,-94.27,1
e,2022-10-30 11:49:53.009439,0.10,0.82,-0.61,-51.33,-10.99,26.61,20.52,60.44,-94.27,1
e,2022-10-30 11:49:53.029431,0.09,0.96,-0.62,-33.14,24.05,6.96,20.87,58.86,-94.87,1
e,2022-10-30 11:49:53.049425,-0.12,0.81,-0.96,-3.05,51.33,-28.08,20.87,58.86,-94.87,1
e,2022-10-30 11:49:53.069403,-0.11,0.80,-1.01,53.47,12.45,-27.83,20.87,58.86,-94.87,1
e,2022-10-30 11:49:53.089395,0.05,0.78,-0.84,60.06,-10.13,-33.75,22.11,57.01,-93.07,1
e,2022-10-30 11:49:53.109400,0.13,0.77,-0.78,50.54,-31.68,-35.40,22.11,57.01,-93.07,1
e,2022-10-30 11:49:53.129353,0.14,0.72,-0.67,37.72,-54.63,-28.56,22.11,57.01,-93.07,1
e,2022-10-30 11:49:53.149348,0.22,0.74,-0.55,30.88,-60.00,-22.64,25.09,55.24,-88.01,1
e,2022-10-30 11:49:53.168946,0.27,0.75,-0.42,31.31,-60.24,-1.89,25.09,55.24,-88.01,1
