O,2022-10-25 14:07:34.850749,0.04,-0.58,0.53,-19.71,-9.58,58.59,59.14,116.52,-51.86,1
O,2022-10-25 14:07:34.866371,0.06,-0.55,0.50,-9.40,-23.19,73.30,59.14,116.52,-51.86,1
O,2022-10-25 14:07:34.897605,0.12,-0.48,0.54,-0.85,-34.12,81.54,48.96,105.74,-57.46,1
O,2022-10-25 14:07:34.913233,0.15,-0.46,0.61,2.62,-42.66,86.06,48.96,105.74,-57.46,1
O,2022-10-25 14:07:34.928879,0.17,-0.43,0.66,-8.97,-45.04,84.05,48.96,105.74,-57.46,1
O,2022-10-25 14:07:34.944500,0.14,-0.31,0.76,-27.34,-48.83,78.49,43.14,112.54,-65.32,1
O,2022-10-25 14:07:34.960126,0.09,-0.05,0.92,-60.79,-48.28,60.36,43.14,112.54,-65.32,1
O,2022-10-25 14:07:34.975755,0.13,0.18,1.01,-82.21,-42.36,48.89,47.94,124.65,-73.93,1
O,2022-10-25 14:07:35.006986,0.18,0.37,1.06,-88.50,-40.34,31.19,47.94,124.65,-73.93,1
O,2022-10-25 14:07:35.022611,0.15,0.53,1.17,-85.45,-41.63,24.29,47.94,124.65,-73.93,1
O,2022-10-25 14:07:35.038255,0.09,0.67,1.29,-59.75,-41.81,14.59,55.27,125.55,-76.89,1
O,2022-10-25 14:07:35.053880,-0.02,0.72,1.40,-36.80,-35.71,4.09,55.27,125.55,-76.89,1
O,2022-10-25 14:07:35.069511,-0.03,0.65,1.37,-15.01,-24.78,-5.31,55.27,125.55,-76.89,1
O,2022-10-25 14:07:35.100742,0.00,0.54,1.29,3.23,-14.53,-10.62,60.25,124.29,-77.21,1
O,2022-10-25 14:07:35.116367,0.06,0.35,1.15,20.45,-8.30,-16.54,60.25,124.29,-77.21,1
O,2022-10-25 14:07:35.132015,0.07,0.22,1.10,21.91,-5.74,-20.94,60.25,124.29,-77.21,1
O,2022-10-25 14:07:35.147637,0.09,0.13,1.05,20.26,-3.42,-22.46,61.02,129.99,-77.65,1
O,2022-10-25 14:07:35.163261,0.08,0.02,1.01,18.13,-3.23,-23.44,61.02,129.99,-77.65,1
O,2022-10-25 14:07:35.178888,0.08,-0.05,1.00,18.80,-5.31,-18.92,60.45,140.23,-79.94,1
O,2022-10-25 14:07:35.210122,0.04,-0.16,0.99,15.69,-6.59,-16.85,60.45,140.23,-79.94,1
O,2022-10-25 14:07:35.225748,0.00,-0.27,1.00,11.35,-7.02,-12.63,60.45,140.23,-79.94,1
O,2022-10-25 14:07:35.241395,-0.02,-0.30,0.99,5.37,-4.76,-4.82,58.39,150.33,-84.12,1
O,2022-10-25 14:07:35.257018,-1.89,-0.38,1.08,25.57,-8.00,4.88,58.39,150.33,-84.12,1
O,2022-10-25 14:07:35.272647,0.03,-0.37,0.87,42.85,5.43,13.85,58.39,150.33,-84.12,1
O,2022-10-25 14:07:35.303879,0.03,-0.47,0.87,-10.56,24.35,5.62,59.67,152.89,-84.28,1
O,2022-10-25 14:07:35.319503,0.02,-0.34,0.82,-32.23,23.01,13.61,59.67,152.89,-84.28,1
O,2022-10-25 14:07:35.335147,0.05,-0.28,0.77,-32.96,7.63,18.55,67.04,146.13,-81.14,1
O,2022-10-25 14:07:35.350777,0.02,-0.17,0.75,-26.86,-17.15,26.00,67.04,146.13,-81.14,1
O,2022-10-25 14:07:35.366399,0.01,-0.08,0.74,-34.18,-27.65,19.71,67.04,146.13,-81.14,1
O,2022-10-25 14:07:35.382024,-0.01,0.04,0.75,-36.56,-38.82,14.22,75.26,137.48,-78.98,1
O,2022-10-25 14:07:35.413258,-0.05,0.12,0.78,-34.67,-51.88,8.00,75.26,137.48,-78.98,1
O,2022-10-25 14:07:35.428884,-0.10,0.24,0.79,-19.04,-68.30,2.20,75.26,137.48,-78.98,1
O,2022-10-25 14:07:35.444529,-0.13,0.27,0.86,-8.73,-74.95,-5.19,78.65,132.63,-81.56,1
O,2022-10-25 14:07:35.468548,-0.15,0.32,0.91,-1.46,-73.36,-12.63,78.65,132.63,-81.56,1
O,2022-10-25 14:07:35.484180,-0.14,0.32,0.96,6.04,-70.80,-22.34,78.65,132.63,-81.56,1
O,2022-10-25 14:07:35.499828,-0.14,0.29,1.02,24.05,-69.27,-27.77,73.75,140.33,-87.39,1
O,2022-10-25 14:07:35.515450,-0.18,0.22,1.17,39.43,-66.96,-27.77,73.75,140.33,-87.39,1
O,2022-10-25 14:07:35.531078,-0.23,0.14,1.26,51.27,-57.56,-26.12,60.13,155.63,-88.81,1
O,2022-10-25 14:07:35.546700,-0.27,0.01,1.31,59.08,-43.40,-25.33,60.13,155.63,-88.81,1
O,2022-10-25 14:07:35.577933,-0.28,-0.09,1.32,56.03,-20.94,-26.00,60.13,155.63,-88.81,1
O,2022-10-25 14:07:35.593561,-0.26,-0.25,1.30,47.73,-7.51,-26.31,43.59,167.70,-84.99,1
O,2022-10-25 14:07:35.609205,-0.25,-0.32,1.26,35.16,4.09,-26.00,43.59,167.70,-84.99,1
O,2022-10-25 14:07:35.624831,-0.23,-0.33,1.22,20.02,18.43,-23.80,43.59,167.70,-84.99,1
O,2022-10-25 14:07:35.640456,-0.23,-0.34,1.19,6.16,30.70,-24.11,30.97,173.69,-82.63,1
O,2022-10-25 14:07:35.671689,-0.21,-0.34,1.10,-6.41,49.62,-19.84,30.97,173.69,-82.63,1
O,2022-10-25 14:07:35.680404,-0.18,-0.32,1.05,-13.24,57.13,-16.60,24.99,174.07,-85.62,1
O,2022-10-25 14:07:35.696278,-0.14,-0.32,0.99,-19.96,64.64,-11.78,24.99,174.07,-85.62,1
O,2022-10-25 14:07:35.727286,-0.08,-0.31,0.89,-27.59,68.73,-2.50,24.99,174.07,-85.62,1
O,2022-10-25 14:07:35.742912,-0.03,-0.24,0.84,-26.37,47.12,2.38,29.47,168.49,-89.37,1
O,2022-10-25 14:07:35.758554,-0.05,-0.22,0.83,-21.18,32.04,5.86,29.47,168.49,-89.37,1
O,2022-10-25 14:07:35.774185,-0.07,-0.21,0.83,-18.80,26.55,10.19,29.47,168.49,-89.37,1
O,2022-10-25 14:07:35.789806,-0.07,-0.21,0.82,-18.37,25.39,13.06,40.30,160.08,-92.79,1
O,2022-10-25 14:07:35.805436,-0.06,-0.18,0.81,-21.30,24.11,14.77,40.30,160.08,-92.79,1
O,2022-10-25 14:07:35.836666,-0.04,-0.08,0.82,-23.25,18.62,13.79,40.30,160.08,-92.79,1
O,2022-10-25 14:07:35.852293,-0.03,-0.01,0.84,-22.58,14.04,13.37,53.69,153.10,-91.30,1
O,2022-10-25 14:07:35.867920,-0.03,0.03,0.85,-22.89,9.64,12.33,53.69,153.10,-91.30,1
O,2022-10-25 14:07:35.883547,-0.05,0.06,0.85,-24.60,5.68,7.93,63.77,146.57,-89.04,1
O,2022-10-25 14:07:35.899171,-0.08,0.11,0.87,-26.73,6.10,7.75,63.77,146.57,-89.04,1
O,2022-10-25 14:07:35.914799,-0.08,0.18,0.89,-26.86,5.49,7.51,63.77,146.57,-89.04,1
O,2022-10-25 14:07:35.946050,-0.07,0.21,0.92,-22.64,7.32,6.77,67.24,141.03,-86.71,1
O,2022-10-25 14:07:35.961675,-0.08,0.18,0.88,-14.59,10.86,18.49,67.24,141.03,-86.71,1
O,2022-10-25 14:07:35.977318,-0.21,0.34,1.08,10.19,6.41,6.65,67.24,141.03,-86.71,1
