E,2022-10-19 17:19:09.723895,0.41,-0.80,0.53,-36.74,-73.49,38.76,33.37,67.66,-53.80,1
E,2022-10-19 17:19:09.741990,0.34,-0.73,0.59,-46.02,-79.77,40.04,33.37,67.66,-53.80,1
E,2022-10-19 17:19:09.760925,0.32,-0.60,0.57,-48.22,-83.07,43.27,29.85,59.33,-58.97,1
E,2022-10-19 17:19:09.779023,0.32,-0.58,0.63,-41.81,-81.85,44.07,29.85,59.33,-58.97,1
E,2022-10-19 17:19:09.797014,0.31,-0.55,0.65,-51.39,-82.46,40.53,29.85,59.33,-58.97,1
E,2022-10-19 17:19:09.815902,0.25,-0.47,0.68,-63.11,-81.42,38.57,22.89,51.28,-62.38,1
E,2022-10-19 17:19:09.833912,0.21,-0.45,0.68,-68.54,-78.86,37.05,22.89,51.28,-62.38,1
E,2022-10-19 17:19:09.851909,0.17,-0.46,0.59,-80.44,-74.16,33.69,22.89,51.28,-62.38,1
E,2022-10-19 17:19:09.871031,0.05,-0.34,0.71,-116.27,-59.51,25.94,11.05,43.55,-64.53,1
E,2022-10-19 17:19:09.888895,0.07,-0.09,0.93,-113.16,-42.18,29.48,11.05,43.55,-64.53,1
E,2022-10-19 17:19:09.906633,0.05,-0.12,0.89,-84.84,-43.03,37.35,11.05,43.55,-64.53,1
E,2022-10-19 17:19:09.925934,0.02,-0.16,0.88,-68.48,-40.71,38.51,-0.57,39.67,-64.56,1
E,2022-10-19 17:19:09.943879,0.06,-0.05,0.90,-61.77,-31.31,35.77,-0.57,39.67,-64.56,1
E,2022-10-19 17:19:09.963091,0.07,-0.05,0.97,-50.54,-19.53,36.19,-9.22,42.05,-62.38,1
E,2022-10-19 17:19:09.980903,0.14,-0.11,1.00,-34.06,-9.28,30.21,-9.22,42.05,-62.38,1
E,2022-10-19 17:19:09.999086,0.16,-0.15,1.09,-41.50,-3.11,22.95,-9.22,42.05,-62.38,1
E,2022-10-19 17:19:10.018255,0.16,-0.07,1.11,-53.53,7.02,22.28,-14.69,45.50,-61.40,1
E,2022-10-19 17:19:10.035816,0.15,0.06,1.09,-49.62,15.32,23.99,-14.69,45.50,-61.40,1
E,2022-10-19 17:19:10.053999,0.21,-0.07,1.05,-41.56,22.83,26.37,-14.69,45.50,-61.40,1
E,2022-10-19 17:19:10.072868,0.20,0.02,1.08,-71.35,28.93,9.46,-16.58,47.53,-60.52,1
E,2022-10-19 17:19:10.090781,0.17,0.11,1.12,-57.25,31.80,7.20,-16.58,47.53,-60.52,1
E,2022-10-19 17:19:10.108978,0.19,0.08,1.08,-47.06,31.01,7.20,-16.58,47.53,-60.52,1
E,2022-10-19 17:19:10.127761,0.09,0.04,0.99,-50.72,23.50,1.59,-17.43,47.63,-62.04,1
E,2022-10-19 17:19:10.146271,0.03,0.16,0.92,-52.98,23.25,-5.19,-17.43,47.63,-62.04,1
E,2022-10-19 17:19:10.165020,0.09,0.13,0.92,-34.73,21.24,-7.20,-18.66,47.40,-63.29,1
E,2022-10-19 17:19:10.182809,0.14,0.20,0.91,-26.73,12.08,-6.77,-18.66,47.40,-63.29,1
E,2022-10-19 17:19:10.200784,0.13,0.19,0.96,1.77,6.35,-5.31,-18.66,47.40,-63.29,1
E,2022-10-19 17:19:10.220053,0.10,0.02,0.93,27.16,4.94,-6.59,-20.56,48.78,-65.67,1
E,2022-10-19 17:19:10.237994,0.07,-0.24,0.96,30.27,12.63,-6.04,-20.56,48.78,-65.67,1
E,2022-10-19 17:19:10.255972,0.21,-0.31,0.99,-6.90,8.42,-2.32,-20.56,48.78,-65.67,1
E,2022-10-19 17:19:10.274810,0.12,-0.15,1.08,-17.64,4.46,2.50,-21.24,50.24,-66.55,1
E,2022-10-19 17:19:10.292896,0.19,-0.15,1.05,-1.46,6.77,8.36,-21.24,50.24,-66.55,1
E,2022-10-19 17:19:10.310717,0.28,-0.15,1.00,3.54,10.01,12.02,-21.24,50.24,-66.55,1
E,2022-10-19 17:19:10.329807,0.28,-0.10,0.95,-2.56,11.47,13.61,-20.84,52.34,-64.51,1
E,2022-10-19 17:19:10.347763,0.30,0.00,0.93,-8.06,15.14,7.51,-20.84,52.34,-64.51,1
E,2022-10-19 17:19:10.366713,0.29,0.02,0.93,-12.57,17.52,3.48,-20.04,53.43,-65.69,1
E,2022-10-19 17:19:10.384901,0.29,-0.03,0.96,-11.41,16.60,1.65,-20.04,53.43,-65.69,1
E,2022-10-19 17:19:10.403255,0.30,-0.07,0.95,-10.56,10.50,-0.43,-20.04,53.43,-65.69,1
E,2022-10-19 17:19:10.421867,0.29,-0.13,0.91,-20.94,1.89,-2.81,-21.09,53.59,-66.05,1
E,2022-10-19 17:19:10.440144,0.24,-0.06,0.85,-44.07,-5.31,-9.58,-21.09,53.59,-66.05,1
E,2022-10-19 17:19:10.457940,0.21,0.01,0.92,-46.08,-2.75,-9.03,-21.09,53.59,-66.05,1
E,2022-10-19 17:19:10.476961,0.16,0.00,1.01,-43.64,-5.49,-7.69,-23.50,52.81,-66.93,1
E,2022-10-19 17:19:10.494807,0.17,0.06,1.07,-22.58,14.22,-4.39,-23.50,52.81,-66.93,1
E,2022-10-19 17:19:10.512894,0.26,0.10,1.14,-11.78,11.72,-8.42,-23.50,52.81,-66.93,1
E,2022-10-19 17:19:10.531863,0.25,0.01,0.99,4.21,5.74,-12.45,-23.29,52.84,-66.19,1
E,2022-10-19 17:19:10.549885,0.23,-0.00,0.91,1.95,12.15,-12.57,-23.29,52.84,-66.19,1
E,2022-10-19 17:19:10.569138,0.28,0.02,0.92,-2.08,13.92,-8.30,-22.20,53.10,-66.25,1
E,2022-10-19 17:19:10.586938,0.29,0.06,0.92,-4.21,11.23,-8.54,-22.20,53.10,-66.25,1
E,2022-10-19 17:19:10.604877,0.30,0.09,0.94,-3.05,13.67,-10.44,-22.20,53.10,-66.25,1
E,2022-10-19 17:19:10.623902,0.27,0.07,0.97,-2.44,15.08,-10.74,-22.11,52.72,-68.04,1
E,2022-10-19 17:19:10.641882,0.35,-0.08,0.92,6.90,12.51,-7.14,-22.11,52.72,-68.04,1
E,2022-10-19 17:19:10.660044,0.35,-0.08,0.89,-1.59,5.43,-8.18,-22.11,52.72,-68.04,1
E,2022-10-19 17:19:10.679190,-0.18,0.11,0.83,-11.90,-2.32,-8.06,-21.98,52.29,-68.35,1
E,2022-10-19 17:19:10.696880,0.29,0.09,0.89,-0.18,15.63,-4.27,-21.98,52.29,-68.35,1
E,2022-10-19 17:19:10.714757,0.28,0.02,0.91,5.49,18.19,-1.71,-21.98,52.29,-68.35,1
E,2022-10-19 17:19:10.734085,0.29,-0.04,1.00,-2.81,15.20,-2.14,-21.17,52.86,-67.80,1
E,2022-10-19 17:19:10.752103,0.30,-0.09,1.03,-14.95,7.57,-6.59,-21.17,52.86,-67.80,1
E,2022-10-19 17:19:10.769905,0.30,-0.04,0.99,-14.89,1.34,-13.06,-21.17,52.86,-67.80,1
E,2022-10-19 17:19:10.789238,0.30,-0.05,0.94,-11.60,-2.08,-17.64,-21.98,52.44,-67.58,1
E,2022-10-19 17:19:10.807154,0.44,0.16,0.86,-16.78,-2.32,1.83,-21.98,52.44,-67.58,1
E,2022-10-19 17:19:10.826110,0.35,-0.31,0.98,-10.86,-10.68,28.75,-22.11,52.39,-67.41,1
E,2022-10-19 17:19:10.843941,0.33,-0.11,0.88,-28.81,-15.01,26.92,-22.11,52.39,-67.41,1
E,2022-10-19 17:19:10.861944,0.32,-0.02,0.87,-44.56,-13.00,35.34,-22.11,52.39,-67.41,1
E,2022-10-19 17:19:10.880877,0.23,0.11,0.87,-33.87,-11.60,37.11,-22.55,53.94,-65.16,1
E,2022-10-19 17:19:10.898921,0.19,0.22,0.86,-22.22,-2.99,6.29,-22.55,53.94,-65.16,1
E,2022-10-19 17:19:10.916944,0.15,0.39,0.87,-3.36,10.86,-1.83,-22.55,53.94,-65.16,1
E,2022-10-19 17:19:10.935905,0.23,0.53,0.93,22.89,14.04,-12.76,-21.98,55.70,-63.15,1
E,2022-10-19 17:19:10.953720,0.27,0.06,0.91,43.76,15.38,3.91,-21.98,55.70,-63.15,1
E,2022-10-19 17:19:10.971801,0.29,-0.10,0.98,5.43,14.65,5.19,-21.98,55.70,-63.15,1
E,2022-10-19 17:19:10.991088,0.29,-0.01,1.00,-27.10,9.28,-1.89,-21.66,57.17,-62.62,1
E,2022-10-19 17:19:11.008831,0.29,0.12,0.95,-28.99,3.36,-4.64,-21.66,57.17,-62.62,1
E,2022-10-19 17:19:11.027801,0.28,0.16,0.88,-18.07,4.52,-2.14,-21.29,55.87,-64.53,1
E,2022-10-19 17:19:11.045830,0.28,0.06,0.85,-14.16,7.69,-0.12,-21.29,55.87,-64.53,1
E,2022-10-19 17:19:11.063823,0.28,0.04,0.83,-27.10,11.66,-2.01,-21.29,55.87,-64.53,1
E,2022-10-19 17:19:11.082708,0.24,0.17,0.91,-30.82,4.88,-5.62,-21.35,54.33,-62.92,1
E,2022-10-19 17:19:11.100736,0.17,0.18,0.81,0.43,-11.17,0.79,-21.35,54.33,-62.92,1
E,2022-10-19 17:19:11.118860,0.18,0.13,0.86,36.25,-31.01,7.63,-21.35,54.33,-62.92,1
E,2022-10-19 17:19:11.137821,0.18,0.05,0.84,46.81,-39.73,6.10,-22.97,56.99,-60.75,1
E,2022-10-19 17:19:11.155811,0.20,0.02,0.81,48.28,-43.82,1.89,-22.97,56.99,-60.75,1
E,2022-10-19 17:19:11.173890,0.23,-0.01,0.79,45.59,-46.14,0.92,-22.97,56.99,-60.75,1
E,2022-10-19 17:19:11.192956,0.23,0.00,0.83,29.54,-41.99,0.31,-24.05,60.79,-58.53,1
E,2022-10-19 17:19:11.210743,0.25,0.06,0.98,12.08,-31.56,1.46,-24.05,60.79,-58.53,1
E,2022-10-19 17:19:11.229884,0.27,0.06,1.05,6.16,-24.66,0.06,-25.66,64.14,-55.07,1
E,2022-10-19 17:19:11.247892,0.28,0.09,1.09,2.62,-18.19,0.73,-25.66,64.14,-55.07,1
E,2022-10-19 17:19:11.265773,0.27,0.14,1.13,0.92,-9.70,0.98,-25.66,64.14,-55.07,1
E,2022-10-19 17:19:11.284782,0.30,0.11,1.12,2.44,13.73,1.65,-26.04,66.19,-53.65,1
E,2022-10-19 17:19:11.302791,0.22,0.01,1.20,-4.03,11.29,4.82,-26.04,66.19,-53.65,1
E,2022-10-19 17:19:11.320619,0.20,0.04,1.06,18.80,-0.55,0.06,-26.04,66.19,-53.65,1
E,2022-10-19 17:19:11.339993,0.18,0.10,0.97,30.46,-6.23,-0.43,-26.15,67.09,-52.94,1
E,2022-10-19 17:19:11.357945,0.17,0.12,0.90,34.97,-7.02,4.03,-26.15,67.09,-52.94,1
E,2022-10-19 17:19:11.375785,0.16,0.07,0.87,25.57,-4.33,12.94,-26.15,67.09,-52.94,1
E,2022-10-19 17:19:11.395069,0.01,-0.10,0.87,-0.12,13.18,-3.17,-26.54,67.55,-51.59,1
E,2022-10-19 17:19:11.412921,0.09,0.37,1.19,-4.15,21.97,-27.47,-26.54,67.55,-51.59,1
E,2022-10-19 17:19:11.431751,0.12,0.23,0.99,30.58,8.97,-34.00,-27.43,66.14,-54.06,1
E,2022-10-19 17:19:11.449943,0.14,0.22,0.96,42.30,8.06,-40.59,-27.43,66.14,-54.06,1
E,2022-10-19 17:19:11.467974,0.17,0.11,0.91,52.67,11.23,-34.79,-27.43,66.14,-54.06,1
E,2022-10-19 17:19:11.486995,0.26,-0.15,0.87,67.32,10.50,-15.87,-29.85,65.27,-55.05,1
E,2022-10-19 17:19:11.504767,0.35,-0.60,0.86,53.53,4.52,7.81,-29.85,65.27,-55.05,1
E,2022-10-19 17:19:11.522795,0.25,-0.76,0.87,7.81,1.34,19.47,-29.85,65.27,-55.05,1
E,2022-10-19 17:19:11.542145,0.20,-0.18,1.00,-31.49,2.62,-5.98,-29.92,66.33,-57.37,1
E,2022-10-19 17:19:11.560086,0.19,0.06,1.00,-29.66,-0.31,-6.23,-29.92,66.33,-57.37,1
E,2022-10-19 17:19:11.577954,0.20,0.10,1.00,-23.19,-5.25,4.03,-29.92,66.33,-57.37,1
E,2022-10-19 17:19:11.597103,0.23,-0.07,0.97,-25.88,-6.90,11.90,-30.32,64.53,-56.54,1
E,2022-10-19 17:19:11.615176,0.19,-0.25,0.92,-32.41,2.08,22.95,-30.32,64.53,-56.54,1
E,2022-10-19 17:19:11.634096,0.22,-0.21,1.03,-26.12,20.69,22.95,-28.75,62.51,-58.83,1
E,2022-10-19 17:19:11.651892,0.30,-0.08,0.99,-42.11,25.27,23.80,-28.75,62.51,-58.83,1
E,2022-10-19 17:19:11.669971,0.29,-0.06,1.06,-48.77,27.71,30.15,-28.75,62.51,-58.83,1
E,2022-10-19 17:19:11.689161,0.28,-0.06,0.97,-46.45,28.87,30.58,-26.59,60.67,-60.42,1
E,2022-10-19 17:19:11.706745,0.30,0.00,0.92,-48.28,27.53,22.89,-26.59,60.67,-60.42,1
E,2022-10-19 17:19:11.724776,0.29,0.10,0.86,-53.96,22.03,18.19,-26.59,60.67,-60.42,1
E,2022-10-19 17:19:11.743938,0.28,0.15,0.85,-52.00,19.41,19.29,-22.94,57.63,-60.73,1
E,2022-10-19 17:19:11.761753,0.28,0.16,0.88,-41.93,13.31,17.76,-22.94,57.63,-60.73,1
E,2022-10-19 17:19:11.779770,0.17,0.20,0.90,-36.62,8.18,12.27,-22.94,57.63,-60.73,1
E,2022-10-19 17:19:11.798820,0.20,0.22,0.80,-19.90,3.97,10.13,-22.13,56.32,-61.07,1
E,2022-10-19 17:19:11.816751,0.30,0.10,0.86,-12.39,4.03,8.97,-22.13,56.32,-61.07,1
E,2022-10-19 17:19:11.836078,0.24,0.18,0.87,-29.11,-12.08,0.98,-22.56,55.38,-61.89,1
E,2022-10-19 17:19:11.853773,0.18,0.26,0.86,-17.46,-18.31,-7.08,-22.56,55.38,-61.89,1
E,2022-10-19 17:19:11.871685,0.27,0.12,0.99,38.21,12.51,9.64,-22.56,55.38,-61.89,1
E,2022-10-19 17:19:11.890791,0.25,-0.03,1.02,27.04,4.82,5.49,-23.08,57.23,-61.89,1
E,2022-10-19 17:19:11.908878,0.24,0.14,1.00,-6.47,-1.83,0.79,-23.08,57.23,-61.89,1
E,2022-10-19 17:19:11.926788,0.11,0.19,0.94,2.62,-5.31,-0.73,-23.08,57.23,-61.89,1
E,2022-10-19 17:19:11.945888,0.18,0.45,0.83,16.17,3.72,-33.39,-23.77,56.90,-61.49,1
E,2022-10-19 17:19:11.963749,0.24,0.12,0.91,56.34,11.54,-27.59,-23.77,56.90,-61.49,1
E,2022-10-19 17:19:11.981871,0.29,-0.02,0.93,52.98,10.13,-23.32,-23.77,56.90,-61.49,1
E,2022-10-19 17:19:12.000695,0.37,-0.11,0.95,35.95,7.08,-7.75,-24.49,57.04,-61.25,1
E,2022-10-19 17:19:12.018945,0.27,-0.37,0.84,24.54,2.56,14.53,-24.49,57.04,-61.25,1
E,2022-10-19 17:19:12.037973,0.25,0.05,0.91,-8.61,5.68,-2.44,-24.11,57.43,-63.33,1
E,2022-10-19 17:19:12.055720,0.25,0.21,0.98,-1.46,5.00,6.84,-24.11,57.43,-63.33,1
E,2022-10-19 17:19:12.073753,0.26,0.13,1.02,-0.12,2.26,15.75,-24.11,57.43,-63.33,1
E,2022-10-19 17:19:12.093052,0.15,-0.03,1.06,-2.20,-5.00,17.27,-24.56,57.19,-62.93,1
E,2022-10-19 17:19:12.110759,0.27,0.03,0.87,10.25,-16.24,8.18,-24.56,57.19,-62.93,1
E,2022-10-19 17:19:12.128717,0.21,0.11,0.94,-0.61,-8.61,8.42,-24.56,57.19,-62.93,1
E,2022-10-19 17:19:12.147743,0.00,0.30,0.96,19.29,18.49,17.70,-24.61,56.92,-62.32,1
