t,2022-10-14 16:15:45.693032,0.00,0.31,0.74,-11.35,-10.56,-0.98,89.17,-53.10,-87.11,1
t,2022-10-14 16:15:45.713277,-0.18,0.41,0.93,5.37,11.17,-4.64,90.06,-58.34,-89.12,1
t,2022-10-14 16:15:45.731369,-0.10,0.22,0.93,17.40,12.08,-1.04,90.06,-58.34,-89.12,1
t,2022-10-14 16:15:45.749145,-0.09,0.29,0.90,-9.58,10.99,-5.98,90.06,-58.34,-89.12,1
t,2022-10-14 16:15:45.770609,-0.05,0.30,0.86,-23.01,2.38,-9.89,89.88,-59.45,-88.10,1
t,2022-10-14 16:15:45.788644,-0.12,0.26,0.91,4.09,-40.16,-1.46,89.88,-59.45,-88.10,1
t,2022-10-14 16:15:45.807289,-0.09,0.21,0.61,21.55,-43.15,15.56,89.88,-59.45,-88.10,1
t,2022-10-14 16:15:45.826416,-0.14,0.24,0.76,36.87,-59.27,30.64,75.54,-63.57,-89.94,1
t,2022-10-14 16:15:45.845903,-0.12,0.35,0.89,40.89,-67.87,33.45,75.54,-63.57,-89.94,1
t,2022-10-14 16:15:45.865470,-0.16,0.41,1.05,36.19,-53.04,23.68,51.17,-67.61,-87.05,1
t,2022-10-14 16:15:45.884236,-0.18,0.36,1.05,27.10,-24.05,9.46,51.17,-67.61,-87.05,1
t,2022-10-14 16:15:45.902631,-0.18,0.29,1.07,19.90,-17.58,2.69,51.17,-67.61,-87.05,1
t,2022-10-14 16:15:45.922977,-0.20,0.29,1.24,3.97,-13.06,-4.64,44.07,-67.15,-80.37,1
t,2022-10-14 16:15:45.940637,-0.19,0.30,1.20,-6.90,-0.55,-4.64,44.07,-67.15,-80.37,1
t,2022-10-14 16:15:45.958829,-0.16,0.31,1.01,4.39,-2.44,4.70,44.07,-67.15,-80.37,1
t,2022-10-14 16:15:45.978829,-0.20,0.52,1.13,-3.11,-14.04,-14.83,43.85,-67.29,-77.94,1
t,2022-10-14 16:15:45.996830,-0.22,0.60,1.31,-4.58,3.54,-35.83,43.85,-67.29,-77.94,1
t,2022-10-14 16:15:46.017428,-0.18,0.41,1.06,-9.52,47.97,-51.82,62.60,-62.29,-82.67,1
t,2022-10-14 16:15:46.034459,-0.14,0.08,0.71,-4.64,45.65,-43.88,62.60,-62.29,-82.67,1
t,2022-10-14 16:15:46.053442,-0.17,-0.15,0.59,2.26,19.96,-21.18,62.60,-62.29,-82.67,1
t,2022-10-14 16:15:46.073596,-0.18,-0.14,0.70,20.08,-7.20,13.18,80.81,-52.66,-86.38,1
t,2022-10-14 16:15:46.092917,-0.18,0.19,0.88,-7.63,-6.47,0.00,80.81,-52.66,-86.38,1
t,2022-10-14 16:15:46.113658,-0.18,0.24,0.93,-21.42,1.40,-8.36,80.55,-52.76,-84.51,1
t,2022-10-14 16:15:46.132141,-0.33,0.11,0.95,-20.63,35.28,1.04,80.55,-52.76,-84.51,1
t,2022-10-14 16:15:46.149847,-0.15,0.23,0.87,-10.93,22.16,7.20,80.55,-52.76,-84.51,1
t,2022-10-14 16:15:46.169397,-0.12,0.18,1.04,-3.11,7.45,10.56,74.82,-53.44,-82.36,1
t,2022-10-14 16:15:46.186999,-0.06,0.31,0.95,-3.23,9.95,16.30,74.82,-53.44,-82.36,1
t,2022-10-14 16:15:46.206651,-0.08,0.30,0.98,-7.08,11.05,12.39,74.82,-53.44,-82.36,1
t,2022-10-14 16:15:46.224862,-0.02,0.35,0.92,-9.95,13.61,7.32,67.42,-53.97,-82.06,1
t,2022-10-14 16:15:46.243520,0.01,0.31,0.89,-15.50,14.16,2.75,67.42,-53.97,-82.06,1
t,2022-10-14 16:15:46.263626,0.03,0.32,0.85,-26.37,11.66,3.17,63.28,-57.34,-82.20,1
t,2022-10-14 16:15:46.283083,-0.02,0.37,0.87,-31.13,11.54,-1.40,63.28,-57.34,-82.20,1
t,2022-10-14 16:15:46.300301,-0.03,0.34,0.82,-32.65,12.02,-2.56,63.28,-57.34,-82.20,1
t,2022-10-14 16:15:46.318630,-0.07,0.35,0.87,-30.40,7.08,0.98,61.27,-65.09,-82.69,1
t,2022-10-14 16:15:46.338812,-0.10,0.37,0.93,-26.67,8.12,0.18,61.27,-65.09,-82.69,1
t,2022-10-14 16:15:46.356806,-0.06,0.36,0.84,-28.63,9.34,-0.24,61.27,-65.09,-82.69,1
t,2022-10-14 16:15:46.379019,-0.03,0.39,0.78,-28.38,4.76,0.98,59.22,-73.17,-82.04,1
t,2022-10-14 16:15:46.395908,-0.26,0.60,0.95,-26.31,-4.82,-14.47,59.22,-73.17,-82.04,1
t,2022-10-14 16:15:46.415847,-0.09,0.46,0.86,17.40,-0.31,2.69,57.69,-77.75,-84.80,1
t,2022-10-14 16:15:46.434013,-0.10,0.47,0.87,30.09,4.09,12.21,57.69,-77.75,-84.80,1
t,2022-10-14 16:15:46.454827,-0.07,0.71,0.82,15.99,-9.46,-30.76,57.69,-77.75,-84.80,1
t,2022-10-14 16:15:46.473593,-0.08,0.50,0.84,31.13,-15.08,-40.47,65.09,-72.74,-85.06,1
t,2022-10-14 16:15:46.492883,-0.07,0.39,0.83,38.64,-14.34,-35.16,65.09,-72.74,-85.06,1
t,2022-10-14 16:15:46.512569,-0.13,0.07,0.96,23.93,-10.56,-24.05,81.12,-60.94,-84.35,1
t,2022-10-14 16:15:46.530960,-0.13,0.07,0.99,6.35,-8.61,-13.98,81.12,-60.94,-84.35,1
t,2022-10-14 16:15:46.548848,-0.15,0.05,1.07,-9.16,-6.71,-7.69,81.12,-60.94,-84.35,1
t,2022-10-14 16:15:46.567653,-0.13,0.15,1.02,-15.14,-0.79,5.13,84.96,-56.87,-82.29,1
t,2022-10-14 16:15:46.586962,-0.11,0.35,0.93,-21.00,-3.97,0.31,84.96,-56.87,-82.29,1
t,2022-10-14 16:15:46.605464,-0.20,0.43,1.08,-14.71,-4.64,-0.61,84.96,-56.87,-82.29,1
t,2022-10-14 16:15:46.626356,-0.29,0.42,1.04,-1.53,17.46,15.14,85.00,-56.40,-79.61,1
t,2022-10-14 16:15:46.643658,-0.07,0.36,0.91,11.84,12.88,1.04,85.00,-56.40,-79.61,1
t,2022-10-14 16:15:46.663852,-0.10,0.40,0.90,4.70,9.09,0.31,86.58,-48.01,-78.99,1
t,2022-10-14 16:15:46.682001,-0.10,0.40,0.89,8.54,7.08,-0.24,86.58,-48.01,-78.99,1
t,2022-10-14 16:15:46.699653,-0.09,0.33,0.84,13.18,5.13,-2.14,86.58,-48.01,-78.99,1
t,2022-10-14 16:15:46.720386,-0.12,0.30,0.87,10.56,3.85,-4.09,86.73,-38.28,-76.73,1
t,2022-10-14 16:15:46.737835,-0.10,0.28,0.85,8.30,4.94,-4.64,86.73,-38.28,-76.73,1
t,2022-10-14 16:15:46.755343,-0.06,0.28,0.82,5.13,2.50,-3.54,86.73,-38.28,-76.73,1
t,2022-10-14 16:15:46.776627,-0.09,0.34,0.88,6.29,-2.08,-0.24,82.18,-30.66,-73.19,1
t,2022-10-14 16:15:46.797136,-0.07,0.34,0.88,8.18,-2.93,0.73,82.18,-30.66,-73.19,1
t,2022-10-14 16:15:46.815811,-0.09,0.35,0.91,5.31,-3.42,-2.56,75.18,-25.00,-68.99,1
t,2022-10-14 16:15:46.834764,-0.09,0.38,0.92,-1.28,-2.08,-4.76,75.18,-25.00,-68.99,1
t,2022-10-14 16:15:46.853283,-0.07,0.40,0.92,2.14,-2.26,-5.19,75.18,-25.00,-68.99,1
