Z,2022-10-29 16:16:15.204342,0.40,0.85,-0.42,-49.87,33.08,-4.15,38.85,-14.87,-134.81,1
Z,2022-10-29 16:16:15.217352,0.38,0.85,-0.57,-52.98,24.29,-9.22,38.85,-14.87,-134.81,1
Z,2022-10-29 16:16:15.243355,0.31,0.74,-0.46,-62.93,8.12,-11.17,38.85,-14.87,-134.81,1
Z,2022-10-29 16:16:15.256358,0.30,0.60,-0.38,-52.19,17.52,10.25,35.25,-16.08,-130.70,1
Z,2022-10-29 16:16:15.282361,-1.40,1.22,-1.31,-39.00,24.78,30.09,35.25,-16.08,-130.70,1
Z,2022-10-29 16:16:15.295383,0.27,0.66,-0.69,35.83,9.16,-0.43,35.25,-16.08,-130.70,1
Z,2022-10-29 16:16:15.315642,0.63,0.78,-1.39,-11.84,28.08,6.35,32.97,-18.35,-128.64,1
Z,2022-10-29 16:16:15.328649,0.15,0.64,-0.69,-38.45,-63.11,24.72,32.97,-18.35,-128.64,1
Z,2022-10-29 16:16:15.354655,0.30,0.79,-0.67,14.16,-55.54,27.40,38.31,-16.31,-129.15,1
Z,2022-10-29 16:16:15.367661,0.28,0.70,-0.55,29.24,-49.74,21.79,38.31,-16.31,-129.15,1
Z,2022-10-29 16:16:15.393669,0.22,0.84,-0.26,35.77,-46.88,15.93,38.31,-16.31,-129.15,1
Z,2022-10-29 16:16:15.406698,0.29,0.83,-0.13,46.88,-24.23,10.56,50.33,-12.88,-131.47,1
Z,2022-10-29 16:16:15.419700,0.26,0.97,0.09,27.47,4.76,-2.20,50.33,-12.88,-131.47,1
Z,2022-10-29 16:16:15.445683,0.24,0.83,-0.07,21.97,8.54,-5.92,50.33,-12.88,-131.47,1
Z,2022-10-29 16:16:15.458691,0.16,0.84,0.00,24.05,-1.34,16.85,53.25,-10.34,-132.97,1
Z,2022-10-29 16:16:15.484689,0.18,0.95,0.05,24.78,13.73,19.41,53.25,-10.34,-132.97,1
Z,2022-10-29 16:16:15.497722,0.16,0.92,0.01,14.59,35.95,19.59,46.94,-10.50,-132.51,1
Z,2022-10-29 16:16:15.523699,0.17,0.91,-0.09,0.98,65.31,20.94,46.94,-10.50,-132.51,1
Z,2022-10-29 16:16:15.536706,0.31,0.82,-0.30,10.01,76.84,23.25,46.94,-10.50,-132.51,1
Z,2022-10-29 16:16:15.562708,0.30,0.87,-0.45,8.97,58.96,16.60,37.21,-10.01,-132.70,1
Z,2022-10-29 16:16:15.575716,0.41,0.96,-0.64,4.82,48.95,6.16,37.21,-10.01,-132.70,1
Z,2022-10-29 16:16:15.588714,0.28,0.93,-0.54,-13.85,28.87,-4.94,37.21,-10.01,-132.70,1
Z,2022-10-29 16:16:15.614722,0.34,0.85,-0.90,-21.42,16.85,-10.62,35.35,-7.79,-134.75,1
Z,2022-10-29 16:16:15.627729,0.29,0.93,-1.11,-49.07,-24.90,-13.00,35.35,-7.79,-134.75,1
Z,2022-10-29 16:16:15.653732,0.13,0.94,-0.71,-74.22,-13.12,-15.56,34.78,-4.32,-136.10,1
Z,2022-10-29 16:16:15.667049,0.37,0.23,-1.85,59.81,-84.17,58.11,34.78,-4.32,-136.10,1
Z,2022-10-29 16:16:15.692743,0.03,1.12,-0.12,36.50,-146.36,54.20,34.78,-4.32,-136.10,1
Z,2022-10-29 16:16:15.706140,-0.00,1.11,0.22,78.80,-56.03,28.02,42.59,-1.17,-138.07,1
Z,2022-10-29 16:16:15.731752,0.00,1.11,0.46,82.03,-4.09,12.82,42.59,-1.17,-138.07,1
Z,2022-10-29 16:16:15.745144,-0.15,1.24,0.41,-1.59,24.11,-11.60,50.16,-0.52,-138.81,1
Z,2022-10-29 16:16:15.757757,-0.15,1.04,-0.17,-16.36,0.18,-67.38,50.16,-0.52,-138.81,1
Z,2022-10-29 16:16:15.783796,0.07,0.86,-0.12,-18.07,-29.60,-76.60,50.16,-0.52,-138.81,1
Z,2022-10-29 16:16:15.809773,0.28,0.78,-0.10,19.10,-10.68,-58.04,52.77,-3.59,-143.07,1
Z,2022-10-29 16:16:15.822807,0.42,0.70,-0.17,47.67,11.78,-35.89,52.77,-3.59,-143.07,1
Z,2022-10-29 16:16:15.836262,0.47,0.65,-0.11,56.52,19.78,-19.90,52.77,-3.59,-143.07,1
Z,2022-10-29 16:16:15.861789,0.42,0.63,0.01,24.60,14.28,-13.55,52.15,-8.30,-142.98,1
Z,2022-10-29 16:16:15.874800,0.43,0.70,-0.06,-8.18,23.25,-4.03,52.15,-8.30,-142.98,1
Z,2022-10-29 16:16:15.900794,0.57,0.59,-0.32,-27.77,26.37,2.08,52.92,-11.38,-140.30,1
Z,2022-10-29 16:16:15.912041,0.54,0.69,-0.55,-42.36,19.78,18.13,52.92,-11.38,-140.30,1
Z,2022-10-29 16:16:15.938050,0.41,0.94,-0.73,-34.61,18.19,19.41,52.92,-11.38,-140.30,1
Z,2022-10-29 16:16:15.951457,0.42,0.88,-0.80,-14.65,14.65,12.02,54.19,-15.30,-135.36,1
Z,2022-10-29 16:16:15.977382,0.45,0.89,-0.90,-9.83,-3.54,11.17,54.19,-15.30,-135.36,1
Z,2022-10-29 16:16:15.990462,0.46,0.90,-0.77,-17.70,-29.24,3.85,54.19,-15.30,-135.36,1
