O,2022-11-08 17:46:00.738650,0.04,-1.01,0.52,31.31,37.54,-8.36,3.99,59.47,-36.29,1
O,2022-11-08 17:46:00.756588,0.05,-1.08,0.42,42.97,38.57,-4.27,3.99,59.47,-36.29,1
O,2022-11-08 17:46:00.775484,0.10,-1.07,0.32,43.76,40.41,-3.42,4.87,60.11,-34.28,1
O,2022-11-08 17:46:00.793630,0.13,-1.07,0.28,35.58,39.37,-0.31,4.87,60.11,-34.28,1
O,2022-11-08 17:46:00.811441,0.14,-1.06,0.25,21.55,34.42,3.23,4.87,60.11,-34.28,1
O,2022-11-08 17:46:00.830570,0.11,-1.05,0.22,7.39,31.07,5.19,7.30,60.89,-32.48,1
O,2022-11-08 17:46:00.848585,0.11,-1.00,0.25,1.65,28.14,4.52,7.30,60.89,-32.48,1
O,2022-11-08 17:46:00.867712,0.11,-0.96,0.27,-1.10,23.80,4.03,9.12,61.68,-32.13,1
O,2022-11-08 17:46:00.885630,0.07,-0.94,0.28,-0.12,18.86,4.39,9.12,61.68,-32.13,1
O,2022-11-08 17:46:00.903493,0.07,-0.96,0.25,11.90,10.13,2.93,9.12,61.68,-32.13,1
O,2022-11-08 17:46:00.922433,0.08,-0.99,0.17,10.19,5.00,0.92,11.22,62.83,-30.35,1
O,2022-11-08 17:46:00.940706,0.06,-1.01,0.13,-5.37,-0.55,-1.65,11.22,62.83,-30.35,1
O,2022-11-08 17:46:00.958629,0.02,-0.97,0.15,-19.29,-6.84,-2.44,11.22,62.83,-30.35,1
O,2022-11-08 17:46:00.977737,-1.40,-0.98,0.17,-20.75,-12.94,-0.37,12.43,62.88,-29.48,1
O,2022-11-08 17:46:00.995658,0.06,-0.77,0.40,-11.47,2.62,-1.83,12.43,62.88,-29.48,1
O,2022-11-08 17:46:01.013495,0.04,-1.02,0.25,-0.67,-5.07,13.67,12.43,62.88,-29.48,1
O,2022-11-08 17:46:01.032730,0.02,-0.91,0.27,-15.93,-26.55,11.96,12.94,63.26,-29.72,1
O,2022-11-08 17:46:01.050569,0.02,-0.90,0.27,-22.40,-43.88,8.54,12.94,63.26,-29.72,1
O,2022-11-08 17:46:01.069591,0.01,-0.90,0.28,-29.11,-51.21,-0.24,11.85,62.10,-33.72,1
O,2022-11-08 17:46:01.087908,-0.00,-0.84,0.33,-40.83,-43.82,-15.26,11.85,62.10,-33.72,1
O,2022-11-08 17:46:01.105909,-0.01,-0.79,0.37,-40.77,-36.25,-19.84,11.85,62.10,-33.72,1
O,2022-11-08 17:46:01.124830,-0.00,-0.74,0.42,-27.47,-32.71,-25.15,8.39,61.27,-35.82,1
O,2022-11-08 17:46:01.142969,-0.02,-0.79,0.46,-8.12,-30.40,-27.47,8.39,61.27,-35.82,1
O,2022-11-08 17:46:01.160927,-0.03,-0.78,0.48,2.14,-27.53,-30.52,8.39,61.27,-35.82,1
O,2022-11-08 17:46:01.179556,-0.04,-0.81,0.49,14.83,-11.96,-34.42,4.98,61.36,-35.96,1
O,2022-11-08 17:46:01.197685,-0.04,-0.82,0.51,32.65,-0.55,-31.13,4.98,61.36,-35.96,1
O,2022-11-08 17:46:01.215678,-0.04,-0.88,0.52,44.98,8.73,-25.45,4.98,61.36,-35.96,1
O,2022-11-08 17:46:01.234427,-0.04,-0.98,0.51,55.85,14.40,-19.10,1.03,61.34,-33.72,1
O,2022-11-08 17:46:01.252726,-0.05,-1.03,0.46,63.35,20.94,-15.56,1.03,61.34,-33.72,1
O,2022-11-08 17:46:01.271616,-0.04,-1.12,0.42,63.54,35.58,-13.18,-1.05,61.84,-30.94,1
O,2022-11-08 17:46:01.289632,-0.02,-1.10,0.36,52.55,41.75,-9.52,-1.05,61.84,-30.94,1
O,2022-11-08 17:46:01.307877,-0.02,-1.15,0.33,55.54,44.43,-1.95,-1.05,61.84,-30.94,1
O,2022-11-08 17:46:01.326504,-0.03,-1.21,0.27,51.03,41.38,4.88,-1.87,62.63,-28.06,1
O,2022-11-08 17:46:01.344606,-0.02,-1.21,0.21,48.34,33.45,10.01,-1.87,62.63,-28.06,1
O,2022-11-08 17:46:01.362489,-0.03,-1.24,0.11,41.87,28.63,14.10,-1.87,62.63,-28.06,1
O,2022-11-08 17:46:01.381748,-0.02,-1.19,0.12,21.61,31.37,15.08,-0.60,62.95,-24.13,1
O,2022-11-08 17:46:01.399494,-0.01,-1.09,0.14,11.84,30.27,20.87,-0.60,62.95,-24.13,1
O,2022-11-08 17:46:01.417521,-0.01,-1.09,0.12,7.63,24.84,29.79,-0.60,62.95,-24.13,1
O,2022-11-08 17:46:01.437184,-0.02,-1.09,0.08,-1.28,18.98,32.41,2.37,63.71,-23.52,1
O,2022-11-08 17:46:01.454578,-0.02,-1.06,0.03,-13.37,7.14,33.51,2.37,63.71,-23.52,1
O,2022-11-08 17:46:01.473497,-0.01,-1.05,0.03,-33.33,-2.01,36.25,6.71,63.96,-25.70,1
O,2022-11-08 17:46:01.491547,-0.01,-0.97,0.06,-38.02,-15.01,39.61,6.71,63.96,-25.70,1
O,2022-11-08 17:46:01.509682,-0.01,-0.94,0.04,-36.62,-37.05,41.32,6.71,63.96,-25.70,1
O,2022-11-08 17:46:01.528646,0.00,-0.96,0.07,-43.15,-60.61,39.67,10.44,64.32,-28.67,1
O,2022-11-08 17:46:01.546483,0.01,-0.91,0.16,-60.42,-85.14,33.45,10.44,64.32,-28.67,1
O,2022-11-08 17:46:01.564637,-0.05,-0.94,0.23,-93.08,-71.84,18.31,10.44,64.32,-28.67,1
O,2022-11-08 17:46:01.583733,-0.65,-0.76,0.43,-84.59,-35.34,6.23,12.00,62.37,-33.26,1
