y,2022-10-18 18:38:14.220246,-0.02,0.42,0.95,-15.69,3.48,51.51,19.43,-17.46,-172.27,1
y,2022-10-18 18:38:14.238187,-0.04,0.51,0.91,-35.03,-0.31,46.14,19.43,-17.46,-172.27,1
y,2022-10-18 18:38:14.256972,-0.05,0.65,0.85,-47.79,-1.95,41.38,22.62,-26.98,-172.64,1
y,2022-10-18 18:38:14.275203,-0.03,0.70,0.74,-49.01,-0.61,35.77,22.62,-26.98,-172.64,1
y,2022-10-18 18:38:14.293081,-0.06,0.75,0.73,-36.93,-3.72,35.22,22.62,-26.98,-172.64,1
y,2022-10-18 18:38:14.312072,-0.11,0.75,0.76,-36.74,-4.82,29.60,22.77,-34.45,-172.12,1
y,2022-10-18 18:38:14.330130,-0.12,0.70,0.78,-37.78,-4.33,23.74,22.77,-34.45,-172.12,1
y,2022-10-18 18:38:14.348163,-0.13,0.67,0.75,-46.75,-5.25,16.11,22.77,-34.45,-172.12,1
y,2022-10-18 18:38:14.367062,-0.17,0.76,0.79,-41.20,-4.70,16.05,21.63,-39.34,-170.73,1
y,2022-10-18 18:38:14.385098,-0.17,0.84,0.75,-34.00,-2.69,9.77,21.63,-39.34,-170.73,1
y,2022-10-18 18:38:14.403206,-0.16,0.75,0.75,-34.91,-1.95,3.36,21.63,-39.34,-170.73,1
y,2022-10-18 18:38:14.422063,-0.16,0.85,0.72,-37.11,-3.42,-0.18,20.23,-42.11,-169.26,1
y,2022-10-18 18:38:14.440029,-0.15,0.82,0.69,-42.54,0.49,-9.40,20.23,-42.11,-169.26,1
y,2022-10-18 18:38:14.458976,-0.13,0.66,0.66,-18.68,-1.46,-5.49,19.19,-44.62,-166.76,1
y,2022-10-18 18:38:14.477128,-0.25,0.67,0.80,-10.38,-1.89,1.28,19.19,-44.62,-166.76,1
y,2022-10-18 18:38:14.495059,-0.23,0.73,0.77,-9.64,3.42,3.17,19.19,-44.62,-166.76,1
y,2022-10-18 18:38:14.514090,-0.16,0.76,0.67,-17.15,4.82,-4.94,17.98,-45.85,-166.14,1
y,2022-10-18 18:38:14.531976,-0.10,0.65,0.59,-11.41,2.32,-4.64,17.98,-45.85,-166.14,1
y,2022-10-18 18:38:14.550142,-0.10,0.60,0.57,-7.51,-3.72,0.24,17.98,-45.85,-166.14,1
y,2022-10-18 18:38:14.569066,-0.12,0.69,0.52,-18.98,-10.19,-3.66,16.04,-46.90,-164.38,1
y,2022-10-18 18:38:14.587087,-0.13,0.69,0.53,-24.84,-16.54,-7.75,16.04,-46.90,-164.38,1
y,2022-10-18 18:38:14.605976,-0.11,0.66,0.45,-7.20,-21.61,-2.99,14.54,-46.81,-163.42,1
y,2022-10-18 18:38:14.624240,-0.21,0.58,0.60,4.03,-25.51,2.38,14.54,-46.81,-163.42,1
y,2022-10-18 18:38:14.641968,-0.28,0.47,0.69,14.53,-22.09,8.97,14.54,-46.81,-163.42,1
y,2022-10-18 18:38:14.660940,-0.26,0.50,0.59,11.84,-19.17,12.21,13.43,-45.87,-161.77,1
y,2022-10-18 18:38:14.678968,-0.30,0.61,0.31,15.08,17.94,1.46,13.43,-45.87,-161.77,1
y,2022-10-18 18:38:14.696998,-0.18,0.42,0.61,17.40,-4.39,18.07,13.43,-45.87,-161.77,1
y,2022-10-18 18:38:14.716141,-0.17,0.49,0.62,14.95,-21.97,21.12,14.34,-45.51,-159.83,1
y,2022-10-18 18:38:14.734004,-0.21,0.57,0.65,10.13,-30.03,22.34,14.34,-45.51,-159.83,1
y,2022-10-18 18:38:14.751952,-0.22,0.64,0.58,0.18,-28.99,16.85,14.34,-45.51,-159.83,1
y,2022-10-18 18:38:14.770901,-0.21,0.68,0.59,7.63,-21.48,15.99,17.08,-45.70,-158.19,1
y,2022-10-18 18:38:14.789079,-0.27,0.80,0.75,15.20,-17.09,16.91,17.08,-45.70,-158.19,1
y,2022-10-18 18:38:14.807883,-0.28,0.88,0.80,13.79,-10.93,10.07,21.26,-47.58,-158.90,1
y,2022-10-18 18:38:14.826057,-0.30,1.01,0.89,10.80,-6.10,-1.28,21.26,-47.58,-158.90,1
y,2022-10-18 18:38:14.844092,-0.25,0.96,0.93,11.11,1.71,-17.03,21.26,-47.58,-158.90,1
y,2022-10-18 18:38:14.862977,-0.15,0.77,0.94,15.69,3.97,-16.66,25.38,-49.17,-161.08,1
y,2022-10-18 18:38:14.880926,-0.13,0.69,0.96,21.79,0.61,-12.27,25.38,-49.17,-161.08,1
y,2022-10-18 18:38:14.899059,-0.20,0.83,1.00,22.71,-4.58,-9.95,25.38,-49.17,-161.08,1
y,2022-10-18 18:38:14.917881,-0.29,1.12,1.12,1.89,1.22,-37.35,25.39,-47.53,-160.97,1
y,2022-10-18 18:38:14.936204,-0.05,0.53,0.73,-16.72,23.93,-77.03,25.39,-47.53,-160.97,1
y,2022-10-18 18:38:14.955102,-0.05,0.46,0.72,16.17,16.42,-37.48,22.96,-44.96,-160.39,1
y,2022-10-18 18:38:14.972884,-0.09,0.50,0.78,31.13,9.89,-15.26,22.96,-44.96,-160.39,1
y,2022-10-18 18:38:14.991016,-0.09,0.39,0.72,29.85,7.02,-9.64,22.96,-44.96,-160.39,1
y,2022-10-18 18:38:15.010026,-0.11,0.45,0.70,5.37,7.57,-16.11,20.56,-43.68,-162.34,1
y,2022-10-18 18:38:15.028018,-0.11,0.24,0.48,16.17,-5.80,6.96,20.56,-43.68,-162.34,1
y,2022-10-18 18:38:15.046230,-0.14,0.46,0.71,13.12,-12.70,14.47,20.56,-43.68,-162.34,1
y,2022-10-18 18:38:15.065129,-0.19,0.47,0.62,-2.62,-2.32,-1.10,18.65,-42.96,-162.62,1
y,2022-10-18 18:38:15.083076,-0.16,0.52,0.67,-14.77,10.68,-14.53,18.65,-42.96,-162.62,1
y,2022-10-18 18:38:15.101088,-0.15,0.54,0.70,-21.67,24.11,-24.29,18.65,-42.96,-162.62,1
y,2022-10-18 18:38:15.120171,-0.19,0.42,0.37,-27.16,29.11,-30.40,19.54,-43.55,-161.91,1
y,2022-10-18 18:38:15.138079,-0.09,0.48,0.64,3.05,-7.81,-2.62,19.54,-43.55,-161.91,1
y,2022-10-18 18:38:15.157099,-0.12,0.49,0.66,15.38,-11.35,12.45,21.74,-43.70,-161.98,1
y,2022-10-18 18:38:15.174976,-0.12,0.49,0.68,23.99,-12.51,19.96,21.74,-43.70,-161.98,1
y,2022-10-18 18:38:15.193048,-0.10,0.42,0.72,17.27,-13.43,17.21,21.74,-43.70,-161.98,1
y,2022-10-18 18:38:15.212033,-0.09,0.39,0.70,17.09,-14.22,22.22,24.78,-44.58,-161.88,1
y,2022-10-18 18:38:15.229975,-0.08,0.42,0.73,17.27,-15.44,29.36,24.78,-44.58,-161.88,1
y,2022-10-18 18:38:15.248056,-0.11,0.48,0.81,12.94,-15.93,35.10,24.78,-44.58,-161.88,1
y,2022-10-18 18:38:15.267030,-0.16,0.55,0.81,10.93,-16.78,36.19,28.74,-47.66,-163.71,1
y,2022-10-18 18:38:15.285188,-0.18,0.61,0.83,1.71,-17.33,30.03,28.74,-47.66,-163.71,1
y,2022-10-18 18:38:15.303980,-0.16,0.58,0.85,2.81,-15.20,28.44,31.71,-51.95,-168.76,1
y,2022-10-18 18:38:15.322085,-0.15,0.50,0.82,12.88,-18.49,36.93,31.71,-51.95,-168.76,1
y,2022-10-18 18:38:15.339951,-0.25,0.65,0.88,3.11,-21.24,32.71,31.71,-51.95,-168.76,1
y,2022-10-18 18:38:15.359063,-0.30,0.77,0.90,-0.43,-17.40,26.43,32.03,-55.53,-175.72,1
y,2022-10-18 18:38:15.377176,-0.29,0.74,0.84,-0.98,-8.12,17.21,32.03,-55.53,-175.72,1
y,2022-10-18 18:38:15.395043,-0.31,0.76,0.87,8.12,-5.13,15.50,32.03,-55.53,-175.72,1
y,2022-10-18 18:38:15.414086,-0.35,0.81,0.94,8.12,-0.12,3.48,31.51,-56.53,-180.53,1
y,2022-10-18 18:38:15.432041,-0.33,0.79,0.86,2.38,-0.31,-9.64,31.51,-56.53,-180.53,1
y,2022-10-18 18:38:15.450062,-0.27,0.67,0.83,12.21,-8.67,-7.69,31.51,-56.53,-180.53,1
y,2022-10-18 18:38:15.469087,-0.22,0.60,0.90,21.48,-11.72,2.56,31.29,-56.13,-180.44,1
y,2022-10-18 18:38:15.486972,-0.32,0.73,0.97,8.42,12.08,-8.85,31.29,-56.13,-180.44,1
y,2022-10-18 18:38:15.506097,-0.28,0.65,0.83,-10.62,19.71,-29.17,31.34,-54.53,-177.70,1
y,2022-10-18 18:38:15.524179,-0.33,0.70,0.86,-13.85,16.24,-32.10,31.34,-54.53,-177.70,1
y,2022-10-18 18:38:15.542060,-0.50,0.62,0.98,-14.83,20.14,-40.22,31.34,-54.53,-177.70,1
y,2022-10-18 18:38:15.560833,-0.39,0.70,0.89,13.55,26.12,-15.08,31.24,-52.31,-172.23,1
y,2022-10-18 18:38:15.578954,-0.35,0.61,0.83,16.60,24.66,-17.46,31.24,-52.31,-172.23,1
y,2022-10-18 18:38:15.597084,-0.26,0.66,0.69,12.63,27.10,-17.52,31.24,-52.31,-172.23,1
y,2022-10-18 18:38:15.615882,-0.21,0.62,0.66,4.46,23.38,-25.57,26.59,-47.30,-169.80,1
y,2022-10-18 18:38:15.633980,-0.19,0.60,0.66,1.65,19.53,-26.79,26.59,-47.30,-169.80,1
y,2022-10-18 18:38:15.652863,-0.15,0.58,0.65,2.81,15.20,-26.00,24.11,-44.80,-167.59,1
