h,2022-10-31 15:06:19.409306,0.46,0.08,0.64,-64.03,23.38,133.85,-5.57,-13.76,-96.75,1
h,2022-10-31 15:06:19.427775,0.37,0.53,0.65,-91.19,10.56,123.41,-5.57,-13.76,-96.75,1
h,2022-10-31 15:06:19.446762,0.29,0.85,0.69,-96.31,5.19,103.70,-23.54,-23.41,-93.52,1
h,2022-10-31 15:06:19.463971,0.29,1.10,0.71,-87.59,10.31,72.57,-23.54,-23.41,-93.52,1
h,2022-10-31 15:06:19.483620,0.32,1.40,0.65,-70.68,12.51,58.72,-41.64,-15.12,-104.27,1
h,2022-10-31 15:06:19.500802,0.32,1.45,0.60,-43.64,11.96,48.65,-41.64,-15.12,-104.27,1
h,2022-10-31 15:06:19.519080,0.37,1.37,0.54,-23.99,8.73,35.71,-41.64,-15.12,-104.27,1
h,2022-10-31 15:06:19.538569,0.34,1.30,0.53,-21.36,5.07,20.94,-44.45,-1.97,-111.80,1
h,2022-10-31 15:06:19.556905,0.25,1.18,0.55,-23.13,4.70,-3.42,-44.45,-1.97,-111.80,1
h,2022-10-31 15:06:19.574954,0.25,1.08,0.54,-24.72,5.49,-18.74,-44.45,-1.97,-111.80,1
h,2022-10-31 15:06:19.593089,0.25,0.89,0.56,-20.69,1.83,-27.40,-45.61,3.93,-113.84,1
h,2022-10-31 15:06:19.611314,0.27,0.70,0.57,-14.40,-6.23,-26.37,-45.61,3.93,-113.84,1
h,2022-10-31 15:06:19.629353,0.20,0.62,0.67,-13.79,-12.27,-18.74,-45.61,3.93,-113.84,1
h,2022-10-31 15:06:19.647803,0.16,0.59,0.69,-5.43,-11.05,-10.01,-48.24,8.18,-114.86,1
h,2022-10-31 15:06:19.666240,0.17,0.55,0.70,3.60,-10.50,-3.05,-48.24,8.18,-114.86,1
h,2022-10-31 15:06:19.685346,0.18,0.62,0.66,11.41,-10.07,2.93,-50.56,13.66,-115.45,1
h,2022-10-31 15:06:19.703625,0.21,0.68,0.63,-12.82,-18.13,-22.77,-50.56,13.66,-115.45,1
h,2022-10-31 15:06:19.721312,0.19,0.61,0.75,-20.02,-20.08,-31.43,-50.56,13.66,-115.45,1
h,2022-10-31 15:06:19.740769,0.30,0.56,0.66,2.38,-15.56,-12.82,-53.50,16.54,-115.34,1
h,2022-10-31 15:06:19.758737,0.25,0.60,0.59,-8.79,-18.86,-7.02,-53.50,16.54,-115.34,1
h,2022-10-31 15:06:19.776986,0.09,0.86,0.79,1.89,-8.06,-17.21,-53.50,16.54,-115.34,1
h,2022-10-31 15:06:19.795265,0.30,0.48,0.74,72.63,4.94,10.50,-54.50,18.55,-116.89,1
h,2022-10-31 15:06:19.812823,0.24,0.51,0.78,14.77,0.61,-3.23,-54.50,18.55,-116.89,1
h,2022-10-31 15:06:19.832909,0.27,0.49,0.74,-7.08,-1.46,-2.26,-55.26,18.88,-115.47,1
h,2022-10-31 15:06:19.850693,0.23,0.34,0.71,-46.02,-0.49,-5.80,-55.26,18.88,-115.47,1
h,2022-10-31 15:06:19.868655,0.53,0.47,1.01,-4.27,-54.75,-0.55,-55.26,18.88,-115.47,1
h,2022-10-31 15:06:19.887462,0.17,0.41,0.59,-42.91,-31.86,3.78,-53.77,18.59,-115.69,1
h,2022-10-31 15:06:19.905304,0.20,0.49,0.61,-26.61,-27.83,10.99,-53.77,18.59,-115.69,1
h,2022-10-31 15:06:19.923264,0.20,0.56,0.62,-21.61,-23.07,12.15,-53.77,18.59,-115.69,1
h,2022-10-31 15:06:19.942603,0.19,0.63,0.71,-15.38,-22.95,15.44,-49.32,20.52,-115.04,1
h,2022-10-31 15:06:19.959928,0.23,0.62,0.82,-6.47,-25.63,16.11,-49.32,20.52,-115.04,1
h,2022-10-31 15:06:19.978939,0.22,0.76,0.81,-17.94,-22.34,11.96,-49.32,20.52,-115.04,1
h,2022-10-31 15:06:19.997743,0.26,0.84,0.84,-3.48,-18.74,12.33,-42.80,20.73,-115.19,1
h,2022-10-31 15:06:20.015173,0.23,0.82,0.86,0.61,-15.75,3.42,-42.80,20.73,-115.19,1
h,2022-10-31 15:06:20.034352,0.23,0.79,0.85,18.37,-15.99,4.64,-40.04,19.93,-116.33,1
h,2022-10-31 15:06:20.051931,0.25,0.76,0.89,23.86,-10.01,6.77,-40.04,19.93,-116.33,1
h,2022-10-31 15:06:20.070614,0.23,0.74,0.88,34.36,-0.85,5.43,-40.04,19.93,-116.33,1
h,2022-10-31 15:06:20.088987,0.23,0.74,0.85,59.08,1.10,5.55,-39.69,20.18,-116.66,1
h,2022-10-31 15:06:20.107518,0.27,0.71,0.99,72.51,8.06,-2.08,-39.69,20.18,-116.66,1
h,2022-10-31 15:06:20.125315,0.20,0.60,0.85,19.84,30.70,-15.81,-39.69,20.18,-116.66,1
h,2022-10-31 15:06:20.144314,0.19,0.56,0.79,26.73,23.56,-11.60,-42.74,22.12,-114.76,1
h,2022-10-31 15:06:20.162749,0.18,0.67,0.77,20.63,21.12,-15.20,-42.74,22.12,-114.76,1
h,2022-10-31 15:06:20.181035,0.18,0.72,0.76,15.20,25.51,-43.03,-47.95,21.13,-114.83,1
h,2022-10-31 15:06:20.199594,0.19,0.62,0.65,4.03,24.17,-43.64,-47.95,21.13,-114.83,1
h,2022-10-31 15:06:20.217079,0.17,0.65,0.61,0.06,16.72,-43.15,-47.95,21.13,-114.83,1
h,2022-10-31 15:06:20.236321,0.15,0.49,0.62,12.88,7.32,-42.97,-55.21,16.10,-113.90,1
h,2022-10-31 15:06:20.254727,0.18,0.40,0.63,26.37,-1.28,-31.07,-55.21,16.10,-113.90,1
h,2022-10-31 15:06:20.272968,0.21,0.39,0.64,33.39,-6.84,-12.21,-55.21,16.10,-113.90,1
h,2022-10-31 15:06:20.291731,0.18,0.25,0.65,21.48,-14.77,-11.90,-59.91,10.07,-112.28,1
h,2022-10-31 15:06:20.309543,0.22,0.20,0.68,22.58,-20.69,-3.42,-59.91,10.07,-112.28,1
h,2022-10-31 15:06:20.327644,0.23,0.17,0.72,13.12,-25.15,-3.91,-59.91,10.07,-112.28,1
h,2022-10-31 15:06:20.346864,0.23,0.18,0.75,-12.02,-25.45,-8.36,-61.16,6.68,-111.56,1
h,2022-10-31 15:06:20.364264,0.23,0.19,0.83,-32.17,-32.29,-2.08,-61.16,6.68,-111.56,1
h,2022-10-31 15:06:20.383635,0.24,0.31,0.82,-38.94,-28.14,10.38,-58.63,6.31,-111.29,1
h,2022-10-31 15:06:20.400994,0.22,0.55,0.79,-42.11,-22.52,13.24,-58.63,6.31,-111.29,1
h,2022-10-31 15:06:20.420014,0.23,0.61,0.78,-17.27,-20.45,19.41,-58.63,6.31,-111.29,1
h,2022-10-31 15:06:20.438353,0.24,0.64,0.87,11.66,-13.85,23.56,-53.19,8.83,-113.64,1
h,2022-10-31 15:06:20.456726,0.23,0.68,0.91,10.01,-7.20,16.54,-53.19,8.83,-113.64,1
h,2022-10-31 15:06:20.474299,0.21,0.69,0.94,8.79,-3.91,11.05,-53.19,8.83,-113.64,1
h,2022-10-31 15:06:20.493892,0.23,0.65,0.95,18.62,-2.26,10.19,-50.39,9.88,-116.52,1
h,2022-10-31 15:06:20.511773,0.21,0.67,0.94,13.18,3.85,5.74,-50.39,9.88,-116.52,1
h,2022-10-31 15:06:20.530577,0.14,0.60,0.91,19.90,5.49,8.54,-49.91,10.89,-115.98,1
h,2022-10-31 15:06:20.547887,-0.09,0.68,1.06,3.17,9.89,3.30,-49.91,10.89,-115.98,1
h,2022-10-31 15:06:20.566265,-0.20,0.80,1.11,-3.91,31.43,-14.16,-49.91,10.89,-115.98,1
