L,2022-10-25 16:55:14.213644,0.78,0.17,-0.76,20.81,-18.55,6.04,3.61,55.52,-76.49,1
L,2022-10-25 16:55:14.233037,0.76,0.28,-0.83,-0.49,8.06,0.06,10.53,56.21,-78.43,1
L,2022-10-25 16:55:14.251497,0.63,0.35,-0.92,-25.39,20.94,-4.70,10.53,56.21,-78.43,1
L,2022-10-25 16:55:14.269710,0.45,0.40,-0.97,-62.56,15.87,-7.26,14.76,60.74,-83.63,1
L,2022-10-25 16:55:14.288547,0.41,0.30,-0.97,-71.41,14.77,-11.60,14.76,60.74,-83.63,1
L,2022-10-25 16:55:14.306656,0.30,0.20,-0.97,-73.91,19.29,-9.28,14.76,60.74,-83.63,1
L,2022-10-25 16:55:14.326241,0.28,0.09,-0.98,-72.51,23.86,-4.94,15.04,65.28,-86.83,1
L,2022-10-25 16:55:14.344053,0.33,0.02,-0.85,-71.04,27.47,7.51,15.04,65.28,-86.83,1
L,2022-10-25 16:55:14.363609,0.38,-0.05,-0.65,-67.75,35.77,7.08,15.04,65.28,-86.83,1
L,2022-10-25 16:55:14.382800,0.21,-0.25,-0.54,-69.03,61.89,12.63,15.27,68.58,-90.42,1
L,2022-10-25 16:55:14.401123,0.23,-0.37,-0.94,103.15,4.21,-18.98,15.27,68.58,-90.42,1
L,2022-10-25 16:55:14.420986,0.35,0.13,-0.66,60.30,0.61,-23.01,18.30,66.92,-86.16,1
L,2022-10-25 16:55:14.440003,-0.36,-0.08,-0.55,-4.52,-27.65,18.07,18.30,66.92,-86.16,1
L,2022-10-25 16:55:14.458273,0.29,0.17,-0.78,28.87,43.95,30.09,18.30,66.92,-86.16,1
L,2022-10-25 16:55:14.478158,0.42,0.23,-0.85,0.55,24.23,24.72,16.66,68.62,-83.46,1
L,2022-10-25 16:55:14.495970,0.33,0.09,-0.99,2.62,3.54,1.04,16.66,68.62,-83.46,1
L,2022-10-25 16:55:14.514408,0.30,-0.14,-1.15,10.68,-7.26,-7.57,16.66,68.62,-83.46,1
L,2022-10-25 16:55:14.533786,0.35,-0.12,-1.32,-0.37,-15.26,9.34,13.83,68.48,-78.69,1
L,2022-10-25 16:55:14.553062,0.38,-0.13,-1.37,-11.66,-10.68,13.55,13.83,68.48,-78.69,1
L,2022-10-25 16:55:14.572287,0.39,-0.11,-1.32,-18.01,-7.75,8.24,12.71,69.25,-78.53,1
L,2022-10-25 16:55:14.589848,0.36,-0.08,-1.26,-9.70,6.35,-15.93,12.71,69.25,-78.53,1
L,2022-10-25 16:55:14.607918,0.26,-0.09,-1.10,-6.96,15.14,-29.66,12.71,69.25,-78.53,1
L,2022-10-25 16:55:14.626935,0.22,-0.07,-1.03,-5.00,28.44,-37.54,11.67,70.89,-78.72,1
L,2022-10-25 16:55:14.645138,0.20,-0.82,-1.17,0.24,28.26,-13.49,11.67,70.89,-78.72,1
L,2022-10-25 16:55:14.665557,-0.01,-0.54,-1.02,0.92,1.65,67.93,11.67,70.89,-78.72,1
L,2022-10-25 16:55:14.683834,0.16,-0.25,-0.84,40.34,2.50,48.71,20.48,70.17,-83.86,1
L,2022-10-25 16:55:14.702276,0.27,0.05,-0.85,95.34,5.74,8.24,20.48,70.17,-83.86,1
L,2022-10-25 16:55:14.720654,0.36,0.55,-0.85,128.72,3.05,-25.45,38.48,64.40,-88.95,1
L,2022-10-25 16:55:14.738727,0.43,0.71,-0.91,95.95,-4.03,-37.78,38.48,64.40,-88.95,1
L,2022-10-25 16:55:14.757075,0.44,0.69,-0.99,10.56,-5.31,-10.13,38.48,64.40,-88.95,1
L,2022-10-25 16:55:14.775515,0.24,0.24,-1.08,-51.76,-12.02,23.32,44.82,60.58,-88.68,1
L,2022-10-25 16:55:14.794372,0.21,0.04,-1.13,-86.43,-6.04,49.38,44.82,60.58,-88.68,1
L,2022-10-25 16:55:14.811811,0.16,0.09,-1.05,-80.38,26.43,4.21,44.82,60.58,-88.68,1
L,2022-10-25 16:55:14.831881,-0.21,-0.17,-1.29,2.08,-22.58,-61.65,41.17,60.74,-91.35,1
L,2022-10-25 16:55:14.850193,0.02,-0.50,-1.13,72.14,-55.11,-61.58,41.17,60.74,-91.35,1
L,2022-10-25 16:55:14.869716,0.14,-0.27,-1.08,75.74,-66.35,-22.34,38.61,52.06,-90.99,1
L,2022-10-25 16:55:14.888550,0.48,-0.24,-0.89,77.27,-66.89,-18.86,38.61,52.06,-90.99,1
L,2022-10-25 16:55:14.906443,0.61,-0.10,-0.85,64.94,-48.52,-12.27,38.61,52.06,-90.99,1
L,2022-10-25 16:55:14.925798,0.71,0.00,-0.83,54.20,-26.55,-3.48,39.44,41.94,-94.76,1
L,2022-10-25 16:55:14.943359,0.71,0.20,-0.84,25.15,3.11,6.53,39.44,41.94,-94.76,1
L,2022-10-25 16:55:14.962042,0.67,0.41,-0.89,-2.26,16.72,5.49,39.44,41.94,-94.76,1
L,2022-10-25 16:55:14.981030,0.59,0.41,-0.94,-30.94,22.64,8.24,43.20,37.21,-98.84,1
L,2022-10-25 16:55:14.999544,0.41,0.41,-0.95,-65.92,19.35,14.89,43.20,37.21,-98.84,1
L,2022-10-25 16:55:15.019578,0.29,0.42,-0.99,-96.25,13.55,15.32,47.96,36.07,-106.42,1
L,2022-10-25 16:55:15.037146,0.27,0.21,-0.93,-78.43,15.32,4.46,47.96,36.07,-106.42,1
L,2022-10-25 16:55:15.054802,0.25,0.12,-0.91,-63.17,17.03,1.71,47.96,36.07,-106.42,1
L,2022-10-25 16:55:15.073979,0.27,0.02,-0.87,-59.08,15.69,5.98,49.85,37.26,-111.74,1
L,2022-10-25 16:55:15.093268,0.22,-0.11,-0.65,-59.45,19.23,9.58,49.85,37.26,-111.74,1
L,2022-10-25 16:55:15.110608,-0.15,0.03,-1.14,-35.95,16.78,17.40,49.85,37.26,-111.74,1
L,2022-10-25 16:55:15.130713,0.27,-0.08,-0.85,36.80,3.60,-12.02,53.14,38.06,-113.07,1
L,2022-10-25 16:55:15.148939,0.29,0.01,-0.80,6.41,-11.05,-3.17,53.14,38.06,-113.07,1
L,2022-10-25 16:55:15.168786,-0.30,-0.08,-0.70,-8.00,7.57,21.73,57.25,34.62,-111.68,1
L,2022-10-25 16:55:15.186389,0.12,0.16,-0.61,12.45,37.96,22.52,57.25,34.62,-111.68,1
L,2022-10-25 16:55:15.204788,0.34,0.21,-0.74,16.48,38.51,10.38,57.25,34.62,-111.68,1
L,2022-10-25 16:55:15.223705,0.28,0.07,-0.80,13.85,12.45,-4.58,60.57,36.12,-105.25,1
L,2022-10-25 16:55:15.242360,0.38,0.03,-1.18,24.84,-8.00,-10.07,60.57,36.12,-105.25,1
L,2022-10-25 16:55:15.259468,0.44,-0.03,-1.40,17.15,-18.74,-2.14,60.57,36.12,-105.25,1
L,2022-10-25 16:55:15.279045,0.46,-0.24,-1.45,-5.43,-27.65,13.55,65.58,36.56,-97.07,1
L,2022-10-25 16:55:15.297075,0.39,-0.12,-1.43,-24.41,-25.15,20.39,65.58,36.56,-97.07,1
L,2022-10-25 16:55:15.316000,0.54,0.00,-1.42,-15.32,-2.38,-12.82,67.09,36.95,-95.42,1
L,2022-10-25 16:55:15.333589,0.25,-0.10,-1.15,-2.50,22.71,-32.47,67.09,36.95,-95.42,1
L,2022-10-25 16:55:15.352496,0.27,-0.09,-1.06,4.33,49.01,-45.29,67.09,36.95,-95.42,1
L,2022-10-25 16:55:15.371994,0.29,-0.79,-1.01,14.59,27.71,-15.32,64.36,37.48,-95.89,1
L,2022-10-25 16:55:15.390428,0.15,-0.49,-0.86,17.70,8.48,32.41,64.36,37.48,-95.89,1
L,2022-10-25 16:55:15.407329,0.11,-0.23,-0.81,51.33,2.20,28.38,64.36,37.48,-95.89,1
L,2022-10-25 16:55:15.426519,0.19,0.17,-0.76,94.67,4.58,6.65,65.37,23.36,-97.71,1
L,2022-10-25 16:55:15.444722,0.35,0.52,-0.76,107.97,3.54,-16.91,65.37,23.36,-97.71,1
L,2022-10-25 16:55:15.462861,0.48,0.89,-0.87,68.79,1.40,-26.49,65.37,23.36,-97.71,1
L,2022-10-25 16:55:15.482196,0.27,0.46,-1.01,-0.98,-8.91,-6.35,67.15,12.78,-93.97,1
L,2022-10-25 16:55:15.499250,0.21,0.16,-1.15,-63.42,-14.59,50.78,67.15,12.78,-93.97,1
L,2022-10-25 16:55:15.518859,0.14,0.06,-1.06,-96.25,3.60,64.33,66.28,11.24,-95.67,1
L,2022-10-25 16:55:15.537159,0.27,0.04,-1.18,-45.35,41.50,-20.81,66.28,11.24,-95.67,1
L,2022-10-25 16:55:15.555257,-0.15,-0.33,-1.29,31.56,-26.37,-48.52,66.28,11.24,-95.67,1
L,2022-10-25 16:55:15.573948,0.09,-0.42,-1.11,82.21,-53.71,-37.72,59.27,13.79,-94.20,1
