S,2022-10-27 12:47:05.354720,0.46,-0.56,0.69,-0.31,37.05,-42.18,-11.93,-36.38,-177.72,1
S,2022-10-27 12:47:05.373716,0.42,-0.60,0.69,-1.59,33.39,-39.61,-11.85,-33.13,-174.74,1
S,2022-10-27 12:47:05.391942,0.38,-0.66,0.62,0.49,35.28,-32.41,-11.85,-33.13,-174.74,1
S,2022-10-27 12:47:05.409739,0.44,-0.68,0.51,1.28,33.02,-26.31,-11.85,-33.13,-174.74,1
S,2022-10-27 12:47:05.428792,0.47,-0.69,0.46,-4.70,21.61,-26.12,-12.57,-29.86,-172.28,1
S,2022-10-27 12:47:05.446962,0.47,-0.66,0.47,-14.53,6.10,-25.82,-12.57,-29.86,-172.28,1
S,2022-10-27 12:47:05.464826,0.47,-0.63,0.42,-13.92,-5.00,-24.35,-12.57,-29.86,-172.28,1
S,2022-10-27 12:47:05.483888,0.45,-0.61,0.46,-12.02,-20.75,-24.29,-14.53,-28.87,-170.34,1
S,2022-10-27 12:47:05.501954,0.31,-0.68,0.55,-14.83,-29.36,-23.93,-14.53,-28.87,-170.34,1
S,2022-10-27 12:47:05.520880,0.27,-0.65,0.61,-17.94,-27.40,-16.36,-14.17,-28.86,-167.26,1
S,2022-10-27 12:47:05.538900,0.30,-0.62,0.61,-22.28,-16.60,-7.75,-14.17,-28.86,-167.26,1
S,2022-10-27 12:47:05.556929,0.07,-0.41,0.88,-4.76,-10.56,-9.34,-14.17,-28.86,-167.26,1
S,2022-10-27 12:47:05.575590,0.32,-0.51,0.69,-1.95,23.01,20.14,-12.94,-29.77,-166.35,1
S,2022-10-27 12:47:05.593742,0.43,-0.77,0.67,-11.29,12.63,9.95,-12.94,-29.77,-166.35,1
S,2022-10-27 12:47:05.611721,0.33,-0.71,0.59,-13.67,-13.24,28.87,-12.94,-29.77,-166.35,1
S,2022-10-27 12:47:05.630812,0.30,-0.63,0.59,-5.74,-26.61,43.52,-11.79,-32.46,-168.57,1
S,2022-10-27 12:47:05.648808,0.27,-0.54,0.62,-6.65,-28.69,45.41,-11.79,-32.46,-168.57,1
S,2022-10-27 12:47:05.666733,0.29,-0.44,0.63,-12.27,-26.79,38.76,-11.79,-32.46,-168.57,1
S,2022-10-27 12:47:05.685819,0.29,-0.35,0.73,-16.60,-32.04,27.83,-10.33,-35.97,-170.72,1
S,2022-10-27 12:47:05.703732,0.31,-0.22,0.81,-13.73,-33.51,13.37,-10.33,-35.97,-170.72,1
S,2022-10-27 12:47:05.722744,0.33,-0.20,0.89,-4.76,-37.72,4.39,-8.80,-39.53,-172.50,1
S,2022-10-27 12:47:05.740727,0.33,-0.17,0.90,5.43,-33.20,-0.85,-8.80,-39.53,-172.50,1
S,2022-10-27 12:47:05.758726,0.33,-0.18,0.92,15.20,-25.45,-7.20,-8.80,-39.53,-172.50,1
S,2022-10-27 12:47:05.777697,0.33,-0.21,0.93,9.83,-2.20,-22.95,-8.57,-38.75,-172.36,1
S,2022-10-27 12:47:05.795629,0.32,-0.31,0.91,10.01,9.03,-34.24,-8.57,-38.75,-172.36,1
S,2022-10-27 12:47:05.813727,0.37,-0.33,0.87,19.04,15.44,-36.99,-8.57,-38.75,-172.36,1
S,2022-10-27 12:47:05.832610,0.42,-0.35,0.79,27.10,14.40,-42.91,-8.52,-35.74,-168.47,1
S,2022-10-27 12:47:05.850785,0.30,-0.58,0.81,34.00,8.00,-39.00,-8.52,-35.74,-168.47,1
S,2022-10-27 12:47:05.869730,0.21,-0.83,0.71,26.61,-0.55,-45.96,-10.97,-31.18,-165.80,1
S,2022-10-27 12:47:05.887740,0.32,-0.64,0.67,20.57,-3.72,-35.83,-10.97,-31.18,-165.80,1
S,2022-10-27 12:47:05.905728,0.28,-0.82,0.60,18.49,-6.23,-34.42,-10.97,-31.18,-165.80,1
S,2022-10-27 12:47:05.924827,0.32,-0.80,0.61,19.41,-11.11,-10.74,-13.66,-29.76,-163.50,1
S,2022-10-27 12:47:05.942742,0.27,-0.85,0.60,16.91,-12.02,-3.66,-13.66,-29.76,-163.50,1
S,2022-10-27 12:47:05.960743,0.26,-0.87,0.58,6.65,-13.18,-3.97,-13.66,-29.76,-163.50,1
S,2022-10-27 12:47:05.979968,0.25,-0.91,0.55,-4.39,-16.85,-1.77,-14.64,-29.74,-164.42,1
S,2022-10-27 12:47:05.997794,0.31,-0.70,0.72,-10.19,-27.59,9.34,-14.64,-29.74,-164.42,1
S,2022-10-27 12:47:06.015914,0.24,-0.81,0.75,-5.92,-35.58,21.18,-14.64,-29.74,-164.42,1
S,2022-10-27 12:47:06.034804,0.24,-0.72,0.61,-5.98,-34.06,24.96,-12.15,-31.99,-166.15,1
S,2022-10-27 12:47:06.052832,0.25,-0.66,0.71,-5.74,-34.67,25.33,-12.15,-31.99,-166.15,1
S,2022-10-27 12:47:06.071792,0.30,-0.72,0.72,-8.97,-28.14,26.06,-11.41,-35.49,-168.43,1
S,2022-10-27 12:47:06.089749,0.26,-0.59,0.84,-16.66,-17.64,29.85,-11.41,-35.49,-168.43,1
S,2022-10-27 12:47:06.107814,0.31,-0.47,0.97,-21.73,-9.89,28.38,-11.41,-35.49,-168.43,1
S,2022-10-27 12:47:06.126818,0.32,-0.44,0.99,-23.38,5.37,18.68,-11.00,-38.96,-172.33,1
S,2022-10-27 12:47:06.144754,0.30,-0.31,0.98,-10.93,6.53,29.11,-11.00,-38.96,-172.33,1
S,2022-10-27 12:47:06.162590,0.23,-0.31,0.95,0.43,10.38,26.98,-11.00,-38.96,-172.33,1
S,2022-10-27 12:47:06.181511,0.13,-0.42,0.96,18.98,12.76,27.10,-10.94,-40.88,-172.68,1
S,2022-10-27 12:47:06.199589,0.12,-0.56,0.89,32.65,13.61,29.24,-10.94,-40.88,-172.68,1
S,2022-10-27 12:47:06.218578,0.15,-0.67,0.79,39.43,11.78,31.07,-11.73,-39.49,-173.88,1
S,2022-10-27 12:47:06.236545,0.19,-0.76,0.65,35.95,11.23,28.32,-11.73,-39.49,-173.88,1
