s,2022-10-14 15:57:02.235351,0.03,0.04,0.98,6.16,1.71,-1.16,68.66,34.99,-72.55,1
s,2022-10-14 15:57:02.254695,0.05,0.05,1.01,3.11,1.10,-5.07,69.12,35.83,-72.50,1
s,2022-10-14 15:57:02.273933,0.07,0.10,0.95,-1.10,-4.03,-7.93,69.12,35.83,-72.50,1
s,2022-10-14 15:57:02.289821,0.07,0.11,0.94,-1.46,-3.17,-8.24,69.12,35.83,-72.50,1
s,2022-10-14 15:57:02.308826,0.08,0.13,0.92,-1.04,-2.87,-7.02,69.31,35.83,-72.27,1
s,2022-10-14 15:57:02.327256,0.06,0.15,0.91,7.81,1.16,-5.86,69.31,35.83,-72.27,1
s,2022-10-14 15:57:02.345758,0.07,0.11,0.96,14.65,1.46,-6.10,70.53,35.61,-72.17,1
s,2022-10-14 15:57:02.365309,0.10,0.08,0.98,16.17,0.06,-6.65,70.53,35.61,-72.17,1
s,2022-10-14 15:57:02.382280,0.11,0.04,0.96,15.56,-2.26,-6.16,70.53,35.61,-72.17,1
s,2022-10-14 15:57:02.401010,0.08,0.01,0.95,14.04,-2.87,-5.25,71.30,36.61,-73.22,1
s,2022-10-14 15:57:02.418912,0.04,-0.06,0.97,8.61,0.98,0.92,71.30,36.61,-73.22,1
s,2022-10-14 15:57:02.438311,0.07,-0.00,0.98,8.48,1.46,2.01,71.30,36.61,-73.22,1
s,2022-10-14 15:57:02.457940,0.08,0.03,0.97,16.24,-2.14,1.28,71.74,36.96,-74.30,1
s,2022-10-14 15:57:02.474941,0.06,0.01,0.96,24.29,-3.72,5.98,71.74,36.96,-74.30,1
s,2022-10-14 15:57:02.493149,0.03,-0.10,0.93,23.99,0.55,18.37,71.74,36.96,-74.30,1
s,2022-10-14 15:57:02.512284,-0.47,-0.63,0.91,8.30,1.46,19.53,71.45,38.37,-75.87,1
s,2022-10-14 15:57:02.530290,0.05,0.39,1.01,-71.35,8.91,-23.13,71.45,38.37,-75.87,1
s,2022-10-14 15:57:02.550134,0.04,0.35,1.00,-15.93,7.26,12.63,71.84,35.73,-74.56,1
s,2022-10-14 15:57:02.566812,0.08,0.03,0.93,11.66,5.25,36.38,71.84,35.73,-74.56,1
s,2022-10-14 15:57:02.585099,0.06,-0.07,0.92,1.59,-0.37,25.27,71.84,35.73,-74.56,1
s,2022-10-14 15:57:02.604950,0.05,-0.04,0.93,-13.55,-4.39,26.55,71.31,36.23,-75.65,1
s,2022-10-14 15:57:02.622898,0.06,-0.05,0.91,-27.65,-7.69,28.69,71.31,36.23,-75.65,1
s,2022-10-14 15:57:02.639724,0.08,0.06,0.94,-42.85,-12.27,13.73,71.31,36.23,-75.65,1
s,2022-10-14 15:57:02.660856,0.07,0.35,0.95,-45.65,-17.94,0.24,69.86,33.40,-75.28,1
s,2022-10-14 15:57:02.677298,0.07,0.43,0.92,-13.67,-14.65,9.64,69.86,33.40,-75.28,1
s,2022-10-14 15:57:02.695907,0.07,0.35,0.98,1.28,-11.17,13.24,67.27,32.71,-76.27,1
s,2022-10-14 15:57:02.714286,0.07,0.21,0.96,7.26,-16.72,4.94,67.27,32.71,-76.27,1
s,2022-10-14 15:57:02.731908,0.06,0.23,0.91,3.42,-18.07,-9.70,67.27,32.71,-76.27,1
s,2022-10-14 15:57:02.752470,0.05,0.25,0.92,7.26,-14.77,-15.32,66.32,32.67,-75.81,1
s,2022-10-14 15:57:02.769254,0.04,0.07,0.97,20.57,-6.96,-11.47,66.32,32.67,-75.81,1
s,2022-10-14 15:57:02.787286,0.05,0.04,1.00,22.64,-5.37,-15.32,66.32,32.67,-75.81,1
s,2022-10-14 15:57:02.805654,0.03,0.06,1.03,25.02,-6.16,-19.47,65.65,33.06,-76.00,1
s,2022-10-14 15:57:02.824249,0.02,0.03,1.00,32.65,-10.01,-15.32,65.65,33.06,-76.00,1
s,2022-10-14 15:57:02.843840,0.02,-0.12,1.04,43.09,-13.73,-12.94,65.65,33.06,-76.00,1
s,2022-10-14 15:57:02.861152,-0.01,-0.16,0.96,36.62,-22.28,-14.95,65.58,35.52,-75.99,1
s,2022-10-14 15:57:02.879636,-0.03,-0.27,0.94,22.34,-24.72,-9.03,65.58,35.52,-75.99,1
s,2022-10-14 15:57:02.899151,-0.01,-0.31,0.98,5.43,-22.22,-4.70,63.13,36.74,-76.15,1
s,2022-10-14 15:57:02.917628,-0.03,-0.23,1.00,-16.24,-16.91,0.92,63.13,36.74,-76.15,1
s,2022-10-14 15:57:02.937932,-0.03,-0.02,0.99,-26.98,-3.72,24.11,63.13,36.74,-76.15,1
s,2022-10-14 15:57:02.955723,-0.01,0.11,1.03,-25.76,4.76,38.82,61.67,35.71,-76.15,1
s,2022-10-14 15:57:02.973305,0.03,0.02,1.01,-15.44,7.14,42.42,61.67,35.71,-76.15,1
s,2022-10-14 15:57:02.991233,0.02,0.20,1.01,-21.48,3.85,23.25,61.67,35.71,-76.15,1
s,2022-10-14 15:57:03.009908,0.01,0.34,1.00,-17.88,-6.10,15.14,60.49,34.77,-76.10,1
s,2022-10-14 15:57:03.029698,-0.05,0.36,0.96,-4.70,-5.37,11.54,60.49,34.77,-76.10,1
s,2022-10-14 15:57:03.047911,-0.16,0.27,0.99,-0.06,0.79,8.42,60.25,35.06,-76.09,1
s,2022-10-14 15:57:03.066445,-0.11,0.30,1.01,-5.55,11.17,-3.78,60.25,35.06,-76.09,1
s,2022-10-14 15:57:03.084398,-0.05,0.32,1.02,-3.48,20.32,-13.43,60.25,35.06,-76.09,1
s,2022-10-14 15:57:03.103951,0.02,0.25,1.01,1.46,18.01,-18.31,62.01,34.73,-74.82,1
s,2022-10-14 15:57:03.122277,0.07,0.23,0.98,4.70,12.08,-21.85,62.01,34.73,-74.82,1
s,2022-10-14 15:57:03.139147,0.07,0.17,0.94,9.28,8.24,-21.67,62.01,34.73,-74.82,1
s,2022-10-14 15:57:03.158298,0.07,0.09,0.92,11.23,10.07,-21.18,64.73,35.74,-72.96,1
s,2022-10-14 15:57:03.176255,0.09,0.05,0.93,5.25,14.47,-22.46,64.73,35.74,-72.96,1
s,2022-10-14 15:57:03.194745,0.11,0.02,0.93,-1.04,11.84,-24.54,64.73,35.74,-72.96,1
s,2022-10-14 15:57:03.215950,0.13,0.02,0.93,-7.26,9.28,-26.31,67.99,35.94,-72.00,1
s,2022-10-14 15:57:03.232152,0.14,0.12,0.91,-10.56,4.58,-27.65,67.99,35.94,-72.00,1
