Z,2022-11-01 13:54:21.146811,0.24,-0.09,0.95,-35.22,24.84,12.82,46.39,28.67,-37.50,1
Z,2022-11-01 13:54:21.163120,0.32,0.02,0.96,-22.89,9.95,13.18,46.39,28.67,-37.50,1
Z,2022-11-01 13:54:21.183814,0.28,0.05,0.93,-13.43,-3.97,6.41,46.39,28.67,-37.50,1
Z,2022-11-01 13:54:21.205211,0.28,-0.06,0.85,-8.30,-9.22,1.34,47.80,27.98,-37.27,1
Z,2022-11-01 13:54:21.227523,0.29,-0.05,0.87,-25.02,-7.69,-0.85,47.80,27.98,-37.27,1
Z,2022-11-01 13:54:21.246187,0.32,0.01,0.85,-38.09,-15.99,-5.80,47.97,27.64,-38.13,1
Z,2022-11-01 13:54:21.267773,0.04,0.62,1.02,-24.84,-11.17,-16.48,47.97,27.64,-38.13,1
Z,2022-11-01 13:54:21.289936,0.24,0.03,1.04,23.99,-8.12,8.42,48.18,28.33,-39.53,1
Z,2022-11-01 13:54:21.307864,0.22,0.18,1.00,25.88,-13.49,10.31,48.18,28.33,-39.53,1
Z,2022-11-01 13:54:21.327803,0.17,0.21,1.07,60.06,-18.31,19.17,48.18,28.33,-39.53,1
Z,2022-11-01 13:54:21.349462,0.13,0.18,0.95,3.85,1.46,-27.89,48.66,29.69,-38.59,1
Z,2022-11-01 13:54:21.367437,0.13,0.22,0.88,-10.62,8.91,-42.24,48.66,29.69,-38.59,1
Z,2022-11-01 13:54:21.388255,0.14,0.40,1.02,-21.97,9.77,-41.14,48.10,30.62,-37.40,1
Z,2022-11-01 13:54:21.407287,0.15,0.22,1.06,8.24,2.81,-21.85,48.10,30.62,-37.40,1
Z,2022-11-01 13:54:21.428436,0.20,-0.03,0.98,53.96,-3.60,-5.98,48.10,30.62,-37.40,1
Z,2022-11-01 13:54:21.449435,0.16,-0.27,1.02,59.20,-7.75,12.51,48.65,31.75,-36.91,1
Z,2022-11-01 13:54:21.471102,0.23,-0.44,0.95,71.35,-17.21,17.76,48.65,31.75,-36.91,1
Z,2022-11-01 13:54:21.489900,0.16,-0.37,0.95,41.87,-18.19,13.61,49.26,32.71,-32.69,1
Z,2022-11-01 13:54:21.510489,0.18,-0.37,0.88,43.15,-21.67,18.55,49.26,32.71,-32.69,1
Z,2022-11-01 13:54:21.529057,0.13,-0.31,0.80,3.05,-13.00,4.33,49.26,32.71,-32.69,1
Z,2022-11-01 13:54:21.551406,0.11,-0.22,0.77,-18.55,-2.44,-4.15,48.75,32.75,-32.86,1
Z,2022-11-01 13:54:21.571194,0.11,-0.19,0.77,-47.30,15.26,-10.80,48.75,32.75,-32.86,1
Z,2022-11-01 13:54:21.591575,-0.52,-0.06,1.34,-71.96,21.18,-13.79,49.01,32.46,-34.84,1
Z,2022-11-01 13:54:21.614145,-0.01,-0.02,0.96,-12.45,-52.80,37.23,49.01,32.46,-34.84,1
Z,2022-11-01 13:54:21.631764,0.13,-0.23,0.85,71.29,-97.84,54.57,49.01,32.46,-34.84,1
Z,2022-11-01 13:54:21.653159,0.15,-0.34,0.82,92.96,-105.22,57.80,46.95,30.48,-38.06,1
Z,2022-11-01 13:54:21.673257,0.07,-0.33,0.84,55.36,-82.95,35.95,46.95,30.48,-38.06,1
Z,2022-11-01 13:54:21.693112,0.03,-0.11,0.96,1.16,-47.91,8.97,44.24,30.21,-41.14,1
Z,2022-11-01 13:54:21.712939,0.02,0.05,1.01,-55.60,8.54,-13.06,44.24,30.21,-41.14,1
Z,2022-11-01 13:54:21.735461,0.06,0.10,1.07,-52.12,35.40,-21.61,44.24,30.21,-41.14,1
Z,2022-11-01 13:54:21.754903,0.06,0.25,1.25,-54.14,49.99,-24.11,42.50,28.66,-43.57,1
Z,2022-11-01 13:54:21.774711,0.09,0.17,1.20,1.46,25.82,-2.50,42.50,28.66,-43.57,1
Z,2022-11-01 13:54:21.797759,0.11,0.09,1.19,30.82,9.34,11.29,42.36,29.06,-42.63,1
Z,2022-11-01 13:54:21.816060,0.09,-0.10,1.12,50.90,-9.52,22.40,42.36,29.06,-42.63,1
Z,2022-11-01 13:54:21.835298,0.06,-0.25,1.00,44.92,-18.07,20.08,42.36,29.06,-42.63,1
Z,2022-11-01 13:54:21.858985,0.03,-0.23,0.88,24.05,-19.96,10.50,42.70,29.55,-41.49,1
Z,2022-11-01 13:54:21.876810,-0.02,-0.08,0.90,7.75,-15.08,8.30,42.70,29.55,-41.49,1
Z,2022-11-01 13:54:21.897607,-0.01,-0.12,0.81,-7.75,3.97,-13.18,42.94,29.99,-42.41,1
Z,2022-11-01 13:54:21.920712,0.02,0.26,1.06,-39.92,15.01,-53.28,42.94,29.99,-42.41,1
Z,2022-11-01 13:54:21.938695,0.04,0.34,1.02,-39.25,17.82,-66.10,42.94,29.99,-42.41,1
Z,2022-11-01 13:54:21.960215,0.08,0.25,1.02,-17.82,18.07,-54.14,42.31,30.96,-42.59,1
Z,2022-11-01 13:54:21.978141,0.14,0.07,0.99,16.60,15.44,-25.88,42.31,30.96,-42.59,1
Z,2022-11-01 13:54:22.001031,0.12,-0.25,1.08,61.77,-5.55,8.61,43.13,32.76,-39.60,1
Z,2022-11-01 13:54:22.020080,0.16,-0.29,1.37,75.99,-17.76,53.65,43.13,32.76,-39.60,1
Z,2022-11-01 13:54:22.040410,0.11,-1.04,0.72,91.98,-30.88,61.71,43.13,32.76,-39.60,1
Z,2022-11-01 13:54:22.062531,0.00,-1.17,0.71,19.90,-19.96,6.47,44.47,33.01,-36.71,1
Z,2022-11-01 13:54:22.080595,-0.04,-0.82,0.75,-88.75,-0.73,-62.99,44.47,33.01,-36.71,1
Z,2022-11-01 13:54:22.102619,-0.16,-0.21,0.86,-122.50,6.41,-81.97,42.87,33.84,-40.48,1
Z,2022-11-01 13:54:22.124735,-0.46,0.22,1.16,-39.98,-1.46,38.57,42.87,33.84,-40.48,1
Z,2022-11-01 13:54:22.144993,-0.53,-0.20,0.81,20.75,20.45,58.96,42.79,31.68,-41.36,1
Z,2022-11-01 13:54:22.164832,-0.26,-0.70,0.67,37.66,40.04,40.83,42.79,31.68,-41.36,1
Z,2022-11-01 13:54:22.186512,0.08,-0.70,0.57,-26.92,54.08,32.53,42.79,31.68,-41.36,1
Z,2022-11-01 13:54:22.207033,0.12,-0.48,0.64,-57.37,55.30,36.07,41.41,30.20,-40.83,1
