e,2022-10-30 16:23:16.549887,0.03,-0.12,0.85,-6.41,2.08,-8.30,3.39,62.34,-105.03,1
e,2022-10-30 16:23:16.569887,-0.05,-0.03,0.89,-17.76,-0.24,-8.91,3.39,62.34,-105.03,1
e,2022-10-30 16:23:16.590099,-0.03,-0.11,0.82,-15.56,-0.55,-5.92,4.28,62.60,-104.06,1
e,2022-10-30 16:23:16.610135,-0.05,-0.12,0.84,-17.76,-5.74,0.12,4.28,62.60,-104.06,1
e,2022-10-30 16:23:16.630133,-0.10,-0.08,0.93,-28.87,-9.03,3.72,4.28,62.60,-104.06,1
e,2022-10-30 16:23:16.650137,-0.10,0.03,0.94,-27.59,-10.07,8.18,7.45,60.64,-105.13,1
e,2022-10-30 16:23:16.670138,-0.15,0.11,1.03,-27.83,-8.30,2.14,7.45,60.64,-105.13,1
e,2022-10-30 16:23:16.690134,-0.04,0.04,0.92,-21.61,-6.59,1.71,10.27,57.84,-108.40,1
e,2022-10-30 16:23:16.710216,0.00,0.07,0.80,-27.10,-18.07,3.91,10.27,57.84,-108.40,1
e,2022-10-30 16:23:16.734878,-0.45,0.47,1.28,-22.95,-2.38,-9.95,10.27,57.84,-108.40,1
e,2022-10-30 16:23:16.755004,-0.13,0.13,0.94,-3.54,1.89,3.36,12.21,55.40,-109.58,1
e,2022-10-30 16:23:16.775005,-0.15,0.17,0.99,-1.53,2.32,15.38,12.21,55.40,-109.58,1
e,2022-10-30 16:23:16.795903,-0.24,0.63,0.79,1.83,-1.16,17.76,13.68,55.54,-110.45,1
e,2022-10-30 16:23:16.816501,-0.21,0.40,0.96,11.60,-6.35,-19.90,13.68,55.54,-110.45,1
e,2022-10-30 16:23:16.826586,-0.18,0.42,0.94,26.43,1.28,-25.39,13.68,55.54,-110.45,1
e,2022-10-30 16:23:16.846512,-0.14,0.21,0.93,44.49,4.64,-28.20,12.61,59.94,-108.15,1
e,2022-10-30 16:23:16.866581,-0.09,-0.09,0.95,42.42,3.54,-25.21,12.61,59.94,-108.15,1
e,2022-10-30 16:23:16.887178,-0.07,-0.19,0.97,32.41,2.14,-20.69,12.12,65.45,-103.47,1
e,2022-10-30 16:23:16.907298,-0.07,-0.26,0.99,12.08,0.61,-14.40,12.12,65.45,-103.47,1
e,2022-10-30 16:23:16.927300,-0.07,-0.19,1.01,3.85,0.49,-8.85,12.12,65.45,-103.47,1
e,2022-10-30 16:23:16.947307,-0.06,-0.20,1.01,8.00,-1.71,-3.17,10.88,67.98,-101.38,1
e,2022-10-30 16:23:16.967544,-0.10,-0.07,1.00,12.88,-10.07,5.37,10.88,67.98,-101.38,1
e,2022-10-30 16:23:16.987633,-0.10,-0.03,0.99,7.08,-15.44,-6.71,10.82,69.02,-100.77,1
e,2022-10-30 16:23:17.007632,-0.36,-0.15,1.58,7.69,-4.76,-11.54,10.82,69.02,-100.77,1
e,2022-10-30 16:23:17.035985,0.00,0.02,0.77,-12.45,52.37,-2.20,10.82,69.02,-100.77,1
e,2022-10-30 16:23:17.046006,-0.14,-0.13,1.14,-2.08,29.30,-2.32,9.08,70.03,-96.56,1
e,2022-10-30 16:23:17.066008,-0.06,-0.10,0.92,-9.16,30.03,-2.50,9.08,70.03,-96.56,1
e,2022-10-30 16:23:17.086005,-0.05,-0.08,0.87,-12.63,26.73,1.34,6.95,70.75,-95.29,1
e,2022-10-30 16:23:17.106001,-0.05,-0.05,0.86,-25.57,19.90,1.04,6.95,70.75,-95.29,1
e,2022-10-30 16:23:17.126001,-0.05,0.01,0.89,-30.09,19.41,6.90,6.95,70.75,-95.29,1
e,2022-10-30 16:23:17.146001,-0.07,0.04,0.85,-22.83,16.85,12.45,6.47,69.20,-97.96,1
e,2022-10-30 16:23:17.168232,-0.05,-0.03,0.86,-21.24,10.80,20.20,6.47,69.20,-97.96,1
e,2022-10-30 16:23:17.179748,-0.04,-0.00,0.79,-34.36,6.29,24.35,6.47,69.20,-97.96,1
e,2022-10-30 16:23:17.199765,-0.06,0.16,0.81,-50.78,0.24,21.55,8.51,65.33,-101.17,1
e,2022-10-30 16:23:17.219786,-0.06,0.28,0.84,-55.24,-5.07,16.11,8.51,65.33,-101.17,1
e,2022-10-30 16:23:17.239826,-0.08,0.28,0.86,-32.04,-8.79,18.49,11.06,60.33,-106.34,1
e,2022-10-30 16:23:17.259827,-0.09,0.24,0.84,-10.19,-14.22,21.79,11.06,60.33,-106.34,1
e,2022-10-30 16:23:17.286064,-0.10,0.18,0.88,-7.20,-24.66,20.14,11.06,60.33,-106.34,1
e,2022-10-30 16:23:17.305270,-0.10,0.20,0.86,-15.26,-30.21,14.71,14.18,55.14,-110.99,1
e,2022-10-30 16:23:17.315972,-0.15,0.28,0.92,-13.85,-35.77,10.74,14.18,55.14,-110.99,1
e,2022-10-30 16:23:17.336066,-0.14,0.30,0.93,-0.31,-36.25,7.93,15.19,51.15,-118.01,1
e,2022-10-30 16:23:17.356066,-0.15,0.28,0.94,11.35,-36.56,8.67,15.19,51.15,-118.01,1
e,2022-10-30 16:23:17.376069,-0.17,0.27,0.96,16.66,-32.71,4.27,15.19,51.15,-118.01,1
e,2022-10-30 16:23:17.396064,-0.20,0.28,0.99,9.70,-32.17,-3.36,15.65,50.31,-123.83,1
e,2022-10-30 16:23:17.425994,-0.22,0.31,1.03,11.84,-30.15,-7.20,15.65,50.31,-123.83,1
e,2022-10-30 16:23:17.445989,-0.21,0.25,1.02,28.50,-24.90,-9.46,13.84,51.88,-130.77,1
e,2022-10-30 16:23:17.455994,-0.23,0.22,1.04,36.07,-19.53,-13.73,13.84,51.88,-130.77,1
e,2022-10-30 16:23:17.475998,-0.22,0.13,1.05,36.56,-15.44,-18.37,13.84,51.88,-130.77,1
e,2022-10-30 16:23:17.496067,-0.21,0.08,1.04,29.72,-9.77,-22.77,10.78,55.74,-133.31,1
e,2022-10-30 16:23:17.515998,-0.20,0.05,1.04,26.25,-4.70,-25.02,10.78,55.74,-133.31,1
e,2022-10-30 16:23:17.536928,-0.18,-0.02,1.01,27.10,-3.05,-22.52,8.30,59.58,-133.50,1
e,2022-10-30 16:23:17.556937,-0.17,-0.07,0.98,26.79,-1.65,-18.19,8.30,59.58,-133.50,1
e,2022-10-30 16:23:17.580992,-0.18,-0.05,0.97,13.92,-2.32,-15.81,8.30,59.58,-133.50,1
e,2022-10-30 16:23:17.602241,-0.18,-0.06,0.97,9.03,-2.26,-13.79,7.06,61.78,-132.58,1
e,2022-10-30 16:23:17.612739,-0.18,-0.08,0.96,8.85,-2.20,-9.28,7.06,61.78,-132.58,1
e,2022-10-30 16:23:17.633049,-0.16,-0.15,0.94,7.45,-0.98,-1.83,7.15,62.79,-130.97,1
e,2022-10-30 16:23:17.652973,-0.20,-0.01,0.96,-1.16,-0.49,-3.66,7.15,62.79,-130.97,1
e,2022-10-30 16:23:17.673047,-0.20,0.04,0.97,-6.65,-4.03,-11.41,7.15,62.79,-130.97,1
e,2022-10-30 16:23:17.692981,-0.23,0.08,0.97,-2.08,-5.62,-8.61,6.49,62.77,-131.23,1
e,2022-10-30 16:23:17.713049,-0.36,-0.02,1.06,9.70,-0.85,6.47,6.49,62.77,-131.23,1
e,2022-10-30 16:23:17.733045,-0.33,0.14,1.06,25.39,0.18,13.98,5.85,64.22,-126.98,1
e,2022-10-30 16:23:17.752972,-0.28,0.08,1.01,26.00,7.57,5.55,5.85,64.22,-126.98,1
e,2022-10-30 16:23:17.772975,-0.25,0.08,1.01,26.31,10.56,9.83,5.85,64.22,-126.98,1
e,2022-10-30 16:23:17.797877,-0.19,0.18,0.94,33.51,17.58,15.32,4.22,66.30,-119.49,1
e,2022-10-30 16:23:17.812424,-0.17,0.11,0.91,30.82,17.82,6.04,4.22,66.30,-119.49,1
e,2022-10-30 16:23:17.832586,-0.14,0.12,0.93,19.65,16.60,-7.08,4.22,66.30,-119.49,1
e,2022-10-30 16:23:17.852588,-0.14,0.16,0.99,13.24,15.56,-15.44,0.99,69.02,-111.77,1
e,2022-10-30 16:23:17.872584,-0.12,0.11,1.00,20.02,16.54,-19.17,0.99,69.02,-111.77,1
e,2022-10-30 16:23:17.892584,-0.11,-0.04,0.99,27.83,16.97,-20.26,-2.99,74.21,-106.46,1
e,2022-10-30 16:23:17.913115,-0.10,-0.12,0.97,27.95,16.54,-19.96,-2.99,74.21,-106.46,1
e,2022-10-30 16:23:17.933115,-0.10,-0.24,0.97,7.87,17.46,-21.06,-2.99,74.21,-106.46,1
e,2022-10-30 16:23:17.953117,-0.09,-0.22,0.98,-2.62,14.47,-18.01,-7.82,78.59,-96.17,1
e,2022-10-30 16:23:17.973117,-0.08,-0.23,0.94,0.49,11.96,-9.46,-7.82,78.59,-96.17,1
e,2022-10-30 16:23:17.993115,-0.08,-0.22,0.90,-5.92,9.34,-3.91,-11.60,81.99,-93.93,1
e,2022-10-30 16:23:18.013116,-0.10,-0.18,0.91,-16.36,6.90,-1.59,-11.60,81.99,-93.93,1
