M,2022-11-09 11:35:41.830302,-0.21,-0.44,0.92,-14.95,-5.62,-9.03,38.88,59.89,-133.07,1
M,2022-11-09 11:35:41.848159,-0.19,-0.44,0.90,-17.27,2.26,-9.16,38.88,59.89,-133.07,1
M,2022-11-09 11:35:41.866220,-0.12,-0.38,0.84,-10.80,4.03,-10.56,38.88,59.89,-133.07,1
M,2022-11-09 11:35:41.885146,-0.08,-0.39,0.86,-2.20,1.95,-15.01,39.45,59.13,-133.83,1
M,2022-11-09 11:35:41.903342,-0.06,-0.40,0.94,-2.08,-0.61,-21.48,39.45,59.13,-133.83,1
M,2022-11-09 11:35:41.921233,-0.25,-0.63,0.88,-23.32,8.42,-26.31,39.45,59.13,-133.83,1
M,2022-11-09 11:35:41.940283,-0.58,-0.46,0.99,-2.99,-7.93,-3.42,40.95,57.86,-135.79,1
M,2022-11-09 11:35:41.958151,-0.18,-0.45,0.96,65.06,-31.68,-3.72,40.95,57.86,-135.79,1
M,2022-11-09 11:35:41.977128,-0.19,-0.59,0.90,61.52,-55.66,-14.89,41.02,58.50,-135.06,1
M,2022-11-09 11:35:41.995173,-0.24,-0.52,0.82,43.58,-60.12,-24.41,41.02,58.50,-135.06,1
M,2022-11-09 11:35:42.013269,-0.27,-0.54,0.83,41.81,-54.57,-31.31,41.02,58.50,-135.06,1
M,2022-11-09 11:35:42.032001,-0.55,-0.56,1.38,-44.31,77.58,54.20,41.98,59.89,-133.62,1
M,2022-11-09 11:35:42.050077,-0.32,-0.08,1.00,-152.10,157.29,23.50,41.98,59.89,-133.62,1
M,2022-11-09 11:35:42.068000,0.01,-0.15,0.84,-185.24,126.28,2.56,41.98,59.89,-133.62,1
M,2022-11-09 11:35:42.087289,-0.10,-0.33,0.80,-144.29,89.23,-10.68,50.24,53.09,-133.97,1
M,2022-11-09 11:35:42.105223,-0.01,-0.24,0.52,-91.92,58.29,-5.98,50.24,53.09,-133.97,1
M,2022-11-09 11:35:42.124210,-0.04,-0.26,0.56,-11.17,1.65,-0.24,54.26,52.14,-133.02,1
M,2022-11-09 11:35:42.142092,-0.06,-0.30,0.42,53.41,-29.30,2.69,54.26,52.14,-133.02,1
M,2022-11-09 11:35:42.160160,-0.14,-0.36,0.76,72.39,-31.43,-2.44,54.26,52.14,-133.02,1
M,2022-11-09 11:35:42.179164,-0.14,-0.37,0.76,43.52,-4.76,-2.69,54.48,54.22,-131.82,1
M,2022-11-09 11:35:42.197132,-0.13,-0.34,0.77,24.29,20.81,-2.93,54.48,54.22,-131.82,1
M,2022-11-09 11:35:42.215204,-0.13,-0.25,0.68,-7.20,27.95,-15.08,54.48,54.22,-131.82,1
M,2022-11-09 11:35:42.234198,-0.16,-0.38,0.91,34.61,-37.48,-61.34,53.71,54.94,-131.27,1
M,2022-11-09 11:35:42.252310,-0.10,-0.31,0.94,19.53,-47.55,-55.11,53.71,54.94,-131.27,1
M,2022-11-09 11:35:42.270272,-0.17,-0.39,0.92,14.22,-41.08,-43.70,53.71,54.94,-131.27,1
M,2022-11-09 11:35:42.289167,-0.15,-0.42,0.89,11.41,-38.88,-34.61,49.99,58.02,-133.29,1
M,2022-11-09 11:35:42.307119,-0.10,-0.15,0.70,6.71,-41.69,-30.94,49.99,58.02,-133.29,1
M,2022-11-09 11:35:42.326133,-0.25,-0.62,1.42,19.35,-49.13,-32.78,46.46,60.27,-133.86,1
M,2022-11-09 11:35:42.344297,-0.27,-0.87,1.65,-8.24,-21.73,-19.41,46.46,60.27,-133.86,1
M,2022-11-09 11:35:42.362267,-0.15,-0.68,1.30,-18.92,-7.08,-5.00,46.46,60.27,-133.86,1
M,2022-11-09 11:35:42.381081,-0.18,-0.65,1.21,15.20,-22.09,-4.76,45.79,62.08,-134.47,1
M,2022-11-09 11:35:42.398997,-0.21,-0.38,1.15,15.14,-20.20,11.11,45.79,62.08,-134.47,1
M,2022-11-09 11:35:42.417156,-0.28,-0.30,1.28,19.29,-24.23,8.36,45.79,62.08,-134.47,1
M,2022-11-09 11:35:42.436228,-0.40,-0.39,1.42,5.80,-1.89,-5.74,46.67,64.38,-131.88,1
M,2022-11-09 11:35:42.454164,-0.34,-0.48,1.38,-42.60,92.59,6.16,46.67,64.38,-131.88,1
M,2022-11-09 11:35:42.473005,-0.13,-0.36,0.85,-99.00,112.92,11.23,52.11,65.61,-129.25,1
M,2022-11-09 11:35:42.491172,-0.06,-0.14,0.83,-97.23,97.11,8.30,52.11,65.61,-129.25,1
M,2022-11-09 11:35:42.509192,-0.04,-0.32,0.54,-42.91,64.94,3.54,52.11,65.61,-129.25,1
M,2022-11-09 11:35:42.527899,-0.05,-0.47,0.44,15.08,16.91,6.90,55.86,68.87,-125.60,1
M,2022-11-09 11:35:42.546002,-0.13,-0.46,0.65,54.81,-29.30,14.65,55.86,68.87,-125.60,1
M,2022-11-09 11:35:42.564121,-0.16,-0.43,0.75,34.24,-16.36,7.69,55.86,68.87,-125.60,1
M,2022-11-09 11:35:42.583021,-0.16,-0.41,0.76,4.21,10.19,-0.49,55.96,70.64,-124.10,1
M,2022-11-09 11:35:42.601224,-0.13,-0.38,0.76,-22.89,35.83,-6.10,55.96,70.64,-124.10,1
M,2022-11-09 11:35:42.619129,-0.10,-0.33,0.77,-61.16,54.81,-10.93,55.96,70.64,-124.10,1
M,2022-11-09 11:35:42.638218,-0.17,-0.75,1.76,33.75,-96.31,-40.59,55.75,69.76,-126.99,1
M,2022-11-09 11:35:42.656145,-0.09,-0.29,0.85,29.97,-90.27,-14.95,55.75,69.76,-126.99,1
M,2022-11-09 11:35:42.675177,-0.29,-0.33,1.13,42.91,-88.44,-11.29,51.20,68.86,-130.43,1
M,2022-11-09 11:35:42.693160,-0.22,-0.23,0.88,6.29,-52.49,-14.40,51.20,68.86,-130.43,1
M,2022-11-09 11:35:42.711253,-0.47,-0.62,1.90,-12.94,-48.10,-24.41,51.20,68.86,-130.43,1
M,2022-11-09 11:35:42.730293,-0.36,-0.28,1.37,-32.35,-27.10,-19.53,46.22,68.52,-133.15,1
M,2022-11-09 11:35:42.748338,-0.15,-0.15,0.95,-34.97,-2.81,-9.95,46.22,68.52,-133.15,1
M,2022-11-09 11:35:42.766257,-0.24,-0.31,0.96,-27.04,3.30,-5.74,46.22,68.52,-133.15,1
M,2022-11-09 11:35:42.785209,-0.33,-0.48,1.09,-33.81,9.28,-2.99,43.27,67.41,-135.28,1
M,2022-11-09 11:35:42.803192,-0.55,-0.67,1.08,-39.43,22.58,9.83,43.27,67.41,-135.28,1
M,2022-11-09 11:35:42.822027,-0.73,-0.86,1.05,-10.56,33.08,23.32,40.31,65.67,-136.19,1
M,2022-11-09 11:35:42.839916,-0.62,-0.98,0.86,36.62,36.87,38.15,40.31,65.67,-136.19,1
M,2022-11-09 11:35:42.858063,-0.39,-1.15,0.56,79.65,18.92,64.64,40.31,65.67,-136.19,1
M,2022-11-09 11:35:42.877299,-0.05,-1.21,0.26,77.27,-0.18,86.06,33.20,64.20,-131.04,1
M,2022-11-09 11:35:42.894918,0.04,-1.03,0.26,50.78,-16.85,96.13,33.20,64.20,-131.04,1
M,2022-11-09 11:35:42.912885,0.05,-0.78,0.41,17.27,-27.71,97.17,33.20,64.20,-131.04,1
M,2022-11-09 11:35:42.931982,0.04,-0.50,0.58,-8.36,-32.65,98.14,22.50,63.65,-130.40,1
M,2022-11-09 11:35:42.950057,0.09,-0.23,0.77,-32.53,-34.00,91.92,22.50,63.65,-130.40,1
M,2022-11-09 11:35:42.968218,0.05,-0.06,0.89,-49.19,-34.73,83.98,22.50,63.65,-130.40,1
M,2022-11-09 11:35:42.986998,0.06,0.06,1.00,-74.71,-30.76,68.36,15.92,68.96,-125.99,1
M,2022-11-09 11:35:43.005126,0.03,0.14,1.15,-80.57,-27.16,54.93,15.92,68.96,-125.99,1
M,2022-11-09 11:35:43.024110,-0.04,0.19,1.27,-72.51,-15.75,46.51,16.52,73.66,-125.59,1
M,2022-11-09 11:35:43.042161,-0.09,0.20,1.24,-61.83,-9.83,44.25,16.52,73.66,-125.59,1
M,2022-11-09 11:35:43.060020,-0.18,0.18,1.36,-41.14,-14.65,49.26,16.52,73.66,-125.59,1
M,2022-11-09 11:35:43.079185,-0.25,0.18,1.32,-8.79,-16.42,60.55,20.25,76.56,-124.79,1
M,2022-11-09 11:35:43.097015,-0.25,0.15,1.30,59.88,-24.29,72.94,20.25,76.56,-124.79,1
M,2022-11-09 11:35:43.115134,-0.18,0.12,1.13,88.32,-23.93,73.85,20.25,76.56,-124.79,1
M,2022-11-09 11:35:43.133920,-0.09,0.06,1.00,88.68,-16.17,49.62,24.22,80.87,-120.09,1
M,2022-11-09 11:35:43.152137,-0.10,-0.14,0.85,46.51,-1.28,10.19,24.22,80.87,-120.09,1
M,2022-11-09 11:35:43.171220,-0.09,-0.23,0.84,4.33,5.92,-12.45,24.68,82.76,-118.51,1
M,2022-11-09 11:35:43.189329,-0.04,-0.18,0.83,-1.89,3.85,-17.33,24.68,82.76,-118.51,1
M,2022-11-09 11:35:43.207325,-0.05,-0.16,0.81,9.09,-3.11,-14.34,24.68,82.76,-118.51,1
M,2022-11-09 11:35:43.226183,-0.03,-0.18,0.83,20.39,-7.69,-14.89,24.37,84.42,-117.80,1
M,2022-11-09 11:35:43.244213,-0.05,-0.29,0.74,19.17,-9.03,-18.92,24.37,84.42,-117.80,1
