m,2022-10-16 22:38:23.295742,0.37,0.40,0.78,8.36,-4.70,-6.77,-26.87,69.32,-25.52,1
m,2022-10-16 22:38:23.313667,0.40,0.39,0.80,6.41,-2.93,-4.21,-26.87,69.32,-25.52,1
m,2022-10-16 22:38:23.331981,0.42,0.40,0.79,-0.85,-3.36,-3.66,-26.87,69.32,-25.52,1
m,2022-10-16 22:38:23.350938,0.39,0.40,0.79,-1.28,-3.36,-3.54,-27.01,69.01,-25.70,1
m,2022-10-16 22:38:23.368774,0.40,0.39,0.78,-1.40,-1.83,-3.23,-27.01,69.01,-25.70,1
m,2022-10-16 22:38:23.387861,0.41,0.37,0.76,-6.47,-0.06,-4.46,-26.93,68.02,-24.63,1
m,2022-10-16 22:38:23.405890,0.39,0.39,0.77,-21.00,2.44,-6.71,-26.93,68.02,-24.63,1
m,2022-10-16 22:38:23.424110,0.31,0.46,0.72,-20.26,-4.09,-7.69,-26.93,68.02,-24.63,1
m,2022-10-16 22:38:23.442673,0.33,0.43,0.73,2.87,-14.22,-5.55,-26.16,67.70,-24.07,1
m,2022-10-16 22:38:23.460814,0.33,0.39,0.71,14.59,-18.43,-2.38,-26.16,67.70,-24.07,1
m,2022-10-16 22:38:23.478720,0.30,0.37,0.68,19.35,-29.85,3.48,-26.16,67.70,-24.07,1
m,2022-10-16 22:38:23.497560,0.29,0.36,0.66,47.18,-35.46,16.17,-23.95,67.76,-16.60,1
m,2022-10-16 22:38:23.515688,0.28,0.29,0.71,70.13,-40.41,26.25,-23.95,67.76,-16.60,1
m,2022-10-16 22:38:23.533667,0.35,0.31,0.83,77.88,-43.03,30.88,-23.95,67.76,-16.60,1
m,2022-10-16 22:38:23.552618,0.39,0.33,0.97,51.51,-28.99,20.20,-18.42,69.25,-4.52,1
m,2022-10-16 22:38:23.570683,0.48,0.39,1.01,-0.18,3.91,0.00,-18.42,69.25,-4.52,1
m,2022-10-16 22:38:23.589669,0.37,0.37,0.90,-21.55,16.72,-7.20,-12.79,67.20,2.14,1
m,2022-10-16 22:38:23.607679,0.50,0.43,1.06,-6.35,13.00,-4.39,-12.79,67.20,2.14,1
m,2022-10-16 22:38:23.625680,0.39,0.43,0.95,-17.21,19.59,-11.05,-12.79,67.20,2.14,1
m,2022-10-16 22:38:23.644653,0.38,0.49,0.96,36.19,-4.64,-3.66,-12.21,66.85,2.14,1
m,2022-10-16 22:38:23.662528,0.49,0.39,1.02,75.93,-18.07,3.36,-12.21,66.85,2.14,1
m,2022-10-16 22:38:23.680637,0.32,0.33,0.86,24.11,10.19,-4.70,-12.21,66.85,2.14,1
m,2022-10-16 22:38:23.699428,0.51,0.47,1.08,17.58,3.54,-7.26,-14.50,68.08,1.11,1
m,2022-10-16 22:38:23.717581,0.29,0.44,0.86,-46.69,29.91,-39.12,-14.50,68.08,1.11,1
m,2022-10-16 22:38:23.736785,0.38,0.35,0.83,-36.68,20.75,-36.13,-20.07,66.63,-6.91,1
m,2022-10-16 22:38:23.754762,0.31,0.34,0.82,-25.15,17.70,-28.32,-20.07,66.63,-6.91,1
m,2022-10-16 22:38:23.772742,0.35,0.41,0.80,-4.88,13.24,-21.97,-20.07,66.63,-6.91,1
m,2022-10-16 22:38:23.791542,0.32,0.38,0.86,4.27,12.21,-25.63,-24.22,64.54,-14.37,1
m,2022-10-16 22:38:23.809641,0.35,0.24,0.74,3.36,10.99,-28.20,-24.22,64.54,-14.37,1
m,2022-10-16 22:38:23.827432,0.33,0.22,0.70,6.84,5.86,-19.65,-24.22,64.54,-14.37,1
m,2022-10-16 22:38:23.846659,0.32,0.22,0.71,24.23,-2.44,-8.42,-26.17,61.52,-20.62,1
m,2022-10-16 22:38:23.864742,0.32,0.25,0.71,27.04,-5.68,-5.92,-26.17,61.52,-20.62,1
m,2022-10-16 22:38:23.882897,0.29,0.21,0.68,27.34,-9.46,-5.37,-26.17,61.52,-20.62,1
m,2022-10-16 22:38:23.902086,0.26,0.16,0.66,36.07,-16.30,3.85,-25.93,61.01,-19.48,1
m,2022-10-16 22:38:23.919696,0.31,0.15,0.65,62.32,-30.64,18.92,-25.93,61.01,-19.48,1
m,2022-10-16 22:38:23.938462,0.34,0.16,0.73,86.00,-39.31,28.69,-21.74,62.55,-10.50,1
m,2022-10-16 22:38:23.956421,0.33,0.15,0.77,74.83,-37.05,23.68,-21.74,62.55,-10.50,1
m,2022-10-16 22:38:23.974624,0.36,0.14,0.87,64.39,-33.75,21.18,-21.74,62.55,-10.50,1
m,2022-10-16 22:38:23.993726,0.46,0.18,1.04,65.06,-31.07,22.77,-17.19,61.82,2.17,1
m,2022-10-16 22:38:24.011428,0.48,0.22,1.16,53.04,-16.30,19.23,-17.19,61.82,2.17,1
m,2022-10-16 22:38:24.029821,0.42,0.17,1.10,-7.87,18.19,-0.43,-17.19,61.82,2.17,1
m,2022-10-16 22:38:24.048564,0.42,0.19,1.06,-13.31,13.55,-3.85,-13.49,61.25,7.03,1
m,2022-10-16 22:38:24.066558,0.38,0.21,1.02,1.40,-0.79,-3.17,-13.49,61.25,7.03,1
m,2022-10-16 22:38:24.085907,0.36,0.24,1.01,25.94,-18.01,-2.01,-14.45,61.98,5.65,1
m,2022-10-16 22:38:24.103503,0.37,0.18,0.99,49.44,-30.58,0.92,-14.45,61.98,5.65,1
m,2022-10-16 22:38:24.121532,0.48,0.14,1.31,-81.42,51.88,-24.66,-14.45,61.98,5.65,1
m,2022-10-16 22:38:24.140652,0.39,0.32,1.00,-83.37,44.86,-34.48,-18.96,61.99,-0.93,1
m,2022-10-16 22:38:24.158829,0.30,0.23,0.84,-68.30,40.47,-34.00,-18.96,61.99,-0.93,1
m,2022-10-16 22:38:24.176861,0.36,0.29,0.82,-53.28,31.86,-24.17,-18.96,61.99,-0.93,1
m,2022-10-16 22:38:24.195693,0.25,0.23,0.79,-38.64,23.86,-22.16,-23.01,60.22,-11.87,1
m,2022-10-16 22:38:24.213848,0.32,0.30,0.78,-17.58,15.01,-22.95,-23.01,60.22,-11.87,1
m,2022-10-16 22:38:24.231536,0.28,0.23,0.75,-9.95,11.60,-25.57,-23.01,60.22,-11.87,1
m,2022-10-16 22:38:24.250706,0.29,0.14,0.70,1.83,5.86,-21.91,-24.11,58.40,-19.14,1
m,2022-10-16 22:38:24.268897,0.33,0.13,0.73,25.57,-2.56,-6.41,-24.11,58.40,-19.14,1
m,2022-10-16 22:38:24.287552,0.34,0.12,0.72,20.81,-1.40,0.06,-23.57,58.47,-20.00,1
m,2022-10-16 22:38:24.305471,0.28,0.14,0.68,9.95,0.79,-4.39,-23.57,58.47,-20.00,1
m,2022-10-16 22:38:24.323604,0.29,0.13,0.76,21.91,-7.69,-4.46,-23.57,58.47,-20.00,1
m,2022-10-16 22:38:24.342875,0.25,0.15,0.69,44.92,-19.84,0.79,-21.91,57.96,-14.39,1
m,2022-10-16 22:38:24.360379,0.34,0.12,0.82,83.68,-42.97,14.89,-21.91,57.96,-14.39,1
m,2022-10-16 22:38:24.378610,0.38,0.05,0.85,61.16,-35.22,12.76,-21.91,57.96,-14.39,1
m,2022-10-16 22:38:24.397487,0.40,0.07,0.93,50.60,-34.79,14.16,-17.26,58.24,-3.65,1
m,2022-10-16 22:38:24.415571,0.37,0.08,0.94,32.47,-27.89,10.31,-17.26,58.24,-3.65,1
m,2022-10-16 22:38:24.434516,0.43,0.08,1.10,21.97,-24.66,8.42,-13.38,57.93,3.06,1
m,2022-10-16 22:38:24.452613,0.29,0.09,0.99,-9.89,-15.44,7.02,-13.38,57.93,3.06,1
m,2022-10-16 22:38:24.470507,0.12,0.06,1.38,6.47,-9.16,20.26,-13.38,57.93,3.06,1
m,2022-10-16 22:38:24.489444,0.20,0.26,1.31,8.18,40.41,30.40,-10.38,58.92,3.17,1
m,2022-10-16 22:38:24.507435,0.35,0.39,1.11,-15.26,70.07,8.97,-10.38,58.92,3.17,1
m,2022-10-16 22:38:24.525649,0.41,0.26,0.90,-26.25,55.11,-19.84,-10.38,58.92,3.17,1
m,2022-10-16 22:38:24.544663,0.47,0.23,0.87,-5.31,31.01,-15.56,-7.14,57.19,-6.42,1
m,2022-10-16 22:38:24.562850,0.44,0.23,0.88,-8.00,23.19,-18.80,-7.14,57.19,-6.42,1
m,2022-10-16 22:38:24.580824,0.44,0.21,0.82,-6.04,22.16,-18.92,-7.14,57.19,-6.42,1
m,2022-10-16 22:38:24.599788,0.49,0.20,0.77,-2.50,20.02,-20.32,-5.09,55.22,-12.08,1
