m,2022-10-14 10:04:26.512575,0.45,-0.73,0.42,7.20,5.68,28.08,-19.57,56.79,-77.83,1
m,2022-10-14 10:04:26.528204,0.54,-0.66,0.48,-3.23,-4.88,34.67,-19.57,56.79,-77.83,1
m,2022-10-14 10:04:26.559451,0.54,-0.56,0.57,-16.66,-13.85,37.35,-15.76,54.61,-73.17,1
m,2022-10-14 10:04:26.575077,0.53,-0.41,0.71,-24.48,-20.45,42.05,-15.76,54.61,-73.17,1
m,2022-10-14 10:04:26.590705,0.57,-0.25,0.83,-27.53,-22.16,44.68,-11.35,55.81,-70.31,1
m,2022-10-14 10:04:26.606334,0.58,-0.12,0.91,-23.19,-21.30,47.97,-11.35,55.81,-70.31,1
m,2022-10-14 10:04:26.621956,0.57,-0.01,0.94,-18.13,-24.72,51.09,-11.35,55.81,-70.31,1
m,2022-10-14 10:04:26.637582,0.56,0.02,1.00,-18.19,-29.97,46.08,-0.92,57.50,-63.09,1
m,2022-10-14 10:04:26.668816,0.52,0.10,1.03,-28.08,-29.97,38.27,-0.92,57.50,-63.09,1
m,2022-10-14 10:04:26.684441,0.43,0.12,1.09,-39.55,-22.95,22.77,-0.92,57.50,-63.09,1
m,2022-10-14 10:04:26.700086,0.31,0.10,1.20,-26.98,-14.71,33.87,11.96,47.51,-55.75,1
m,2022-10-14 10:04:26.715711,0.38,0.17,1.13,-16.05,-5.37,39.79,11.96,47.51,-55.75,1
m,2022-10-14 10:04:26.731340,0.33,0.20,1.15,-24.72,-1.89,23.86,11.96,47.51,-55.75,1
m,2022-10-14 10:04:26.746962,0.25,0.22,1.21,-34.42,3.17,4.94,11.99,34.91,-50.90,1
m,2022-10-14 10:04:26.778214,0.29,0.28,1.21,-28.99,16.66,-8.54,11.99,34.91,-50.90,1
m,2022-10-14 10:04:26.793841,0.32,0.20,1.10,-16.48,23.86,-12.76,6.74,29.87,-48.86,1
m,2022-10-14 10:04:26.809472,0.30,0.11,1.03,-7.81,25.15,-7.81,6.74,29.87,-48.86,1
m,2022-10-14 10:04:26.825094,0.36,0.11,1.00,-4.52,26.92,-6.10,6.74,29.87,-48.86,1
m,2022-10-14 10:04:26.840723,0.38,0.08,1.01,-11.78,31.74,-17.33,4.10,28.09,-49.00,1
m,2022-10-14 10:04:26.871953,0.39,-0.01,0.95,-10.19,32.71,-10.62,4.10,28.09,-49.00,1
m,2022-10-14 10:04:26.887596,0.44,0.00,0.87,-5.13,31.56,1.77,4.10,28.09,-49.00,1
m,2022-10-14 10:04:26.903225,0.47,0.01,0.82,-2.56,27.71,7.75,2.75,26.90,-48.14,1
m,2022-10-14 10:04:26.918853,0.42,0.03,0.86,-8.24,23.44,4.64,2.75,26.90,-48.14,1
m,2022-10-14 10:04:26.934475,0.36,-0.04,0.90,-10.80,26.49,1.89,1.76,26.05,-48.34,1
m,2022-10-14 10:04:26.965731,0.40,-0.07,0.86,-8.73,28.38,6.90,1.76,26.05,-48.34,1
m,2022-10-14 10:04:26.981351,0.47,-0.04,0.77,-9.22,25.15,12.39,1.76,26.05,-48.34,1
m,2022-10-14 10:04:26.996962,0.52,-0.03,0.71,-11.35,17.70,9.64,2.33,24.49,-48.84,1
m,2022-10-14 10:04:27.012605,0.49,0.01,0.76,-12.94,6.90,6.04,2.33,24.49,-48.84,1
m,2022-10-14 10:04:27.028230,0.52,0.01,0.78,-8.97,3.36,1.95,2.33,24.49,-48.84,1
m,2022-10-14 10:04:27.043860,0.49,-0.08,0.76,-5.25,-0.67,0.98,1.51,24.45,-48.03,1
m,2022-10-14 10:04:27.068114,0.53,-0.08,0.75,-0.61,-9.34,8.48,1.51,24.45,-48.03,1
m,2022-10-14 10:04:27.083765,0.50,-0.03,0.75,-15.20,-19.90,-2.01,1.51,24.45,-48.03,1
m,2022-10-14 10:04:27.099391,0.46,0.07,0.77,-25.82,-21.79,-12.45,-0.18,24.05,-46.94,1
m,2022-10-14 10:04:27.115020,-1.80,-0.49,2.79,-23.74,-26.98,-19.65,-0.18,24.05,-46.94,1
m,2022-10-14 10:04:27.146249,0.38,0.15,0.78,8.42,21.18,11.90,-0.81,24.51,-48.82,1
m,2022-10-14 10:04:27.161876,0.45,-0.14,0.76,4.09,-1.46,0.06,-0.81,24.51,-48.82,1
m,2022-10-14 10:04:27.177520,0.47,-0.04,0.79,-8.36,-5.13,-4.88,-0.81,24.51,-48.82,1
m,2022-10-14 10:04:27.193149,0.45,-0.02,0.80,-13.24,-2.38,-5.37,-1.65,24.52,-48.38,1
m,2022-10-14 10:04:27.217187,0.33,0.04,0.68,-11.78,3.30,-2.75,-1.65,24.52,-48.38,1
m,2022-10-14 10:04:27.232837,0.35,-0.01,0.78,27.95,-12.39,-0.37,-1.65,24.52,-48.38,1
m,2022-10-14 10:04:27.248467,0.37,-0.06,0.77,13.18,-12.08,-3.78,-2.59,25.50,-48.38,1
m,2022-10-14 10:04:27.264087,0.37,-0.06,0.77,10.38,-22.09,-7.02,-2.59,25.50,-48.38,1
m,2022-10-14 10:04:27.295339,0.38,-0.04,0.84,7.69,-33.14,-13.24,-3.64,27.11,-48.46,1
m,2022-10-14 10:04:27.310965,0.37,-0.02,0.85,2.81,-37.54,-21.48,-3.64,27.11,-48.46,1
m,2022-10-14 10:04:27.326592,0.40,-0.04,0.89,7.69,-42.91,-22.03,-3.64,27.11,-48.46,1
m,2022-10-14 10:04:27.342218,0.38,-0.05,0.92,14.22,-41.69,-16.85,-5.11,29.20,-47.97,1
m,2022-10-14 10:04:27.357844,0.41,-0.05,0.93,21.73,-41.63,-11.96,-5.11,29.20,-47.97,1
m,2022-10-14 10:04:27.373474,0.39,-0.09,0.94,17.15,-42.36,-10.31,-5.11,29.20,-47.97,1
m,2022-10-14 10:04:27.404704,0.41,-0.13,1.01,18.80,-37.11,-3.66,-5.02,30.74,-46.42,1
m,2022-10-14 10:04:27.420347,0.42,-0.15,1.02,16.85,-29.79,1.10,-5.02,30.74,-46.42,1
m,2022-10-14 10:04:27.435975,0.40,-0.14,1.04,10.38,-20.32,3.36,-5.33,30.65,-45.37,1
m,2022-10-14 10:04:27.451604,0.41,-0.09,1.05,3.42,-9.09,3.30,-5.33,30.65,-45.37,1
m,2022-10-14 10:04:27.467226,0.37,-0.05,1.01,0.98,-5.55,1.71,-5.33,30.65,-45.37,1
m,2022-10-14 10:04:27.498751,0.46,-0.15,1.13,20.87,-10.25,9.40,-4.43,29.99,-45.63,1
m,2022-10-14 10:04:27.514112,0.44,-0.13,1.09,9.52,12.76,24.41,-4.43,29.99,-45.63,1
m,2022-10-14 10:04:27.529728,0.41,-0.14,1.04,-0.55,23.99,22.22,-4.43,29.99,-45.63,1
m,2022-10-14 10:04:27.545355,0.37,-0.10,0.98,-10.56,27.71,18.68,-2.83,28.30,-47.45,1
m,2022-10-14 10:04:27.560985,0.36,-0.03,0.93,-13.92,22.34,10.68,-2.83,28.30,-47.45,1
m,2022-10-14 10:04:27.576607,0.33,-0.02,0.92,-13.49,19.59,4.03,-2.83,28.30,-47.45,1
m,2022-10-14 10:04:27.607858,0.32,0.01,0.87,-11.35,18.68,1.28,-2.44,26.14,-48.12,1
m,2022-10-14 10:04:27.623483,0.28,0.02,0.76,-8.91,16.54,-4.09,-2.44,26.14,-48.12,1
m,2022-10-14 10:04:27.639115,0.25,-0.02,0.74,-0.55,8.00,-5.31,-2.37,23.84,-48.51,1
m,2022-10-14 10:04:27.654737,0.24,0.02,0.72,-3.05,5.43,-10.25,-2.37,23.84,-48.51,1
m,2022-10-14 10:04:27.670366,0.22,0.02,0.72,-7.93,5.00,-22.22,-2.37,23.84,-48.51,1
m,2022-10-14 10:04:27.701599,0.23,0.00,0.72,-3.85,-0.67,-26.37,-2.09,22.85,-50.82,1
m,2022-10-14 10:04:27.717222,0.27,-0.04,0.70,5.68,-8.61,-24.60,-2.09,22.85,-50.82,1
m,2022-10-14 10:04:27.732848,0.28,-0.14,0.74,11.05,-12.15,-19.53,-2.09,22.85,-50.82,1
m,2022-10-14 10:04:27.748496,0.30,-0.14,0.79,14.89,-14.53,-14.59,-1.95,22.77,-51.16,1
m,2022-10-14 10:04:27.764120,0.34,-0.17,0.85,16.91,-20.14,-14.04,-1.95,22.77,-51.16,1
m,2022-10-14 10:04:27.795352,0.39,-0.20,0.96,14.40,-19.96,-13.31,-2.03,25.51,-52.38,1
m,2022-10-14 10:04:27.810995,0.44,-0.20,1.03,13.06,-20.39,-10.80,-2.03,25.51,-52.38,1
m,2022-10-14 10:04:27.826623,0.46,-0.22,1.10,9.95,-19.53,-8.73,-2.03,25.51,-52.38,1
m,2022-10-14 10:04:27.842248,0.47,-0.21,1.14,5.74,-13.37,-5.37,-2.87,27.16,-50.21,1
m,2022-10-14 10:04:27.857874,0.41,-0.11,1.07,0.73,-3.05,-1.77,-2.87,27.16,-50.21,1
m,2022-10-14 10:04:27.873503,0.52,-0.16,1.21,14.77,-15.63,-2.93,-2.87,27.16,-50.21,1
m,2022-10-14 10:04:27.904733,0.47,-0.15,1.15,1.77,3.54,5.49,-2.09,26.72,-49.69,1
m,2022-10-14 10:04:27.920378,0.42,-0.05,1.08,-6.90,21.12,2.38,-2.09,26.72,-49.69,1
m,2022-10-14 10:04:27.936004,0.37,-0.02,1.00,-14.47,28.32,-0.18,-0.66,23.79,-51.03,1
m,2022-10-14 10:04:27.951633,0.33,0.05,0.90,-13.43,29.79,-1.34,-0.66,23.79,-51.03,1
m,2022-10-14 10:04:27.967255,0.29,0.04,0.83,-8.42,24.72,-6.90,-0.66,23.79,-51.03,1
m,2022-10-14 10:04:27.998736,0.29,-0.01,0.82,-0.37,19.23,-10.68,2.66,19.92,-52.49,1
m,2022-10-14 10:04:28.014148,0.25,-0.09,0.71,4.88,13.79,-12.33,2.66,19.92,-52.49,1
m,2022-10-14 10:04:28.029757,0.22,-0.14,0.65,0.43,11.05,-15.87,2.66,19.92,-52.49,1
m,2022-10-14 10:04:28.045384,0.23,-0.15,0.64,-2.99,9.34,-16.30,6.46,17.90,-53.08,1
m,2022-10-14 10:04:28.061014,0.22,-0.11,0.63,-2.50,5.49,-14.71,6.46,17.90,-53.08,1
m,2022-10-14 10:04:28.076636,0.23,-0.11,0.68,6.84,-1.34,-14.77,6.46,17.90,-53.08,1
m,2022-10-14 10:04:28.107869,0.27,-0.15,0.73,13.49,-7.02,-15.81,8.06,19.20,-53.20,1
m,2022-10-14 10:04:28.123495,0.34,-0.20,0.81,19.10,-11.23,-15.81,8.06,19.20,-53.20,1
m,2022-10-14 10:04:28.139139,0.38,-0.25,0.89,21.61,-13.37,-13.00,7.34,23.94,-53.44,1
m,2022-10-14 10:04:28.154766,0.42,-0.28,0.97,21.24,-17.70,-10.50,7.34,23.94,-53.44,1
m,2022-10-14 10:04:28.170391,0.46,-0.30,1.06,10.68,-16.78,-10.31,7.34,23.94,-53.44,1
m,2022-10-14 10:04:28.186022,0.48,-0.26,1.08,2.81,-12.57,-8.24,6.51,27.67,-53.09,1
m,2022-10-14 10:04:28.217251,0.46,-0.19,1.07,-3.05,-8.97,-7.14,6.51,27.67,-53.09,1
m,2022-10-14 10:04:28.232894,0.44,-0.16,1.08,-5.00,-8.00,-6.41,6.51,27.67,-53.09,1
m,2022-10-14 10:04:28.248522,0.40,-0.12,1.02,-0.43,-10.44,-2.32,4.97,27.99,-52.09,1
m,2022-10-14 10:04:28.264146,0.34,-0.10,0.95,12.27,-21.97,3.23,4.97,27.99,-52.09,1
m,2022-10-14 10:04:28.279772,0.33,-0.15,0.91,19.90,-27.65,8.85,6.42,26.93,-53.42,1
