r,2022-10-14 15:10:37.356798,0.08,0.06,0.90,13.31,-2.56,-18.86,19.42,104.71,-106.51,1
r,2022-10-14 15:10:37.374623,0.06,-0.07,0.98,11.66,-0.85,-27.89,19.42,104.71,-106.51,1
r,2022-10-14 15:10:37.394184,0.11,-0.22,0.95,8.30,-2.62,-28.87,19.46,102.01,-108.84,1
r,2022-10-14 15:10:37.412660,0.05,-0.30,1.03,-2.08,-5.19,-31.56,19.46,102.01,-108.84,1
r,2022-10-14 15:10:37.431430,0.02,-0.35,1.10,-11.60,-4.09,-31.49,19.46,102.01,-108.84,1
r,2022-10-14 15:10:37.450784,0.01,-0.42,1.09,-12.02,1.28,-21.73,22.12,97.07,-113.94,1
r,2022-10-14 15:10:37.469744,0.06,-0.54,0.97,-17.88,1.28,-12.45,22.12,97.07,-113.94,1
r,2022-10-14 15:10:37.487990,0.14,-0.56,0.82,-27.40,-3.11,-3.30,22.12,97.07,-113.94,1
r,2022-10-14 15:10:37.508711,0.07,-0.56,0.83,-47.73,-13.37,4.15,26.59,89.87,-117.60,1
r,2022-10-14 15:10:37.528572,-0.11,-0.42,0.96,-50.90,-21.42,20.69,26.59,89.87,-117.60,1
r,2022-10-14 15:10:37.548007,-0.13,-0.33,0.99,-51.64,-17.58,24.60,24.96,81.58,-123.95,1
r,2022-10-14 15:10:37.566838,-0.10,-0.20,0.96,-55.66,-10.80,23.74,24.96,81.58,-123.95,1
r,2022-10-14 15:10:37.584479,-0.16,-0.04,1.04,-60.73,-12.76,21.42,24.96,81.58,-123.95,1
r,2022-10-14 15:10:37.603722,-0.19,0.13,1.12,-62.13,-5.86,15.44,21.69,74.91,-128.45,1
r,2022-10-14 15:10:37.622179,-0.53,0.65,1.23,-52.92,-16.54,1.04,21.69,74.91,-128.45,1
r,2022-10-14 15:10:37.639467,-0.05,0.20,0.79,43.03,-13.61,2.69,21.69,74.91,-128.45,1
r,2022-10-14 15:10:37.658799,-0.14,0.04,0.87,55.11,-26.31,10.07,23.18,75.87,-124.93,1
r,2022-10-14 15:10:37.676495,-0.25,0.14,1.03,56.95,-10.99,16.48,23.18,75.87,-124.93,1
r,2022-10-14 15:10:37.695421,-0.13,0.30,0.78,-4.46,22.89,-16.72,25.74,77.12,-126.35,1
r,2022-10-14 15:10:37.713820,-0.06,0.04,0.69,0.79,9.40,-40.71,25.74,77.12,-126.35,1
r,2022-10-14 15:10:37.732507,-0.07,-0.14,0.69,24.72,-5.92,-30.21,25.74,77.12,-126.35,1
r,2022-10-14 15:10:37.751966,-0.07,-0.26,0.70,29.05,-20.51,-22.46,24.41,74.77,-133.20,1
r,2022-10-14 15:10:37.771464,-0.10,-0.38,0.83,17.46,-32.23,-15.99,24.41,74.77,-133.20,1
r,2022-10-14 15:10:37.790297,-0.11,-0.49,0.87,-7.81,-38.45,-11.54,24.41,74.77,-133.20,1
r,2022-10-14 15:10:37.809671,-0.14,-0.39,1.02,-25.63,-42.24,-4.58,7.13,74.26,-142.10,1
r,2022-10-14 15:10:37.828865,-0.21,-0.23,1.25,-29.97,-27.47,7.69,7.13,74.26,-142.10,1
r,2022-10-14 15:10:37.849528,-0.21,-0.04,1.34,-18.62,-11.29,10.68,-16.91,71.80,-145.51,1
r,2022-10-14 15:10:37.867691,-0.20,0.08,1.32,-12.57,-2.62,5.62,-16.91,71.80,-145.51,1
r,2022-10-14 15:10:37.886417,-0.17,-0.00,1.28,10.25,-6.04,5.62,-16.91,71.80,-145.51,1
r,2022-10-14 15:10:37.906107,-0.26,0.04,1.36,27.16,6.53,12.51,-17.80,73.91,-144.41,1
r,2022-10-14 15:10:37.925392,-0.19,0.02,1.24,41.08,22.58,9.89,-17.80,73.91,-144.41,1
r,2022-10-14 15:10:37.945197,-0.15,0.02,1.15,55.60,26.73,3.97,3.17,80.02,-141.33,1
r,2022-10-14 15:10:37.963606,-0.16,0.03,1.04,39.37,37.41,-5.13,3.17,80.02,-141.33,1
r,2022-10-14 15:10:37.981677,-0.12,0.03,0.90,25.33,38.27,-12.33,3.17,80.02,-141.33,1
r,2022-10-14 15:10:38.001431,-0.09,0.09,0.73,29.05,33.57,-14.47,32.90,79.74,-129.54,1
r,2022-10-14 15:10:38.020842,-0.02,-0.29,0.42,46.63,15.20,-16.66,32.90,79.74,-129.54,1
r,2022-10-14 15:10:38.038369,0.04,-0.71,0.34,65.61,-9.16,2.44,32.90,79.74,-129.54,1
r,2022-10-14 15:10:38.058041,-0.19,-0.36,0.78,41.93,-14.95,17.88,44.20,82.87,-123.05,1
r,2022-10-14 15:10:38.078084,-0.15,-0.34,0.85,-26.98,14.16,3.48,44.20,82.87,-123.05,1
r,2022-10-14 15:10:38.097762,-0.15,-0.19,0.97,-51.15,18.43,2.56,44.04,80.69,-123.25,1
r,2022-10-14 15:10:38.116454,-0.46,-0.06,1.14,-36.32,9.09,10.07,44.04,80.69,-123.25,1
r,2022-10-14 15:10:38.135219,-0.25,0.05,1.15,45.10,27.89,15.75,44.04,80.69,-123.25,1
