k,2022-10-04 11:36:26.235413,0.44,0.60,0.52,19.78,8.91,11.41,45.76,124.60,-39.88,1
k,2022-10-04 11:36:26.250892,0.48,0.54,0.49,24.66,1.34,25.09,45.76,124.60,-39.88,1
k,2022-10-04 11:36:26.266734,0.40,0.52,0.55,-25.33,5.43,-1.46,45.76,124.60,-39.88,1
k,2022-10-04 11:36:26.297569,0.37,0.68,0.51,-13.12,-1.16,-0.49,46.28,124.82,-41.44,1
k,2022-10-04 11:36:26.313240,0.40,0.66,0.48,3.91,2.20,2.20,46.28,124.82,-41.44,1
k,2022-10-04 11:36:26.329122,0.04,0.46,0.41,23.86,15.08,25.27,47.14,124.68,-41.10,1
k,2022-10-04 11:36:26.344708,0.26,0.53,0.50,26.86,-8.97,69.82,47.14,124.68,-41.10,1
k,2022-10-04 11:36:26.375676,0.29,0.37,0.61,11.29,-24.72,84.35,47.14,124.68,-41.10,1
k,2022-10-04 11:36:26.391735,0.29,0.30,0.63,-3.36,-38.82,80.75,53.39,118.91,-41.78,1
k,2022-10-04 11:36:26.407354,0.34,0.38,0.67,-24.29,-48.03,79.47,53.39,118.91,-41.78,1
k,2022-10-04 11:36:26.422901,0.47,0.68,0.67,-59.14,-40.95,43.64,62.83,111.35,-45.62,1
k,2022-10-04 11:36:26.453792,0.47,0.99,0.65,-67.99,-22.71,1.46,62.83,111.35,-45.62,1
k,2022-10-04 11:36:26.469404,0.48,1.06,0.64,-64.21,-8.97,-25.51,62.83,111.35,-45.62,1
k,2022-10-04 11:36:26.485353,0.48,1.16,0.66,-43.64,2.93,-49.93,64.16,109.41,-48.45,1
k,2022-10-04 11:36:26.500648,0.33,1.03,0.63,23.19,6.10,-32.78,64.16,109.41,-48.45,1
k,2022-10-04 11:36:26.516623,0.33,0.87,0.57,67.50,6.10,-4.15,64.16,109.41,-48.45,1
k,2022-10-04 11:36:26.547555,0.32,0.75,0.58,80.81,12.63,13.37,62.33,112.72,-47.40,1
k,2022-10-04 11:36:26.563477,0.44,0.87,0.55,26.79,10.50,-21.55,62.33,112.72,-47.40,1
k,2022-10-04 11:36:26.594375,0.38,0.78,0.58,-16.91,23.38,-79.35,59.55,115.59,-44.97,1
k,2022-10-04 11:36:26.610001,0.44,0.82,0.57,-18.74,18.43,-76.17,59.55,115.59,-44.97,1
k,2022-10-04 11:36:26.626059,0.42,0.77,0.58,-4.64,7.51,-51.15,59.55,115.59,-44.97,1
k,2022-10-04 11:36:26.641541,0.42,0.68,0.56,9.95,2.69,-35.95,52.80,118.85,-44.51,1
k,2022-10-04 11:36:26.657250,0.52,0.59,0.54,17.58,-2.75,-24.11,52.80,118.85,-44.51,1
k,2022-10-04 11:36:26.688103,0.46,0.54,0.53,24.66,-10.99,-14.16,48.13,119.36,-45.64,1
k,2022-10-04 11:36:26.704062,0.38,0.41,0.60,16.97,-10.80,-13.55,48.13,119.36,-45.64,1
k,2022-10-04 11:36:26.719658,0.35,0.47,0.64,6.04,-10.25,-8.48,48.13,119.36,-45.64,1
k,2022-10-04 11:36:26.735290,0.44,0.48,0.56,3.11,-5.98,-4.52,45.86,121.13,-46.08,1
k,2022-10-04 11:36:26.750588,0.39,0.53,0.60,17.33,-14.65,13.00,45.86,121.13,-46.08,1
k,2022-10-04 11:36:26.781838,0.37,0.44,0.64,-3.66,2.20,2.44,45.97,122.14,-46.28,1
k,2022-10-04 11:36:26.797795,0.33,0.53,0.62,-19.10,-1.16,-3.60,45.97,122.14,-46.28,1
k,2022-10-04 11:36:26.813452,0.32,0.40,0.69,-20.81,-1.71,17.58,45.97,122.14,-46.28,1
k,2022-10-04 11:36:26.844316,0.39,0.47,0.73,-18.92,7.14,35.22,48.40,120.91,-47.67,1
k,2022-10-04 11:36:26.859938,0.45,0.58,0.66,-8.97,14.04,36.74,48.40,120.91,-47.67,1
k,2022-10-04 11:36:26.881857,0.47,0.64,0.64,-19.96,15.69,22.77,54.10,118.92,-45.21,1
k,2022-10-04 11:36:26.893994,0.45,0.79,0.57,-32.29,12.08,5.25,54.10,118.92,-45.21,1
k,2022-10-04 11:36:26.907678,0.44,0.92,0.53,-20.39,3.23,0.61,54.10,118.92,-45.21,1
k,2022-10-04 11:36:26.938936,0.44,1.04,0.42,-12.88,-7.75,-5.31,57.03,118.76,-46.61,1
k,2022-10-04 11:36:26.954553,0.34,0.92,0.46,1.16,-17.88,-2.87,57.03,118.76,-46.61,1
k,2022-10-04 11:36:26.970506,0.35,0.79,0.47,26.49,-2.62,19.78,57.03,118.76,-46.61,1
k,2022-10-04 11:36:26.985846,0.40,0.70,0.52,45.47,20.32,28.32,56.70,118.55,-45.21,1
k,2022-10-04 11:36:27.001756,0.39,0.67,0.55,19.35,8.18,-5.62,56.70,118.55,-45.21,1
k,2022-10-04 11:36:27.032660,0.32,0.60,0.56,9.89,-4.03,-10.74,55.98,118.80,-44.34,1
k,2022-10-04 11:36:27.048714,0.28,0.64,0.51,9.40,-7.51,3.42,55.98,118.80,-44.34,1
k,2022-10-04 11:36:27.064339,0.31,0.65,0.55,6.16,-22.64,11.47,55.98,118.80,-44.34,1
k,2022-10-04 11:36:27.079911,0.31,0.59,0.59,2.26,-36.38,22.52,56.03,116.05,-46.35,1
k,2022-10-04 11:36:27.110766,0.31,0.60,0.57,-6.84,-47.06,27.10,56.03,116.05,-46.35,1
k,2022-10-04 11:36:27.126388,0.34,0.65,0.59,-8.00,-46.75,26.61,56.03,116.05,-46.35,1
k,2022-10-04 11:36:27.142338,0.37,0.65,0.61,-16.48,-39.06,15.14,57.89,111.85,-49.17,1
k,2022-10-04 11:36:27.158005,0.41,0.69,0.69,-34.42,-18.62,-12.02,57.89,111.85,-49.17,1
k,2022-10-04 11:36:27.188873,0.41,0.74,0.77,-34.12,-3.66,-26.37,58.47,110.01,-51.48,1
k,2022-10-04 11:36:27.204494,0.39,0.77,0.77,-21.91,3.60,-20.26,58.47,110.01,-51.48,1
k,2022-10-04 11:36:27.220438,0.36,0.72,0.68,-8.12,-6.71,-14.83,58.47,110.01,-51.48,1
k,2022-10-04 11:36:27.236069,0.32,0.73,0.62,-8.06,-16.97,-12.88,56.63,112.35,-52.58,1
k,2022-10-04 11:36:27.251680,0.30,0.77,0.54,5.07,-14.04,-12.70,56.63,112.35,-52.58,1
k,2022-10-04 11:36:27.282601,0.31,0.79,0.53,30.64,0.85,-8.79,55.57,114.54,-50.81,1
k,2022-10-04 11:36:27.298230,0.12,0.79,0.59,39.37,37.72,-15.26,55.57,114.54,-50.81,1
k,2022-10-04 11:36:27.314167,0.24,0.75,0.60,-29.05,33.63,-64.76,55.57,114.54,-50.81,1
k,2022-10-04 11:36:27.329805,0.38,0.83,0.52,-36.93,29.97,-66.53,52.10,116.13,-51.21,1
k,2022-10-04 11:36:27.360707,0.46,0.81,0.44,-38.33,19.10,-61.95,52.10,116.13,-51.21,1
k,2022-10-04 11:36:27.376667,0.52,0.78,0.39,-1.04,8.18,-23.74,47.22,116.70,-51.78,1
k,2022-10-04 11:36:27.392226,0.47,0.77,0.47,20.81,-6.90,-4.39,47.22,116.70,-51.78,1
k,2022-10-04 11:36:27.407887,0.49,0.77,0.47,17.15,-11.54,-3.91,47.22,116.70,-51.78,1
k,2022-10-04 11:36:27.438814,0.48,0.73,0.51,8.36,-10.86,-15.75,43.82,114.86,-53.77,1
k,2022-10-04 11:36:27.454787,0.52,0.69,0.54,6.16,-14.65,-19.71,43.82,114.86,-53.77,1
k,2022-10-04 11:36:27.470379,0.50,0.64,0.60,13.85,-15.44,-14.77,43.82,114.86,-53.77,1
k,2022-10-04 11:36:27.486033,0.41,0.58,0.72,28.08,-8.24,-1.34,38.81,114.95,-55.05,1
k,2022-10-04 11:36:27.516941,0.45,0.54,0.73,22.71,-0.67,-4.70,38.81,114.95,-55.05,1
k,2022-10-04 11:36:27.532881,0.45,0.50,0.76,6.84,6.47,-16.54,34.07,114.81,-56.88,1
k,2022-10-04 11:36:27.548447,0.48,0.56,0.70,0.67,9.16,-18.74,34.07,114.81,-56.88,1
k,2022-10-04 11:36:27.579466,0.45,0.62,0.70,0.92,3.85,-23.74,30.52,114.64,-57.26,1
k,2022-10-04 11:36:27.595363,0.41,0.64,0.69,9.16,3.17,-16.42,30.52,114.64,-57.26,1
k,2022-10-04 11:36:27.611061,0.44,0.63,0.68,19.71,8.91,-4.39,30.52,114.64,-57.26,1
