R,2022-10-27 18:20:51.624791,0.46,-0.35,0.72,-25.88,4.21,16.30,2.19,39.70,-10.38,1
R,2022-10-27 18:20:51.645413,0.49,-0.32,0.67,-20.20,-0.67,7.93,2.19,39.70,-10.38,1
R,2022-10-27 18:20:51.660567,0.48,-0.24,0.64,-19.90,-4.27,2.01,2.19,39.70,-10.38,1
R,2022-10-27 18:20:51.679573,0.40,-0.23,0.64,-20.20,-8.12,-0.37,-0.62,38.98,-11.58,1
R,2022-10-27 18:20:51.697835,0.27,-0.23,0.64,-26.12,-11.66,-4.39,-0.62,38.98,-11.58,1
R,2022-10-27 18:20:51.716418,0.13,-0.19,0.65,-29.66,-16.36,-6.04,-0.62,38.98,-11.58,1
R,2022-10-27 18:20:51.737003,-1.04,0.19,0.71,62.13,5.98,22.46,-2.93,38.15,-11.33,1
R,2022-10-27 18:20:51.753385,0.38,-0.51,0.47,23.62,16.54,40.47,-2.93,38.15,-11.33,1
R,2022-10-27 18:20:51.771596,-1.08,-0.69,0.92,-41.26,34.48,35.16,-2.93,38.15,-11.33,1
R,2022-10-27 18:20:51.790380,0.27,-0.11,0.58,-7.39,-17.40,-31.86,-1.54,39.14,-10.94,1
R,2022-10-27 18:20:51.808386,0.22,-0.42,0.68,-3.48,-17.76,-17.15,-1.54,39.14,-10.94,1
R,2022-10-27 18:20:51.826972,0.46,-0.25,0.63,6.96,-23.62,-15.14,0.01,39.66,-8.26,1
R,2022-10-27 18:20:51.845397,0.46,-0.36,0.76,41.02,-25.09,-11.29,0.01,39.66,-8.26,1
R,2022-10-27 18:20:51.862657,0.53,-0.40,0.86,41.26,-16.97,-4.33,0.01,39.66,-8.26,1
R,2022-10-27 18:20:51.882664,0.55,-0.48,0.99,11.84,0.12,4.27,3.58,40.92,-5.81,1
R,2022-10-27 18:20:51.899670,0.52,-0.50,1.17,0.31,4.46,7.20,3.58,40.92,-5.81,1
R,2022-10-27 18:20:51.918981,0.59,-0.58,1.17,-1.89,1.71,4.15,3.58,40.92,-5.81,1
R,2022-10-27 18:20:51.938738,0.59,-0.50,1.19,-5.43,-0.92,3.97,4.25,41.44,-3.60,1
R,2022-10-27 18:20:51.955746,0.41,-0.51,1.14,24.60,-18.68,-5.98,4.25,41.44,-3.60,1
R,2022-10-27 18:20:51.973716,1.28,-0.29,0.26,42.85,-26.12,-10.01,4.25,41.44,-3.60,1
R,2022-10-27 18:20:51.993105,0.42,-0.58,0.91,-41.56,71.96,34.42,3.87,41.06,-5.18,1
R,2022-10-27 18:20:52.010354,0.54,-0.44,0.92,-15.81,49.93,25.39,3.87,41.06,-5.18,1
R,2022-10-27 18:20:52.030472,0.56,-0.39,0.79,-28.87,22.22,17.58,1.89,41.25,-8.45,1
R,2022-10-27 18:20:52.047378,0.52,-0.32,0.73,-29.48,7.20,15.87,1.89,41.25,-8.45,1
R,2022-10-27 18:20:52.065553,0.51,-0.30,0.69,-22.83,1.28,14.95,1.89,41.25,-8.45,1
R,2022-10-27 18:20:52.084257,0.50,-0.25,0.67,-24.48,-5.07,7.08,0.31,40.42,-10.99,1
R,2022-10-27 18:20:52.102760,0.40,-0.19,0.67,-34.91,-0.18,-16.17,0.31,40.42,-10.99,1
R,2022-10-27 18:20:52.119923,0.54,-0.25,0.67,62.07,28.69,10.31,0.31,40.42,-10.99,1
R,2022-10-27 18:20:52.140386,0.26,-0.27,0.74,0.92,42.05,-7.32,-1.18,40.00,-10.83,1
R,2022-10-27 18:20:52.157592,0.30,-0.04,0.80,-5.68,40.65,-16.78,-1.18,40.00,-10.83,1
R,2022-10-27 18:20:52.175210,0.29,-0.19,0.82,13.49,26.92,-13.06,-1.18,40.00,-10.83,1
R,2022-10-27 18:20:52.194580,0.28,-0.21,0.78,26.00,13.61,-20.32,-1.89,40.87,-12.48,1
R,2022-10-27 18:20:52.212627,0.26,-0.37,0.66,39.79,-1.53,-38.27,-1.89,40.87,-12.48,1
R,2022-10-27 18:20:52.232634,0.33,-0.63,0.61,51.88,-8.30,-36.07,-1.72,42.18,-11.38,1
R,2022-10-27 18:20:52.249206,0.40,-0.70,0.61,35.03,-13.43,-31.56,-1.72,42.18,-11.38,1
R,2022-10-27 18:20:52.267372,0.48,-0.74,0.62,15.08,-14.40,-13.67,-1.72,42.18,-11.38,1
R,2022-10-27 18:20:52.286560,0.52,-0.68,0.70,5.74,-14.16,0.92,-1.38,42.61,-9.69,1
R,2022-10-27 18:20:52.304723,0.46,-0.55,0.77,13.18,-16.48,24.96,-1.38,42.61,-9.69,1
R,2022-10-27 18:20:52.322840,0.54,-0.61,0.80,1.77,-12.21,33.14,-1.38,42.61,-9.69,1
R,2022-10-27 18:20:52.344034,0.52,-0.54,0.87,-12.39,-7.75,33.69,0.66,42.29,-7.63,1
R,2022-10-27 18:20:52.361277,0.50,-0.36,0.92,-39.12,2.87,12.63,0.66,42.29,-7.63,1
R,2022-10-27 18:20:52.380142,0.46,-0.03,0.98,-23.56,3.78,0.61,0.60,41.14,-7.19,1
R,2022-10-27 18:20:52.398522,0.42,0.18,0.96,-18.19,-0.24,-8.48,0.60,41.14,-7.19,1
R,2022-10-27 18:20:52.416189,0.43,-0.08,0.88,36.74,-8.61,16.66,0.60,41.14,-7.19,1
R,2022-10-27 18:20:52.436307,0.43,-0.37,0.76,62.68,-12.57,30.76,0.70,41.66,-6.48,1
R,2022-10-27 18:20:52.453402,0.41,-0.43,0.67,50.90,-10.62,17.03,0.70,41.66,-6.48,1
R,2022-10-27 18:20:52.471695,0.02,-0.85,0.75,11.72,-2.14,-47.18,0.70,41.66,-6.48,1
R,2022-10-27 18:20:52.490211,0.36,-0.43,0.77,21.85,2.38,-36.38,1.21,42.27,-5.62,1
R,2022-10-27 18:20:52.509214,0.32,-0.47,0.67,11.11,2.87,-41.44,1.21,42.27,-5.62,1
R,2022-10-27 18:20:52.527920,0.41,-0.20,0.76,3.42,9.46,-61.40,1.21,42.27,-5.62,1
R,2022-10-27 18:20:52.545242,0.37,-0.43,0.73,32.78,5.00,-45.29,0.63,43.51,-6.14,1
R,2022-10-27 18:20:52.563183,0.41,-0.52,0.71,40.53,-0.06,-21.06,0.63,43.51,-6.14,1
R,2022-10-27 18:20:52.582187,0.38,-0.79,0.64,18.49,-1.53,-14.65,0.60,43.96,-4.77,1
R,2022-10-27 18:20:52.600191,0.32,-0.86,0.68,-10.56,-1.28,-16.60,0.60,43.96,-4.77,1
R,2022-10-27 18:20:52.618196,0.20,-0.76,0.70,-33.75,-5.43,-23.01,0.60,43.96,-4.77,1
R,2022-10-27 18:20:52.639214,-0.03,-0.59,0.69,-26.37,-4.46,-8.18,1.66,44.37,-5.48,1
R,2022-10-27 18:20:52.655665,-0.04,-0.78,0.70,5.68,35.52,32.96,1.66,44.37,-5.48,1
R,2022-10-27 18:20:52.673289,0.20,-0.76,0.68,-9.58,42.85,29.36,1.66,44.37,-5.48,1
R,2022-10-27 18:20:52.692522,0.26,-0.66,0.69,-10.50,30.82,25.33,4.49,43.96,-6.03,1
R,2022-10-27 18:20:52.710085,0.28,-0.58,0.66,8.42,18.49,27.10,4.49,43.96,-6.03,1
R,2022-10-27 18:20:52.728445,0.36,-0.61,0.58,33.63,5.55,32.90,4.49,43.96,-6.03,1
R,2022-10-27 18:20:52.748429,0.40,-0.69,0.47,46.39,-15.20,37.66,7.43,42.41,-5.55,1
R,2022-10-27 18:20:52.765495,0.41,-0.72,0.42,27.16,-28.63,39.06,7.43,42.41,-5.55,1
R,2022-10-27 18:20:52.785333,0.41,-0.67,0.47,6.96,-38.21,39.49,11.95,40.55,-6.16,1
R,2022-10-27 18:20:52.803345,0.40,-0.55,0.57,3.42,-43.15,40.22,11.95,40.55,-6.16,1
