j,2022-10-29 18:29:50.197084,0.55,-0.12,0.79,0.92,0.49,2.01,16.04,35.27,-62.22,1
j,2022-10-29 18:29:50.215904,0.55,-0.11,0.79,0.61,0.79,1.77,16.03,35.24,-62.16,1
j,2022-10-29 18:29:50.234072,0.53,-0.11,0.80,-0.49,1.65,1.95,16.03,35.24,-62.16,1
j,2022-10-29 18:29:50.251930,0.55,-0.11,0.79,1.77,2.26,2.62,16.03,35.24,-62.16,1
j,2022-10-29 18:29:50.271008,0.54,-0.12,0.79,1.59,2.01,3.30,16.17,34.99,-62.94,1
j,2022-10-29 18:29:50.289008,0.55,-0.12,0.79,1.40,2.08,2.75,16.17,34.99,-62.94,1
j,2022-10-29 18:29:50.307043,0.56,-0.10,0.80,2.08,2.81,2.44,16.17,34.99,-62.94,1
j,2022-10-29 18:29:50.326025,0.54,-0.11,0.79,3.11,3.17,2.20,15.82,35.03,-62.40,1
j,2022-10-29 18:29:50.344025,0.56,-0.11,0.79,3.72,3.78,2.14,15.82,35.03,-62.40,1
j,2022-10-29 18:29:50.362914,0.57,-0.11,0.80,3.85,3.23,2.50,16.31,35.21,-62.05,1
j,2022-10-29 18:29:50.381062,0.55,-0.12,0.79,4.03,2.75,2.81,16.31,35.21,-62.05,1
j,2022-10-29 18:29:50.398996,0.55,-0.12,0.78,1.89,2.44,2.87,16.31,35.21,-62.05,1
j,2022-10-29 18:29:50.417980,0.55,-0.12,0.79,0.98,2.44,3.05,16.09,35.67,-61.39,1
j,2022-10-29 18:29:50.435991,0.56,-0.12,0.79,-0.12,2.69,2.56,16.09,35.67,-61.39,1
j,2022-10-29 18:29:50.454067,0.56,-0.11,0.79,0.31,2.87,2.14,16.09,35.67,-61.39,1
j,2022-10-29 18:29:50.472930,0.56,-0.11,0.78,1.83,2.20,2.50,16.28,35.50,-62.88,1
j,2022-10-29 18:29:50.491137,0.56,-0.13,0.79,0.98,1.95,2.08,16.28,35.50,-62.88,1
j,2022-10-29 18:29:50.509105,0.55,-0.11,0.79,1.46,2.32,1.46,16.28,35.50,-62.88,1
j,2022-10-29 18:29:50.528093,0.55,-0.12,0.79,0.79,2.32,2.01,16.15,35.94,-61.25,1
j,2022-10-29 18:29:50.545967,0.56,-0.12,0.78,1.10,1.83,2.08,16.15,35.94,-61.25,1
j,2022-10-29 18:29:50.565137,0.57,-0.12,0.78,-0.85,1.53,1.71,16.26,35.57,-60.78,1
j,2022-10-29 18:29:50.583182,0.58,-0.13,0.79,-2.44,1.28,0.73,16.26,35.57,-60.78,1
j,2022-10-29 18:29:50.601197,0.57,-0.13,0.78,-1.46,0.00,-0.98,16.26,35.57,-60.78,1
j,2022-10-29 18:29:50.620262,0.58,-0.14,0.77,-2.38,-1.22,-3.48,15.98,35.41,-61.85,1
j,2022-10-29 18:29:50.638271,0.45,-0.10,0.85,-8.24,-0.79,-3.17,15.98,35.41,-61.85,1
j,2022-10-29 18:29:50.656039,0.55,-0.09,0.77,12.70,2.08,0.61,15.98,35.41,-61.85,1
j,2022-10-29 18:29:50.675010,0.56,-0.07,0.82,4.09,2.32,3.11,16.13,35.85,-60.99,1
j,2022-10-29 18:29:50.693058,0.55,-0.12,0.78,7.63,1.89,5.74,16.13,35.85,-60.99,1
j,2022-10-29 18:29:50.711098,0.54,-0.27,0.73,7.26,3.05,3.66,16.13,35.85,-60.99,1
j,2022-10-29 18:29:50.730282,0.35,-0.12,1.00,-22.58,-1.16,-2.20,16.25,35.52,-60.71,1
j,2022-10-29 18:29:50.748233,0.62,-0.15,0.67,-7.51,-24.54,-1.53,16.25,35.52,-60.71,1
j,2022-10-29 18:29:50.767067,0.36,-0.09,0.86,-45.47,-18.43,1.83,14.64,34.48,-62.50,1
j,2022-10-29 18:29:50.785236,0.55,-0.17,0.71,-35.89,-36.07,5.07,14.64,34.48,-62.50,1
j,2022-10-29 18:29:50.803491,0.41,-0.07,0.81,-41.50,-28.44,-0.73,14.64,34.48,-62.50,1
j,2022-10-29 18:29:50.822035,0.42,-0.04,0.87,-23.99,-30.94,-7.14,11.78,32.81,-63.96,1
j,2022-10-29 18:29:50.840388,0.57,-0.09,0.81,-3.91,-33.81,-8.85,11.78,32.81,-63.96,1
j,2022-10-29 18:29:50.858037,0.48,-0.09,0.91,-1.65,-27.16,-12.51,11.78,32.81,-63.96,1
j,2022-10-29 18:29:50.877232,0.61,-0.03,0.85,7.69,-26.73,-11.54,9.02,33.17,-63.73,1
j,2022-10-29 18:29:50.895111,0.53,-0.01,0.92,10.44,-27.95,-6.10,9.02,33.17,-63.73,1
j,2022-10-29 18:29:50.913074,0.44,-0.11,0.92,11.90,-27.04,-1.83,9.02,33.17,-63.73,1
j,2022-10-29 18:29:50.932028,0.51,-0.09,0.75,12.02,-31.56,-1.46,6.36,33.53,-63.64,1
j,2022-10-29 18:29:50.949983,0.47,-0.06,0.89,1.34,-28.14,-1.89,6.36,33.53,-63.64,1
j,2022-10-29 18:29:50.969069,0.49,-0.13,0.90,6.77,-27.34,-1.59,4.42,33.90,-63.26,1
j,2022-10-29 18:29:50.987528,0.42,-0.11,0.90,-1.34,-23.13,-1.22,4.42,33.90,-63.26,1
j,2022-10-29 18:29:51.005277,0.42,-0.06,0.88,1.22,-24.17,-0.55,4.42,33.90,-63.26,1
j,2022-10-29 18:29:51.024054,0.44,-0.06,0.84,3.11,-28.02,3.11,2.49,33.65,-63.10,1
j,2022-10-29 18:29:51.042025,0.39,-0.09,0.89,0.49,-25.02,5.86,2.49,33.65,-63.10,1
j,2022-10-29 18:29:51.060300,0.41,-0.12,0.88,-11.29,-25.27,8.73,2.49,33.65,-63.10,1
j,2022-10-29 18:29:51.079061,0.38,-0.14,0.85,-12.15,-31.01,13.24,0.94,33.58,-63.35,1
j,2022-10-29 18:29:51.097101,0.39,-0.19,0.80,-15.93,-27.40,11.35,0.94,33.58,-63.35,1
j,2022-10-29 18:29:51.115187,0.39,-0.14,0.81,-25.94,-18.74,9.28,0.94,33.58,-63.35,1
j,2022-10-29 18:29:51.134064,0.41,-0.14,0.88,-29.60,-16.11,15.56,-0.62,32.73,-62.95,1
j,2022-10-29 18:29:51.152462,0.43,-0.06,0.94,-38.09,-11.41,18.31,-0.62,32.73,-62.95,1
j,2022-10-29 18:29:51.171093,0.49,0.01,0.92,-20.81,-8.36,40.77,-0.46,31.19,-63.12,1
j,2022-10-29 18:29:51.189095,0.40,0.01,0.99,-15.08,1.10,57.98,-0.46,31.19,-63.12,1
j,2022-10-29 18:29:51.207060,0.30,0.17,1.04,-14.89,3.17,58.84,-0.46,31.19,-63.12,1
j,2022-10-29 18:29:51.225749,0.25,0.13,0.99,0.37,4.94,53.34,0.90,30.63,-63.37,1
j,2022-10-29 18:29:51.243976,0.08,0.09,0.93,16.97,1.40,24.96,0.90,30.63,-63.37,1
j,2022-10-29 18:29:51.262095,0.33,0.53,1.03,41.44,-11.60,20.87,0.90,30.63,-63.37,1
j,2022-10-29 18:29:51.281126,0.42,-0.18,0.57,64.64,-12.82,48.22,1.17,32.69,-63.77,1
j,2022-10-29 18:29:51.299105,-0.37,-0.04,0.93,-11.23,38.88,11.41,1.17,32.69,-63.77,1
j,2022-10-29 18:29:51.317019,0.14,0.84,1.13,47.36,88.75,23.74,1.17,32.69,-63.77,1
j,2022-10-29 18:29:51.335806,0.65,0.46,0.95,167.79,125.31,90.64,5.04,35.13,-62.66,1
j,2022-10-29 18:29:51.354095,1.01,-0.60,0.68,151.37,139.83,75.32,5.04,35.13,-62.66,1
j,2022-10-29 18:29:51.373126,1.06,-0.83,0.73,94.30,143.37,14.22,13.75,41.48,-57.91,1
j,2022-10-29 18:29:51.391038,0.81,-0.76,0.74,23.32,127.14,-42.91,13.75,41.48,-57.91,1
j,2022-10-29 18:29:51.409133,0.68,-0.38,0.77,-51.27,90.15,-59.69,13.75,41.48,-57.91,1
j,2022-10-29 18:29:51.428241,0.73,-0.18,0.83,-47.91,22.09,-30.46,17.58,39.04,-59.63,1
j,2022-10-29 18:29:51.446357,0.55,-0.25,0.76,-38.94,-0.98,-35.28,17.58,39.04,-59.63,1
j,2022-10-29 18:29:51.464111,0.36,-0.06,0.83,-58.72,-3.97,-37.29,17.58,39.04,-59.63,1
j,2022-10-29 18:29:51.483156,0.31,0.09,0.83,-31.92,1.77,-26.73,18.53,36.10,-58.17,1
j,2022-10-29 18:29:51.501020,0.35,0.06,0.72,-3.30,4.33,-7.51,18.53,36.10,-58.17,1
j,2022-10-29 18:29:51.518970,0.42,-0.11,0.63,17.52,-9.16,7.51,18.53,36.10,-58.17,1
j,2022-10-29 18:29:51.538043,0.39,-0.14,0.61,-5.80,-10.31,-5.25,18.91,35.64,-57.54,1
j,2022-10-29 18:29:51.556363,0.46,-0.10,0.63,-6.41,-12.02,-9.34,18.91,35.64,-57.54,1
j,2022-10-29 18:29:51.575123,0.74,-0.40,0.66,-4.76,-21.48,-11.47,17.93,34.72,-59.03,1
j,2022-10-29 18:29:51.593386,0.89,-0.49,0.74,-41.50,-43.58,-31.86,17.93,34.72,-59.03,1
j,2022-10-29 18:29:51.611086,0.10,-0.34,0.79,-87.95,23.32,-49.13,17.93,34.72,-59.03,1
j,2022-10-29 18:29:51.629991,0.58,0.22,1.18,-5.37,-0.12,-28.93,16.32,32.62,-60.13,1
j,2022-10-29 18:29:51.648206,0.54,0.36,1.07,42.97,-21.79,-7.32,16.32,32.62,-60.13,1
j,2022-10-29 18:29:51.665938,0.51,0.09,0.87,81.97,-36.68,13.12,16.32,32.62,-60.13,1
j,2022-10-29 18:29:51.685101,0.51,-0.13,0.67,84.59,-38.27,22.16,15.43,35.83,-58.63,1
j,2022-10-29 18:29:51.703116,0.47,-0.21,0.65,51.03,-24.11,24.54,15.43,35.83,-58.63,1
j,2022-10-29 18:29:51.721086,0.44,-0.26,0.62,5.43,-14.40,29.05,15.43,35.83,-58.63,1
j,2022-10-29 18:29:51.740075,0.21,0.32,0.86,-59.08,-7.87,42.60,14.53,37.21,-56.54,1
j,2022-10-29 18:29:51.757998,-0.33,0.22,0.90,-10.25,7.57,95.21,14.53,37.21,-56.54,1
j,2022-10-29 18:29:51.776936,-0.10,0.08,0.82,61.71,46.02,78.06,16.15,37.65,-56.99,1
j,2022-10-29 18:29:51.794986,0.43,0.17,0.79,93.38,88.26,21.73,16.15,37.65,-56.99,1
j,2022-10-29 18:29:51.812998,0.68,-0.12,0.74,68.60,94.85,-21.67,16.15,37.65,-56.99,1
j,2022-10-29 18:29:51.831894,0.82,-0.06,0.77,61.40,96.98,-69.03,18.44,42.27,-55.02,1
j,2022-10-29 18:29:51.849923,0.88,-0.11,0.68,57.19,89.11,-88.01,18.44,42.27,-55.02,1
j,2022-10-29 18:29:51.867982,0.93,-0.30,0.59,57.31,56.34,-68.54,18.44,42.27,-55.02,1
j,2022-10-29 18:29:51.887063,0.90,-0.68,0.59,55.54,10.56,-38.70,17.22,46.24,-54.35,1
j,2022-10-29 18:29:51.905095,0.58,-1.02,0.57,35.28,-29.54,-8.18,17.22,46.24,-54.35,1
j,2022-10-29 18:29:51.922920,0.70,-0.99,0.48,14.22,-36.50,4.88,17.22,46.24,-54.35,1
j,2022-10-29 18:29:51.942079,0.77,-0.87,0.46,-25.82,-37.66,10.25,14.76,47.56,-53.54,1
j,2022-10-29 18:29:51.960192,0.65,-0.52,0.61,-72.14,-34.61,0.43,14.76,47.56,-53.54,1
j,2022-10-29 18:29:51.979117,0.59,-0.15,0.75,-81.36,-30.58,-11.90,13.98,44.36,-55.85,1
j,2022-10-29 18:29:51.997240,0.58,0.03,0.81,-56.70,-21.73,-9.83,13.98,44.36,-55.85,1
j,2022-10-29 18:29:52.015080,0.52,-0.02,0.89,-38.88,-14.77,-3.36,13.98,44.36,-55.85,1
j,2022-10-29 18:29:52.034314,0.49,-0.22,0.87,-15.99,-7.81,-0.79,13.12,42.46,-56.79,1
j,2022-10-29 18:29:52.052104,0.47,-0.24,0.90,-15.32,6.53,-4.15,13.12,42.46,-56.79,1
j,2022-10-29 18:29:52.070091,0.60,-0.15,0.86,5.68,8.67,-2.62,13.12,42.46,-56.79,1
j,2022-10-29 18:29:52.089282,0.55,-0.30,0.77,23.38,-0.92,-6.35,12.85,42.88,-58.42,1
j,2022-10-29 18:29:52.106963,0.46,-0.30,0.70,18.07,5.43,-14.47,12.85,42.88,-58.42,1
j,2022-10-29 18:29:52.125232,0.49,-0.28,0.69,4.15,9.22,-16.72,12.85,42.88,-58.42,1
j,2022-10-29 18:29:52.144192,0.60,-0.23,0.76,-0.55,7.02,-13.06,12.63,43.48,-57.56,1
j,2022-10-29 18:29:52.161985,0.70,-0.33,0.76,5.49,2.38,-14.59,12.63,43.48,-57.56,1
j,2022-10-29 18:29:52.181351,0.69,-0.43,0.80,-0.24,-11.23,-33.08,12.21,44.18,-59.55,1
j,2022-10-29 18:29:52.199193,-0.34,-0.28,0.67,-8.61,-16.24,-36.38,12.21,44.18,-59.55,1
j,2022-10-29 18:29:52.217035,0.55,-0.24,0.80,2.32,4.21,-25.82,12.21,44.18,-59.55,1
j,2022-10-29 18:29:52.236084,0.50,-0.25,0.78,-6.96,3.17,-22.83,11.02,43.52,-57.31,1
j,2022-10-29 18:29:52.254314,-0.22,-0.23,1.18,-22.89,-1.28,-17.15,11.02,43.52,-57.31,1
j,2022-10-29 18:29:52.272338,0.40,-0.17,0.68,19.29,-57.37,-21.73,11.02,43.52,-57.31,1
j,2022-10-29 18:29:52.290986,0.35,-0.30,0.68,-16.54,-61.95,-31.19,7.97,43.70,-57.81,1
j,2022-10-29 18:29:52.309003,0.37,-0.31,0.62,-18.86,-59.08,-33.94,7.97,43.70,-57.81,1
j,2022-10-29 18:29:52.327197,0.48,-0.18,0.63,-15.26,-55.42,-34.55,7.97,43.70,-57.81,1
j,2022-10-29 18:29:52.346095,0.49,-0.18,0.63,-14.16,-44.37,-24.90,3.09,43.15,-57.70,1
j,2022-10-29 18:29:52.364048,0.33,-0.31,0.97,-17.09,-25.39,-4.76,3.09,43.15,-57.70,1
j,2022-10-29 18:29:52.383140,0.42,-0.38,0.82,-8.73,-18.25,4.39,-0.82,42.20,-59.36,1
j,2022-10-29 18:29:52.401144,0.52,-0.31,0.84,-11.78,-12.88,7.26,-0.82,42.20,-59.36,1
j,2022-10-29 18:29:52.419239,0.59,-0.33,0.99,-23.19,-5.49,19.17,-0.82,42.20,-59.36,1
j,2022-10-29 18:29:52.438327,0.56,-0.31,1.09,-35.52,-3.23,26.98,-1.38,41.24,-59.47,1
j,2022-10-29 18:29:52.456206,0.58,0.03,1.30,-23.68,-9.03,40.16,-1.38,41.24,-59.47,1
j,2022-10-29 18:29:52.474128,0.74,-0.03,1.04,21.12,-21.91,89.29,-1.38,41.24,-59.47,1
j,2022-10-29 18:29:52.492975,0.39,-0.39,0.90,11.66,-23.74,104.74,0.23,41.38,-60.22,1
j,2022-10-29 18:29:52.511059,0.29,-0.34,0.96,-23.38,-24.72,84.72,0.23,41.38,-60.22,1
j,2022-10-29 18:29:52.529374,0.31,-0.10,0.93,-36.25,-29.36,61.16,0.23,41.38,-60.22,1
j,2022-10-29 18:29:52.548170,-0.03,-0.05,0.79,-28.93,-12.45,43.15,1.81,40.05,-59.48,1
j,2022-10-29 18:29:52.566018,0.28,0.26,0.86,42.48,74.16,41.81,1.81,40.05,-59.48,1
j,2022-10-29 18:29:52.585067,0.73,-0.12,0.77,85.94,132.81,51.76,7.18,41.63,-58.20,1
j,2022-10-29 18:29:52.602956,0.87,-0.44,0.72,63.66,164.25,44.31,7.18,41.63,-58.20,1
j,2022-10-29 18:29:52.621235,0.84,-0.60,0.79,10.99,161.01,21.91,7.18,41.63,-58.20,1
j,2022-10-29 18:29:52.640029,0.89,-0.47,0.86,-28.63,120.54,-9.09,15.00,41.87,-56.42,1
j,2022-10-29 18:29:52.658169,0.66,-0.27,0.72,-28.26,35.10,-32.41,15.00,41.87,-56.42,1
j,2022-10-29 18:29:52.676305,0.45,-0.23,0.61,-11.47,-5.86,-20.57,15.00,41.87,-56.42,1
j,2022-10-29 18:29:52.695082,0.38,-0.39,0.62,5.31,-21.97,3.11,16.63,40.44,-56.75,1
j,2022-10-29 18:29:52.713473,0.32,-0.48,0.56,-3.97,-23.44,6.35,16.63,40.44,-56.75,1
j,2022-10-29 18:29:52.731126,0.40,-0.28,0.61,-41.02,-14.65,-3.23,16.63,40.44,-56.75,1
j,2022-10-29 18:29:52.750019,0.80,-0.07,0.65,-29.72,-27.59,-35.46,17.08,39.07,-57.84,1
j,2022-10-29 18:29:52.768286,-0.80,-0.15,0.56,-28.32,-59.57,-69.46,17.08,39.07,-57.84,1
j,2022-10-29 18:29:52.787091,0.53,0.12,1.74,77.82,-0.31,-26.31,14.67,39.83,-57.12,1
j,2022-10-29 18:29:52.805121,0.49,-0.61,1.02,148.32,-43.82,-26.31,14.67,39.83,-57.12,1
j,2022-10-29 18:29:52.823114,0.57,-0.36,0.77,83.13,-62.50,-37.29,14.67,39.83,-57.12,1
j,2022-10-29 18:29:52.842393,0.44,0.02,0.53,-13.55,-49.07,-16.72,10.93,42.38,-56.14,1
j,2022-10-29 18:29:52.860016,0.43,0.24,0.67,-1.40,-32.90,16.85,10.93,42.38,-56.14,1
j,2022-10-29 18:29:52.878002,-0.04,0.23,1.00,22.16,-26.86,48.52,10.93,42.38,-56.14,1
j,2022-10-29 18:29:52.897142,-0.24,0.29,0.81,81.24,-20.02,80.63,10.23,43.25,-55.09,1
j,2022-10-29 18:29:52.914909,0.00,0.19,0.77,95.03,32.17,133.30,10.23,43.25,-55.09,1
j,2022-10-29 18:29:52.933146,0.20,-0.11,0.57,97.78,104.43,126.77,10.23,43.25,-55.09,1
j,2022-10-29 18:29:52.952024,0.54,-0.54,0.51,75.99,134.83,60.97,14.71,47.24,-51.06,1
j,2022-10-29 18:29:52.969984,0.73,-0.48,0.63,40.04,144.04,-6.35,14.71,47.24,-51.06,1
j,2022-10-29 18:29:52.989013,1.04,-0.46,0.60,28.99,127.50,-44.49,16.39,50.68,-50.09,1
j,2022-10-29 18:29:53.007089,1.04,-0.50,0.52,20.39,95.89,-62.68,16.39,50.68,-50.09,1
j,2022-10-29 18:29:53.025095,0.96,-0.59,0.48,19.04,41.81,-69.09,16.39,50.68,-50.09,1
j,2022-10-29 18:29:53.044181,1.00,-0.63,0.49,-8.67,7.26,-65.67,13.56,52.19,-50.62,1
j,2022-10-29 18:29:53.062310,0.88,-0.56,0.54,-33.63,-29.79,-46.88,13.56,52.19,-50.62,1
j,2022-10-29 18:29:53.080369,0.68,-0.66,0.69,-25.70,-55.30,-12.21,13.56,52.19,-50.62,1
