E,2022-10-19 16:54:08.895901,0.08,0.23,0.91,-47.79,3.85,11.47,-13.38,-105.09,-130.87,1
E,2022-10-19 16:54:08.913746,0.09,0.28,0.83,-52.92,3.72,7.57,-13.38,-105.09,-130.87,1
E,2022-10-19 16:54:08.932637,0.02,0.38,0.69,-41.44,-4.64,6.10,-13.38,-105.09,-130.87,1
E,2022-10-19 16:54:08.951672,-0.02,0.41,0.91,34.36,5.62,-6.41,-15.83,-110.00,-127.34,1
E,2022-10-19 16:54:08.970749,0.03,0.14,0.91,51.03,5.13,5.55,-15.83,-110.00,-127.34,1
E,2022-10-19 16:54:08.990770,0.01,0.19,0.88,-9.83,10.07,-11.54,-15.03,-109.33,-129.55,1
E,2022-10-19 16:54:09.008971,0.02,0.19,0.86,-54.75,17.70,-20.75,-15.03,-109.33,-129.55,1
E,2022-10-19 16:54:09.027209,-0.14,0.07,-0.44,-87.59,12.08,-25.33,-15.03,-109.33,-129.55,1
E,2022-10-19 16:54:09.047368,-0.00,0.32,0.93,-11.23,-68.12,10.25,-15.05,-112.18,-127.97,1
E,2022-10-19 16:54:09.065003,-0.01,0.45,0.81,32.41,-77.64,45.04,-15.05,-112.18,-127.97,1
E,2022-10-19 16:54:09.082074,-0.03,0.40,0.93,53.04,-77.51,47.97,-15.05,-112.18,-127.97,1
E,2022-10-19 16:54:09.102219,-0.05,0.35,1.13,57.56,-65.67,44.25,-18.59,-110.95,-128.81,1
E,2022-10-19 16:54:09.120309,-0.08,0.33,1.21,9.52,-23.38,16.30,-18.59,-110.95,-128.81,1
E,2022-10-19 16:54:09.139632,-0.09,0.35,1.17,-11.35,-12.02,3.60,-18.79,-112.50,-132.01,1
E,2022-10-19 16:54:09.157736,-0.09,0.42,1.15,-18.31,-3.54,0.61,-18.79,-112.50,-132.01,1
E,2022-10-19 16:54:09.175428,-0.07,0.45,1.00,-10.68,3.42,4.76,-18.79,-112.50,-132.01,1
E,2022-10-19 16:54:09.195443,-0.07,0.57,0.94,1.59,-5.68,5.74,-18.13,-112.76,-131.19,1
E,2022-10-19 16:54:09.213864,-0.09,0.82,1.00,22.16,-17.46,-19.59,-18.13,-112.76,-131.19,1
E,2022-10-19 16:54:09.231818,-0.09,0.80,1.07,30.52,-8.67,-56.34,-18.13,-112.76,-131.19,1
E,2022-10-19 16:54:09.251079,-0.12,0.40,1.07,36.19,8.24,-83.62,-7.79,-111.44,-130.18,1
E,2022-10-19 16:54:09.269446,-0.19,0.21,0.99,44.19,20.87,-70.68,-7.79,-111.44,-130.18,1
E,2022-10-19 16:54:09.288876,-0.26,-0.36,1.18,52.19,18.37,-48.58,7.93,-105.03,-131.98,1
E,2022-10-19 16:54:09.305931,-0.16,-0.46,1.17,45.23,25.76,-11.60,7.93,-105.03,-131.98,1
E,2022-10-19 16:54:09.324569,-0.10,-0.42,1.14,18.01,31.43,13.67,7.93,-105.03,-131.98,1
E,2022-10-19 16:54:09.343606,-0.00,-0.19,0.96,-11.84,38.51,45.72,5.20,-102.04,-133.18,1
E,2022-10-19 16:54:09.361674,0.09,0.03,0.80,-41.87,38.33,34.67,5.20,-102.04,-133.18,1
E,2022-10-19 16:54:09.379431,0.15,0.12,0.66,-45.10,31.49,41.38,5.20,-102.04,-133.18,1
E,2022-10-19 16:54:09.399433,0.14,0.28,0.63,-42.91,17.52,49.26,-7.21,-104.19,-130.24,1
E,2022-10-19 16:54:09.417216,0.13,0.45,0.62,-43.58,2.99,47.61,-7.21,-104.19,-130.24,1
E,2022-10-19 16:54:09.435349,0.15,0.66,0.62,-56.27,-9.64,17.88,-16.71,-107.36,-127.88,1
E,2022-10-19 16:54:09.453801,0.09,0.81,0.65,-48.22,-14.77,1.16,-16.71,-107.36,-127.88,1
E,2022-10-19 16:54:09.472528,-0.11,0.57,0.93,45.29,10.93,-2.87,-16.71,-107.36,-127.88,1
E,2022-10-19 16:54:09.491550,0.02,0.52,0.80,92.41,8.73,23.68,-16.32,-108.42,-129.88,1
E,2022-10-19 16:54:09.509889,-0.03,0.57,0.92,22.89,-21.91,-43.52,-16.32,-108.42,-129.88,1
E,2022-10-19 16:54:09.527572,-0.03,0.41,0.98,17.94,-24.60,-58.23,-16.32,-108.42,-129.88,1
E,2022-10-19 16:54:09.547173,-0.07,0.26,1.04,32.29,-16.36,-48.28,-6.63,-109.11,-128.39,1
E,2022-10-19 16:54:09.564947,-0.10,0.07,1.09,48.34,0.06,-25.27,-6.63,-109.11,-128.39,1
E,2022-10-19 16:54:09.583984,-0.18,-0.26,1.23,29.05,16.11,-9.22,-6.63,-109.11,-128.39,1
E,2022-10-19 16:54:09.602986,-0.04,-0.17,1.17,-4.33,31.43,2.44,1.75,-106.26,-128.64,1
E,2022-10-19 16:54:09.620097,0.07,-0.07,1.02,-34.00,40.47,9.34,1.75,-106.26,-128.64,1
E,2022-10-19 16:54:09.639430,0.13,0.03,0.87,-46.94,41.56,21.48,-4.69,-104.80,-129.03,1
E,2022-10-19 16:54:09.657491,0.27,0.20,0.66,-46.75,27.22,35.83,-4.69,-104.80,-129.03,1
E,2022-10-19 16:54:09.676296,0.21,0.36,0.59,-65.86,15.38,31.56,-4.69,-104.80,-129.03,1
E,2022-10-19 16:54:09.694305,0.13,0.44,0.57,-70.62,1.28,25.82,-13.83,-106.84,-126.79,1
E,2022-10-19 16:54:09.713381,-0.05,0.59,0.87,-22.09,-5.55,-19.04,-13.83,-106.84,-126.79,1
E,2022-10-19 16:54:09.730872,0.02,0.39,0.91,38.39,-0.79,18.19,-13.83,-106.84,-126.79,1
E,2022-10-19 16:54:09.749890,-0.02,0.40,0.92,26.92,5.49,26.67,-14.81,-108.35,-126.17,1
E,2022-10-19 16:54:09.767525,0.03,1.22,0.65,20.08,3.85,13.73,-14.81,-108.35,-126.17,1
E,2022-10-19 16:54:09.786694,0.06,1.09,0.75,-19.53,-8.54,-68.42,-6.25,-108.59,-124.48,1
E,2022-10-19 16:54:09.804695,0.03,0.70,0.75,50.48,-24.72,-72.51,-6.25,-108.59,-124.48,1
E,2022-10-19 16:54:09.823005,-0.01,0.27,0.83,74.65,-34.30,-63.96,-6.25,-108.59,-124.48,1
E,2022-10-19 16:54:09.841564,-0.07,-0.06,1.00,64.15,-32.96,-51.33,18.55,-101.45,-124.78,1
E,2022-10-19 16:54:09.859822,-0.26,-0.10,1.19,51.21,-24.17,-32.17,18.55,-101.45,-124.78,1
E,2022-10-19 16:54:09.877023,-0.30,-0.14,1.32,51.15,-1.71,-16.42,18.55,-101.45,-124.78,1
E,2022-10-19 16:54:09.897052,-0.08,-0.16,1.12,14.53,30.58,-11.23,27.34,-87.10,-126.95,1
E,2022-10-19 16:54:09.915257,0.16,-0.12,0.79,-6.29,26.79,-0.37,27.34,-87.10,-126.95,1
E,2022-10-19 16:54:09.934869,0.16,0.09,0.80,-14.47,11.29,11.35,24.16,-81.32,-127.31,1
