V,2022-11-13 14:44:30.372097,2.614601,12.278093,2.542772,-0.367001,0.186640,-0.650141,46.445934,-2.517334,-73.259231,1
V,2022-11-13 14:44:30.468036,-1.608985,9.720954,0.651256,-0.130376,-0.413646,-0.282619,49.482784,7.372194,-73.086456,1
V,2022-11-13 14:44:30.563467,-4.592313,11.157549,1.829263,0.022758,0.127783,0.097686,45.195465,17.441532,-72.740890,1
V,2022-11-13 14:44:30.659836,-1.910670,6.258762,-0.502808,-0.144491,0.177984,0.413276,45.195465,17.441532,-72.740890,1
V,2022-11-13 14:44:30.755548,-0.986461,6.886075,0.852379,-0.074182,-0.355721,0.594773,46.624572,19.239627,-64.447395,1
V,2022-11-13 14:44:30.851790,-1.958557,11.583739,2.049541,-0.542506,-0.402727,-0.116036,41.265426,7.731813,-69.976394,1
V,2022-11-13 14:44:30.947394,-3.577120,11.684300,2.336860,-0.191896,-0.131213,-0.077552,30.904409,11.687624,-98.312507,1
V,2022-11-13 14:44:31.043221,-2.044752,10.554180,1.901093,1.032378,-0.203519,0.260941,32.154876,7.552003,-88.118415,1
V,2022-11-13 14:44:31.123393,-2.265030,7.930000,1.489269,0.469377,-0.065699,-0.262379,32.154876,7.552003,-88.118415,1
V,2022-11-13 14:44:31.219120,-2.059118,9.280399,1.719124,0.021693,0.112736,0.363607,51.269165,52.324592,-67.557456,1
V,2022-11-13 14:44:31.314391,-1.412651,10.080103,0.790127,0.277227,-0.000317,0.385445,56.271034,57.359260,-72.049766,1
V,2022-11-13 14:44:31.410347,-1.805320,9.629970,1.340821,-0.142493,-0.072490,-0.158647,55.556480,57.718883,-73.432014,1
