V,2022-11-13 14:44:33.024245,-2.830090,9.505466,1.513213,0.062973,0.038166,0.032038,-3.930041,79.835464,-112.307792,1
V,2022-11-13 14:44:33.119523,0.148448,9.835883,1.556310,0.048725,0.000882,-1.366941,-3.930041,79.835464,-112.307792,1
V,2022-11-13 14:44:33.215966,-6.273128,8.265206,0.976884,-0.003740,-0.598073,0.014861,1.965020,68.507453,-109.370506,1
V,2022-11-13 14:44:33.311540,-6.455097,10.300381,2.485308,0.099991,0.250024,0.479723,-5.895061,65.630500,-97.275825,1
V,2022-11-13 14:44:33.392093,-2.202778,6.977059,0.593792,-0.034634,0.146159,0.632058,-1.607744,67.428596,-116.972885,1
V,2022-11-13 14:44:33.487403,0.129293,4.630622,0.167603,0.283486,0.124587,-0.262245,-1.607744,67.428596,-116.972885,1
V,2022-11-13 14:44:33.583394,-3.380785,9.251667,1.814897,-0.446498,-0.403392,-0.101788,0.893191,77.138320,-118.700691,1
V,2022-11-13 14:44:33.679452,-5.545254,11.784862,3.064734,-0.197888,-0.280752,0.289304,-4.287317,92.781753,-84.662796,1
V,2022-11-13 14:44:33.775159,-3.390362,11.444868,2.236298,0.774713,0.016195,0.234308,-14.291057,101.412612,-85.008354,1
V,2022-11-13 14:44:33.871123,-2.231510,8.121546,1.441383,0.645548,0.067861,0.433250,-14.291057,101.412612,-85.008354,1
V,2022-11-13 14:44:33.966913,-2.652911,7.594795,1.580254,0.010508,0.053746,0.292766,-26.795730,56.100593,-129.585906,1
V,2022-11-13 14:44:34.062859,-2.116582,9.677857,1.307301,0.110245,0.097023,0.490642,-36.620830,33.624393,-133.559875,1
V,2022-11-13 14:44:34.157886,-1.992077,9.692223,1.350399,-0.075381,0.001148,0.005939,-35.013088,36.321540,-135.460464,1
