s,2022-10-14 15:19:02.679672,0.43,-0.40,0.74,-4.27,0.49,-9.16,8.20,12.29,-7.47,1
s,2022-10-14 15:19:02.697885,0.46,-0.35,0.76,-8.42,0.85,-3.30,8.20,12.29,-7.47,1
s,2022-10-14 15:19:02.719285,0.54,-0.25,0.78,-10.74,3.66,-1.71,8.53,10.06,-6.81,1
s,2022-10-14 15:19:02.738008,0.61,-0.22,0.73,-7.32,3.54,-7.20,8.53,10.06,-6.81,1
s,2022-10-14 15:19:02.756937,0.61,-0.21,0.73,-3.23,-3.60,-10.25,8.53,10.06,-6.81,1
s,2022-10-14 15:19:02.776415,0.60,-0.23,0.73,5.25,-9.58,-9.64,9.68,9.00,-5.87,1
s,2022-10-14 15:19:02.795344,0.59,-0.28,0.75,4.21,-10.13,-12.82,9.68,9.00,-5.87,1
s,2022-10-14 15:19:02.815249,0.40,-0.31,0.87,-13.73,-8.67,-19.23,11.01,7.89,-4.14,1
s,2022-10-14 15:19:02.833919,0.33,-0.34,0.90,-14.28,0.00,-23.74,11.01,7.89,-4.14,1
s,2022-10-14 15:19:02.852586,0.59,-0.30,0.74,-7.75,0.67,-23.01,11.01,7.89,-4.14,1
s,2022-10-14 15:19:02.873404,0.52,-0.33,0.78,-16.30,-1.40,-25.57,11.05,6.49,-4.35,1
s,2022-10-14 15:19:02.892556,0.55,-0.35,0.78,-15.32,1.46,-23.93,11.05,6.49,-4.35,1
s,2022-10-14 15:19:02.912722,0.51,-0.26,0.48,-33.81,3.72,74.34,13.40,4.22,-3.02,1
s,2022-10-14 15:19:02.930839,0.53,-0.49,0.53,-79.71,9.77,-0.73,13.40,4.22,-3.02,1
s,2022-10-14 15:19:02.950833,0.44,-0.54,0.50,-30.27,-30.64,55.18,13.40,4.22,-3.02,1
s,2022-10-14 15:19:02.970130,0.44,0.20,0.89,-36.80,-35.46,46.57,19.76,-4.82,-0.85,1
s,2022-10-14 15:19:02.988883,0.45,0.04,0.73,-87.95,-1.40,-20.32,19.76,-4.82,-0.85,1
s,2022-10-14 15:19:03.008928,0.41,0.08,0.87,-21.42,-25.51,7.08,24.16,-14.62,-2.59,1
s,2022-10-14 15:19:03.027894,0.42,0.15,1.02,72.69,-71.84,28.50,24.16,-14.62,-2.59,1
s,2022-10-14 15:19:03.047159,0.44,0.23,1.06,26.92,-41.69,-7.39,24.16,-14.62,-2.59,1
s,2022-10-14 15:19:03.066797,0.41,0.24,1.14,29.91,-9.46,-40.41,28.49,-18.19,-2.92,1
s,2022-10-14 15:19:03.085487,0.47,0.12,1.08,14.83,15.38,-77.76,28.49,-18.19,-2.92,1
s,2022-10-14 15:19:03.103670,0.56,-0.17,0.83,14.47,35.03,-88.26,28.49,-18.19,-2.92,1
s,2022-10-14 15:19:03.123589,0.46,-0.33,0.70,68.05,21.48,-34.18,25.10,-6.88,-2.44,1
s,2022-10-14 15:19:03.142258,0.45,-0.59,0.53,55.48,11.78,-37.23,25.10,-6.88,-2.44,1
s,2022-10-14 15:19:03.162570,0.44,-0.80,0.48,31.31,0.55,-39.49,19.57,-1.33,-3.53,1
s,2022-10-14 15:19:03.181373,0.39,-0.75,0.56,-15.50,-3.36,-51.21,19.57,-1.33,-3.53,1
s,2022-10-14 15:19:03.199852,0.43,-0.51,0.62,-58.23,-23.13,-57.68,19.57,-1.33,-3.53,1
s,2022-10-14 15:19:03.218759,0.54,-0.40,0.79,-31.56,-46.26,-31.37,21.51,-4.25,-5.38,1
s,2022-10-14 15:19:03.238468,0.64,-0.35,1.00,6.59,-53.41,11.17,21.51,-4.25,-5.38,1
s,2022-10-14 15:19:03.258177,0.59,-0.30,0.98,3.66,-6.47,30.27,27.19,-10.35,-4.30,1
s,2022-10-14 15:19:03.275728,0.51,-0.34,0.96,23.38,-6.29,62.68,27.19,-10.35,-4.30,1
s,2022-10-14 15:19:03.295100,0.55,-0.32,0.94,1.28,0.73,55.36,27.19,-10.35,-4.30,1
s,2022-10-14 15:19:03.315446,0.44,-0.25,0.88,-15.32,8.18,50.90,30.36,-14.20,-6.02,1
s,2022-10-14 15:19:03.334061,0.39,-0.10,0.90,-21.48,4.09,41.20,30.36,-14.20,-6.02,1
s,2022-10-14 15:19:03.353000,0.44,-0.09,0.94,-9.16,-1.16,36.19,30.36,-14.20,-6.02,1
s,2022-10-14 15:19:03.373048,0.30,0.05,0.89,3.91,-8.97,22.52,30.40,-16.22,-4.77,1
s,2022-10-14 15:19:03.392803,0.32,-0.06,0.94,15.99,-13.18,14.47,30.40,-16.22,-4.77,1
s,2022-10-14 15:19:03.412066,0.17,0.04,1.01,23.99,6.04,21.85,28.47,-13.44,-5.15,1
s,2022-10-14 15:19:03.431122,0.29,0.00,0.98,39.61,32.35,0.12,28.47,-13.44,-5.15,1
s,2022-10-14 15:19:03.449731,0.40,-0.07,0.90,42.85,41.75,-9.89,28.47,-13.44,-5.15,1
s,2022-10-14 15:19:03.469975,0.52,-0.13,0.83,37.17,42.60,-17.27,21.45,-6.25,-4.74,1
s,2022-10-14 15:19:03.489167,0.58,-0.11,0.79,21.61,33.02,-22.03,21.45,-6.25,-4.74,1
s,2022-10-14 15:19:03.508642,0.58,-0.14,0.83,14.59,30.46,-30.88,12.15,3.38,-7.47,1
s,2022-10-14 15:19:03.526847,0.61,-0.21,0.76,9.28,30.88,-37.60,12.15,3.38,-7.47,1
s,2022-10-14 15:19:03.544796,0.59,-0.27,0.76,-4.52,23.56,-42.91,12.15,3.38,-7.47,1
s,2022-10-14 15:19:03.564592,0.53,-0.32,0.79,-7.51,18.98,-40.10,2.71,10.86,-11.11,1
s,2022-10-14 15:19:03.583021,0.52,-0.33,0.81,-2.62,18.25,-35.58,2.71,10.86,-11.11,1
s,2022-10-14 15:19:03.602022,0.54,-0.38,0.80,3.91,21.24,-29.91,2.71,10.86,-11.11,1
