L,2022-10-28 14:35:29.617997,-0.27,0.05,-0.96,18.86,-25.82,1.71,-38.94,-33.28,-124.43,1
L,2022-10-28 14:35:29.636920,-0.25,0.09,-0.95,18.49,-27.28,7.14,-37.32,-34.09,-124.08,1
L,2022-10-28 14:35:29.655002,-0.25,0.13,-0.96,23.80,-23.25,6.84,-37.32,-34.09,-124.08,1
L,2022-10-28 14:35:29.673894,-0.22,0.19,-0.96,25.82,-22.52,5.98,-34.91,-34.01,-126.18,1
L,2022-10-28 14:35:29.692094,-0.22,0.24,-0.96,23.13,-27.71,3.48,-34.91,-34.01,-126.18,1
L,2022-10-28 14:35:29.710083,-0.21,0.26,-0.94,18.49,-30.33,-0.18,-34.91,-34.01,-126.18,1
L,2022-10-28 14:35:29.729096,-0.20,0.29,-0.96,9.28,-29.17,-0.37,-33.84,-33.96,-126.14,1
L,2022-10-28 14:35:29.747111,-0.18,0.29,-0.97,12.08,-26.79,-6.84,-33.84,-33.96,-126.14,1
L,2022-10-28 14:35:29.765001,-0.17,0.24,-0.96,19.04,-24.84,-11.66,-33.84,-33.96,-126.14,1
L,2022-10-28 14:35:29.784023,-0.18,0.23,-0.98,9.28,-22.71,-8.91,-32.86,-34.61,-126.48,1
L,2022-10-28 14:35:29.802070,-0.21,0.24,-1.01,9.03,-25.82,-7.14,-32.86,-34.61,-126.48,1
L,2022-10-28 14:35:29.820904,-0.20,0.21,-0.99,15.56,-29.91,-12.57,-32.35,-34.86,-126.48,1
L,2022-10-28 14:35:29.839157,-0.16,0.20,-0.95,-2.50,-28.08,-6.77,-32.35,-34.86,-126.48,1
L,2022-10-28 14:35:29.857136,-0.18,0.23,-0.94,-20.45,-25.33,-0.18,-32.35,-34.86,-126.48,1
L,2022-10-28 14:35:29.875976,-0.15,0.23,-0.93,-30.03,-21.97,2.87,-32.23,-34.79,-126.89,1
L,2022-10-28 14:35:29.894101,-0.13,0.24,-0.91,-38.09,-12.57,5.19,-32.23,-34.79,-126.89,1
L,2022-10-28 14:35:29.912093,-0.28,0.38,-0.99,-21.67,-2.38,7.87,-32.23,-34.79,-126.89,1
L,2022-10-28 14:35:29.930959,-0.17,0.18,-0.98,19.78,-1.65,-3.97,-31.60,-34.30,-126.77,1
L,2022-10-28 14:35:29.948993,-0.17,0.18,-0.97,-5.86,-6.96,9.52,-31.60,-34.30,-126.77,1
L,2022-10-28 14:35:29.966999,-0.16,0.12,-0.95,-16.91,-9.46,14.77,-31.60,-34.30,-126.77,1
L,2022-10-28 14:35:29.985931,-0.37,0.13,-0.63,-43.27,21.85,14.22,-32.15,-33.79,-125.89,1
L,2022-10-28 14:35:30.003886,-0.25,0.12,-0.84,9.46,121.46,5.74,-32.15,-33.79,-125.89,1
L,2022-10-28 14:35:30.022909,-0.22,0.14,-0.93,17.40,143.86,15.87,-32.13,-31.95,-129.08,1
L,2022-10-28 14:35:30.040881,-0.22,0.11,-1.07,30.21,132.26,21.91,-32.13,-31.95,-129.08,1
L,2022-10-28 14:35:30.058852,-0.27,0.12,-1.08,29.11,78.31,9.03,-32.13,-31.95,-129.08,1
L,2022-10-28 14:35:30.077922,-0.34,0.12,-1.10,23.01,45.53,5.07,-31.16,-29.92,-131.67,1
L,2022-10-28 14:35:30.095966,-0.39,0.10,-1.08,12.33,25.21,7.57,-31.16,-29.92,-131.67,1
L,2022-10-28 14:35:30.113895,-0.41,0.07,-1.07,0.73,16.54,16.17,-31.16,-29.92,-131.67,1
L,2022-10-28 14:35:30.132891,-0.41,0.05,-1.05,-2.38,11.72,27.22,-31.21,-28.16,-131.88,1
L,2022-10-28 14:35:30.151009,-0.42,-0.01,-1.02,3.97,5.49,52.49,-31.21,-28.16,-131.88,1
L,2022-10-28 14:35:30.169918,-0.40,0.02,-0.97,1.65,-1.22,69.21,-30.31,-26.43,-132.29,1
L,2022-10-28 14:35:30.187983,-0.38,0.08,-0.93,3.60,-0.61,68.30,-30.31,-26.43,-132.29,1
L,2022-10-28 14:35:30.205807,-0.37,0.12,-0.94,10.62,0.67,47.67,-30.31,-26.43,-132.29,1
L,2022-10-28 14:35:30.224953,-0.38,0.16,-0.95,20.45,3.54,18.68,-29.57,-23.99,-135.28,1
L,2022-10-28 14:35:30.242898,-0.39,0.26,-0.93,13.67,-4.58,6.41,-29.57,-23.99,-135.28,1
L,2022-10-28 14:35:30.261052,-0.43,0.29,-0.89,6.47,-12.45,-7.45,-29.57,-23.99,-135.28,1
L,2022-10-28 14:35:30.279941,-0.56,0.33,-0.90,8.42,-13.31,-18.86,-28.37,-23.13,-136.21,1
L,2022-10-28 14:35:30.298124,-0.47,0.32,-0.96,25.15,-9.28,-40.83,-28.37,-23.13,-136.21,1
L,2022-10-28 14:35:30.316090,-0.39,0.27,-0.94,17.58,-11.29,-45.96,-28.37,-23.13,-136.21,1
L,2022-10-28 14:35:30.334990,-0.37,0.17,-0.96,10.25,-11.05,-46.33,-27.60,-24.44,-135.00,1
