Q,2022-11-09 16:09:24.928460,0.06,0.07,0.96,-7.45,3.48,-12.02,-32.52,-3.82,-32.29,1
Q,2022-11-09 16:09:24.948586,-0.03,0.15,0.94,2.81,0.92,13.18,-32.52,-3.82,-32.29,1
Q,2022-11-09 16:09:24.967406,-0.03,0.01,0.94,9.70,3.97,35.46,-34.14,-4.30,-33.14,1
Q,2022-11-09 16:09:24.985995,-0.03,-0.07,0.94,-11.35,6.71,40.28,-34.14,-4.30,-33.14,1
Q,2022-11-09 16:09:25.005654,-0.02,0.10,0.92,-27.89,4.46,23.19,-34.14,-4.30,-33.14,1
Q,2022-11-09 16:09:25.026123,-0.01,0.55,1.02,29.42,5.62,22.83,-36.63,-4.09,-31.32,1
Q,2022-11-09 16:09:25.044082,-0.04,-0.22,0.96,50.11,26.73,59.02,-36.63,-4.09,-31.32,1
Q,2022-11-09 16:09:25.063855,-0.02,-0.07,0.91,-8.91,14.53,29.24,-36.63,-4.09,-31.32,1
Q,2022-11-09 16:09:25.083764,-0.02,0.10,0.94,-24.23,3.05,41.20,-37.50,-1.66,-32.85,1
Q,2022-11-09 16:09:25.105395,-0.03,0.10,0.83,-41.93,-18.43,54.02,-37.50,-1.66,-32.85,1
Q,2022-11-09 16:09:25.123009,-0.07,0.21,0.74,-46.33,-55.73,70.19,-40.49,1.46,-31.27,1
Q,2022-11-09 16:09:25.142347,-0.16,0.26,0.77,-28.02,-76.05,75.20,-40.49,1.46,-31.27,1
Q,2022-11-09 16:09:25.161483,-0.23,0.29,0.79,-28.69,-92.65,60.49,-40.49,1.46,-31.27,1
Q,2022-11-09 16:09:25.182671,-0.26,0.26,0.81,-24.84,-102.72,22.95,-42.66,4.27,-26.53,1
Q,2022-11-09 16:09:25.200347,-0.26,0.35,0.88,-33.45,-115.54,0.55,-42.66,4.27,-26.53,1
Q,2022-11-09 16:09:25.221292,-0.35,0.39,0.83,-29.05,-121.28,-17.27,-42.87,4.02,-20.50,1
Q,2022-11-09 16:09:25.240633,-0.41,0.46,0.94,-16.54,-95.76,-51.45,-42.87,4.02,-20.50,1
Q,2022-11-09 16:09:25.260214,-0.48,0.61,0.95,8.91,-69.15,-70.01,-42.87,4.02,-20.50,1
Q,2022-11-09 16:09:25.279676,-0.52,0.45,0.99,39.12,-23.62,-78.19,-40.42,0.98,-16.61,1
Q,2022-11-09 16:09:25.299768,-0.37,0.38,0.98,62.01,46.94,-117.80,-40.42,0.98,-16.61,1
Q,2022-11-09 16:09:25.318352,-0.17,0.44,1.14,28.99,81.30,-111.27,-40.42,0.98,-16.61,1
Q,2022-11-09 16:09:25.340004,-0.16,0.51,1.07,30.21,86.06,-77.39,-37.65,-4.50,-21.04,1
Q,2022-11-09 16:09:25.357514,-0.11,0.20,1.01,70.31,99.85,-35.16,-37.65,-4.50,-21.04,1
Q,2022-11-09 16:09:25.377498,-0.05,-0.02,0.96,77.03,107.24,-13.73,-34.19,-7.15,-24.46,1
Q,2022-11-09 16:09:25.396657,-0.04,-0.19,0.91,64.76,95.76,5.98,-34.19,-7.15,-24.46,1
Q,2022-11-09 16:09:25.417467,-0.01,-0.09,0.85,23.93,69.89,32.90,-34.19,-7.15,-24.46,1
Q,2022-11-09 16:09:25.436925,0.01,0.13,0.88,-6.96,56.34,62.81,-34.89,-5.63,-30.35,1
Q,2022-11-09 16:09:25.454820,0.01,0.11,0.85,-22.58,41.87,100.95,-34.89,-5.63,-30.35,1
Q,2022-11-09 16:09:25.475101,-0.10,0.11,0.81,-64.94,30.33,109.25,-37.73,-1.78,-32.10,1
Q,2022-11-09 16:09:25.495078,-0.14,0.31,0.92,-74.52,20.57,78.49,-37.73,-1.78,-32.10,1
Q,2022-11-09 16:09:25.513576,-0.12,0.55,1.02,-50.35,2.56,60.12,-37.73,-1.78,-32.10,1
Q,2022-11-09 16:09:25.533391,-0.13,0.43,1.02,-1.53,-53.47,60.91,-39.14,1.00,-29.88,1
Q,2022-11-09 16:09:25.555378,-0.27,0.23,0.88,14.95,-98.69,50.90,-39.14,1.00,-29.88,1
Q,2022-11-09 16:09:25.570821,-0.39,0.07,0.76,37.90,-113.95,5.07,-39.14,1.00,-29.88,1
Q,2022-11-09 16:09:25.590654,-0.18,0.30,0.75,9.34,-69.76,-65.25,-41.48,1.99,-25.10,1
Q,2022-11-09 16:09:25.609087,0.06,0.34,0.83,-28.14,-60.55,-77.76,-41.48,1.99,-25.10,1
Q,2022-11-09 16:09:25.630662,-0.98,0.74,0.71,-33.87,-64.27,-62.87,-39.90,-1.29,-22.13,1
Q,2022-11-09 16:09:25.649566,-0.22,0.37,0.79,34.55,-13.73,4.76,-39.90,-1.29,-22.13,1
Q,2022-11-09 16:09:25.668670,-0.23,0.00,0.93,17.52,8.85,-4.15,-39.90,-1.29,-22.13,1
Q,2022-11-09 16:09:25.688968,-0.22,0.00,0.93,-15.63,5.07,-22.77,-38.81,-1.55,-22.84,1
Q,2022-11-09 16:09:25.709257,-0.18,0.13,0.98,-39.06,-23.19,-44.86,-38.81,-1.55,-22.84,1
Q,2022-11-09 16:09:25.729120,-0.18,0.37,0.89,-38.51,-52.31,-45.53,-37.73,-3.54,-20.63,1
Q,2022-11-09 16:09:25.747105,-0.26,0.47,0.83,-20.75,-64.39,-40.77,-37.73,-3.54,-20.63,1
Q,2022-11-09 16:09:25.767872,-0.33,0.74,0.84,12.88,-32.53,-18.62,-37.73,-3.54,-20.63,1
Q,2022-11-09 16:09:25.789027,-0.39,0.63,0.96,41.32,1.46,13.67,-36.65,-4.22,-17.76,1
Q,2022-11-09 16:09:25.806748,-0.62,0.64,0.96,56.70,24.23,49.07,-36.65,-4.22,-17.76,1
Q,2022-11-09 16:09:25.826240,-0.39,-0.08,1.16,78.12,47.97,69.89,-36.08,-2.49,-20.29,1
Q,2022-11-09 16:09:25.845639,-0.29,-0.02,1.09,39.73,36.80,37.84,-36.08,-2.49,-20.29,1
Q,2022-11-09 16:09:25.865367,-0.23,0.14,1.03,32.96,26.12,11.05,-36.08,-2.49,-20.29,1
Q,2022-11-09 16:09:25.886316,-0.15,0.29,0.93,25.63,12.57,-8.18,-33.90,-2.37,-23.19,1
Q,2022-11-09 16:09:25.904725,-0.13,0.26,0.85,29.48,10.80,-13.06,-33.90,-2.37,-23.19,1
Q,2022-11-09 16:09:25.922324,-0.12,0.22,0.79,26.12,11.72,-15.32,-33.90,-2.37,-23.19,1
Q,2022-11-09 16:09:25.944045,-0.10,0.27,0.85,11.41,13.61,-19.35,-32.60,-3.30,-25.46,1
Q,2022-11-09 16:09:25.962027,-0.13,0.30,0.88,12.70,11.90,-20.08,-32.60,-3.30,-25.46,1
Q,2022-11-09 16:09:25.982637,-0.14,0.29,0.91,17.09,12.02,-20.63,-30.10,-5.53,-25.87,1
Q,2022-11-09 16:09:26.001888,-0.18,0.21,0.93,24.17,16.66,-19.78,-30.10,-5.53,-25.87,1
Q,2022-11-09 16:09:26.022587,-0.19,0.20,0.97,23.44,22.95,-20.39,-30.10,-5.53,-25.87,1
Q,2022-11-09 16:09:26.039722,-0.15,0.17,0.99,24.72,33.14,-21.18,-27.66,-6.48,-26.66,1
Q,2022-11-09 16:09:26.058817,-0.12,0.11,1.03,24.11,40.65,-17.33,-27.66,-6.48,-26.66,1
Q,2022-11-09 16:09:26.079638,-0.09,-0.00,1.01,20.14,39.18,-12.39,-25.57,-8.35,-28.87,1
