P,2022-10-27 14:47:08.329503,-0.16,-0.86,0.30,-22.64,-4.82,-13.00,-5.69,23.83,-35.35,1
P,2022-10-27 14:47:08.349444,-0.18,-0.80,0.34,-21.85,-10.07,-12.15,-5.79,22.44,-34.55,1
P,2022-10-27 14:47:08.369455,-0.30,-0.88,0.74,28.69,2.08,5.80,-5.79,22.44,-34.55,1
P,2022-10-27 14:47:08.397683,-0.26,-0.91,0.35,13.49,-1.10,-14.59,-5.36,22.63,-35.75,1
P,2022-10-27 14:47:08.414590,-0.22,-0.79,0.38,-0.73,-3.48,-15.08,-5.36,22.63,-35.75,1
P,2022-10-27 14:47:08.434601,-0.18,-0.73,0.38,1.16,-17.40,-25.88,-5.40,22.35,-34.20,1
P,2022-10-27 14:47:08.457542,-0.19,-0.73,0.40,11.96,-28.44,-40.16,-5.40,22.35,-34.20,1
P,2022-10-27 14:47:08.474743,-0.22,-0.73,0.37,18.49,-35.22,-50.42,-5.40,22.35,-34.20,1
P,2022-10-27 14:47:08.491039,-0.21,-0.81,0.33,22.83,-37.41,-67.81,-6.60,22.39,-35.18,1
P,2022-10-27 14:47:08.511147,-0.29,-0.87,0.43,17.64,-40.41,-77.03,-6.60,22.39,-35.18,1
P,2022-10-27 14:47:08.531079,-0.54,-0.92,0.49,17.15,-43.46,-75.20,-7.76,22.84,-34.45,1
P,2022-10-27 14:47:08.561031,-0.74,-0.99,0.50,20.63,-35.71,-36.87,-7.76,22.84,-34.45,1
P,2022-10-27 14:47:08.581008,-0.55,-1.18,0.40,-1.16,-8.12,16.60,-7.76,22.84,-34.45,1
P,2022-10-27 14:47:08.601918,-0.55,-1.14,0.32,-26.37,-2.38,10.62,-7.87,23.50,-33.80,1
P,2022-10-27 14:47:08.621943,-0.63,-0.94,0.57,-17.09,30.33,35.28,-7.87,23.50,-33.80,1
P,2022-10-27 14:47:08.641905,-0.46,-1.02,0.42,4.82,30.94,38.64,-7.26,23.84,-34.20,1
P,2022-10-27 14:47:08.661897,-0.39,-0.96,0.42,5.19,29.72,44.98,-7.26,23.84,-34.20,1
P,2022-10-27 14:47:08.682456,-0.25,-0.97,0.33,5.62,26.98,45.90,-7.26,23.84,-34.20,1
P,2022-10-27 14:47:08.702460,-0.24,-0.91,0.32,-4.21,19.04,48.95,-7.03,23.71,-33.62,1
P,2022-10-27 14:47:08.714637,-0.13,-0.88,0.29,-22.09,16.54,52.49,-7.03,23.71,-33.62,1
P,2022-10-27 14:47:08.735846,-0.13,-0.80,0.33,-39.43,16.60,45.29,-7.01,22.57,-34.29,1
P,2022-10-27 14:47:08.755935,-0.22,-0.70,0.49,-48.40,23.93,31.37,-7.01,22.57,-34.29,1
P,2022-10-27 14:47:08.775923,-0.23,-0.72,0.51,-29.79,26.00,22.83,-7.01,22.57,-34.29,1
P,2022-10-27 14:47:08.802803,-0.25,-0.77,0.52,-11.35,21.97,20.75,-5.38,21.22,-34.92,1
P,2022-10-27 14:47:08.818800,-0.30,-0.75,0.53,10.13,-0.67,0.85,-5.38,21.22,-34.92,1
P,2022-10-27 14:47:08.844163,-0.25,-0.74,0.46,17.70,1.46,2.87,-5.04,21.37,-34.31,1
P,2022-10-27 14:47:08.862145,-0.22,-0.76,0.44,11.54,11.47,5.62,-5.04,21.37,-34.31,1
P,2022-10-27 14:47:08.880518,-0.23,-0.77,0.43,13.00,9.89,3.11,-5.04,21.37,-34.31,1
P,2022-10-27 14:47:08.900543,-0.22,-0.74,0.43,9.95,19.96,0.24,-4.55,22.08,-34.27,1
P,2022-10-27 14:47:08.919594,-0.21,-0.74,0.43,12.45,22.89,-6.71,-4.55,22.08,-34.27,1
P,2022-10-27 14:47:08.939593,-0.22,-0.80,0.37,10.07,21.00,-16.60,-4.55,22.08,-34.27,1
P,2022-10-27 14:47:08.956203,-0.22,-0.83,0.35,8.79,17.70,-24.05,-3.25,22.89,-34.00,1
P,2022-10-27 14:47:08.981238,-0.21,-0.81,0.34,-1.40,15.63,-43.09,-3.25,22.89,-34.00,1
P,2022-10-27 14:47:08.997844,-0.31,-0.77,0.41,-0.43,14.04,-49.32,-2.28,22.36,-33.65,1
P,2022-10-27 14:47:09.018534,-0.36,-0.88,0.35,14.77,5.07,-32.23,-2.28,22.36,-33.65,1
P,2022-10-27 14:47:09.038528,-0.34,-1.02,0.28,11.35,-5.43,-16.30,-2.28,22.36,-33.65,1
P,2022-10-27 14:47:09.058523,-0.36,-1.01,0.34,-5.07,-6.10,-11.90,-1.93,23.40,-34.72,1
P,2022-10-27 14:47:09.079082,-0.37,-0.99,0.36,-13.24,-8.18,-7.93,-1.93,23.40,-34.72,1
P,2022-10-27 14:47:09.099239,-0.39,-0.97,0.38,-11.84,-17.03,-0.43,-2.47,23.67,-34.28,1
P,2022-10-27 14:47:09.120232,-0.39,-0.99,0.36,-4.52,-24.60,9.34,-2.47,23.67,-34.28,1
P,2022-10-27 14:47:09.131573,-0.34,-0.99,0.37,-2.32,-24.23,18.74,-2.47,23.67,-34.28,1
P,2022-10-27 14:47:09.157649,-0.35,-0.95,0.46,-7.75,-16.97,16.54,-3.52,23.12,-34.62,1
P,2022-10-27 14:47:09.177643,-0.32,-0.92,0.52,-5.98,-10.68,23.07,-3.52,23.12,-34.62,1
P,2022-10-27 14:47:09.197653,-0.29,-0.85,0.54,-0.98,-10.25,30.27,-4.21,22.33,-34.95,1
P,2022-10-27 14:47:09.217630,-0.29,-0.81,0.55,2.26,-8.42,30.33,-4.21,22.33,-34.95,1
P,2022-10-27 14:47:09.239138,-0.27,-0.81,0.51,11.66,-6.84,27.77,-4.21,22.33,-34.95,1
P,2022-10-27 14:47:09.259128,-0.26,-0.79,0.48,17.88,-7.39,25.82,-5.25,22.68,-34.44,1
P,2022-10-27 14:47:09.279122,-0.25,-0.81,0.44,21.91,-4.82,19.41,-5.25,22.68,-34.44,1
P,2022-10-27 14:47:09.299116,-0.25,-0.78,0.46,19.59,-0.92,12.94,-5.80,23.54,-35.42,1
P,2022-10-27 14:47:09.319107,-0.27,-0.78,0.48,12.94,4.46,11.17,-5.80,23.54,-35.42,1
P,2022-10-27 14:47:09.340863,-0.47,-0.94,0.36,10.07,3.78,8.24,-5.80,23.54,-35.42,1
P,2022-10-27 14:47:09.357786,-0.48,-0.96,0.34,14.28,22.34,4.09,-6.09,23.78,-35.34,1
P,2022-10-27 14:47:09.374319,-0.35,-1.01,0.31,11.90,28.75,6.65,-6.09,23.78,-35.34,1
P,2022-10-27 14:47:09.394393,-0.31,-1.00,0.21,14.22,13.98,8.24,-5.44,24.51,-34.59,1
P,2022-10-27 14:47:09.414389,-0.31,-0.98,0.12,13.73,1.71,11.41,-5.44,24.51,-34.59,1
P,2022-10-27 14:47:09.434371,-0.27,-0.98,-0.02,11.90,-10.86,12.63,-5.44,24.51,-34.59,1
P,2022-10-27 14:47:09.457772,-0.23,-1.00,-0.10,3.91,-17.82,11.23,-7.68,25.39,-33.68,1
P,2022-10-27 14:47:09.477786,-0.23,-1.02,-0.15,-22.58,-36.19,13.55,-7.68,25.39,-33.68,1
P,2022-10-27 14:47:09.497838,-0.24,-1.02,-0.13,-45.90,-50.11,19.53,-12.08,23.99,-35.03,1
P,2022-10-27 14:47:09.514131,-0.29,-0.96,-0.01,-78.55,-64.88,25.02,-12.08,23.99,-35.03,1
P,2022-10-27 14:47:09.534867,-0.31,-0.85,0.21,-92.04,-67.08,26.18,-12.08,23.99,-35.03,1
P,2022-10-27 14:47:09.557909,-0.31,-0.81,0.30,-97.05,-66.53,26.98,-19.01,21.91,-33.92,1
P,2022-10-27 14:47:09.574726,-0.29,-0.75,0.40,-101.56,-62.99,27.10,-19.01,21.91,-33.92,1
P,2022-10-27 14:47:09.594854,-0.27,-0.72,0.54,-94.67,-62.07,28.08,-25.85,20.53,-30.66,1
P,2022-10-27 14:47:09.615142,-0.29,-0.69,0.60,-91.00,-62.01,28.99,-25.85,20.53,-30.66,1
P,2022-10-27 14:47:09.645059,-0.33,-0.64,0.70,-100.40,-43.95,23.86,-25.85,20.53,-30.66,1
P,2022-10-27 14:47:09.655630,-0.24,-0.55,0.79,-104.06,-29.91,21.85,-31.64,20.98,-28.48,1
P,2022-10-27 14:47:09.675661,-0.18,-0.44,0.95,-88.99,-23.19,14.40,-31.64,20.98,-28.48,1
P,2022-10-27 14:47:09.697163,-0.13,-0.42,0.99,-67.20,-22.09,5.92,-33.53,21.36,-27.78,1
