T,2022-10-25 16:30:09.591812,-4.218798,6.244396,-2.911498,-0.425128,0.690126,0.388592,18.221096,61.494884,-116.454536,1
T,2022-10-25 16:30:09.687773,-2.691220,8.720128,-2.169257,-0.492907,0.324735,0.611502,31.618961,61.315074,-97.966949,1
T,2022-10-25 16:30:09.783617,-1.053502,10.482350,-0.201123,-0.599701,0.352965,0.999796,28.582113,66.529548,-76.714859,1
T,2022-10-25 16:30:09.879339,2.078273,10.836709,0.339994,-0.217665,0.625277,0.366887,28.582113,66.529548,-76.714859,1
T,2022-10-25 16:30:09.960361,2.341649,10.506293,0.081407,-0.046687,0.225664,0.070872,25.366624,88.466323,-77.060424,1
T,2022-10-25 16:30:10.056044,1.259414,11.162338,0.119716,0.244800,-0.014557,0.397513,21.972499,105.548233,-71.013076,1
T,2022-10-25 16:30:10.152005,0.052675,9.495888,-0.689565,0.256651,-0.101244,0.222674,21.615222,108.425186,-77.924324,1
T,2022-10-25 16:30:10.247205,3.356842,8.935617,-0.215489,-0.263738,-0.414304,0.369949,21.615222,108.425186,-77.924324,1
T,2022-10-25 16:30:10.343653,-0.871534,9.093642,-0.450133,0.085940,-0.993683,-1.559407,23.937519,111.841567,-79.479354,1
T,2022-10-25 16:30:10.439336,-4.965827,9.567718,-0.747029,-0.228451,0.034579,-0.474419,26.795730,90.264419,-90.537353,1
T,2022-10-25 16:30:10.535379,-1.417440,10.257284,-0.023943,0.017096,0.650178,0.019206,19.828840,82.892227,-86.908950,1
T,2022-10-25 16:30:10.631180,0.383092,8.451963,-1.604197,-0.132975,0.106885,0.191515,24.652072,90.624038,-86.390609,1
T,2022-10-25 16:30:10.727022,0.114928,11.104874,0.809281,0.717119,0.070133,0.209491,24.652072,90.624038,-86.390609,1
T,2022-10-25 16:30:10.822996,1.043925,8.969137,0.498019,-1.084936,0.210217,-0.445923,33.048069,100.153945,-88.982322,1
T,2022-10-25 16:30:10.919001,-0.818859,12.756958,0.325628,-0.633524,-0.140260,0.021203,40.908149,115.977195,-56.153896,1
T,2022-10-25 16:30:11.014726,-0.095773,13.341172,2.437422,0.473969,0.004485,-0.104633,44.302276,118.314720,-41.467491,1
