B,2022-10-19 17:37:35.424079,0.47,0.88,-0.19,-23.74,28.50,-7.87,-30.20,-42.27,14.67,1
B,2022-10-19 17:37:35.442902,0.42,0.92,-0.27,-35.10,16.97,-5.55,-30.85,-42.60,16.02,1
B,2022-10-19 17:37:35.461170,0.39,0.91,-0.34,-40.28,7.32,-3.36,-30.85,-42.60,16.02,1
B,2022-10-19 17:37:35.478844,0.33,0.78,-0.39,-25.51,10.19,-4.94,-30.85,-42.60,16.02,1
B,2022-10-19 17:37:35.498041,0.53,0.72,-0.40,-23.62,17.21,-9.16,-30.59,-42.91,18.81,1
B,2022-10-19 17:37:35.516095,0.56,0.78,-0.32,-21.61,20.81,-6.96,-30.59,-42.91,18.81,1
B,2022-10-19 17:37:35.534904,0.50,0.79,-0.32,-21.97,14.53,-2.75,-30.86,-42.86,19.80,1
B,2022-10-19 17:37:35.552967,0.45,0.78,-0.39,-21.73,6.16,-3.17,-30.86,-42.86,19.80,1
B,2022-10-19 17:37:35.570817,0.45,0.73,-0.44,-4.09,1.71,-16.42,-30.86,-42.86,19.80,1
B,2022-10-19 17:37:35.589755,0.56,0.74,-0.43,1.65,1.10,-28.14,-29.43,-43.75,21.23,1
B,2022-10-19 17:37:35.608144,0.63,0.86,-0.37,-8.42,3.85,-23.25,-29.43,-43.75,21.23,1
B,2022-10-19 17:37:35.625943,0.64,0.88,-0.27,-15.32,4.64,0.49,-29.43,-43.75,21.23,1
B,2022-10-19 17:37:35.645048,0.59,0.84,-0.33,-30.21,-2.99,31.98,-29.02,-44.69,22.88,1
B,2022-10-19 17:37:35.662893,0.15,0.52,-0.52,7.63,-20.14,12.88,-29.02,-44.69,22.88,1
B,2022-10-19 17:37:35.680958,0.46,0.68,-0.32,6.84,-5.92,13.31,-29.02,-44.69,22.88,1
B,2022-10-19 17:37:35.699780,-0.17,0.86,-0.65,-18.49,-4.64,22.77,-30.09,-44.59,23.97,1
B,2022-10-19 17:37:35.717770,-0.15,1.00,-0.88,-9.40,43.33,67.20,-30.09,-44.59,23.97,1
B,2022-10-19 17:37:35.736680,0.08,1.17,-0.68,55.30,94.73,122.86,-37.51,-38.95,16.87,1
B,2022-10-19 17:37:35.754701,0.58,1.02,-0.35,48.95,99.98,190.12,-37.51,-38.95,16.87,1
B,2022-10-19 17:37:35.772905,0.66,0.68,-0.41,36.19,98.69,174.44,-37.51,-38.95,16.87,1
B,2022-10-19 17:37:35.791720,0.54,0.55,-0.28,31.92,96.44,121.46,-47.49,-27.21,6.13,1
B,2022-10-19 17:37:35.809690,0.36,0.59,-0.23,13.98,74.04,72.27,-47.49,-27.21,6.13,1
B,2022-10-19 17:37:35.827918,0.36,0.79,-0.36,3.85,55.18,41.08,-47.49,-27.21,6.13,1
B,2022-10-19 17:37:35.846745,0.35,0.76,-0.43,34.67,31.74,-5.62,-50.10,-23.72,1.48,1
B,2022-10-19 17:37:35.864890,0.13,1.32,-0.28,15.20,8.48,-21.55,-50.10,-23.72,1.48,1
B,2022-10-19 17:37:35.883024,0.62,0.63,-0.27,33.39,-19.29,-32.04,-50.10,-23.72,1.48,1
B,2022-10-19 17:37:35.901863,0.42,0.40,-0.41,72.08,-49.07,-136.23,-48.10,-26.03,1.06,1
B,2022-10-19 17:37:35.920014,0.73,0.71,-0.37,52.86,-46.81,-202.33,-48.10,-26.03,1.06,1
B,2022-10-19 17:37:35.939100,0.55,1.17,-0.25,-27.40,-53.16,-149.84,-38.64,-38.20,3.99,1
B,2022-10-19 17:37:35.957125,0.24,1.14,-0.36,-111.94,-70.19,-83.07,-38.64,-38.20,3.99,1
B,2022-10-19 17:37:35.974992,0.18,0.82,-0.54,-67.63,-57.80,-54.50,-38.64,-38.20,3.99,1
B,2022-10-19 17:37:35.994001,0.34,0.68,-0.47,-30.40,-33.51,-60.18,-33.44,-42.93,13.49,1
B,2022-10-19 17:37:36.012185,0.51,0.76,-0.40,-15.44,-17.52,-61.83,-33.44,-42.93,13.49,1
B,2022-10-19 17:37:36.030151,0.53,0.86,-0.28,-32.90,-11.41,-15.14,-33.44,-42.93,13.49,1
B,2022-10-19 17:37:36.048833,0.42,0.80,-0.34,-48.71,-17.82,3.85,-30.19,-45.02,18.20,1
B,2022-10-19 17:37:36.067119,0.31,0.89,-0.51,-54.02,-17.46,14.65,-30.19,-45.02,18.20,1
B,2022-10-19 17:37:36.084832,0.41,0.75,-0.56,-25.70,-0.73,12.82,-30.19,-45.02,18.20,1
B,2022-10-19 17:37:36.103984,-0.30,0.83,-0.33,-4.70,11.41,7.39,-30.71,-44.21,21.91,1
B,2022-10-19 17:37:36.121891,0.46,0.80,-0.73,27.40,2.14,0.73,-30.71,-44.21,21.91,1
B,2022-10-19 17:37:36.140815,0.71,0.80,-0.17,70.56,-24.54,2.38,-29.41,-45.37,18.52,1
B,2022-10-19 17:37:36.159309,0.39,0.81,-0.57,53.47,-72.02,20.14,-29.41,-45.37,18.52,1
B,2022-10-19 17:37:36.176978,0.29,0.87,-0.64,64.82,-69.52,36.19,-29.41,-45.37,18.52,1
B,2022-10-19 17:37:36.195833,0.37,0.93,-0.36,86.55,-56.34,54.99,-29.85,-45.09,16.49,1
B,2022-10-19 17:37:36.213835,0.35,0.73,-0.35,101.32,-64.94,71.47,-29.85,-45.09,16.49,1
B,2022-10-19 17:37:36.231867,0.37,0.67,-0.19,70.86,-43.03,60.73,-29.85,-45.09,16.49,1
B,2022-10-19 17:37:36.250984,0.38,0.84,-0.03,54.57,-16.78,51.64,-32.48,-41.92,11.82,1
B,2022-10-19 17:37:36.268756,0.39,0.86,0.31,42.54,5.62,41.99,-32.48,-41.92,11.82,1
B,2022-10-19 17:37:36.287003,0.40,0.80,0.16,-12.39,-7.57,40.83,-32.48,-41.92,11.82,1
B,2022-10-19 17:37:36.305798,0.37,0.80,-0.01,-61.16,-12.94,37.05,-34.50,-39.05,11.23,1
B,2022-10-19 17:37:36.324206,0.40,0.92,-0.13,-75.50,6.35,26.00,-34.50,-39.05,11.23,1
B,2022-10-19 17:37:36.342999,0.36,0.76,-0.30,-59.57,32.53,12.94,-37.82,-37.28,15.44,1
B,2022-10-19 17:37:36.361296,0.38,0.81,-0.11,-55.97,58.35,-3.42,-37.82,-37.28,15.44,1
B,2022-10-19 17:37:36.378852,0.40,0.81,-0.11,-70.25,56.95,-10.80,-37.82,-37.28,15.44,1
B,2022-10-19 17:37:36.397875,0.38,0.88,-0.29,-88.44,35.83,-8.73,-39.69,-37.24,16.72,1
B,2022-10-19 17:37:36.416182,0.32,0.83,-0.61,-56.52,33.81,-3.54,-39.69,-37.24,16.72,1
B,2022-10-19 17:37:36.433868,0.52,0.83,-0.48,-30.58,41.99,-8.67,-39.69,-37.24,16.72,1
B,2022-10-19 17:37:36.453009,0.58,0.86,-0.32,-45.17,3.91,-4.52,-40.66,-36.85,19.51,1
B,2022-10-19 17:37:36.471057,0.34,0.77,-0.90,-33.57,-27.04,0.85,-40.66,-36.85,19.51,1
B,2022-10-19 17:37:36.489177,0.36,0.83,-0.68,7.57,2.75,-3.60,-40.66,-36.85,19.51,1
B,2022-10-19 17:37:36.507796,0.36,0.81,-0.64,39.37,31.19,-7.57,-40.75,-37.92,19.73,1
B,2022-10-19 17:37:36.525850,0.39,0.87,-0.45,89.60,41.08,-7.02,-40.75,-37.92,19.73,1
B,2022-10-19 17:37:36.544600,0.79,0.80,0.48,85.02,13.98,-4.58,-39.50,-39.42,14.33,1
B,2022-10-19 17:37:36.562963,0.20,0.86,-0.58,-5.74,-104.80,10.93,-39.50,-39.42,14.33,1
B,2022-10-19 17:37:36.580997,0.24,0.92,-0.63,34.06,-81.24,22.52,-39.50,-39.42,14.33,1
B,2022-10-19 17:37:36.599572,0.33,0.88,-0.38,59.20,-29.85,28.02,-38.40,-38.62,16.47,1
B,2022-10-19 17:37:36.617989,0.23,0.90,-0.32,49.99,-39.06,38.45,-38.40,-38.62,16.47,1
B,2022-10-19 17:37:36.635976,0.22,0.90,-0.17,53.77,-28.32,48.58,-38.40,-38.62,16.47,1
B,2022-10-19 17:37:36.654894,0.31,0.84,-0.12,51.76,-15.75,54.26,-39.83,-36.95,14.14,1
B,2022-10-19 17:37:36.672745,0.37,0.80,-0.04,41.38,4.03,41.44,-39.83,-36.95,14.14,1
B,2022-10-19 17:37:36.690743,0.30,0.90,0.05,26.12,-0.06,31.37,-39.83,-36.95,14.14,1
B,2022-10-19 17:37:36.710028,0.26,0.89,-0.04,5.13,-14.71,44.56,-41.76,-34.42,11.13,1
B,2022-10-19 17:37:36.728011,0.34,0.81,-0.01,-0.79,-23.07,51.09,-41.76,-34.42,11.13,1
B,2022-10-19 17:37:36.746955,0.32,0.85,-0.00,-21.97,-29.85,38.33,-44.63,-31.84,12.10,1
B,2022-10-19 17:37:36.765114,0.24,0.98,-0.18,-51.03,-32.90,33.57,-44.63,-31.84,12.10,1
B,2022-10-19 17:37:36.783018,0.23,0.94,-0.26,-53.53,-15.81,39.00,-44.63,-31.84,12.10,1
B,2022-10-19 17:37:36.801706,0.25,0.81,-0.29,-53.41,-3.91,24.90,-46.98,-29.36,16.30,1
B,2022-10-19 17:37:36.820016,0.17,0.89,-0.51,-61.95,17.27,8.97,-46.98,-29.36,16.30,1
B,2022-10-19 17:37:36.838220,0.27,0.81,-0.46,-48.89,60.12,-7.93,-46.98,-29.36,16.30,1
B,2022-10-19 17:37:36.857185,0.33,0.71,-0.40,-38.82,112.98,-41.20,-49.12,-27.77,17.09,1
B,2022-10-19 17:37:36.875165,0.54,0.83,-0.28,-32.84,140.69,-90.82,-49.12,-27.77,17.09,1
B,2022-10-19 17:37:36.892926,0.42,1.01,-0.39,-9.16,83.19,-79.90,-49.12,-27.77,17.09,1
B,2022-10-19 17:37:36.911998,-0.18,0.72,-0.99,5.86,46.39,-67.14,-47.60,-32.63,10.60,1
B,2022-10-19 17:37:36.929755,-0.03,0.87,-0.86,61.46,29.36,-99.49,-47.60,-32.63,10.60,1
B,2022-10-19 17:37:36.948767,0.50,0.83,-0.88,104.19,10.56,-115.48,-40.84,-38.66,6.81,1
B,2022-10-19 17:37:36.967136,0.70,0.91,-0.58,111.69,31.80,-96.31,-40.84,-38.66,6.81,1
B,2022-10-19 17:37:36.984954,0.67,0.82,0.09,49.62,9.58,-62.01,-40.84,-38.66,6.81,1
B,2022-10-19 17:37:37.004003,0.58,0.73,-0.03,-3.23,-28.08,-45.47,-33.70,-40.03,1.82,1
B,2022-10-19 17:37:37.021960,0.44,0.97,-0.19,-34.67,-52.12,-31.80,-33.70,-40.03,1.82,1
B,2022-10-19 17:37:37.039954,0.46,0.86,-0.38,-24.48,-64.58,-16.30,-33.70,-40.03,1.82,1
B,2022-10-19 17:37:37.059125,0.44,0.89,-0.50,-21.24,-62.68,-12.39,-29.80,-40.26,7.28,1
B,2022-10-19 17:37:37.076840,0.56,0.95,-0.24,-0.85,-30.76,9.28,-29.80,-40.26,7.28,1
B,2022-10-19 17:37:37.095076,0.52,0.82,-0.06,-7.93,-26.43,24.84,-29.80,-40.26,7.28,1
B,2022-10-19 17:37:37.113920,0.49,0.83,-0.14,-27.34,-33.26,29.30,-28.42,-38.15,9.62,1
B,2022-10-19 17:37:37.132147,0.48,0.81,-0.15,-23.01,-30.52,26.98,-28.42,-38.15,9.62,1
