B,2022-10-17 18:04:03.097281,0.44,-0.34,0.78,-1.16,5.68,0.31,-79.85,-19.08,-155.21,1
B,2022-10-17 18:04:03.117087,0.43,-0.35,0.75,-7.81,3.54,-3.48,-78.39,-18.32,-157.19,1
B,2022-10-17 18:04:03.136324,0.43,-0.29,0.69,-13.37,-4.46,-8.24,-78.39,-18.32,-157.19,1
B,2022-10-17 18:04:03.155579,0.47,-0.26,0.66,-15.75,-12.82,-16.97,-78.39,-18.32,-157.19,1
B,2022-10-17 18:04:03.176942,0.49,-0.22,0.61,-17.82,-24.66,-29.30,-80.74,-18.59,-159.39,1
B,2022-10-17 18:04:03.195735,0.35,-0.12,0.93,49.38,17.88,16.85,-80.74,-18.59,-159.39,1
B,2022-10-17 18:04:03.214927,0.37,-0.52,0.76,70.37,10.38,34.24,-81.38,-15.60,-160.34,1
B,2022-10-17 18:04:03.233363,0.29,-0.47,0.72,3.66,11.84,11.29,-81.38,-15.60,-160.34,1
B,2022-10-17 18:04:03.252732,0.38,-0.32,0.76,19.23,-22.28,-21.55,-81.38,-15.60,-160.34,1
B,2022-10-17 18:04:03.273502,0.22,-0.40,0.73,17.70,-21.12,-13.43,-85.14,-15.43,-160.80,1
B,2022-10-17 18:04:03.291796,0.25,-0.29,0.65,22.03,-21.85,-8.85,-85.14,-15.43,-160.80,1
B,2022-10-17 18:04:03.311890,0.26,-0.40,0.71,35.22,-24.11,-3.30,-92.92,-15.27,-153.47,1
B,2022-10-17 18:04:03.330748,0.27,-0.41,0.77,39.98,-25.82,-5.62,-92.92,-15.27,-153.47,1
B,2022-10-17 18:04:03.350161,0.33,-0.47,0.84,45.41,-29.05,-8.85,-92.92,-15.27,-153.47,1
B,2022-10-17 18:04:03.369452,0.35,-0.56,0.92,45.72,-33.02,-7.39,-102.67,-16.33,-145.45,1
B,2022-10-17 18:04:03.388493,0.39,-0.60,0.99,37.84,-31.25,-4.88,-102.67,-16.33,-145.45,1
B,2022-10-17 18:04:03.406817,0.37,-0.57,1.00,12.02,-19.78,-6.35,-102.67,-16.33,-145.45,1
B,2022-10-17 18:04:03.426591,0.37,-0.57,0.99,-5.00,-14.28,-10.38,-108.00,-18.69,-137.48,1
B,2022-10-17 18:04:03.446566,0.38,-0.59,1.01,-16.97,-17.76,-14.65,-108.00,-18.69,-137.48,1
B,2022-10-17 18:04:03.466739,0.38,-0.60,1.00,-25.76,-21.36,-8.06,-109.80,-20.35,-133.72,1
B,2022-10-17 18:04:03.484935,0.25,-0.53,0.99,-19.53,-35.10,-16.11,-109.80,-20.35,-133.72,1
B,2022-10-17 18:04:03.503525,0.21,-0.54,1.15,-41.69,5.19,-6.29,-109.80,-20.35,-133.72,1
B,2022-10-17 18:04:03.524526,0.14,-0.54,1.06,-28.99,56.70,24.17,-105.76,-19.25,-137.65,1
B,2022-10-17 18:04:03.543162,0.36,-0.53,0.89,-39.98,65.80,16.78,-105.76,-19.25,-137.65,1
B,2022-10-17 18:04:03.563407,0.44,-0.45,0.75,-42.85,66.35,16.78,-91.52,-19.70,-147.92,1
B,2022-10-17 18:04:03.582568,0.45,-0.37,0.61,-34.67,43.52,14.04,-91.52,-19.70,-147.92,1
B,2022-10-17 18:04:03.600079,0.48,-0.36,0.56,-20.94,19.53,14.16,-91.52,-19.70,-147.92,1
B,2022-10-17 18:04:03.619218,0.54,-0.28,0.55,-16.11,-1.40,14.71,-83.30,-17.86,-153.48,1
B,2022-10-17 18:04:03.638437,0.53,-0.23,0.52,-41.93,-24.60,-6.16,-83.30,-17.86,-153.48,1
B,2022-10-17 18:04:03.656695,0.45,-0.10,0.58,-66.71,-36.56,-24.41,-83.30,-17.86,-153.48,1
B,2022-10-17 18:04:03.676614,0.08,0.06,1.07,10.31,-21.61,-13.61,-84.58,-19.12,-156.65,1
B,2022-10-17 18:04:03.695858,0.35,-0.08,0.83,155.15,-17.64,58.53,-84.58,-19.12,-156.65,1
B,2022-10-17 18:04:03.716362,0.33,-0.36,0.75,178.04,-9.40,55.48,-85.45,-7.52,-152.55,1
B,2022-10-17 18:04:03.734131,0.32,-0.55,0.75,165.22,-6.84,54.87,-85.45,-7.52,-152.55,1
B,2022-10-17 18:04:03.753752,-0.11,-0.14,1.23,-60.12,53.53,-93.20,-85.45,-7.52,-152.55,1
B,2022-10-17 18:04:03.773073,0.46,-0.47,0.74,-66.47,66.28,-101.56,-87.30,-12.45,-155.42,1
B,2022-10-17 18:04:03.791572,0.41,-0.47,0.76,-49.87,44.19,-77.64,-87.30,-12.45,-155.42,1
B,2022-10-17 18:04:03.812862,0.35,-0.47,0.79,-4.21,34.55,-29.05,-89.14,-25.12,-160.16,1
B,2022-10-17 18:04:03.830439,0.34,-0.56,0.65,12.88,25.94,-10.01,-89.14,-25.12,-160.16,1
B,2022-10-17 18:04:03.849571,0.33,-0.71,0.61,37.78,21.24,10.56,-89.14,-25.12,-160.16,1
B,2022-10-17 18:04:03.869071,0.34,-0.81,0.57,14.47,16.36,-3.72,-88.44,-29.72,-163.37,1
B,2022-10-17 18:04:03.888060,0.29,-0.78,0.55,-36.32,9.40,-15.99,-88.44,-29.72,-163.37,1
B,2022-10-17 18:04:03.907192,0.32,-0.69,0.59,-44.56,-15.26,-29.05,-88.44,-29.72,-163.37,1
B,2022-10-17 18:04:03.927034,0.39,-0.75,0.61,0.73,-57.37,3.17,-91.81,-33.72,-161.25,1
B,2022-10-17 18:04:03.946310,0.38,-0.64,0.83,-0.92,-48.28,24.60,-91.81,-33.72,-161.25,1
B,2022-10-17 18:04:03.965755,0.39,-0.62,0.77,-23.68,-28.99,21.36,-98.03,-27.34,-155.98,1
B,2022-10-17 18:04:03.985360,0.31,-0.44,0.91,-36.68,-18.25,40.89,-98.03,-27.34,-155.98,1
B,2022-10-17 18:04:04.004127,0.30,-0.15,1.00,-41.26,-14.40,41.63,-98.03,-27.34,-155.98,1
B,2022-10-17 18:04:04.023591,0.30,0.01,1.07,-45.41,-3.17,15.99,-98.86,-18.68,-151.78,1
B,2022-10-17 18:04:04.043539,0.35,0.15,1.09,-38.21,8.79,-23.38,-98.86,-18.68,-151.78,1
B,2022-10-17 18:04:04.062426,0.36,-0.08,1.00,48.03,-12.57,21.55,-99.07,-16.94,-151.23,1
B,2022-10-17 18:04:04.082455,0.24,0.00,1.25,47.55,-2.20,-68.42,-99.07,-16.94,-151.23,1
B,2022-10-17 18:04:04.100228,0.35,-0.18,0.80,5.31,48.40,-70.07,-99.07,-16.94,-151.23,1
B,2022-10-17 18:04:04.119858,0.27,-0.36,0.71,52.73,26.37,-38.57,-98.38,-27.05,-156.56,1
B,2022-10-17 18:04:04.138433,0.24,-0.67,0.57,72.45,14.95,-29.60,-98.38,-27.05,-156.56,1
B,2022-10-17 18:04:04.156618,0.26,-0.85,0.44,58.96,-5.00,-18.07,-98.38,-27.05,-156.56,1
B,2022-10-17 18:04:04.177355,0.24,-0.93,0.41,37.23,-14.10,-16.78,-98.25,-34.55,-157.23,1
B,2022-10-17 18:04:04.196272,0.22,-0.88,0.48,-5.92,-15.81,-33.94,-98.25,-34.55,-157.23,1
B,2022-10-17 18:04:04.216673,0.27,-0.83,0.48,-21.61,-33.87,-28.26,-101.89,-40.37,-152.81,1
B,2022-10-17 18:04:04.234951,0.32,-0.70,0.65,-17.27,-28.26,-4.03,-101.89,-40.37,-152.81,1
B,2022-10-17 18:04:04.254277,0.32,-0.62,0.81,-1.83,-32.35,20.26,-101.89,-40.37,-152.81,1
B,2022-10-17 18:04:04.273465,0.35,-0.65,0.86,-1.22,-21.79,41.02,-108.07,-35.80,-144.60,1
B,2022-10-17 18:04:04.293317,0.36,-0.53,0.96,-19.41,-16.24,47.00,-108.07,-35.80,-144.60,1
B,2022-10-17 18:04:04.312841,0.34,-0.38,1.01,-35.83,-13.67,46.94,-109.31,-25.37,-139.53,1
B,2022-10-17 18:04:04.331770,0.31,-0.25,1.01,-24.66,-20.81,54.38,-109.31,-25.37,-139.53,1
B,2022-10-17 18:04:04.350840,0.25,-0.17,1.04,-21.91,-21.42,44.07,-109.31,-25.37,-139.53,1
B,2022-10-17 18:04:04.370967,0.19,-0.12,1.07,-20.45,-18.80,29.60,-108.68,-17.75,-136.34,1
B,2022-10-17 18:04:04.389609,-0.06,-0.01,1.24,2.81,15.75,24.41,-108.68,-17.75,-136.34,1
B,2022-10-17 18:04:04.409430,0.16,-0.04,1.10,36.38,40.16,17.03,-101.32,-17.29,-138.79,1
B,2022-10-17 18:04:04.423570,0.33,-0.18,0.94,46.57,45.90,2.87,-101.32,-17.29,-138.79,1
B,2022-10-17 18:04:04.446889,0.43,-0.27,0.83,31.01,43.21,-19.71,-101.32,-17.29,-138.79,1
B,2022-10-17 18:04:04.465705,0.42,-0.35,0.76,25.57,38.09,-24.66,-93.62,-24.96,-142.70,1
B,2022-10-17 18:04:04.485045,0.46,-0.43,0.66,28.38,30.52,-23.50,-93.62,-24.96,-142.70,1
B,2022-10-17 18:04:04.503772,0.45,-0.60,0.58,19.47,15.69,-25.33,-93.62,-24.96,-142.70,1
B,2022-10-17 18:04:04.523585,0.41,-0.63,0.59,4.88,10.44,-24.66,-89.56,-33.53,-146.25,1
B,2022-10-17 18:04:04.543356,0.41,-0.65,0.61,-7.08,7.02,-22.03,-89.56,-33.53,-146.25,1
B,2022-10-17 18:04:04.563618,0.33,-0.63,0.70,-24.84,2.62,-20.14,-88.67,-41.36,-148.34,1
B,2022-10-17 18:04:04.582299,0.34,-0.56,0.76,-21.61,0.92,-13.37,-88.67,-41.36,-148.34,1
B,2022-10-17 18:04:04.601147,0.32,-0.55,0.83,-21.42,1.10,-11.23,-88.67,-41.36,-148.34,1
B,2022-10-17 18:04:04.620542,0.34,-0.54,0.83,-16.54,5.98,-8.18,-86.95,-45.80,-149.00,1
B,2022-10-17 18:04:04.640487,0.35,-0.54,0.84,-15.14,6.77,-6.41,-86.95,-45.80,-149.00,1
B,2022-10-17 18:04:04.660469,0.39,-0.53,0.82,-13.92,7.63,-5.49,-84.37,-48.13,-149.89,1
B,2022-10-17 18:04:04.678711,0.40,-0.52,0.84,-16.91,7.51,-5.07,-84.37,-48.13,-149.89,1
B,2022-10-17 18:04:04.697292,0.40,-0.50,0.82,-18.68,9.34,-4.03,-84.37,-48.13,-149.89,1
B,2022-10-17 18:04:04.717479,0.41,-0.47,0.82,-0.55,9.22,1.28,-81.36,-49.50,-151.22,1
B,2022-10-17 18:04:04.736314,0.42,-0.48,0.75,-12.21,6.35,1.28,-81.36,-49.50,-151.22,1
B,2022-10-17 18:04:04.755314,0.40,-0.47,0.76,-15.26,3.48,0.37,-81.36,-49.50,-151.22,1
B,2022-10-17 18:04:04.774369,0.36,-0.47,0.76,-20.94,4.94,-2.20,-79.22,-49.87,-151.73,1
B,2022-10-17 18:04:04.794943,0.35,-0.45,0.75,-20.57,4.64,-0.31,-79.22,-49.87,-151.73,1
B,2022-10-17 18:04:04.814188,0.32,-0.43,0.78,-21.85,3.11,-0.79,-78.65,-50.17,-153.75,1
B,2022-10-17 18:04:04.833564,0.30,-0.40,0.82,-18.43,2.20,0.49,-78.65,-50.17,-153.75,1
B,2022-10-17 18:04:04.851579,0.30,-0.38,0.81,-8.30,2.26,3.60,-78.65,-50.17,-153.75,1
B,2022-10-17 18:04:04.871876,0.33,-0.39,0.79,1.04,1.46,6.29,-77.64,-49.76,-153.15,1
B,2022-10-17 18:04:04.889965,0.33,-0.38,0.78,2.14,1.46,5.49,-77.64,-49.76,-153.15,1
B,2022-10-17 18:04:04.910346,0.37,-0.35,0.76,1.28,0.92,4.64,-76.57,-48.71,-152.77,1
B,2022-10-17 18:04:04.928838,0.37,-0.37,0.77,2.87,0.31,3.30,-76.57,-48.71,-152.77,1
B,2022-10-17 18:04:04.946512,0.39,-0.36,0.76,0.98,0.73,1.16,-76.57,-48.71,-152.77,1
B,2022-10-17 18:04:04.965663,0.41,-0.36,0.76,1.28,-2.75,0.67,-75.83,-48.43,-152.71,1
B,2022-10-17 18:04:04.984778,0.42,-0.38,0.76,1.83,-3.30,-0.12,-75.83,-48.43,-152.71,1
B,2022-10-17 18:04:05.003363,0.42,-0.40,0.77,1.65,-4.70,1.34,-75.83,-48.43,-152.71,1
B,2022-10-17 18:04:05.023188,0.39,-0.40,0.79,-6.16,-4.33,-1.65,-76.83,-48.73,-152.88,1
B,2022-10-17 18:04:05.042226,0.39,-0.40,0.82,-9.09,-2.81,-2.26,-76.83,-48.73,-152.88,1
B,2022-10-17 18:04:05.062682,0.35,-0.42,0.82,-10.50,-1.04,-3.30,-77.42,-49.11,-154.33,1
B,2022-10-17 18:04:05.081196,0.35,-0.41,0.82,-8.00,-2.08,-1.04,-77.42,-49.11,-154.33,1
B,2022-10-17 18:04:05.100484,0.32,-0.40,0.85,-9.58,-2.32,-1.71,-77.42,-49.11,-154.33,1
B,2022-10-17 18:04:05.119789,0.33,-0.38,0.86,-6.96,-1.83,-1.22,-78.49,-49.60,-154.00,1
B,2022-10-17 18:04:05.139321,0.35,-0.38,0.85,1.71,-2.01,3.42,-78.49,-49.60,-154.00,1
