O,2022-10-27 12:52:34.055170,0.24,-0.55,0.89,8.36,7.69,-38.51,-12.37,-21.67,-189.73,1
O,2022-10-27 12:52:34.073419,0.18,-0.55,0.93,-3.85,13.67,-32.23,-12.37,-21.67,-189.73,1
O,2022-10-27 12:52:34.091383,0.22,-0.57,0.88,-10.25,20.63,-25.51,-12.37,-21.67,-189.73,1
O,2022-10-27 12:52:34.110150,0.27,-0.61,0.75,-12.88,18.07,-17.27,-10.13,-28.00,-193.21,1
O,2022-10-27 12:52:34.128322,-2.10,-0.42,1.42,-13.37,-5.86,0.67,-10.13,-28.00,-193.21,1
O,2022-10-27 12:52:34.147185,0.23,-0.68,0.92,39.55,14.53,-1.22,-7.30,-28.96,-194.46,1
O,2022-10-27 12:52:34.165122,0.18,-0.74,0.66,14.40,19.29,34.12,-7.30,-28.96,-194.46,1
O,2022-10-27 12:52:34.183217,0.13,-0.39,0.66,-15.75,-9.95,53.65,-7.30,-28.96,-194.46,1
O,2022-10-27 12:52:34.202265,0.09,-0.22,0.63,-4.64,-67.44,58.84,-6.97,-23.96,-196.35,1
O,2022-10-27 12:52:34.220017,0.06,0.15,0.76,20.26,-104.31,48.28,-6.97,-23.96,-196.35,1
O,2022-10-27 12:52:34.238052,0.05,0.31,0.89,13.92,-118.23,10.86,-6.97,-23.96,-196.35,1
O,2022-10-27 12:52:34.257134,0.06,0.35,1.03,17.40,-128.23,-24.78,-16.50,-16.17,-202.10,1
O,2022-10-27 12:52:34.275151,0.03,0.29,1.23,39.67,-104.43,-49.13,-16.50,-16.17,-202.10,1
O,2022-10-27 12:52:34.293388,-0.02,0.02,1.25,55.11,-64.64,-51.70,-16.50,-16.17,-202.10,1
O,2022-10-27 12:52:34.312393,-0.02,-0.22,1.28,67.38,-29.60,-46.08,-37.43,-18.85,-208.34,1
O,2022-10-27 12:52:34.330239,-0.03,-0.49,1.30,64.88,3.91,-41.38,-37.43,-18.85,-208.34,1
O,2022-10-27 12:52:34.349333,-0.00,-0.67,1.26,54.57,36.01,-32.41,-38.51,-29.48,-209.72,1
O,2022-10-27 12:52:34.367277,0.04,-0.93,1.24,15.56,77.58,-27.71,-38.51,-29.48,-209.72,1
O,2022-10-27 12:52:34.385251,0.08,-0.92,1.08,-23.44,112.06,-17.27,-38.51,-29.48,-209.72,1
O,2022-10-27 12:52:34.404197,0.11,-0.81,0.87,-54.87,119.45,-1.59,-22.57,-35.21,-207.32,1
O,2022-10-27 12:52:34.422182,0.12,-0.67,0.77,-62.38,107.85,12.27,-22.57,-35.21,-207.32,1
O,2022-10-27 12:52:34.440219,0.14,-0.64,0.70,-37.66,67.44,32.04,-22.57,-35.21,-207.32,1
O,2022-10-27 12:52:34.459179,0.13,-0.59,0.64,-32.65,42.97,51.82,-8.57,-36.01,-197.99,1
O,2022-10-27 12:52:34.477194,0.12,-0.42,0.62,-30.70,16.11,69.03,-8.57,-36.01,-197.99,1
O,2022-10-27 12:52:34.496301,0.10,-0.01,0.78,-44.80,-6.71,68.54,-4.88,-32.96,-192.15,1
O,2022-10-27 12:52:34.514204,0.05,0.02,0.78,-25.51,-15.20,58.59,-4.88,-32.96,-192.15,1
O,2022-10-27 12:52:34.532222,-0.29,0.30,1.06,5.00,-13.85,69.21,-4.88,-32.96,-192.15,1
