e,2022-10-31 18:33:04.319110,0.01,0.12,0.82,-12.08,-13.67,4.52,-0.11,-1.60,-116.81,1
e,2022-10-31 18:33:04.339790,-0.04,0.14,0.90,-11.96,-20.08,3.17,2.48,2.77,-114.17,1
e,2022-10-31 18:33:04.358343,-0.11,0.34,1.02,18.68,11.29,-8.61,2.48,2.77,-114.17,1
e,2022-10-31 18:33:04.379548,-0.01,0.05,1.00,12.88,10.01,-10.86,3.76,3.78,-113.12,1
e,2022-10-31 18:33:04.399009,-0.00,0.09,0.99,-13.92,4.70,-1.95,3.76,3.78,-113.12,1
e,2022-10-31 18:33:04.419310,-0.11,0.48,0.81,-19.04,-7.51,-1.89,3.76,3.78,-113.12,1
e,2022-10-31 18:33:04.439664,-0.13,0.51,1.06,15.20,-20.26,-26.18,2.38,3.75,-113.22,1
e,2022-10-31 18:33:04.459370,-0.08,0.39,1.14,38.45,-4.15,-44.80,2.38,3.75,-113.22,1
e,2022-10-31 18:33:04.479867,0.03,-0.02,1.04,41.87,11.96,-55.97,-8.83,2.91,-114.47,1
e,2022-10-31 18:33:04.500118,0.08,-0.18,1.01,28.14,15.69,-37.54,-8.83,2.91,-114.47,1
e,2022-10-31 18:33:04.518586,0.07,-0.17,1.03,18.92,15.99,-27.71,-8.83,2.91,-114.47,1
e,2022-10-31 18:33:04.539304,0.09,-0.22,0.90,10.01,17.82,-24.23,-15.77,0.24,-119.24,1
e,2022-10-31 18:33:04.558546,0.08,-0.23,0.86,10.44,5.31,-11.72,-15.77,0.24,-119.24,1
e,2022-10-31 18:33:04.579746,0.09,-0.27,1.15,2.26,33.02,-8.24,-17.49,-1.94,-122.34,1
e,2022-10-31 18:33:04.598180,0.10,-0.24,0.85,-26.12,32.59,-2.26,-17.49,-1.94,-122.34,1
e,2022-10-31 18:33:04.619406,0.07,-0.12,0.78,-34.36,23.50,6.90,-17.49,-1.94,-122.34,1
e,2022-10-31 18:33:04.636363,0.05,-0.09,0.79,-23.44,2.75,22.34,-13.51,-2.47,-123.06,1
e,2022-10-31 18:33:04.655540,0.04,-0.09,0.67,-19.71,-11.05,32.78,-13.51,-2.47,-123.06,1
e,2022-10-31 18:33:04.675594,-0.02,0.13,0.77,-15.87,-29.48,41.63,-13.51,-2.47,-123.06,1
e,2022-10-31 18:33:04.697052,-0.07,0.35,0.92,-15.38,-31.92,26.55,-4.64,1.23,-115.89,1
e,2022-10-31 18:33:04.714377,-0.04,0.30,0.90,-6.16,-32.17,17.58,-4.64,1.23,-115.89,1
e,2022-10-31 18:33:04.735142,-0.07,0.35,1.05,-3.72,-27.40,10.44,4.19,3.37,-110.23,1
e,2022-10-31 18:33:04.755463,-0.07,0.46,1.07,4.52,-17.82,-2.62,4.19,3.37,-110.23,1
e,2022-10-31 18:33:04.774782,-0.09,0.47,1.11,22.95,-16.66,-7.87,4.19,3.37,-110.23,1
e,2022-10-31 18:33:04.797122,-0.06,0.34,1.17,49.32,-14.34,-26.18,4.57,4.27,-106.64,1
e,2022-10-31 18:33:04.816069,-0.03,0.13,1.16,60.61,-3.11,-37.78,4.57,4.27,-106.64,1
e,2022-10-31 18:33:04.835589,-0.03,-0.03,1.11,51.51,5.25,-48.10,-4.85,6.52,-103.88,1
e,2022-10-31 18:33:04.854578,0.04,-0.27,0.98,33.33,14.47,-57.56,-4.85,6.52,-103.88,1
e,2022-10-31 18:33:04.873560,0.06,-0.36,0.90,18.43,13.92,-45.78,-4.85,6.52,-103.88,1
e,2022-10-31 18:33:04.895061,-0.00,-0.25,0.88,-0.12,10.07,-24.35,-15.87,5.85,-106.99,1
e,2022-10-31 18:33:04.915573,-0.23,-0.32,0.88,-8.24,9.58,-17.88,-15.87,5.85,-106.99,1
e,2022-10-31 18:33:04.936264,-0.22,-0.25,0.89,24.54,-0.85,33.51,-15.89,5.25,-107.87,1
e,2022-10-31 18:33:04.954758,-0.22,-0.22,0.77,0.18,7.75,29.97,-15.89,5.25,-107.87,1
e,2022-10-31 18:33:04.973240,-0.08,-0.15,0.61,-7.69,8.73,31.37,-15.89,5.25,-107.87,1
e,2022-10-31 18:33:04.994895,0.09,-0.03,0.53,-5.68,-9.16,32.10,-4.43,-0.78,-107.18,1
e,2022-10-31 18:33:05.012618,0.07,0.03,0.64,-4.33,-23.86,28.81,-4.43,-0.78,-107.18,1
e,2022-10-31 18:33:05.031534,0.00,0.05,0.75,-10.38,-31.25,16.72,8.07,-4.94,-105.02,1
e,2022-10-31 18:33:05.050154,0.02,0.05,0.86,-5.00,-31.80,11.11,8.07,-4.94,-105.02,1
e,2022-10-31 18:33:05.070719,0.10,0.07,0.86,1.22,-33.14,9.58,8.07,-4.94,-105.02,1
e,2022-10-31 18:33:05.091373,0.12,0.09,0.91,-4.88,-39.06,-0.55,16.86,-8.72,-105.05,1
e,2022-10-31 18:33:05.111160,0.02,0.05,1.06,-2.01,-41.63,-2.08,16.86,-8.72,-105.05,1
e,2022-10-31 18:33:05.132893,-0.03,0.03,1.17,3.91,-36.38,-2.62,22.02,-11.44,-108.37,1
e,2022-10-31 18:33:05.151349,-0.02,0.05,1.21,1.53,-24.54,-6.41,22.02,-11.44,-108.37,1
