J,2022-10-21 16:20:08.629478,0.21,-1.15,0.87,75.32,53.47,69.76,44.04,37.21,-62.43,1
J,2022-10-21 16:20:08.649552,0.17,-1.11,0.79,-17.15,41.87,38.94,45.59,36.95,-60.56,1
J,2022-10-21 16:20:08.663574,0.21,-0.75,0.70,-33.57,35.46,52.19,45.59,36.95,-60.56,1
J,2022-10-21 16:20:08.693926,0.18,-0.77,0.71,-11.72,22.16,82.40,45.59,36.95,-60.56,1
J,2022-10-21 16:20:08.707880,0.18,-1.09,0.70,0.55,-14.71,109.74,45.42,31.47,-62.27,1
J,2022-10-21 16:20:08.727260,0.21,-1.09,0.63,-26.61,-35.77,107.60,45.42,31.47,-62.27,1
J,2022-10-21 16:20:08.750468,0.19,-0.86,0.58,-69.89,-47.55,98.33,43.13,24.17,-66.75,1
J,2022-10-21 16:20:08.768230,0.12,-0.38,0.57,-113.71,-39.31,87.22,43.13,24.17,-66.75,1
J,2022-10-21 16:20:08.787628,0.13,-0.17,0.61,-116.94,-26.37,82.70,43.13,24.17,-66.75,1
J,2022-10-21 16:20:08.807827,0.06,0.10,0.94,-114.32,-16.42,76.78,37.33,15.28,-70.03,1
J,2022-10-21 16:20:08.828075,0.12,0.24,0.90,-100.40,-23.68,57.01,37.33,15.28,-70.03,1
J,2022-10-21 16:20:08.843336,0.18,0.27,0.95,-79.53,-18.07,37.41,30.82,8.34,-72.96,1
J,2022-10-21 16:20:08.865555,0.19,0.39,0.89,-88.07,-16.60,28.56,30.82,8.34,-72.96,1
J,2022-10-21 16:20:08.886280,0.18,0.63,1.11,-97.17,-3.11,11.54,30.82,8.34,-72.96,1
J,2022-10-21 16:20:08.900397,0.08,0.70,1.04,-67.26,-3.11,-14.28,24.46,3.72,-74.04,1
J,2022-10-21 16:20:08.922735,0.18,0.83,1.00,-13.49,23.13,-35.40,24.46,3.72,-74.04,1
J,2022-10-21 16:20:08.943703,0.32,0.59,1.01,22.09,37.48,-23.62,24.46,3.72,-74.04,1
J,2022-10-21 16:20:08.963705,0.30,0.21,1.08,42.18,41.20,-11.66,23.78,4.88,-75.39,1
J,2022-10-21 16:20:08.979526,0.32,-0.09,1.11,-20.94,16.36,16.17,23.78,4.88,-75.39,1
J,2022-10-21 16:20:09.002770,0.39,-0.09,1.03,-82.64,-27.34,46.69,23.75,3.75,-76.33,1
J,2022-10-21 16:20:09.023224,-2.81,0.30,0.35,-122.80,-54.14,57.07,23.75,3.75,-76.33,1
J,2022-10-21 16:20:09.045231,0.15,0.89,1.20,-81.73,50.96,-3.36,23.75,3.75,-76.33,1
J,2022-10-21 16:20:09.066909,0.27,-0.29,1.67,39.43,40.41,13.06,23.30,-0.87,-75.61,1
J,2022-10-21 16:20:09.083020,0.17,0.09,1.14,17.82,-2.44,-61.28,23.30,-0.87,-75.61,1
J,2022-10-21 16:20:09.100893,0.20,0.03,0.88,25.09,-3.05,-87.28,25.26,1.11,-77.32,1
J,2022-10-21 16:20:09.127772,0.21,-0.31,0.86,-4.21,-4.88,-67.02,25.26,1.11,-77.32,1
J,2022-10-21 16:20:09.138001,0.10,-0.17,0.84,-43.88,-2.93,-35.77,25.26,1.11,-77.32,1
J,2022-10-21 16:20:09.163334,0.12,0.31,0.76,-1.95,34.67,1.95,25.32,1.32,-75.37,1
J,2022-10-21 16:20:09.179896,0.42,-0.14,0.98,46.69,57.37,43.21,25.32,1.32,-75.37,1
J,2022-10-21 16:20:09.202267,0.55,-0.38,1.09,11.17,29.60,50.72,26.89,1.60,-75.43,1
J,2022-10-21 16:20:09.224628,0.50,-0.09,0.77,-23.38,-9.03,49.19,26.89,1.60,-75.43,1
J,2022-10-21 16:20:09.238216,0.48,0.06,0.76,-61.46,-46.45,43.46,26.89,1.60,-75.43,1
J,2022-10-21 16:20:09.262117,0.09,0.89,0.96,10.50,10.99,-7.14,23.77,-1.61,-76.55,1
J,2022-10-21 16:20:09.281805,0.11,-0.15,1.48,17.03,-0.98,1.65,23.77,-1.61,-76.55,1
J,2022-10-21 16:20:09.302711,0.22,-0.21,1.43,6.47,-105.41,-32.35,22.57,-0.72,-76.97,1
J,2022-10-21 16:20:09.323693,0.25,0.35,1.03,-14.10,-137.63,-9.34,22.57,-0.72,-76.97,1
J,2022-10-21 16:20:09.341246,0.24,0.10,0.75,23.74,-113.83,-11.84,22.57,-0.72,-76.97,1
J,2022-10-21 16:20:09.361126,0.08,-0.12,0.80,25.09,-81.67,-26.43,15.72,0.70,-77.94,1
J,2022-10-21 16:20:09.382605,0.09,-0.03,0.93,-5.62,-56.88,-32.23,15.72,0.70,-77.94,1
J,2022-10-21 16:20:09.402192,0.06,0.12,1.04,-33.14,-39.49,-20.94,12.89,0.62,-77.99,1
J,2022-10-21 16:20:09.420184,0.03,0.15,0.96,-31.19,-32.29,-7.32,12.89,0.62,-77.99,1
J,2022-10-21 16:20:09.442408,0.01,0.27,0.84,-21.18,-17.64,9.89,12.89,0.62,-77.99,1
J,2022-10-21 16:20:09.461345,0.00,0.27,0.84,10.68,18.86,28.81,11.54,0.12,-78.36,1
