S,2022-10-25 13:51:47.602958,0.19,-0.25,0.93,8.79,-1.59,-11.54,-56.95,105.33,-42.13,1
S,2022-10-25 13:51:47.618580,0.16,-0.23,0.93,6.53,-3.11,-8.54,-61.00,105.36,-39.88,1
S,2022-10-25 13:51:47.649816,0.12,-0.25,0.95,-1.89,-2.08,-11.90,-61.00,105.36,-39.88,1
S,2022-10-25 13:51:47.670051,0.10,-0.27,0.95,-14.16,5.86,-13.92,-63.23,103.76,-39.89,1
S,2022-10-25 13:51:47.674238,0.19,-0.18,0.90,-12.63,5.07,-7.75,-63.23,103.76,-39.89,1
S,2022-10-25 13:51:47.705496,0.18,-0.14,0.92,-10.74,2.08,-5.25,-63.23,103.76,-39.89,1
S,2022-10-25 13:51:47.721121,0.13,-0.11,0.95,-8.18,0.73,-3.36,-65.88,104.04,-39.98,1
S,2022-10-25 13:51:47.736766,0.15,-0.09,0.96,-7.51,5.55,-5.68,-65.88,104.04,-39.98,1
S,2022-10-25 13:51:47.752395,0.18,-0.10,0.93,-9.70,6.84,-7.69,-65.88,104.04,-39.98,1
S,2022-10-25 13:51:47.783624,0.19,-0.11,0.94,-10.01,4.82,-6.53,-68.16,103.37,-40.44,1
S,2022-10-25 13:51:47.799255,0.15,-0.05,0.98,-13.06,1.46,-5.80,-68.16,103.37,-40.44,1
S,2022-10-25 13:51:47.814894,0.16,-0.03,0.97,-13.67,3.36,-7.81,-69.24,103.14,-41.81,1
S,2022-10-25 13:51:47.830524,0.20,-0.05,0.92,-13.79,5.92,-9.89,-69.24,103.14,-41.81,1
S,2022-10-25 13:51:47.846146,0.27,-0.04,0.88,-11.84,3.85,-9.09,-69.24,103.14,-41.81,1
S,2022-10-25 13:51:47.861772,0.31,-0.09,0.83,-7.63,-5.62,-6.71,-70.73,102.65,-42.33,1
S,2022-10-25 13:51:47.885653,0.21,-0.10,0.90,-6.04,-13.73,-0.79,-70.73,102.65,-42.33,1
S,2022-10-25 13:51:47.901306,0.12,-0.07,0.99,-7.63,-14.95,3.60,-70.73,102.65,-42.33,1
S,2022-10-25 13:51:47.932536,0.13,-0.13,0.97,-12.21,-6.90,2.99,-72.50,103.74,-38.56,1
S,2022-10-25 13:51:47.948162,0.14,-0.05,1.14,-10.93,10.31,-9.46,-72.50,103.74,-38.56,1
S,2022-10-25 13:51:47.963788,0.18,-0.16,0.96,-29.24,16.42,-10.25,-73.28,103.14,-39.18,1
S,2022-10-25 13:51:47.979433,0.17,-0.02,0.95,-39.92,18.98,-7.20,-73.28,103.14,-39.18,1
S,2022-10-25 13:51:47.995058,0.15,-0.03,0.92,-31.92,16.85,2.87,-73.28,103.14,-39.18,1
S,2022-10-25 13:51:48.010687,0.15,-0.03,0.90,-20.75,9.09,19.10,-72.75,104.38,-40.75,1
S,2022-10-25 13:51:48.041916,0.16,-0.02,0.88,-13.00,2.62,25.15,-72.75,104.38,-40.75,1
S,2022-10-25 13:51:48.057543,0.17,-0.01,0.85,-15.81,0.18,24.54,-72.75,104.38,-40.75,1
S,2022-10-25 13:51:48.073170,0.18,0.10,0.90,-23.68,-1.89,20.51,-71.56,106.81,-40.41,1
S,2022-10-25 13:51:48.088817,0.18,0.15,0.86,-32.47,-1.10,8.12,-71.56,106.81,-40.41,1
S,2022-10-25 13:51:48.104420,0.20,0.26,0.88,-36.07,-3.72,0.61,-68.04,107.59,-39.58,1
S,2022-10-25 13:51:48.120069,0.20,0.36,0.94,-25.45,-5.55,0.92,-68.04,107.59,-39.58,1
S,2022-10-25 13:51:48.151298,0.20,0.35,0.91,-4.88,-7.75,6.96,-68.04,107.59,-39.58,1
S,2022-10-25 13:51:48.166924,0.21,0.36,0.95,15.14,-13.18,12.94,-64.87,109.07,-39.21,1
S,2022-10-25 13:51:48.182569,0.20,0.31,0.95,27.89,-17.52,6.77,-64.87,109.07,-39.21,1
S,2022-10-25 13:51:48.198193,0.20,0.29,0.94,23.99,-18.98,-4.09,-64.87,109.07,-39.21,1
S,2022-10-25 13:51:48.213821,0.19,0.25,0.96,17.94,-16.72,-17.33,-63.54,107.96,-36.30,1
S,2022-10-25 13:51:48.245055,0.18,0.21,0.93,17.46,-13.61,-30.52,-63.54,107.96,-36.30,1
S,2022-10-25 13:51:48.260680,0.15,0.10,0.92,25.63,-13.12,-30.33,-62.63,105.62,-34.01,1
S,2022-10-25 13:51:48.276327,0.13,-0.02,0.95,35.16,-13.00,-24.48,-62.63,105.62,-34.01,1
S,2022-10-25 13:51:48.291949,0.13,-0.09,0.93,40.10,-13.49,-17.03,-62.63,105.62,-34.01,1
S,2022-10-25 13:51:48.307576,0.12,-0.15,0.95,34.85,-14.95,-10.38,-61.06,103.80,-32.79,1
S,2022-10-25 13:51:48.338809,0.12,-0.16,0.95,23.19,-14.22,-10.19,-61.06,103.80,-32.79,1
S,2022-10-25 13:51:48.354435,0.12,-0.15,0.94,12.88,-13.79,-12.45,-61.06,103.80,-32.79,1
S,2022-10-25 13:51:48.370079,0.11,-0.13,0.96,4.39,-14.65,-15.87,-59.23,103.49,-29.76,1
S,2022-10-25 13:51:48.385705,0.11,-0.15,0.99,3.11,-11.66,-12.88,-59.23,103.49,-29.76,1
S,2022-10-25 13:51:48.416938,0.11,-0.17,1.01,4.70,-8.42,-6.59,-56.59,102.67,-30.87,1
S,2022-10-25 13:51:48.432564,0.11,-0.17,1.02,3.60,-7.69,0.00,-56.59,102.67,-30.87,1
S,2022-10-25 13:51:48.448190,0.12,-0.15,1.03,0.79,-9.03,5.86,-56.59,102.67,-30.87,1
S,2022-10-25 13:51:48.463834,0.11,-0.15,1.04,-0.31,-11.05,13.67,-53.38,103.20,-30.41,1
