r,2022-10-16 22:32:28.751067,0.12,1.06,0.35,-11.17,7.20,-16.97,84.23,27.56,-57.69,1
r,2022-10-16 22:32:28.759353,0.18,1.04,0.33,-2.56,15.63,-17.09,84.23,27.56,-57.69,1
r,2022-10-16 22:32:28.768181,0.25,0.98,0.34,4.64,24.54,-12.76,84.23,27.56,-57.69,1
r,2022-10-16 22:32:28.776622,0.28,0.92,0.35,6.77,31.86,-7.57,84.23,27.56,-57.69,1
r,2022-10-16 22:32:28.784684,0.29,0.87,0.37,5.74,36.25,-3.54,84.23,27.56,-57.69,1
r,2022-10-16 22:32:28.792531,0.34,0.86,0.36,3.36,37.29,1.46,84.23,27.56,-57.69,1
r,2022-10-16 22:32:28.802062,0.39,0.79,0.35,0.49,33.08,5.07,84.77,28.05,-57.21,1
r,2022-10-16 22:32:28.810118,0.37,0.77,0.34,-8.79,23.62,4.88,84.77,28.05,-57.21,1
r,2022-10-16 22:32:28.818778,0.32,0.81,0.29,-20.20,13.49,1.59,84.77,28.05,-57.21,1
r,2022-10-16 22:32:28.827418,0.31,0.87,0.21,-30.27,7.51,-3.66,84.77,28.05,-57.21,1
r,2022-10-16 22:32:28.835741,0.30,0.90,0.17,-33.39,5.19,-8.00,84.77,28.05,-57.21,1
r,2022-10-16 22:32:28.844718,0.29,0.93,0.18,-32.78,4.94,-10.99,84.77,28.05,-57.21,1
r,2022-10-16 22:32:28.853419,0.31,0.96,0.17,-31.13,7.02,-11.05,84.63,27.37,-56.84,1
r,2022-10-16 22:32:28.861786,0.31,0.95,0.17,-25.51,10.80,-1.28,84.63,27.37,-56.84,1
r,2022-10-16 22:32:28.869247,0.28,0.92,0.20,-25.51,10.80,-1.28,84.63,27.37,-56.84,1
r,2022-10-16 22:32:28.878132,0.25,0.90,0.21,-16.05,21.97,6.41,0.00,0.00,0.00,1
r,2022-10-16 22:32:28.887376,0.28,0.88,0.18,-13.24,26.55,14.83,0.00,0.00,0.00,1
r,2022-10-16 22:32:28.894615,0.33,0.83,0.20,-12.08,25.15,21.91,0.00,0.00,0.00,1
r,2022-10-16 22:32:28.904424,0.33,0.80,0.21,-14.83,17.58,26.06,85.55,27.77,-56.68,1
r,2022-10-16 22:32:28.912371,0.28,0.78,0.18,-27.65,-4.09,19.04,85.55,27.77,-56.68,1
r,2022-10-16 22:32:28.920407,0.24,0.77,0.14,-27.65,-4.09,19.04,85.55,27.77,-56.68,1
r,2022-10-16 22:32:28.928363,0.23,0.82,0.11,-34.67,-14.04,7.20,85.55,27.77,-56.68,1
r,2022-10-16 22:32:28.936019,0.22,0.88,0.09,-34.67,-14.04,7.20,85.55,27.77,-56.68,1
r,2022-10-16 22:32:28.944043,0.18,0.92,0.10,-32.29,-22.64,6.10,85.55,27.77,-56.68,1
r,2022-10-16 22:32:28.954386,0.16,0.91,0.10,-25.27,-22.40,7.51,85.91,27.60,-57.21,1
r,2022-10-16 22:32:28.962333,0.15,0.87,0.08,-1.04,-15.14,3.60,85.91,27.60,-57.21,1
r,2022-10-16 22:32:28.969990,-0.31,1.02,0.02,-1.04,-15.14,3.60,85.91,27.60,-57.21,1
r,2022-10-16 22:32:28.978998,0.16,1.18,0.07,36.32,7.02,-7.08,85.91,27.60,-57.21,1
r,2022-10-16 22:32:28.985888,0.19,0.82,0.20,36.32,7.02,-7.08,85.91,27.60,-57.21,1
r,2022-10-16 22:32:28.994768,0.02,0.64,0.43,47.30,15.14,-5.86,85.91,27.60,-57.21,1
r,2022-10-16 22:32:29.004221,0.14,0.88,0.27,8.30,1.65,-3.36,85.58,27.66,-57.28,1
r,2022-10-16 22:32:29.012347,0.19,0.99,0.26,19.78,-10.19,3.85,85.58,27.66,-57.28,1
r,2022-10-16 22:32:29.019816,0.21,0.85,0.21,19.78,-10.19,3.85,85.58,27.66,-57.28,1
r,2022-10-16 22:32:29.028081,0.17,0.76,0.20,21.42,-12.45,2.20,85.58,27.66,-57.28,1
r,2022-10-16 22:32:29.036437,0.18,0.86,0.21,14.34,-13.79,0.73,85.58,27.66,-57.28,1
r,2022-10-16 22:32:29.045443,0.22,0.90,0.15,18.86,-13.67,4.88,85.58,27.66,-57.28,1
r,2022-10-16 22:32:29.053266,0.18,0.86,0.17,18.86,-13.67,4.88,85.53,29.26,-56.53,1
r,2022-10-16 22:32:29.061531,0.21,0.80,0.20,34.24,-5.31,8.54,85.53,29.26,-56.53,1
r,2022-10-16 22:32:29.069329,0.21,0.79,0.20,34.24,-5.31,8.54,85.53,29.26,-56.53,1
r,2022-10-16 22:32:29.078010,0.20,0.85,0.20,26.73,-2.87,5.80,85.53,29.26,-56.53,1
r,2022-10-16 22:32:29.085943,0.19,0.93,0.23,21.24,-2.26,5.49,85.53,29.26,-56.53,1
r,2022-10-16 22:32:29.094618,0.20,0.93,0.24,24.90,-2.87,6.10,85.53,29.26,-56.53,1
r,2022-10-16 22:32:29.104220,0.23,0.95,0.25,22.09,-5.07,8.91,86.47,29.19,-57.02,1
r,2022-10-16 22:32:29.112779,0.21,0.94,0.23,24.54,-3.91,7.69,86.47,29.19,-57.02,1
r,2022-10-16 22:32:29.121456,0.19,0.99,0.26,22.89,-4.52,13.12,86.47,29.19,-57.02,1
r,2022-10-16 22:32:29.129759,0.21,0.99,0.28,31.07,-4.03,19.71,86.47,29.19,-57.02,1
r,2022-10-16 22:32:29.136590,0.21,0.99,0.28,31.07,-4.03,19.71,86.47,29.19,-57.02,1
r,2022-10-16 22:32:29.144312,0.25,0.89,0.30,38.39,-2.32,22.58,86.47,29.19,-57.02,1
r,2022-10-16 22:32:29.154178,0.26,0.88,0.30,33.14,-1.77,4.39,87.04,29.94,-57.07,1
r,2022-10-16 22:32:29.162397,0.27,0.90,0.32,15.14,-1.59,8.73,87.04,29.94,-57.07,1
r,2022-10-16 22:32:29.171535,0.22,0.94,0.36,5.68,-2.87,7.32,87.04,29.94,-57.07,1
r,2022-10-16 22:32:29.179545,0.24,0.99,0.35,4.27,-4.46,8.97,87.04,29.94,-57.07,1
r,2022-10-16 22:32:29.188023,0.25,0.99,0.35,5.49,-4.94,9.28,87.04,29.94,-57.07,1
r,2022-10-16 22:32:29.196127,0.19,1.01,0.31,3.72,-5.13,12.02,87.04,29.94,-57.07,1
r,2022-10-16 22:32:29.206412,0.30,0.96,0.34,10.68,-5.43,13.43,87.83,29.74,-57.08,1
r,2022-10-16 22:32:29.214224,0.29,0.92,0.32,7.69,-5.25,9.40,87.83,29.74,-57.08,1
r,2022-10-16 22:32:29.223135,0.23,0.99,0.31,0.67,-4.27,2.08,87.83,29.74,-57.08,1
r,2022-10-16 22:32:29.231231,0.23,1.10,0.32,-6.77,-3.30,-1.16,87.83,29.74,-57.08,1
r,2022-10-16 22:32:29.240283,0.22,1.08,0.31,-4.82,-3.23,1.16,87.83,29.74,-57.08,1
r,2022-10-16 22:32:29.249232,0.24,1.06,0.29,-1.28,-3.30,4.27,88.15,29.74,-58.36,1
r,2022-10-16 22:32:29.260561,0.22,1.08,0.29,1.34,-2.50,5.86,88.15,29.74,-58.36,1
r,2022-10-16 22:32:29.269151,0.21,1.11,0.30,5.07,-1.16,8.36,88.15,29.74,-58.36,1
r,2022-10-16 22:32:29.277283,0.20,1.10,0.33,13.24,-0.43,12.63,88.15,29.74,-58.36,1
r,2022-10-16 22:32:29.286003,0.20,1.05,0.34,23.19,-0.61,17.52,88.15,29.74,-58.36,1
r,2022-10-16 22:32:29.294724,0.20,1.00,0.36,30.15,-1.89,21.55,88.15,29.74,-58.36,1
r,2022-10-16 22:32:29.303421,0.20,0.95,0.39,33.14,-3.60,24.11,86.85,30.49,-57.80,1
r,2022-10-16 22:32:29.311601,0.20,0.93,0.39,15.87,-7.87,24.60,86.85,30.49,-57.80,1
r,2022-10-16 22:32:29.319206,0.24,0.89,0.37,15.87,-7.87,24.60,86.85,30.49,-57.80,1
r,2022-10-16 22:32:29.327600,0.44,0.70,0.30,24.60,-6.90,19.53,86.85,30.49,-57.80,1
r,2022-10-16 22:32:29.336097,0.18,0.63,0.34,16.11,-0.85,-1.89,86.85,30.49,-57.80,1
r,2022-10-16 22:32:29.344531,0.23,0.86,0.28,-13.98,-0.79,-18.92,86.85,30.49,-57.80,1
r,2022-10-16 22:32:29.353631,0.18,1.05,0.29,-26.55,-1.59,-30.58,86.44,30.37,-57.10,1
r,2022-10-16 22:32:29.362541,0.12,1.11,0.25,-20.81,-3.66,-26.43,86.44,30.37,-57.10,1
r,2022-10-16 22:32:29.372046,0.20,1.14,0.24,-6.35,-2.69,-21.73,0.00,0.00,0.00,1
r,2022-10-16 22:32:29.378938,0.20,1.14,0.24,0.49,-2.20,-16.05,0.00,0.00,0.00,1
r,2022-10-16 22:32:29.387796,0.14,1.05,0.24,7.87,-0.73,-9.52,0.00,0.00,0.00,1
r,2022-10-16 22:32:29.395732,0.18,1.05,0.26,15.93,1.53,-4.70,0.00,0.00,0.00,1
r,2022-10-16 22:32:29.405552,0.21,0.99,0.29,18.68,1.28,-1.65,85.31,30.98,-55.90,1
r,2022-10-16 22:32:29.413774,0.21,0.92,0.33,21.30,1.59,-0.18,85.31,30.98,-55.90,1
r,2022-10-16 22:32:29.421985,0.22,0.83,0.33,21.85,0.98,-1.65,85.31,30.98,-55.90,1
r,2022-10-16 22:32:29.430554,0.20,0.84,0.32,14.22,-1.53,-6.59,85.31,30.98,-55.90,1
r,2022-10-16 22:32:29.438650,0.20,0.84,0.30,7.45,-3.72,-12.88,0.00,0.00,ovf,1
r,2022-10-16 22:32:29.447338,0.19,0.88,0.29,-1.16,-6.90,-19.65,0.00,0.00,ovf,1
r,2022-10-16 22:32:29.456319,0.15,0.92,0.27,-5.92,-10.38,-23.99,84.23,30.70,-57.64,1
r,2022-10-16 22:32:29.465141,0.19,0.99,0.28,-6.77,-12.51,-24.78,84.23,30.70,-57.64,1
r,2022-10-16 22:32:29.473544,0.12,0.99,0.22,-1.53,-13.55,-21.36,84.23,30.70,-57.64,1
r,2022-10-16 22:32:29.482019,0.15,0.99,0.23,8.36,-12.33,-15.20,84.23,30.70,-57.64,1
r,2022-10-16 22:32:29.490454,0.17,0.92,0.25,21.67,-9.89,-8.85,84.23,30.70,-57.64,1
r,2022-10-16 22:32:29.499731,0.16,0.89,0.29,30.46,-8.54,-4.94,82.60,31.04,-58.41,1
r,2022-10-16 22:32:29.509133,0.15,0.84,0.28,37.60,-8.06,-3.30,82.60,31.04,-58.41,1
r,2022-10-16 22:32:29.516422,0.15,0.96,0.33,35.89,-8.48,1.77,82.60,31.04,-58.41,1
r,2022-10-16 22:32:29.524982,0.17,0.73,0.41,53.04,-4.27,14.83,82.60,31.04,-58.41,1
r,2022-10-16 22:32:29.532999,0.19,0.53,0.43,54.02,-5.00,16.05,82.60,31.04,-58.41,1
r,2022-10-16 22:32:29.541232,0.16,0.57,0.38,37.54,-11.66,4.46,82.60,31.04,-58.41,1
r,2022-10-16 22:32:29.550829,0.18,0.69,0.41,14.53,-17.03,-4.70,80.71,31.99,-58.74,1
r,2022-10-16 22:32:29.559264,0.16,0.72,0.45,2.26,-19.78,-7.81,80.71,31.99,-58.74,1
r,2022-10-16 22:32:29.567731,0.16,0.72,0.44,-7.02,-22.46,-9.28,80.71,31.99,-58.74,1
r,2022-10-16 22:32:29.576818,0.17,0.79,0.33,-18.37,-26.43,-10.19,80.71,31.99,-58.74,1
r,2022-10-16 22:32:29.584821,0.13,0.86,0.30,-20.39,-27.47,-10.07,80.71,31.99,-58.74,1
r,2022-10-16 22:32:29.593611,0.09,0.88,0.22,-14.22,-27.71,-9.77,80.71,31.99,-58.74,1
r,2022-10-16 22:32:29.603901,-0.01,0.95,0.16,-8.36,-26.61,-10.62,79.98,30.96,-57.89,1
r,2022-10-16 22:32:29.611379,-0.03,0.97,0.18,25.27,-9.95,-16.36,79.98,30.96,-57.89,1
r,2022-10-16 22:32:29.619947,-0.02,0.94,0.15,25.27,-9.95,-16.36,79.98,30.96,-57.89,1
r,2022-10-16 22:32:29.628127,0.02,0.91,0.19,36.44,-1.40,-20.32,79.98,30.96,-57.89,1
r,2022-10-16 22:32:29.635998,0.10,0.88,0.23,41.44,5.86,-29.48,79.98,30.96,-57.89,1
r,2022-10-16 22:32:29.643611,0.19,0.82,0.26,41.44,5.86,-29.48,79.98,30.96,-57.89,1
r,2022-10-16 22:32:29.655389,0.22,0.81,0.29,34.36,8.18,-33.81,79.02,30.73,-58.20,1
r,2022-10-16 22:32:29.663902,0.30,0.84,0.32,22.22,1.16,-41.81,79.02,30.73,-58.20,1
r,2022-10-16 22:32:29.672187,0.34,0.87,0.33,19.78,-2.87,-41.44,79.02,30.73,-58.20,1
r,2022-10-16 22:32:29.680606,0.36,0.86,0.34,20.26,-7.02,-36.99,79.02,30.73,-58.20,1
r,2022-10-16 22:32:29.689963,0.38,0.83,0.36,21.61,-10.99,-32.41,79.02,30.73,-58.20,1
r,2022-10-16 22:32:29.697360,0.42,0.82,0.36,21.61,-15.32,-28.81,79.02,30.73,-58.20,1
r,2022-10-16 22:32:29.707144,0.44,0.83,0.37,20.94,-19.41,-25.27,78.08,28.88,-59.42,1
r,2022-10-16 22:32:29.714963,0.44,0.81,0.40,20.14,-23.38,-21.18,78.08,28.88,-59.42,1
r,2022-10-16 22:32:29.723262,0.45,0.82,0.44,19.17,-26.37,-16.91,78.08,28.88,-59.42,1
r,2022-10-16 22:32:29.732294,0.48,0.81,0.47,20.02,-28.20,-11.17,78.08,28.88,-59.42,1
r,2022-10-16 22:32:29.740424,0.50,0.78,0.50,18.49,-29.79,-3.91,78.08,28.88,-59.42,1
