F,2022-11-12 16:23:31.484411,5.415960,3.567542,7.101564,0.304092,-0.116718,0.348196,275.102844,89.185562,-267.465332,1
F,2022-11-12 16:23:31.578903,7.053678,2.245876,6.129469,0.044563,0.107657,1.254617,282.605651,108.604995,-297.183685,1
F,2022-11-12 16:23:31.674720,7.197337,2.470942,5.923557,0.234849,0.218979,1.359947,284.570648,76.419082,-270.057037,1
F,2022-11-12 16:23:31.770070,7.273955,-0.215489,8.715339,-0.715381,1.893867,0.258713,316.546905,43.873542,-188.677078,1
F,2022-11-12 16:23:31.867894,13.044276,3.050368,13.111317,-0.005239,0.066511,0.766985,316.546905,43.873542,-188.677078,1
F,2022-11-12 16:23:31.961964,5.813418,0.536328,5.521310,0.278792,-1.655515,-0.325061,312.259582,37.040779,-142.371719,1
F,2022-11-12 16:23:32.057860,7.230857,0.483653,6.469463,-0.036931,0.845897,-0.005077,272.423248,-9.170290,-382.364837,1
F,2022-11-12 16:23:32.155762,9.792784,-0.598581,6.828611,-0.788886,-0.215522,0.245530,311.723663,54.482307,-398.951812,1
F,2022-11-12 16:23:32.251888,7.968309,4.688086,9.222935,0.868425,0.900093,-2.048552,297.611236,196.352081,-372.170745,1
F,2022-11-12 16:23:32.346963,6.732838,0.296896,4.956250,0.528334,1.135254,2.575831,297.611236,196.352081,-372.170745,1
F,2022-11-12 16:23:32.443921,9.419270,-2.284185,6.479040,0.258019,0.470119,1.267001,286.357055,36.141731,-285.952911,1
F,2022-11-12 16:23:32.539289,6.158201,2.126159,8.083237,-0.633355,0.344283,-1.804070,320.834228,15.463626,-255.025070,1
F,2022-11-12 16:23:32.633997,4.731184,2.269819,6.938750,0.593449,1.122337,-1.687155,321.370117,124.248435,-277.313842,1
F,2022-11-12 16:23:32.729743,6.766359,1.407862,7.470290,0.086642,0.446416,0.084007,321.370117,124.248435,-277.313842,1
