T,2022-10-25 11:51:55.302523,0.30,-0.37,0.97,-11.84,18.07,-4.70,11.55,17.66,-28.15,1
T,2022-10-25 11:51:55.319292,0.33,-0.35,0.94,-5.80,22.03,3.78,11.55,17.66,-28.15,1
T,2022-10-25 11:51:55.338766,0.36,-0.35,0.90,-0.73,24.05,11.05,11.55,17.66,-28.15,1
T,2022-10-25 11:51:55.358050,0.44,-0.33,0.83,-0.92,17.09,11.47,11.83,18.80,-28.02,1
T,2022-10-25 11:51:55.379064,0.48,-0.29,0.76,-1.83,10.99,11.11,11.83,18.80,-28.02,1
T,2022-10-25 11:51:55.394694,0.45,-0.27,0.74,-5.74,9.70,13.43,11.83,18.80,-28.02,1
T,2022-10-25 11:51:55.412486,0.45,-0.26,0.72,-8.73,8.06,15.93,10.79,18.98,-28.38,1
T,2022-10-25 11:51:55.431026,0.42,-0.26,0.72,-14.65,1.65,14.22,10.79,18.98,-28.38,1
T,2022-10-25 11:51:55.450180,0.43,-0.23,0.73,-17.09,-7.93,9.70,10.40,19.90,-29.11,1
T,2022-10-25 11:51:55.471217,0.37,-0.17,0.76,-16.85,-7.75,7.32,10.40,19.90,-29.11,1
T,2022-10-25 11:51:55.486644,0.40,-0.18,0.76,-11.17,-6.53,10.80,10.40,19.90,-29.11,1
T,2022-10-25 11:51:55.506278,0.41,-0.20,0.77,-9.89,-8.67,15.01,9.28,18.97,-27.99,1
T,2022-10-25 11:51:55.525877,0.43,-0.20,0.78,-15.50,-13.12,14.16,9.28,18.97,-27.99,1
T,2022-10-25 11:51:55.547542,0.39,-0.12,0.80,-23.13,-13.43,8.18,9.28,18.97,-27.99,1
T,2022-10-25 11:51:55.564146,-0.43,0.02,0.97,-23.99,-9.09,0.85,8.54,17.69,-27.37,1
T,2022-10-25 11:51:55.580564,0.42,0.25,0.86,11.11,17.21,3.66,8.54,17.69,-27.37,1
T,2022-10-25 11:51:55.599778,0.44,-0.07,0.96,7.69,11.29,27.89,9.06,17.91,-27.78,1
T,2022-10-25 11:51:55.618047,0.42,0.08,0.90,6.84,11.96,-17.58,9.06,17.91,-27.78,1
T,2022-10-25 11:51:55.637743,0.38,0.08,0.96,16.42,13.00,-28.32,9.06,17.91,-27.78,1
T,2022-10-25 11:51:55.661088,0.42,0.10,0.87,27.89,8.24,-41.44,9.52,18.25,-27.33,1
T,2022-10-25 11:51:55.676567,0.44,-0.08,0.88,40.95,9.70,-50.66,9.52,18.25,-27.33,1
T,2022-10-25 11:51:55.695531,0.47,-0.17,0.86,43.15,13.00,-51.09,9.52,18.25,-27.33,1
T,2022-10-25 11:51:55.715058,0.44,-0.36,0.83,41.26,13.24,-45.53,9.89,19.65,-25.27,1
T,2022-10-25 11:51:55.736152,0.45,-0.70,0.83,12.33,10.44,-36.62,9.89,19.65,-25.27,1
T,2022-10-25 11:51:55.754368,0.41,-0.73,0.81,-20.57,3.85,-34.67,9.51,19.84,-23.74,1
T,2022-10-25 11:51:55.772014,0.38,-0.60,0.85,-47.00,-4.09,-24.78,9.51,19.84,-23.74,1
T,2022-10-25 11:51:55.792025,0.32,-0.50,0.85,-54.93,-9.16,-3.66,9.51,19.84,-23.74,1
T,2022-10-25 11:51:55.813020,0.25,-0.25,0.87,-9.40,6.29,38.15,9.52,19.42,-25.85,1
T,2022-10-25 11:51:55.828767,0.44,-0.28,0.82,18.68,11.66,64.15,9.52,19.42,-25.85,1
T,2022-10-25 11:51:55.846716,0.56,-0.38,0.75,23.99,0.24,63.78,9.52,19.42,-25.85,1
T,2022-10-25 11:51:55.866380,0.61,-0.35,0.69,7.02,-12.51,44.13,9.99,20.01,-26.45,1
T,2022-10-25 11:51:55.885885,0.56,-0.19,0.70,-31.68,-24.66,12.39,9.99,20.01,-26.45,1
T,2022-10-25 11:51:55.907564,0.49,-0.10,0.71,-46.51,-34.79,0.73,8.79,19.06,-26.17,1
T,2022-10-25 11:51:55.923675,-1.03,-0.17,0.38,-46.63,-45.96,-5.19,8.79,19.06,-26.17,1
T,2022-10-25 11:51:55.942198,0.32,0.27,0.77,-48.16,31.62,-13.37,8.79,19.06,-26.17,1
T,2022-10-25 11:51:55.961698,0.22,-0.06,0.85,-7.02,-23.56,1.95,10.06,16.86,-25.51,1
T,2022-10-25 11:51:55.979242,0.32,-0.19,0.77,20.75,-37.60,-1.77,10.06,16.86,-25.51,1
T,2022-10-25 11:51:56.000398,0.29,-0.14,0.75,5.25,-37.78,-12.70,10.06,16.86,-25.51,1
T,2022-10-25 11:51:56.018453,0.33,-0.11,0.81,4.33,-37.90,-15.26,9.85,16.36,-25.28,1
T,2022-10-25 11:51:56.038478,0.39,-0.08,0.87,13.61,-38.27,-7.32,9.85,16.36,-25.28,1
T,2022-10-25 11:51:56.057862,0.43,-0.07,0.88,29.24,-28.93,-2.87,10.68,15.48,-25.21,1
T,2022-10-25 11:51:56.079068,0.46,-0.19,0.94,41.81,-14.53,3.05,10.68,15.48,-25.21,1
T,2022-10-25 11:51:56.096778,0.51,-0.26,1.00,41.56,-1.53,3.54,10.68,15.48,-25.21,1
T,2022-10-25 11:51:56.115221,0.57,-0.27,1.03,30.88,12.21,5.62,12.27,15.89,-24.34,1
T,2022-10-25 11:51:56.134266,0.47,-0.32,1.13,13.79,23.32,12.82,12.27,15.89,-24.34,1
T,2022-10-25 11:51:56.156796,0.39,-0.28,1.12,-6.47,9.28,10.19,12.27,15.89,-24.34,1
T,2022-10-25 11:51:56.173594,0.36,-0.25,1.06,-13.79,-6.47,6.84,13.09,15.44,-24.21,1
T,2022-10-25 11:51:56.192284,0.34,-0.19,1.00,-22.83,-17.09,6.10,13.09,15.44,-24.21,1
T,2022-10-25 11:51:56.212322,0.16,0.02,0.92,-5.43,2.20,7.75,12.68,15.59,-25.72,1
T,2022-10-25 11:51:56.230003,0.22,-0.05,0.94,23.25,27.95,25.88,12.68,15.59,-25.72,1
T,2022-10-25 11:51:56.254829,0.37,-0.21,0.89,36.32,31.01,30.76,12.68,15.59,-25.72,1
T,2022-10-25 11:51:56.267043,0.45,-0.31,0.88,27.47,26.73,12.27,11.85,16.92,-26.17,1
T,2022-10-25 11:51:56.285150,0.45,-0.23,0.87,9.09,16.78,-6.35,11.85,16.92,-26.17,1
T,2022-10-25 11:51:56.304244,0.45,-0.15,0.87,6.23,12.39,-6.35,11.85,16.92,-26.17,1
T,2022-10-25 11:51:56.322738,0.41,-0.13,0.87,8.54,12.39,-5.68,13.11,18.42,-24.91,1
T,2022-10-25 11:51:56.344993,0.42,-0.14,0.86,15.87,16.05,-8.30,13.11,18.42,-24.91,1
