g,2022-11-01 14:36:25.530629,0.63,-0.63,0.61,-25.21,-4.82,-29.54,-18.27,-2.83,-71.56,1
g,2022-11-01 14:36:25.549820,0.56,-0.68,0.64,-24.66,-2.20,-23.86,-18.27,-2.83,-71.56,1
g,2022-11-01 14:36:25.572169,0.63,-0.58,0.59,-9.70,-4.09,-8.79,-20.39,-3.59,-70.85,1
g,2022-11-01 14:36:25.589041,0.65,-0.42,0.63,-5.98,-5.49,-7.32,-20.39,-3.59,-70.85,1
g,2022-11-01 14:36:25.609994,0.59,-0.40,0.65,8.61,-4.70,-19.29,-23.33,-5.19,-70.74,1
g,2022-11-01 14:36:25.628007,0.68,-0.57,0.58,8.85,-0.79,-21.06,-23.33,-5.19,-70.74,1
g,2022-11-01 14:36:25.645957,0.77,-0.53,0.50,2.75,-4.27,-12.88,-23.33,-5.19,-70.74,1
g,2022-11-01 14:36:25.666903,0.72,-0.55,0.45,-11.23,-13.49,-8.97,-28.15,-5.68,-66.35,1
g,2022-11-01 14:36:25.685557,0.44,-0.67,0.72,-21.30,-15.20,-9.22,-28.15,-5.68,-66.35,1
g,2022-11-01 14:36:25.704397,0.50,-0.69,0.59,45.78,19.10,42.42,-31.45,-5.94,-62.26,1
g,2022-11-01 14:36:25.722890,0.54,-0.67,0.47,-19.29,4.76,25.88,-31.45,-5.94,-62.26,1
g,2022-11-01 14:36:25.742719,0.30,-0.58,0.57,-39.12,-14.83,40.41,-31.45,-5.94,-62.26,1
g,2022-11-01 14:36:25.761432,0.42,-0.49,0.34,-58.90,-38.15,44.74,-32.01,-2.81,-62.15,1
g,2022-11-01 14:36:25.780088,0.39,-0.29,0.61,-69.70,-56.88,44.49,-32.01,-2.81,-62.15,1
g,2022-11-01 14:36:25.801259,0.27,-0.10,0.69,-28.56,-92.96,54.69,-32.01,-2.81,-62.15,1
g,2022-11-01 14:36:25.824070,0.51,0.38,1.23,-8.12,-97.41,40.16,-20.58,-2.29,-61.19,1
g,2022-11-01 14:36:25.841446,0.38,0.17,0.96,-22.40,-41.87,-19.96,-20.58,-2.29,-61.19,1
g,2022-11-01 14:36:25.860966,0.57,0.08,1.16,9.09,-48.77,-38.09,-12.24,-2.76,-66.49,1
g,2022-11-01 14:36:25.883290,0.55,0.08,1.17,35.52,-33.94,-44.25,-12.24,-2.76,-66.49,1
g,2022-11-01 14:36:25.901604,0.68,-0.10,1.11,59.39,-17.94,-41.87,-12.66,-2.28,-69.96,1
g,2022-11-01 14:36:25.922201,0.73,-0.28,1.08,60.67,5.31,-40.22,-12.66,-2.28,-69.96,1
g,2022-11-01 14:36:25.944622,0.75,-0.56,0.99,34.12,35.83,-26.86,-12.66,-2.28,-69.96,1
g,2022-11-01 14:36:25.963029,0.74,-0.57,0.81,15.26,44.80,-17.27,-15.98,-4.79,-69.10,1
g,2022-11-01 14:36:25.984527,0.70,-0.56,0.69,-19.10,77.76,-11.96,-15.98,-4.79,-69.10,1
g,2022-11-01 14:36:26.008195,0.40,-0.86,0.21,7.45,35.10,-0.31,-23.43,-6.60,-64.60,1
g,2022-11-01 14:36:26.024882,0.43,-0.55,0.39,-26.12,40.16,-0.73,-23.43,-6.60,-64.60,1
g,2022-11-01 14:36:26.044814,0.31,-0.51,0.43,-33.87,2.56,1.16,-23.43,-6.60,-64.60,1
g,2022-11-01 14:36:26.064382,0.24,-0.25,0.49,-17.64,-7.20,-3.97,-32.07,-5.02,-62.81,1
g,2022-11-01 14:36:26.083703,0.44,-0.31,0.55,-17.64,-18.01,-22.28,-32.07,-5.02,-62.81,1
g,2022-11-01 14:36:26.102936,-0.08,-0.24,0.19,-58.90,-18.92,-28.38,-32.82,-5.00,-63.99,1
g,2022-11-01 14:36:26.121406,0.18,-0.07,0.44,-42.24,-44.68,-45.59,-32.82,-5.00,-63.99,1
g,2022-11-01 14:36:26.141767,0.29,-0.25,0.68,-8.42,-52.80,-54.02,-32.82,-5.00,-63.99,1
g,2022-11-01 14:36:26.163422,0.50,-0.35,0.63,-6.23,-36.32,-49.68,-25.42,-7.68,-67.69,1
g,2022-11-01 14:36:26.180748,0.47,-0.52,0.69,-5.25,-31.37,-28.50,-25.42,-7.68,-67.69,1
g,2022-11-01 14:36:26.199216,0.62,-0.57,0.87,-9.64,-23.13,-11.41,-25.42,-7.68,-67.69,1
g,2022-11-01 14:36:26.219008,0.71,-0.67,0.90,-19.71,-18.74,9.16,-18.93,-6.97,-76.11,1
g,2022-11-01 14:36:26.239801,0.75,-0.59,0.95,-39.49,-6.90,24.17,-18.93,-6.97,-76.11,1
g,2022-11-01 14:36:26.257774,0.86,-0.82,0.94,1.53,-16.91,66.28,-15.76,-2.14,-80.52,1
g,2022-11-01 14:36:26.276441,0.77,-0.39,1.10,20.20,-4.33,129.39,-15.76,-2.14,-80.52,1
g,2022-11-01 14:36:26.295816,0.51,0.12,1.33,27.77,9.89,105.29,-15.76,-2.14,-80.52,1
g,2022-11-01 14:36:26.317866,0.53,0.16,1.27,19.04,27.89,62.13,-10.89,1.20,-76.26,1
g,2022-11-01 14:36:26.334283,-0.13,0.22,1.38,-11.41,49.19,10.25,-10.89,1.20,-76.26,1
g,2022-11-01 14:36:26.355244,-0.15,0.27,1.37,66.53,70.01,19.23,-11.30,-1.17,-73.88,1
g,2022-11-01 14:36:26.374067,0.04,0.20,1.14,115.91,116.09,-3.78,-11.30,-1.17,-73.88,1
