b,2022-10-31 14:55:31.509386,0.10,0.03,1.00,-0.67,-8.18,-1.77,-30.49,35.55,-133.52,1
b,2022-10-31 14:55:31.527573,0.12,0.01,0.98,7.63,-6.35,3.23,-30.63,36.51,-135.16,1
b,2022-10-31 14:55:31.545768,0.14,0.02,0.96,0.85,-6.04,2.26,-30.63,36.51,-135.16,1
b,2022-10-31 14:55:31.564088,0.09,0.06,1.00,-30.88,-6.96,-4.21,-30.63,36.51,-135.16,1
b,2022-10-31 14:55:31.583185,0.05,0.10,1.04,-2.14,-5.98,1.34,-30.29,36.72,-135.63,1
b,2022-10-31 14:55:31.601514,0.08,0.08,0.99,8.42,-2.50,7.93,-30.29,36.72,-135.63,1
b,2022-10-31 14:55:31.620447,0.11,0.08,0.97,8.00,-0.79,7.26,-30.29,36.72,-135.63,1
b,2022-10-31 14:55:31.638684,0.11,0.04,0.92,1.59,-0.85,0.24,-29.83,37.88,-134.94,1
b,2022-10-31 14:55:31.657035,0.04,0.03,0.96,-5.68,-3.97,0.85,-29.83,37.88,-134.94,1
b,2022-10-31 14:55:31.676358,0.00,0.04,0.95,-2.08,-5.00,4.58,-29.19,38.04,-134.99,1
b,2022-10-31 14:55:31.694043,-0.01,0.09,0.88,0.49,-6.04,6.04,-29.19,38.04,-134.99,1
b,2022-10-31 14:55:31.712417,-0.08,0.21,1.08,9.28,-7.02,-2.38,-29.19,38.04,-134.99,1
b,2022-10-31 14:55:31.730792,0.02,-0.03,0.90,2.50,5.07,2.69,-28.72,39.37,-134.03,1
b,2022-10-31 14:55:31.748797,0.01,0.08,0.90,-4.33,11.29,3.85,-28.72,39.37,-134.03,1
b,2022-10-31 14:55:31.767186,0.04,0.01,0.96,2.44,-15.44,2.56,-28.72,39.37,-134.03,1
b,2022-10-31 14:55:31.785542,0.02,0.05,0.82,0.79,-14.59,0.37,-28.23,39.50,-135.23,1
b,2022-10-31 14:55:31.804435,0.02,0.06,0.80,-4.94,-17.88,-1.10,-28.23,39.50,-135.23,1
b,2022-10-31 14:55:31.822079,0.01,0.09,0.88,-2.50,-22.34,3.85,-28.23,39.50,-135.23,1
b,2022-10-31 14:55:31.841394,0.00,0.13,0.94,-2.75,-23.86,5.62,-28.69,39.22,-135.41,1
b,2022-10-31 14:55:31.858703,0.01,0.11,0.95,-2.08,-27.34,4.94,-28.69,39.22,-135.41,1
b,2022-10-31 14:55:31.878425,0.01,0.12,0.95,-0.49,-27.22,4.33,-30.43,39.67,-136.91,1
b,2022-10-31 14:55:31.896429,0.02,0.16,0.92,1.71,-25.21,8.18,-30.43,39.67,-136.91,1
b,2022-10-31 14:55:31.914367,0.01,0.17,0.91,1.77,-22.71,7.57,-30.43,39.67,-136.91,1
b,2022-10-31 14:55:31.933444,-0.01,0.16,1.01,1.83,-23.01,2.38,-31.90,39.92,-139.25,1
b,2022-10-31 14:55:31.951747,-0.01,0.17,1.08,-2.93,-19.84,-3.60,-31.90,39.92,-139.25,1
b,2022-10-31 14:55:31.969295,-0.01,0.21,1.13,-1.95,-11.90,-6.59,-31.90,39.92,-139.25,1
b,2022-10-31 14:55:31.988528,0.00,0.21,1.09,-1.46,-4.76,-9.09,-33.73,40.33,-140.06,1
b,2022-10-31 14:55:32.005697,-0.00,0.24,1.08,-2.38,-1.34,-15.26,-33.73,40.33,-140.06,1
b,2022-10-31 14:55:32.024867,-0.02,0.21,1.13,-2.75,3.36,-24.23,-36.15,40.39,-142.90,1
b,2022-10-31 14:55:32.043372,0.02,0.21,1.09,-1.95,11.17,-29.91,-36.15,40.39,-142.90,1
b,2022-10-31 14:55:32.060762,0.02,0.11,1.10,9.64,13.98,-24.84,-36.15,40.39,-142.90,1
b,2022-10-31 14:55:32.079460,-0.02,0.01,1.13,16.36,14.95,-18.01,-37.96,40.64,-142.76,1
b,2022-10-31 14:55:32.097942,0.05,-0.01,1.08,21.00,17.40,-8.73,-37.96,40.64,-142.76,1
b,2022-10-31 14:55:32.116346,0.05,0.04,1.08,6.84,20.08,-21.12,-37.96,40.64,-142.76,1
b,2022-10-31 14:55:32.135414,-0.00,-0.05,1.01,-9.58,24.66,-24.72,-39.42,42.11,-143.10,1
b,2022-10-31 14:55:32.154514,0.03,-0.03,1.00,0.12,19.53,-14.59,-39.42,42.11,-143.10,1
b,2022-10-31 14:55:32.172302,0.04,-0.00,1.03,0.67,19.10,-12.15,-39.42,42.11,-143.10,1
b,2022-10-31 14:55:32.191082,0.05,-0.05,0.99,-0.31,21.30,-3.60,-39.29,41.80,-141.98,1
b,2022-10-31 14:55:32.209226,0.03,-0.05,0.97,2.75,19.41,6.77,-39.29,41.80,-141.98,1
b,2022-10-31 14:55:32.228808,0.05,-0.08,0.97,9.22,18.25,13.98,-37.41,41.85,-141.16,1
b,2022-10-31 14:55:32.246808,0.03,-0.08,0.91,6.10,16.91,18.98,-37.41,41.85,-141.16,1
b,2022-10-31 14:55:32.265269,0.02,-0.08,0.88,6.53,12.76,27.77,-37.41,41.85,-141.16,1
b,2022-10-31 14:55:32.284246,0.04,-0.13,0.83,2.81,9.89,33.08,-34.02,43.31,-139.29,1
b,2022-10-31 14:55:32.302530,-0.02,-0.03,0.83,-3.05,3.11,38.94,-34.02,43.31,-139.29,1
b,2022-10-31 14:55:32.320543,-0.01,0.12,0.84,-10.13,-2.50,35.40,-34.02,43.31,-139.29,1
b,2022-10-31 14:55:32.338900,0.01,0.16,0.84,-18.86,-5.74,20.75,-29.80,41.65,-136.41,1
b,2022-10-31 14:55:32.357249,-0.02,0.30,0.89,-34.06,-5.68,8.61,-29.80,41.65,-136.41,1
b,2022-10-31 14:55:32.376524,-0.10,0.38,0.96,-37.78,1.16,-1.46,-27.77,39.04,-138.57,1
b,2022-10-31 14:55:32.395364,-0.15,0.36,1.01,-25.39,9.16,-6.29,-27.77,39.04,-138.57,1
b,2022-10-31 14:55:32.413292,-0.19,0.34,1.07,10.31,28.20,-2.32,-27.77,39.04,-138.57,1
b,2022-10-31 14:55:32.432437,-0.10,0.22,1.03,36.50,36.80,1.89,-27.45,38.71,-138.50,1
b,2022-10-31 14:55:32.450321,0.01,0.07,0.94,48.58,37.29,0.85,-27.45,38.71,-138.50,1
b,2022-10-31 14:55:32.468566,0.06,-0.13,0.93,41.56,33.08,-2.26,-27.45,38.71,-138.50,1
b,2022-10-31 14:55:32.486746,0.08,-0.25,0.95,27.04,27.16,-4.33,-27.94,39.23,-137.35,1
b,2022-10-31 14:55:32.505233,0.15,-0.41,0.89,20.94,23.50,7.02,-27.94,39.23,-137.35,1
b,2022-10-31 14:55:32.523452,0.20,-0.51,0.80,16.42,17.76,18.07,-27.65,39.42,-136.61,1
b,2022-10-31 14:55:32.541912,0.23,-0.54,0.77,9.09,9.22,29.36,-27.65,39.42,-136.61,1
b,2022-10-31 14:55:32.560249,0.23,-0.51,0.77,-0.61,2.56,42.18,-27.65,39.42,-136.61,1
