B,2022-10-19 10:59:15.014983,-0.26,-0.73,0.76,-11.11,-10.13,79.83,87.63,-27.94,-151.93,1
B,2022-10-19 10:59:15.029058,-0.14,-0.66,0.64,-7.39,-10.74,87.28,87.63,-27.94,-151.93,1
B,2022-10-19 10:59:15.049810,-0.07,-0.60,0.59,-14.53,-13.06,87.28,60.67,-30.09,-142.71,1
B,2022-10-19 10:59:15.069398,-0.00,-0.58,0.55,-14.95,-21.67,88.32,60.67,-30.09,-142.71,1
B,2022-10-19 10:59:15.089385,0.02,-0.50,0.53,-22.34,-29.91,84.78,60.67,-30.09,-142.71,1
B,2022-10-19 10:59:15.109388,0.04,-0.49,0.54,-23.32,-33.94,84.53,40.98,-25.88,-136.65,1
B,2022-10-19 10:59:15.129375,0.08,-0.45,0.54,-23.38,-43.58,84.23,40.98,-25.88,-136.65,1
B,2022-10-19 10:59:15.149366,0.09,-0.46,0.54,-23.50,-51.57,84.59,28.12,-19.76,-133.74,1
B,2022-10-19 10:59:15.169361,0.09,-0.47,0.52,-29.36,-63.54,85.02,28.12,-19.76,-133.74,1
B,2022-10-19 10:59:15.189412,0.01,-0.45,0.63,-39.49,-80.38,81.48,28.12,-19.76,-133.74,1
B,2022-10-19 10:59:15.209419,-0.06,-0.47,0.47,-43.40,-85.39,89.90,21.42,-13.24,-132.92,1
B,2022-10-19 10:59:15.229408,-0.03,-0.34,0.59,-33.26,-96.86,98.39,21.42,-13.24,-132.92,1
B,2022-10-19 10:59:15.250168,-0.08,-0.30,0.54,-28.93,-102.72,104.98,17.74,-7.81,-133.87,1
B,2022-10-19 10:59:15.269749,-0.05,-0.36,0.53,-10.74,-112.61,107.60,17.74,-7.81,-133.87,1
B,2022-10-19 10:59:15.289824,-0.15,-0.45,0.65,-46.45,-127.87,101.50,17.74,-7.81,-133.87,1
B,2022-10-19 10:59:15.309840,-0.36,-0.41,0.76,-67.99,-129.09,100.59,15.16,-2.49,-133.48,1
B,2022-10-19 10:59:15.330569,-0.44,-0.36,0.78,-76.35,-127.56,100.10,15.16,-2.49,-133.48,1
B,2022-10-19 10:59:15.350127,-0.54,-0.26,0.90,-84.35,-122.13,95.28,14.71,1.32,-134.52,1
B,2022-10-19 10:59:15.370552,-0.48,-0.15,0.90,-81.18,-106.38,93.81,14.71,1.32,-134.52,1
B,2022-10-19 10:59:15.390553,-0.48,-0.01,0.79,-71.90,-109.13,82.58,14.71,1.32,-134.52,1
B,2022-10-19 10:59:15.410912,-0.47,-0.04,0.88,-67.87,-99.73,74.16,14.81,3.05,-135.57,1
B,2022-10-19 10:59:15.430912,-0.51,-0.09,0.88,-70.01,-97.84,62.74,14.81,3.05,-135.57,1
B,2022-10-19 10:59:15.450904,-0.58,-0.05,0.92,-69.70,-89.84,51.82,14.31,3.98,-137.45,1
B,2022-10-19 10:59:15.470903,-0.62,-0.02,0.91,-59.75,-79.65,46.08,14.31,3.98,-137.45,1
B,2022-10-19 10:59:15.490895,-0.63,-0.05,0.95,-56.64,-77.03,34.73,14.31,3.98,-137.45,1
B,2022-10-19 10:59:15.510902,-0.62,-0.01,0.93,-50.42,-61.83,24.66,14.09,4.04,-139.51,1
B,2022-10-19 10:59:15.526319,-0.66,-0.04,0.93,-68.30,-62.62,14.28,14.09,4.04,-139.51,1
B,2022-10-19 10:59:15.541434,-0.69,-0.06,0.96,-61.40,-58.72,8.12,14.09,4.04,-139.51,1
B,2022-10-19 10:59:15.561877,-0.74,0.00,1.00,-56.34,-48.40,0.00,13.55,4.33,-140.19,1
B,2022-10-19 10:59:15.581911,-0.81,0.02,1.03,-65.19,-36.68,-4.58,13.55,4.33,-140.19,1
B,2022-10-19 10:59:15.601908,-0.78,0.05,0.99,-49.44,-21.67,-9.16,13.07,3.10,-141.58,1
B,2022-10-19 10:59:15.621901,-0.67,0.08,0.89,-16.60,-4.21,-17.64,13.07,3.10,-141.58,1
B,2022-10-19 10:59:15.641899,-0.57,0.07,0.82,-0.24,2.08,-19.96,13.07,3.10,-141.58,1
B,2022-10-19 10:59:15.661891,-0.48,0.06,0.73,14.04,5.55,-21.73,12.59,2.48,-141.88,1
B,2022-10-19 10:59:15.681882,-0.40,0.05,0.65,24.23,2.69,-28.20,12.59,2.48,-141.88,1
B,2022-10-19 10:59:15.701875,-0.41,0.05,0.66,9.89,-0.31,-39.92,12.44,2.26,-142.98,1
B,2022-10-19 10:59:15.722129,-0.47,0.04,0.74,3.60,-4.88,-53.28,12.44,2.26,-142.98,1
B,2022-10-19 10:59:15.742141,-0.50,0.01,0.76,6.84,-4.94,-58.96,12.44,2.26,-142.98,1
B,2022-10-19 10:59:15.762135,-0.59,0.00,0.86,-5.37,-4.70,-75.44,10.91,1.18,-141.03,1
B,2022-10-19 10:59:15.782676,-0.60,0.01,0.89,-11.72,1.22,-86.06,10.91,1.18,-141.03,1
B,2022-10-19 10:59:15.802676,-0.65,0.03,0.94,-16.48,1.22,-95.89,9.70,-0.96,-141.60,1
B,2022-10-19 10:59:15.823303,-0.69,0.04,0.95,-1.71,4.33,-98.45,9.70,-0.96,-141.60,1
B,2022-10-19 10:59:15.842895,-0.73,0.06,0.99,5.31,7.57,-96.44,9.70,-0.96,-141.60,1
B,2022-10-19 10:59:15.862887,-0.73,0.08,0.97,33.39,14.95,-90.33,9.13,-3.03,-140.78,1
B,2022-10-19 10:59:15.882880,-0.74,0.07,0.94,44.01,17.52,-89.11,9.13,-3.03,-140.78,1
B,2022-10-19 10:59:15.903320,-0.78,0.05,0.93,50.48,22.83,-90.09,8.72,-3.88,-139.94,1
B,2022-10-19 10:59:15.923912,-0.73,0.04,0.85,70.13,36.68,-88.07,8.72,-3.88,-139.94,1
B,2022-10-19 10:59:15.943542,-0.66,0.01,0.75,71.84,45.41,-92.35,8.72,-3.88,-139.94,1
B,2022-10-19 10:59:15.963618,-0.61,0.00,0.70,65.06,46.69,-95.76,8.78,-5.59,-138.02,1
B,2022-10-19 10:59:15.973676,-0.58,-0.02,0.68,61.22,45.90,-96.50,8.78,-5.59,-138.02,1
B,2022-10-19 10:59:16.003607,-0.56,-0.00,0.66,59.51,45.84,-95.76,9.88,-8.15,-136.25,1
B,2022-10-19 10:59:16.013678,-0.53,0.03,0.66,62.01,43.21,-97.17,9.88,-8.15,-136.25,1
B,2022-10-19 10:59:16.039662,-0.52,0.07,0.67,53.77,41.50,-103.88,9.88,-8.15,-136.25,1
B,2022-10-19 10:59:16.054565,-0.52,0.07,0.70,47.55,37.17,-114.69,10.79,-9.62,-136.22,1
B,2022-10-19 10:59:16.082144,-0.55,0.00,0.75,48.83,32.59,-113.10,10.79,-9.62,-136.22,1
