G,2022-10-20 19:03:27.112732,-0.14,0.08,0.97,-2.93,6.53,2.50,29.85,27.73,-108.46,1
G,2022-10-20 19:03:27.130715,-0.10,0.03,0.93,-3.72,6.41,8.54,29.85,27.73,-108.46,1
G,2022-10-20 19:03:27.149564,-0.12,0.08,0.94,2.81,4.03,15.99,32.70,28.05,-107.91,1
G,2022-10-20 19:03:27.167539,-0.13,0.07,0.91,6.59,4.03,19.96,32.70,28.05,-107.91,1
G,2022-10-20 19:03:27.186528,-0.17,0.05,0.84,7.51,1.95,25.76,37.10,29.82,-108.14,1
G,2022-10-20 19:03:27.204592,-0.17,0.09,0.81,40.22,10.07,33.26,37.10,29.82,-108.14,1
G,2022-10-20 19:03:27.222877,-0.12,0.01,0.85,19.47,5.31,27.28,37.10,29.82,-108.14,1
G,2022-10-20 19:03:27.241865,-0.14,0.07,0.80,-5.13,-2.62,18.92,39.50,32.79,-107.60,1
G,2022-10-20 19:03:27.259716,-0.13,0.06,0.80,-13.00,-28.20,13.98,39.50,32.79,-107.60,1
G,2022-10-20 19:03:27.277761,-0.14,0.08,0.76,-25.70,-25.94,16.30,39.50,32.79,-107.60,1
G,2022-10-20 19:03:27.296723,-0.20,0.11,0.77,-36.25,-29.17,16.78,39.14,33.18,-110.93,1
G,2022-10-20 19:03:27.314746,-0.17,0.18,0.75,-39.61,-34.06,18.92,39.14,33.18,-110.93,1
G,2022-10-20 19:03:27.333665,-0.21,0.23,0.76,-34.12,-41.26,19.96,34.91,32.36,-117.92,1
G,2022-10-20 19:03:27.351861,-0.25,0.30,0.90,-26.43,-46.75,15.08,34.91,32.36,-117.92,1
G,2022-10-20 19:03:27.369750,-0.30,0.42,0.94,-22.77,-43.33,3.23,34.91,32.36,-117.92,1
G,2022-10-20 19:03:27.388814,-0.32,0.42,1.06,-19.17,-38.94,-9.58,24.80,33.15,-123.40,1
G,2022-10-20 19:03:27.406929,-0.31,0.48,1.13,-10.44,-28.81,-16.78,24.80,33.15,-123.40,1
G,2022-10-20 19:03:27.424743,-0.33,0.45,1.19,4.21,-12.94,-18.13,24.80,33.15,-123.40,1
G,2022-10-20 19:03:27.443732,-0.31,0.39,1.23,32.41,-2.38,-15.99,15.45,33.61,-125.34,1
G,2022-10-20 19:03:27.461759,-0.29,0.33,1.23,47.06,8.12,-16.66,15.45,33.61,-125.34,1
G,2022-10-20 19:03:27.479832,-0.26,0.21,1.20,60.79,18.01,-17.64,15.45,33.61,-125.34,1
G,2022-10-20 19:03:27.498619,-0.21,0.06,1.15,73.30,26.43,-13.79,13.71,34.00,-123.22,1
G,2022-10-20 19:03:27.516671,-0.16,-0.13,0.90,56.46,34.12,-8.54,13.71,34.00,-123.22,1
G,2022-10-20 19:03:27.535870,-0.12,-0.21,0.85,24.96,25.02,-10.44,17.69,33.63,-120.98,1
G,2022-10-20 19:03:27.553595,-0.11,-0.22,0.73,7.51,8.91,-5.49,17.69,33.63,-120.98,1
G,2022-10-20 19:03:27.571976,-0.12,-0.19,0.67,-2.81,-7.63,2.56,17.69,33.63,-120.98,1
G,2022-10-20 19:03:27.590822,-0.24,-0.06,0.79,-38.09,-8.85,-10.93,18.69,32.70,-120.29,1
G,2022-10-20 19:03:27.608704,-0.17,0.16,0.48,-65.06,7.26,-16.78,18.69,32.70,-120.29,1
G,2022-10-20 19:03:27.626778,-0.19,0.08,0.63,-51.76,-23.62,-24.90,18.69,32.70,-120.29,1
G,2022-10-20 19:03:27.645721,-0.18,0.16,0.68,-40.34,-38.76,-25.76,15.61,29.66,-122.16,1
G,2022-10-20 19:03:27.663789,-0.23,0.14,0.82,-1.22,-46.69,-9.95,15.61,29.66,-122.16,1
G,2022-10-20 19:03:27.682666,-0.28,0.23,0.90,10.13,-38.15,1.40,6.18,31.12,-122.99,1
G,2022-10-20 19:03:27.700534,-0.29,0.17,1.00,18.62,-30.58,1.16,6.18,31.12,-122.99,1
G,2022-10-20 19:03:27.718632,-0.29,0.13,1.11,14.47,-21.61,-0.85,6.18,31.12,-122.99,1
G,2022-10-20 19:03:27.737688,-0.31,0.13,1.15,4.82,-13.98,-1.71,-1.64,33.06,-123.43,1
G,2022-10-20 19:03:27.755797,-0.33,0.22,1.24,-15.50,-3.48,-5.00,-1.64,33.06,-123.43,1
G,2022-10-20 19:03:27.773632,-0.28,0.30,1.12,-16.30,3.66,-1.71,-1.64,33.06,-123.43,1
G,2022-10-20 19:03:27.792805,-0.43,0.19,1.28,-0.49,-2.50,8.79,-2.16,31.46,-123.36,1
G,2022-10-20 19:03:27.810776,-0.51,0.36,1.11,-15.81,26.31,1.83,-2.16,31.46,-123.36,1
G,2022-10-20 19:03:27.828576,-0.43,0.27,1.13,46.57,30.09,20.26,-2.16,31.46,-123.36,1
G,2022-10-20 19:03:27.847319,-0.30,0.19,0.97,56.82,26.86,22.28,3.41,31.31,-123.41,1
G,2022-10-20 19:03:27.865619,-0.26,0.11,0.90,48.83,24.96,16.17,3.41,31.31,-123.41,1
G,2022-10-20 19:03:27.884697,-0.27,0.06,0.88,27.59,22.95,4.15,9.90,30.92,-118.81,1
G,2022-10-20 19:03:27.902448,-0.24,0.11,0.84,17.15,19.35,0.73,9.90,30.92,-118.81,1
G,2022-10-20 19:03:27.920367,-0.20,0.22,0.82,21.67,14.71,0.24,9.90,30.92,-118.81,1
G,2022-10-20 19:03:27.939580,-0.18,0.24,0.84,34.36,10.68,-0.12,13.88,29.63,-114.23,1
G,2022-10-20 19:03:27.957707,-0.16,0.21,0.84,39.31,8.85,-1.46,13.88,29.63,-114.23,1
G,2022-10-20 19:03:27.975482,-0.14,0.17,0.84,39.12,6.59,-6.47,13.88,29.63,-114.23,1
