O,2022-11-08 16:32:50.982181,-1.245048,9.706589,-2.250664,0.267571,-0.799762,0.302951,35.549003,29.668584,-37.493522,1
O,2022-11-08 16:32:51.079028,-1.163641,9.242090,-2.087850,-0.306483,0.132358,0.398027,18.042459,50.526496,-33.346775,1
O,2022-11-08 16:32:51.171836,0.608158,8.279572,-1.877150,0.644147,0.154330,1.009632,11.611484,79.655654,-31.618961,1
O,2022-11-08 16:32:51.267892,3.036002,6.526926,-1.676027,0.037869,0.686970,0.493503,32.869430,49.627449,-34.901805,1
O,2022-11-08 16:32:51.364579,4.683297,12.445695,-3.826129,-1.151783,-0.688840,-1.373135,32.869430,49.627449,-34.901805,1
O,2022-11-08 16:32:51.461025,-1.608985,12.292458,-2.336860,0.033608,-0.704952,-0.826779,14.648333,-10.428957,-16.241434,1
O,2022-11-08 16:32:51.557608,-3.251492,8.456751,-0.627313,0.864394,0.243947,1.056504,3.215488,45.312019,23.843807,1
O,2022-11-08 16:32:51.637334,4.783859,7.283533,0.287319,-0.211273,0.296678,0.055806,13.397866,71.384414,-26.435525,1
O,2022-11-08 16:32:51.731037,0.095773,8.768013,-4.170912,-0.186239,-0.292156,-1.222930,13.397866,71.384414,-26.435525,1
O,2022-11-08 16:32:51.831679,-0.828436,8.988291,-3.663315,-0.292900,-0.261929,-0.593349,18.578372,26.252201,-29.027244,1
