H,2022-10-21 13:40:14.801041,-0.12,0.68,0.76,5.00,7.20,-15.08,35.85,31.09,-33.86,1
H,2022-10-21 13:40:14.820524,-0.13,0.68,0.75,2.99,8.24,-13.49,34.25,32.45,-35.83,1
H,2022-10-21 13:40:14.838033,-0.12,0.63,0.76,-1.65,8.42,-10.93,34.25,32.45,-35.83,1
H,2022-10-21 13:40:14.857073,-0.12,0.63,0.75,-5.13,9.09,-10.01,34.25,32.45,-35.83,1
H,2022-10-21 13:40:14.879050,-0.11,0.63,0.73,-5.62,9.52,-9.64,32.39,33.94,-35.28,1
H,2022-10-21 13:40:14.896445,-0.13,0.60,0.74,-5.43,13.85,-9.34,32.39,33.94,-35.28,1
H,2022-10-21 13:40:14.916191,-0.11,0.60,0.73,-2.75,17.09,-8.18,30.93,34.79,-34.99,1
H,2022-10-21 13:40:14.934724,-0.09,0.55,0.70,-3.23,21.12,-9.46,30.93,34.79,-34.99,1
H,2022-10-21 13:40:14.952271,-0.03,0.57,0.70,-7.69,17.94,-5.86,30.93,34.79,-34.99,1
H,2022-10-21 13:40:14.971600,-0.04,0.58,0.65,-12.82,15.69,-2.26,30.52,36.13,-35.51,1
H,2022-10-21 13:40:14.992263,-0.08,0.56,0.63,-11.17,13.18,4.33,30.52,36.13,-35.51,1
H,2022-10-21 13:40:15.010969,-0.09,0.56,0.63,-9.46,8.97,11.05,30.52,36.13,-35.51,1
H,2022-10-21 13:40:15.029693,-0.09,0.57,0.62,-14.65,6.59,11.41,30.66,36.61,-35.06,1
H,2022-10-21 13:40:15.046637,-0.12,0.62,0.65,-16.05,2.62,10.74,30.66,36.61,-35.06,1
H,2022-10-21 13:40:15.065841,-0.19,0.77,0.70,30.58,2.81,-15.38,30.66,36.61,-35.06,1
H,2022-10-21 13:40:15.084873,-0.09,0.85,0.62,24.84,10.68,-3.48,32.93,38.50,-33.84,1
H,2022-10-21 13:40:15.102883,-0.07,0.46,0.65,18.43,14.10,-2.87,32.93,38.50,-33.84,1
H,2022-10-21 13:40:15.125044,-0.06,0.57,0.67,-6.35,9.52,-7.02,33.02,37.62,-34.12,1
H,2022-10-21 13:40:15.145019,-0.12,0.65,0.69,0.67,-11.60,1.59,33.02,37.62,-34.12,1
H,2022-10-21 13:40:15.163737,-0.13,0.55,0.63,26.79,-25.27,18.37,33.02,37.62,-34.12,1
H,2022-10-21 13:40:15.182616,-0.10,0.60,0.61,13.31,-33.45,28.14,34.03,38.38,-34.28,1
H,2022-10-21 13:40:15.200158,-0.09,0.59,0.64,17.09,-37.96,32.71,34.03,38.38,-34.28,1
H,2022-10-21 13:40:15.219596,-0.09,0.64,0.65,6.10,-41.81,32.65,36.38,38.10,-36.29,1
H,2022-10-21 13:40:15.237313,-0.10,0.68,0.67,-4.52,-48.16,35.71,36.38,38.10,-36.29,1
H,2022-10-21 13:40:15.256565,-0.16,0.76,0.74,4.76,-48.16,34.36,36.38,38.10,-36.29,1
H,2022-10-21 13:40:15.277761,-0.23,0.79,0.77,13.85,-42.85,32.59,38.48,38.82,-38.83,1
H,2022-10-21 13:40:15.297729,-0.28,0.78,0.81,19.17,-15.01,27.95,38.48,38.82,-38.83,1
H,2022-10-21 13:40:15.314618,-0.29,0.72,0.89,22.71,1.04,25.76,38.48,38.82,-38.83,1
H,2022-10-21 13:40:15.333184,-0.28,0.67,0.93,17.33,10.13,24.60,39.32,38.71,-40.54,1
H,2022-10-21 13:40:15.351017,-0.21,0.58,0.95,18.80,7.08,24.66,39.32,38.71,-40.54,1
H,2022-10-21 13:40:15.369300,-0.26,0.37,0.83,21.55,0.24,4.70,38.73,39.33,-39.25,1
H,2022-10-21 13:40:15.388329,-0.34,0.64,0.79,-21.42,38.33,-36.99,38.73,39.33,-39.25,1
H,2022-10-21 13:40:15.411545,-0.24,0.70,0.81,-11.60,48.03,-27.95,38.73,39.33,-39.25,1
H,2022-10-21 13:40:15.430903,-0.20,0.54,0.79,5.49,40.77,-18.62,36.46,39.47,-39.29,1
H,2022-10-21 13:40:15.449583,-0.10,0.49,0.74,16.78,30.27,-9.77,36.46,39.47,-39.29,1
H,2022-10-21 13:40:15.467621,-0.07,0.48,0.68,3.11,23.99,-2.26,36.46,39.47,-39.29,1
H,2022-10-21 13:40:15.487014,-0.05,0.53,0.65,-14.04,19.78,0.67,35.10,38.82,-36.44,1
H,2022-10-21 13:40:15.506593,-0.00,0.60,0.62,-17.21,5.00,2.87,35.10,38.82,-36.44,1
H,2022-10-21 13:40:15.526588,-0.31,0.76,0.60,-0.12,-14.10,-2.81,34.83,39.12,-36.04,1
H,2022-10-21 13:40:15.545044,-0.13,0.84,0.61,30.52,-2.75,4.58,34.83,39.12,-36.04,1
H,2022-10-21 13:40:15.565073,-0.04,0.57,0.61,23.99,-1.71,0.73,34.83,39.12,-36.04,1
H,2022-10-21 13:40:15.582484,0.00,0.58,0.63,-1.65,-9.40,-19.17,34.70,39.58,-37.49,1
H,2022-10-21 13:40:15.600884,-0.07,0.67,0.65,-21.18,-20.08,-31.80,34.70,39.58,-37.49,1
H,2022-10-21 13:40:15.617856,-0.14,0.69,0.70,-24.54,-25.88,-31.07,34.70,39.58,-37.49,1
H,2022-10-21 13:40:15.638458,-0.24,0.67,0.72,-25.27,-22.40,-23.86,34.29,42.00,-37.84,1
H,2022-10-21 13:40:15.660405,-0.27,0.62,0.83,-18.13,-7.32,-6.96,34.29,42.00,-37.84,1
H,2022-10-21 13:40:15.678424,-0.28,0.59,0.89,-13.31,0.12,2.69,33.08,44.13,-41.52,1
H,2022-10-21 13:40:15.697556,-0.23,0.54,0.90,-12.21,2.38,9.16,33.08,44.13,-41.52,1
H,2022-10-21 13:40:15.716341,-0.30,0.52,0.86,-15.99,8.24,-9.58,33.08,44.13,-41.52,1
H,2022-10-21 13:40:15.734432,-0.25,0.77,0.87,-20.39,20.45,-17.70,31.71,44.17,-42.88,1
H,2022-10-21 13:40:15.753441,-0.15,0.66,0.80,1.83,22.28,-14.77,31.71,44.17,-42.88,1
H,2022-10-21 13:40:15.773105,-0.08,0.64,0.73,1.65,21.55,-22.22,29.91,42.93,-40.47,1
H,2022-10-21 13:40:15.792570,-0.02,0.61,0.67,-10.19,22.03,-23.99,29.91,42.93,-40.47,1
H,2022-10-21 13:40:15.810552,0.02,0.63,0.66,-13.31,20.32,-20.63,29.91,42.93,-40.47,1
H,2022-10-21 13:40:15.830532,0.06,0.62,0.62,-6.84,15.63,-12.70,28.49,42.00,-39.81,1
H,2022-10-21 13:40:15.847521,0.06,0.55,0.60,-5.74,9.09,-2.87,28.49,42.00,-39.81,1
H,2022-10-21 13:40:15.866815,0.01,0.55,0.58,-11.72,7.51,1.10,28.49,42.00,-39.81,1
H,2022-10-21 13:40:15.885385,-0.08,0.56,0.58,-25.39,5.80,4.09,28.06,43.20,-39.59,1
H,2022-10-21 13:40:15.903021,-0.92,0.51,0.56,-21.06,-2.26,3.60,28.06,43.20,-39.59,1
H,2022-10-21 13:40:15.922984,-0.09,1.04,0.69,-10.50,6.41,-3.05,28.06,43.20,-39.59,1
H,2022-10-21 13:40:15.944034,-0.05,0.62,0.65,7.75,10.62,-4.27,29.37,43.80,-39.33,1
H,2022-10-21 13:40:15.962572,-0.07,0.67,0.64,-10.74,0.73,0.85,29.37,43.80,-39.33,1
H,2022-10-21 13:40:15.983067,-0.11,0.58,0.60,1.28,-18.86,16.30,30.46,43.79,-40.39,1
H,2022-10-21 13:40:15.999240,-0.15,0.55,0.60,-4.70,-30.70,34.42,30.46,43.79,-40.39,1
H,2022-10-21 13:40:16.016613,-0.12,0.56,0.60,-6.41,-37.66,40.77,30.46,43.79,-40.39,1
H,2022-10-21 13:40:16.036131,-0.09,0.53,0.62,4.33,-48.65,48.77,32.56,43.71,-41.22,1
H,2022-10-21 13:40:16.055006,-0.10,0.58,0.61,1.40,-55.36,45.35,32.56,43.71,-41.22,1
H,2022-10-21 13:40:16.073386,-0.12,0.69,0.67,-11.90,-57.13,34.67,32.56,43.71,-41.22,1
H,2022-10-21 13:40:16.094395,-0.21,0.88,0.72,-13.00,-43.88,25.76,36.10,43.01,-43.71,1
H,2022-10-21 13:40:16.112624,-0.28,0.86,0.75,-5.55,-23.25,21.24,36.10,43.01,-43.71,1
H,2022-10-21 13:40:16.131688,-0.27,0.80,0.79,-3.23,-8.97,16.36,38.61,44.23,-46.72,1
H,2022-10-21 13:40:16.150454,-0.25,0.75,0.77,-1.77,-0.12,11.29,38.61,44.23,-46.72,1
H,2022-10-21 13:40:16.170290,-0.25,0.75,0.75,-5.92,3.42,6.10,38.61,44.23,-46.72,1
H,2022-10-21 13:40:16.190389,-0.28,0.76,0.71,-3.17,3.48,6.41,39.10,43.64,-47.20,1
H,2022-10-21 13:40:16.210367,-0.31,0.73,0.66,13.61,9.77,11.78,39.10,43.64,-47.20,1
H,2022-10-21 13:40:16.228387,-0.28,0.67,0.63,20.08,19.23,5.68,38.42,42.86,-45.21,1
H,2022-10-21 13:40:16.247468,-0.26,0.68,0.67,11.29,21.48,-4.33,38.42,42.86,-45.21,1
H,2022-10-21 13:40:16.263792,-0.26,0.70,0.67,15.93,10.93,-13.00,38.42,42.86,-45.21,1
H,2022-10-21 13:40:16.282311,-0.25,0.66,0.65,24.41,6.59,-14.77,36.60,42.19,-46.14,1
H,2022-10-21 13:40:16.300597,-0.24,0.65,0.63,19.78,5.43,-10.56,36.60,42.19,-46.14,1
H,2022-10-21 13:40:16.317367,-0.26,0.64,0.64,21.18,4.88,-4.94,36.60,42.19,-46.14,1
H,2022-10-21 13:40:16.336469,-0.26,0.62,0.65,22.83,4.94,-1.95,35.28,41.00,-43.74,1
H,2022-10-21 13:40:16.355137,-0.28,0.60,0.66,23.38,5.43,0.67,35.28,41.00,-43.74,1
H,2022-10-21 13:40:16.375182,-0.28,0.57,0.69,20.94,6.90,1.28,35.28,41.00,-43.74,1
H,2022-10-21 13:40:16.395487,-0.29,0.56,0.75,21.61,9.89,3.78,32.95,39.14,-42.21,1
