Y,2022-11-05 20:40:51.688170,0.411824,10.305170,-1.245048,0.198258,0.054377,0.116198,-10.718293,11.148196,-5.874561,1
Y,2022-11-05 20:40:51.784441,3.701624,11.483177,2.801359,-0.241969,-0.160410,0.473600,-11.611484,16.003053,-5.701780,1
Y,2022-11-05 20:40:51.879590,1.781377,8.791957,-0.703931,-0.392041,-0.227789,-0.344269,-10.003740,17.980960,-7.256811,1
Y,2022-11-05 20:40:51.975225,-0.426190,12.316402,-1.915459,-0.366474,-0.161342,-0.130281,-12.683313,11.687624,-0.863906,1
Y,2022-11-05 20:40:52.070491,1.671238,10.233340,-0.253798,-0.098156,0.067693,-0.460651,-12.683313,11.687624,-0.863906,1
Y,2022-11-05 20:40:52.167036,0.421401,8.557313,-0.708720,0.050717,-0.536587,-0.222028,-11.075570,9.709719,-2.764499,1
Y,2022-11-05 20:40:52.261174,-0.081407,9.127162,-0.890688,0.589882,-0.245499,0.698773,-6.252337,21.756961,-2.246156,1
Y,2022-11-05 20:40:52.356717,0.143659,10.209397,-1.441383,-0.155016,0.575832,0.408085,-9.110548,18.160770,-0.172781,1
Y,2022-11-05 20:40:52.451675,3.433460,10.439251,-1.345610,0.265637,-0.193167,0.108342,-9.110548,18.160770,-0.172781,1
Y,2022-11-05 20:40:52.547156,0.828436,9.098430,-0.646467,0.230882,-0.006743,0.401693,-11.968760,12.047244,0.518344,1
Y,2022-11-05 20:40:52.641516,1.154064,10.372211,-1.067868,-0.152619,0.223491,-0.301525,-11.611484,10.608767,0.863906,1
Y,2022-11-05 20:40:52.721299,1.628140,12.134433,-1.671238,0.015030,0.175020,0.152817,-16.434715,2.157715,0.691125,1
Y,2022-11-05 20:40:52.816764,4.003309,10.262072,0.402246,0.721311,0.252653,-0.956140,-15.184247,3.776002,-0.518344,1
