U,2022-10-25 13:54:41.505402,0.23,-0.07,0.91,-6.77,13.37,0.85,-25.56,105.74,-19.73,1
U,2022-10-25 13:54:41.536634,0.23,-0.06,0.91,-5.80,9.03,3.11,-25.56,105.74,-19.73,1
U,2022-10-25 13:54:41.552261,0.23,-0.03,0.91,-8.06,4.09,1.53,-25.56,105.74,-19.73,1
U,2022-10-25 13:54:41.567886,0.22,-0.03,0.87,-8.67,3.23,-1.04,-26.17,105.92,-20.07,1
U,2022-10-25 13:54:41.583535,0.26,0.00,0.82,-6.96,-2.32,-1.16,-26.17,105.92,-20.07,1
U,2022-10-25 13:54:41.599156,-0.74,0.01,1.13,-10.38,-8.79,-6.71,-26.56,105.83,-20.80,1
U,2022-10-25 13:54:41.614786,0.18,-0.08,0.90,5.80,4.21,-5.37,-26.56,105.83,-20.80,1
U,2022-10-25 13:54:41.646015,0.20,-0.04,0.91,-4.64,10.19,-7.20,-26.56,105.83,-20.80,1
U,2022-10-25 13:54:41.661644,0.20,-0.03,0.92,-7.51,16.85,-8.00,-26.11,105.99,-20.39,1
U,2022-10-25 13:54:41.677286,0.17,-0.00,0.85,-3.97,18.74,-6.35,-26.11,105.99,-20.39,1
U,2022-10-25 13:54:41.692915,0.16,-0.01,0.84,3.97,-4.15,-4.15,-26.11,105.99,-20.39,1
U,2022-10-25 13:54:41.708537,0.17,-0.04,0.85,5.55,-12.33,-4.70,-26.40,105.74,-19.47,1
U,2022-10-25 13:54:41.724163,0.18,-0.06,0.86,2.62,-18.43,-5.92,-26.40,105.74,-19.47,1
U,2022-10-25 13:54:41.755403,0.15,-0.02,0.85,0.92,-22.28,-6.10,-24.12,104.60,-17.85,1
U,2022-10-25 13:54:41.771024,0.16,0.02,0.87,3.85,-28.50,-5.07,-24.12,104.60,-17.85,1
U,2022-10-25 13:54:41.786667,0.15,0.03,0.88,9.70,-29.91,-3.48,-24.12,104.60,-17.85,1
U,2022-10-25 13:54:41.802275,0.16,0.03,0.91,13.12,-28.87,-4.52,-21.40,103.97,-14.17,1
U,2022-10-25 13:54:41.817918,0.16,0.04,0.96,12.33,-26.55,-8.54,-21.40,103.97,-14.17,1
U,2022-10-25 13:54:41.849152,0.16,0.05,0.98,8.97,-25.88,-17.88,-21.40,103.97,-14.17,1
U,2022-10-25 13:54:41.864777,0.17,0.06,1.05,7.20,-23.74,-25.27,-17.76,102.92,-11.00,1
U,2022-10-25 13:54:41.880425,0.17,0.05,1.08,9.46,-19.65,-28.93,-17.76,102.92,-11.00,1
U,2022-10-25 13:54:41.896048,0.18,0.06,1.10,9.52,-13.85,-34.97,-17.76,102.92,-11.00,1
U,2022-10-25 13:54:41.911674,0.17,-0.02,1.14,7.75,-7.26,-37.78,-15.17,103.69,-8.48,1
U,2022-10-25 13:54:41.927303,0.18,-0.16,1.17,21.36,-5.37,-23.07,-15.17,103.69,-8.48,1
U,2022-10-25 13:54:41.958532,0.16,-0.33,1.16,42.60,-4.09,1.16,-14.95,105.36,-5.57,1
U,2022-10-25 13:54:41.974159,0.15,-0.41,1.07,54.99,-7.39,23.13,-14.95,105.36,-5.57,1
U,2022-10-25 13:54:41.989803,0.19,-0.17,1.21,25.51,-19.29,11.60,-14.95,105.36,-5.57,1
U,2022-10-25 13:54:42.021036,0.13,-0.22,1.05,-20.32,21.79,-32.71,-15.81,105.59,-6.07,1
U,2022-10-25 13:54:42.036665,0.19,-0.14,1.17,-22.34,21.12,-32.10,-15.81,105.59,-6.07,1
U,2022-10-25 13:54:42.052295,0.16,-0.10,1.08,-10.38,25.15,-18.68,-15.81,105.59,-6.07,1
U,2022-10-25 13:54:42.067933,0.18,-0.12,1.10,3.11,23.62,-9.09,-19.15,108.84,-8.31,1
U,2022-10-25 13:54:42.083562,0.18,-0.15,1.05,12.21,24.66,2.14,-19.15,108.84,-8.31,1
U,2022-10-25 13:54:42.099185,0.17,-0.16,1.00,15.50,25.02,8.30,-24.58,110.06,-10.57,1
U,2022-10-25 13:54:42.130416,0.17,-0.17,0.95,7.69,27.59,2.99,-24.58,110.06,-10.57,1
U,2022-10-25 13:54:42.146043,0.16,-0.20,0.90,-0.18,26.79,-1.83,-24.58,110.06,-10.57,1
U,2022-10-25 13:54:42.161692,0.15,-0.19,0.86,-5.92,23.01,-2.44,-30.32,112.44,-14.84,1
U,2022-10-25 13:54:42.177313,0.14,-0.20,0.85,-6.53,13.06,3.48,-30.32,112.44,-14.84,1
U,2022-10-25 13:54:42.192943,0.13,-0.13,0.79,-6.84,4.88,7.08,-30.32,112.44,-14.84,1
U,2022-10-25 13:54:42.224189,0.11,-0.09,0.74,-10.38,-1.95,4.82,-33.67,113.15,-18.75,1
U,2022-10-25 13:54:42.239799,0.10,-0.06,0.80,-15.44,-7.93,-0.12,-33.67,113.15,-18.75,1
U,2022-10-25 13:54:42.255443,-0.06,-0.00,0.83,-22.52,6.04,-6.16,-34.20,113.35,-21.35,1
U,2022-10-25 13:54:42.271072,-0.08,0.08,0.89,-11.11,6.59,-4.82,-34.20,113.35,-21.35,1
U,2022-10-25 13:54:42.286677,0.03,0.05,0.86,-4.82,17.82,-8.67,-34.20,113.35,-21.35,1
U,2022-10-25 13:54:42.317927,0.14,0.05,0.82,-3.66,19.23,-12.57,-34.16,113.01,-24.37,1
U,2022-10-25 13:54:42.333554,0.25,0.06,0.80,-2.75,10.13,-15.38,-34.16,113.01,-24.37,1
U,2022-10-25 13:54:42.349182,0.27,0.04,0.83,-0.24,0.37,-14.16,-34.16,113.01,-24.37,1
U,2022-10-25 13:54:42.372926,0.32,0.04,0.82,8.91,-6.47,-9.70,-32.57,112.16,-23.88,1
U,2022-10-25 13:54:42.388558,0.34,0.06,0.85,14.47,-14.28,-9.95,-32.57,112.16,-23.88,1
U,2022-10-25 13:54:42.404186,0.32,-0.01,0.88,20.45,-20.08,-13.00,-31.95,112.61,-21.13,1
U,2022-10-25 13:54:42.419829,0.30,-0.07,0.93,27.71,-22.22,-12.08,-31.95,112.61,-21.13,1
U,2022-10-25 13:54:42.435437,0.30,-0.16,0.96,25.45,-20.63,-14.95,-31.95,112.61,-21.13,1
U,2022-10-25 13:54:42.451080,0.26,-0.21,0.99,20.69,-20.08,-11.47,-32.30,113.45,-18.40,1
U,2022-10-25 13:54:42.482315,0.27,-0.22,0.99,19.78,-20.14,-2.93,-32.30,113.45,-18.40,1
U,2022-10-25 13:54:42.497947,0.20,-0.25,1.08,13.73,-20.51,-1.95,-32.30,113.45,-18.40,1
U,2022-10-25 13:54:42.513588,0.12,-0.29,1.11,11.66,-15.32,1.83,-32.13,115.19,-14.48,1
U,2022-10-25 13:54:42.529210,0.10,-0.32,1.12,14.10,-9.16,11.41,-32.13,115.19,-14.48,1
U,2022-10-25 13:54:42.544835,0.13,-0.28,1.09,21.00,-3.11,21.61,-33.85,115.97,-13.13,1
U,2022-10-25 13:54:42.576068,0.13,-0.29,1.05,20.51,4.82,21.61,-33.85,115.97,-13.13,1
U,2022-10-25 13:54:42.591700,0.12,-0.30,1.03,16.30,8.79,20.14,-33.85,115.97,-13.13,1
U,2022-10-25 13:54:42.607321,0.14,-0.35,1.01,9.09,11.05,16.66,-35.58,116.91,-14.23,1
U,2022-10-25 13:54:42.622966,0.17,-0.34,0.98,2.81,12.57,18.19,-35.58,116.91,-14.23,1
U,2022-10-25 13:54:42.638595,0.19,-0.31,0.94,-8.36,12.15,20.26,-35.58,116.91,-14.23,1
U,2022-10-25 13:54:42.669847,0.19,-0.24,0.92,-12.02,10.99,18.55,-37.30,118.21,-16.64,1
U,2022-10-25 13:54:42.685455,0.20,-0.22,0.91,-15.75,9.70,16.05,-37.30,118.21,-16.64,1
