r,2022-11-05 10:58:29.824521,-0.57,-0.39,0.62,23.56,30.46,-18.80,-60.78,-101.16,-125.32,1
r,2022-11-05 10:58:29.844401,-0.51,-0.46,0.55,4.88,25.82,-23.13,-60.78,-101.16,-125.32,1
r,2022-11-05 10:58:29.863615,-0.46,-0.42,0.53,-10.31,16.66,-19.96,-60.78,-101.16,-125.32,1
r,2022-11-05 10:58:29.883607,-0.54,-0.34,0.57,-16.54,8.61,-16.91,-48.58,-96.63,-127.83,1
r,2022-11-05 10:58:29.902326,-0.64,-0.33,0.64,-31.62,8.12,-22.77,-48.58,-96.63,-127.83,1
r,2022-11-05 10:58:29.921000,-0.63,-0.38,0.64,-28.44,11.17,-22.77,-40.45,-94.08,-133.23,1
r,2022-11-05 10:58:29.940724,-0.60,-0.41,0.66,-19.71,8.67,-17.40,-40.45,-94.08,-133.23,1
r,2022-11-05 10:58:29.959904,-0.62,-0.42,0.63,-21.00,4.03,-5.86,-40.45,-94.08,-133.23,1
r,2022-11-05 10:58:29.979915,-0.65,-0.43,0.64,-24.17,3.05,-1.40,-32.01,-92.77,-139.58,1
r,2022-11-05 10:58:29.999000,-0.61,-0.43,0.59,-25.57,4.03,3.91,-32.01,-92.77,-139.58,1
r,2022-11-05 10:58:30.019906,-0.57,-0.39,0.55,-51.64,0.06,1.04,-25.22,-97.44,-150.63,1
r,2022-11-05 10:58:30.038295,-0.56,-0.30,0.51,-59.69,-6.41,-0.12,-25.22,-97.44,-150.63,1
r,2022-11-05 10:58:30.057652,-0.91,-0.00,0.87,-48.28,-33.51,-10.44,-25.22,-97.44,-150.63,1
r,2022-11-05 10:58:30.077461,-0.66,-0.08,0.37,97.78,-28.08,-2.87,-25.02,-101.40,-160.53,1
r,2022-11-05 10:58:30.096495,-0.62,-0.28,0.41,32.65,-37.05,-19.41,-25.02,-101.40,-160.53,1
r,2022-11-05 10:58:30.115455,-0.66,-0.21,0.46,-8.85,-32.41,-22.83,-25.02,-101.40,-160.53,1
r,2022-11-05 10:58:30.134823,-0.62,-0.26,0.39,-46.57,-26.61,-14.95,-33.41,-97.34,-163.75,1
r,2022-11-05 10:58:30.154449,-0.63,-0.22,0.42,-60.42,-23.01,-14.77,-33.41,-97.34,-163.75,1
r,2022-11-05 10:58:30.174000,-0.61,-0.15,0.46,-53.10,-23.38,-11.17,-57.32,-101.31,-157.98,1
r,2022-11-05 10:58:30.193163,-0.60,-0.20,0.48,-28.20,-38.27,-10.31,-57.32,-101.31,-157.98,1
r,2022-11-05 10:58:30.212764,-0.68,-0.24,0.57,-11.35,-52.49,-5.80,-57.32,-101.31,-157.98,1
r,2022-11-05 10:58:30.232000,-0.83,-0.23,0.69,-3.36,-60.55,-4.88,-90.93,-103.87,-131.85,1
r,2022-11-05 10:58:30.252354,-0.97,-0.18,0.80,-9.58,-55.97,-11.41,-90.93,-103.87,-131.85,1
r,2022-11-05 10:58:30.272612,-1.04,-0.19,0.84,-1.28,-49.07,-8.67,-105.80,-106.87,-96.90,1
r,2022-11-05 10:58:30.290707,-1.20,-0.27,0.93,18.80,-29.42,3.60,-105.80,-106.87,-96.90,1
r,2022-11-05 10:58:30.310077,-0.83,-0.36,0.61,55.42,-12.51,24.48,-105.80,-106.87,-96.90,1
r,2022-11-05 10:58:30.330154,-0.83,-0.51,0.50,-2.69,-19.84,17.46,-106.53,-105.69,-90.39,1
r,2022-11-05 10:58:30.349128,-1.13,-0.20,0.84,-0.98,21.85,16.91,-106.53,-105.69,-90.39,1
r,2022-11-05 10:58:30.367882,-0.94,-0.44,0.65,42.30,39.49,37.17,-104.41,-101.70,-108.92,1
r,2022-11-05 10:58:30.385037,-0.86,-0.41,0.66,24.05,43.88,34.73,-104.41,-101.70,-108.92,1
r,2022-11-05 10:58:30.404313,-0.80,-0.30,0.61,19.41,39.37,38.27,-104.41,-101.70,-108.92,1
r,2022-11-05 10:58:30.423733,-0.75,-0.16,0.60,-0.79,37.29,19.17,-86.27,-97.58,-142.88,1
r,2022-11-05 10:58:30.442006,-0.74,-0.09,0.59,0.18,36.13,9.83,-86.27,-97.58,-142.88,1
r,2022-11-05 10:58:30.460001,-0.77,-0.06,0.63,13.37,36.56,5.00,-86.27,-97.58,-142.88,1
r,2022-11-05 10:58:30.479273,-0.74,-0.03,0.61,61.04,41.32,8.79,-50.38,-95.29,-164.40,1
r,2022-11-05 10:58:30.499416,-0.65,-0.11,0.50,77.94,42.97,12.27,-50.38,-95.29,-164.40,1
r,2022-11-05 10:58:30.518932,-0.57,-0.20,0.39,79.04,40.59,12.02,-9.41,-76.87,-164.48,1
r,2022-11-05 10:58:30.537057,-0.52,-0.21,0.36,52.73,27.65,3.85,-9.41,-76.87,-164.48,1
r,2022-11-05 10:58:30.554924,-0.59,-0.16,0.44,36.07,18.80,-2.87,-9.41,-76.87,-164.48,1
r,2022-11-05 10:58:30.573857,-0.60,-0.27,0.43,40.22,18.25,-5.37,9.09,-55.33,-150.92,1
r,2022-11-05 10:58:30.592005,-0.62,-0.47,0.40,37.72,17.64,-9.28,9.09,-55.33,-150.92,1
r,2022-11-05 10:58:30.609999,-0.68,-0.64,0.48,22.89,15.75,-3.91,9.09,-55.33,-150.92,1
r,2022-11-05 10:58:30.630086,-0.83,-0.63,0.68,10.56,13.73,13.00,11.69,-37.93,-135.25,1
r,2022-11-05 10:58:30.648119,-0.95,-0.55,0.76,13.12,26.61,15.01,11.69,-37.93,-135.25,1
r,2022-11-05 10:58:30.668111,-0.82,-0.44,0.65,38.57,32.35,16.72,13.42,-31.67,-118.70,1
r,2022-11-05 10:58:30.685863,-0.71,-0.43,0.55,32.47,23.68,6.23,13.42,-31.67,-118.70,1
r,2022-11-05 10:58:30.704265,-0.56,-0.42,0.54,7.08,21.85,-1.16,13.42,-31.67,-118.70,1
r,2022-11-05 10:58:30.722864,-0.52,-0.36,0.54,-7.39,18.19,-5.80,9.29,-28.03,-104.52,1
r,2022-11-05 10:58:30.740791,-0.53,-0.34,0.52,-10.01,9.89,-10.99,9.29,-28.03,-104.52,1
r,2022-11-05 10:58:30.758999,-0.56,-0.34,0.52,-14.34,3.91,-21.30,9.29,-28.03,-104.52,1
r,2022-11-05 10:58:30.779395,-0.60,-0.33,0.52,-17.03,3.42,-25.82,3.42,-23.18,-95.42,1
r,2022-11-05 10:58:30.798560,-0.60,-0.33,0.50,-19.04,1.77,-29.36,3.42,-23.18,-95.42,1
