V,2022-11-08 14:12:14.375220,-0.03,-0.22,0.97,14.53,7.57,4.94,34.50,33.39,-24.27,1
V,2022-11-08 14:12:14.398159,0.02,-0.23,1.00,0.55,3.78,1.16,34.50,33.39,-24.27,1
V,2022-11-08 14:12:14.409894,-0.01,-0.17,0.97,-2.75,1.46,2.93,34.41,33.65,-25.26,1
V,2022-11-08 14:12:14.430571,-0.00,-0.14,0.97,12.63,7.81,16.36,34.41,33.65,-25.26,1
V,2022-11-08 14:12:14.442444,0.08,-0.21,1.01,18.07,12.82,25.82,34.41,33.65,-25.26,1
V,2022-11-08 14:12:14.474750,0.07,-0.28,1.01,15.87,10.56,27.59,35.45,33.68,-23.28,1
V,2022-11-08 14:12:14.489743,0.02,-0.26,1.02,11.96,8.79,25.88,35.45,33.68,-23.28,1
V,2022-11-08 14:12:14.508004,-0.05,-0.27,0.99,11.47,17.46,35.64,35.45,33.68,-23.28,1
V,2022-11-08 14:12:14.518712,0.06,-0.17,1.00,11.72,23.01,46.14,36.94,33.45,-20.25,1
V,2022-11-08 14:12:14.536025,0.13,-0.19,0.94,31.56,15.56,48.52,36.94,33.45,-20.25,1
V,2022-11-08 14:12:14.567794,0.11,-0.28,0.94,33.75,-2.14,37.41,38.79,31.48,-16.96,1
V,2022-11-08 14:12:14.588744,-0.08,-0.46,1.30,-178.16,-19.47,-1.89,38.79,31.48,-16.96,1
V,2022-11-08 14:12:14.602860,-0.18,0.75,0.22,-130.43,-25.02,-5.62,38.79,31.48,-16.96,1
V,2022-11-08 14:12:14.615920,-0.05,0.12,0.49,-5.31,41.93,34.48,38.49,31.47,-18.02,1
V,2022-11-08 14:12:14.648534,0.08,-0.32,1.47,56.52,22.16,18.55,38.49,31.47,-18.02,1
V,2022-11-08 14:12:14.662520,-0.04,-0.38,0.71,10.86,-56.52,-18.86,40.11,31.51,-18.86,1
V,2022-11-08 14:12:14.680165,-0.08,-0.05,0.67,-10.31,-67.57,-33.14,40.11,31.51,-18.86,1
V,2022-11-08 14:12:14.707764,-0.07,-0.03,0.86,-6.59,-70.13,-32.17,40.11,31.51,-18.86,1
V,2022-11-08 14:12:14.725671,-0.08,-0.01,0.93,-2.08,-77.70,-28.75,42.21,34.12,-24.00,1
V,2022-11-08 14:12:14.743077,-0.14,-0.06,1.03,9.03,-71.53,-24.90,42.21,34.12,-24.00,1
V,2022-11-08 14:12:14.759174,-0.17,-0.09,1.12,11.66,-62.38,-26.61,44.74,36.13,-26.93,1
V,2022-11-08 14:12:14.776932,-0.19,-0.04,1.17,14.77,-52.31,-31.01,44.74,36.13,-26.93,1
V,2022-11-08 14:12:14.797884,-0.31,-0.10,1.23,33.87,-19.29,-24.05,44.74,36.13,-26.93,1
V,2022-11-08 14:12:14.822799,-0.32,-0.25,1.37,30.52,5.68,-0.85,46.07,38.96,-30.05,1
V,2022-11-08 14:12:14.842466,-0.17,-0.56,1.46,13.18,3.78,11.11,46.07,38.96,-30.05,1
V,2022-11-08 14:12:14.862486,-0.25,-0.36,1.13,-39.98,8.24,-33.33,46.07,38.96,-30.05,1
V,2022-11-08 14:12:14.880615,-0.30,0.16,1.06,-21.97,33.57,-23.93,45.02,39.29,-27.80,1
V,2022-11-08 14:12:14.889170,-0.22,0.07,1.11,9.40,60.79,-2.93,45.02,39.29,-27.80,1
V,2022-11-08 14:12:14.917553,-0.15,-0.09,1.12,32.90,74.77,9.09,42.81,38.10,-23.88,1
V,2022-11-08 14:12:14.934825,-0.11,-0.32,1.03,26.37,69.15,11.41,42.81,38.10,-23.88,1
V,2022-11-08 14:12:14.956906,-0.11,-0.29,0.94,3.11,60.06,5.25,42.81,38.10,-23.88,1
V,2022-11-08 14:12:14.969367,-0.10,-0.19,0.85,-12.70,47.91,0.85,39.83,37.13,-19.82,1
V,2022-11-08 14:12:14.981547,-0.10,-0.01,0.71,-14.40,20.51,-1.28,39.83,37.13,-19.82,1
V,2022-11-08 14:12:15.016457,-0.11,-0.04,0.61,2.81,5.68,1.53,39.83,37.13,-19.82,1
V,2022-11-08 14:12:15.033244,-0.14,-0.13,0.55,15.87,-2.26,5.13,36.25,36.23,-17.79,1
V,2022-11-08 14:12:15.048647,-0.12,-0.25,0.66,32.35,11.78,6.96,36.25,36.23,-17.79,1
V,2022-11-08 14:12:15.065541,-0.09,-0.17,1.06,50.35,19.71,-1.10,36.68,36.41,-17.77,1
V,2022-11-08 14:12:15.093122,-0.35,-0.45,0.88,47.24,-12.02,-1.89,36.68,36.41,-17.77,1
V,2022-11-08 14:12:15.111953,-0.30,-0.17,0.93,-25.63,8.36,-19.04,36.68,36.41,-17.77,1
V,2022-11-08 14:12:15.129192,-0.20,-0.11,0.99,-29.11,15.14,-12.76,37.24,37.10,-18.40,1
V,2022-11-08 14:12:15.146431,-0.09,-0.14,1.06,-31.86,9.52,-11.29,37.24,37.10,-18.40,1
V,2022-11-08 14:12:15.172117,0.00,-0.16,1.04,-41.87,-7.08,-20.63,35.62,38.23,-21.75,1
V,2022-11-08 14:12:15.187898,-0.01,0.04,0.96,-38.76,-15.81,-26.18,35.62,38.23,-21.75,1
V,2022-11-08 14:12:15.216013,-0.10,0.07,0.91,-6.41,-12.21,-15.01,35.62,38.23,-21.75,1
V,2022-11-08 14:12:15.222180,-0.13,0.01,0.96,3.85,0.24,-7.75,34.09,38.15,-24.71,1
V,2022-11-08 14:12:15.236051,-0.03,-0.02,1.05,3.42,7.87,-6.59,34.09,38.15,-24.71,1
V,2022-11-08 14:12:15.267615,0.06,-0.04,1.05,3.11,1.28,-9.16,34.09,38.15,-24.71,1
V,2022-11-08 14:12:15.284673,0.04,-0.03,1.01,-7.63,-11.17,-19.59,32.18,38.68,-26.97,1
