D,2022-10-19 18:22:35.646496,0.45,1.08,0.23,34.61,-44.13,-10.25,-29.21,-11.94,-34.44,1
D,2022-10-19 18:22:35.665363,0.38,0.82,0.35,21.00,-29.24,4.27,-27.38,-10.45,-32.81,1
D,2022-10-19 18:22:35.683353,0.43,0.71,0.49,8.61,-20.26,9.58,-27.38,-10.45,-32.81,1
D,2022-10-19 18:22:35.701801,0.32,0.73,0.45,-18.25,-30.52,6.65,-27.38,-10.45,-32.81,1
D,2022-10-19 18:22:35.720349,0.19,0.85,0.33,-19.17,-29.11,1.40,-25.82,-10.10,-30.68,1
D,2022-10-19 18:22:35.738330,0.25,0.77,0.40,2.56,4.82,5.80,-25.82,-10.10,-30.68,1
D,2022-10-19 18:22:35.756396,0.32,0.72,0.50,-10.68,12.27,8.00,-25.82,-10.10,-30.68,1
D,2022-10-19 18:22:35.775416,0.31,0.71,0.51,-24.41,11.60,12.39,-24.69,-10.00,-30.43,1
D,2022-10-19 18:22:35.793468,0.35,0.69,0.46,-34.06,5.92,14.89,-24.69,-10.00,-30.43,1
D,2022-10-19 18:22:35.811542,0.29,0.71,0.35,-55.73,-16.30,8.97,-24.69,-10.00,-30.43,1
D,2022-10-19 18:22:35.830350,0.07,1.52,-0.09,39.86,-7.26,12.70,-24.77,-12.41,-28.39,1
D,2022-10-19 18:22:35.848299,0.20,0.56,0.38,53.96,11.66,26.79,-24.77,-12.41,-28.39,1
D,2022-10-19 18:22:35.867205,0.23,0.46,0.32,24.66,5.49,7.14,-24.57,-9.40,-31.97,1
D,2022-10-19 18:22:35.885523,0.20,0.44,0.35,-18.68,1.34,-19.41,-24.57,-9.40,-31.97,1
D,2022-10-19 18:22:35.903505,0.20,0.62,0.41,-55.05,-4.33,-44.25,-24.57,-9.40,-31.97,1
D,2022-10-19 18:22:35.922606,0.12,1.10,-0.17,-104.61,-48.10,27.28,-25.96,-12.65,-28.34,1
D,2022-10-19 18:22:35.940612,0.12,0.67,0.04,-21.24,-37.41,62.99,-25.96,-12.65,-28.34,1
D,2022-10-19 18:22:35.958521,0.13,0.83,0.03,-12.27,-27.34,56.46,-25.96,-12.65,-28.34,1
D,2022-10-19 18:22:35.977301,0.14,0.88,0.06,8.61,-15.69,50.90,-30.63,-10.06,-25.90,1
D,2022-10-19 18:22:35.995482,0.21,1.00,0.14,31.98,-8.18,42.24,-30.63,-10.06,-25.90,1
D,2022-10-19 18:22:36.013572,0.23,1.02,0.23,39.86,-1.34,35.40,-30.63,-10.06,-25.90,1
D,2022-10-19 18:22:36.032118,0.19,1.16,0.33,21.55,9.28,15.69,-34.16,-6.47,-25.79,1
D,2022-10-19 18:22:36.050458,0.26,1.24,0.47,19.04,12.21,32.65,-34.16,-6.47,-25.79,1
D,2022-10-19 18:22:36.069371,0.21,1.22,0.35,-8.00,12.51,25.70,-35.02,-4.83,-24.87,1
D,2022-10-19 18:22:36.087509,0.11,1.02,0.18,-16.97,16.91,23.44,-35.02,-4.83,-24.87,1
D,2022-10-19 18:22:36.105497,-0.02,0.78,0.31,43.46,51.21,-54.38,-35.02,-4.83,-24.87,1
D,2022-10-19 18:22:36.124406,0.35,0.83,0.22,16.91,57.92,-127.50,-31.46,-6.58,-28.38,1
D,2022-10-19 18:22:36.142457,0.41,1.16,0.45,-28.26,35.16,-120.00,-31.46,-6.58,-28.38,1
D,2022-10-19 18:22:36.160612,0.41,1.22,0.42,-36.13,26.98,-65.31,-31.46,-6.58,-28.38,1
D,2022-10-19 18:22:36.179452,0.36,0.98,0.36,-25.57,25.88,-7.45,-27.11,-10.84,-28.16,1
D,2022-10-19 18:22:36.197378,0.37,0.80,0.26,-28.44,16.78,15.56,-27.11,-10.84,-28.16,1
D,2022-10-19 18:22:36.215494,0.30,0.69,0.26,-55.42,-13.79,6.71,-27.11,-10.84,-28.16,1
D,2022-10-19 18:22:36.234460,0.22,0.87,0.03,-59.75,-36.38,-4.76,-24.94,-12.45,-27.67,1
D,2022-10-19 18:22:36.252816,-0.37,1.07,-0.24,-46.08,-58.96,3.42,-24.94,-12.45,-27.67,1
D,2022-10-19 18:22:36.271316,0.46,0.50,0.53,167.11,31.37,39.25,-25.68,-11.34,-27.66,1
D,2022-10-19 18:22:36.289775,0.13,0.70,0.23,40.83,-31.19,-18.86,-25.68,-11.34,-27.66,1
D,2022-10-19 18:22:36.307499,0.14,0.79,0.21,22.34,-63.23,-15.26,-25.68,-11.34,-27.66,1
D,2022-10-19 18:22:36.326427,0.14,0.69,0.39,15.93,-75.32,-3.48,-24.29,-11.60,-25.84,1
D,2022-10-19 18:22:36.344632,0.11,0.78,0.22,-6.77,-103.33,-1.65,-24.29,-11.60,-25.84,1
D,2022-10-19 18:22:36.362377,0.04,0.97,-0.09,-18.86,-83.07,18.74,-24.29,-11.60,-25.84,1
D,2022-10-19 18:22:36.381402,0.07,0.77,0.13,29.66,-23.25,46.33,-27.06,-8.76,-22.77,1
D,2022-10-19 18:22:36.399400,0.16,0.75,0.38,46.26,3.66,63.96,-27.06,-8.76,-22.77,1
D,2022-10-19 18:22:36.417306,0.15,0.60,0.70,47.79,2.99,56.27,-27.06,-8.76,-22.77,1
D,2022-10-19 18:22:36.436328,0.14,0.59,0.72,27.89,3.11,47.49,-29.06,-4.25,-21.22,1
D,2022-10-19 18:22:36.454604,0.13,0.82,0.57,8.30,15.63,45.84,-29.06,-4.25,-21.22,1
D,2022-10-19 18:22:36.473113,0.20,0.77,0.59,7.63,38.94,47.55,-31.54,-2.12,-22.68,1
D,2022-10-19 18:22:36.491489,0.21,0.86,0.57,-3.91,54.75,35.77,-31.54,-2.12,-22.68,1
D,2022-10-19 18:22:36.509461,0.22,0.85,0.53,-14.89,55.36,14.47,-31.54,-2.12,-22.68,1
D,2022-10-19 18:22:36.528519,0.20,0.92,0.44,-21.18,51.88,-3.85,-32.75,-2.69,-24.11,1
D,2022-10-19 18:22:36.546484,0.14,1.13,0.28,-28.02,45.35,-11.11,-32.75,-2.69,-24.11,1
D,2022-10-19 18:22:36.564382,0.15,1.12,0.32,-20.26,48.71,-3.05,-32.75,-2.69,-24.11,1
D,2022-10-19 18:22:36.583288,0.13,1.16,0.25,-17.46,31.92,0.12,-34.08,-5.07,-26.59,1
D,2022-10-19 18:22:36.601459,0.10,1.06,0.16,-4.21,-1.22,-2.08,-34.08,-5.07,-26.59,1
D,2022-10-19 18:22:36.619486,0.09,1.22,-0.24,-8.30,-34.24,-6.10,-34.08,-5.07,-26.59,1
D,2022-10-19 18:22:36.638388,0.10,1.07,0.02,21.79,-15.56,9.95,-34.78,-6.91,-26.68,1
