Y,2022-11-03 10:31:37.839878,6.512560,13.226244,5.243569,0.857386,0.752022,-0.277636,35.906280,62.034313,-40.949146,1
Y,2022-11-03 10:31:37.928442,2.413478,9.304343,-1.508424,0.922767,-0.220580,-0.739835,35.191726,60.595836,-41.294712,1
Y,2022-11-03 10:31:38.025348,-0.359149,7.810284,-2.111793,0.006759,-0.148007,0.109194,37.871299,44.233161,-68.075798,1
Y,2022-11-03 10:31:38.123627,1.374342,9.969964,0.014366,-0.065547,-0.001664,0.196680,46.803211,38.838874,-82.243858,1
Y,2022-11-03 10:31:38.207198,1.340821,9.639548,-0.239432,-0.037317,-0.338426,0.132098,46.803211,38.838874,-82.243858,1
Y,2022-11-03 10:31:38.298694,1.680815,9.730532,-0.129293,0.445522,-0.220180,0.631714,53.948738,40.636970,-91.228477,1
Y,2022-11-03 10:31:38.398487,2.542772,9.385749,0.134082,-0.246644,-0.173441,-0.364723,52.698268,41.176399,-92.092384,1
Y,2022-11-03 10:31:38.490615,1.192373,10.736148,-0.383092,-0.074202,-0.204600,0.019577,46.445934,61.135265,-90.191795,1
Y,2022-11-03 10:31:38.590469,3.332899,11.789650,1.019982,-0.147041,0.085156,-0.233560,46.445934,61.135265,-90.191795,1
Y,2022-11-03 10:31:38.681861,1.403074,9.778418,-1.149275,0.802391,-0.239488,-0.142079,44.480911,67.428596,-88.291198,1
Y,2022-11-03 10:31:38.781872,0.747029,10.056160,-0.689565,0.376545,-0.231632,0.099207,43.944999,54.302497,-101.249794,1
Y,2022-11-03 10:31:38.877525,0.948152,9.582084,-0.909843,0.020741,0.038949,-0.297743,47.517761,47.110115,-121.983535,1
Y,2022-11-03 10:31:38.974799,0.569849,7.508599,-0.928998,0.220082,0.030294,0.355940,46.803211,46.750495,-120.946853,1
Y,2022-11-03 10:31:39.066054,1.585042,9.160683,-0.363937,-0.306034,0.440826,0.088288,46.803211,46.750495,-120.946853,1
Y,2022-11-03 10:31:39.168315,1.795743,9.998696,-0.378303,-0.083923,0.002064,0.119980,45.374103,63.652599,-94.684104,1
Y,2022-11-03 10:31:39.257393,1.604197,10.357845,-0.316051,-0.024533,0.071174,-0.038880,36.620830,73.901748,-76.196517,1
Y,2022-11-03 10:31:39.356946,2.221932,10.084892,-0.201123,-0.058889,-0.059855,-0.018373,35.727642,76.598892,-70.494735,1
Y,2022-11-03 10:31:39.439616,2.016021,9.754475,0.143659,0.053632,-0.010586,0.004796,35.727642,76.598892,-70.494735,1
Y,2022-11-03 10:31:39.533595,2.016021,9.773630,0.153237,0.024336,-0.125637,-0.022768,34.298534,75.879653,-71.531425,1
Y,2022-11-03 10:31:39.625536,1.800531,9.773630,0.138871,0.065616,0.010986,-0.155395,36.084918,76.958511,-70.494735,1
Y,2022-11-03 10:31:39.726124,1.896304,9.802362,0.158025,0.089052,0.023636,-0.128097,35.906280,76.419082,-71.358642,1
