z,2022-11-06 17:17:53.795214,-7.642681,6.502983,-1.599408,0.011581,0.161525,-0.224030,25.009347,1.438477,-74.295921,1
z,2022-11-06 17:17:53.891390,-9.069699,3.007271,-1.934614,0.420516,-0.036218,-0.288479,23.044328,-0.179810,-73.432014,1
z,2022-11-06 17:17:53.987311,-8.164645,2.456576,-1.393496,0.021834,-0.124770,0.277052,28.760751,6.652955,-66.520767,1
z,2022-11-06 17:17:54.082806,-8.327458,5.037657,-1.173219,-0.837048,-0.682710,0.447496,29.653942,7.911623,-71.185859,1
z,2022-11-06 17:17:54.178616,-6.469463,9.299553,-1.254626,-0.040085,0.082294,-0.561058,29.653942,7.911623,-71.185859,1
z,2022-11-06 17:17:54.275168,-10.898962,1.096600,-1.101389,0.561798,-0.246478,-0.564121,24.652072,5.753907,-79.479354,1
z,2022-11-06 17:17:54.370898,-8.763225,3.874016,-2.260241,0.070438,0.665003,-0.551870,33.405345,18.880008,-77.233200,1
z,2022-11-06 17:17:54.466607,-8.322669,2.734318,-2.154891,0.342351,-0.040612,-0.015501,41.086788,21.217533,-77.405982,1
z,2022-11-06 17:17:54.562474,-9.644336,1.838841,-1.484481,0.042075,0.098939,0.084103,41.086788,21.217533,-77.405982,1
z,2022-11-06 17:17:54.642885,-8.504638,3.648949,-1.565888,0.046735,0.042080,0.403953,43.230445,27.331058,-78.788230,1
