B,2022-10-20 14:46:45.786712,-0.06,-0.96,0.37,-20.57,16.97,-2.69,-39.17,1.26,-84.46,1
B,2022-10-20 14:46:45.805358,-0.07,-0.84,0.43,-13.18,5.74,7.51,-39.17,1.26,-84.46,1
B,2022-10-20 14:46:45.828508,-0.08,-0.82,0.44,-18.98,7.08,3.23,-42.08,0.94,-86.91,1
B,2022-10-20 14:46:45.847319,-0.02,-0.72,0.35,-26.06,11.54,0.24,-42.08,0.94,-86.91,1
B,2022-10-20 14:46:45.869124,-0.01,-0.65,0.27,-25.45,2.44,-4.88,-46.50,2.69,-90.53,1
B,2022-10-20 14:46:45.889683,-2.05,-0.95,0.75,-15.50,-30.70,-8.00,-46.50,2.69,-90.53,1
B,2022-10-20 14:46:45.911518,-0.18,-0.45,0.13,55.18,4.70,19.53,-49.16,1.65,-89.42,1
B,2022-10-20 14:46:45.931241,-0.08,-0.59,0.38,4.15,-20.20,-29.11,-49.16,1.65,-89.42,1
B,2022-10-20 14:46:45.952327,-0.19,-0.53,0.48,-4.82,-50.05,-60.00,-49.16,1.65,-89.42,1
B,2022-10-20 14:46:45.974491,-0.16,-0.63,0.63,2.08,-54.75,-64.33,-50.77,-6.65,-82.60,1
B,2022-10-20 14:46:45.997286,-0.21,-0.78,0.63,38.70,-67.57,-46.51,-50.77,-6.65,-82.60,1
B,2022-10-20 14:46:46.019364,-0.24,-0.90,0.63,50.66,-72.88,-28.44,-48.95,-18.13,-77.42,1
B,2022-10-20 14:46:46.039504,-0.34,-1.06,0.83,34.18,-60.91,-16.17,-48.95,-18.13,-77.42,1
B,2022-10-20 14:46:46.059318,-0.33,-1.16,0.78,32.96,-16.48,9.34,-46.73,-22.05,-75.32,1
B,2022-10-20 14:46:46.081779,-0.33,-1.11,0.72,15.56,7.39,13.31,-46.73,-22.05,-75.32,1
B,2022-10-20 14:46:46.099107,-0.39,-1.17,0.79,-19.84,50.29,15.20,-46.73,-22.05,-75.32,1
B,2022-10-20 14:46:46.119782,-0.34,-1.16,0.58,-19.47,63.05,34.42,-46.91,-20.54,-79.11,1
B,2022-10-20 14:46:46.137783,-0.17,-1.05,0.60,-8.79,61.65,55.73,-46.91,-20.54,-79.11,1
B,2022-10-20 14:46:46.159242,-0.03,-0.84,0.45,-33.14,64.03,51.15,-46.91,-20.54,-79.11,1
B,2022-10-20 14:46:46.179968,0.03,-0.77,0.34,-48.71,54.63,31.98,-46.90,-10.44,-84.20,1
B,2022-10-20 14:46:46.199098,0.08,-0.71,0.41,-49.38,18.13,21.67,-46.90,-10.44,-84.20,1
B,2022-10-20 14:46:46.218238,0.05,-0.48,0.53,-49.19,2.87,12.76,-46.74,-0.84,-87.72,1
B,2022-10-20 14:46:46.239304,-0.05,-0.40,0.65,-44.98,-4.76,-12.21,-46.74,-0.84,-87.72,1
B,2022-10-20 14:46:46.260265,-0.13,-0.49,0.99,24.41,-24.90,-26.00,-49.68,1.61,-85.60,1
B,2022-10-20 14:46:46.279483,-0.23,-0.60,0.91,74.77,-7.51,-1.34,-49.68,1.61,-85.60,1
B,2022-10-20 14:46:46.301150,-0.20,-0.43,0.73,16.72,45.96,-19.78,-49.68,1.61,-85.60,1
B,2022-10-20 14:46:46.320763,-0.14,-0.42,0.64,10.50,53.47,-37.90,-51.00,-4.38,-90.42,1
B,2022-10-20 14:46:46.341052,-0.13,-0.80,0.31,28.63,29.54,-49.93,-51.00,-4.38,-90.42,1
B,2022-10-20 14:46:46.362714,-0.13,-1.02,0.14,35.28,0.98,-29.11,-51.29,-16.05,-94.38,1
B,2022-10-20 14:46:46.384461,-0.15,-1.10,0.15,39.00,-39.61,-2.62,-51.29,-16.05,-94.38,1
B,2022-10-20 14:46:46.403355,-0.18,-1.09,0.15,10.74,-43.95,-9.03,-51.29,-16.05,-94.38,1
B,2022-10-20 14:46:46.423241,-0.11,-1.17,0.15,-6.77,-56.27,-0.55,-50.49,-19.68,-89.29,1
B,2022-10-20 14:46:46.443168,-0.20,-1.04,0.52,-10.50,-69.46,15.56,-50.49,-19.68,-89.29,1
B,2022-10-20 14:46:46.465019,-0.24,-0.79,0.89,-32.84,-40.34,11.78,-51.23,-14.29,-83.23,1
B,2022-10-20 14:46:46.482596,-0.27,-0.49,1.08,-54.50,-6.47,-5.13,-51.23,-14.29,-83.23,1
B,2022-10-20 14:46:46.502877,-0.20,-0.44,1.06,-20.51,26.79,-9.58,-51.23,-14.29,-83.23,1
B,2022-10-20 14:46:46.523607,-0.21,-0.39,0.97,34.97,5.80,-1.83,-51.23,-12.28,-82.74,1
B,2022-10-20 14:46:46.542948,-0.25,-0.36,0.86,38.88,17.94,-23.44,-51.23,-12.28,-82.74,1
B,2022-10-20 14:46:46.561742,-0.18,-0.58,0.61,31.01,49.56,-48.16,-49.93,-21.31,-87.60,1
B,2022-10-20 14:46:46.578909,-0.16,-0.79,0.36,22.95,43.58,-60.42,-49.93,-21.31,-87.60,1
B,2022-10-20 14:46:46.597778,-0.17,-0.95,0.26,23.32,13.67,-51.57,-49.93,-21.31,-87.60,1
B,2022-10-20 14:46:46.617640,-0.23,-1.10,0.25,19.53,-20.69,-27.89,-44.40,-33.65,-91.17,1
B,2022-10-20 14:46:46.636814,-0.25,-1.12,0.19,16.72,-29.17,-11.47,-44.40,-33.65,-91.17,1
B,2022-10-20 14:46:46.656022,-0.23,-1.08,0.11,-8.67,-31.98,-8.97,-44.40,-33.65,-91.17,1
B,2022-10-20 14:46:46.676838,-0.22,-1.17,0.23,-21.24,-64.51,2.08,-41.28,-36.51,-88.68,1
B,2022-10-20 14:46:46.695062,-0.26,-1.12,0.45,-10.86,-80.63,27.10,-41.28,-36.51,-88.68,1
B,2022-10-20 14:46:46.715981,-0.31,-0.95,0.64,-18.25,-70.68,60.18,-44.14,-29.98,-81.37,1
B,2022-10-20 14:46:46.734114,-0.34,-0.64,0.86,-30.40,-31.31,41.32,-44.14,-29.98,-81.37,1
B,2022-10-20 14:46:46.753206,-0.33,-0.49,0.92,-43.95,-1.46,20.94,-44.14,-29.98,-81.37,1
B,2022-10-20 14:46:46.779035,-0.27,-0.42,0.84,-37.78,15.08,3.11,-46.37,-19.84,-76.67,1
B,2022-10-20 14:46:46.792742,-0.21,-0.56,0.73,-2.32,9.46,-2.87,-46.37,-19.84,-76.67,1
B,2022-10-20 14:46:46.812056,-0.21,-0.68,0.63,41.02,-8.48,12.27,-46.07,-19.02,-77.73,1
B,2022-10-20 14:46:46.833836,-0.24,-0.78,0.54,55.97,-19.10,16.97,-46.07,-19.02,-77.73,1
B,2022-10-20 14:46:46.852502,-0.26,-0.97,0.45,28.81,-13.79,6.65,-46.07,-19.02,-77.73,1
B,2022-10-20 14:46:46.876640,-0.25,-0.93,0.48,-27.77,0.92,-2.32,-46.00,-19.79,-76.38,1
B,2022-10-20 14:46:46.894010,-0.29,-0.84,0.58,-53.59,7.02,-10.50,-46.00,-19.79,-76.38,1
B,2022-10-20 14:46:46.913341,-0.37,-0.78,0.72,-61.28,39.06,-5.80,-46.63,-18.46,-77.61,1
