n,2022-10-13 18:16:54.520998,-3.926691,7.872536,-0.541117,-0.035772,-0.043365,-0.008783,75.028045,22.110137,-33.235488,1
n,2022-10-13 18:16:54.630611,-4.601890,9.064910,0.450133,0.303520,0.596869,0.234101,75.028045,22.110137,-33.235488,1
n,2022-10-13 18:16:54.724357,-1.604197,8.935617,0.445344,-0.263742,0.318431,0.547293,77.487983,22.463899,-30.508474,1
n,2022-10-13 18:16:54.820007,-3.012059,6.435942,0.608158,-0.833135,-0.740192,0.088424,82.232147,20.518207,-19.429979,1
n,2022-10-13 18:16:54.913852,-2.614601,11.981196,2.135737,-1.090799,-0.404628,0.084828,83.989242,2.476336,-29.315406,1
n,2022-10-13 18:16:55.007585,-3.050368,14.830442,2.542772,0.255982,0.110435,-0.841300,83.989242,2.476336,-29.315406,1
n,2022-10-13 18:16:55.102097,-1.436594,9.246878,0.876322,0.724439,-0.288912,-0.319046,82.759269,4.068265,-35.962505,1
n,2022-10-13 18:16:55.198716,-3.907536,6.115103,1.450960,-0.150290,-0.379727,-0.375772,87.327728,22.463899,-35.621627,1
n,2022-10-13 18:16:55.295207,-2.298551,9.476734,1.618563,-1.418107,-0.488519,0.606283,81.353591,19.633802,-48.574947,1
n,2022-10-13 18:16:55.388932,-4.170912,12.776112,3.974577,0.226553,0.370497,-1.653576,81.353591,19.633802,-48.574947,1
n,2022-10-13 18:16:55.467061,-3.840495,7.800706,1.264203,0.583822,0.032669,-0.190547,72.392402,18.749397,-51.131523,1
