s,2022-10-14 16:13:46.842009,-0.01,0.21,1.00,-14.65,-7.20,10.62,16.27,45.24,-96.13,1
s,2022-10-14 16:13:46.861427,-0.00,0.21,1.00,-12.15,-5.62,7.45,14.56,44.71,-97.38,1
s,2022-10-14 16:13:46.879939,-0.01,0.19,1.01,-9.89,-5.13,5.86,14.56,44.71,-97.38,1
s,2022-10-14 16:13:46.897940,-0.00,0.19,1.00,-8.97,-3.97,3.91,14.56,44.71,-97.38,1
s,2022-10-14 16:13:46.918962,-0.02,0.22,0.98,-15.26,-5.49,0.06,12.16,44.25,-98.19,1
s,2022-10-14 16:13:46.936838,-0.03,0.23,0.99,-13.06,-4.76,-3.30,12.16,44.25,-98.19,1
s,2022-10-14 16:13:46.954658,-0.04,0.18,0.99,-3.72,-3.85,-1.59,12.16,44.25,-98.19,1
s,2022-10-14 16:13:46.975007,-0.05,0.11,1.00,4.15,-5.37,3.36,9.22,44.74,-99.01,1
s,2022-10-14 16:13:46.994574,-0.10,0.18,1.06,-6.10,-4.94,0.24,9.22,44.74,-99.01,1
s,2022-10-14 16:13:47.012790,-0.10,0.20,1.03,-12.88,-1.95,-6.41,5.46,43.91,-99.27,1
s,2022-10-14 16:13:47.031335,-0.09,0.17,1.02,-12.45,1.46,-8.06,5.46,43.91,-99.27,1
s,2022-10-14 16:13:47.050995,-0.08,0.19,1.02,-3.42,2.32,-4.58,5.46,43.91,-99.27,1
s,2022-10-14 16:13:47.071231,-0.11,0.17,1.07,-0.61,2.93,-4.33,2.43,44.26,-100.10,1
s,2022-10-14 16:13:47.088032,-0.11,0.17,1.07,-4.82,7.20,-7.57,2.43,44.26,-100.10,1
s,2022-10-14 16:13:47.107898,-0.09,0.20,1.05,-4.03,10.19,-9.03,2.43,44.26,-100.10,1
s,2022-10-14 16:13:47.127146,-0.06,0.19,1.02,-3.85,14.22,-12.08,0.37,43.40,-99.85,1
s,2022-10-14 16:13:47.145030,-0.03,0.16,0.97,-6.59,14.04,-12.33,0.37,43.40,-99.85,1
s,2022-10-14 16:13:47.166169,0.00,0.14,0.94,-1.71,7.69,-5.92,-0.85,43.53,-100.73,1
s,2022-10-14 16:13:47.183723,-0.00,0.12,0.90,-0.98,6.65,-4.88,-0.85,43.53,-100.73,1
s,2022-10-14 16:13:47.203724,0.00,0.13,0.87,-0.49,3.54,-4.70,-0.85,43.53,-100.73,1
s,2022-10-14 16:13:47.222727,0.02,0.11,0.86,-3.05,-1.34,-6.53,-3.85,43.33,-101.40,1
s,2022-10-14 16:13:47.240728,-0.53,0.35,0.77,-7.87,-7.75,-5.68,-3.85,43.33,-101.40,1
s,2022-10-14 16:13:47.259731,-0.04,0.12,0.90,60.24,-5.92,-8.91,-3.85,43.33,-101.40,1
s,2022-10-14 16:13:47.277727,-0.03,0.01,0.96,-1.53,-8.48,-16.30,-7.13,45.63,-101.57,1
s,2022-10-14 16:13:47.296730,-0.07,0.18,0.94,-25.15,-5.37,-16.54,-7.13,45.63,-101.57,1
s,2022-10-14 16:13:47.314740,-0.10,-0.04,1.05,-24.96,13.85,-1.83,-7.10,45.04,-101.57,1
s,2022-10-14 16:13:47.333444,-0.06,0.08,0.87,-31.37,20.75,12.39,-7.10,45.04,-101.57,1
s,2022-10-14 16:13:47.351637,-0.08,-0.04,0.88,-25.63,7.57,36.56,-7.10,45.04,-101.57,1
s,2022-10-14 16:13:47.373107,-0.04,0.16,0.87,-27.47,0.37,39.12,-2.51,47.97,-103.32,1
s,2022-10-14 16:13:47.389105,-0.01,0.36,0.83,-32.96,-3.42,37.05,-2.51,47.97,-103.32,1
s,2022-10-14 16:13:47.407524,-0.03,0.41,0.81,-42.85,-4.88,24.66,-2.51,47.97,-103.32,1
s,2022-10-14 16:13:47.427203,-0.03,0.49,0.81,-15.69,-8.97,23.62,1.77,49.54,-104.10,1
s,2022-10-14 16:13:47.445650,-0.02,0.54,0.75,3.23,-14.04,18.74,1.77,49.54,-104.10,1
s,2022-10-14 16:13:47.465522,-0.02,0.53,0.79,27.40,-24.17,7.02,0.33,48.43,-103.92,1
s,2022-10-14 16:13:47.483271,-0.03,0.48,0.84,35.95,-29.91,-28.20,0.33,48.43,-103.92,1
s,2022-10-14 16:13:47.501641,-0.06,0.33,0.88,31.62,-35.95,-46.81,0.33,48.43,-103.92,1
s,2022-10-14 16:13:47.520933,-0.11,0.11,1.01,40.71,-39.61,-48.34,-7.89,42.14,-100.13,1
s,2022-10-14 16:13:47.539927,-0.13,-0.05,1.04,49.93,-36.50,-35.52,-7.89,42.14,-100.13,1
s,2022-10-14 16:13:47.560496,-0.14,-0.12,1.08,30.33,-31.86,-23.74,-12.71,35.35,-96.50,1
s,2022-10-14 16:13:47.578937,-0.16,-0.09,1.12,8.42,-30.94,-23.07,-12.71,35.35,-96.50,1
s,2022-10-14 16:13:47.597527,-0.18,-0.09,1.12,-0.79,-23.86,-17.76,-12.71,35.35,-96.50,1
s,2022-10-14 16:13:47.617195,-0.19,-0.03,1.03,4.70,-22.40,-2.99,-14.82,33.91,-97.46,1
s,2022-10-14 16:13:47.636290,-0.19,0.04,1.10,19.90,-20.51,14.89,-14.82,33.91,-97.46,1
s,2022-10-14 16:13:47.655197,-0.16,0.09,1.06,18.86,-9.95,20.57,-14.82,33.91,-97.46,1
s,2022-10-14 16:13:47.675155,-0.16,0.11,1.08,8.36,-1.65,20.69,-14.38,41.22,-95.89,1
s,2022-10-14 16:13:47.693452,-0.16,0.17,1.07,2.08,3.30,19.29,-14.38,41.22,-95.89,1
s,2022-10-14 16:13:47.711664,-0.16,0.17,1.09,-2.01,9.40,20.75,-11.66,49.34,-98.99,1
s,2022-10-14 16:13:47.731203,-0.13,0.27,1.03,-9.22,18.62,22.77,-11.66,49.34,-98.99,1
s,2022-10-14 16:13:47.748183,-0.14,0.29,1.10,-8.91,30.88,26.86,-11.66,49.34,-98.99,1
s,2022-10-14 16:13:47.767581,-0.12,0.32,1.04,-7.20,44.19,28.69,-5.41,53.10,-100.11,1
s,2022-10-14 16:13:47.786940,-0.11,0.35,0.98,-8.00,51.27,23.99,-5.41,53.10,-100.11,1
s,2022-10-14 16:13:47.805583,-0.27,0.68,0.96,-2.56,56.76,-2.01,-5.41,53.10,-100.11,1
s,2022-10-14 16:13:47.825274,-0.18,0.58,0.88,42.97,47.97,-23.13,-0.45,53.08,-102.31,1
s,2022-10-14 16:13:47.843434,-0.10,0.31,0.90,67.08,33.26,-35.16,-0.45,53.08,-102.31,1
s,2022-10-14 16:13:47.862252,-0.08,0.14,0.91,67.08,26.31,-37.23,1.35,48.25,-100.32,1
s,2022-10-14 16:13:47.880807,-0.06,-0.08,0.91,54.14,19.96,-35.28,1.35,48.25,-100.32,1
s,2022-10-14 16:13:47.898810,-0.04,-0.23,0.88,48.22,18.68,-28.63,1.35,48.25,-100.32,1
s,2022-10-14 16:13:47.919810,-0.03,-0.36,0.86,39.92,15.38,-19.04,6.24,44.52,-97.74,1
s,2022-10-14 16:13:47.937921,-0.00,-0.39,0.85,14.34,11.11,-6.10,6.24,44.52,-97.74,1
s,2022-10-14 16:13:47.956652,0.04,-0.36,0.79,-2.38,8.42,0.79,6.24,44.52,-97.74,1
s,2022-10-14 16:13:47.975473,0.04,-0.20,0.82,-3.05,2.50,15.44,10.30,45.19,-97.34,1
s,2022-10-14 16:13:47.994552,0.02,-0.13,0.84,-9.40,-1.71,18.62,10.30,45.19,-97.34,1
s,2022-10-14 16:13:48.015793,0.00,-0.06,0.88,-21.18,-2.69,15.69,12.06,48.16,-97.80,1
s,2022-10-14 16:13:48.032537,0.03,-0.02,0.87,-26.92,-4.33,12.88,12.06,48.16,-97.80,1
s,2022-10-14 16:13:48.051289,0.03,0.00,0.88,-26.18,-5.55,15.81,12.06,48.16,-97.80,1
s,2022-10-14 16:13:48.071129,0.04,-0.00,0.88,-15.99,-6.16,18.37,15.53,50.33,-98.83,1
s,2022-10-14 16:13:48.089591,0.03,-0.02,0.89,-11.41,-8.67,21.73,15.53,50.33,-98.83,1
s,2022-10-14 16:13:48.109870,-0.02,0.00,0.95,-12.33,-10.38,22.58,18.31,51.25,-99.66,1
