D,2022-10-21 12:45:27.930315,-0.25,0.02,0.92,-122.86,17.88,24.78,122.05,-16.76,-82.09,1
D,2022-10-21 12:45:27.949410,-2.14,0.46,1.20,-103.76,15.56,-5.07,135.16,-18.08,-79.80,1
D,2022-10-21 12:45:27.967310,-0.08,0.09,1.02,84.78,35.40,-12.82,135.16,-18.08,-79.80,1
D,2022-10-21 12:45:27.985323,-0.09,-0.14,0.96,77.82,17.21,12.57,135.16,-18.08,-79.80,1
D,2022-10-21 12:45:28.004435,-0.13,-0.24,0.82,48.16,13.06,12.63,135.97,-21.25,-76.78,1
D,2022-10-21 12:45:28.022521,-0.01,-0.26,0.46,63.96,-45.65,-68.42,135.97,-21.25,-76.78,1
D,2022-10-21 12:45:28.040518,-0.05,-0.22,0.53,41.50,-116.39,-65.19,135.97,-21.25,-76.78,1
D,2022-10-21 12:45:28.059427,-0.14,-0.27,0.75,48.22,-166.32,-48.10,144.82,-15.75,-102.37,1
D,2022-10-21 12:45:28.077642,-0.26,-0.38,1.16,55.85,-176.51,-21.97,144.82,-15.75,-102.37,1
D,2022-10-21 12:45:28.095478,-0.58,-0.36,1.48,14.65,-94.91,9.22,144.82,-15.75,-102.37,1
D,2022-10-21 12:45:28.114496,-0.45,-0.33,1.34,-8.18,-10.99,13.67,148.51,-14.90,-135.27,1
D,2022-10-21 12:45:28.132457,-0.33,-0.33,1.13,-36.38,3.72,13.06,148.51,-14.90,-135.27,1
D,2022-10-21 12:45:28.151489,-0.65,-0.25,1.45,-76.72,14.65,-8.06,147.35,-13.35,-134.72,1
D,2022-10-21 12:45:28.169568,-0.72,-0.06,1.67,-75.87,135.38,0.67,147.35,-13.35,-134.72,1
D,2022-10-21 12:45:28.187360,-0.15,0.11,0.89,-90.15,198.49,-1.77,147.35,-13.35,-134.72,1
D,2022-10-21 12:45:28.206451,0.03,0.07,0.50,-77.33,178.96,-24.84,139.61,-13.28,-91.46,1
D,2022-10-21 12:45:28.224632,-0.03,-0.04,0.73,-59.94,114.99,-41.14,139.61,-13.28,-91.46,1
D,2022-10-21 12:45:28.243473,-0.05,0.16,0.79,-65.73,78.00,-56.88,139.61,-13.28,-91.46,1
D,2022-10-21 12:45:28.262313,0.02,0.28,0.55,-59.94,65.37,-86.06,128.47,-6.48,-64.98,1
D,2022-10-21 12:45:28.280454,0.03,0.21,0.38,-28.81,32.10,-97.72,128.47,-6.48,-64.98,1
D,2022-10-21 12:45:28.299331,-0.07,-0.03,0.43,28.75,-21.30,-95.21,126.94,1.39,-61.98,1
D,2022-10-21 12:45:28.317479,-0.06,-0.18,0.50,91.31,-76.60,-50.35,126.94,1.39,-61.98,1
D,2022-10-21 12:45:28.335367,-0.14,-0.43,0.74,114.50,-94.91,-29.05,126.94,1.39,-61.98,1
D,2022-10-21 12:45:28.354359,-0.25,-0.60,0.78,99.67,-94.97,-10.93,134.29,7.79,-81.87,1
D,2022-10-21 12:45:28.372404,-0.27,-0.82,0.96,61.77,-93.93,-1.04,134.29,7.79,-81.87,1
D,2022-10-21 12:45:28.390246,-0.27,-0.96,0.80,15.93,-84.41,5.86,134.29,7.79,-81.87,1
D,2022-10-21 12:45:28.409445,-0.34,-1.18,0.78,-23.38,-120.67,57.43,138.89,8.33,-106.76,1
D,2022-10-21 12:45:28.427357,-0.52,-1.07,1.12,-71.90,-95.34,71.53,138.89,8.33,-106.76,1
D,2022-10-21 12:45:28.445456,-0.65,-1.10,1.32,-102.84,-45.23,84.41,138.89,8.33,-106.76,1
D,2022-10-21 12:45:28.464401,-1.11,-0.80,1.19,-101.38,7.08,89.84,144.71,-8.56,-131.13,1
D,2022-10-21 12:45:28.482335,-0.73,-0.67,0.91,60.00,30.94,80.63,144.71,-8.56,-131.13,1
D,2022-10-21 12:45:28.501457,-0.25,-1.33,0.15,92.16,15.75,77.21,123.10,-25.17,-131.35,1
D,2022-10-21 12:45:28.519432,-0.06,-1.33,0.06,55.97,-15.38,116.70,123.10,-25.17,-131.35,1
D,2022-10-21 12:45:28.537420,0.03,-0.75,0.22,-25.76,-50.23,163.02,123.10,-25.17,-131.35,1
D,2022-10-21 12:45:28.556595,-0.00,-0.08,0.41,-126.65,-63.54,176.09,80.41,-47.31,-141.93,1
D,2022-10-21 12:45:28.574471,-0.31,1.00,0.70,-341.49,-49.99,131.29,80.41,-47.31,-141.93,1
D,2022-10-21 12:45:28.592401,-0.34,1.89,0.91,-419.56,-26.31,53.89,80.41,-47.31,-141.93,1
D,2022-10-21 12:45:28.611447,-0.47,2.14,1.09,-357.30,12.88,-7.08,32.96,-47.99,-150.90,1
D,2022-10-21 12:45:28.629448,-0.44,1.98,1.00,-222.23,58.65,-24.60,32.96,-47.99,-150.90,1
D,2022-10-21 12:45:28.648342,-0.34,1.54,0.91,-12.63,73.67,-2.20,30.64,-49.99,-151.05,1
D,2022-10-21 12:45:28.666458,-0.21,0.91,0.90,9.83,49.93,-4.76,30.64,-49.99,-151.05,1
D,2022-10-21 12:45:28.684330,-0.30,0.87,0.84,-22.22,31.62,-15.99,30.64,-49.99,-151.05,1
