i,2022-11-01 14:18:01.743004,0.16,-0.54,0.96,-13.85,-4.76,4.94,26.68,-36.41,-69.51,1
i,2022-11-01 14:18:01.765989,0.21,-0.49,0.92,-8.12,4.33,18.92,26.90,-37.84,-69.07,1
i,2022-11-01 14:18:01.782719,0.29,-0.38,0.92,-9.64,7.39,19.78,26.90,-37.84,-69.07,1
i,2022-11-01 14:18:01.802088,0.38,-0.25,0.84,-19.84,11.35,2.56,26.90,-37.84,-69.07,1
i,2022-11-01 14:18:01.824023,0.38,-0.18,0.80,-32.53,11.41,-14.22,24.83,-38.09,-66.19,1
i,2022-11-01 14:18:01.846332,0.32,-0.20,0.77,-42.11,9.03,-31.74,24.83,-38.09,-66.19,1
i,2022-11-01 14:18:01.864712,0.29,-0.25,0.81,-21.36,-7.93,-18.25,24.54,-38.45,-64.45,1
i,2022-11-01 14:18:01.883598,0.26,-0.38,0.87,31.80,-12.21,16.05,24.54,-38.45,-64.45,1
i,2022-11-01 14:18:01.905010,0.22,-0.35,0.81,25.51,-10.25,14.65,24.98,-39.16,-63.31,1
i,2022-11-01 14:18:01.923311,0.24,-0.40,0.79,6.59,9.77,5.07,24.98,-39.16,-63.31,1
i,2022-11-01 14:18:01.942962,0.24,-0.33,0.79,2.26,24.17,1.40,24.98,-39.16,-63.31,1
i,2022-11-01 14:18:01.962961,-0.06,-0.25,0.09,11.78,9.77,-2.01,25.94,-40.21,-64.64,1
i,2022-11-01 14:18:01.982938,0.20,-0.31,0.70,18.98,-14.65,-6.23,25.94,-40.21,-64.64,1
i,2022-11-01 14:18:01.999779,0.20,-0.25,0.81,22.34,-34.12,-5.68,25.94,-40.21,-64.64,1
i,2022-11-01 14:18:02.019067,0.14,-0.19,0.84,13.18,-29.17,-12.63,30.30,-39.77,-69.51,1
i,2022-11-01 14:18:02.037822,0.17,-0.20,0.93,5.98,-24.35,-24.60,30.30,-39.77,-69.51,1
i,2022-11-01 14:18:02.057812,0.19,-0.21,1.16,13.79,-21.91,-27.65,35.01,-37.33,-74.41,1
i,2022-11-01 14:18:02.077130,0.25,-0.18,1.14,29.05,-16.11,-18.01,35.01,-37.33,-74.41,1
i,2022-11-01 14:18:02.097311,0.23,-0.30,1.15,34.61,-2.99,-12.21,35.01,-37.33,-74.41,1
i,2022-11-01 14:18:02.118629,0.32,-0.59,1.05,19.47,11.47,-13.49,37.94,-35.58,-76.78,1
i,2022-11-01 14:18:02.139781,0.35,-0.68,1.06,7.45,9.70,4.46,37.94,-35.58,-76.78,1
i,2022-11-01 14:18:02.157746,0.02,-0.98,0.93,16.36,20.45,29.48,36.93,-35.29,-76.04,1
i,2022-11-01 14:18:02.176185,0.02,-0.79,1.07,61.10,9.58,82.46,36.93,-35.29,-76.04,1
i,2022-11-01 14:18:02.196681,0.26,-0.79,0.77,32.41,35.16,60.49,36.93,-35.29,-76.04,1
i,2022-11-01 14:18:02.218121,0.48,-0.57,0.72,-11.17,34.42,33.02,29.60,-36.85,-70.59,1
i,2022-11-01 14:18:02.235621,0.47,-0.44,0.77,-32.17,30.76,19.10,29.60,-36.85,-70.59,1
i,2022-11-01 14:18:02.256910,0.51,-0.33,0.72,-29.30,27.10,23.80,20.95,-36.39,-68.25,1
i,2022-11-01 14:18:02.276587,0.52,-0.20,0.59,-33.39,21.91,20.39,20.95,-36.39,-68.25,1
i,2022-11-01 14:18:02.295089,0.51,-0.14,0.63,-63.78,9.28,-12.33,20.95,-36.39,-68.25,1
i,2022-11-01 14:18:02.315395,0.40,-0.07,0.66,-75.99,3.72,-30.09,15.89,-37.02,-63.13,1
i,2022-11-01 14:18:02.338189,0.26,-0.10,0.80,-61.71,-8.85,-29.05,15.89,-37.02,-63.13,1
i,2022-11-01 14:18:02.356903,0.13,-0.19,0.80,-28.56,-12.70,-14.22,14.09,-39.48,-57.53,1
i,2022-11-01 14:18:02.376651,-0.74,-0.30,1.04,-2.08,-15.69,-9.16,14.09,-39.48,-57.53,1
i,2022-11-01 14:18:02.395959,0.30,-0.47,0.76,36.68,-6.84,7.26,14.09,-39.48,-57.53,1
i,2022-11-01 14:18:02.416553,0.33,-0.36,0.81,-3.17,3.91,-6.35,15.08,-41.33,-55.77,1
i,2022-11-01 14:18:02.434952,0.25,0.03,0.64,-20.08,1.59,-22.09,15.08,-41.33,-55.77,1
i,2022-11-01 14:18:02.455579,0.30,-0.25,0.92,-6.29,-23.80,-36.56,15.63,-40.37,-58.01,1
i,2022-11-01 14:18:02.474126,0.32,-0.27,1.01,-9.46,-6.29,-23.68,15.63,-40.37,-58.01,1
i,2022-11-01 14:18:02.493761,0.32,-0.28,1.09,4.76,-3.42,-8.85,15.63,-40.37,-58.01,1
i,2022-11-01 14:18:02.513252,0.38,-0.44,1.04,0.61,4.64,-7.08,17.09,-40.86,-57.87,1
i,2022-11-01 14:18:02.533272,0.42,-0.52,1.06,-15.26,10.50,-10.38,17.09,-40.86,-57.87,1
i,2022-11-01 14:18:02.555297,0.56,-0.64,1.13,-48.46,6.84,-16.72,13.43,-39.34,-57.23,1
i,2022-11-01 14:18:02.573612,0.29,-0.47,0.69,-58.78,21.18,-7.75,13.43,-39.34,-57.23,1
i,2022-11-01 14:18:02.593460,0.26,-0.44,0.51,-26.00,-7.02,8.30,13.43,-39.34,-57.23,1
i,2022-11-01 14:18:02.615291,0.12,-0.31,0.44,-2.62,-26.49,29.91,10.21,-38.33,-56.45,1
i,2022-11-01 14:18:02.636534,0.13,0.15,1.14,-2.14,-39.18,21.61,10.21,-38.33,-56.45,1
i,2022-11-01 14:18:02.654509,0.13,0.12,0.92,-13.85,-10.19,-4.46,13.94,-38.84,-57.47,1
i,2022-11-01 14:18:02.673591,0.15,0.43,1.29,14.34,-31.01,-4.58,13.94,-38.84,-57.47,1
i,2022-11-01 14:18:02.692387,0.16,0.37,1.40,36.99,-26.31,-7.51,13.94,-38.84,-57.47,1
i,2022-11-01 14:18:02.710339,-0.17,-0.01,1.50,76.84,6.29,19.41,17.00,-39.09,-59.33,1
i,2022-11-01 14:18:02.728123,-0.03,0.02,1.40,156.98,30.76,91.13,17.00,-39.09,-59.33,1
i,2022-11-01 14:18:02.746765,0.14,-0.26,1.02,194.15,49.56,110.29,17.00,-39.09,-59.33,1
i,2022-11-01 14:18:02.765824,0.37,-0.65,0.55,143.19,51.57,68.79,15.93,-40.77,-63.46,1
i,2022-11-01 14:18:02.786674,0.40,-0.72,0.46,64.82,49.80,11.54,15.93,-40.77,-63.46,1
i,2022-11-01 14:18:02.805760,0.45,-0.57,0.48,0.55,46.69,-34.18,16.13,-37.46,-66.59,1
i,2022-11-01 14:18:02.824242,0.58,-0.41,0.51,-39.06,36.87,-62.74,16.13,-37.46,-66.59,1
