X,2022-11-01 15:02:21.815133,0.25,-0.95,0.57,-18.86,37.48,-22.09,1.29,5.76,-64.70,1
X,2022-11-01 15:02:21.834483,0.30,-1.11,0.53,-21.18,28.56,-4.88,1.29,5.76,-64.70,1
X,2022-11-01 15:02:21.854534,0.33,-1.19,0.48,-34.73,11.11,22.52,1.29,5.76,-64.70,1
X,2022-11-01 15:02:21.874558,0.32,-0.99,0.47,-69.70,-6.41,24.29,-0.50,4.80,-64.66,1
X,2022-11-01 15:02:21.893371,0.18,-0.63,0.62,-83.98,-17.76,10.74,-0.50,4.80,-64.66,1
X,2022-11-01 15:02:21.913084,0.03,-0.67,0.74,-74.83,-2.32,-9.64,-0.50,4.80,-64.66,1
X,2022-11-01 15:02:21.932828,0.04,-0.48,0.68,-80.38,12.63,-21.73,-1.68,4.21,-61.32,1
X,2022-11-01 15:02:21.951776,0.05,-0.31,0.84,-74.89,-29.54,-67.75,-1.68,4.21,-61.32,1
X,2022-11-01 15:02:21.971162,0.05,-0.39,0.76,-11.60,-15.14,-24.17,-4.41,4.50,-61.33,1
X,2022-11-01 15:02:21.988678,0.04,-0.24,0.77,-1.53,-1.04,4.88,-4.41,4.50,-61.33,1
X,2022-11-01 15:02:22.007215,0.08,-0.30,0.75,31.86,13.49,44.80,-4.41,4.50,-61.33,1
X,2022-11-01 15:02:22.026292,-0.14,0.21,0.74,9.16,10.13,1.22,-2.55,4.03,-61.29,1
X,2022-11-01 15:02:22.047450,-0.02,-0.18,0.76,44.62,-13.49,-72.20,-2.55,4.03,-61.29,1
X,2022-11-01 15:02:22.065869,0.08,-0.38,0.75,34.24,-14.34,-90.76,-2.25,5.11,-63.98,1
X,2022-11-01 15:02:22.086827,0.06,-0.70,0.80,67.50,-10.56,-14.28,-2.25,5.11,-63.98,1
X,2022-11-01 15:02:22.108285,0.06,-0.55,0.81,60.61,-28.75,-43.09,-2.25,5.11,-63.98,1
X,2022-11-01 15:02:22.126552,0.20,-1.30,0.80,76.05,-16.72,-27.77,-2.81,6.12,-67.11,1
X,2022-11-01 15:02:22.145839,0.11,-1.14,0.77,32.04,-12.82,-0.43,-2.81,6.12,-67.11,1
X,2022-11-01 15:02:22.165419,0.08,-1.03,0.90,-7.14,-12.88,-18.01,-4.03,7.15,-69.85,1
X,2022-11-01 15:02:22.185752,0.10,-1.19,0.73,-39.12,-0.37,-23.50,-4.03,7.15,-69.85,1
X,2022-11-01 15:02:22.205038,0.02,-0.91,0.94,-56.88,-20.57,-24.35,-4.03,7.15,-69.85,1
X,2022-11-01 15:02:22.226823,-0.29,-1.01,0.87,-78.55,41.26,-8.54,-6.46,7.54,-72.08,1
X,2022-11-01 15:02:22.246642,-0.01,-0.52,0.95,-0.43,28.20,55.60,-6.46,7.54,-72.08,1
X,2022-11-01 15:02:22.267094,0.13,-0.66,0.94,15.81,16.05,35.22,-6.64,5.93,-71.17,1
X,2022-11-01 15:02:22.285549,0.24,-0.65,0.81,-29.30,37.66,18.49,-6.64,5.93,-71.17,1
X,2022-11-01 15:02:22.306333,0.27,-0.53,0.80,-41.20,38.94,12.08,-6.64,5.93,-71.17,1
X,2022-11-01 15:02:22.329363,0.34,-0.34,0.71,-46.75,52.98,-2.87,-9.46,3.64,-70.69,1
X,2022-11-01 15:02:22.345808,0.37,-0.37,0.43,-47.49,51.09,-11.23,-9.46,3.64,-70.69,1
X,2022-11-01 15:02:22.366492,0.42,-0.41,0.30,-37.60,-4.76,-13.98,-13.32,2.28,-71.44,1
X,2022-11-01 15:02:22.387822,0.27,-0.40,0.32,-18.98,-35.71,-9.09,-13.32,2.28,-71.44,1
X,2022-11-01 15:02:22.406230,-3.38,-1.06,3.27,-14.10,-53.47,-15.63,-13.32,2.28,-71.44,1
X,2022-11-01 15:02:22.427269,-0.01,-0.86,0.56,54.99,28.20,6.16,-14.94,2.95,-68.33,1
X,2022-11-01 15:02:22.446694,0.10,-0.59,0.60,-49.50,66.10,-17.70,-14.94,2.95,-68.33,1
X,2022-11-01 15:02:22.469636,-0.48,-0.67,0.51,18.92,-76.35,2.26,-12.29,4.14,-67.43,1
X,2022-11-01 15:02:22.487534,0.03,-0.55,0.62,105.10,-162.60,13.73,-12.29,4.14,-67.43,1
X,2022-11-01 15:02:22.505611,0.00,-0.40,1.03,58.78,-18.55,-5.00,-12.29,4.14,-67.43,1
X,2022-11-01 15:02:22.526493,0.05,-0.60,0.29,-13.12,22.71,-23.32,-4.08,5.93,-65.22,1
X,2022-11-01 15:02:22.547358,0.05,-0.52,0.97,-16.05,-6.35,-31.68,-4.08,5.93,-65.22,1
X,2022-11-01 15:02:22.566288,0.11,-0.51,1.13,10.62,-50.17,-14.65,2.25,8.76,-68.55,1
X,2022-11-01 15:02:22.586606,0.10,-0.32,1.78,21.73,-46.39,1.28,2.25,8.76,-68.55,1
X,2022-11-01 15:02:22.606501,0.15,-0.42,1.23,8.42,-4.46,10.62,2.25,8.76,-68.55,1
X,2022-11-01 15:02:22.626690,0.06,-0.35,1.15,39.49,-19.17,30.46,4.42,10.00,-69.48,1
X,2022-11-01 15:02:22.645547,0.04,-0.44,0.97,89.84,-44.68,63.11,4.42,10.00,-69.48,1
X,2022-11-01 15:02:22.664124,-0.24,-0.99,1.35,120.48,-50.11,96.98,5.14,9.70,-66.80,1
X,2022-11-01 15:02:22.684449,-0.21,-0.84,0.78,121.46,14.34,160.22,5.14,9.70,-66.80,1
X,2022-11-01 15:02:22.703525,-0.19,-0.99,0.48,60.97,40.53,108.70,5.14,9.70,-66.80,1
X,2022-11-01 15:02:22.724934,0.05,-1.08,0.19,43.27,38.57,83.68,6.29,7.03,-66.65,1
X,2022-11-01 15:02:22.745222,0.22,-0.96,0.11,38.39,7.45,71.53,6.29,7.03,-66.65,1
X,2022-11-01 15:02:22.765646,0.40,-1.01,-0.00,62.74,-12.45,79.35,7.74,6.20,-66.19,1
X,2022-11-01 15:02:22.785514,0.55,-1.07,-0.07,71.78,-35.28,87.77,7.74,6.20,-66.19,1
X,2022-11-01 15:02:22.804796,0.66,-1.00,-0.05,39.37,-68.48,81.12,7.74,6.20,-66.19,1
X,2022-11-01 15:02:22.827898,0.65,-0.89,0.09,4.21,-85.63,64.09,13.71,4.88,-64.60,1
X,2022-11-01 15:02:22.844521,0.52,-0.71,0.31,-34.91,-114.07,50.90,13.71,4.88,-64.60,1
X,2022-11-01 15:02:22.864628,0.39,-0.54,0.50,-49.26,-133.85,41.44,24.17,1.54,-65.60,1
X,2022-11-01 15:02:22.885988,0.18,-0.44,0.66,-60.49,-140.62,10.62,24.17,1.54,-65.60,1
X,2022-11-01 15:02:22.904260,-0.07,-0.40,0.95,-77.70,-126.65,-9.16,24.17,1.54,-65.60,1
X,2022-11-01 15:02:22.925288,-0.18,-0.43,1.01,-83.44,-108.70,-20.14,36.55,-4.02,-69.53,1
X,2022-11-01 15:02:22.945085,-0.25,-0.35,1.17,-88.87,-87.22,-28.63,36.55,-4.02,-69.53,1
X,2022-11-01 15:02:22.967042,-0.23,-0.30,1.13,-95.09,-63.54,-41.99,46.50,-11.55,-72.12,1
X,2022-11-01 15:02:22.985450,-0.25,-0.28,1.14,-97.23,-37.78,-46.94,46.50,-11.55,-72.12,1
X,2022-11-01 15:02:23.005803,-0.30,-0.21,1.23,-76.72,-33.63,-30.33,46.50,-11.55,-72.12,1
X,2022-11-01 15:02:23.028075,-0.28,-0.15,1.20,-43.52,-17.09,-12.39,51.73,-19.67,-74.65,1
X,2022-11-01 15:02:23.046051,-0.22,-0.20,1.11,-27.53,-8.73,-8.30,51.73,-19.67,-74.65,1
