y,2022-11-06 16:25:47.262122,-0.05,0.90,-0.40,0.24,-7.39,-9.16,44.29,33.28,-134.34,1
y,2022-11-06 16:25:47.280044,-0.00,0.91,-0.38,0.37,-5.55,-11.96,44.29,33.28,-134.34,1
y,2022-11-06 16:25:47.299215,-0.01,0.84,-0.36,-2.44,-1.46,-12.39,43.14,34.29,-135.25,1
y,2022-11-06 16:25:47.317205,-0.03,0.88,-0.43,-7.57,-2.69,-5.19,43.14,34.29,-135.25,1
y,2022-11-06 16:25:47.336230,-0.06,0.89,-0.46,-13.00,-7.32,-5.19,42.20,35.47,-137.41,1
y,2022-11-06 16:25:47.354120,-0.12,0.95,-0.46,-7.20,-5.68,-5.86,42.20,35.47,-137.41,1
y,2022-11-06 16:25:47.372418,-0.06,0.91,-0.36,-5.00,-3.11,-1.89,42.20,35.47,-137.41,1
y,2022-11-06 16:25:47.390945,-0.07,0.90,-0.42,-9.95,-5.55,0.85,42.07,35.71,-137.35,1
y,2022-11-06 16:25:47.409033,-0.06,0.85,-0.42,-15.32,-6.10,0.24,42.07,35.71,-137.35,1
y,2022-11-06 16:25:47.427191,-0.06,0.85,-0.43,-21.36,-7.57,-4.52,42.07,35.71,-137.35,1
y,2022-11-06 16:25:47.446053,-0.29,0.51,-0.28,-18.68,-3.66,-4.39,42.25,34.30,-137.30,1
y,2022-11-06 16:25:47.464026,-0.04,0.90,-0.50,24.35,44.68,85.14,42.25,34.30,-137.30,1
y,2022-11-06 16:25:47.481945,-0.09,0.93,-0.61,17.64,31.07,72.45,42.25,34.30,-137.30,1
y,2022-11-06 16:25:47.500956,-0.10,1.05,-0.64,23.19,15.38,56.76,50.00,34.92,-135.61,1
y,2022-11-06 16:25:47.518925,-0.14,1.05,-0.61,25.15,3.72,34.36,50.00,34.92,-135.61,1
y,2022-11-06 16:25:47.537980,-0.13,1.10,-0.54,16.54,-12.15,18.55,51.59,35.40,-133.30,1
y,2022-11-06 16:25:47.556057,-0.13,1.05,-0.45,-2.87,-33.08,4.58,51.59,35.40,-133.30,1
y,2022-11-06 16:25:47.574230,-0.12,1.05,-0.49,-16.11,-44.92,-14.65,51.59,35.40,-133.30,1
y,2022-11-06 16:25:47.593038,-0.15,1.05,-0.38,-9.83,-47.06,-31.98,46.58,35.61,-135.51,1
y,2022-11-06 16:25:47.611112,-0.10,0.95,-0.35,1.53,-28.81,-39.98,46.58,35.61,-135.51,1
y,2022-11-06 16:25:47.629162,-0.08,0.92,-0.32,-17.21,-30.82,-42.91,46.58,35.61,-135.51,1
y,2022-11-06 16:25:47.648113,-0.14,0.78,-0.29,-27.28,-32.17,-43.70,39.67,35.27,-135.46,1
y,2022-11-06 16:25:47.666191,-0.13,0.79,-0.31,-21.12,-15.87,-21.91,39.67,35.27,-135.46,1
y,2022-11-06 16:25:47.684211,-0.10,0.75,-0.36,-6.84,-4.88,-3.48,39.67,35.27,-135.46,1
y,2022-11-06 16:25:47.703299,-0.07,0.83,-0.43,-13.98,-7.93,-2.26,37.10,34.79,-135.82,1
y,2022-11-06 16:25:47.721227,-0.08,0.80,-0.47,-20.94,-8.42,-8.67,37.10,34.79,-135.82,1
y,2022-11-06 16:25:47.739972,-0.27,0.52,-0.24,-25.33,13.43,19.59,38.45,34.03,-136.36,1
y,2022-11-06 16:25:47.757901,-0.09,0.81,-0.42,1.40,34.06,58.04,38.45,34.03,-136.36,1
y,2022-11-06 16:25:47.776004,-0.10,0.86,-0.44,8.12,36.38,62.26,38.45,34.03,-136.36,1
y,2022-11-06 16:25:47.794986,-0.16,0.87,-0.41,-2.20,24.11,54.20,45.70,33.73,-135.89,1
y,2022-11-06 16:25:47.812957,-0.18,0.85,-0.43,-0.31,26.73,57.98,45.70,33.73,-135.89,1
y,2022-11-06 16:25:47.831044,-0.20,0.87,-0.44,-1.65,32.17,64.64,45.70,33.73,-135.89,1
y,2022-11-06 16:25:47.850009,-0.22,0.87,-0.41,-3.23,41.44,68.42,53.69,31.52,-133.26,1
y,2022-11-06 16:25:47.867966,-0.25,0.90,-0.45,-4.64,50.05,60.49,53.69,31.52,-133.26,1
y,2022-11-06 16:25:47.886956,-0.28,0.95,-0.38,-2.01,56.58,53.65,63.31,26.94,-130.58,1
y,2022-11-06 16:25:47.904935,-0.29,1.03,-0.42,15.38,73.67,46.14,63.31,26.94,-130.58,1
y,2022-11-06 16:25:47.922883,-0.34,1.07,-0.66,5.68,64.45,26.79,63.31,26.94,-130.58,1
y,2022-11-06 16:25:47.942116,-0.37,1.06,-0.62,-4.46,30.58,-0.92,70.02,24.54,-127.40,1
y,2022-11-06 16:25:47.960009,-0.36,1.04,-0.64,8.67,33.75,-24.78,70.02,24.54,-127.40,1
y,2022-11-06 16:25:47.977894,-0.37,0.85,-0.70,18.49,12.82,-37.90,70.02,24.54,-127.40,1
y,2022-11-06 16:25:47.997040,-0.37,0.86,-0.75,27.53,-12.88,-36.01,69.25,26.89,-127.76,1
y,2022-11-06 16:25:48.015122,-0.35,0.76,-0.75,9.64,-59.63,-42.60,69.25,26.89,-127.76,1
y,2022-11-06 16:25:48.033115,-0.30,0.66,-0.60,2.75,-63.90,-11.54,69.25,26.89,-127.76,1
y,2022-11-06 16:25:48.052014,-0.28,0.86,-0.67,-22.77,-78.37,0.24,60.42,31.67,-130.20,1
y,2022-11-06 16:25:48.070196,-0.29,0.88,-0.80,-43.09,-94.42,-16.97,60.42,31.67,-130.20,1
y,2022-11-06 16:25:48.089213,-0.70,1.13,-0.57,-31.01,-103.15,-34.06,47.34,31.85,-133.40,1
y,2022-11-06 16:25:48.107077,-0.38,1.09,-0.46,41.63,-61.16,-46.94,47.34,31.85,-133.40,1
y,2022-11-06 16:25:48.125032,-0.37,1.11,-0.40,49.38,-51.57,-53.28,47.34,31.85,-133.40,1
y,2022-11-06 16:25:48.144110,-0.17,0.90,-0.28,38.45,-56.88,-64.82,30.29,32.29,-129.90,1
y,2022-11-06 16:25:48.162047,-0.02,0.74,-0.11,21.55,-52.12,-57.13,30.29,32.29,-129.90,1
y,2022-11-06 16:25:48.179993,0.03,0.61,-0.13,13.73,-24.78,-40.10,30.29,32.29,-129.90,1
y,2022-11-06 16:25:48.198946,0.09,0.56,-0.18,22.64,-7.57,-24.78,19.43,27.47,-125.07,1
y,2022-11-06 16:25:48.216988,0.17,0.54,-0.19,29.30,7.39,-10.99,19.43,27.47,-125.07,1
y,2022-11-06 16:25:48.235845,0.14,0.56,-0.13,20.14,10.99,-3.72,18.73,27.45,-123.51,1
y,2022-11-06 16:25:48.253686,0.11,0.67,-0.24,9.83,17.58,12.70,18.73,27.45,-123.51,1
y,2022-11-06 16:25:48.271904,-0.11,1.00,-0.33,8.00,21.24,15.75,18.73,27.45,-123.51,1
y,2022-11-06 16:25:48.290932,-0.22,1.12,-0.39,12.45,23.19,8.18,23.75,30.87,-126.50,1
y,2022-11-06 16:25:48.308986,-0.18,1.11,-0.44,14.34,16.97,-1.16,23.75,30.87,-126.50,1
y,2022-11-06 16:25:48.326987,-0.19,1.03,-0.39,11.78,10.86,-0.61,23.75,30.87,-126.50,1
y,2022-11-06 16:25:48.346002,-0.19,1.04,-0.33,6.23,15.63,-0.18,27.04,32.52,-127.03,1
y,2022-11-06 16:25:48.363821,-0.10,0.91,-0.31,6.41,20.87,0.37,27.04,32.52,-127.03,1
y,2022-11-06 16:25:48.381905,-0.10,0.85,-0.43,2.32,21.91,-0.55,27.04,32.52,-127.03,1
