Y,2022-10-30 13:43:30.618241,0.10,-0.06,0.94,42.18,47.73,-18.37,-2.36,27.97,-37.96,1
Y,2022-10-30 13:43:30.636333,0.04,-0.20,1.01,2.62,41.14,-17.33,-2.36,27.97,-37.96,1
Y,2022-10-30 13:43:30.663647,0.20,-0.14,0.96,-8.67,29.17,-16.17,-1.50,28.28,-36.96,1
Y,2022-10-30 13:43:30.683273,0.15,-0.08,0.95,-15.26,21.61,-9.70,0.00,0.00,ovf,1
Y,2022-10-30 13:43:30.702963,0.16,-0.07,0.87,-8.97,15.56,1.34,0.00,0.00,ovf,1
Y,2022-10-30 13:43:30.721239,0.21,-0.06,0.90,-6.84,8.12,14.71,-1.50,27.58,-38.39,1
Y,2022-10-30 13:43:30.733795,0.13,-0.14,0.84,-0.37,-5.31,28.87,-1.50,27.58,-38.39,1
Y,2022-10-30 13:43:30.760833,0.05,0.01,1.00,33.33,23.56,10.74,-2.11,27.42,-39.70,1
Y,2022-10-30 13:43:30.776915,0.08,-0.16,1.01,35.46,27.89,24.17,-2.11,27.42,-39.70,1
Y,2022-10-30 13:43:30.798892,-0.09,-0.38,1.32,0.55,22.52,14.40,-2.11,27.42,-39.70,1
Y,2022-10-30 13:43:30.810521,0.06,0.01,1.09,-54.81,-27.95,-12.08,-2.19,27.84,-39.36,1
Y,2022-10-30 13:43:30.826150,0.10,0.16,1.02,-34.18,-57.07,-28.38,-2.19,27.84,-39.36,1
Y,2022-10-30 13:43:30.845093,0.13,0.13,0.90,-3.78,-65.43,-52.80,-2.19,27.84,-39.36,1
Y,2022-10-30 13:43:30.872460,0.07,0.22,0.83,6.71,-56.40,-54.63,-3.49,26.88,-39.72,1
Y,2022-10-30 13:43:30.888317,0.04,-0.02,0.88,25.63,-31.92,-35.64,-3.49,26.88,-39.72,1
Y,2022-10-30 13:43:30.915684,0.05,-0.05,1.06,2.44,-16.91,-20.39,-5.24,26.62,-38.27,1
Y,2022-10-30 13:43:30.920376,0.05,0.05,1.11,-13.37,-5.07,6.47,-5.24,26.62,-38.27,1
Y,2022-10-30 13:43:30.953896,0.03,-0.08,1.20,-10.74,-0.98,34.06,-5.24,26.62,-38.27,1
Y,2022-10-30 13:43:30.967800,0.02,-0.14,0.86,-7.63,6.53,11.41,-4.71,25.45,-38.00,1
Y,2022-10-30 13:43:30.994253,0.03,0.07,0.91,0.98,33.51,-30.94,-4.71,25.45,-38.00,1
Y,2022-10-30 13:43:31.015296,0.21,0.03,0.97,18.62,51.51,-17.46,-4.57,26.33,-38.44,1
Y,2022-10-30 13:43:31.031141,0.26,-0.14,0.94,17.40,50.90,-18.01,-4.57,26.33,-38.44,1
Y,2022-10-30 13:43:31.053189,0.25,-0.07,0.89,1.53,45.17,-23.93,-4.57,26.33,-38.44,1
Y,2022-10-30 13:43:31.064983,-0.09,0.08,0.96,36.80,30.94,-6.29,-3.99,25.88,-37.63,1
Y,2022-10-30 13:43:31.080813,0.10,-0.43,1.01,55.42,13.18,12.27,-3.99,25.88,-37.63,1
Y,2022-10-30 13:43:31.112472,0.10,-0.34,0.94,14.22,8.06,-8.36,-3.52,26.64,-38.62,1
Y,2022-10-30 13:43:31.128461,0.01,0.31,1.11,-22.95,-19.29,5.98,-3.52,26.64,-38.62,1
Y,2022-10-30 13:43:31.144809,0.05,0.06,0.96,23.86,-39.18,45.59,-3.52,26.64,-38.62,1
Y,2022-10-30 13:43:31.164464,0.11,-0.16,0.87,34.36,-44.19,63.05,-3.80,26.99,-37.27,1
Y,2022-10-30 13:43:31.193912,0.10,-0.24,0.83,9.77,-29.42,38.15,-3.80,26.99,-37.27,1
Y,2022-10-30 13:43:31.212231,0.08,-0.12,0.88,-11.84,-11.41,11.60,-3.80,26.99,-37.27,1
Y,2022-10-30 13:43:31.224031,0.07,0.10,1.04,-17.09,1.04,5.68,-3.76,27.78,-38.12,1
Y,2022-10-30 13:43:31.245637,0.10,-0.02,1.05,1.65,1.16,14.59,-3.76,27.78,-38.12,1
Y,2022-10-30 13:43:31.264690,0.11,0.04,1.04,-0.92,2.20,5.07,-4.04,27.66,-37.11,1
Y,2022-10-30 13:43:31.286623,0.07,0.11,1.07,6.77,8.67,3.54,-4.04,27.66,-37.11,1
Y,2022-10-30 13:43:31.304221,0.07,-0.19,1.03,26.12,1.65,3.17,-4.04,27.66,-37.11,1
Y,2022-10-30 13:43:31.318447,0.06,-0.21,0.95,11.35,-1.77,-4.76,-4.25,27.50,-36.21,1
Y,2022-10-30 13:43:31.336144,0.05,-0.06,0.87,-3.48,0.06,-11.72,-4.25,27.50,-36.21,1
Y,2022-10-30 13:43:31.368406,0.05,0.05,0.88,1.16,9.58,-8.67,-4.05,27.70,-36.18,1
Y,2022-10-30 13:43:31.382353,0.05,-0.01,0.89,13.43,16.42,-4.21,-4.05,27.70,-36.18,1
Y,2022-10-30 13:43:31.399852,0.06,-0.07,0.93,14.83,21.36,-1.83,-4.05,27.70,-36.18,1
Y,2022-10-30 13:43:31.416204,0.04,-0.01,1.16,-31.31,-31.19,-14.40,-4.46,27.71,-35.91,1
