D,2022-10-17 14:27:26.537985,0.12,-0.30,0.63,-39.06,-8.06,10.44,2.01,-36.65,-159.79,1
D,2022-10-17 14:27:26.553615,0.18,-0.26,0.50,-62.38,-14.10,-3.30,2.01,-36.65,-159.79,1
D,2022-10-17 14:27:26.569237,0.21,-0.16,0.39,-70.13,-41.38,-4.82,2.01,-36.65,-159.79,1
D,2022-10-17 14:27:26.600489,-0.64,0.25,1.62,-81.73,-31.13,-6.77,-1.46,-45.09,-162.71,1
D,2022-10-17 14:27:26.616113,0.01,-0.49,0.01,47.06,59.57,6.47,-1.46,-45.09,-162.71,1
D,2022-10-17 14:27:26.631892,0.04,-0.16,0.54,-30.64,12.33,-36.44,-1.46,-45.09,-162.71,1
D,2022-10-17 14:27:26.647367,0.01,-0.09,0.68,-12.33,-45.41,-28.32,0.12,-45.25,-158.75,1
D,2022-10-17 14:27:26.662996,-0.01,0.01,0.66,14.28,-61.65,-15.63,0.12,-45.25,-158.75,1
D,2022-10-17 14:27:26.694227,-0.06,-0.15,0.77,34.48,-70.25,-9.58,-7.31,-37.45,-153.70,1
D,2022-10-17 14:27:26.709869,-0.09,-0.22,0.88,45.84,-68.85,-3.05,-7.31,-37.45,-153.70,1
D,2022-10-17 14:27:26.725496,-0.06,-0.37,1.05,37.54,-63.96,-4.03,-7.31,-37.45,-153.70,1
D,2022-10-17 14:27:26.741118,-0.13,-0.40,1.36,14.40,-57.62,-4.27,-13.54,-26.95,-149.67,1
D,2022-10-17 14:27:26.756751,-0.14,-0.33,1.50,8.24,-41.63,3.17,-13.54,-26.95,-149.67,1
D,2022-10-17 14:27:26.787982,-0.18,-0.30,1.53,14.71,-28.38,12.15,-13.54,-26.95,-149.67,1
D,2022-10-17 14:27:26.803625,-0.35,-0.34,1.66,18.98,4.46,7.93,-16.97,-21.52,-149.13,1
D,2022-10-17 14:27:26.825236,-0.26,-0.25,1.60,23.99,35.89,0.49,-16.97,-21.52,-149.13,1
D,2022-10-17 14:27:26.844001,-0.20,-0.26,1.50,25.21,66.04,-6.10,-14.88,-22.31,-148.99,1
D,2022-10-17 14:27:26.859628,-0.03,-0.33,1.15,9.52,77.88,-9.22,-14.88,-22.31,-148.99,1
D,2022-10-17 14:27:26.875253,0.26,-0.35,0.83,-14.47,61.89,-4.58,-14.88,-22.31,-148.99,1
D,2022-10-17 14:27:26.890862,0.16,-0.29,0.78,-24.11,46.02,3.17,-9.96,-27.95,-152.72,1
D,2022-10-17 14:27:26.906510,0.12,-0.34,0.75,-16.72,34.85,10.74,-9.96,-27.95,-152.72,1
D,2022-10-17 14:27:26.922132,0.09,-0.30,0.73,-30.58,32.17,13.85,-9.96,-27.95,-152.72,1
D,2022-10-17 14:27:26.953382,0.11,-0.27,0.71,-41.56,30.64,12.15,-3.96,-35.95,-158.33,1
D,2022-10-17 14:27:26.969010,0.21,-0.06,0.65,-37.05,10.19,15.69,-3.96,-35.95,-158.33,1
D,2022-10-17 14:27:26.984640,-0.25,0.78,1.12,-28.32,-44.43,12.21,-3.96,-35.95,-158.33,1
D,2022-10-17 14:27:27.000262,-0.10,-0.18,0.67,112.12,-39.55,44.31,-2.33,-41.02,-161.16,1
D,2022-10-17 14:27:27.015888,-0.04,-0.16,0.80,22.71,-1.10,4.39,-2.33,-41.02,-161.16,1
D,2022-10-17 14:27:27.047579,-0.06,0.06,0.85,-33.94,16.17,-22.52,0.81,-40.12,-163.72,1
D,2022-10-17 14:27:27.062770,-0.06,0.12,0.77,-28.99,18.62,-35.52,0.81,-40.12,-163.72,1
D,2022-10-17 14:27:27.078389,-0.03,-0.03,0.65,-26.92,21.61,-51.82,0.81,-40.12,-163.72,1
D,2022-10-17 14:27:27.094015,-0.03,-0.21,0.62,0.67,6.96,-52.67,3.71,-36.56,-167.57,1
D,2022-10-17 14:27:27.109647,-0.01,-0.26,0.69,20.81,-4.82,-42.36,3.71,-36.56,-167.57,1
D,2022-10-17 14:27:27.125269,-0.02,-0.33,0.72,28.87,-11.66,-36.32,3.71,-36.56,-167.57,1
D,2022-10-17 14:27:27.156503,-0.03,-0.52,0.73,29.60,-16.11,-35.89,0.66,-27.17,-166.65,1
D,2022-10-17 14:27:27.172145,-0.05,-0.56,0.75,16.36,-21.42,-26.37,0.66,-27.17,-166.65,1
D,2022-10-17 14:27:27.187776,-0.07,-0.55,0.83,18.37,-25.33,-17.58,-7.43,-18.62,-165.09,1
D,2022-10-17 14:27:27.203398,-0.07,-0.57,0.84,27.16,-26.25,-6.04,-7.43,-18.62,-165.09,1
D,2022-10-17 14:27:27.219027,-0.08,-0.61,0.93,38.45,-31.43,4.46,-7.43,-18.62,-165.09,1
D,2022-10-17 14:27:27.250264,-0.08,-0.69,0.99,32.17,-29.48,18.01,-12.95,-12.24,-159.84,1
D,2022-10-17 14:27:27.265883,-0.08,-0.74,1.07,23.38,-26.86,29.79,-12.95,-12.24,-159.84,1
D,2022-10-17 14:27:27.281527,-0.07,-0.74,1.13,25.09,-23.44,44.01,-12.95,-12.24,-159.84,1
D,2022-10-17 14:27:27.297157,-0.06,-0.75,1.14,23.07,-19.90,58.41,-13.72,-11.18,-152.61,1
D,2022-10-17 14:27:27.312779,-0.07,-0.40,1.18,0.31,-6.41,61.16,-13.72,-11.18,-152.61,1
D,2022-10-17 14:27:27.344029,-0.06,-0.05,1.19,-21.79,1.10,41.87,-11.82,-15.21,-148.02,1
D,2022-10-17 14:27:27.359655,-0.09,0.28,1.08,-14.77,0.49,32.29,-11.82,-15.21,-148.02,1
D,2022-10-17 14:27:27.375281,-0.10,0.49,1.07,-2.93,6.77,7.87,-11.82,-15.21,-148.02,1
D,2022-10-17 14:27:27.390908,-0.08,0.26,1.06,26.55,7.14,-11.54,-10.34,-18.49,-145.87,1
D,2022-10-17 14:27:27.406613,-0.07,-0.25,0.92,40.53,-3.72,21.67,-10.34,-18.49,-145.87,1
D,2022-10-17 14:27:27.422164,-0.04,-0.48,0.92,42.30,-4.15,27.10,-10.34,-18.49,-145.87,1
D,2022-10-17 14:27:27.453411,-0.05,-0.51,0.89,15.01,-6.23,13.98,-10.51,-14.39,-144.57,1
D,2022-10-17 14:27:27.469021,-0.06,-0.30,0.94,-15.08,-7.93,-1.65,-10.51,-14.39,-144.57,1
D,2022-10-17 14:27:27.484664,-0.06,-0.21,0.96,-10.01,-12.08,6.16,-12.13,-14.90,-145.34,1
D,2022-10-17 14:27:27.500294,-0.10,-0.21,0.99,12.08,-18.68,20.39,-12.13,-14.90,-145.34,1
D,2022-10-17 14:27:27.515916,-0.34,0.09,1.24,-17.40,14.40,-12.88,-12.13,-14.90,-145.34,1
D,2022-10-17 14:27:27.547168,-0.23,0.07,1.27,36.56,29.85,-8.18,-11.94,-13.15,-146.70,1
