q,2022-10-11 14:37:37.593023,0.23,-0.03,-1.01,9.16,28.69,-3.78,-48.85,-3.82,23.14,1
q,2022-10-11 14:37:37.610961,0.11,0.08,-1.00,-1.65,31.92,-11.90,-48.85,-3.82,23.14,1
q,2022-10-11 14:37:37.630035,0.04,0.08,-0.99,-2.08,31.31,0.37,-50.07,-4.09,21.33,1
q,2022-10-11 14:37:37.648016,-0.22,0.05,-1.01,1.95,21.24,12.08,-50.07,-4.09,21.33,1
q,2022-10-11 14:37:37.666104,-0.14,-0.05,-0.94,5.55,10.13,1.22,-50.07,-4.09,21.33,1
q,2022-10-11 14:37:37.684952,0.16,-0.22,-0.93,3.91,9.34,5.49,-49.71,-4.46,21.67,1
q,2022-10-11 14:37:37.703023,0.23,-0.25,-0.96,7.14,7.14,2.93,-49.71,-4.46,21.67,1
q,2022-10-11 14:37:37.722011,0.20,-0.20,-0.96,7.93,4.88,5.19,-50.16,-5.24,21.51,1
q,2022-10-11 14:37:37.740005,0.07,-0.18,-1.01,9.03,-1.04,21.42,-50.16,-5.24,21.51,1
q,2022-10-11 14:37:37.758199,-0.07,-0.13,-1.03,15.01,-9.64,23.62,-50.16,-5.24,21.51,1
q,2022-10-11 14:37:37.777021,0.06,-0.10,-1.07,19.17,-17.52,15.87,-49.23,-4.70,21.13,1
q,2022-10-11 14:37:37.795106,0.23,-0.05,-1.09,19.71,-13.43,7.75,-49.23,-4.70,21.13,1
q,2022-10-11 14:37:37.812742,0.32,0.04,-1.08,18.98,-1.77,3.91,-49.23,-4.70,21.13,1
q,2022-10-11 14:37:37.831702,0.29,0.05,-1.05,5.00,8.79,10.86,-49.96,-5.09,20.20,1
q,2022-10-11 14:37:37.850132,-0.38,-0.09,-0.93,-12.21,10.99,3.23,-49.96,-5.09,20.20,1
q,2022-10-11 14:37:37.868125,0.10,0.01,-1.05,-37.41,-18.68,-21.30,-49.96,-5.09,20.20,1
q,2022-10-11 14:37:37.887298,0.14,-0.05,-0.96,-43.15,-15.75,-24.96,-49.98,-4.79,20.96,1
q,2022-10-11 14:37:37.906122,0.01,-0.14,-1.04,-44.74,5.74,-48.58,-49.98,-4.79,20.96,1
q,2022-10-11 14:37:37.925289,-0.11,-0.16,-1.01,-42.97,29.11,-55.24,-49.74,-5.30,22.27,1
q,2022-10-11 14:37:37.943203,-0.19,-0.39,-1.01,-18.86,54.93,-61.58,-49.74,-5.30,22.27,1
q,2022-10-11 14:37:37.961121,-0.14,-0.38,-1.00,5.37,80.14,-70.62,-49.74,-5.30,22.27,1
q,2022-10-11 14:37:37.980120,-0.18,-0.37,-1.15,2.44,98.45,-76.72,-50.71,-6.71,20.40,1
q,2022-10-11 14:37:37.998196,-0.16,-0.19,-1.06,12.70,125.12,-58.84,-50.71,-6.71,20.40,1
q,2022-10-11 14:37:38.016170,-0.31,-0.26,-0.91,22.03,105.65,-19.10,-50.71,-6.71,20.40,1
q,2022-10-11 14:37:38.035015,-0.27,-0.33,-0.87,51.33,88.68,7.32,-52.11,-8.52,18.99,1
q,2022-10-11 14:37:38.053025,-0.25,-0.34,-0.92,77.94,62.74,28.93,-52.11,-8.52,18.99,1
q,2022-10-11 14:37:38.071082,-0.11,-0.32,-0.86,108.15,24.60,45.41,-52.11,-8.52,18.99,1
q,2022-10-11 14:37:38.090029,-0.05,-0.10,-0.79,94.12,-65.80,62.50,-53.54,-9.07,16.87,1
q,2022-10-11 14:37:38.108014,0.37,0.04,-0.93,73.97,-142.21,72.51,-53.54,-9.07,16.87,1
q,2022-10-11 14:37:38.126848,0.39,0.09,-0.96,1.40,-207.76,70.80,-52.12,-6.96,18.52,1
q,2022-10-11 14:37:38.145202,-0.05,0.17,-1.43,-38.70,-190.31,47.49,-52.12,-6.96,18.52,1
q,2022-10-11 14:37:38.163100,-0.09,0.29,-1.37,-30.46,-104.86,19.23,-52.12,-6.96,18.52,1
q,2022-10-11 14:37:38.182105,-0.16,0.19,-1.19,-29.72,-8.24,9.89,-49.74,-5.97,19.54,1
q,2022-10-11 14:37:38.200214,-0.09,-0.08,-1.00,-31.13,-9.70,11.05,-49.74,-5.97,19.54,1
q,2022-10-11 14:37:38.217837,0.07,-0.30,-0.81,0.37,3.17,16.60,-49.74,-5.97,19.54,1
q,2022-10-11 14:37:38.237025,0.07,-0.34,-0.88,14.89,-2.81,2.87,-50.55,-5.91,19.98,1
q,2022-10-11 14:37:38.255283,-0.00,-0.34,-0.98,9.46,-4.76,-27.71,-50.55,-5.91,19.98,1
q,2022-10-11 14:37:38.273994,-0.39,-0.21,-1.33,30.88,71.59,-59.14,-50.62,-6.07,19.48,1
q,2022-10-11 14:37:38.292117,-0.08,0.00,-1.14,14.89,140.44,-64.39,-50.62,-6.07,19.48,1
q,2022-10-11 14:37:38.310226,-0.02,0.04,-1.05,-4.58,170.47,-56.95,-50.62,-6.07,19.48,1
q,2022-10-11 14:37:38.328958,0.12,-0.08,-0.82,16.54,165.83,-43.46,-53.39,-7.07,16.20,1
q,2022-10-11 14:37:38.347200,-0.00,-0.04,-0.96,30.40,128.60,-44.56,-53.39,-7.07,16.20,1
q,2022-10-11 14:37:38.365099,-0.11,0.09,-1.01,26.61,84.84,-35.95,-53.39,-7.07,16.20,1
q,2022-10-11 14:37:38.384008,-0.11,0.15,-0.95,20.69,55.85,-23.01,-53.64,-8.73,12.81,1
q,2022-10-11 14:37:38.402106,-0.15,0.15,-0.88,5.07,6.71,-5.92,-53.64,-8.73,12.81,1
