j,2022-10-30 17:49:57.338940,0.24,0.03,0.96,-6.59,27.95,-3.91,-45.24,19.75,-166.94,1
j,2022-10-30 17:49:57.357748,0.38,-0.06,0.89,-20.32,33.51,-12.51,-45.24,19.75,-166.94,1
j,2022-10-30 17:49:57.377779,0.41,0.02,0.86,-43.70,35.52,-15.93,-39.48,18.77,-163.99,1
j,2022-10-30 17:49:57.398772,0.43,0.04,0.74,-36.19,26.00,-13.18,-39.48,18.77,-163.99,1
j,2022-10-30 17:49:57.420122,0.41,0.11,0.63,-45.41,12.51,-18.31,-34.73,16.37,-164.44,1
j,2022-10-30 17:49:57.440215,0.35,0.14,0.51,-48.65,-4.58,-32.41,-34.73,16.37,-164.44,1
j,2022-10-30 17:49:57.462160,0.17,0.10,0.63,-52.61,-34.85,-31.68,-35.63,12.07,-164.47,1
j,2022-10-30 17:49:57.481122,-2.69,0.31,3.18,71.96,-5.55,4.39,-35.63,12.07,-164.47,1
j,2022-10-30 17:49:57.500640,0.14,-0.07,0.70,56.15,11.60,26.37,-35.63,12.07,-164.47,1
j,2022-10-30 17:49:57.521634,0.14,-0.13,0.65,-17.09,-11.84,-16.85,-36.47,14.31,-165.72,1
j,2022-10-30 17:49:57.539893,0.12,-0.05,0.74,-35.03,-48.95,-21.06,-36.47,14.31,-165.72,1
j,2022-10-30 17:49:57.563149,0.21,-0.02,0.87,-13.12,-56.95,-4.64,-42.30,11.49,-167.64,1
j,2022-10-30 17:49:57.583893,0.28,-0.05,1.04,14.95,-45.47,19.96,-42.30,11.49,-167.64,1
j,2022-10-30 17:49:57.603132,0.24,-0.14,1.09,16.17,-30.76,22.77,-42.30,11.49,-167.64,1
j,2022-10-30 17:49:57.624120,0.30,-0.03,1.21,-10.44,-17.03,18.01,-47.83,13.21,-168.68,1
j,2022-10-30 17:49:57.646321,0.30,0.18,1.31,-32.71,-6.65,9.64,-47.83,13.21,-168.68,1
j,2022-10-30 17:49:57.665644,0.28,0.29,1.23,-15.63,9.09,7.75,-48.05,13.65,-169.75,1
j,2022-10-30 17:49:57.684657,0.23,0.35,1.14,14.47,17.94,16.54,-48.05,13.65,-169.75,1
j,2022-10-30 17:49:57.703517,0.15,0.28,0.95,21.30,14.04,13.00,-48.05,13.65,-169.75,1
j,2022-10-30 17:49:57.724337,0.16,0.24,0.95,18.37,6.71,3.78,-45.72,17.44,-170.17,1
j,2022-10-30 17:49:57.743815,0.14,0.28,0.93,-3.66,1.04,-29.36,-45.72,17.44,-170.17,1
j,2022-10-30 17:49:57.765665,-0.07,0.07,1.07,-25.15,-1.83,-37.17,-44.21,14.75,-168.76,1
j,2022-10-30 17:49:57.787093,-0.01,0.12,1.10,19.71,9.40,10.68,-44.21,14.75,-168.76,1
j,2022-10-30 17:49:57.807343,0.26,0.04,1.12,59.51,23.62,13.00,-44.21,14.75,-168.76,1
j,2022-10-30 17:49:57.828436,0.33,-0.19,1.02,25.27,41.20,-6.10,-41.87,16.19,-164.10,1
j,2022-10-30 17:49:57.850328,0.38,-0.11,1.04,-27.59,56.82,-17.03,-41.87,16.19,-164.10,1
j,2022-10-30 17:49:57.871167,0.50,0.04,0.87,-23.86,68.66,-7.81,-35.60,13.92,-162.77,1
j,2022-10-30 17:49:57.893497,0.59,0.10,0.69,-22.58,62.87,-10.86,-35.60,13.92,-162.77,1
j,2022-10-30 17:49:57.913951,0.70,0.08,0.40,-39.55,25.45,-22.22,-30.52,12.94,-162.06,1
j,2022-10-30 17:49:57.934202,0.61,0.01,0.22,-43.46,-22.89,-22.28,-30.52,12.94,-162.06,1
j,2022-10-30 17:49:57.954077,-2.64,0.52,2.53,-47.18,-89.78,-7.93,-30.52,12.94,-162.06,1
j,2022-10-30 17:49:57.973417,0.19,0.47,0.94,112.43,-1.46,-6.29,-33.59,12.41,-161.30,1
j,2022-10-30 17:49:57.993278,0.23,-0.39,0.81,34.42,-12.15,5.13,-33.59,12.41,-161.30,1
j,2022-10-30 17:49:58.015592,-0.36,0.21,1.15,-87.04,-0.55,-19.10,-33.75,12.56,-162.06,1
j,2022-10-30 17:49:58.035256,0.08,-0.04,0.94,47.73,34.42,14.28,-33.75,12.56,-162.06,1
j,2022-10-30 17:49:58.054654,0.21,-0.33,0.74,45.78,39.61,16.17,-33.75,12.56,-162.06,1
j,2022-10-30 17:49:58.075957,0.26,-0.42,0.66,50.23,18.86,35.52,-31.03,16.78,-160.50,1
j,2022-10-30 17:49:58.097974,0.37,-0.37,0.64,51.45,1.34,47.06,-31.03,16.78,-160.50,1
j,2022-10-30 17:49:58.119007,0.56,-0.16,0.69,55.42,-27.40,56.64,-30.29,23.94,-157.91,1
j,2022-10-30 17:49:58.140570,0.68,0.08,0.72,43.70,-46.51,54.63,-30.29,23.94,-157.91,1
j,2022-10-30 17:49:58.163089,0.64,0.26,0.89,-6.04,-57.68,26.73,-31.68,30.43,-159.11,1
j,2022-10-30 17:49:58.182407,0.27,0.31,1.25,-12.70,-47.85,23.25,-31.68,30.43,-159.11,1
j,2022-10-30 17:49:58.203831,0.13,0.38,1.34,13.98,-26.67,26.00,-31.68,30.43,-159.11,1
j,2022-10-30 17:49:58.223668,0.12,0.27,1.29,25.09,-1.65,12.51,-31.88,36.07,-162.22,1
j,2022-10-30 17:49:58.243057,0.16,0.17,1.20,14.53,5.55,3.36,-31.88,36.07,-162.22,1
