m,2022-10-15 11:19:54.375454,0.60,-0.31,0.67,-21.73,-33.26,53.53,-19.97,-0.02,11.15,1
m,2022-10-15 11:19:54.375454,0.56,-0.39,0.66,-19.78,-26.67,60.18,-19.97,-0.02,11.15,1
m,2022-10-15 11:19:54.394318,0.45,-0.47,0.64,-20.45,-18.68,60.24,-19.97,-0.02,11.15,1
m,2022-10-15 11:19:54.406869,0.34,-0.54,0.64,-24.23,-9.34,49.56,-19.91,-0.59,9.64,1
m,2022-10-15 11:19:54.420254,0.35,-0.55,0.64,-78.06,10.50,6.77,-19.91,-0.59,9.64,1
m,2022-10-15 11:19:54.424830,0.47,-0.30,0.68,-78.06,10.50,6.77,-19.91,-0.59,9.64,1
m,2022-10-15 11:19:54.424830,0.65,-0.04,0.73,-100.65,14.71,-1.22,-19.91,-0.59,9.64,1
m,2022-10-15 11:19:54.435907,0.77,0.15,0.80,-100.65,14.71,-1.22,-19.91,-0.59,9.64,1
m,2022-10-15 11:19:54.435907,0.80,0.14,0.78,-35.89,-5.68,34.24,-19.91,-0.59,9.64,1
m,2022-10-15 11:19:54.453106,0.82,0.05,0.75,5.19,-8.54,48.34,-20.81,-0.45,7.90,1
m,2022-10-15 11:19:54.453106,0.67,-0.21,0.79,34.12,-9.64,55.85,-20.81,-0.45,7.90,1
m,2022-10-15 11:19:54.469611,0.63,-0.28,0.85,48.71,-10.25,54.99,-20.81,-0.45,7.90,1
m,2022-10-15 11:19:54.488133,0.62,-0.23,0.87,52.43,-12.33,49.68,-20.81,-0.45,7.90,1
m,2022-10-15 11:19:54.489730,0.65,-0.17,0.88,55.97,-19.84,43.58,-20.81,-0.45,7.90,1
m,2022-10-15 11:19:54.505176,0.62,-0.18,0.84,66.77,-39.31,30.03,-20.58,-1.12,8.86,1
m,2022-10-15 11:19:54.515735,-0.24,-0.63,0.61,52.25,-42.79,22.03,-20.58,-1.12,8.86,1
m,2022-10-15 11:19:54.515735,0.01,-0.46,1.02,-7.87,-2.50,1.34,-20.58,-1.12,8.86,1
m,2022-10-15 11:19:54.533508,0.36,-0.08,0.90,-51.64,-24.54,-1.04,-20.58,-1.12,8.86,1
m,2022-10-15 11:19:54.533508,0.52,0.03,0.63,-51.64,-24.54,-1.04,-20.58,-1.12,8.86,1
m,2022-10-15 11:19:54.547026,0.52,0.15,0.56,-38.82,-10.68,4.88,-21.59,-1.27,8.72,1
m,2022-10-15 11:19:54.565961,0.44,-0.07,0.46,-15.38,-1.59,7.32,0.00,0.00,0.00,1
m,2022-10-15 11:19:54.565961,-0.09,-0.31,0.79,1.71,4.76,6.35,0.00,0.00,0.00,1
m,2022-10-15 11:19:54.580262,0.27,-0.39,0.86,-26.25,-9.40,3.05,0.00,0.00,0.00,1
m,2022-10-15 11:19:54.594297,0.44,-0.07,0.75,-75.62,-25.09,-4.39,0.00,0.00,0.00,1
m,2022-10-15 11:19:54.594297,0.58,0.01,0.67,-79.59,-31.19,-6.16,-20.52,-1.54,7.41,1
m,2022-10-15 11:19:54.615486,0.46,-0.08,0.71,-50.78,-28.20,-16.05,-20.52,-1.54,7.41,1
m,2022-10-15 11:19:54.615486,0.50,-0.10,0.73,-77.21,-32.41,-23.74,-20.52,-1.54,7.41,1
m,2022-10-15 11:19:54.631935,0.44,-0.01,0.80,-94.79,-32.53,-24.66,-20.52,-1.54,7.41,1
m,2022-10-15 11:19:54.642176,0.51,-0.07,0.85,-102.36,-33.08,-22.03,-20.52,-1.54,7.41,1
m,2022-10-15 11:19:54.642176,0.51,0.02,0.81,-120.48,-36.68,-21.73,-20.67,-1.87,7.14,1
m,2022-10-15 11:19:54.660146,0.53,0.03,0.85,-118.29,-34.67,-20.32,-20.67,-1.87,7.14,1
m,2022-10-15 11:19:54.677428,0.55,0.05,0.84,-118.71,-35.83,-19.78,-20.67,-1.87,7.14,1
m,2022-10-15 11:19:54.679601,0.63,0.16,0.89,-114.32,-33.69,-20.39,-20.67,-1.87,7.14,1
m,2022-10-15 11:19:54.695079,0.69,0.29,0.84,-103.94,-31.25,-19.59,-20.67,-1.87,7.14,1
m,2022-10-15 11:19:54.695079,0.76,0.38,0.93,-72.45,-21.85,-17.94,-20.67,-1.87,7.14,1
m,2022-10-15 11:19:54.705724,0.78,0.47,0.97,-39.12,-13.00,-14.95,-20.24,-1.66,4.00,1
m,2022-10-15 11:19:54.723351,0.82,0.48,1.09,35.10,2.56,-5.55,-20.24,-1.66,4.00,1
m,2022-10-15 11:19:54.727777,0.63,0.25,1.20,46.81,3.17,0.73,-20.24,-1.66,4.00,1
m,2022-10-15 11:19:54.737858,0.63,0.25,1.20,34.79,-2.99,4.33,-20.24,-1.66,4.00,1
m,2022-10-15 11:19:54.737858,0.76,0.35,0.89,79.83,12.88,-0.73,-20.24,-1.66,4.00,1
m,2022-10-15 11:19:54.756245,0.73,0.26,0.89,110.72,27.40,2.38,-20.04,-1.20,6.49,1
m,2022-10-15 11:19:54.769265,0.73,0.28,0.87,137.70,37.35,6.53,-20.04,-1.20,6.49,1
m,2022-10-15 11:19:54.769265,0.77,0.26,0.88,159.67,48.89,11.96,-20.04,-1.20,6.49,1
m,2022-10-15 11:19:54.787226,0.71,0.18,0.84,176.88,57.68,18.86,-20.04,-1.20,6.49,1
m,2022-10-15 11:19:54.787226,0.62,0.09,0.82,188.17,62.56,22.52,-20.04,-1.20,6.49,1
m,2022-10-15 11:19:54.807703,0.59,0.02,0.85,172.97,59.02,17.09,-20.32,-0.33,8.57,1
m,2022-10-15 11:19:54.814812,0.55,0.01,0.80,164.12,52.80,9.70,-20.32,-0.33,8.57,1
m,2022-10-15 11:19:54.818898,0.44,-0.08,0.77,161.44,46.57,1.40,-20.32,-0.33,8.57,1
m,2022-10-15 11:19:54.835307,0.51,-0.13,0.77,154.97,41.38,-9.40,-20.32,-0.33,8.57,1
m,2022-10-15 11:19:54.835307,0.26,-0.17,0.72,138.55,34.85,-22.28,-20.32,-0.33,8.57,1
m,2022-10-15 11:19:54.848823,0.45,-0.24,0.76,106.45,26.18,-32.17,-20.32,-0.33,8.57,1
m,2022-10-15 11:19:54.868801,0.37,-0.23,0.78,82.64,10.31,-44.62,-21.37,0.34,8.68,1
m,2022-10-15 11:19:54.868801,0.20,-0.20,0.67,44.49,3.72,-37.60,-21.37,0.34,8.68,1
m,2022-10-15 11:19:54.884017,0.27,-0.32,0.64,29.97,-1.77,-17.33,-21.37,0.34,8.68,1
m,2022-10-15 11:19:54.891483,0.36,-0.62,0.52,28.08,-5.25,8.06,-21.37,0.34,8.68,1
m,2022-10-15 11:19:54.900228,0.51,-0.70,0.49,15.08,-2.87,17.40,-21.37,0.34,8.68,1
m,2022-10-15 11:19:54.900228,0.43,-0.61,0.59,2.69,4.39,12.51,-21.40,0.06,9.00,1
m,2022-10-15 11:19:54.918896,-0.09,-0.76,0.88,-3.42,-12.94,-24.35,-21.40,0.06,9.00,1
m,2022-10-15 11:19:54.933642,0.22,-0.51,0.96,-101.62,-35.16,-35.46,-21.40,0.06,9.00,1
m,2022-10-15 11:19:54.940670,0.39,-0.16,0.73,-114.01,-49.19,-36.13,-21.40,0.06,9.00,1
m,2022-10-15 11:19:54.951827,0.50,-0.15,0.69,-127.99,-55.85,-36.74,-21.40,0.06,9.00,1
m,2022-10-15 11:19:54.961730,0.56,-0.00,0.68,-132.39,-56.34,-39.43,-21.73,0.40,9.09,1
m,2022-10-15 11:19:54.961730,0.59,0.03,0.67,-127.44,-52.61,-36.56,-21.73,0.40,9.09,1
m,2022-10-15 11:19:54.981689,0.59,0.00,0.71,-108.64,-45.23,-32.23,-21.73,0.40,9.09,1
m,2022-10-15 11:19:54.985380,0.58,-0.02,0.79,-90.03,-37.17,-28.81,-21.73,0.40,9.09,1
m,2022-10-15 11:19:54.997829,0.56,-0.04,0.82,-51.82,-22.22,-20.20,-21.73,0.40,9.09,1
m,2022-10-15 11:19:55.009906,0.62,-0.10,0.89,-41.02,-18.62,-17.21,-21.59,0.43,6.40,1
m,2022-10-15 11:19:55.014962,0.67,-0.01,0.89,-22.16,-13.00,-11.84,-21.59,0.43,6.40,1
m,2022-10-15 11:19:55.025888,0.69,0.01,0.90,-3.66,-6.59,-6.35,-21.59,0.43,6.40,1
m,2022-10-15 11:19:55.033588,0.80,0.04,0.94,14.83,0.85,-2.93,-21.59,0.43,6.40,1
m,2022-10-15 11:19:55.044789,0.79,0.04,1.00,35.83,8.97,0.37,-21.59,0.43,6.40,1
m,2022-10-15 11:19:55.053436,0.56,-0.02,1.19,37.05,5.43,6.10,-21.59,0.43,6.40,1
m,2022-10-15 11:19:55.061638,0.69,-0.12,1.14,28.14,2.69,8.36,-21.33,0.61,7.18,1
m,2022-10-15 11:19:55.071658,0.80,-0.13,1.00,86.55,24.05,12.21,-21.33,0.61,7.18,1
m,2022-10-15 11:19:55.071658,0.84,-0.13,0.91,92.04,32.71,12.15,-21.33,0.61,7.18,1
m,2022-10-15 11:19:55.087460,0.69,0.04,0.88,94.06,39.00,10.07,-21.33,0.61,7.18,1
m,2022-10-15 11:19:55.107169,0.70,-0.04,0.91,115.30,46.02,13.79,-21.33,0.61,7.18,1
m,2022-10-15 11:19:55.109120,0.60,-0.07,0.87,134.40,48.46,15.38,-21.46,1.00,9.73,1
m,2022-10-15 11:19:55.121847,0.55,-0.12,0.86,160.16,46.51,11.96,-21.46,1.00,9.73,1
m,2022-10-15 11:19:55.121847,0.54,-0.16,0.78,168.03,41.99,7.75,-21.46,1.00,9.73,1
m,2022-10-15 11:19:55.134918,0.46,-0.20,0.73,166.81,36.74,2.26,-21.46,1.00,9.73,1
m,2022-10-15 11:19:55.152549,0.45,-0.24,0.72,159.18,31.92,-3.36,-21.46,1.00,9.73,1
m,2022-10-15 11:19:55.152549,0.34,-0.23,0.68,147.89,26.86,-6.90,-22.31,0.74,12.39,1
m,2022-10-15 11:19:55.170453,0.36,-0.28,0.61,134.03,21.61,-9.03,-22.31,0.74,12.39,1
m,2022-10-15 11:19:55.172636,0.35,-0.27,0.57,109.74,17.21,-13.85,-22.31,0.74,12.39,1
m,2022-10-15 11:19:55.184291,0.27,-0.39,0.49,103.39,16.42,-15.99,-22.31,0.74,12.39,1
m,2022-10-15 11:19:55.202908,0.31,-0.48,0.48,96.31,15.14,-19.04,0.00,0.00,ovf,1
m,2022-10-15 11:19:55.205027,0.29,-0.57,0.52,79.35,14.16,-23.68,-22.68,1.34,12.04,1
m,2022-10-15 11:19:55.215071,0.32,-0.61,0.58,8.67,7.32,-38.15,-22.68,1.34,12.04,1
m,2022-10-15 11:19:55.230591,0.28,-0.59,0.61,-24.29,0.73,-41.81,-22.68,1.34,12.04,1
m,2022-10-15 11:19:55.230591,0.36,-0.73,0.67,-57.56,-7.57,-51.82,-22.68,1.34,12.04,1
m,2022-10-15 11:19:55.252784,0.35,-0.61,0.69,-99.67,-18.68,-59.94,-22.68,1.34,12.04,1
m,2022-10-15 11:19:55.252784,0.47,-0.60,0.74,-109.25,-26.43,-61.34,-22.95,1.76,10.93,1
m,2022-10-15 11:19:55.264180,0.48,-0.52,0.73,-133.24,-41.44,-59.88,-22.95,1.76,10.93,1
m,2022-10-15 11:19:55.278204,0.47,-0.48,0.79,-129.33,-44.31,-51.88,-22.95,1.76,10.93,1
m,2022-10-15 11:19:55.278204,0.52,-0.49,0.79,-129.15,-47.12,-45.84,-22.95,1.76,10.93,1
m,2022-10-15 11:19:55.301052,0.54,-0.48,0.89,-138.98,-49.74,-42.24,-22.95,1.76,10.93,1
m,2022-10-15 11:19:55.312026,0.59,-0.37,0.74,-146.00,-53.22,-41.93,-23.95,2.38,9.05,1
m,2022-10-15 11:19:55.315038,0.72,-0.23,0.72,-138.12,-49.74,-41.20,-23.95,2.38,9.05,1
m,2022-10-15 11:19:55.328874,0.30,-0.30,0.89,-115.78,-40.83,-35.03,-23.95,2.38,9.05,1
m,2022-10-15 11:19:55.331478,0.57,-0.01,0.75,-133.00,-44.74,-32.10,-23.95,2.38,9.05,1
m,2022-10-15 11:19:55.343283,0.57,-0.01,0.75,-96.80,-35.83,-21.85,-23.95,2.38,9.05,1
m,2022-10-15 11:19:55.357576,0.62,-0.11,0.87,-54.26,-25.57,-13.06,-24.22,1.78,8.08,1
m,2022-10-15 11:19:55.359722,0.64,-0.11,0.97,-21.06,-16.72,-6.35,-24.22,1.78,8.08,1
m,2022-10-15 11:19:55.373240,0.65,-0.07,0.99,9.28,-10.19,-0.67,-24.22,1.78,8.08,1
m,2022-10-15 11:19:55.382432,0.40,-0.12,0.78,44.74,-2.99,5.43,-24.22,1.78,8.08,1
m,2022-10-15 11:19:55.391116,0.16,-0.36,0.70,81.05,23.93,-12.15,-24.22,1.78,8.08,1
m,2022-10-15 11:19:55.401983,0.27,-0.26,0.77,57.07,96.50,-12.51,-24.22,1.78,8.08,1
m,2022-10-15 11:19:55.417418,0.76,-0.02,0.81,42.66,112.30,-5.19,-22.75,2.39,8.97,1
m,2022-10-15 11:19:55.425622,0.77,-0.01,0.85,42.91,114.20,8.30,-22.75,2.39,8.97,1
m,2022-10-15 11:19:55.427162,0.76,-0.14,0.87,52.55,106.32,22.64,-22.75,2.39,8.97,1
m,2022-10-15 11:19:55.439430,0.75,-0.27,0.90,58.23,93.57,29.85,-22.75,2.39,8.97,1
m,2022-10-15 11:19:55.447991,0.74,-0.27,0.95,48.83,73.79,30.88,-22.75,2.39,8.97,1
m,2022-10-15 11:19:55.454757,0.74,-0.28,0.95,35.40,52.19,30.88,-21.90,2.80,9.23,1
m,2022-10-15 11:19:55.471304,0.71,-0.30,0.91,16.11,17.52,27.89,-21.90,2.80,9.23,1
m,2022-10-15 11:19:55.471304,0.65,-0.29,0.84,6.41,6.10,23.74,-21.90,2.80,9.23,1
m,2022-10-15 11:19:55.488931,0.60,-0.24,0.73,-1.83,0.79,18.98,-21.90,2.80,9.23,1
m,2022-10-15 11:19:55.498639,0.55,-0.21,0.71,-10.68,0.31,14.16,-21.90,2.80,9.23,1
