P,2022-10-22 11:12:11.695428,0.08,0.26,0.96,-25.57,2.69,-3.42,35.89,-24.66,-150.40,1
P,2022-10-22 11:12:11.715048,0.09,0.27,0.93,-21.24,4.33,2.38,37.19,-25.98,-150.23,1
P,2022-10-22 11:12:11.732727,0.09,0.33,0.92,-18.86,5.25,5.49,37.19,-25.98,-150.23,1
P,2022-10-22 11:12:11.749986,0.08,0.34,0.90,-7.02,6.23,11.72,37.19,-25.98,-150.23,1
P,2022-10-22 11:12:11.769212,0.09,0.33,0.88,-0.18,7.75,15.08,38.10,-27.58,-149.95,1
P,2022-10-22 11:12:11.787935,0.11,0.30,0.86,-8.36,7.14,11.23,38.10,-27.58,-149.95,1
P,2022-10-22 11:12:11.806848,0.09,0.35,0.87,-16.78,6.04,8.61,39.70,-29.26,-150.43,1
P,2022-10-22 11:12:11.824516,0.08,0.41,0.87,-25.09,6.96,5.49,39.70,-29.26,-150.43,1
P,2022-10-22 11:12:11.842707,0.07,0.48,0.86,-29.72,6.84,2.26,39.70,-29.26,-150.43,1
P,2022-10-22 11:12:11.861122,0.08,0.50,0.85,-29.97,5.25,-2.87,40.78,-30.47,-150.29,1
P,2022-10-22 11:12:11.879281,0.05,0.50,0.86,-30.52,3.72,-6.96,40.78,-30.47,-150.29,1
P,2022-10-22 11:12:11.897206,0.05,0.50,0.83,-16.60,2.50,-3.30,40.78,-30.47,-150.29,1
P,2022-10-22 11:12:11.916494,0.07,0.47,0.77,-1.46,0.31,0.61,42.83,-32.17,-152.78,1
P,2022-10-22 11:12:11.934275,0.10,0.40,0.70,0.55,-4.27,1.10,42.83,-32.17,-152.78,1
P,2022-10-22 11:12:11.952955,-0.80,0.44,1.04,3.91,-2.14,-5.25,42.83,-32.17,-152.78,1
P,2022-10-22 11:12:11.971992,0.05,0.44,0.81,21.42,12.51,2.93,43.01,-33.29,-152.33,1
P,2022-10-22 11:12:11.990384,0.01,0.33,0.45,10.38,15.87,0.31,43.01,-33.29,-152.33,1
P,2022-10-22 11:12:12.010148,0.07,0.30,0.76,-3.42,-3.85,-9.46,42.75,-32.51,-154.33,1
P,2022-10-22 11:12:12.027183,0.05,0.34,0.73,-13.98,-19.47,-2.20,42.75,-32.51,-154.33,1
P,2022-10-22 11:12:12.045792,0.03,0.33,0.70,-11.60,-27.65,6.35,42.75,-32.51,-154.33,1
P,2022-10-22 11:12:12.064742,0.03,0.34,0.69,-10.56,-35.34,12.94,37.29,-32.82,-154.15,1
P,2022-10-22 11:12:12.082076,0.01,0.40,0.70,-9.58,-40.77,15.69,37.29,-32.82,-154.15,1
P,2022-10-22 11:12:12.100698,-0.00,0.45,0.73,-10.62,-36.38,14.10,37.29,-32.82,-154.15,1
P,2022-10-22 11:12:12.120391,-0.01,0.48,0.78,-0.85,-32.84,16.42,28.63,-34.28,-154.64,1
P,2022-10-22 11:12:12.137111,-0.02,0.47,0.85,9.58,-31.86,20.87,28.63,-34.28,-154.64,1
P,2022-10-22 11:12:12.156041,-0.02,0.48,0.92,13.37,-29.66,21.30,20.17,-34.06,-154.11,1
P,2022-10-22 11:12:12.174216,-0.04,0.48,0.97,4.46,-25.45,15.75,20.17,-34.06,-154.11,1
P,2022-10-22 11:12:12.192473,-0.04,0.53,1.08,-3.54,-24.60,12.45,20.17,-34.06,-154.11,1
P,2022-10-22 11:12:12.211660,-0.05,0.59,1.15,-12.70,-18.13,4.46,13.50,-35.29,-154.66,1
P,2022-10-22 11:12:12.229883,-0.06,0.63,1.19,-12.27,-7.51,0.92,13.50,-35.29,-154.66,1
P,2022-10-22 11:12:12.247261,-0.05,0.64,1.18,-6.47,4.15,-2.38,13.50,-35.29,-154.66,1
P,2022-10-22 11:12:12.266660,-0.01,0.56,0.99,34.42,-7.51,4.39,12.43,-36.00,-154.24,1
P,2022-10-22 11:12:12.284071,-0.11,0.42,1.13,31.98,-3.17,2.20,12.43,-36.00,-154.24,1
P,2022-10-22 11:12:12.302252,-0.05,0.51,1.02,4.94,28.14,2.26,12.43,-36.00,-154.24,1
P,2022-10-22 11:12:12.322037,-0.04,0.47,1.00,6.96,33.26,-1.22,15.42,-35.52,-155.32,1
P,2022-10-22 11:12:12.339330,-0.03,0.48,1.01,0.00,39.55,-3.72,15.42,-35.52,-155.32,1
P,2022-10-22 11:12:12.358660,-0.01,0.48,0.92,2.93,36.13,-2.75,20.94,-35.00,-154.71,1
P,2022-10-22 11:12:12.375939,-0.01,0.45,0.90,6.65,32.78,-3.48,20.94,-35.00,-154.71,1
P,2022-10-22 11:12:12.394167,-0.02,0.49,0.89,3.30,33.39,-5.00,20.94,-35.00,-154.71,1
P,2022-10-22 11:12:12.413414,-0.00,0.52,0.88,-5.43,36.38,-10.62,27.83,-34.58,-155.76,1
P,2022-10-22 11:12:12.431414,0.01,0.56,0.82,-12.63,35.52,-24.48,27.83,-34.58,-155.76,1
P,2022-10-22 11:12:12.448963,0.03,0.51,0.79,-5.98,32.17,-28.69,27.83,-34.58,-155.76,1
P,2022-10-22 11:12:12.468795,0.02,0.46,0.76,-6.16,29.11,-31.74,36.01,-34.27,-154.10,1
P,2022-10-22 11:12:12.486940,0.04,0.45,0.75,-10.13,26.31,-33.87,36.01,-34.27,-154.10,1
P,2022-10-22 11:12:12.505766,0.06,0.45,0.75,-5.43,19.53,-26.61,43.62,-33.67,-152.38,1
P,2022-10-22 11:12:12.523245,0.05,0.41,0.70,7.69,12.70,-16.48,43.62,-33.67,-152.38,1
P,2022-10-22 11:12:12.541511,0.06,0.41,0.69,7.51,7.32,-16.66,43.62,-33.67,-152.38,1
P,2022-10-22 11:12:12.560231,0.05,0.49,0.68,-5.55,4.46,-24.72,48.11,-32.69,-151.32,1
P,2022-10-22 11:12:12.578752,0.06,0.48,0.66,-9.70,-3.72,-34.18,48.11,-32.69,-151.32,1
P,2022-10-22 11:12:12.596822,0.06,0.41,0.64,-2.14,-8.73,-29.66,48.11,-32.69,-151.32,1
P,2022-10-22 11:12:12.615574,0.07,0.35,0.67,7.32,-12.21,-22.71,48.14,-31.41,-150.20,1
P,2022-10-22 11:12:12.633265,0.07,0.35,0.70,14.89,-14.28,-16.17,48.14,-31.41,-150.20,1
P,2022-10-22 11:12:12.651265,0.08,0.34,0.72,12.88,-18.98,-15.01,48.14,-31.41,-150.20,1
P,2022-10-22 11:12:12.671253,0.08,0.30,0.76,5.62,-24.84,-14.71,45.91,-29.94,-151.12,1
P,2022-10-22 11:12:12.689243,0.09,0.31,0.83,0.92,-28.08,-12.63,45.91,-29.94,-151.12,1
P,2022-10-22 11:12:12.707904,0.09,0.30,0.88,1.71,-29.05,-8.36,41.04,-29.44,-152.36,1
P,2022-10-22 11:12:12.726754,0.09,0.29,0.90,7.63,-28.14,1.53,41.04,-29.44,-152.36,1
P,2022-10-22 11:12:12.744370,0.08,0.27,0.93,4.58,-26.00,4.76,41.04,-29.44,-152.36,1
P,2022-10-22 11:12:12.763008,0.08,0.27,0.95,1.89,-26.49,9.09,34.69,-30.27,-152.22,1
P,2022-10-22 11:12:12.781025,0.06,0.31,0.99,-1.83,-24.96,13.18,34.69,-30.27,-152.22,1
P,2022-10-22 11:12:12.799375,0.06,0.33,0.99,4.33,-20.20,21.73,34.69,-30.27,-152.22,1
P,2022-10-22 11:12:12.817820,0.06,0.37,1.00,-0.12,-10.62,24.17,29.74,-31.27,-152.31,1
P,2022-10-22 11:12:12.836083,0.04,0.46,1.05,-5.19,-6.29,21.12,29.74,-31.27,-152.31,1
P,2022-10-22 11:12:12.855660,0.04,0.49,1.07,-0.67,-1.46,20.51,26.97,-32.36,-153.48,1
P,2022-10-22 11:12:12.873133,0.04,0.47,1.05,7.63,5.13,23.80,26.97,-32.36,-153.48,1
P,2022-10-22 11:12:12.891459,0.03,0.50,1.00,11.90,11.54,21.36,26.97,-32.36,-153.48,1
P,2022-10-22 11:12:12.910642,0.02,0.52,0.99,3.23,14.47,14.04,26.97,-32.87,-153.96,1
P,2022-10-22 11:12:12.928935,0.03,0.51,0.96,4.88,19.10,14.28,26.97,-32.87,-153.96,1
P,2022-10-22 11:12:12.946533,0.02,0.50,0.89,8.24,20.32,15.32,26.97,-32.87,-153.96,1
P,2022-10-22 11:12:12.964867,0.02,0.48,0.83,8.85,19.41,12.76,29.22,-33.53,-155.47,1
P,2022-10-22 11:12:12.983907,0.01,0.50,0.79,-2.75,8.24,-0.67,29.22,-33.53,-155.47,1
P,2022-10-22 11:12:13.001281,-0.00,0.55,0.76,-5.31,5.00,-4.94,29.22,-33.53,-155.47,1
P,2022-10-22 11:12:13.020407,0.01,0.54,0.74,6.29,1.95,-3.85,30.76,-33.96,-155.32,1
P,2022-10-22 11:12:13.039141,-0.05,0.52,0.67,13.31,-1.40,-0.12,30.76,-33.96,-155.32,1
P,2022-10-22 11:12:13.056913,-0.00,0.40,0.79,13.61,0.55,8.85,31.49,-32.40,-155.55,1
P,2022-10-22 11:12:13.075421,-0.06,0.61,0.74,0.06,11.78,11.05,31.49,-32.40,-155.55,1
P,2022-10-22 11:12:13.093855,-0.07,0.64,0.81,-46.02,0.06,-26.25,31.49,-32.40,-155.55,1
P,2022-10-22 11:12:13.114085,-0.23,0.70,1.02,-25.57,-6.53,-23.56,30.83,-33.01,-154.91,1
P,2022-10-22 11:12:13.131812,-0.16,0.68,0.97,39.00,13.12,-3.11,30.83,-33.01,-154.91,1
P,2022-10-22 11:12:13.149117,-0.01,0.62,0.88,43.40,14.77,-9.70,30.83,-33.01,-154.91,1
P,2022-10-22 11:12:13.169130,0.04,0.55,0.84,45.04,10.25,-17.40,32.60,-29.27,-152.62,1
P,2022-10-22 11:12:13.186311,0.13,0.41,0.78,38.88,7.69,-22.58,32.60,-29.27,-152.62,1
P,2022-10-22 11:12:13.204870,0.17,0.35,0.76,15.26,-13.85,-30.27,34.68,-25.81,-150.81,1
P,2022-10-22 11:12:13.224157,0.16,0.36,0.79,2.62,-9.40,-26.86,34.68,-25.81,-150.81,1
P,2022-10-22 11:12:13.241515,0.15,0.32,0.82,0.49,-13.67,-26.61,34.68,-25.81,-150.81,1
P,2022-10-22 11:12:13.260912,0.12,0.32,0.89,-6.04,-15.32,-27.95,36.33,-24.18,-148.34,1
P,2022-10-22 11:12:13.278912,0.09,0.27,0.95,-4.46,-12.76,-25.94,36.33,-24.18,-148.34,1
