j,2022-10-31 17:51:03.264283,0.52,-0.42,0.75,-0.37,-1.59,6.35,-21.83,-123.69,-146.13,1
j,2022-10-31 17:51:03.283218,0.51,-0.37,0.76,-11.78,-5.37,8.18,-20.85,-123.56,-147.22,1
j,2022-10-31 17:51:03.301333,0.40,-0.34,0.77,-10.13,-6.65,14.04,-20.85,-123.56,-147.22,1
j,2022-10-31 17:51:03.320315,0.37,-0.34,0.77,-4.94,-6.16,15.38,-22.77,-124.41,-148.19,1
j,2022-10-31 17:51:03.338324,0.46,-0.36,0.75,-8.12,-5.86,17.52,-22.77,-124.41,-148.19,1
j,2022-10-31 17:51:03.356393,0.48,-0.27,0.69,-20.81,-10.80,16.66,-22.77,-124.41,-148.19,1
j,2022-10-31 17:51:03.375382,0.43,-0.15,0.73,-45.23,-21.30,2.93,-26.07,-125.89,-150.62,1
j,2022-10-31 17:51:03.393133,-0.93,0.27,1.82,-59.45,9.16,-39.00,-26.07,-125.89,-150.62,1
j,2022-10-31 17:51:03.411249,0.28,0.00,0.78,-0.18,18.92,-6.65,-26.07,-125.89,-150.62,1
j,2022-10-31 17:51:03.430039,0.38,0.02,0.87,24.29,-10.01,5.92,-26.76,-127.61,-150.10,1
j,2022-10-31 17:51:03.448343,0.33,-0.03,0.86,46.26,-23.68,-4.46,-26.76,-127.61,-150.10,1
j,2022-10-31 17:51:03.467114,0.40,-0.12,0.87,35.34,-28.20,-18.25,-26.75,-127.45,-147.89,1
j,2022-10-31 17:51:03.485295,0.42,-0.16,0.90,9.58,-8.61,-35.64,-26.75,-127.45,-147.89,1
j,2022-10-31 17:51:03.503136,0.48,-0.17,0.99,19.35,7.08,-24.29,-26.75,-127.45,-147.89,1
j,2022-10-31 17:51:03.522071,0.49,-0.29,0.99,45.59,13.37,-5.31,-23.73,-127.43,-147.09,1
j,2022-10-31 17:51:03.540260,0.48,-0.45,1.00,55.30,15.08,-0.12,-23.73,-127.43,-147.09,1
j,2022-10-31 17:51:03.558189,0.51,-0.53,0.98,28.69,17.94,-5.86,-23.73,-127.43,-147.09,1
j,2022-10-31 17:51:03.577209,0.47,-0.53,0.96,2.75,20.75,-11.72,-19.96,-126.03,-145.00,1
j,2022-10-31 17:51:03.595474,0.49,-0.42,0.94,-5.07,16.66,-9.03,-19.96,-126.03,-145.00,1
j,2022-10-31 17:51:03.613382,0.56,-0.38,1.03,-17.27,11.11,-6.90,-19.96,-126.03,-145.00,1
j,2022-10-31 17:51:03.632263,0.45,-0.34,0.89,-15.69,12.82,-4.82,-18.21,-126.48,-146.62,1
j,2022-10-31 17:51:03.650401,0.41,-0.35,0.80,-14.65,15.01,3.36,-18.21,-126.48,-146.62,1
j,2022-10-31 17:51:03.669147,0.49,-0.31,0.83,-10.99,10.38,3.97,-17.04,-125.63,-147.02,1
j,2022-10-31 17:51:03.687276,0.30,-0.26,0.74,-21.55,11.72,0.67,-17.04,-125.63,-147.02,1
j,2022-10-31 17:51:03.705394,0.38,-0.15,0.78,-19.23,10.07,-5.43,-17.04,-125.63,-147.02,1
j,2022-10-31 17:51:03.724296,0.38,-0.14,0.82,0.06,10.01,-0.92,-16.25,-125.66,-149.96,1
j,2022-10-31 17:51:03.742156,0.41,-0.26,0.77,15.08,6.53,3.78,-16.25,-125.66,-149.96,1
j,2022-10-31 17:51:03.760192,0.34,-0.39,0.72,6.84,5.37,2.75,-16.25,-125.66,-149.96,1
j,2022-10-31 17:51:03.779478,0.36,-0.44,0.70,-19.96,-2.44,-2.87,-16.05,-124.63,-148.72,1
j,2022-10-31 17:51:03.797385,0.35,-0.31,0.77,-46.33,-11.29,-4.52,-16.05,-124.63,-148.72,1
j,2022-10-31 17:51:03.816267,0.32,-0.13,0.95,-27.22,-9.58,4.21,-16.77,-124.98,-150.54,1
j,2022-10-31 17:51:03.834176,0.29,-0.14,1.03,5.13,4.09,10.74,-16.77,-124.98,-150.54,1
j,2022-10-31 17:51:03.852180,0.43,-0.21,0.92,30.52,21.06,15.26,-16.77,-124.98,-150.54,1
j,2022-10-31 17:51:03.871189,0.59,-0.30,0.80,15.08,27.65,-0.98,-16.32,-121.80,-151.01,1
j,2022-10-31 17:51:03.889405,0.66,-0.25,0.79,-13.24,20.14,-3.78,-16.32,-121.80,-151.01,1
j,2022-10-31 17:51:03.907376,0.64,-0.20,0.77,-14.34,9.70,-4.70,-16.32,-121.80,-151.01,1
j,2022-10-31 17:51:03.926391,0.57,-0.24,0.77,-12.39,6.10,-5.43,-15.76,-121.96,-152.98,1
j,2022-10-31 17:51:03.944237,0.54,-0.28,0.72,-2.08,3.05,2.93,-15.76,-121.96,-152.98,1
j,2022-10-31 17:51:03.962196,0.49,-0.35,0.72,-6.84,-9.70,6.59,-15.76,-121.96,-152.98,1
j,2022-10-31 17:51:03.981406,0.27,-0.33,0.76,-24.29,-11.23,4.46,-17.04,-122.86,-152.40,1
j,2022-10-31 17:51:03.999501,-0.49,-0.02,1.09,-36.62,-6.04,-8.06,-17.04,-122.86,-152.40,1
j,2022-10-31 17:51:04.019204,0.36,0.00,0.74,-32.96,8.12,-21.24,-18.10,-124.65,-153.76,1
j,2022-10-31 17:51:04.037259,0.36,0.01,0.75,-32.53,0.73,-10.07,-18.10,-124.65,-153.76,1
j,2022-10-31 17:51:04.055293,0.37,-0.09,0.80,7.32,-13.92,17.64,-18.10,-124.65,-153.76,1
j,2022-10-31 17:51:04.074259,0.36,-0.02,0.80,9.77,-28.14,11.35,-18.64,-125.60,-153.43,1
j,2022-10-31 17:51:04.092396,0.46,-0.04,0.87,22.71,-32.17,-1.83,-18.64,-125.60,-153.43,1
j,2022-10-31 17:51:04.110192,0.48,-0.06,0.86,21.73,-6.59,-11.23,-18.64,-125.60,-153.43,1
j,2022-10-31 17:51:04.129272,0.54,-0.17,0.95,23.19,12.94,-10.62,-18.75,-124.45,-152.26,1
j,2022-10-31 17:51:04.147263,0.48,-0.27,0.97,25.76,21.00,-5.37,-18.75,-124.45,-152.26,1
j,2022-10-31 17:51:04.166222,0.54,-0.30,0.97,31.19,21.67,-0.06,-16.30,-123.85,-150.99,1
j,2022-10-31 17:51:04.184255,0.53,-0.40,0.94,11.72,18.31,-5.68,-16.30,-123.85,-150.99,1
j,2022-10-31 17:51:04.202196,0.49,-0.48,0.83,-2.93,6.90,-3.30,-16.30,-123.85,-150.99,1
j,2022-10-31 17:51:04.221397,0.42,-0.46,0.78,-20.81,4.21,-0.85,-16.08,-123.32,-152.06,1
j,2022-10-31 17:51:04.239267,0.36,-0.49,0.73,-25.57,1.83,5.43,-16.08,-123.32,-152.06,1
j,2022-10-31 17:51:04.257206,0.26,-0.53,0.73,-13.98,-5.25,23.50,-16.08,-123.32,-152.06,1
j,2022-10-31 17:51:04.276358,0.16,-0.57,0.74,-1.40,-4.94,28.81,-17.59,-123.69,-154.30,1
j,2022-10-31 17:51:04.294195,0.16,-0.61,0.69,15.69,0.73,41.26,-17.59,-123.69,-154.30,1
j,2022-10-31 17:51:04.312058,0.25,-0.60,0.60,21.00,0.43,50.42,-17.59,-123.69,-154.30,1
j,2022-10-31 17:51:04.331427,0.26,-0.55,0.53,-4.58,-2.26,45.90,-20.98,-120.14,-156.93,1
j,2022-10-31 17:51:04.349359,0.22,-0.50,0.52,-22.28,-1.10,45.04,-20.98,-120.14,-156.93,1
j,2022-10-31 17:51:04.368231,0.31,-0.42,0.58,-17.76,0.85,49.32,-23.75,-113.89,-160.42,1
j,2022-10-31 17:51:04.386352,0.34,-0.42,0.56,-6.35,-0.61,56.34,-23.75,-113.89,-160.42,1
j,2022-10-31 17:51:04.404236,0.37,-0.47,0.48,6.96,-5.92,66.28,-23.75,-113.89,-160.42,1
j,2022-10-31 17:51:04.423440,0.51,-0.41,0.45,-2.87,-14.65,67.81,-26.70,-106.01,-160.18,1
j,2022-10-31 17:51:04.441372,0.56,-0.11,0.67,-58.65,-29.60,52.12,-26.70,-106.01,-160.18,1
j,2022-10-31 17:51:04.459272,0.53,0.06,0.76,-62.50,-30.82,51.03,-26.70,-106.01,-160.18,1
j,2022-10-31 17:51:04.478279,0.52,0.13,0.83,-34.97,-34.91,60.36,-29.64,-100.57,-152.22,1
