N,2022-11-09 12:02:56.407592,0.06,-0.27,1.04,32.10,36.50,31.07,72.51,-28.89,-105.57,1
N,2022-11-09 12:02:56.425657,0.06,-0.25,0.92,14.59,36.50,20.63,72.51,-28.89,-105.57,1
N,2022-11-09 12:02:56.444687,0.09,-0.17,0.82,8.00,36.68,22.40,70.08,-29.94,-101.01,1
N,2022-11-09 12:02:56.462597,0.10,-0.38,0.86,28.08,25.39,26.25,70.08,-29.94,-101.01,1
N,2022-11-09 12:02:56.481665,0.06,-0.18,0.95,8.24,10.44,27.16,67.25,-31.31,-99.96,1
N,2022-11-09 12:02:56.499676,0.04,-0.18,0.92,65.12,8.36,29.17,67.25,-31.31,-99.96,1
N,2022-11-09 12:02:56.517673,0.12,-0.20,0.95,97.05,1.28,31.62,67.25,-31.31,-99.96,1
N,2022-11-09 12:02:56.536629,0.11,-0.32,0.85,106.99,5.19,22.46,65.21,-29.72,-104.93,1
N,2022-11-09 12:02:56.554581,0.08,-0.39,0.81,92.35,5.43,24.41,65.21,-29.72,-104.93,1
N,2022-11-09 12:02:56.572663,0.11,-0.42,0.75,85.51,6.35,20.08,65.21,-29.72,-104.93,1
N,2022-11-09 12:02:56.591608,0.06,-0.45,0.72,49.93,-0.24,23.19,63.75,-28.05,-106.77,1
N,2022-11-09 12:02:56.609659,0.10,-0.46,0.74,41.75,-0.79,24.72,63.75,-28.05,-106.77,1
N,2022-11-09 12:02:56.628715,0.11,-0.46,0.69,24.96,-3.54,23.93,63.33,-27.88,-109.88,1
N,2022-11-09 12:02:56.646791,0.20,-0.32,0.70,-3.42,-5.86,19.59,63.33,-27.88,-109.88,1
N,2022-11-09 12:02:56.664823,0.22,-0.40,0.66,3.11,-14.22,4.27,63.33,-27.88,-109.88,1
N,2022-11-09 12:02:56.683880,0.27,-0.32,0.72,19.47,-22.16,-4.52,62.81,-29.42,-112.55,1
N,2022-11-09 12:02:56.701846,0.17,-0.33,0.69,35.28,-26.73,-19.59,62.81,-29.42,-112.55,1
N,2022-11-09 12:02:56.719759,0.02,-0.40,0.70,35.40,-26.18,-22.09,62.81,-29.42,-112.55,1
N,2022-11-09 12:02:56.738666,-1.52,-1.21,0.96,44.92,27.10,28.38,62.32,-31.52,-114.33,1
N,2022-11-09 12:02:56.756648,0.09,-0.69,0.76,56.58,7.75,15.44,62.32,-31.52,-114.33,1
N,2022-11-09 12:02:56.774765,0.10,-0.49,0.69,26.06,-2.14,-2.20,62.32,-31.52,-114.33,1
N,2022-11-09 12:02:56.793781,0.08,-0.45,0.66,0.61,-10.25,-18.37,62.71,-32.57,-113.92,1
N,2022-11-09 12:02:56.811920,0.05,-0.39,0.67,-7.93,-18.13,-23.44,62.71,-32.57,-113.92,1
N,2022-11-09 12:02:56.830812,0.05,-0.33,0.69,13.18,-26.86,-16.30,64.77,-34.80,-112.37,1
N,2022-11-09 12:02:56.848688,0.06,-0.46,0.73,36.25,-34.85,-10.44,64.77,-34.80,-112.37,1
N,2022-11-09 12:02:56.866804,0.06,-0.55,0.77,35.40,-33.81,-10.13,64.77,-34.80,-112.37,1
N,2022-11-09 12:02:56.885713,0.10,-0.62,0.81,34.00,-33.02,-14.77,68.98,-37.29,-112.35,1
N,2022-11-09 12:02:56.903880,0.12,-0.69,0.99,23.19,-27.16,-14.77,68.98,-37.29,-112.35,1
N,2022-11-09 12:02:56.921850,0.16,-0.72,1.05,23.86,-20.14,-9.64,68.98,-37.29,-112.35,1
N,2022-11-09 12:02:56.940821,0.16,-0.76,1.09,20.51,-10.86,-5.07,74.05,-37.98,-112.88,1
N,2022-11-09 12:02:56.958793,0.16,-0.80,1.09,23.38,-1.77,2.81,74.05,-37.98,-112.88,1
N,2022-11-09 12:02:56.977823,0.11,-0.74,0.92,25.33,-8.12,-2.20,74.72,-37.23,-114.78,1
N,2022-11-09 12:02:56.995762,0.16,-0.84,1.07,27.59,-31.07,-22.40,74.72,-37.23,-114.78,1
N,2022-11-09 12:02:57.013659,0.08,-0.71,0.93,22.64,5.31,19.90,74.72,-37.23,-114.78,1
N,2022-11-09 12:02:57.032599,0.12,-0.74,0.96,22.16,13.92,20.69,72.24,-35.94,-115.03,1
N,2022-11-09 12:02:57.050693,0.11,-0.74,0.94,8.97,32.90,23.38,72.24,-35.94,-115.03,1
N,2022-11-09 12:02:57.068702,0.12,-0.69,0.83,-1.22,39.43,22.09,72.24,-35.94,-115.03,1
N,2022-11-09 12:02:57.087652,0.11,-0.62,0.77,-5.86,37.72,21.61,68.02,-34.01,-115.87,1
N,2022-11-09 12:02:57.105696,0.11,-0.63,0.82,-2.87,28.75,19.84,68.02,-34.01,-115.87,1
N,2022-11-09 12:02:57.123716,0.11,-0.52,0.74,-4.64,26.25,16.54,68.02,-34.01,-115.87,1
N,2022-11-09 12:02:57.142466,0.08,-0.48,0.75,8.12,20.32,15.44,64.16,-31.45,-116.91,1
N,2022-11-09 12:02:57.160689,0.07,-0.47,0.60,7.57,19.71,12.51,64.16,-31.45,-116.91,1
N,2022-11-09 12:02:57.179590,0.04,-0.48,0.55,4.76,12.21,5.92,64.10,-28.48,-119.86,1
N,2022-11-09 12:02:57.197712,0.03,-0.45,0.50,8.30,1.89,-0.67,64.10,-28.48,-119.86,1
N,2022-11-09 12:02:57.215866,0.05,-0.46,0.55,28.38,-17.09,-2.75,64.10,-28.48,-119.86,1
N,2022-11-09 12:02:57.234602,0.09,-0.50,0.62,11.78,3.30,17.15,64.33,-27.80,-119.85,1
N,2022-11-09 12:02:57.252789,-0.21,-0.06,0.45,10.80,21.55,30.52,64.33,-27.80,-119.85,1
N,2022-11-09 12:02:57.270859,0.04,-0.41,0.60,11.05,-13.18,-21.36,64.33,-27.80,-119.85,1
N,2022-11-09 12:02:57.289795,0.05,-0.40,0.66,5.13,-14.71,-26.25,64.93,-29.59,-118.49,1
N,2022-11-09 12:02:57.307869,0.07,-0.46,0.71,1.34,-12.88,-33.57,64.93,-29.59,-118.49,1
N,2022-11-09 12:02:57.326717,0.09,-0.51,0.74,9.89,-14.71,-34.12,69.43,-33.54,-115.12,1
N,2022-11-09 12:02:57.344848,0.11,-0.59,0.75,23.56,-19.04,-32.23,69.43,-33.54,-115.12,1
N,2022-11-09 12:02:57.362770,0.11,-0.69,0.74,30.33,-21.67,-33.02,69.43,-33.54,-115.12,1
N,2022-11-09 12:02:57.381667,0.13,-0.85,0.75,24.66,-16.72,-30.09,78.00,-35.19,-114.17,1
N,2022-11-09 12:02:57.399857,0.14,-0.92,0.77,13.37,-10.93,-26.12,78.00,-35.19,-114.17,1
N,2022-11-09 12:02:57.417772,0.16,-0.97,0.83,10.80,-6.47,-17.88,78.00,-35.19,-114.17,1
N,2022-11-09 12:02:57.436697,0.18,-0.97,0.89,11.72,-2.81,-8.48,84.39,-35.72,-114.06,1
N,2022-11-09 12:02:57.454601,0.17,-1.00,0.85,15.44,2.81,7.20,84.39,-35.72,-114.06,1
N,2022-11-09 12:02:57.472785,0.12,-0.83,0.81,11.60,-9.52,-8.73,84.39,-35.72,-114.06,1
N,2022-11-09 12:02:57.491753,0.20,-0.99,1.04,6.41,-25.70,-31.37,84.36,-34.24,-114.48,1
N,2022-11-09 12:02:57.509785,0.12,-0.78,0.89,-2.75,21.91,16.91,84.36,-34.24,-114.48,1
N,2022-11-09 12:02:57.528557,0.15,-0.79,0.88,5.07,30.82,23.19,81.70,-34.01,-113.66,1
N,2022-11-09 12:02:57.546596,0.13,-0.76,0.85,2.99,38.51,25.39,81.70,-34.01,-113.66,1
N,2022-11-09 12:02:57.564591,0.15,-0.74,0.76,2.14,41.44,25.45,81.70,-34.01,-113.66,1
N,2022-11-09 12:02:57.583606,0.13,-0.73,0.73,3.05,35.95,23.68,76.90,-32.52,-115.12,1
N,2022-11-09 12:02:57.601597,0.13,-0.71,0.70,1.40,29.60,23.13,76.90,-32.52,-115.12,1
N,2022-11-09 12:02:57.619804,0.13,-0.63,0.62,-3.66,24.54,20.81,76.90,-32.52,-115.12,1
N,2022-11-09 12:02:57.638590,0.10,-0.60,0.57,-5.86,22.28,19.90,73.60,-29.38,-116.50,1
N,2022-11-09 12:02:57.656778,0.08,-0.56,0.53,-3.78,15.08,17.88,73.60,-29.38,-116.50,1
N,2022-11-09 12:02:57.674715,0.06,-0.53,0.51,-3.36,8.06,12.88,73.60,-29.38,-116.50,1
N,2022-11-09 12:02:57.693555,0.04,-0.49,0.50,-3.85,1.10,3.54,73.14,-27.62,-118.58,1
N,2022-11-09 12:02:57.711859,0.06,-0.50,0.52,-7.14,-5.19,-4.94,73.14,-27.62,-118.58,1
N,2022-11-09 12:02:57.730647,0.11,-0.57,0.59,-13.92,3.60,3.30,73.56,-27.00,-118.76,1
N,2022-11-09 12:02:57.748863,-0.02,-0.35,0.48,-24.90,16.24,14.59,73.56,-27.00,-118.76,1
N,2022-11-09 12:02:57.766837,0.05,-0.45,0.57,-8.12,-24.78,-18.98,73.56,-27.00,-118.76,1
N,2022-11-09 12:02:57.786026,-0.11,-0.55,0.73,-0.67,-31.80,-18.19,72.61,-28.03,-118.47,1
N,2022-11-09 12:02:57.803729,-0.07,-0.54,0.76,20.32,-25.09,-2.75,72.61,-28.03,-118.47,1
N,2022-11-09 12:02:57.821863,0.04,-0.61,0.73,29.05,-18.19,-3.72,72.61,-28.03,-118.47,1
N,2022-11-09 12:02:57.840697,0.10,-0.63,0.75,16.30,-11.54,-10.56,75.94,-28.15,-114.98,1
N,2022-11-09 12:02:57.858934,0.10,-0.64,0.78,7.14,-7.75,-18.49,75.94,-28.15,-114.98,1
N,2022-11-09 12:02:57.877709,0.13,-0.69,0.76,16.11,-9.70,-20.63,82.25,-27.43,-112.41,1
N,2022-11-09 12:02:57.895805,0.17,-0.66,0.75,16.66,-6.84,-26.79,82.25,-27.43,-112.41,1
N,2022-11-09 12:02:57.913928,0.17,-0.76,0.77,6.71,-5.19,-30.88,82.25,-27.43,-112.41,1
N,2022-11-09 12:02:57.932786,0.28,-0.61,0.60,23.68,-5.43,-35.52,88.42,-23.71,-110.33,1
N,2022-11-09 12:02:57.950819,0.21,-0.77,0.79,1.28,-4.94,-31.43,88.42,-23.71,-110.33,1
N,2022-11-09 12:02:57.968788,0.27,-0.81,0.78,4.03,0.73,-25.33,88.42,-23.71,-110.33,1
