B,2022-10-20 13:39:19.056998,0.39,0.44,0.90,-65.86,27.40,-16.66,12.35,-6.97,-43.18,1
B,2022-10-20 13:39:19.088030,0.03,0.62,0.79,-68.97,-4.76,-13.06,12.35,-6.97,-43.18,1
B,2022-10-20 13:39:19.103340,-0.24,0.63,0.63,-49.74,-0.43,5.31,11.45,-10.29,-44.03,1
B,2022-10-20 13:39:19.123505,0.05,0.59,0.62,-34.42,33.63,24.23,11.45,-10.29,-44.03,1
B,2022-10-20 13:39:19.144223,0.19,0.52,0.75,-38.33,43.88,25.94,11.91,-12.52,-42.48,1
B,2022-10-20 13:39:19.175090,0.15,0.59,0.83,-53.83,34.61,14.59,11.91,-12.52,-42.48,1
B,2022-10-20 13:39:19.195683,0.01,0.69,0.83,-49.19,25.45,4.27,11.91,-12.52,-42.48,1
B,2022-10-20 13:39:19.216675,0.16,0.72,0.77,-37.72,27.40,4.03,12.70,-15.21,-41.30,1
B,2022-10-20 13:39:19.236632,0.23,0.64,0.81,-41.50,22.22,-3.91,12.70,-15.21,-41.30,1
B,2022-10-20 13:39:19.256680,0.14,0.80,0.63,-34.36,14.10,-9.89,13.67,-17.25,-40.31,1
B,2022-10-20 13:39:19.277835,0.20,0.74,0.64,-0.55,32.04,-3.48,13.67,-17.25,-40.31,1
B,2022-10-20 13:39:19.298248,0.18,0.54,0.86,7.87,23.93,-1.71,15.99,-18.96,-40.78,1
B,2022-10-20 13:39:19.318462,-0.01,0.53,0.77,22.46,-13.79,11.84,15.99,-18.96,-40.78,1
B,2022-10-20 13:39:19.339375,0.11,0.36,0.61,28.69,5.19,-3.30,16.36,-18.23,-40.04,1
B,2022-10-20 13:39:19.360119,-0.04,0.61,0.99,2.56,-20.81,18.92,16.36,-18.23,-40.04,1
B,2022-10-20 13:39:19.380520,0.05,0.63,0.86,52.49,-90.64,46.08,16.36,-18.23,-40.04,1
B,2022-10-20 13:39:19.410707,0.06,0.66,0.73,68.42,-113.22,60.49,11.55,-15.25,-41.28,1
B,2022-10-20 13:39:19.420900,0.08,0.58,0.63,59.39,-133.67,86.00,11.55,-15.25,-41.28,1
B,2022-10-20 13:39:19.448773,0.00,0.44,0.58,30.64,-135.13,82.70,2.87,-11.15,-41.44,1
B,2022-10-20 13:39:19.468875,-0.07,0.46,0.68,3.42,-113.83,57.43,2.87,-11.15,-41.44,1
B,2022-10-20 13:39:19.493645,-0.11,0.63,0.73,-7.57,-63.84,17.76,2.87,-11.15,-41.44,1
B,2022-10-20 13:39:19.514287,-0.14,0.75,0.96,-15.87,-41.87,13.55,-2.77,-10.28,-40.19,1
B,2022-10-20 13:39:19.534713,-0.21,0.68,0.71,-15.20,-8.61,10.25,-2.77,-10.28,-40.19,1
B,2022-10-20 13:39:19.554778,-0.22,0.75,0.98,-3.78,-18.68,24.05,-3.93,-10.08,-40.48,1
B,2022-10-20 13:39:19.575160,-0.19,0.54,0.18,34.36,36.99,-2.81,-3.93,-10.08,-40.48,1
B,2022-10-20 13:39:19.595330,-0.29,0.84,0.31,13.67,126.89,-13.31,-3.93,-10.08,-40.48,1
B,2022-10-20 13:39:19.620813,-0.05,0.68,0.55,-6.84,194.40,-7.57,0.87,-9.97,-40.83,1
B,2022-10-20 13:39:19.631008,0.09,0.35,0.91,-31.98,196.29,-10.19,0.87,-9.97,-40.83,1
B,2022-10-20 13:39:19.661348,0.20,0.26,1.14,-32.84,150.70,-20.08,9.06,-14.15,-39.36,1
B,2022-10-20 13:39:19.681313,0.27,0.17,1.07,-18.49,51.27,-24.35,9.06,-14.15,-39.36,1
B,2022-10-20 13:39:19.702094,0.22,0.27,0.85,-30.52,-4.27,-33.08,12.27,-16.06,-38.62,1
B,2022-10-20 13:39:19.712110,-2.10,0.59,0.49,-51.45,-47.73,-40.47,12.27,-16.06,-38.62,1
B,2022-10-20 13:39:19.740830,0.01,0.94,0.49,-13.12,-1.40,-35.16,12.27,-16.06,-38.62,1
B,2022-10-20 13:39:19.762253,0.08,0.78,0.70,17.03,19.17,-15.08,12.33,-16.88,-40.06,1
B,2022-10-20 13:39:19.783231,-0.05,0.61,0.84,58.29,32.78,0.37,12.33,-16.88,-40.06,1
B,2022-10-20 13:39:19.803467,0.00,0.65,1.00,70.13,-5.00,-69.40,14.49,-15.55,-42.82,1
B,2022-10-20 13:39:19.823587,0.04,0.74,0.87,67.44,-27.89,-83.07,14.49,-15.55,-42.82,1
B,2022-10-20 13:39:19.843710,0.07,0.58,0.73,94.60,-33.81,-58.96,14.49,-15.55,-42.82,1
B,2022-10-20 13:39:19.864351,0.10,0.27,0.85,98.33,-36.13,-34.85,17.00,-11.88,-43.16,1
B,2022-10-20 13:39:19.884382,0.10,0.03,0.92,97.29,-46.33,-21.97,17.00,-11.88,-43.16,1
B,2022-10-20 13:39:19.905009,0.11,-0.09,0.94,81.30,-58.41,-41.38,16.46,-7.23,-45.86,1
B,2022-10-20 13:39:19.925409,0.15,0.04,0.86,44.92,-60.24,-68.85,16.46,-7.23,-45.86,1
B,2022-10-20 13:39:19.945665,0.16,0.20,0.89,11.41,-52.55,-70.86,16.46,-7.23,-45.86,1
B,2022-10-20 13:39:19.960592,0.13,0.37,1.01,-14.65,-44.43,-67.63,14.88,-4.35,-46.88,1
B,2022-10-20 13:39:19.988886,0.11,0.45,0.88,-53.16,-31.43,-53.47,14.88,-4.35,-46.88,1
B,2022-10-20 13:39:20.008129,0.02,0.65,0.83,-53.10,-42.18,-27.59,13.54,-5.85,-46.75,1
B,2022-10-20 13:39:20.029318,0.02,0.77,0.64,-39.98,-35.64,19.17,13.54,-5.85,-46.75,1
B,2022-10-20 13:39:20.047024,0.02,0.27,0.79,-29.79,0.85,78.37,13.54,-5.85,-46.75,1
B,2022-10-20 13:39:20.066637,0.00,0.36,0.87,-47.00,5.25,60.85,9.90,-7.20,-46.24,1
B,2022-10-20 13:39:20.086825,-0.01,0.45,0.83,-58.53,9.40,55.54,9.90,-7.20,-46.24,1
B,2022-10-20 13:39:20.111759,-0.00,0.43,0.88,-59.57,15.26,36.68,7.54,-9.13,-44.41,1
B,2022-10-20 13:39:20.124592,-0.00,0.58,0.91,-47.67,9.83,4.27,7.54,-9.13,-44.41,1
B,2022-10-20 13:39:20.137049,0.05,0.77,0.60,-32.10,19.84,9.22,7.54,-9.13,-44.41,1
B,2022-10-20 13:39:20.157550,0.05,0.77,0.57,-33.51,51.82,55.48,7.29,-10.46,-44.03,1
B,2022-10-20 13:39:20.177786,-0.05,0.46,0.99,-45.78,65.25,59.63,7.29,-10.46,-44.03,1
B,2022-10-20 13:39:20.197931,-0.06,0.48,1.02,-40.71,32.90,32.23,7.29,-10.46,-44.03,1
B,2022-10-20 13:39:20.218240,-0.01,0.74,0.68,-3.42,-12.33,2.38,7.76,-12.08,-43.31,1
B,2022-10-20 13:39:20.239035,-0.01,0.71,0.64,17.52,-5.68,11.29,7.76,-12.08,-43.31,1
B,2022-10-20 13:39:20.269777,-0.02,0.70,0.66,12.02,8.30,26.12,6.99,-11.50,-43.77,1
B,2022-10-20 13:39:20.289949,-0.01,0.69,0.66,12.63,20.45,39.73,6.99,-11.50,-43.77,1
B,2022-10-20 13:39:20.311522,-0.16,0.43,1.15,24.35,23.38,45.96,7.91,-11.58,-43.92,1
B,2022-10-20 13:39:20.331864,-0.10,0.37,1.16,73.24,-40.71,-20.02,7.91,-11.58,-43.92,1
B,2022-10-20 13:39:20.352522,-0.04,0.55,0.76,97.53,-52.67,-41.93,7.91,-11.58,-43.92,1
B,2022-10-20 13:39:20.372522,-0.04,0.45,0.78,100.77,-51.45,-42.91,9.16,-8.58,-44.45,1
B,2022-10-20 13:39:20.392545,-0.06,0.32,0.76,98.69,-46.45,-39.43,9.16,-8.58,-44.45,1
B,2022-10-20 13:39:20.423426,-0.02,0.24,0.78,73.30,-43.52,-35.77,9.23,-4.75,-46.40,1
B,2022-10-20 13:39:20.443578,-0.06,-0.01,1.06,39.79,-42.24,-35.28,9.23,-4.75,-46.40,1
B,2022-10-20 13:39:20.468176,-0.02,0.15,0.93,21.36,-65.37,-62.74,8.08,-3.14,-47.39,1
B,2022-10-20 13:39:20.488195,-0.05,0.28,0.96,2.69,-69.21,-62.99,8.08,-3.14,-47.39,1
B,2022-10-20 13:39:20.504040,-0.07,0.33,0.92,-26.25,-76.35,-46.88,4.79,-2.70,-45.48,1
B,2022-10-20 13:39:20.535066,-0.13,0.43,0.78,-34.24,-55.91,-29.36,4.79,-2.70,-45.48,1
B,2022-10-20 13:39:20.555301,-0.14,0.37,0.74,-38.70,-34.30,-18.37,4.79,-2.70,-45.48,1
B,2022-10-20 13:39:20.576605,-0.16,0.53,0.80,-53.47,-6.29,-19.04,2.62,-3.85,-45.02,1
B,2022-10-20 13:39:20.598312,-0.18,0.74,0.64,-60.36,15.50,25.15,2.62,-3.85,-45.02,1
B,2022-10-20 13:39:20.618594,-0.10,0.58,0.71,-62.32,41.81,62.68,0.89,-6.03,-43.96,1
B,2022-10-20 13:39:20.643408,-0.06,0.37,0.87,-75.81,67.14,77.82,0.89,-6.03,-43.96,1
B,2022-10-20 13:39:20.663513,-0.10,0.53,0.82,-91.92,73.18,59.51,0.17,-8.08,-43.04,1
B,2022-10-20 13:39:20.694002,-0.07,0.59,0.84,-96.74,74.40,56.03,0.17,-8.08,-43.04,1
B,2022-10-20 13:39:20.713985,-0.12,0.62,0.86,-82.40,68.48,43.27,-0.76,-10.86,-41.08,1
B,2022-10-20 13:39:20.734267,-0.17,0.59,0.98,-61.71,30.40,2.26,-0.76,-10.86,-41.08,1
B,2022-10-20 13:39:20.754529,-0.13,0.92,0.62,-29.91,-12.08,-16.97,-0.76,-10.86,-41.08,1
B,2022-10-20 13:39:20.785056,-0.11,0.87,0.59,-6.35,-7.39,5.31,-0.60,-12.61,-41.16,1
B,2022-10-20 13:39:20.805069,-0.11,0.72,0.63,5.13,3.11,19.04,-0.60,-12.61,-41.16,1
B,2022-10-20 13:39:20.825267,-0.10,0.71,0.64,7.75,11.66,23.62,-1.25,-12.52,-40.66,1
B,2022-10-20 13:39:20.855526,-0.14,0.67,0.64,14.89,22.34,30.15,-1.25,-12.52,-40.66,1
B,2022-10-20 13:39:20.875719,-0.58,0.39,0.95,33.26,20.81,-3.23,-0.66,-12.96,-41.89,1
B,2022-10-20 13:39:20.895825,-0.58,1.10,0.34,53.47,26.86,-38.09,-0.66,-12.96,-41.89,1
B,2022-10-20 13:39:20.915845,-0.01,0.99,0.43,98.14,93.44,-12.82,2.66,-9.67,-41.71,1
B,2022-10-20 13:39:20.945963,0.37,0.52,0.77,88.07,108.83,-1.65,2.66,-9.67,-41.71,1
