B,2022-11-06 15:26:29.357849,-4.199644,7.546908,-1.383919,0.088677,0.082923,0.210250,32.690792,-16.003053,-92.092384,1
B,2022-11-06 15:26:29.457745,-4.755127,8.734494,0.062252,-0.110131,0.118077,-0.052874,32.690792,-16.003053,-92.092384,1
B,2022-11-06 15:26:29.547874,-3.323321,9.615605,0.205912,0.007183,-0.024937,0.364849,32.333515,-18.520389,-91.746826,1
B,2022-11-06 15:26:29.647865,-3.797397,9.361806,0.517174,-0.125578,-0.009623,0.143271,32.333515,-21.756961,-90.019012,1
B,2022-11-06 15:26:29.737858,-3.103044,9.807150,0.402246,0.048329,-0.056895,0.311452,31.440324,-23.734867,-88.809547,1
B,2022-11-06 15:26:29.837859,-3.610640,8.782380,-0.636890,0.139277,0.140048,-0.044218,27.688920,-28.589725,-87.254516,1
B,2022-11-06 15:26:29.937783,-3.126987,8.691395,1.695181,-0.115857,-0.193384,0.356327,27.688920,-28.589725,-87.254516,1
B,2022-11-06 15:26:30.027855,-2.547560,7.953943,0.205912,0.033415,-0.151173,0.294274,28.760751,-28.230106,-85.872261,1
B,2022-11-06 15:26:30.127871,-2.509251,8.973926,0.828436,-1.001904,-0.273813,-0.159402,25.009347,-27.690677,-90.882919,1
B,2022-11-06 15:26:30.217872,-4.214010,11.842326,1.101389,-0.140891,-0.055164,0.075359,21.436584,-22.296390,-105.396537,1
B,2022-11-06 15:26:30.317847,-4.539638,11.124029,2.413478,0.346741,0.544722,-0.778463,24.473434,-20.678104,-104.187072,1
B,2022-11-06 15:26:30.417814,-4.458231,8.298727,-0.641679,0.620252,0.376674,-0.273121,24.473434,-20.678104,-104.187072,1
B,2022-11-06 15:26:30.507848,-3.806975,7.752820,-0.220278,-0.006799,0.205830,0.198799,31.618961,-23.195438,-92.092384,1
B,2022-11-06 15:26:30.607868,-3.596274,10.314747,2.159680,0.089209,0.033920,0.153924,30.904409,-25.712772,-88.636764,1
B,2022-11-06 15:26:30.697805,-2.490097,9.941232,0.277742,0.070966,0.093309,-0.353017,31.440324,-23.734867,-86.736167,1
B,2022-11-06 15:26:30.797811,-4.697663,6.996214,0.316051,-0.023977,-0.652920,-0.488440,31.440324,-23.734867,-86.736167,1
B,2022-11-06 15:26:30.897782,-7.034523,7.408038,0.493231,-0.595633,-0.014550,0.145535,30.547132,-22.476200,-86.908950,1
B,2022-11-06 15:26:30.987869,-1.541944,11.631625,0.761395,0.016637,0.180662,0.366447,28.582113,-22.296390,-96.757476,1
B,2022-11-06 15:26:31.087858,-2.806147,9.256456,1.029559,0.261119,-0.349182,-0.345293,30.725770,-23.015628,-97.103042,1
B,2022-11-06 15:26:31.177858,-5.789474,6.766359,1.173219,-0.076042,-0.555314,-0.440902,30.725770,-23.015628,-97.103042,1
B,2022-11-06 15:26:31.277854,-5.430326,8.878152,1.292935,-0.229310,-0.016681,0.393745,30.011219,-20.498294,-98.485290,1
B,2022-11-06 15:26:31.367855,-5.267512,9.606027,1.292935,-0.154474,0.474813,0.214378,23.401605,-16.362672,-102.804824,1
B,2022-11-06 15:26:31.467858,-0.914632,10.195031,1.355187,0.128758,0.104362,0.402001,20.364755,-19.059818,-107.815475,1
B,2022-11-06 15:26:31.567869,-4.740761,8.710550,1.465326,-0.154607,0.570954,-0.320925,22.865690,-18.340579,-109.197731,1
B,2022-11-06 15:26:31.657854,-5.004137,8.351402,0.598581,0.735568,0.836209,-1.674764,22.865690,-18.340579,-109.197731,1
B,2022-11-06 15:26:31.757882,-5.597929,7.551697,-0.038309,0.101327,0.057756,-0.648099,36.620830,-15.643436,-99.349197,1
B,2022-11-06 15:26:31.857743,-5.961866,7.288321,-0.617735,0.088011,-0.013485,0.023027,38.585853,-12.227053,-94.684104,1
B,2022-11-06 15:26:31.947865,-5.186105,8.672241,0.225066,0.046465,-0.070611,0.518250,35.727642,-14.025149,-95.720794,1
B,2022-11-06 15:26:32.047858,-4.836534,8.887730,0.416612,0.100262,0.114482,0.190676,35.727642,-14.025149,-95.720794,1
