W,2022-11-09 17:26:39.020265,0.42,0.36,0.81,6.90,3.17,0.55,20.40,20.87,-32.85,1
W,2022-11-09 17:26:39.039280,0.42,0.35,0.81,8.97,2.26,0.92,19.82,20.78,-31.70,1
W,2022-11-09 17:26:39.058019,0.42,0.33,0.79,8.00,2.26,0.43,19.82,20.78,-31.70,1
W,2022-11-09 17:26:39.077046,0.43,0.33,0.79,3.05,3.36,-0.85,19.82,20.78,-31.70,1
W,2022-11-09 17:26:39.098848,0.42,0.34,0.80,-0.18,3.91,-1.95,19.96,21.23,-31.27,1
W,2022-11-09 17:26:39.115454,0.43,0.35,0.78,2.44,3.17,-1.16,19.96,21.23,-31.27,1
W,2022-11-09 17:26:39.134491,0.46,0.33,0.77,5.74,3.66,0.92,19.63,21.63,-32.17,1
W,2022-11-09 17:26:39.153060,0.49,0.31,0.78,1.71,1.89,0.49,19.63,21.63,-32.17,1
W,2022-11-09 17:26:39.171264,0.49,0.32,0.77,-1.71,-1.40,2.26,19.63,21.63,-32.17,1
W,2022-11-09 17:26:39.193051,0.45,0.31,0.78,-4.88,-3.30,5.62,20.10,21.78,-31.59,1
W,2022-11-09 17:26:39.211406,0.45,0.33,0.77,-3.66,-4.94,8.42,20.10,21.78,-31.59,1
W,2022-11-09 17:26:39.230704,0.42,0.31,0.78,-3.91,-4.09,7.93,20.10,21.78,-31.59,1
W,2022-11-09 17:26:39.249363,0.41,0.33,0.80,-9.22,-0.98,5.62,20.75,21.39,-31.79,1
W,2022-11-09 17:26:39.268152,0.41,0.35,0.81,-12.33,2.38,2.56,20.75,21.39,-31.79,1
W,2022-11-09 17:26:39.286617,0.41,0.36,0.83,-8.06,3.23,0.98,20.25,21.50,-32.26,1
W,2022-11-09 17:26:39.304770,0.41,0.36,0.83,-5.37,3.05,0.06,20.25,21.50,-32.26,1
W,2022-11-09 17:26:39.323210,0.43,0.36,0.80,-1.53,2.14,0.37,20.25,21.50,-32.26,1
W,2022-11-09 17:26:39.343252,0.43,0.34,0.79,-1.59,1.59,-1.77,20.20,21.14,-30.97,1
W,2022-11-09 17:26:39.363770,0.42,0.37,0.80,-4.82,2.81,-2.62,20.20,21.14,-30.97,1
W,2022-11-09 17:26:39.381295,0.42,0.37,0.79,-2.20,4.03,-2.14,20.20,21.14,-30.97,1
W,2022-11-09 17:26:39.400967,0.43,0.35,0.80,0.85,5.55,0.67,20.25,20.91,-30.65,1
W,2022-11-09 17:26:39.419308,0.45,0.32,0.80,0.24,5.43,3.05,20.25,20.91,-30.65,1
W,2022-11-09 17:26:39.437754,0.45,0.31,0.79,-2.44,4.46,2.26,20.47,21.63,-31.85,1
W,2022-11-09 17:26:39.458413,0.46,0.31,0.77,-8.61,5.25,1.10,20.47,21.63,-31.85,1
W,2022-11-09 17:26:39.476259,0.47,0.32,0.78,-15.44,6.84,0.49,20.47,21.63,-31.85,1
W,2022-11-09 17:26:39.496032,0.49,0.39,0.76,-23.50,6.96,0.43,20.25,20.78,-31.18,1
W,2022-11-09 17:26:39.515232,0.50,0.39,0.77,-21.06,7.39,1.83,20.25,20.78,-31.18,1
W,2022-11-09 17:26:39.535386,0.55,0.37,0.75,-23.56,7.08,0.24,20.25,20.78,-31.18,1
W,2022-11-09 17:26:39.554921,0.54,0.41,0.72,-46.14,5.25,1.16,20.10,20.25,-31.67,1
W,2022-11-09 17:26:39.574059,0.56,0.41,0.73,-55.60,0.24,10.44,20.10,20.25,-31.67,1
W,2022-11-09 17:26:39.594297,0.55,0.40,0.69,-52.92,-10.07,15.81,20.30,19.70,-31.10,1
W,2022-11-09 17:26:39.613067,0.51,0.37,0.65,-53.10,-38.76,6.96,20.30,19.70,-31.10,1
W,2022-11-09 17:26:39.630803,0.43,0.46,0.63,-65.37,-50.48,-8.54,20.30,19.70,-31.10,1
W,2022-11-09 17:26:39.650265,0.04,1.26,1.27,-12.63,14.53,-8.61,18.03,19.52,-31.30,1
W,2022-11-09 17:26:39.668432,0.28,0.25,0.83,63.05,11.60,16.97,18.03,19.52,-31.30,1
W,2022-11-09 17:26:39.689142,0.06,0.04,0.93,52.67,-5.25,3.42,18.03,19.52,-31.30,1
W,2022-11-09 17:26:39.708650,0.11,0.45,0.89,18.80,-38.76,-4.88,18.18,20.06,-30.98,1
W,2022-11-09 17:26:39.727538,0.08,0.31,0.85,54.75,-86.91,2.50,18.18,20.06,-30.98,1
W,2022-11-09 17:26:39.747307,0.16,0.37,0.68,46.69,-111.15,8.54,17.43,20.59,-32.68,1
W,2022-11-09 17:26:39.767056,0.39,0.40,0.55,39.49,-117.98,25.39,17.43,20.59,-32.68,1
W,2022-11-09 17:26:39.784651,0.42,0.39,0.58,41.02,-100.59,32.10,17.43,20.59,-32.68,1
W,2022-11-09 17:26:39.803437,0.50,0.37,0.47,52.12,-61.40,15.81,16.66,20.97,-34.30,1
W,2022-11-09 17:26:39.821130,0.46,0.25,0.84,9.46,16.24,-13.18,16.66,20.97,-34.30,1
W,2022-11-09 17:26:39.840577,0.44,0.60,1.07,-56.64,44.01,-31.68,16.66,20.97,-34.30,1
W,2022-11-09 17:26:39.861034,0.52,0.61,1.14,-54.26,49.87,-30.52,18.49,21.62,-34.62,1
W,2022-11-09 17:26:39.879740,0.75,0.62,0.99,-45.78,74.95,-52.37,18.49,21.62,-34.62,1
W,2022-11-09 17:26:39.899314,0.56,0.73,0.92,-78.49,98.08,-49.01,19.27,20.83,-33.91,1
W,2022-11-09 17:26:39.918267,0.44,0.65,0.90,-132.69,99.85,-21.30,19.27,20.83,-33.91,1
W,2022-11-09 17:26:39.939028,0.23,0.58,1.03,-92.04,63.17,-10.99,19.27,20.83,-33.91,1
W,2022-11-09 17:26:39.957026,0.31,0.38,0.87,-41.44,33.81,-6.41,19.51,19.85,-32.25,1
W,2022-11-09 17:26:39.976600,0.22,0.32,0.83,-23.86,11.41,-7.14,19.51,19.85,-32.25,1
W,2022-11-09 17:26:39.997612,0.10,0.35,0.75,-6.35,-23.86,-7.20,18.09,19.79,-32.51,1
W,2022-11-09 17:26:40.016301,-0.02,0.22,0.79,20.14,-50.48,-0.06,18.09,19.79,-32.51,1
W,2022-11-09 17:26:40.033621,0.08,0.48,0.77,15.93,-90.21,-3.36,18.09,19.79,-32.51,1
W,2022-11-09 17:26:40.052738,0.22,0.65,0.53,66.83,-116.82,1.16,16.31,19.73,-34.38,1
W,2022-11-09 17:26:40.070629,0.33,0.55,0.58,142.64,-104.43,-2.08,16.31,19.73,-34.38,1
W,2022-11-09 17:26:40.089352,0.58,0.39,0.66,90.82,-87.16,-3.66,16.31,19.73,-34.38,1
W,2022-11-09 17:26:40.109289,0.67,0.51,0.52,97.72,-39.98,1.40,16.24,21.81,-35.46,1
W,2022-11-09 17:26:40.125403,0.59,0.36,0.85,80.14,22.52,28.50,16.24,21.81,-35.46,1
W,2022-11-09 17:26:40.144654,0.36,-0.13,1.22,56.82,39.79,52.73,16.71,22.52,-35.28,1
W,2022-11-09 17:26:40.162982,1.40,-0.07,-0.00,-6.53,92.77,-4.39,16.71,22.52,-35.28,1
W,2022-11-09 17:26:40.181239,0.79,0.14,0.71,-151.31,162.35,-28.14,16.71,22.52,-35.28,1
W,2022-11-09 17:26:40.201574,0.19,0.57,1.07,-309.08,163.94,-55.85,19.01,20.87,-34.19,1
W,2022-11-09 17:26:40.218173,-0.04,1.00,1.30,-287.72,85.14,-55.97,19.01,20.87,-34.19,1
W,2022-11-09 17:26:40.235978,0.04,0.72,1.25,-75.62,10.99,-14.65,19.01,20.87,-34.19,1
W,2022-11-09 17:26:40.254897,0.37,0.32,0.91,41.69,-47.30,38.21,18.82,19.23,-33.96,1
W,2022-11-09 17:26:40.273217,-0.42,1.15,0.43,103.09,-86.30,51.57,18.82,19.23,-33.96,1
W,2022-11-09 17:26:40.290728,-0.31,0.87,0.61,329.16,-17.40,57.07,18.82,19.23,-33.96,1
W,2022-11-09 17:26:40.311132,0.16,0.22,0.50,460.94,-9.70,39.86,18.31,21.87,-34.09,1
W,2022-11-09 17:26:40.327793,0.58,0.05,0.46,380.62,-3.48,16.05,18.31,21.87,-34.09,1
W,2022-11-09 17:26:40.347848,1.04,-0.05,0.29,170.53,37.11,-9.46,19.01,25.93,-30.70,1
W,2022-11-09 17:26:40.366374,0.82,-0.02,0.65,14.89,55.97,-26.06,19.01,25.93,-30.70,1
W,2022-11-09 17:26:40.385906,0.74,0.19,0.77,-39.49,56.82,-31.86,19.01,25.93,-30.70,1
W,2022-11-09 17:26:40.402373,0.71,0.07,0.75,-55.79,49.80,-24.78,20.07,26.68,-31.81,1
W,2022-11-09 17:26:40.420099,0.55,-0.07,0.79,-85.02,43.33,-12.08,20.07,26.68,-31.81,1
W,2022-11-09 17:26:40.438750,0.64,-0.06,0.78,-135.07,28.14,-10.13,20.07,26.68,-31.81,1
W,2022-11-09 17:26:40.457584,0.55,0.13,0.87,-129.76,15.69,3.72,20.18,24.73,-32.31,1
W,2022-11-09 17:26:40.475426,0.48,0.12,0.91,-80.32,-0.37,21.00,20.18,24.73,-32.31,1
W,2022-11-09 17:26:40.494219,0.41,0.03,0.96,-69.09,-4.88,33.33,20.18,24.73,-32.31,1
W,2022-11-09 17:26:40.512679,0.37,0.18,0.96,-73.24,0.55,28.02,20.67,23.10,-32.67,1
W,2022-11-09 17:26:40.530955,0.38,0.24,0.93,-84.53,16.66,22.46,20.67,23.10,-32.67,1
W,2022-11-09 17:26:40.549470,0.43,0.34,0.86,-105.29,22.89,26.06,21.22,21.47,-32.91,1
W,2022-11-09 17:26:40.567497,0.49,0.42,0.79,-113.53,20.39,34.42,21.22,21.47,-32.91,1
W,2022-11-09 17:26:40.584725,0.61,0.37,0.68,-116.94,10.44,33.87,21.22,21.47,-32.91,1
W,2022-11-09 17:26:40.604761,0.55,0.46,0.65,-136.96,-4.09,12.94,21.25,19.40,-34.01,1
W,2022-11-09 17:26:40.622920,0.49,0.61,0.59,-123.17,-25.82,-13.12,21.25,19.40,-34.01,1
W,2022-11-09 17:26:40.640987,-1.94,1.23,-0.18,-102.29,-44.01,-13.18,21.25,19.40,-34.01,1
W,2022-11-09 17:26:40.659585,0.41,0.42,0.78,77.39,31.68,23.56,21.26,18.76,-35.40,1
W,2022-11-09 17:26:40.677291,0.15,0.13,1.00,43.64,-6.53,9.89,21.26,18.76,-35.40,1
W,2022-11-09 17:26:40.696399,0.08,0.46,0.90,57.43,-55.60,-0.85,21.26,18.76,-35.40,1
W,2022-11-09 17:26:40.714153,0.07,0.61,0.88,97.11,-107.97,39.61,21.12,19.36,-34.86,1
W,2022-11-09 17:26:40.732418,0.50,0.31,0.70,153.69,-126.16,43.58,21.12,19.36,-34.86,1
W,2022-11-09 17:26:40.752209,0.65,0.29,0.56,137.39,-114.01,28.38,19.15,20.85,-37.46,1
W,2022-11-09 17:26:40.772063,0.62,0.41,0.52,65.55,-64.45,9.03,19.15,20.85,-37.46,1
W,2022-11-09 17:26:40.790197,0.50,0.43,0.83,-20.69,15.87,-5.13,19.15,20.85,-37.46,1
W,2022-11-09 17:26:40.809348,0.47,0.41,1.06,-30.88,31.80,-1.04,18.91,21.61,-37.54,1
W,2022-11-09 17:26:40.827422,0.80,0.39,0.80,-45.72,49.32,-32.71,18.91,21.61,-37.54,1
W,2022-11-09 17:26:40.847473,0.66,0.55,0.82,-76.54,88.50,-53.41,18.91,21.61,-37.54,1
W,2022-11-09 17:26:40.867808,0.58,0.56,0.85,-113.34,113.28,-47.73,19.59,20.32,-38.04,1
W,2022-11-09 17:26:40.884750,0.28,0.66,1.05,-109.56,92.53,-34.48,19.59,20.32,-38.04,1
W,2022-11-09 17:26:40.903705,0.36,0.38,0.99,-72.14,58.04,-25.33,20.97,19.01,-35.84,1
W,2022-11-09 17:26:40.922540,0.31,0.53,0.92,-60.49,28.20,-30.58,20.97,19.01,-35.84,1
W,2022-11-09 17:26:40.941792,0.03,0.60,0.90,4.46,-9.95,10.80,20.97,19.01,-35.84,1
W,2022-11-09 17:26:40.965008,0.40,0.32,0.63,62.32,-39.18,36.62,20.56,18.42,-36.17,1
W,2022-11-09 17:26:40.979837,0.07,0.05,0.94,70.80,-58.65,26.18,20.56,18.42,-36.17,1
W,2022-11-09 17:26:40.997967,0.17,0.58,0.62,51.57,-108.64,15.87,20.56,18.42,-36.17,1
W,2022-11-09 17:26:41.017687,0.38,0.41,0.47,119.63,-119.02,35.03,18.59,19.84,-37.26,1
W,2022-11-09 17:26:41.035526,0.34,0.37,0.51,125.12,-98.39,18.80,18.59,19.84,-37.26,1
W,2022-11-09 17:26:41.056067,0.13,0.36,0.55,95.46,-76.78,1.46,16.81,21.37,-37.92,1
W,2022-11-09 17:26:41.074576,0.57,0.29,0.78,59.94,-21.36,-4.09,16.81,21.37,-37.92,1
W,2022-11-09 17:26:41.094052,0.56,0.50,0.87,31.74,22.83,-0.12,16.81,21.37,-37.92,1
W,2022-11-09 17:26:41.113168,0.37,-0.03,1.27,42.79,51.51,35.22,16.70,22.20,-38.27,1
W,2022-11-09 17:26:41.133692,0.90,0.01,0.40,23.44,42.72,-19.96,16.70,22.20,-38.27,1
W,2022-11-09 17:26:41.151389,0.62,0.09,0.87,-99.12,145.69,-38.33,16.70,22.20,-38.27,1
W,2022-11-09 17:26:41.170572,0.33,0.44,1.02,-216.00,148.13,-47.97,19.37,21.74,-37.00,1
W,2022-11-09 17:26:41.189787,0.15,0.74,1.27,-246.34,94.42,-42.11,19.37,21.74,-37.00,1
W,2022-11-09 17:26:41.210350,0.33,0.71,1.17,-107.73,11.29,-21.00,20.02,18.69,-38.38,1
W,2022-11-09 17:26:41.227710,0.31,0.63,0.78,-70.43,-20.32,-8.85,20.02,18.69,-38.38,1
W,2022-11-09 17:26:41.247560,0.12,0.66,0.45,-53.41,-31.43,-1.77,20.02,18.69,-38.38,1
W,2022-11-09 17:26:41.266972,-0.18,0.74,0.61,14.95,16.85,8.36,19.19,18.08,-36.91,1
W,2022-11-09 17:26:41.284273,0.09,0.37,0.58,116.64,23.19,-0.43,19.19,18.08,-36.91,1
W,2022-11-09 17:26:41.303789,0.17,0.39,0.48,149.72,15.01,-10.68,19.19,18.08,-36.91,1
W,2022-11-09 17:26:41.321770,0.47,0.26,0.41,183.35,19.90,-17.03,19.27,19.69,-36.36,1
W,2022-11-09 17:26:41.341018,0.85,0.02,0.49,111.33,25.63,-24.23,19.27,19.69,-36.36,1
W,2022-11-09 17:26:41.360571,0.76,0.10,0.61,-44.68,0.18,-29.60,20.46,21.50,-35.72,1
W,2022-11-09 17:26:41.381500,0.75,0.43,0.63,-59.81,-14.22,-21.97,20.46,21.50,-35.72,1
W,2022-11-09 17:26:41.398243,0.69,0.45,0.66,-37.23,-17.46,-6.96,20.46,21.50,-35.72,1
W,2022-11-09 17:26:41.417880,0.67,0.36,0.72,-14.47,-7.81,8.67,19.73,20.92,-37.85,1
W,2022-11-09 17:26:41.436052,0.64,0.26,0.75,-24.72,0.98,7.02,19.73,20.92,-37.85,1
W,2022-11-09 17:26:41.455436,0.60,0.32,0.80,-59.27,5.80,2.50,19.73,20.92,-37.85,1
W,2022-11-09 17:26:41.476583,0.53,0.48,0.83,-83.13,12.57,0.31,19.51,19.74,-38.89,1
W,2022-11-09 17:26:41.493709,0.42,0.52,0.89,-74.71,25.33,10.13,19.51,19.74,-38.89,1
W,2022-11-09 17:26:41.514210,0.35,0.49,0.89,-69.34,27.28,22.71,20.78,18.33,-38.76,1
W,2022-11-09 17:26:41.532288,0.43,0.47,0.79,-50.90,15.50,28.38,20.78,18.33,-38.76,1
W,2022-11-09 17:26:41.551742,0.51,0.48,0.68,-45.04,-2.44,26.67,20.78,18.33,-38.76,1
W,2022-11-09 17:26:41.570498,-0.12,0.82,0.61,-47.06,-12.63,12.33,20.80,16.74,-39.00,1
W,2022-11-09 17:26:41.588815,0.43,0.56,0.59,4.70,9.28,11.54,20.80,16.74,-39.00,1
W,2022-11-09 17:26:41.606833,0.12,0.19,0.94,5.31,4.03,10.80,20.80,16.74,-39.00,1
W,2022-11-09 17:26:41.629628,0.14,0.49,0.81,2.14,-59.63,-0.73,20.30,16.50,-39.93,1
W,2022-11-09 17:26:41.647099,0.22,0.71,0.81,44.86,-97.47,25.63,20.30,16.50,-39.93,1
W,2022-11-09 17:26:41.666210,0.42,0.61,0.71,135.56,-120.12,42.97,19.08,17.48,-40.36,1
W,2022-11-09 17:26:41.684463,0.53,0.52,0.66,175.72,-122.07,37.35,19.08,17.48,-40.36,1
W,2022-11-09 17:26:41.703161,0.83,0.51,0.35,75.13,-55.85,26.00,19.08,17.48,-40.36,1
W,2022-11-09 17:26:41.723945,0.39,0.38,0.97,58.65,25.02,17.27,16.61,20.07,-41.74,1
W,2022-11-09 17:26:41.741163,0.94,0.27,0.69,19.29,23.13,17.88,16.61,20.07,-41.74,1
W,2022-11-09 17:26:41.761436,0.61,0.42,0.65,-19.29,110.72,-1.77,18.64,19.92,-39.92,1
W,2022-11-09 17:26:41.779679,0.57,0.28,0.75,-105.96,121.34,-20.87,18.64,19.92,-39.92,1
W,2022-11-09 17:26:41.798579,0.48,0.53,0.81,-189.70,117.61,-30.33,18.64,19.92,-39.92,1
W,2022-11-09 17:26:41.819134,0.30,0.66,0.81,-218.75,98.33,-18.55,21.30,15.92,-39.60,1
W,2022-11-09 17:26:41.837775,0.26,0.78,0.80,-140.81,51.33,-14.10,21.30,15.92,-39.60,1
W,2022-11-09 17:26:41.855172,0.27,0.71,0.79,-83.74,17.52,-20.63,21.30,15.92,-39.60,1
W,2022-11-09 17:26:41.876046,0.28,0.70,0.67,-32.59,-13.73,-21.79,21.28,14.36,-40.25,1
W,2022-11-09 17:26:41.897500,0.26,0.64,0.67,25.39,-45.84,-12.45,21.28,14.36,-40.25,1
W,2022-11-09 17:26:41.915524,0.22,0.68,0.65,44.13,-74.77,-7.81,20.34,15.00,-39.93,1
W,2022-11-09 17:26:41.932939,0.16,0.80,0.56,56.27,-96.74,11.23,20.34,15.00,-39.93,1
W,2022-11-09 17:26:41.950520,0.27,0.59,0.52,83.25,-106.20,38.02,20.34,15.00,-39.93,1
W,2022-11-09 17:26:41.970043,0.60,0.40,0.49,106.81,-93.93,42.48,17.24,16.25,-42.33,1
W,2022-11-09 17:26:41.991037,0.58,0.32,0.56,103.21,-73.73,33.75,17.24,16.25,-42.33,1
W,2022-11-09 17:26:42.008756,0.53,0.31,0.68,74.95,-28.99,30.94,17.24,16.25,-42.33,1
W,2022-11-09 17:26:42.028173,0.59,0.21,0.82,28.26,3.42,24.54,16.22,17.64,-41.97,1
W,2022-11-09 17:26:42.047458,0.38,0.24,1.17,-25.82,17.94,17.58,16.22,17.64,-41.97,1
W,2022-11-09 17:26:42.066583,0.67,0.75,0.44,-39.00,44.49,-1.89,16.65,16.55,-42.26,1
W,2022-11-09 17:26:42.086098,0.67,0.35,0.78,-24.66,106.14,-6.29,16.65,16.55,-42.26,1
W,2022-11-09 17:26:42.103151,0.53,0.36,0.96,-157.90,100.89,-50.84,16.65,16.55,-42.26,1
W,2022-11-09 17:26:42.123493,0.32,0.88,0.83,-186.95,62.81,-52.49,19.35,14.17,-42.80,1
W,2022-11-09 17:26:42.142306,0.25,0.81,0.81,-111.94,31.92,-36.93,19.35,14.17,-42.80,1
W,2022-11-09 17:26:42.164023,0.28,0.74,0.68,-44.37,2.38,-8.91,19.35,14.17,-42.80,1
W,2022-11-09 17:26:42.181165,-0.02,0.55,0.84,44.98,-14.22,14.34,20.08,12.33,-40.99,1
W,2022-11-09 17:26:42.199566,0.40,0.40,0.37,93.63,-34.30,19.84,20.08,12.33,-40.99,1
W,2022-11-09 17:26:42.218861,-0.20,0.36,0.92,72.14,-31.86,16.11,19.69,14.82,-41.53,1
W,2022-11-09 17:26:42.237639,0.08,0.67,0.68,107.48,-97.96,52.61,19.69,14.82,-41.53,1
W,2022-11-09 17:26:42.257111,0.50,0.54,0.53,146.61,-104.49,69.40,19.69,14.82,-41.53,1
W,2022-11-09 17:26:42.276347,0.56,0.42,0.69,150.39,-93.57,48.95,17.03,16.35,-41.26,1
W,2022-11-09 17:26:42.295468,0.53,0.39,0.66,-28.75,-51.51,8.12,17.03,16.35,-41.26,1
W,2022-11-09 17:26:42.314758,-0.52,1.01,0.47,-92.77,13.73,-41.02,17.03,16.35,-41.26,1
W,2022-11-09 17:26:42.335042,-0.12,1.09,0.33,26.37,151.98,-74.83,15.77,16.89,-43.46,1
W,2022-11-09 17:26:42.352777,0.59,0.21,0.71,146.24,242.68,-75.81,15.77,16.89,-43.46,1
W,2022-11-09 17:26:42.372363,0.73,-0.21,1.06,10.56,231.51,-88.81,20.41,19.51,-38.34,1
W,2022-11-09 17:26:42.391609,0.72,0.37,0.82,-44.68,179.69,-73.85,20.41,19.51,-38.34,1
W,2022-11-09 17:26:42.411693,0.83,0.34,0.74,-35.52,124.33,-38.39,20.41,19.51,-38.34,1
W,2022-11-09 17:26:42.430746,0.75,0.32,0.76,-15.75,34.06,-31.07,22.34,20.29,-35.75,1
W,2022-11-09 17:26:42.449459,0.67,0.48,0.51,36.44,0.61,-15.99,22.34,20.29,-35.75,1
W,2022-11-09 17:26:42.467470,0.81,0.27,0.35,76.97,-10.80,0.00,21.75,21.47,-34.51,1
W,2022-11-09 17:26:42.486064,0.85,0.10,0.38,31.62,-8.48,-2.32,21.75,21.47,-34.51,1
W,2022-11-09 17:26:42.506807,0.76,0.22,0.46,-42.18,-18.01,-19.17,21.75,21.47,-34.51,1
W,2022-11-09 17:26:42.525297,0.71,0.43,0.48,-41.44,-22.09,-11.35,21.57,21.51,-36.99,1
W,2022-11-09 17:26:42.544974,0.73,0.41,0.48,-16.24,-23.74,4.70,21.57,21.51,-36.99,1
W,2022-11-09 17:26:42.565088,0.70,0.35,0.56,0.73,-28.87,18.86,21.57,21.51,-36.99,1
W,2022-11-09 17:26:42.585562,0.67,0.35,0.61,9.34,-30.52,23.01,20.74,20.47,-36.30,1
W,2022-11-09 17:26:42.602357,0.70,0.29,0.66,6.96,-28.81,23.25,20.74,20.47,-36.30,1
W,2022-11-09 17:26:42.622603,0.61,0.28,0.74,-9.46,-32.47,21.97,20.19,20.18,-38.55,1
W,2022-11-09 17:26:42.641512,0.55,0.31,0.76,-20.63,-41.08,21.24,20.19,20.18,-38.55,1
W,2022-11-09 17:26:42.662658,0.53,0.39,0.73,-28.69,-38.33,22.40,20.19,20.18,-38.55,1
W,2022-11-09 17:26:42.681739,0.47,0.38,0.75,-31.43,-33.14,25.82,19.78,19.01,-39.29,1
W,2022-11-09 17:26:42.699305,0.44,0.44,0.76,-38.33,-16.30,21.67,19.78,19.01,-39.29,1
W,2022-11-09 17:26:42.716575,0.45,0.43,0.78,-26.25,-7.08,22.22,19.78,19.01,-39.29,1
W,2022-11-09 17:26:42.735927,0.50,0.36,0.77,-12.39,1.22,26.61,19.41,17.83,-38.79,1
W,2022-11-09 17:26:42.756236,0.56,0.34,0.72,-38.82,12.57,36.80,19.41,17.83,-38.79,1
W,2022-11-09 17:26:42.775566,0.57,0.41,0.65,-48.89,22.16,46.51,19.98,16.04,-39.43,1
W,2022-11-09 17:26:42.793990,0.61,0.40,0.67,-62.38,28.02,48.95,19.98,16.04,-39.43,1
W,2022-11-09 17:26:42.812262,0.63,0.46,0.65,-75.32,19.23,34.61,19.98,16.04,-39.43,1
W,2022-11-09 17:26:42.831447,0.59,0.58,0.61,-94.67,2.32,13.85,20.63,14.15,-39.98,1
W,2022-11-09 17:26:42.850066,0.47,0.71,0.58,-92.83,-2.14,11.47,20.63,14.15,-39.98,1
W,2022-11-09 17:26:42.869092,0.47,0.68,0.56,-77.76,-8.36,20.26,20.63,14.15,-39.98,1
W,2022-11-09 17:26:42.889287,0.45,0.62,0.56,-62.07,-22.89,30.94,21.15,11.87,-40.49,1
W,2022-11-09 17:26:42.908509,0.30,0.83,0.80,53.83,22.77,-6.47,21.15,11.87,-40.49,1
W,2022-11-09 17:26:42.931648,0.03,0.42,0.99,66.22,-4.70,8.30,21.51,11.25,-41.99,1
W,2022-11-09 17:26:42.947488,0.20,0.52,0.76,84.59,-65.80,-16.17,21.51,11.25,-41.99,1
W,2022-11-09 17:26:42.965100,0.05,0.74,0.64,107.54,-106.51,8.73,21.51,11.25,-41.99,1
W,2022-11-09 17:26:42.983583,0.37,0.58,0.58,130.00,-117.31,26.86,18.52,14.31,-43.10,1
W,2022-11-09 17:26:43.002084,0.54,0.43,0.50,133.42,-112.43,33.81,18.52,14.31,-43.10,1
W,2022-11-09 17:26:43.022275,0.45,0.44,0.37,107.67,-83.74,24.05,18.52,14.31,-43.10,1
W,2022-11-09 17:26:43.040840,0.61,0.45,0.63,80.87,-20.08,6.77,15.86,17.15,-42.69,1
W,2022-11-09 17:26:43.059702,0.55,0.59,0.85,47.36,25.09,-1.10,15.86,17.15,-42.69,1
W,2022-11-09 17:26:43.079719,0.71,0.17,0.95,36.99,43.58,15.75,16.08,18.43,-43.18,1
W,2022-11-09 17:26:43.099832,0.85,0.41,0.76,-40.65,79.04,-46.20,16.08,18.43,-43.18,1
W,2022-11-09 17:26:43.116904,0.77,0.52,0.75,-54.44,111.33,-54.26,16.08,18.43,-43.18,1
W,2022-11-09 17:26:43.136603,0.49,0.48,0.88,-106.57,115.66,-52.80,17.64,17.97,-40.84,1
W,2022-11-09 17:26:43.155315,0.21,0.70,1.02,-155.27,87.89,-48.28,17.64,17.97,-40.84,1
W,2022-11-09 17:26:43.177378,0.18,0.56,0.94,-94.79,27.53,-29.54,18.69,15.06,-41.78,1
W,2022-11-09 17:26:43.194508,0.11,0.59,0.88,-47.30,-1.83,-2.01,18.69,15.06,-41.78,1
W,2022-11-09 17:26:43.212907,0.43,0.29,0.74,18.43,-19.23,42.66,18.69,15.06,-41.78,1
W,2022-11-09 17:26:43.231983,0.06,0.14,1.12,34.85,-40.47,33.20,19.31,14.51,-41.75,1
W,2022-11-09 17:26:43.251205,0.20,0.66,0.61,3.91,-122.74,36.74,19.31,14.51,-41.75,1
W,2022-11-09 17:26:43.271007,0.36,0.57,0.50,62.44,-134.70,54.99,19.31,14.51,-41.75,1
W,2022-11-09 17:26:43.289928,0.50,0.48,0.52,119.93,-130.55,44.25,16.27,16.05,-42.91,1
W,2022-11-09 17:26:43.310256,0.76,0.59,0.51,3.78,-99.55,41.44,16.27,16.05,-42.91,1
W,2022-11-09 17:26:43.332624,0.63,0.52,0.50,53.59,-28.14,21.12,13.88,17.07,-43.86,1
W,2022-11-09 17:26:43.348908,0.35,0.57,0.92,69.46,49.38,41.50,13.88,17.07,-43.86,1
W,2022-11-09 17:26:43.367482,0.76,0.12,0.70,21.79,49.44,3.60,13.88,17.07,-43.86,1
W,2022-11-09 17:26:43.387313,0.90,0.43,0.70,-45.41,107.85,-44.98,15.94,17.46,-42.47,1
W,2022-11-09 17:26:43.406515,0.60,0.31,0.81,-107.97,153.75,-59.63,15.94,17.46,-42.47,1
W,2022-11-09 17:26:43.427067,0.27,0.64,1.00,-223.82,103.94,-80.63,15.94,17.46,-42.47,1
W,2022-11-09 17:26:43.446388,0.15,1.00,1.03,-153.87,43.21,-50.23,18.47,14.12,-42.07,1
W,2022-11-09 17:26:43.465050,0.18,0.85,0.96,-54.26,4.82,-6.84,18.47,14.12,-42.07,1
W,2022-11-09 17:26:43.483244,-0.24,0.86,0.67,59.33,-1.28,16.36,19.35,13.40,-42.11,1
W,2022-11-09 17:26:43.501573,0.03,0.49,0.63,146.97,19.84,13.61,19.35,13.40,-42.11,1
W,2022-11-09 17:26:43.521552,0.11,0.27,0.71,153.14,19.04,-8.36,19.35,13.40,-42.11,1
W,2022-11-09 17:26:43.540417,0.16,0.40,0.60,148.32,7.32,-21.00,18.86,17.71,-39.40,1
W,2022-11-09 17:26:43.560252,0.40,0.37,0.47,189.64,12.33,-31.19,18.86,17.71,-39.40,1
W,2022-11-09 17:26:43.583119,1.04,-0.08,0.37,116.88,24.17,-35.77,18.26,21.73,-38.44,1
W,2022-11-09 17:26:43.599155,0.99,-0.03,0.54,-15.08,14.04,-40.47,18.26,21.73,-38.44,1
W,2022-11-09 17:26:43.617685,0.92,0.24,0.50,-71.11,-7.45,-26.55,18.26,21.73,-38.44,1
W,2022-11-09 17:26:43.637358,0.85,0.24,0.57,-79.59,-17.58,-10.86,18.41,21.18,-39.23,1
W,2022-11-09 17:26:43.655940,0.64,0.39,0.63,-89.97,-18.86,2.87,18.41,21.18,-39.23,1
W,2022-11-09 17:26:43.676037,0.52,0.42,0.62,-59.63,2.38,26.31,18.41,21.18,-39.23,1
W,2022-11-09 17:26:43.694784,0.42,0.29,0.78,-53.53,18.98,37.23,18.29,19.03,-41.05,1
W,2022-11-09 17:26:43.713104,0.46,0.27,0.87,-71.23,18.31,45.65,18.29,19.03,-41.05,1
W,2022-11-09 17:26:43.732727,0.39,0.36,0.89,-92.22,5.68,41.50,18.63,16.11,-40.89,1
W,2022-11-09 17:26:43.754326,0.22,0.70,0.81,-87.46,12.63,40.83,18.63,16.11,-40.89,1
W,2022-11-09 17:26:43.770317,0.24,0.64,0.83,-48.46,25.39,48.28,18.63,16.11,-40.89,1
W,2022-11-09 17:26:43.790006,0.38,0.65,0.83,-6.53,38.09,25.27,19.20,13.89,-42.24,1
W,2022-11-09 17:26:43.809618,0.41,0.62,0.71,1.04,-5.92,-6.29,19.20,13.89,-42.24,1
W,2022-11-09 17:26:43.828700,0.23,0.68,0.77,22.28,-41.81,-13.43,19.20,13.89,-42.24,1
W,2022-11-09 17:26:43.849169,0.16,0.73,0.80,78.61,-67.69,-2.20,19.10,14.05,-41.61,1
W,2022-11-09 17:26:43.865673,0.18,0.70,0.77,99.73,-97.41,27.71,19.10,14.05,-41.61,1
W,2022-11-09 17:26:43.884408,0.33,0.51,0.60,118.35,-120.36,59.27,15.94,16.52,-41.87,1
W,2022-11-09 17:26:43.902756,0.52,0.13,0.67,112.18,-116.46,45.96,15.94,16.52,-41.87,1
W,2022-11-09 17:26:43.922084,0.55,0.34,0.62,45.41,-99.91,16.85,15.94,16.52,-41.87,1
W,2022-11-09 17:26:43.942346,0.61,0.64,0.39,-13.92,-50.78,4.94,13.73,18.49,-41.69,1
W,2022-11-09 17:26:43.959877,0.50,0.55,0.84,16.48,40.16,12.45,13.73,18.49,-41.69,1
W,2022-11-09 17:26:43.977738,0.70,0.25,1.03,22.22,35.58,20.81,13.73,18.49,-41.69,1
W,2022-11-09 17:26:43.997511,0.75,0.60,0.65,16.97,70.07,-22.58,14.42,19.04,-42.25,1
W,2022-11-09 17:26:44.015503,0.65,0.46,0.68,13.67,125.61,-35.71,14.42,19.04,-42.25,1
W,2022-11-09 17:26:44.035736,0.48,0.34,0.89,-76.35,139.34,-39.55,16.49,18.27,-41.30,1
W,2022-11-09 17:26:44.052652,0.32,0.67,0.99,-186.04,85.63,-49.99,16.49,18.27,-41.30,1
W,2022-11-09 17:26:44.070863,0.31,0.66,0.93,-150.33,50.42,-33.26,16.49,18.27,-41.30,1
W,2022-11-09 17:26:44.091089,0.23,0.50,0.81,-93.57,28.50,-16.60,17.88,15.22,-41.33,1
W,2022-11-09 17:26:44.109929,0.03,0.53,0.81,-66.59,-4.39,10.74,17.88,15.22,-41.33,1
W,2022-11-09 17:26:44.130958,-0.10,0.33,0.82,39.98,-13.12,38.21,17.88,15.22,-41.33,1
W,2022-11-09 17:26:44.149825,0.02,0.40,0.87,49.19,-73.06,21.42,17.75,14.79,-41.81,1
W,2022-11-09 17:26:44.168011,0.19,0.65,0.71,35.34,-125.55,27.22,17.75,14.79,-41.81,1
W,2022-11-09 17:26:44.187721,0.41,0.60,0.49,88.26,-152.34,46.94,14.54,15.93,-42.20,1
W,2022-11-09 17:26:44.211317,0.53,0.43,0.54,106.51,-143.86,38.76,14.54,15.93,-42.20,1
W,2022-11-09 17:26:44.227041,0.58,0.49,0.27,71.23,-73.43,13.06,14.54,15.93,-42.20,1
W,2022-11-09 17:26:44.247493,0.50,0.70,0.80,75.44,14.47,21.85,12.10,18.29,-43.36,1
W,2022-11-09 17:26:44.266211,0.33,0.28,1.26,68.24,50.96,41.20,12.10,18.29,-43.36,1
W,2022-11-09 17:26:44.286155,0.84,-0.05,0.74,42.18,30.88,24.66,13.26,19.86,-42.61,1
W,2022-11-09 17:26:44.303251,0.75,0.34,0.67,-21.73,114.75,-44.68,13.26,19.86,-42.61,1
W,2022-11-09 17:26:44.321524,0.69,0.33,0.83,-107.30,144.23,-48.40,13.26,19.86,-42.61,1
W,2022-11-09 17:26:44.341731,0.41,0.56,1.03,-194.82,132.39,-61.46,16.19,17.33,-42.30,1
W,2022-11-09 17:26:44.360032,0.26,0.80,1.05,-225.46,85.14,-57.43,16.19,17.33,-42.30,1
W,2022-11-09 17:26:44.382022,0.18,0.84,1.02,-87.28,11.17,-25.82,16.19,17.33,-42.30,1
W,2022-11-09 17:26:44.398597,0.10,0.63,0.86,-5.55,-22.09,10.56,17.70,14.60,-42.53,1
W,2022-11-09 17:26:44.417143,-0.28,0.54,0.78,36.80,-26.98,36.25,17.70,14.60,-42.53,1
W,2022-11-09 17:26:44.437075,-0.27,0.63,0.74,111.02,3.17,34.79,17.64,16.17,-41.96,1
