u,2022-10-14 18:08:05.920626,0.49,0.26,0.69,3.66,-0.06,-7.14,23.99,23.44,-57.09,1
u,2022-10-14 18:08:05.951852,0.54,0.23,0.71,8.24,-2.99,-4.52,23.99,23.44,-57.09,1
u,2022-10-14 18:08:05.967478,0.54,0.21,0.71,5.37,0.98,-2.62,23.99,23.44,-57.09,1
u,2022-10-14 18:08:05.983127,0.36,0.16,0.62,3.91,-6.77,2.08,24.44,23.86,-57.32,1
u,2022-10-14 18:08:05.998757,0.29,0.09,0.63,11.96,-19.71,10.93,24.44,23.86,-57.32,1
u,2022-10-14 18:08:06.014379,0.35,0.18,0.60,26.92,-41.81,32.41,23.82,23.79,-58.04,1
u,2022-10-14 18:08:06.029982,0.47,0.34,0.84,21.48,-52.67,30.15,23.82,23.79,-58.04,1
u,2022-10-14 18:08:06.061234,0.58,0.38,0.69,3.91,-47.42,10.25,23.82,23.79,-58.04,1
u,2022-10-14 18:08:06.076868,0.57,0.48,0.97,4.76,-34.61,-9.58,23.35,23.67,-57.76,1
u,2022-10-14 18:08:06.092494,0.57,0.44,1.04,6.10,-30.52,-20.81,23.35,23.67,-57.76,1
u,2022-10-14 18:08:06.108134,0.66,0.32,1.03,12.88,-26.55,-27.22,23.35,23.67,-57.76,1
u,2022-10-14 18:08:06.123760,0.71,0.36,1.11,24.11,-17.52,-30.40,25.65,23.40,-56.70,1
u,2022-10-14 18:08:06.139385,0.80,0.32,1.06,34.55,3.42,-25.51,25.65,23.40,-56.70,1
u,2022-10-14 18:08:06.170618,0.73,0.09,1.08,27.28,17.82,-31.31,27.86,23.85,-55.96,1
u,2022-10-14 18:08:06.186270,0.77,-0.02,0.91,23.38,26.73,-22.89,27.86,23.85,-55.96,1
u,2022-10-14 18:08:06.201888,0.79,0.14,1.04,23.56,31.43,-14.04,27.86,23.85,-55.96,1
u,2022-10-14 18:08:06.217496,0.43,-0.07,0.82,7.26,40.53,-12.57,29.04,23.14,-54.43,1
u,2022-10-14 18:08:06.233135,0.43,-0.04,0.81,9.70,29.05,-4.88,29.04,23.14,-54.43,1
u,2022-10-14 18:08:06.248761,0.29,-0.15,0.64,4.39,22.03,0.00,29.04,23.14,-54.43,1
u,2022-10-14 18:08:06.279999,0.32,-0.13,0.52,9.22,3.66,14.28,28.87,21.66,-52.89,1
u,2022-10-14 18:08:06.295639,0.46,0.07,0.65,-1.83,-22.09,6.29,28.87,21.66,-52.89,1
u,2022-10-14 18:08:06.311271,0.34,0.00,0.62,-38.64,-11.23,-3.72,28.87,21.66,-52.89,1
u,2022-10-14 18:08:06.326898,0.15,-0.12,0.47,-16.78,-30.70,19.78,27.48,20.68,-53.06,1
u,2022-10-14 18:08:06.358128,0.33,0.21,0.68,2.50,-52.80,27.89,27.48,20.68,-53.06,1
u,2022-10-14 18:08:06.373762,0.38,0.30,0.62,-0.49,-60.73,24.48,25.67,21.06,-53.47,1
u,2022-10-14 18:08:06.389401,0.49,0.40,0.83,7.32,-55.54,16.30,25.67,21.06,-53.47,1
u,2022-10-14 18:08:06.405008,0.60,0.46,1.00,12.45,-43.46,6.77,25.67,21.06,-53.47,1
u,2022-10-14 18:08:06.420653,0.74,0.29,1.04,10.80,-18.13,-5.98,26.72,22.63,-55.35,1
u,2022-10-14 18:08:06.436284,0.72,0.15,1.11,13.67,8.79,0.31,26.72,22.63,-55.35,1
u,2022-10-14 18:08:06.467510,0.55,0.16,0.97,25.94,8.36,13.79,26.72,22.63,-55.35,1
u,2022-10-14 18:08:06.483138,0.51,0.13,0.95,31.07,-6.04,21.73,28.20,23.05,-56.56,1
u,2022-10-14 18:08:06.498784,0.47,0.06,0.88,22.03,-22.28,24.29,28.20,23.05,-56.56,1
u,2022-10-14 18:08:06.514414,0.31,0.59,1.09,-44.43,-16.42,-3.17,27.70,22.99,-56.48,1
u,2022-10-14 18:08:06.530035,-0.13,0.19,1.39,-12.02,83.98,9.58,27.70,22.99,-56.48,1
u,2022-10-14 18:08:06.545642,0.42,0.33,0.56,67.81,134.70,46.75,27.70,22.99,-56.48,1
u,2022-10-14 18:08:06.578593,0.64,0.30,0.35,72.27,97.23,30.33,30.87,26.59,-55.41,1
u,2022-10-14 18:08:06.592773,0.47,0.19,0.62,67.08,49.44,12.21,30.87,26.59,-55.41,1
u,2022-10-14 18:08:06.608425,0.56,0.30,0.50,73.00,49.13,2.08,30.87,26.59,-55.41,1
u,2022-10-14 18:08:06.624052,0.67,0.23,0.42,47.97,30.76,-22.28,33.34,29.50,-53.99,1
u,2022-10-14 18:08:06.639675,0.70,0.15,0.48,13.43,6.59,-44.56,33.34,29.50,-53.99,1
u,2022-10-14 18:08:06.655301,0.72,0.13,0.52,-10.13,-12.39,-54.26,33.34,29.50,-53.99,1
u,2022-10-14 18:08:06.686532,0.63,0.06,0.66,-38.02,-33.69,-60.12,35.35,30.63,-55.77,1
u,2022-10-14 18:08:06.702160,0.48,0.07,1.07,-33.39,-16.78,-47.00,35.35,30.63,-55.77,1
u,2022-10-14 18:08:06.717810,0.57,0.06,0.90,-2.26,4.70,-31.01,38.22,31.26,-57.06,1
u,2022-10-14 18:08:06.733433,0.63,0.01,0.90,13.06,5.80,-23.62,38.22,31.26,-57.06,1
u,2022-10-14 18:08:06.749061,0.64,-0.07,0.91,21.97,4.82,-14.59,38.22,31.26,-57.06,1
u,2022-10-14 18:08:06.780288,0.59,-0.12,0.93,24.96,4.52,-7.26,40.04,32.70,-57.20,1
u,2022-10-14 18:08:06.795936,0.59,-0.14,0.93,25.21,5.98,-2.38,40.04,32.70,-57.20,1
