Q,2022-10-25 16:30:12.573022,0.67,0.19,0.72,32.84,-2.50,-35.10,-10.18,21.15,-35.13,1
Q,2022-10-25 16:30:12.592020,0.68,0.09,0.67,29.79,-16.42,-17.33,-11.01,21.23,-35.66,1
Q,2022-10-25 16:30:12.610293,0.58,0.04,0.73,13.67,-21.97,-11.78,-11.01,21.23,-35.66,1
Q,2022-10-25 16:30:12.627985,0.53,0.09,0.74,-0.85,-27.89,-18.92,-11.01,21.23,-35.66,1
Q,2022-10-25 16:30:12.646866,0.45,0.16,0.78,-10.80,-29.17,-28.44,-13.68,21.75,-33.31,1
Q,2022-10-25 16:30:12.664985,0.43,0.22,0.79,2.32,-23.62,-19.35,-13.68,21.75,-33.31,1
Q,2022-10-25 16:30:12.684334,0.43,0.10,0.80,14.65,-16.85,-5.98,-16.58,21.56,-34.08,1
Q,2022-10-25 16:30:12.702039,0.44,-0.09,0.77,16.66,-11.05,4.88,-16.58,21.56,-34.08,1
Q,2022-10-25 16:30:12.720175,-0.50,-0.17,1.55,11.84,0.06,1.16,-16.58,21.56,-34.08,1
Q,2022-10-25 16:30:12.738893,0.23,0.18,0.52,-10.74,49.87,-17.27,-17.94,22.41,-31.97,1
Q,2022-10-25 16:30:12.756994,0.46,-0.05,0.92,-99.49,57.43,-27.71,-17.94,22.41,-31.97,1
Q,2022-10-25 16:30:12.775007,0.39,0.50,0.91,-112.43,45.65,-22.34,-17.94,22.41,-31.97,1
Q,2022-10-25 16:30:12.793688,0.38,0.55,0.82,-71.04,36.99,5.86,-16.75,18.80,-32.89,1
Q,2022-10-25 16:30:12.811793,0.34,0.30,0.78,-30.27,33.20,34.61,-16.75,18.80,-32.89,1
Q,2022-10-25 16:30:12.829761,0.34,0.33,0.66,-20.75,32.84,58.84,-16.75,18.80,-32.89,1
Q,2022-10-25 16:30:12.849005,0.40,0.05,0.78,-23.62,19.41,58.72,-16.02,18.98,-34.95,1
Q,2022-10-25 16:30:12.866819,0.40,0.45,0.58,-49.93,10.80,40.59,-16.02,18.98,-34.95,1
Q,2022-10-25 16:30:12.885968,0.38,0.42,0.58,-40.10,12.27,48.10,-14.99,19.17,-35.10,1
Q,2022-10-25 16:30:12.903907,0.34,0.57,0.61,-37.78,6.53,46.14,-14.99,19.17,-35.10,1
Q,2022-10-25 16:30:12.921931,0.35,0.57,0.66,-19.35,-2.75,51.27,-14.99,19.17,-35.10,1
Q,2022-10-25 16:30:12.940789,0.32,0.59,0.65,-2.38,-23.62,48.58,-13.73,19.17,-34.34,1
Q,2022-10-25 16:30:12.958890,0.40,0.55,0.65,22.22,-41.93,51.39,-13.73,19.17,-34.34,1
Q,2022-10-25 16:30:12.976759,0.36,0.52,0.67,20.20,-52.31,33.51,-13.73,19.17,-34.34,1
Q,2022-10-25 16:30:12.995690,0.43,0.62,0.62,2.50,-62.44,16.85,-13.73,20.07,-32.68,1
Q,2022-10-25 16:30:13.013818,0.43,0.72,0.72,6.16,-61.40,7.14,-13.73,20.07,-32.68,1
Q,2022-10-25 16:30:13.031898,0.50,0.70,0.71,22.64,-56.82,-6.84,-13.73,20.07,-32.68,1
Q,2022-10-25 16:30:13.051059,0.49,0.61,0.78,34.85,-45.35,-21.00,-14.50,20.26,-30.85,1
Q,2022-10-25 16:30:13.069141,0.49,0.62,0.83,21.73,-42.30,-48.10,-14.50,20.26,-30.85,1
Q,2022-10-25 16:30:13.087919,0.59,0.69,0.76,15.08,-32.47,-68.91,-14.50,19.17,-29.81,1
Q,2022-10-25 16:30:13.105959,0.48,0.76,0.78,28.56,-6.23,-59.75,-14.50,19.17,-29.81,1
Q,2022-10-25 16:30:13.123896,0.54,0.44,1.02,39.61,18.19,-47.00,-14.50,19.17,-29.81,1
Q,2022-10-25 16:30:13.142807,0.43,0.47,1.01,25.09,18.98,-39.92,-15.08,19.52,-29.66,1
Q,2022-10-25 16:30:13.160808,0.39,0.25,0.99,47.36,30.46,-7.69,-15.08,19.52,-29.66,1
Q,2022-10-25 16:30:13.178760,0.53,-0.06,0.93,54.69,40.41,11.11,-15.08,19.52,-29.66,1
Q,2022-10-25 16:30:13.197936,0.41,-0.05,0.90,23.99,48.89,17.33,-16.47,21.01,-31.13,1
Q,2022-10-25 16:30:13.216063,0.41,-0.04,0.89,-14.53,46.94,25.88,-16.47,21.01,-31.13,1
Q,2022-10-25 16:30:13.233905,0.45,0.10,0.78,-29.42,41.87,25.27,-16.47,21.01,-31.13,1
Q,2022-10-25 16:30:13.252796,0.31,0.26,0.76,-39.98,36.56,21.61,-16.25,21.39,-32.41,1
Q,2022-10-25 16:30:13.270831,0.39,0.37,0.67,-38.94,38.76,29.54,-16.25,21.39,-32.41,1
Q,2022-10-25 16:30:13.289766,0.31,0.35,0.71,-37.35,33.33,33.33,-16.61,21.03,-33.70,1
Q,2022-10-25 16:30:13.307897,0.28,0.40,0.64,-27.95,13.43,38.88,-16.61,21.03,-33.70,1
Q,2022-10-25 16:30:13.325877,0.24,0.45,0.56,-30.40,2.44,37.11,-16.61,21.03,-33.70,1
Q,2022-10-25 16:30:13.345079,0.21,0.48,0.61,-19.53,-9.52,36.07,-16.30,20.80,-35.44,1
Q,2022-10-25 16:30:13.362919,0.22,0.50,0.59,-1.28,-24.41,41.87,-16.30,20.80,-35.44,1
Q,2022-10-25 16:30:13.380839,0.27,0.47,0.58,13.18,-41.81,40.53,-16.30,20.80,-35.44,1
Q,2022-10-25 16:30:13.399810,0.33,0.49,0.52,14.40,-56.21,28.44,-15.99,21.69,-33.47,1
Q,2022-10-25 16:30:13.417774,0.31,0.55,0.62,1.28,-63.42,2.01,-15.99,21.69,-33.47,1
Q,2022-10-25 16:30:13.435915,0.35,0.62,0.65,11.72,-62.99,-3.42,-15.99,21.69,-33.47,1
Q,2022-10-25 16:30:13.454955,0.40,0.57,0.67,33.39,-61.46,-2.14,-16.21,21.23,-30.81,1
Q,2022-10-25 16:30:13.473010,0.35,0.55,0.74,38.64,-51.33,-6.23,-16.21,21.23,-30.81,1
