D,2022-10-21 13:07:48.551352,0.42,0.47,0.97,-127.38,22.58,-37.41,46.11,34.55,-84.79,1
D,2022-10-21 13:07:48.569587,0.36,0.21,0.89,-19.35,19.53,-4.94,46.11,34.55,-84.79,1
D,2022-10-21 13:07:48.588219,0.37,-0.04,0.84,19.35,28.81,0.43,46.12,33.74,-86.84,1
D,2022-10-21 13:07:48.606466,-0.00,0.13,0.29,-21.73,-5.74,-18.25,46.12,33.74,-86.84,1
D,2022-10-21 13:07:48.624391,0.35,-0.05,0.71,3.66,-43.95,-32.35,46.12,33.74,-86.84,1
D,2022-10-21 13:07:48.643449,0.33,-0.08,0.63,-30.58,-31.19,-28.56,45.32,30.81,-87.52,1
D,2022-10-21 13:07:48.661557,0.32,-0.05,0.72,-51.39,-28.32,-21.97,45.32,30.81,-87.52,1
D,2022-10-21 13:07:48.680475,0.34,-0.07,0.84,-42.60,-27.04,-16.05,48.40,24.52,-93.02,1
D,2022-10-21 13:07:48.698463,0.36,-0.04,0.90,-44.56,-16.54,-9.28,48.40,24.52,-93.02,1
D,2022-10-21 13:07:48.716385,0.41,0.12,1.05,-48.52,-10.19,-3.23,48.40,24.52,-93.02,1
D,2022-10-21 13:07:48.735334,0.45,0.23,1.18,-33.75,-12.76,2.75,53.06,16.65,-98.08,1
D,2022-10-21 13:07:48.753560,0.50,0.26,1.27,-1.89,-15.20,10.74,53.06,16.65,-98.08,1
D,2022-10-21 13:07:48.771146,0.49,0.21,1.30,11.84,-20.02,12.21,53.06,16.65,-98.08,1
D,2022-10-21 13:07:48.790266,0.40,0.19,1.22,15.44,-20.69,13.00,54.16,12.78,-100.40,1
D,2022-10-21 13:07:48.808226,0.63,-0.01,1.92,32.10,-31.62,16.05,54.16,12.78,-100.40,1
D,2022-10-21 13:07:48.826158,0.31,0.24,1.19,5.13,38.88,17.09,54.16,12.78,-100.40,1
D,2022-10-21 13:07:48.845218,0.44,0.13,1.19,43.64,41.26,27.28,53.20,16.36,-96.35,1
D,2022-10-21 13:07:48.863127,0.44,0.08,0.99,52.19,46.57,29.91,53.20,16.36,-96.35,1
D,2022-10-21 13:07:48.882211,0.47,0.04,0.83,35.16,51.51,24.35,49.18,22.36,-91.08,1
D,2022-10-21 13:07:48.900160,0.43,-0.04,0.71,7.26,39.12,18.74,49.18,22.36,-91.08,1
D,2022-10-21 13:07:48.918558,0.53,-0.01,0.46,-7.32,20.69,16.54,49.18,22.36,-91.08,1
D,2022-10-21 13:07:48.937347,0.54,0.13,0.40,-42.18,4.76,2.26,47.01,29.27,-88.54,1
D,2022-10-21 13:07:48.955571,0.42,0.36,0.45,-109.07,-1.77,-26.92,47.01,29.27,-88.54,1
D,2022-10-21 13:07:48.973567,0.36,0.54,0.54,-157.96,-1.46,-57.68,47.01,29.27,-88.54,1
D,2022-10-21 13:07:48.992180,0.41,0.99,1.19,176.70,15.87,30.15,43.66,38.13,-92.91,1
D,2022-10-21 13:07:49.010154,0.21,0.13,0.69,115.42,25.33,23.19,43.66,38.13,-92.91,1
D,2022-10-21 13:07:49.028271,0.28,0.12,0.72,18.37,21.79,-38.15,43.66,38.13,-92.91,1
D,2022-10-21 13:07:49.047176,0.29,0.06,0.73,0.67,9.03,-54.38,33.94,37.44,-89.94,1
D,2022-10-21 13:07:49.065405,0.35,0.08,0.74,-33.20,7.26,-71.59,33.94,37.44,-89.94,1
D,2022-10-21 13:07:49.084462,0.38,0.09,0.71,-20.14,-2.38,-70.01,18.31,32.45,-88.50,1
D,2022-10-21 13:07:49.102315,0.43,-0.04,0.82,10.86,-12.70,-54.75,18.31,32.45,-88.50,1
D,2022-10-21 13:07:49.120301,0.39,-0.14,0.74,54.02,-12.33,-27.40,18.31,32.45,-88.50,1
D,2022-10-21 13:07:49.139596,0.33,-0.21,0.75,68.48,-11.29,-17.52,10.72,21.04,-81.52,1
D,2022-10-21 13:07:49.157299,0.39,-0.42,0.79,43.09,-4.88,-27.71,10.72,21.04,-81.52,1
D,2022-10-21 13:07:49.175314,0.43,-0.46,0.84,10.80,-7.08,-31.56,10.72,21.04,-81.52,1
D,2022-10-21 13:07:49.194513,0.43,-0.45,0.88,-12.82,-13.73,-26.98,14.21,9.41,-75.98,1
D,2022-10-21 13:07:49.212575,0.42,-0.38,0.83,-14.65,-20.02,-11.90,14.21,9.41,-75.98,1
D,2022-10-21 13:07:49.231393,0.46,-0.40,0.96,7.08,-23.62,11.90,25.90,4.92,-77.76,1
D,2022-10-21 13:07:49.249371,0.43,-0.38,0.99,12.39,-18.01,25.57,25.90,4.92,-77.76,1
D,2022-10-21 13:07:49.267193,0.42,-0.32,1.01,4.09,-13.00,35.95,25.90,4.92,-77.76,1
D,2022-10-21 13:07:49.286409,0.47,-0.12,1.03,-17.58,-6.23,39.12,39.29,8.45,-87.07,1
D,2022-10-21 13:07:49.304386,0.42,0.02,1.05,-35.03,-2.69,35.40,39.29,8.45,-87.07,1
D,2022-10-21 13:07:49.322234,0.41,0.29,0.98,-64.03,2.69,16.54,39.29,8.45,-87.07,1
D,2022-10-21 13:07:49.341164,0.43,0.46,1.00,-50.23,0.55,15.75,51.66,11.61,-95.14,1
D,2022-10-21 13:07:49.359415,0.40,0.79,1.08,-91.43,4.58,-12.27,51.66,11.61,-95.14,1
D,2022-10-21 13:07:49.377575,0.40,0.78,1.15,-67.44,-2.99,-34.42,51.66,11.61,-95.14,1
D,2022-10-21 13:07:49.396206,0.23,0.63,1.32,36.93,2.32,1.04,54.31,14.20,-98.03,1
D,2022-10-21 13:07:49.414189,0.32,0.58,1.10,85.51,7.63,-4.09,54.31,14.20,-98.03,1
D,2022-10-21 13:07:49.433222,0.37,0.31,0.98,144.17,4.52,10.50,47.45,12.61,-91.55,1
D,2022-10-21 13:07:49.451270,0.43,0.12,0.85,120.67,12.33,0.92,47.45,12.61,-91.55,1
D,2022-10-21 13:07:49.469192,0.48,0.03,0.76,56.09,16.54,-17.88,47.45,12.61,-91.55,1
D,2022-10-21 13:07:49.488216,0.51,0.05,0.80,11.78,18.01,-32.17,36.41,8.17,-84.63,1
D,2022-10-21 13:07:49.506293,0.50,0.02,0.85,-3.66,14.10,-39.18,36.41,8.17,-84.63,1
