c,2022-10-30 15:10:47.148576,0.48,-1.08,0.34,18.55,37.48,35.03,4.39,35.93,-28.96,1
c,2022-10-30 15:10:47.164741,0.47,-0.91,0.36,-57.98,55.54,-28.20,4.39,35.93,-28.96,1
c,2022-10-30 15:10:47.180502,0.57,-0.84,0.42,-100.28,72.20,-41.02,4.39,35.93,-28.96,1
c,2022-10-30 15:10:47.196009,0.60,-0.57,0.51,-131.04,81.42,-49.13,4.38,34.97,-29.79,1
c,2022-10-30 15:10:47.227248,0.64,-0.37,0.67,-119.51,90.27,-37.78,4.38,34.97,-29.79,1
c,2022-10-30 15:10:47.242989,0.67,-0.52,0.74,-37.84,72.14,-22.77,4.83,32.65,-34.06,1
c,2022-10-30 15:10:47.260753,0.59,-0.73,0.65,-3.48,41.69,-17.70,4.83,32.65,-34.06,1
c,2022-10-30 15:10:47.274281,0.48,-0.80,0.39,4.46,16.48,-21.55,4.83,32.65,-34.06,1
c,2022-10-30 15:10:47.289934,0.39,-0.83,0.35,0.43,11.05,-16.91,4.26,31.51,-33.01,1
c,2022-10-30 15:10:47.321166,0.43,-0.89,0.33,-12.08,-0.06,-6.65,4.26,31.51,-33.01,1
c,2022-10-30 15:10:47.336937,0.29,-0.85,0.36,-20.87,3.91,-11.11,4.26,31.51,-33.01,1
c,2022-10-30 15:10:47.361053,0.29,-0.81,0.47,-17.27,8.61,-7.20,3.34,29.92,-33.75,1
c,2022-10-30 15:10:47.368569,0.36,-0.79,0.47,-12.94,10.68,0.67,3.34,29.92,-33.75,1
c,2022-10-30 15:10:47.399827,0.49,-0.76,0.47,-14.95,4.46,-5.68,2.40,30.15,-33.42,1
c,2022-10-30 15:10:47.415450,0.49,-0.53,0.60,-26.12,4.21,-16.17,2.40,30.15,-33.42,1
c,2022-10-30 15:10:47.431198,0.43,-0.54,0.70,-14.16,7.32,-17.33,2.40,30.15,-33.42,1
c,2022-10-30 15:10:47.446739,0.36,-0.65,0.64,6.41,14.83,-21.79,1.75,29.74,-33.95,1
c,2022-10-30 15:10:47.462800,0.38,-0.76,0.64,4.03,21.42,-21.42,1.75,29.74,-33.95,1
c,2022-10-30 15:10:47.494064,0.45,-0.70,0.62,-0.61,25.45,-11.84,1.75,29.74,-33.95,1
c,2022-10-30 15:10:47.509682,0.40,-0.64,0.57,-0.73,16.42,-2.56,1.20,30.26,-33.25,1
c,2022-10-30 15:10:47.525420,0.35,-0.72,0.52,2.26,10.50,0.00,1.20,30.26,-33.25,1
c,2022-10-30 15:10:47.541052,0.42,-0.67,0.53,-2.38,12.15,-3.30,1.14,29.77,-34.95,1
c,2022-10-30 15:10:47.561583,0.37,-0.73,0.52,-6.41,13.55,-2.50,1.14,29.77,-34.95,1
c,2022-10-30 15:10:47.588217,0.58,-0.55,0.71,-36.19,6.41,19.96,1.14,29.77,-34.95,1
c,2022-10-30 15:10:47.603955,0.39,-0.85,0.61,-29.05,-30.52,44.25,1.15,29.86,-34.47,1
c,2022-10-30 15:10:47.619569,0.41,-0.80,0.37,-36.99,-40.53,32.84,1.15,29.86,-34.47,1
c,2022-10-30 15:10:47.635102,0.38,-0.64,0.59,-43.76,-22.28,18.98,1.15,29.86,-34.47,1
c,2022-10-30 15:10:47.666743,0.34,-0.52,0.82,-23.56,-47.18,25.27,0.20,29.82,-35.46,1
c,2022-10-30 15:10:47.682371,0.34,-0.56,0.58,-12.51,-66.89,24.78,0.20,29.82,-35.46,1
c,2022-10-30 15:10:47.698117,0.29,-0.15,1.11,-21.85,-31.98,6.71,-0.48,29.94,-35.55,1
c,2022-10-30 15:10:47.713709,0.34,-0.43,0.99,37.54,-69.46,11.11,-0.48,29.94,-35.55,1
c,2022-10-30 15:10:47.729240,0.17,-0.76,0.74,63.17,-77.51,-7.20,-0.48,29.94,-35.55,1
c,2022-10-30 15:10:47.761995,0.23,-0.79,0.55,93.81,-94.85,-38.70,-1.14,31.15,-33.52,1
c,2022-10-30 15:10:47.776501,0.30,-0.58,0.52,94.42,-82.15,-52.12,-1.14,31.15,-33.52,1
c,2022-10-30 15:10:47.792253,0.26,-0.67,0.53,73.67,-46.33,-33.51,-1.98,31.85,-31.01,1
c,2022-10-30 15:10:47.807767,0.30,-0.75,0.66,59.14,-35.58,-32.96,-1.98,31.85,-31.01,1
c,2022-10-30 15:10:47.839002,0.30,-0.61,0.57,58.04,-4.58,-18.55,-1.98,31.85,-31.01,1
c,2022-10-30 15:10:47.862270,0.34,-1.02,0.65,50.60,12.51,-14.04,-1.54,32.32,-31.68,1
c,2022-10-30 15:10:47.870894,0.34,-1.01,0.69,31.86,16.66,-14.16,-1.54,32.32,-31.68,1
c,2022-10-30 15:10:47.886626,0.32,-0.58,0.71,34.42,29.36,-13.85,-1.54,32.32,-31.68,1
c,2022-10-30 15:10:47.917780,0.30,-0.73,0.73,47.49,46.75,2.38,-1.17,32.14,-29.70,1
c,2022-10-30 15:10:47.933522,0.32,-0.80,0.60,54.50,57.01,13.18,-1.17,32.14,-29.70,1
c,2022-10-30 15:10:47.949155,0.31,-0.90,0.38,53.83,64.76,19.04,0.18,32.01,-29.76,1
c,2022-10-30 15:10:47.965200,0.34,-1.01,0.45,44.68,39.12,24.23,0.18,32.01,-29.76,1
c,2022-10-30 15:10:47.996462,0.25,-1.04,0.31,29.60,5.74,19.17,0.18,32.01,-29.76,1
c,2022-10-30 15:10:48.012129,0.24,-0.96,0.04,12.08,-8.67,5.98,0.88,31.32,-29.48,1
c,2022-10-30 15:10:48.027822,0.29,-0.70,0.48,-17.09,17.40,3.97,0.88,31.32,-29.48,1
c,2022-10-30 15:10:48.043448,0.32,-0.76,0.62,-11.05,14.95,12.02,0.88,31.32,-29.48,1
c,2022-10-30 15:10:48.062513,0.32,-0.84,0.59,-7.02,5.43,15.14,2.00,31.85,-30.15,1
c,2022-10-30 15:10:48.075035,0.32,-0.88,0.55,-2.14,-1.28,13.37,2.00,31.85,-30.15,1
c,2022-10-30 15:10:48.106298,0.31,-0.82,0.54,-0.73,-5.86,8.12,2.47,31.86,-30.86,1
c,2022-10-30 15:10:48.122039,0.33,-0.72,0.56,-0.61,-12.63,13.06,2.47,31.86,-30.86,1
c,2022-10-30 15:10:48.137654,0.22,-0.62,0.54,0.24,-18.49,30.64,2.47,31.86,-30.86,1
