B,2022-10-20 11:36:32.706617,0.45,0.75,0.38,-31.37,10.07,-6.90,1.50,23.14,-2.94,1
B,2022-10-20 11:36:32.726948,0.41,0.74,0.35,-38.45,6.04,-5.86,0.29,24.62,-1.34,1
B,2022-10-20 11:36:32.747197,0.40,0.76,0.28,-39.61,11.29,-3.11,0.29,24.62,-1.34,1
B,2022-10-20 11:36:32.765151,0.40,0.77,0.29,-37.29,18.92,-0.12,0.29,24.62,-1.34,1
B,2022-10-20 11:36:32.784855,0.41,0.77,0.27,-32.65,21.06,9.58,-1.27,26.97,-0.33,1
B,2022-10-20 11:36:32.803823,0.24,0.75,0.25,-3.36,6.65,3.97,-1.27,26.97,-0.33,1
B,2022-10-20 11:36:32.826042,0.39,0.98,-0.02,6.23,2.44,3.23,-1.67,27.83,-1.62,1
B,2022-10-20 11:36:32.844035,0.43,0.56,0.21,14.89,13.37,-1.65,-1.67,27.83,-1.62,1
B,2022-10-20 11:36:32.863311,0.42,0.57,0.27,-6.04,10.99,-17.58,-1.67,27.83,-1.62,1
B,2022-10-20 11:36:32.885390,-0.38,0.93,0.39,-41.63,-0.79,-18.43,-0.98,27.33,-0.34,1
B,2022-10-20 11:36:32.903927,0.26,0.84,0.27,61.89,-13.31,51.88,-0.98,27.33,-0.34,1
B,2022-10-20 11:36:32.924164,0.44,0.71,0.20,64.45,-18.13,64.09,1.45,25.34,-0.04,1
B,2022-10-20 11:36:32.944050,0.30,0.74,0.08,43.95,-7.08,52.67,1.45,25.34,-0.04,1
B,2022-10-20 11:36:32.964431,0.51,0.97,0.17,60.97,2.38,66.71,1.45,25.34,-0.04,1
B,2022-10-20 11:36:32.982503,0.57,0.82,0.23,78.25,5.92,55.73,2.83,23.97,-2.49,1
B,2022-10-20 11:36:33.001868,0.58,0.95,0.30,28.14,7.26,23.93,2.83,23.97,-2.49,1
B,2022-10-20 11:36:33.022040,0.54,1.08,0.43,-1.59,6.84,11.29,4.28,23.05,-1.56,1
B,2022-10-20 11:36:33.041854,0.38,1.14,0.50,-15.56,2.99,6.96,4.28,23.05,-1.56,1
B,2022-10-20 11:36:33.058793,0.34,1.19,0.45,-14.47,-12.70,33.75,4.28,23.05,-1.56,1
B,2022-10-20 11:36:33.079203,0.48,0.21,-0.13,17.21,-1.59,11.54,2.78,23.85,-2.56,1
B,2022-10-20 11:36:33.096790,0.75,0.83,0.26,-77.09,16.78,-52.31,2.78,23.85,-2.56,1
B,2022-10-20 11:36:33.117378,0.43,1.06,0.36,-101.93,18.62,-77.27,2.78,23.85,-2.56,1
B,2022-10-20 11:36:33.136424,0.39,1.05,0.18,-50.78,-0.24,-70.07,1.90,25.37,-0.13,1
B,2022-10-20 11:36:33.156238,0.22,1.01,0.11,-28.44,-2.14,-57.62,1.90,25.37,-0.13,1
B,2022-10-20 11:36:33.176245,0.36,0.98,0.06,4.39,-2.69,-38.33,-0.51,27.25,-1.12,1
B,2022-10-20 11:36:33.197182,0.35,0.85,0.03,62.38,-0.92,-12.08,-0.51,27.25,-1.12,1
B,2022-10-20 11:36:33.215304,0.32,0.61,0.18,65.67,-9.70,-10.93,-0.51,27.25,-1.12,1
B,2022-10-20 11:36:33.234739,0.25,0.60,0.20,19.04,-43.46,-25.57,-3.16,28.03,-1.23,1
B,2022-10-20 11:36:33.254375,0.20,0.71,0.16,22.52,-53.10,-10.44,-3.16,28.03,-1.23,1
B,2022-10-20 11:36:33.273490,0.26,0.72,0.17,27.10,-55.11,-2.69,-3.27,28.25,0.11,1
B,2022-10-20 11:36:33.293641,0.23,0.78,0.20,41.99,-42.11,5.92,-3.27,28.25,0.11,1
B,2022-10-20 11:36:33.311889,0.29,0.64,0.47,63.60,-15.01,21.97,-3.27,28.25,0.11,1
B,2022-10-20 11:36:33.332191,0.39,0.59,0.60,55.42,-8.42,22.83,-1.53,28.19,-0.21,1
B,2022-10-20 11:36:33.351487,0.35,0.67,0.64,37.35,-8.06,19.90,-1.53,28.19,-0.21,1
B,2022-10-20 11:36:33.371652,0.43,0.70,0.60,29.42,-1.40,24.41,-1.53,28.19,-0.21,1
B,2022-10-20 11:36:33.390572,0.46,0.76,0.53,18.31,7.32,24.84,1.18,27.64,-0.05,1
B,2022-10-20 11:36:33.410155,0.46,0.74,0.53,6.90,16.60,23.32,1.18,27.64,-0.05,1
B,2022-10-20 11:36:33.430951,0.46,0.84,0.50,-2.93,23.80,20.32,2.17,26.20,0.29,1
B,2022-10-20 11:36:33.448681,0.50,0.76,0.46,-8.79,29.79,16.48,2.17,26.20,0.29,1
B,2022-10-20 11:36:33.466117,0.47,0.83,0.37,-28.38,26.12,5.37,2.17,26.20,0.29,1
B,2022-10-20 11:36:33.486963,0.44,0.91,0.28,-40.04,19.90,-2.75,1.78,24.74,-0.82,1
B,2022-10-20 11:36:33.506728,0.34,1.00,0.16,-61.34,-18.01,-15.87,1.78,24.74,-0.82,1
B,2022-10-20 11:36:33.527117,0.32,1.30,-0.40,-25.39,-22.52,-4.52,1.70,24.57,-0.95,1
B,2022-10-20 11:36:33.545283,0.36,1.05,-0.15,76.60,38.09,23.99,1.70,24.57,-0.95,1
B,2022-10-20 11:36:33.562932,0.60,0.25,0.86,109.31,49.68,29.24,1.70,24.57,-0.95,1
B,2022-10-20 11:36:33.583725,0.33,0.79,0.20,-24.23,-51.15,-33.08,2.05,25.45,-1.00,1
B,2022-10-20 11:36:33.603543,0.17,1.05,0.18,-7.20,-59.57,-27.04,2.05,25.45,-1.00,1
B,2022-10-20 11:36:33.622204,0.33,0.70,0.39,32.41,-48.65,1.53,2.05,25.45,-1.00,1
B,2022-10-20 11:36:33.641912,0.26,0.75,0.33,26.49,-57.92,-0.79,2.54,25.24,0.44,1
B,2022-10-20 11:36:33.661116,0.23,0.71,0.39,43.46,-38.88,11.23,2.54,25.24,0.44,1
B,2022-10-20 11:36:33.681563,0.29,0.55,0.73,48.71,0.55,25.27,4.50,25.46,-0.18,1
B,2022-10-20 11:36:33.699798,0.36,0.53,0.85,34.24,5.62,25.39,4.50,25.46,-0.18,1
B,2022-10-20 11:36:33.718472,0.37,0.59,0.80,11.47,5.25,21.85,4.50,25.46,-0.18,1
B,2022-10-20 11:36:33.738675,0.39,0.67,0.67,-12.45,27.77,22.52,5.85,24.62,-0.56,1
B,2022-10-20 11:36:33.759330,0.45,0.73,0.60,-25.94,43.82,20.57,5.85,24.62,-0.56,1
B,2022-10-20 11:36:33.777823,0.47,0.85,0.52,-37.78,48.65,13.98,6.19,23.65,-0.57,1
B,2022-10-20 11:36:33.797733,0.40,1.00,0.29,-47.49,41.20,4.09,6.19,23.65,-0.57,1
B,2022-10-20 11:36:33.816727,0.38,1.00,0.25,-35.58,33.94,3.72,6.19,23.65,-0.57,1
B,2022-10-20 11:36:33.837573,0.35,1.10,0.11,-29.60,20.32,4.21,5.22,22.50,-1.71,1
B,2022-10-20 11:36:33.855248,0.31,1.04,0.01,-6.96,13.18,13.79,5.22,22.50,-1.71,1
B,2022-10-20 11:36:33.874206,0.29,0.91,0.07,10.56,20.75,17.46,5.22,22.50,-1.71,1
B,2022-10-20 11:36:33.893275,0.22,0.84,0.18,16.91,17.40,-3.05,4.54,23.65,-1.59,1
B,2022-10-20 11:36:33.912141,0.27,0.98,0.14,19.53,9.70,-23.93,4.54,23.65,-1.59,1
B,2022-10-20 11:36:33.932792,0.40,0.90,0.25,34.85,8.67,-20.87,5.22,23.82,-1.40,1
B,2022-10-20 11:36:33.950394,0.42,0.87,0.28,27.22,0.79,-20.87,5.22,23.82,-1.40,1
B,2022-10-20 11:36:33.968874,0.41,0.88,0.28,23.07,-4.88,-21.55,5.22,23.82,-1.40,1
B,2022-10-20 11:36:33.989364,0.44,0.84,0.32,25.70,-6.84,-21.61,5.48,24.58,-2.69,1
B,2022-10-20 11:36:34.009481,0.50,0.73,0.41,11.72,-12.70,-23.86,5.48,24.58,-2.69,1
B,2022-10-20 11:36:34.027097,0.51,0.72,0.47,-3.66,-15.63,-23.13,5.48,24.58,-2.69,1
