D,2022-10-19 20:48:10.964798,0.24,-0.33,0.84,-19.10,-49.93,64.21,87.12,-64.64,-111.45,1
D,2022-10-19 20:48:10.983909,0.21,-0.19,0.94,-37.23,-43.21,57.56,70.14,-51.26,-121.87,1
D,2022-10-19 20:48:11.001716,0.21,-0.05,1.03,-57.07,-23.01,33.63,70.14,-51.26,-121.87,1
D,2022-10-19 20:48:11.020827,0.24,0.09,1.08,-60.67,-19.84,24.48,61.49,-42.03,-127.95,1
D,2022-10-19 20:48:11.038816,0.20,0.14,1.14,-52.06,-22.64,19.47,61.49,-42.03,-127.95,1
D,2022-10-19 20:48:11.056552,0.17,0.20,1.25,-37.60,-23.44,14.47,61.49,-42.03,-127.95,1
D,2022-10-19 20:48:11.075605,0.12,0.12,1.28,-28.63,-9.70,5.00,57.50,-35.64,-135.10,1
D,2022-10-19 20:48:11.093635,0.13,0.01,1.21,-18.80,0.92,6.90,57.50,-35.64,-135.10,1
D,2022-10-19 20:48:11.111770,0.11,-0.07,1.12,-16.91,2.08,6.47,57.50,-35.64,-135.10,1
D,2022-10-19 20:48:11.130936,0.12,-0.10,1.04,-13.92,-1.83,7.87,58.57,-32.90,-138.21,1
D,2022-10-19 20:48:11.148733,0.14,-0.08,1.00,-13.79,-6.41,2.69,58.57,-32.90,-138.21,1
D,2022-10-19 20:48:11.166706,0.17,-0.09,0.96,-22.03,-1.04,-10.93,58.57,-32.90,-138.21,1
D,2022-10-19 20:48:11.185661,0.24,-0.11,0.88,-19.53,0.12,-11.23,60.66,-32.04,-139.31,1
D,2022-10-19 20:48:11.203955,0.23,-0.06,0.77,-16.60,-3.30,-7.45,60.66,-32.04,-139.31,1
D,2022-10-19 20:48:11.222865,0.28,-0.04,0.65,-10.13,-12.63,-14.47,62.52,-31.29,-144.70,1
D,2022-10-19 20:48:11.240832,0.28,0.03,0.64,-19.78,-33.75,-42.42,62.52,-31.29,-144.70,1
D,2022-10-19 20:48:11.258463,0.04,0.15,1.23,64.33,25.82,20.20,62.52,-31.29,-144.70,1
D,2022-10-19 20:48:11.277643,-0.23,0.23,-0.11,42.54,40.34,17.46,64.09,-29.09,-151.54,1
D,2022-10-19 20:48:11.295698,0.03,-0.27,0.62,41.44,-44.68,-33.69,64.09,-29.09,-151.54,1
D,2022-10-19 20:48:11.313871,0.03,-0.18,0.63,3.36,-64.94,-52.12,64.09,-29.09,-151.54,1
D,2022-10-19 20:48:11.332705,0.07,-0.22,0.65,11.29,-90.33,-52.19,51.98,-21.33,-158.45,1
D,2022-10-19 20:48:11.350613,0.07,-0.21,0.89,24.41,-98.08,-33.69,51.98,-21.33,-158.45,1
D,2022-10-19 20:48:11.369714,0.06,-0.30,1.10,36.50,-80.63,-12.27,28.80,-10.67,-167.66,1
D,2022-10-19 20:48:11.387603,0.01,-0.41,1.31,35.83,-56.46,8.24,28.80,-10.67,-167.66,1
D,2022-10-19 20:48:11.405914,-0.03,-0.47,1.44,14.95,-2.20,15.56,28.80,-10.67,-167.66,1
D,2022-10-19 20:48:11.424666,0.01,-0.50,1.37,-16.17,31.49,15.20,18.75,-4.92,-168.46,1
D,2022-10-19 20:48:11.442572,0.02,-0.47,1.58,-18.98,36.25,13.18,18.75,-4.92,-168.46,1
D,2022-10-19 20:48:11.460876,-0.10,-0.50,1.40,-21.36,81.30,29.66,18.75,-4.92,-168.46,1
D,2022-10-19 20:48:11.479717,0.19,-0.35,1.15,-21.67,101.56,38.15,31.96,-11.16,-166.76,1
D,2022-10-19 20:48:11.497713,0.37,-0.35,0.87,-33.75,76.11,9.40,31.96,-11.16,-166.76,1
D,2022-10-19 20:48:11.515551,0.31,-0.26,0.89,-30.88,39.86,5.13,31.96,-11.16,-166.76,1
D,2022-10-19 20:48:11.534556,0.24,-0.18,0.91,-30.09,28.56,0.00,48.33,-20.86,-160.23,1
D,2022-10-19 20:48:11.552982,0.23,-0.11,0.90,-35.10,34.48,-8.00,48.33,-20.86,-160.23,1
D,2022-10-19 20:48:11.571587,0.29,0.02,0.79,-40.95,39.12,-26.00,59.19,-28.39,-155.04,1
D,2022-10-19 20:48:11.589631,0.24,0.15,0.77,-42.05,23.86,-39.98,59.19,-28.39,-155.04,1
D,2022-10-19 20:48:11.607724,0.16,-0.10,1.32,48.58,-44.74,-0.61,59.19,-28.39,-155.04,1
D,2022-10-19 20:48:11.626624,-0.01,0.16,0.90,12.88,9.34,-4.76,65.32,-31.48,-151.20,1
D,2022-10-19 20:48:11.644634,0.07,-0.13,0.74,12.27,13.73,-36.56,65.32,-31.48,-151.20,1
D,2022-10-19 20:48:11.662573,0.01,0.02,0.79,7.69,9.09,-45.41,65.32,-31.48,-151.20,1
D,2022-10-19 20:48:11.681715,0.05,-0.04,0.71,24.84,9.83,-57.01,68.21,-33.76,-148.06,1
D,2022-10-19 20:48:11.699743,0.10,-0.15,0.64,40.95,1.34,-53.47,68.21,-33.76,-148.06,1
D,2022-10-19 20:48:11.718688,0.12,-0.19,0.66,47.24,-6.59,-47.61,66.44,-31.01,-151.10,1
D,2022-10-19 20:48:11.736804,0.10,-0.28,0.68,41.56,-12.15,-47.49,66.44,-31.01,-151.10,1
D,2022-10-19 20:48:11.754685,0.13,-0.37,0.70,41.14,-17.27,-47.97,66.44,-31.01,-151.10,1
D,2022-10-19 20:48:11.773811,0.15,-0.52,0.73,48.58,-25.70,-37.72,59.25,-25.01,-159.61,1
D,2022-10-19 20:48:11.791676,0.17,-0.62,0.81,54.26,-36.13,-17.46,59.25,-25.01,-159.61,1
D,2022-10-19 20:48:11.809571,0.19,-0.74,0.85,49.13,-36.38,7.32,59.25,-25.01,-159.61,1
D,2022-10-19 20:48:11.828841,0.24,-0.88,0.81,36.74,-39.06,17.88,46.77,-15.27,-165.91,1
D,2022-10-19 20:48:11.846889,0.22,-0.86,0.80,13.43,-44.07,26.12,46.77,-15.27,-165.91,1
D,2022-10-19 20:48:11.864819,0.16,-0.70,0.95,-11.78,-45.84,30.82,46.77,-15.27,-165.91,1
D,2022-10-19 20:48:11.883802,0.07,-0.47,1.07,-28.50,-40.83,36.68,31.75,-6.82,-166.92,1
D,2022-10-19 20:48:11.902033,-0.03,-0.15,1.23,-32.65,-18.86,41.08,31.75,-6.82,-166.92,1
D,2022-10-19 20:48:11.920770,-0.05,-0.01,1.22,-24.72,0.73,36.68,24.98,-1.49,-166.10,1
D,2022-10-19 20:48:11.938722,-0.06,0.04,1.13,-19.59,12.94,28.50,24.98,-1.49,-166.10,1
D,2022-10-19 20:48:11.956593,-0.22,0.05,1.16,-3.23,8.97,27.10,24.98,-1.49,-166.10,1
D,2022-10-19 20:48:11.975685,-0.08,-0.03,1.12,28.38,16.60,22.71,26.35,-0.05,-163.20,1
D,2022-10-19 20:48:11.993681,0.11,-0.16,0.98,33.20,15.38,16.78,26.35,-0.05,-163.20,1
D,2022-10-19 20:48:12.011632,0.12,-0.23,0.96,24.96,12.08,5.13,26.35,-0.05,-163.20,1
D,2022-10-19 20:48:12.030555,0.06,-0.30,0.99,18.92,10.99,-3.23,29.41,-1.20,-161.47,1
D,2022-10-19 20:48:12.048688,0.12,-0.30,1.00,0.61,25.33,-12.88,29.41,-1.20,-161.47,1
D,2022-10-19 20:48:12.067713,0.21,-0.26,1.05,-10.38,36.80,-19.29,34.68,-5.41,-160.58,1
D,2022-10-19 20:48:12.085659,0.23,-0.22,1.08,-16.72,36.87,-25.82,34.68,-5.41,-160.58,1
