y,2022-10-20 16:50:43.767717,-0.06,0.79,0.48,-5.74,-4.33,-2.56,-25.85,-48.11,-61.39,1
y,2022-10-20 16:50:43.783721,-0.08,0.80,0.48,-8.24,0.92,1.71,-25.85,-48.11,-61.39,1
y,2022-10-20 16:50:43.799749,-0.10,0.78,0.49,-10.93,4.82,3.97,-25.85,-48.11,-61.39,1
y,2022-10-20 16:50:43.823722,-0.11,0.79,0.49,-16.78,4.46,1.10,-24.73,-48.50,-60.23,1
y,2022-10-20 16:50:43.839724,-0.18,0.85,0.44,-17.82,2.99,-1.28,-24.73,-48.50,-60.23,1
y,2022-10-20 16:50:43.863728,-0.19,0.87,0.43,-8.91,6.59,-1.53,-23.84,-49.06,-60.00,1
y,2022-10-20 16:50:43.879728,-0.11,0.83,0.48,-0.37,13.00,-2.20,-23.84,-49.06,-60.00,1
y,2022-10-20 16:50:43.895747,-0.11,0.85,0.49,-9.70,7.87,-1.59,-23.84,-49.06,-60.00,1
y,2022-10-20 16:50:43.911752,-0.11,0.84,0.41,-8.61,6.96,1.28,-23.45,-49.46,-61.33,1
y,2022-10-20 16:50:43.935734,-0.08,0.80,0.43,-6.71,6.47,3.42,-23.45,-49.46,-61.33,1
y,2022-10-20 16:50:43.951737,-0.11,0.80,0.37,-11.54,0.85,3.85,-23.45,-49.46,-61.33,1
y,2022-10-20 16:50:43.967758,-0.09,0.80,0.34,-8.91,2.20,4.21,-22.66,-49.37,-58.92,1
y,2022-10-20 16:50:43.992629,-0.09,0.79,0.35,-8.67,0.37,6.47,-22.66,-49.37,-58.92,1
y,2022-10-20 16:50:44.008675,-0.38,0.82,0.41,-10.13,-0.67,8.18,-23.54,-49.52,-58.65,1
y,2022-10-20 16:50:44.024697,-0.15,1.02,0.13,33.02,8.48,-8.24,-23.54,-49.52,-58.65,1
y,2022-10-20 16:50:44.049036,-0.11,0.79,0.57,48.22,20.57,-6.04,-23.54,-49.52,-58.65,1
y,2022-10-20 16:50:44.065037,-0.13,0.86,0.47,5.13,3.30,-4.09,-22.75,-49.85,-59.91,1
y,2022-10-20 16:50:44.081059,-0.13,0.79,0.33,-9.77,-11.23,3.85,-22.75,-49.85,-59.91,1
y,2022-10-20 16:50:44.097057,-0.13,0.84,0.30,-7.32,-7.93,5.55,-22.75,-49.85,-59.91,1
y,2022-10-20 16:50:44.121039,-0.14,0.80,0.31,2.56,-4.27,10.68,-22.94,-50.18,-60.16,1
y,2022-10-20 16:50:44.137041,-0.14,0.81,0.34,6.96,-1.89,30.27,-22.94,-50.18,-60.16,1
y,2022-10-20 16:50:44.153043,-0.13,0.82,0.40,4.52,-6.47,17.21,-22.94,-50.18,-60.16,1
y,2022-10-20 16:50:44.177043,-0.14,0.83,0.37,-2.26,-10.31,17.76,-24.02,-49.38,-60.10,1
y,2022-10-20 16:50:44.193048,-0.15,0.88,0.39,-5.25,-9.77,19.35,-24.02,-49.38,-60.10,1
y,2022-10-20 16:50:44.209070,-0.14,0.87,0.36,-8.91,-10.44,22.83,-24.58,-48.34,-57.50,1
y,2022-10-20 16:50:44.233049,-0.15,0.88,0.35,-10.86,-10.38,22.95,-24.58,-48.34,-57.50,1
y,2022-10-20 16:50:44.249052,-0.14,0.90,0.33,-0.92,-9.28,18.19,-24.58,-48.34,-57.50,1
y,2022-10-20 16:50:44.265070,-0.16,0.92,0.35,1.65,-11.84,14.89,-25.42,-47.27,-57.10,1
y,2022-10-20 16:50:44.281075,-0.17,0.95,0.37,1.71,-13.18,12.57,-25.42,-47.27,-57.10,1
y,2022-10-20 16:50:44.305056,-0.16,0.99,0.39,0.67,-13.92,10.62,-25.42,-47.27,-57.10,1
y,2022-10-20 16:50:44.321058,-0.17,1.02,0.39,0.37,-13.79,9.58,-25.72,-47.13,-56.56,1
y,2022-10-20 16:50:44.337079,-0.17,0.97,0.45,0.55,-11.05,7.08,-25.72,-47.13,-56.56,1
y,2022-10-20 16:50:44.361064,-0.17,0.99,0.42,-3.36,-11.11,3.11,-25.72,-47.13,-56.56,1
y,2022-10-20 16:50:44.377065,-0.19,0.99,0.44,2.38,-8.12,0.79,-25.39,-46.31,-55.75,1
y,2022-10-20 16:50:44.393085,-0.18,0.97,0.46,6.23,-4.76,-0.98,-25.39,-46.31,-55.75,1
y,2022-10-20 16:50:44.417080,-0.18,0.96,0.47,5.80,-2.44,-1.89,-23.97,-46.59,-56.30,1
y,2022-10-20 16:50:44.433069,-0.18,0.94,0.45,2.56,-0.67,-6.29,-23.97,-46.59,-56.30,1
y,2022-10-20 16:50:44.449071,-0.18,0.93,0.42,0.67,0.61,-8.97,-23.97,-46.59,-56.30,1
y,2022-10-20 16:50:44.473074,-0.18,0.92,0.42,1.10,1.46,-11.29,-22.88,-46.72,-56.92,1
y,2022-10-20 16:50:44.489075,-0.17,0.91,0.42,1.53,2.62,-12.57,-22.88,-46.72,-56.92,1
y,2022-10-20 16:50:44.506999,-0.17,0.90,0.41,1.28,3.66,-13.00,-22.88,-46.72,-56.92,1
y,2022-10-20 16:50:44.529036,-0.17,0.90,0.40,4.70,7.81,-13.43,-21.39,-47.11,-57.36,1
y,2022-10-20 16:50:44.545039,-0.16,0.85,0.43,5.86,8.85,-12.33,-21.39,-47.11,-57.36,1
y,2022-10-20 16:50:44.561040,-0.16,0.83,0.44,3.30,7.20,-10.99,-21.39,-47.11,-57.36,1
y,2022-10-20 16:50:44.577435,-0.16,0.80,0.42,-1.95,3.97,-9.89,-20.47,-48.18,-58.25,1
y,2022-10-20 16:50:44.601701,-0.16,0.79,0.38,-6.84,3.23,-8.18,-20.47,-48.18,-58.25,1
y,2022-10-20 16:50:44.617706,-0.16,0.79,0.34,-5.25,4.52,-4.52,-19.27,-47.81,-58.36,1
y,2022-10-20 16:50:44.633707,-0.16,0.76,0.33,-1.10,5.68,-2.01,-19.27,-47.81,-58.36,1
y,2022-10-20 16:50:44.649706,-0.17,0.74,0.33,3.11,5.92,0.67,-19.27,-47.81,-58.36,1
y,2022-10-20 16:50:44.673708,-0.16,0.73,0.33,7.08,5.43,3.97,-18.91,-48.54,-57.23,1
y,2022-10-20 16:50:44.689710,-0.14,0.67,0.34,10.07,8.91,-2.56,-18.91,-48.54,-57.23,1
y,2022-10-20 16:50:44.705730,-0.16,0.85,0.51,1.95,7.08,-7.45,-18.91,-48.54,-57.23,1
y,2022-10-20 16:50:44.729727,-0.16,0.83,0.34,-6.10,-5.55,6.35,-18.31,-47.92,-57.74,1
y,2022-10-20 16:50:44.745715,-0.17,0.79,0.34,-2.20,-3.23,10.99,-18.31,-47.92,-57.74,1
y,2022-10-20 16:50:44.769719,-0.16,0.76,0.35,2.75,-2.50,14.04,-19.14,-48.16,-56.92,1
y,2022-10-20 16:50:44.785719,-0.17,0.76,0.36,4.03,-4.03,17.70,-19.14,-48.16,-56.92,1
y,2022-10-20 16:50:44.801722,-0.17,0.77,0.39,3.85,-5.43,18.13,-19.14,-48.16,-56.92,1
y,2022-10-20 16:50:44.817750,-0.17,0.81,0.37,4.15,-7.93,19.04,-20.18,-47.17,-56.91,1
y,2022-10-20 16:50:44.841724,-0.19,0.82,0.39,5.62,-8.61,22.52,-20.18,-47.17,-56.91,1
y,2022-10-20 16:50:44.857726,-0.18,0.80,0.39,5.19,-9.58,26.31,-20.18,-47.17,-56.91,1
y,2022-10-20 16:50:44.873754,-0.19,0.83,0.40,4.70,-8.85,26.67,-21.72,-47.02,-56.88,1
y,2022-10-20 16:50:44.889754,-0.19,0.85,0.43,3.72,-9.52,25.70,-21.72,-47.02,-56.88,1
y,2022-10-20 16:50:44.913732,-0.20,0.90,0.40,3.11,-10.44,22.95,-21.72,-47.02,-56.88,1
y,2022-10-20 16:50:44.929736,-0.22,0.93,0.42,7.26,-8.48,23.19,-23.39,-45.69,-55.03,1
y,2022-10-20 16:50:44.945762,-0.22,0.91,0.44,11.78,-6.10,23.93,-23.39,-45.69,-55.03,1
y,2022-10-20 16:50:44.969737,-0.23,0.94,0.47,8.85,-2.38,23.62,-24.67,-44.89,-56.69,1
y,2022-10-20 16:50:44.985743,-0.24,0.95,0.50,5.92,0.37,21.55,-24.67,-44.89,-56.69,1
y,2022-10-20 16:50:45.001768,-0.24,0.95,0.57,2.62,3.11,17.76,-24.67,-44.89,-56.69,1
y,2022-10-20 16:50:45.025803,-0.25,0.89,0.60,-2.01,2.81,14.47,-26.09,-44.36,-55.90,1
y,2022-10-20 16:50:45.041814,-0.28,0.91,0.60,-3.36,8.97,10.13,-26.09,-44.36,-55.90,1
y,2022-10-20 16:50:45.057817,-0.26,0.84,0.64,-6.84,28.50,10.01,-26.09,-44.36,-55.90,1
y,2022-10-20 16:50:45.073839,-0.24,0.88,0.52,-29.72,28.99,9.28,-28.30,-44.98,-55.51,1
y,2022-10-20 16:50:45.097823,-0.23,0.94,0.34,-45.29,21.00,6.65,-28.30,-44.98,-55.51,1
y,2022-10-20 16:50:45.113840,-0.23,0.99,0.16,-42.42,14.22,3.97,-28.30,-44.98,-55.51,1
y,2022-10-20 16:50:45.129824,-0.22,0.95,0.11,-25.51,6.47,2.14,-29.59,-44.53,-54.75,1
y,2022-10-20 16:50:45.153826,-0.23,0.96,0.03,0.49,-13.12,3.36,-29.59,-44.53,-54.75,1
y,2022-10-20 16:50:45.169833,-0.27,0.90,0.08,46.69,1.71,9.89,-30.53,-44.54,-54.86,1
y,2022-10-20 16:50:45.185830,-0.25,0.73,0.42,62.13,17.09,8.91,-30.53,-44.54,-54.86,1
y,2022-10-20 16:50:45.209833,-0.24,0.74,0.53,41.08,13.37,2.62,-30.53,-44.54,-54.86,1
y,2022-10-20 16:50:45.225832,-0.24,0.79,0.51,12.27,4.27,-1.53,-29.61,-44.90,-56.74,1
y,2022-10-20 16:50:45.241835,-0.25,0.88,0.40,-8.42,-3.05,-2.20,-29.61,-44.90,-56.74,1
y,2022-10-20 16:50:45.265841,-0.25,0.89,0.37,-8.42,-1.83,-0.18,-29.61,-44.90,-56.74,1
y,2022-10-20 16:50:45.281840,-0.26,0.88,0.36,-9.22,0.55,2.26,-30.25,-44.65,-55.64,1
y,2022-10-20 16:50:45.297842,-0.33,0.85,0.33,-5.86,12.02,-1.53,-30.25,-44.65,-55.64,1
y,2022-10-20 16:50:45.321844,-0.46,0.81,0.61,26.12,25.33,-15.44,-30.25,-44.65,-55.64,1
y,2022-10-20 16:50:45.337845,-0.30,0.90,0.61,13.31,15.26,-24.60,-29.60,-44.65,-56.76,1
y,2022-10-20 16:50:45.353856,-0.35,0.94,0.54,8.61,13.98,-21.24,-29.60,-44.65,-56.76,1
y,2022-10-20 16:50:45.377849,-0.37,0.86,0.54,17.33,22.03,-20.69,-29.72,-45.67,-58.44,1
y,2022-10-20 16:50:45.393851,-0.31,0.80,0.59,25.70,28.14,-25.33,-29.72,-45.67,-58.44,1
y,2022-10-20 16:50:45.409854,-0.26,0.76,0.62,27.53,27.28,-22.58,-29.72,-45.67,-58.44,1
y,2022-10-20 16:50:45.433855,-0.19,0.64,0.64,19.84,27.16,-13.85,-28.48,-45.75,-62.18,1
y,2022-10-20 16:50:45.449858,-0.16,0.62,0.64,10.68,31.49,-5.68,-28.48,-45.75,-62.18,1
y,2022-10-20 16:50:45.465859,-0.12,0.59,0.66,1.71,37.41,0.61,-28.48,-45.75,-62.18,1
y,2022-10-20 16:50:45.481865,-0.08,0.62,0.60,-11.47,40.59,11.11,-30.20,-45.34,-64.34,1
