a,2022-10-01 11:35:30.041548,-0.02,-0.13,0.91,-7.32,-12.33,-4.76,35.74,59.07,0.88,1
a,2022-10-01 11:35:30.057169,0.01,-0.09,0.96,-20.94,-2.75,-6.65,35.74,59.07,0.88,1
a,2022-10-01 11:35:30.072819,0.01,-0.05,0.96,-23.86,-3.36,-7.45,32.50,59.90,1.67,1
a,2022-10-01 11:35:30.088440,-0.06,-0.04,1.03,-17.21,-6.23,-5.62,32.50,59.90,1.67,1
a,2022-10-01 11:35:30.104065,-0.09,-0.04,1.05,-7.32,-5.13,-2.38,32.50,59.90,1.67,1
a,2022-10-01 11:35:30.119695,-0.06,-0.02,1.03,5.00,-0.92,-1.71,30.38,60.29,2.21,1
a,2022-10-01 11:35:30.150924,0.09,-0.07,0.91,5.31,1.46,-4.33,30.38,60.29,2.21,1
a,2022-10-01 11:35:30.166551,0.18,-0.07,0.86,3.72,-2.87,-5.37,30.38,60.29,2.21,1
a,2022-10-01 11:35:30.182195,0.24,-0.12,0.81,-7.14,-8.42,-11.05,28.38,59.75,4.39,1
a,2022-10-01 11:35:30.197820,0.27,-0.20,0.85,-12.76,-26.79,-9.70,28.38,59.75,4.39,1
a,2022-10-01 11:35:30.213446,-0.03,-0.00,1.20,59.63,1.71,9.70,26.28,59.97,7.19,1
a,2022-10-01 11:35:30.244696,0.16,-0.09,1.29,41.81,-2.81,19.41,26.28,59.97,7.19,1
a,2022-10-01 11:35:30.260305,0.08,-0.26,1.04,-6.47,24.66,-12.57,26.28,59.97,7.19,1
a,2022-10-01 11:35:30.275932,0.07,-0.21,0.99,-20.87,22.83,-3.97,25.50,59.41,6.63,1
a,2022-10-01 11:35:30.291575,0.06,-0.13,1.00,-10.44,17.64,3.85,25.50,59.41,6.63,1
a,2022-10-01 11:35:30.307201,0.07,-0.11,0.91,-0.98,14.77,14.47,25.50,59.41,6.63,1
a,2022-10-01 11:35:30.322828,0.03,-0.10,0.89,6.65,11.17,19.41,24.02,60.34,2.84,1
a,2022-10-01 11:35:30.354061,0.07,-0.08,0.85,6.16,10.44,17.21,24.02,60.34,2.84,1
a,2022-10-01 11:35:30.369688,0.04,-0.11,0.84,-3.60,8.06,11.66,24.02,60.34,2.84,1
a,2022-10-01 11:35:30.385336,0.02,-0.14,0.82,-9.09,5.19,12.02,24.82,61.24,1.71,1
a,2022-10-01 11:35:30.400957,0.04,-0.16,0.76,-9.03,-3.60,19.84,24.82,61.24,1.71,1
a,2022-10-01 11:35:30.416583,0.02,-0.09,0.78,-7.75,-14.28,26.73,27.42,62.13,2.31,1
a,2022-10-01 11:35:30.432213,0.05,0.00,0.81,3.48,-26.06,32.65,27.42,62.13,2.31,1
a,2022-10-01 11:35:30.463442,0.08,0.09,0.82,5.25,-32.10,30.70,27.42,62.13,2.31,1
a,2022-10-01 11:35:30.479068,0.05,0.20,0.91,-4.15,-29.97,19.78,31.43,61.94,4.11,1
a,2022-10-01 11:35:30.494713,0.04,0.16,0.89,-0.06,-28.63,11.72,31.43,61.94,4.11,1
a,2022-10-01 11:35:30.510343,0.06,0.15,0.96,20.02,-33.87,9.34,31.43,61.94,4.11,1
a,2022-10-01 11:35:30.525965,0.05,0.15,1.05,24.66,-30.21,3.17,36.36,60.64,7.43,1
a,2022-10-01 11:35:30.541572,0.08,0.15,1.09,16.36,-25.15,-10.13,36.36,60.64,7.43,1
a,2022-10-01 11:35:30.572824,0.05,0.08,1.16,11.05,-19.04,-21.79,40.41,58.47,11.77,1
a,2022-10-01 11:35:30.588450,0.03,-0.07,1.21,24.29,-8.54,-10.31,40.41,58.47,11.77,1
a,2022-10-01 11:35:30.604094,0.05,-0.13,1.17,36.13,-6.10,-2.32,40.41,58.47,11.77,1
a,2022-10-01 11:35:30.619724,0.04,-0.10,1.19,30.33,-4.82,-5.19,40.93,58.02,14.44,1
a,2022-10-01 11:35:30.635346,0.04,-0.14,1.18,10.62,2.26,-20.45,40.93,58.02,14.44,1
a,2022-10-01 11:35:30.666596,0.02,-0.24,1.10,-3.97,9.52,-27.65,40.93,58.02,14.44,1
a,2022-10-01 11:35:30.682205,0.00,-0.21,1.09,6.10,12.76,-13.92,37.84,58.69,14.15,1
a,2022-10-01 11:35:30.697832,0.03,-0.19,1.02,7.87,17.82,-7.87,37.84,58.69,14.15,1
a,2022-10-01 11:35:30.713476,0.01,-0.20,0.97,5.80,18.43,-5.31,37.84,58.69,14.15,1
a,2022-10-01 11:35:30.729102,0.01,-0.20,0.97,2.32,17.33,-5.19,32.74,58.45,12.76,1
a,2022-10-01 11:35:30.744731,0.02,-0.19,0.90,-5.68,14.77,-5.37,32.74,58.45,12.76,1
a,2022-10-01 11:35:30.775960,-0.00,-0.13,0.86,-3.91,9.95,-2.81,29.30,59.05,8.67,1
a,2022-10-01 11:35:30.791587,0.01,-0.14,0.83,2.01,5.25,-0.61,29.30,59.05,8.67,1
a,2022-10-01 11:35:30.807230,-0.01,-0.15,0.74,4.09,-1.16,0.12,29.30,59.05,8.67,1
a,2022-10-01 11:35:30.822857,-0.01,-0.14,0.83,6.35,-11.41,-1.10,28.10,59.00,7.75,1
a,2022-10-01 11:35:30.838483,0.02,-0.15,0.87,-21.06,7.20,-6.10,28.10,59.00,7.75,1
a,2022-10-01 11:35:30.854112,0.03,-0.10,0.90,-45.47,25.45,-9.09,28.10,59.00,7.75,1
a,2022-10-01 11:35:30.885342,-0.09,0.05,0.34,-60.24,35.28,-8.97,27.93,59.75,7.79,1
a,2022-10-01 11:35:30.900968,0.03,0.12,0.77,-22.09,-20.39,-8.97,27.93,59.75,7.79,1
a,2022-10-01 11:35:30.916613,0.02,0.21,0.76,-8.30,-35.16,-14.34,30.96,58.76,10.38,1
a,2022-10-01 11:35:30.932242,0.03,0.25,0.82,12.15,-38.45,-12.39,30.96,58.76,10.38,1
a,2022-10-01 11:35:30.947864,0.03,0.24,0.87,46.69,-44.49,-7.63,30.96,58.76,10.38,1
a,2022-10-01 11:35:30.979097,-0.02,-0.01,0.94,70.19,-51.76,-2.01,36.66,58.74,15.67,1
a,2022-10-01 11:35:30.994725,-0.08,-0.20,0.98,67.93,-66.83,8.85,36.66,58.74,15.67,1
a,2022-10-01 11:35:31.010349,-1.22,-0.40,1.97,80.32,-7.14,37.54,36.66,58.74,15.67,1
a,2022-10-01 11:35:31.025994,-0.38,-0.46,1.22,99.12,84.17,38.51,42.35,56.91,13.55,1
a,2022-10-01 11:35:31.041620,0.10,-0.99,1.01,25.76,97.84,-13.37,42.35,56.91,13.55,1
a,2022-10-01 11:35:31.057244,0.19,-1.18,0.94,-37.48,85.14,-17.94,42.35,56.91,13.55,1
a,2022-10-01 11:35:31.088479,0.33,-0.93,0.72,-61.65,51.21,20.08,43.05,56.32,4.79,1
