w,2022-11-03 11:20:36.866207,4.343303,9.567718,0.493231,0.204220,0.261813,0.562842,3.215488,124.428245,-83.626106,1
w,2022-11-03 11:20:36.967332,4.281051,8.059294,-3.093466,0.335515,-0.028343,-0.220672,8.395997,123.529197,-84.490013,1
w,2022-11-03 11:20:37.058886,1.810109,9.337862,-1.666449,-0.007771,-0.021152,-0.027856,6.073699,102.851089,-73.604797,1
w,2022-11-03 11:20:37.157704,3.203605,9.175049,-1.240260,-0.122422,0.177256,0.245655,6.073699,108.604995,-74.641487,1
w,2022-11-03 11:20:37.232851,3.332899,8.782380,-0.780550,0.142700,0.233316,-0.369545,6.073699,108.604995,-74.641487,1
w,2022-11-03 11:20:37.332629,4.400767,8.145490,-0.699142,-0.126284,0.113206,0.014755,5.716423,116.876243,-79.133796,1
w,2022-11-03 11:20:37.431811,4.142180,9.658702,-0.962518,-0.313906,0.207617,-0.299902,20.722032,121.191673,-63.237922,1
w,2022-11-03 11:20:37.524052,3.687258,10.075315,-0.823647,-0.104845,0.321468,-0.499242,29.118026,122.450340,-45.095897,1
w,2022-11-03 11:20:37.617738,4.678508,9.529409,-0.464499,0.311946,0.018796,-0.234254,19.828840,117.775291,-51.661582,1
w,2022-11-03 11:20:37.713709,2.384746,8.169433,-0.225066,0.180917,0.021326,-0.185251,19.828840,117.775291,-51.661582,1
w,2022-11-03 11:20:37.816155,2.887554,8.878152,-0.612947,0.459221,0.030247,0.304379,6.966890,105.548233,-59.955081,1
w,2022-11-03 11:20:37.907739,4.027253,9.021812,-0.622524,-0.346530,0.134911,-0.311487,12.683313,109.504043,-54.426082,1
w,2022-11-03 11:20:38.008014,2.379958,11.267688,-0.541117,0.038036,-0.001578,0.003171,19.114288,112.380996,-39.912460,1
w,2022-11-03 11:20:38.099313,3.874016,9.821516,-0.814070,0.497971,-0.229548,0.149780,19.114288,112.380996,-39.912460,1
w,2022-11-03 11:20:38.199498,2.911498,8.614777,-0.411824,0.187974,0.019461,-0.256092,17.863821,107.166519,-44.577552,1
w,2022-11-03 11:20:38.274033,2.446999,9.117585,-0.545906,0.036971,0.294703,-0.462890,6.430975,94.939468,-46.305366,1
w,2022-11-03 11:20:38.374753,3.481347,9.534197,-1.192373,0.317139,0.040634,0.247519,5.895061,96.557754,-48.897083,1
w,2022-11-03 11:20:38.465683,2.978539,9.361806,-1.154064,-0.024150,0.195499,-0.283923,5.895061,96.557754,-48.897083,1
w,2022-11-03 11:20:38.565743,2.935441,9.285188,-1.067868,0.100621,0.151157,-0.128658,6.252337,97.636611,-48.897083,1
w,2022-11-03 11:20:38.657410,3.313744,9.313920,-1.211528,0.088237,0.070329,0.036860,6.430975,97.456802,-47.342052,1
w,2022-11-03 11:20:38.740732,3.083889,9.309131,-1.178007,0.058409,0.159945,-0.158086,6.966890,97.276992,-49.242645,1
