S,2022-10-26 17:18:43.133589,0.21,-0.51,0.92,-18.68,8.24,-13.61,32.59,103.52,-201.70,1
S,2022-10-26 17:18:43.152575,0.28,-0.48,0.78,-13.73,10.62,-17.40,36.00,100.83,-203.80,1
S,2022-10-26 17:18:43.173827,0.20,-0.52,0.85,-24.66,7.57,-22.22,36.00,100.83,-203.80,1
S,2022-10-26 17:18:43.196459,0.15,-0.57,0.77,-5.43,8.54,-9.28,39.93,98.74,-205.16,1
S,2022-10-26 17:18:43.214626,0.17,-0.63,0.77,-6.90,6.35,-4.70,39.93,98.74,-205.16,1
S,2022-10-26 17:18:43.233620,0.19,-0.51,1.03,33.08,-5.55,8.61,39.93,98.74,-205.16,1
S,2022-10-26 17:18:43.256751,0.15,-0.61,0.66,27.77,8.79,16.91,42.41,98.82,-204.98,1
S,2022-10-26 17:18:43.274360,0.13,-0.41,0.75,-23.19,1.77,4.82,42.41,98.82,-204.98,1
S,2022-10-26 17:18:43.295066,0.12,-0.52,0.71,-41.44,-1.40,1.22,42.59,96.36,-204.77,1
S,2022-10-26 17:18:43.315244,0.15,-0.56,0.60,-24.48,-25.21,38.09,42.59,96.36,-204.77,1
S,2022-10-26 17:18:43.337229,0.12,-0.32,0.78,-27.16,-34.12,41.44,42.59,96.36,-204.77,1
S,2022-10-26 17:18:43.355348,0.10,-0.22,0.84,-44.25,-31.13,19.71,38.27,93.87,-205.71,1
S,2022-10-26 17:18:43.376433,0.13,-0.11,0.91,-34.30,-29.30,15.44,38.27,93.87,-205.71,1
S,2022-10-26 17:18:43.398253,0.10,-0.05,0.92,-17.64,-24.66,11.90,32.76,93.20,-208.40,1
S,2022-10-26 17:18:43.416643,0.07,-0.02,1.02,12.33,-26.00,5.19,32.76,93.20,-208.40,1
S,2022-10-26 17:18:43.435586,0.10,-0.04,1.04,19.29,-19.47,-8.18,32.76,93.20,-208.40,1
S,2022-10-26 17:18:43.456572,0.09,-0.11,1.01,22.22,-4.64,-27.89,29.08,94.67,-207.76,1
S,2022-10-26 17:18:43.479098,0.10,-0.23,1.00,25.21,2.75,-39.98,29.08,94.67,-207.76,1
S,2022-10-26 17:18:43.495830,0.12,-0.36,0.94,23.01,12.15,-48.65,29.03,95.89,-207.81,1
S,2022-10-26 17:18:43.514780,0.13,-0.51,0.86,16.78,13.06,-48.77,29.03,95.89,-207.81,1
S,2022-10-26 17:18:43.532726,0.11,-0.61,0.80,12.57,7.75,-44.01,29.03,95.89,-207.81,1
S,2022-10-26 17:18:43.553668,0.13,-0.62,0.84,6.10,1.65,-36.01,30.38,94.82,-209.12,1
S,2022-10-26 17:18:43.571620,0.11,-0.59,0.82,-2.87,-3.78,-24.29,30.38,94.82,-209.12,1
S,2022-10-26 17:18:43.590039,0.08,-0.58,0.79,-14.10,-7.26,-23.25,28.77,94.25,-207.74,1
S,2022-10-26 17:18:43.608069,0.09,-0.55,0.82,-25.82,-13.37,-3.23,28.77,94.25,-207.74,1
S,2022-10-26 17:18:43.628046,0.09,-0.53,0.88,-12.82,-22.34,-5.80,28.77,94.25,-207.74,1
S,2022-10-26 17:18:43.650506,0.08,-0.54,0.85,-2.26,-24.66,5.25,24.41,92.83,-208.69,1
S,2022-10-26 17:18:43.667602,0.09,-0.51,0.95,8.12,-26.92,26.55,24.41,92.83,-208.69,1
S,2022-10-26 17:18:43.687907,0.10,-0.45,1.00,14.65,-21.79,36.99,24.41,92.83,-208.69,1
S,2022-10-26 17:18:43.710412,0.09,-0.39,1.03,12.63,-16.54,41.08,19.53,95.43,-208.39,1
S,2022-10-26 17:18:43.728378,0.07,-0.27,1.08,-4.64,-9.83,35.40,19.53,95.43,-208.39,1
S,2022-10-26 17:18:43.748566,0.04,-0.17,1.20,-11.35,-4.15,40.16,16.50,98.54,-209.86,1
S,2022-10-26 17:18:43.768737,-0.21,-0.02,1.38,26.37,30.76,52.25,16.50,98.54,-209.86,1
S,2022-10-26 17:18:43.789157,-0.16,0.24,1.30,32.23,57.86,7.93,16.50,98.54,-209.86,1
S,2022-10-26 17:18:43.806978,0.08,0.06,1.12,40.34,79.22,-23.99,24.18,100.74,-206.46,1
S,2022-10-26 17:18:43.826491,0.23,-0.18,0.77,42.24,75.20,-39.61,24.18,100.74,-206.46,1
S,2022-10-26 17:18:43.848473,0.25,-0.33,0.70,46.57,55.36,-41.20,35.91,101.09,-202.09,1
