Q,2022-10-26 18:27:17.557645,0.828436,8.222108,-3.888382,-0.050316,-0.099963,0.194436,17.506544,13.305911,-85.699485,1
Q,2022-10-26 18:27:17.654254,2.293762,8.116758,-3.222760,-0.328221,0.092853,0.676076,17.506544,13.305911,-85.699485,1
Q,2022-10-26 18:27:17.744269,3.495712,8.437597,-3.787820,-0.433684,-0.244042,0.144901,11.611484,12.047244,-85.181137,1
Q,2022-10-26 18:27:17.846114,1.541944,10.003485,-1.872361,-0.231280,-0.188515,0.554235,5.716423,8.990481,-89.155105,1
Q,2022-10-26 18:27:17.927091,2.360803,6.866920,-2.059118,0.363413,0.578354,1.299931,-8.395997,8.810671,-92.437950,1
Q,2022-10-26 18:27:18.022353,6.512560,5.559619,-1.359976,-0.499199,0.507380,1.201393,22.865690,-2.157715,-124.402473,1
Q,2022-10-26 18:27:18.112466,9.337862,9.620393,-2.356014,-0.974314,-0.045900,-1.642374,22.865690,-2.157715,-124.402473,1
Q,2022-10-26 18:27:18.213246,0.143659,12.795267,-3.414306,0.182581,-0.221938,-1.760753,35.191726,27.870487,-118.009567,1
Q,2022-10-26 18:27:18.303363,-0.660833,7.192548,-2.073484,0.987267,0.190459,1.244670,9.825101,-2.337525,-100.731445,1
Q,2022-10-26 18:27:18.404819,3.859650,4.874843,-0.076618,-0.170293,1.132700,1.697015,-6.966890,7.372194,-104.878196,1
Q,2022-10-26 18:27:18.494826,4.678508,7.178183,-7.360151,0.503763,-0.058551,-1.132504,-6.966890,7.372194,-104.878196,1
Q,2022-10-26 18:27:18.594830,6.780725,11.171915,-1.273780,0.560090,0.213096,0.039305,24.652072,10.428957,-106.778793,1
Q,2022-10-26 18:27:18.694720,5.851727,6.287494,-1.498847,-1.028510,-0.627677,0.152225,26.617092,12.406863,-115.590629,1
Q,2022-10-26 18:27:18.787843,1.881938,11.468811,-2.782204,-0.732095,0.263830,-1.118522,42.694530,16.722291,-112.480567,1
Q,2022-10-26 18:27:18.878214,3.878804,8.298727,-4.266685,1.680233,-0.053091,-0.525960,42.694530,16.722291,-112.480567,1
Q,2022-10-26 18:27:18.980424,1.503635,8.083237,-3.629795,0.077251,-0.359492,0.305891,25.902540,4.854859,-103.150382,1
Q,2022-10-26 18:27:19.077992,1.556310,8.715339,-3.299378,0.042763,-0.176397,-0.344196,8.395997,7.372194,-92.092384,1
