Q,2022-10-26 18:28:01.380253,0.502808,9.998696,2.418267,0.377527,1.056931,0.430263,124.153549,-16.722291,-222.714981,1
Q,2022-10-26 18:28:01.470698,1.422228,9.653914,1.336033,0.380324,0.531615,0.354761,124.153549,-16.722291,-222.714981,1
Q,2022-10-26 18:28:01.570694,4.055984,10.630798,1.412651,0.353559,-0.137781,0.908840,172.743148,-16.003053,-128.030883,1
Q,2022-10-26 18:28:01.660688,2.207566,9.591661,1.043925,0.238642,-0.868830,-0.045252,172.207229,-32.365726,-74.295921,1
Q,2022-10-26 18:28:01.760696,1.082234,10.726571,1.422228,0.364478,-0.932746,0.259285,194.894287,-37.939826,-49.933769,1
Q,2022-10-26 18:28:01.860650,0.057464,8.246051,0.517174,1.166235,-0.332194,2.158281,194.894287,-37.939826,-49.933769,1
Q,2022-10-26 18:28:01.951836,3.103044,6.297071,0.723086,-1.179380,0.718572,0.487255,188.106033,-37.939826,-21.252088,1
Q,2022-10-26 18:28:02.051845,7.666625,11.851902,2.633756,-1.312274,-0.175199,-0.440471,131.299087,-44.053352,-1.555031,1
Q,2022-10-26 18:28:02.141949,-0.167603,14.456927,2.006443,0.392841,-0.760837,-1.392965,183.640075,-62.933361,-42.158615,1
Q,2022-10-26 18:28:02.241945,-0.306473,8.404077,0.416612,1.434818,-0.402503,1.211912,209.542617,-37.220588,-46.478145,1
Q,2022-10-26 18:28:02.337283,3.921902,6.196510,1.249837,-0.050982,1.657217,-0.339003,209.542617,-37.220588,-46.478145,1
Q,2022-10-26 18:28:02.429004,-1.695181,8.116758,-1.776588,-0.636487,0.132667,-1.135966,172.028594,-27.870487,-0.863906,1
Q,2022-10-26 18:28:02.526346,5.473424,7.159028,-0.507597,-0.834762,-0.804780,1.028817,186.855560,-15.823246,-19.351495,1
Q,2022-10-26 18:28:02.627781,3.462192,8.849421,2.662488,-1.306681,-1.323971,1.188210,220.260910,-41.176399,-50.970458,1
Q,2022-10-26 18:28:02.720992,-4.108659,13.259765,2.360803,0.662756,0.967581,-1.459412,220.260910,-41.176399,-50.970458,1
Q,2022-10-26 18:28:02.811503,1.412651,9.792784,2.083062,0.512818,-0.464689,-0.107171,223.476394,2.337525,-118.700691,1
