a,2022-11-01 13:44:37.822776,2.317705,10.444041,-2.619390,-0.137837,-0.130659,0.836481,49.661422,25.532962,-5.874561,1
a,2022-11-01 13:44:37.917700,2.231510,10.041794,-2.083062,-0.383251,-0.643459,0.771099,25.723901,17.261722,7.256811,1
a,2022-11-01 13:44:38.014288,-1.149275,10.238128,-2.020809,0.166301,-0.579009,0.328875,26.974369,17.081911,19.178714,1
a,2022-11-01 13:44:38.094594,-0.521963,6.919596,-0.828436,0.683628,0.891877,0.603717,26.974369,17.081911,19.178714,1
a,2022-11-01 13:44:38.190308,3.328110,8.595623,-0.818859,-0.733595,1.200409,0.327144,13.755143,21.397342,21.597652,1
a,2022-11-01 13:44:38.286691,5.114275,10.693050,-0.469287,-1.426693,0.517963,-0.219212,-6.252337,18.880008,10.885217,1
a,2022-11-01 13:44:38.382096,2.667277,13.135260,-0.172391,0.564982,-0.810442,-0.261557,6.609613,4.495240,8.811842,1
a,2022-11-01 13:44:38.462935,0.114928,7.958732,-0.861956,0.570175,0.089454,0.264825,6.609613,4.495240,8.811842,1
a,2022-11-01 13:44:38.559452,0.905054,8.748859,-0.617735,0.370702,-0.112017,0.269485,18.399734,14.924198,21.252088,1
a,2022-11-01 13:44:38.654612,3.227548,10.568545,-0.656045,-1.183010,0.421955,-0.247043,16.256076,13.485720,18.142026,1
a,2022-11-01 13:44:38.750319,1.848418,12.144010,0.038309,-0.730399,0.153238,-0.757845,22.508413,-0.719238,12.094685,1
a,2022-11-01 13:44:38.846486,-0.569849,9.007446,4.630622,1.916557,-0.963043,0.855922,22.508413,-0.719238,12.094685,1
a,2022-11-01 13:44:38.926254,1.676027,8.571680,-2.715163,0.593345,-0.033719,0.038719,32.869430,6.473145,12.785810,1
