i,2022-11-01 11:47:21.825672,0.26,0.53,0.67,-9.83,11.11,4.52,-34.33,-70.06,-176.70,1
i,2022-11-01 11:47:21.841652,0.25,0.63,0.66,-30.09,11.72,-4.09,-36.35,-67.52,-183.33,1
i,2022-11-01 11:47:21.857670,0.30,0.75,0.69,-17.76,5.43,-7.69,-36.35,-67.52,-183.33,1
i,2022-11-01 11:47:21.881667,0.32,0.77,0.74,-7.51,1.46,-14.10,-36.35,-67.52,-183.33,1
i,2022-11-01 11:47:21.905674,0.33,0.66,0.73,1.53,-3.78,-21.67,-40.45,-66.93,-190.32,1
i,2022-11-01 11:47:21.921691,0.33,0.56,0.73,-1.28,-6.53,-26.12,-40.45,-66.93,-190.32,1
i,2022-11-01 11:47:21.937662,0.33,0.48,0.70,-16.78,-6.53,-32.53,-46.42,-69.89,-196.50,1
i,2022-11-01 11:47:21.961652,0.33,0.32,0.52,-27.04,-12.88,-25.70,-46.42,-69.89,-196.50,1
i,2022-11-01 11:47:21.977652,0.34,0.26,0.39,-29.48,-27.77,-12.51,-46.42,-69.89,-196.50,1
i,2022-11-01 11:47:21.993647,-2.96,1.16,3.36,-39.73,-44.74,0.31,-58.94,-75.04,-202.84,1
i,2022-11-01 11:47:22.017646,0.15,0.42,0.41,-89.66,26.98,-22.28,-58.94,-75.04,-202.84,1
i,2022-11-01 11:47:22.038838,-0.04,-0.01,0.45,27.53,-6.41,16.78,-59.79,-74.77,-203.32,1
i,2022-11-01 11:47:22.057480,0.08,0.16,0.30,72.88,-56.76,79.71,-59.79,-74.77,-203.32,1
i,2022-11-01 11:47:22.073483,0.07,0.51,0.38,109.62,-95.03,94.60,-59.79,-74.77,-203.32,1
i,2022-11-01 11:47:22.089510,0.11,0.78,0.60,148.80,-142.03,99.43,-71.66,-50.44,-190.14,1
i,2022-11-01 11:47:22.113504,0.32,0.72,0.99,181.34,-167.30,79.28,-71.66,-50.44,-190.14,1
i,2022-11-01 11:47:22.129502,0.26,0.71,1.38,95.76,-97.11,13.37,-71.66,-50.44,-190.14,1
i,2022-11-01 11:47:22.153492,0.24,0.57,1.49,23.25,-55.30,-17.27,-84.05,-37.51,-169.20,1
i,2022-11-01 11:47:22.169481,0.26,0.54,1.57,-21.00,-29.54,-26.18,-84.05,-37.51,-169.20,1
i,2022-11-01 11:47:22.185514,0.06,0.59,1.92,-46.14,22.95,-50.05,-85.60,-47.94,-166.63,1
i,2022-11-01 11:47:22.209479,0.12,0.52,1.70,-33.63,93.08,-46.75,-85.60,-47.94,-166.63,1
i,2022-11-01 11:47:22.225486,0.27,0.38,1.26,-46.88,130.55,-64.03,-85.60,-47.94,-166.63,1
i,2022-11-01 11:47:22.249502,0.39,0.24,0.82,-69.40,130.37,-55.18,-70.06,-56.38,-176.92,1
i,2022-11-01 11:47:22.265494,0.50,0.27,0.61,-52.49,110.60,-33.87,-70.06,-56.38,-176.92,1
i,2022-11-01 11:47:22.289510,0.54,0.40,0.48,-85.21,75.32,-39.12,-53.08,-64.75,-188.39,1
i,2022-11-01 11:47:22.305483,0.39,0.51,0.47,-83.01,58.23,-40.65,-53.08,-64.75,-188.39,1
i,2022-11-01 11:47:22.321639,0.35,0.44,0.40,-61.52,44.13,-42.05,-53.08,-64.75,-188.39,1
i,2022-11-01 11:47:22.345479,0.39,0.34,0.24,-44.25,22.16,-28.44,-46.19,-75.50,-197.94,1
i,2022-11-01 11:47:22.361480,0.43,0.23,0.08,-49.50,-6.10,-12.63,-46.19,-75.50,-197.94,1
i,2022-11-01 11:47:22.385496,0.41,0.30,0.07,-54.14,-42.30,4.82,-46.19,-75.50,-197.94,1
i,2022-11-01 11:47:22.401493,0.28,0.29,0.88,102.91,32.71,-8.00,-55.46,-83.17,-205.26,1
i,2022-11-01 11:47:22.417483,0.36,0.37,0.79,-15.99,-1.59,2.50,-55.46,-83.17,-205.26,1
i,2022-11-01 11:47:22.441500,0.42,0.65,0.70,-95.58,-13.43,5.62,-55.46,-85.97,-206.21,1
i,2022-11-01 11:47:22.457487,-0.22,0.98,0.87,25.88,-59.69,30.21,-55.46,-85.97,-206.21,1
i,2022-11-01 11:47:22.482317,-0.14,0.88,0.87,103.09,-10.25,22.03,-55.46,-85.97,-206.21,1
i,2022-11-01 11:47:22.498295,0.17,0.46,0.48,80.57,10.99,-13.31,-52.15,-80.75,-195.73,1
i,2022-11-01 11:47:22.514548,0.33,0.30,0.35,74.58,-22.40,-6.41,-52.15,-80.75,-195.73,1
i,2022-11-01 11:47:22.538295,0.50,0.29,0.35,61.83,-43.82,7.08,-43.92,-74.05,-182.29,1
i,2022-11-01 11:47:22.554296,0.53,0.38,0.44,35.03,-57.43,11.66,-43.92,-74.05,-182.29,1
i,2022-11-01 11:47:22.570322,0.42,0.47,0.66,8.79,-58.11,8.48,-43.92,-74.05,-182.29,1
i,2022-11-01 11:47:22.594320,0.39,0.55,0.79,-20.08,-30.94,-4.58,-48.94,-74.34,-174.39,1
i,2022-11-01 11:47:22.610320,0.51,0.57,0.73,-17.94,-18.07,-6.77,-48.94,-74.34,-174.39,1
i,2022-11-01 11:47:22.634296,0.53,0.56,0.82,-9.03,-18.98,-2.38,-48.94,-74.34,-174.39,1
i,2022-11-01 11:47:22.650315,0.44,0.60,1.04,-15.01,-14.89,-4.46,-51.64,-80.15,-167.22,1
i,2022-11-01 11:47:22.674300,0.42,0.63,1.14,-22.46,-6.41,-7.69,-51.64,-80.15,-167.22,1
i,2022-11-01 11:47:22.690302,0.31,0.61,1.20,-32.10,14.77,-18.01,-52.95,-86.46,-165.98,1
i,2022-11-01 11:47:22.706608,0.43,0.62,1.03,-19.10,28.20,-22.58,-52.95,-86.46,-165.98,1
i,2022-11-01 11:47:22.730319,0.47,0.57,0.89,-11.78,27.95,-24.60,-52.95,-86.46,-165.98,1
i,2022-11-01 11:47:22.746309,0.43,0.55,0.83,-13.92,22.52,-26.79,-48.65,-93.31,-164.70,1
i,2022-11-01 11:47:22.770319,0.35,0.50,0.76,0.06,20.20,-23.25,-48.65,-93.31,-164.70,1
i,2022-11-01 11:47:22.786312,0.31,0.49,0.74,7.87,19.78,-24.66,-44.29,-98.83,-167.60,1
i,2022-11-01 11:47:22.802306,0.34,0.37,0.60,10.07,24.35,-26.86,-44.29,-98.83,-167.60,1
i,2022-11-01 11:47:22.826302,0.37,0.18,0.43,6.10,11.78,-19.59,-44.29,-98.83,-167.60,1
i,2022-11-01 11:47:22.842315,0.37,0.21,0.50,8.24,-5.62,-5.00,-41.59,-104.97,-168.03,1
i,2022-11-01 11:47:22.858302,0.32,0.23,0.59,-32.29,-8.67,2.81,-41.59,-104.97,-168.03,1
i,2022-11-01 11:47:22.882300,-0.72,1.06,1.49,-40.34,-2.44,7.39,-46.11,-110.50,-167.31,1
i,2022-11-01 11:47:22.898577,0.31,0.47,0.68,4.94,44.25,-10.68,-46.11,-110.50,-167.31,1
i,2022-11-01 11:47:22.922295,0.08,0.24,0.44,-36.38,33.51,-5.55,-46.11,-110.50,-167.31,1
i,2022-11-01 11:47:22.938295,0.12,0.29,0.47,-4.03,-8.54,26.49,-44.49,-112.46,-166.26,1
i,2022-11-01 11:47:22.954381,0.04,0.25,0.43,35.77,-36.99,61.22,-44.49,-112.46,-166.26,1
i,2022-11-01 11:47:22.978296,0.08,0.41,0.47,62.99,-76.42,87.28,-44.49,-112.46,-166.26,1
i,2022-11-01 11:47:22.994319,0.20,0.57,0.54,134.95,-123.66,102.42,-53.86,-96.36,-159.45,1
i,2022-11-01 11:47:23.018306,0.30,0.75,0.99,138.92,-122.92,79.77,-53.86,-96.36,-159.45,1
i,2022-11-01 11:47:23.034303,0.29,0.76,1.20,78.00,-93.99,46.81,-60.41,-79.66,-152.54,1
i,2022-11-01 11:47:23.050335,0.28,0.85,1.24,60.91,-54.50,11.72,-60.41,-79.66,-152.54,1
i,2022-11-01 11:47:23.074297,0.28,0.60,1.41,52.25,0.92,-1.04,-60.41,-79.66,-152.54,1
i,2022-11-01 11:47:23.090297,0.31,0.60,1.54,-29.60,7.75,-37.29,-59.42,-77.12,-152.21,1
i,2022-11-01 11:47:23.106376,0.14,0.55,1.63,-58.35,50.48,-60.55,-59.42,-77.12,-152.21,1
i,2022-11-01 11:47:23.130353,0.35,0.41,1.27,-38.51,97.11,-57.98,-59.42,-77.12,-152.21,1
i,2022-11-01 11:47:23.146305,0.35,0.28,1.06,-27.28,86.61,-55.42,-52.14,-83.29,-156.14,1
i,2022-11-01 11:47:23.170303,0.44,0.22,0.92,-18.07,80.87,-37.90,-52.14,-83.29,-156.14,1
i,2022-11-01 11:47:23.186307,0.43,0.25,0.79,-59.27,81.05,-34.12,-43.18,-90.60,-163.50,1
i,2022-11-01 11:47:23.202308,0.35,0.32,0.69,-62.07,82.64,-24.35,-43.18,-90.60,-163.50,1
i,2022-11-01 11:47:23.226316,0.44,0.42,0.56,-55.05,77.82,-18.80,-43.18,-90.60,-163.50,1
i,2022-11-01 11:47:23.242320,0.45,0.44,0.31,-66.89,58.72,-27.34,-33.86,-100.78,-167.25,1
i,2022-11-01 11:47:23.266310,0.47,0.44,0.16,-69.46,30.46,-25.15,-33.86,-100.78,-167.25,1
i,2022-11-01 11:47:23.282304,0.55,0.35,-0.05,-56.58,-29.79,-11.29,-32.76,-115.32,-170.89,1
i,2022-11-01 11:47:23.306295,-1.25,1.92,1.62,-54.75,-57.13,0.12,-32.76,-115.32,-170.89,1
i,2022-11-01 11:47:23.327417,0.28,0.77,0.76,48.58,-16.24,-3.72,-32.76,-115.32,-170.89,1
i,2022-11-01 11:47:23.346647,0.31,0.33,0.67,-17.64,-22.64,4.94,-36.04,-116.92,-170.83,1
i,2022-11-01 11:47:23.362640,0.32,0.59,0.66,-95.46,-17.88,5.62,-36.04,-116.92,-170.83,1
i,2022-11-01 11:47:23.378653,-0.44,0.96,1.00,-15.87,-35.10,35.22,-39.18,-116.39,-168.87,1
i,2022-11-01 11:47:23.402640,0.09,0.69,0.77,91.31,4.58,13.79,-39.18,-116.39,-168.87,1
i,2022-11-01 11:47:23.418660,0.28,0.41,0.50,63.84,15.26,-7.69,-39.18,-116.39,-168.87,1
i,2022-11-01 11:47:23.442651,0.43,0.31,0.37,55.05,0.85,-3.48,-31.36,-101.16,-167.37,1
i,2022-11-01 11:47:23.458663,0.52,0.36,0.34,35.34,-30.88,12.21,-31.36,-101.16,-167.37,1
i,2022-11-01 11:47:23.474658,0.49,0.51,0.52,4.33,-41.75,8.79,-31.36,-101.16,-167.37,1
i,2022-11-01 11:47:23.498645,0.42,0.58,0.64,-8.18,-39.43,1.53,-33.68,-94.89,-163.02,1
i,2022-11-01 11:47:23.514639,0.41,0.58,0.71,0.31,-30.76,-1.16,-33.68,-94.89,-163.02,1
