y,2022-10-18 14:44:45.512263,0.51,-0.65,0.60,-38.27,-17.27,4.33,-15.83,-27.53,-104.98,1
y,2022-10-18 14:44:45.531259,0.41,-0.66,0.67,-46.39,-14.65,1.95,-17.13,-27.77,-104.87,1
y,2022-10-18 14:44:45.549388,0.38,-0.65,0.63,-30.46,-9.95,12.51,-17.13,-27.77,-104.87,1
y,2022-10-18 14:44:45.568286,0.44,-0.64,0.60,-32.78,-7.51,10.31,-19.89,-27.26,-106.64,1
y,2022-10-18 14:44:45.586297,0.45,-0.62,0.60,-34.06,-12.63,11.72,-19.89,-27.26,-106.64,1
y,2022-10-18 14:44:45.604342,0.46,-0.46,0.61,-27.71,-21.36,15.38,-19.89,-27.26,-106.64,1
y,2022-10-18 14:44:45.623417,0.42,-0.36,0.64,-27.83,-27.95,-8.36,-22.06,-26.82,-107.42,1
y,2022-10-18 14:44:45.641435,0.34,-0.30,0.66,-29.54,-28.93,-19.65,-22.06,-26.82,-107.42,1
y,2022-10-18 14:44:45.659355,0.36,-0.19,0.66,-23.74,-29.24,-30.94,-22.06,-26.82,-107.42,1
y,2022-10-18 14:44:45.678114,0.34,-0.26,0.85,34.85,20.14,-1.89,-25.33,-26.83,-107.34,1
y,2022-10-18 14:44:45.696189,-0.06,-0.34,0.50,71.90,16.05,2.99,-25.33,-26.83,-107.34,1
y,2022-10-18 14:44:45.715221,0.27,-0.41,0.67,76.54,-6.65,-20.63,-25.63,-26.25,-105.85,1
y,2022-10-18 14:44:45.733173,0.24,-0.43,0.67,75.44,-8.12,-37.54,-25.63,-26.25,-105.85,1
y,2022-10-18 14:44:45.751223,0.32,-0.51,0.66,84.17,-9.83,-51.70,-25.63,-26.25,-105.85,1
y,2022-10-18 14:44:45.770079,0.39,-0.62,0.64,78.49,-6.59,-54.50,-23.50,-30.21,-103.25,1
y,2022-10-18 14:44:45.788162,0.40,-0.67,0.78,54.63,-5.43,-47.97,-23.50,-30.21,-103.25,1
y,2022-10-18 14:44:45.806297,0.45,-0.75,0.78,30.40,0.55,-43.82,-23.50,-30.21,-103.25,1
y,2022-10-18 14:44:45.825047,0.50,-0.84,0.79,11.17,8.67,-35.71,-20.40,-33.46,-102.88,1
y,2022-10-18 14:44:45.843366,0.47,-0.88,0.77,-12.21,12.51,-20.32,-20.40,-33.46,-102.88,1
y,2022-10-18 14:44:45.861152,0.38,-1.00,0.89,-37.78,33.33,8.30,-20.40,-33.46,-102.88,1
y,2022-10-18 14:44:45.880070,0.39,-0.84,0.87,-19.78,39.98,50.42,-17.81,-35.23,-102.38,1
y,2022-10-18 14:44:45.898209,0.51,-0.69,0.79,-25.76,52.61,60.42,-17.81,-35.23,-102.38,1
y,2022-10-18 14:44:45.917180,0.57,-0.62,0.71,-45.10,58.59,47.30,-16.39,-33.51,-104.92,1
y,2022-10-18 14:44:45.935178,0.60,-0.57,0.64,-65.37,52.67,26.49,-16.39,-33.51,-104.92,1
y,2022-10-18 14:44:45.953201,0.64,-0.39,0.55,-78.98,28.99,11.23,-16.39,-33.51,-104.92,1
y,2022-10-18 14:44:45.972224,0.55,-0.39,0.55,-77.51,8.67,-4.09,-16.93,-32.96,-108.65,1
y,2022-10-18 14:44:45.990246,0.45,-0.38,0.55,-66.16,-7.81,-7.08,-16.93,-32.96,-108.65,1
y,2022-10-18 14:44:46.008372,0.40,-0.30,0.52,-60.91,-16.30,-15.32,-16.93,-32.96,-108.65,1
y,2022-10-18 14:44:46.027360,0.34,-0.30,0.49,-54.57,-28.93,-37.41,-20.06,-34.27,-109.91,1
y,2022-10-18 14:44:46.045075,0.30,-0.37,0.70,71.90,-13.67,13.85,-20.06,-34.27,-109.91,1
y,2022-10-18 14:44:46.064221,0.16,-0.62,0.50,93.57,-4.33,11.78,-21.14,-34.52,-110.33,1
y,2022-10-18 14:44:46.082277,0.21,-0.37,0.52,24.05,-4.88,-38.02,-21.14,-34.52,-110.33,1
y,2022-10-18 14:44:46.100346,0.20,-0.49,0.50,36.38,-10.93,-67.93,-21.14,-34.52,-110.33,1
y,2022-10-18 14:44:46.119215,0.34,-0.67,0.45,43.27,-21.55,-70.62,-20.28,-35.97,-108.18,1
y,2022-10-18 14:44:46.137136,0.40,-0.69,0.50,41.08,-30.21,-47.18,-20.28,-35.97,-108.18,1
y,2022-10-18 14:44:46.155136,0.43,-0.73,0.54,44.80,-31.74,-17.64,-20.28,-35.97,-108.18,1
y,2022-10-18 14:44:46.173986,0.38,-0.73,0.56,38.51,-29.66,8.91,-18.87,-36.55,-104.04,1
y,2022-10-18 14:44:46.192230,0.35,-0.69,0.70,32.35,-28.99,22.58,-18.87,-36.55,-104.04,1
y,2022-10-18 14:44:46.210076,0.38,-0.69,0.67,25.76,-30.88,19.29,-18.87,-36.55,-104.04,1
y,2022-10-18 14:44:46.229029,0.40,-0.70,0.71,21.67,-38.02,16.66,-17.22,-34.85,-101.42,1
y,2022-10-18 14:44:46.247067,0.40,-0.67,0.85,24.23,-46.02,16.11,-17.22,-34.85,-101.42,1
y,2022-10-18 14:44:46.266266,0.38,-0.65,0.92,-2.93,-25.51,9.28,-13.93,-34.12,-98.63,1
y,2022-10-18 14:44:46.284249,0.32,-0.73,0.95,-26.31,-9.40,8.54,-13.93,-34.12,-98.63,1
y,2022-10-18 14:44:46.302135,0.07,-0.86,0.98,-25.39,14.65,26.55,-13.93,-34.12,-98.63,1
y,2022-10-18 14:44:46.320957,0.18,-0.80,0.79,12.57,34.67,61.77,-11.87,-31.41,-98.90,1
y,2022-10-18 14:44:46.338994,0.37,-0.77,0.53,30.52,33.08,68.60,-11.87,-31.41,-98.90,1
y,2022-10-18 14:44:46.356949,0.48,-0.85,0.24,25.02,17.27,55.54,-11.87,-31.41,-98.90,1
y,2022-10-18 14:44:46.376076,0.51,-0.89,0.18,18.31,-0.67,46.20,-9.42,-26.42,-97.95,1
y,2022-10-18 14:44:46.394052,0.52,-0.93,0.22,5.31,-13.79,43.03,-9.42,-26.42,-97.95,1
y,2022-10-18 14:44:46.413208,0.49,-0.89,0.30,-12.08,-25.94,43.33,-7.34,-21.70,-94.69,1
