B,2022-10-17 15:03:28.227349,0.33,-0.19,1.31,6.16,-26.18,-7.20,-128.17,-71.78,-57.23,1
B,2022-10-17 15:03:28.242975,0.33,-0.16,1.33,-14.10,-24.54,-7.45,-128.17,-71.78,-57.23,1
B,2022-10-17 15:03:28.274211,0.35,-0.09,1.40,-11.17,-22.64,0.37,-116.49,-69.21,-43.95,1
B,2022-10-17 15:03:28.289834,0.23,-0.01,1.48,7.87,3.30,8.97,-116.49,-69.21,-43.95,1
B,2022-10-17 15:03:28.305482,0.16,-0.06,1.45,24.29,36.87,10.01,-115.21,-69.91,-47.50,1
B,2022-10-17 15:03:28.321105,0.26,-0.19,1.26,27.16,58.72,5.92,-115.21,-69.91,-47.50,1
B,2022-10-17 15:03:28.336730,0.34,-0.45,1.05,14.10,63.96,0.73,-115.21,-69.91,-47.50,1
B,2022-10-17 15:03:28.367964,0.40,-0.48,0.91,-3.60,40.53,17.21,-117.91,-72.11,-66.66,1
B,2022-10-17 15:03:28.383612,0.47,-0.23,0.79,-35.10,25.45,24.72,-117.91,-72.11,-66.66,1
B,2022-10-17 15:03:28.399235,0.39,-0.01,0.76,-56.09,12.57,16.48,-117.91,-72.11,-66.66,1
B,2022-10-17 15:03:28.414860,0.35,0.04,0.72,-54.63,5.13,8.24,-125.88,-69.82,-76.70,1
B,2022-10-17 15:03:28.430470,0.35,0.14,0.71,-40.47,-2.56,1.71,-125.88,-69.82,-76.70,1
B,2022-10-17 15:03:28.466776,0.37,0.23,0.61,-33.69,-6.23,-1.04,-125.88,-69.82,-76.70,1
B,2022-10-17 15:03:28.469924,-1.75,0.04,0.80,-12.15,-17.52,-1.53,-137.49,-71.98,-84.20,1
B,2022-10-17 15:03:28.501181,0.23,0.28,0.94,144.53,-13.31,46.57,-137.49,-71.98,-84.20,1
B,2022-10-17 15:03:28.516808,0.11,0.08,0.62,-16.97,57.07,-87.52,-138.15,-77.12,-90.94,1
B,2022-10-17 15:03:28.532451,0.25,0.16,0.74,-20.87,18.98,-95.03,-138.15,-77.12,-90.94,1
B,2022-10-17 15:03:28.548077,0.14,-0.02,0.81,7.51,3.11,-75.62,-138.15,-77.12,-90.94,1
B,2022-10-17 15:03:28.563684,0.17,-0.11,0.66,38.76,2.75,-54.93,-126.71,-93.69,-94.81,1
B,2022-10-17 15:03:28.579310,0.19,-0.49,0.66,54.81,-8.48,-24.17,-126.71,-93.69,-94.81,1
B,2022-10-17 15:03:28.610563,0.15,-0.74,0.88,29.54,-13.31,-19.53,-126.71,-93.69,-94.81,1
B,2022-10-17 15:03:28.626188,0.20,-0.75,0.90,-14.28,-7.93,-22.16,-118.92,-99.39,-92.27,1
B,2022-10-17 15:03:28.641837,0.16,-0.78,0.93,-51.76,-2.81,-22.16,-118.92,-99.39,-92.27,1
B,2022-10-17 15:03:28.657458,0.19,-0.49,0.94,-52.37,8.18,12.82,-121.72,-96.64,-83.12,1
B,2022-10-17 15:03:28.673088,0.23,-0.20,1.04,-49.38,9.58,23.56,-121.72,-96.64,-83.12,1
B,2022-10-17 15:03:28.704318,0.32,0.18,1.15,-39.98,-0.12,30.21,-121.72,-96.64,-83.12,1
B,2022-10-17 15:03:28.719963,0.41,0.41,1.08,-37.66,-1.28,4.58,-129.91,-85.62,-73.33,1
B,2022-10-17 15:03:28.735588,0.45,0.64,1.09,-3.30,-5.49,0.12,-129.91,-85.62,-73.33,1
B,2022-10-17 15:03:28.751218,0.29,0.35,1.02,22.40,-5.86,-8.85,-131.64,-82.97,-71.30,1
B,2022-10-17 15:03:28.782446,0.28,0.03,0.97,107.18,-19.47,42.60,-131.64,-82.97,-71.30,1
B,2022-10-17 15:03:28.798075,0.35,0.04,0.94,129.39,-25.88,54.32,-131.64,-82.97,-71.30,1
B,2022-10-17 15:03:28.813702,0.31,0.20,0.90,14.47,-2.62,-45.53,-128.50,-84.88,-76.03,1
B,2022-10-17 15:03:28.829325,0.29,0.20,0.78,7.26,2.20,-70.13,-128.50,-84.88,-76.03,1
B,2022-10-17 15:03:28.844969,0.12,-0.15,0.74,44.19,-8.61,-49.07,-128.50,-84.88,-76.03,1
B,2022-10-17 15:03:28.876202,0.10,-0.35,0.76,66.10,-11.47,-26.43,-119.32,-96.75,-80.16,1
B,2022-10-17 15:03:28.891829,0.12,-0.59,0.76,53.16,-11.47,-19.23,-119.32,-96.75,-80.16,1
B,2022-10-17 15:03:28.907471,0.15,-0.59,0.67,28.99,-9.40,-9.09,-112.67,-100.17,-76.53,1
B,2022-10-17 15:03:28.923098,0.09,-0.61,0.66,-22.40,-8.36,-15.50,-112.67,-100.17,-76.53,1
B,2022-10-17 15:03:28.938724,0.11,-0.56,0.81,-25.09,-17.15,-17.27,-112.67,-100.17,-76.53,1
B,2022-10-17 15:03:28.969958,0.14,-0.56,0.89,-20.63,-18.68,-7.57,-111.21,-96.37,-65.28,1
B,2022-10-17 15:03:28.985584,0.08,-0.77,1.02,-13.43,-14.28,6.65,-111.21,-96.37,-65.28,1
B,2022-10-17 15:03:29.001228,0.22,-0.83,1.08,-7.69,-18.01,41.63,-111.21,-96.37,-65.28,1
B,2022-10-17 15:03:29.016854,0.23,-0.65,1.10,-28.56,-15.38,61.58,-112.81,-84.74,-50.79,1
B,2022-10-17 15:03:29.048086,0.23,-0.34,1.10,-54.93,-21.55,88.32,-112.81,-84.74,-50.79,1
B,2022-10-17 15:03:29.063717,0.20,0.11,1.02,-67.02,-27.59,91.19,-114.60,-61.12,-39.28,1
B,2022-10-17 15:03:29.079355,0.10,0.25,0.96,-65.25,-32.47,70.01,-114.60,-61.12,-39.28,1
B,2022-10-17 15:03:29.094987,-0.20,0.43,1.21,-32.04,-10.07,32.90,-114.60,-61.12,-39.28,1
B,2022-10-17 15:03:29.110609,-0.13,0.09,1.08,-1.65,33.75,10.56,-106.52,-48.02,-36.91,1
B,2022-10-17 15:03:29.141842,0.06,-0.21,0.80,9.58,57.31,-0.55,-106.52,-48.02,-36.91,1
B,2022-10-17 15:03:29.157468,0.17,-0.36,0.60,14.16,48.52,3.17,-106.52,-48.02,-36.91,1
B,2022-10-17 15:03:29.173117,0.26,-0.47,0.47,28.20,16.72,32.04,-96.03,-45.78,-48.68,1
B,2022-10-17 15:03:29.188738,0.30,-0.49,0.54,48.58,-3.78,60.12,-96.03,-45.78,-48.68,1
B,2022-10-17 15:03:29.204363,0.36,-0.56,0.50,54.50,-14.04,75.93,-78.33,-38.18,-51.44,1
B,2022-10-17 15:03:29.219988,0.36,-0.46,0.52,23.32,-29.54,69.76,-78.33,-38.18,-51.44,1
B,2022-10-17 15:03:29.251222,0.26,-0.24,0.75,-42.42,-30.46,56.15,-78.33,-38.18,-51.44,1
B,2022-10-17 15:03:29.266849,0.28,-0.01,0.87,-67.44,-25.21,50.72,-52.84,-31.26,-55.53,1
B,2022-10-17 15:03:29.282494,0.36,0.13,0.92,-72.94,-20.63,48.40,-52.84,-31.26,-55.53,1
