B,2022-10-17 15:03:41.190761,0.09,-0.07,0.66,-27.34,7.51,-34.73,-28.33,-74.48,-66.83,1
B,2022-10-17 15:03:41.206390,0.09,0.09,0.72,-2.20,-8.54,-18.31,-28.33,-74.48,-66.83,1
B,2022-10-17 15:03:41.222035,0.10,0.07,0.72,5.07,-21.79,-16.17,-28.33,-74.48,-66.83,1
B,2022-10-17 15:03:41.237657,0.11,0.04,0.85,14.47,-31.68,-14.83,-27.03,-78.16,-65.82,1
B,2022-10-17 15:03:41.253283,0.15,-0.07,0.98,37.11,-40.89,-6.29,-27.03,-78.16,-65.82,1
B,2022-10-17 15:03:41.284516,0.20,-0.07,1.15,23.25,-38.82,-0.43,-27.03,-78.16,-65.82,1
B,2022-10-17 15:03:41.300145,0.18,-0.01,1.26,13.85,-45.72,4.21,-25.06,-83.91,-62.93,1
B,2022-10-17 15:03:41.315787,0.18,-0.07,1.31,24.05,-48.34,15.44,-25.06,-83.91,-62.93,1
B,2022-10-17 15:03:41.331413,0.14,-0.11,1.32,49.13,-38.57,24.72,-21.69,-87.95,-62.38,1
B,2022-10-17 15:03:41.347038,-0.12,-0.15,1.56,46.08,-4.52,12.76,-21.69,-87.95,-62.38,1
B,2022-10-17 15:03:41.378272,0.02,-0.20,1.38,30.82,38.09,-3.05,-21.69,-87.95,-62.38,1
B,2022-10-17 15:03:41.393901,0.16,-0.31,1.26,2.01,55.73,-16.66,-21.19,-86.13,-63.46,1
B,2022-10-17 15:03:41.409525,0.25,-0.39,1.15,-21.30,69.03,-6.59,-21.19,-86.13,-63.46,1
B,2022-10-17 15:03:41.425168,0.45,-0.14,0.82,-44.37,51.70,4.27,-21.19,-86.13,-63.46,1
B,2022-10-17 15:03:41.440794,0.44,0.02,0.75,-42.54,29.85,9.09,-23.66,-79.43,-64.40,1
B,2022-10-17 15:03:41.456401,0.39,0.02,0.65,-28.32,9.83,11.41,-23.66,-79.43,-64.40,1
B,2022-10-17 15:03:41.487653,0.30,0.06,0.67,-13.31,-9.09,18.37,-23.66,-79.43,-64.40,1
B,2022-10-17 15:03:41.503281,0.19,-0.00,0.73,-10.13,-20.08,15.63,-26.92,-76.60,-66.31,1
B,2022-10-17 15:03:41.518923,-0.49,0.59,1.28,-22.58,-20.75,2.62,-26.92,-76.60,-66.31,1
B,2022-10-17 15:03:41.534553,0.14,0.38,0.94,27.59,25.57,3.60,-27.25,-75.57,-66.17,1
B,2022-10-17 15:03:41.550175,0.16,-0.03,0.73,-18.86,39.49,-46.51,-27.25,-75.57,-66.17,1
B,2022-10-17 15:03:41.581408,0.10,0.20,0.83,15.99,11.47,-28.26,-27.25,-75.57,-66.17,1
B,2022-10-17 15:03:41.597034,0.16,0.27,0.73,35.46,11.23,-40.53,-26.14,-78.34,-62.93,1
B,2022-10-17 15:03:41.612682,0.05,-0.00,0.70,57.01,-2.62,-49.26,-26.14,-78.34,-62.93,1
B,2022-10-17 15:03:41.628304,0.04,-0.48,0.75,81.24,-15.26,-31.37,-26.14,-78.34,-62.93,1
B,2022-10-17 15:03:41.643933,0.10,-0.64,0.79,41.32,-13.24,-8.54,-22.06,-84.88,-61.10,1
B,2022-10-17 15:03:41.675162,0.10,-0.50,0.86,-2.44,-12.15,-10.07,-22.06,-84.88,-61.10,1
B,2022-10-17 15:03:41.690793,0.12,-0.42,0.93,-12.15,-14.47,-5.86,-21.58,-86.67,-62.83,1
B,2022-10-17 15:03:41.706415,0.15,-0.43,1.01,-11.17,-9.70,4.27,-21.58,-86.67,-62.83,1
B,2022-10-17 15:03:41.722041,0.18,-0.21,1.12,-11.17,-10.07,16.78,-21.58,-86.67,-62.83,1
B,2022-10-17 15:03:41.737685,0.21,0.06,1.09,-17.40,-11.54,18.68,-23.44,-84.48,-65.43,1
B,2022-10-17 15:03:41.753311,0.23,0.36,1.13,-34.48,-9.34,-1.34,-23.44,-84.48,-65.43,1
B,2022-10-17 15:03:41.784544,0.16,0.25,1.05,-10.93,-4.03,-4.27,-23.44,-84.48,-65.43,1
B,2022-10-17 15:03:41.800171,0.15,0.33,0.89,34.30,-24.90,11.17,-24.07,-83.48,-64.18,1
B,2022-10-17 15:03:41.815815,0.13,0.35,0.89,49.80,-33.75,-14.22,-24.07,-83.48,-64.18,1
B,2022-10-17 15:03:41.831441,0.08,0.09,0.80,59.75,-25.94,-42.97,-19.93,-88.28,-62.48,1
B,2022-10-17 15:03:41.847070,0.01,-0.38,0.78,74.52,-23.99,-30.03,-19.93,-88.28,-62.48,1
B,2022-10-17 15:03:41.878316,-0.02,-0.64,0.79,56.70,-27.83,-25.70,-19.93,-88.28,-62.48,1
B,2022-10-17 15:03:41.893925,0.00,-0.77,0.84,25.33,-18.31,-7.57,-13.77,-94.78,-61.52,1
B,2022-10-17 15:03:41.909570,0.00,-0.78,0.79,-22.46,-11.78,-4.70,-13.77,-94.78,-61.52,1
B,2022-10-17 15:03:41.925196,0.02,-0.63,1.00,-65.49,-24.41,0.79,-13.77,-94.78,-61.52,1
B,2022-10-17 15:03:41.956434,0.05,-0.46,1.15,-55.36,-21.85,25.63,-13.31,-94.54,-60.03,1
B,2022-10-17 15:03:41.972055,0.08,-0.27,1.21,-34.12,-14.95,56.58,-13.31,-94.54,-60.03,1
B,2022-10-17 15:03:41.987680,0.14,0.10,1.24,-48.16,-8.00,58.41,-20.52,-89.67,-63.17,1
B,2022-10-17 15:03:42.003329,0.11,0.40,1.21,-70.19,-5.98,28.56,-20.52,-89.67,-63.17,1
B,2022-10-17 15:03:42.018950,0.09,0.56,1.11,-49.87,-8.85,29.05,-20.52,-89.67,-63.17,1
B,2022-10-17 15:03:42.034580,0.07,0.49,1.26,-1.89,-10.07,39.31,-22.88,-85.42,-63.26,1
B,2022-10-17 15:03:42.065811,-0.07,0.82,1.14,10.86,35.40,-11.17,-22.88,-85.42,-63.26,1
B,2022-10-17 15:03:42.081437,-0.13,0.32,1.11,47.12,45.96,-26.55,-22.88,-85.42,-63.26,1
B,2022-10-17 15:03:42.097080,-0.02,0.10,0.99,59.63,56.70,-37.78,-19.10,-87.94,-61.24,1
B,2022-10-17 15:03:42.112708,0.11,-0.12,0.89,60.67,56.40,-44.74,-19.10,-87.94,-61.24,1
B,2022-10-17 15:03:42.128335,0.17,-0.23,0.86,50.66,30.88,-34.00,-9.73,-90.17,-58.46,1
B,2022-10-17 15:03:42.159566,0.24,-0.48,0.87,38.09,25.09,-23.32,-9.73,-90.17,-58.46,1
B,2022-10-17 15:03:42.175192,0.28,-0.53,0.82,25.57,19.35,-7.81,-9.73,-90.17,-58.46,1
B,2022-10-17 15:03:42.190839,0.29,-0.51,0.84,1.16,10.99,-6.47,-3.67,-89.27,-55.77,1
B,2022-10-17 15:03:42.206443,0.21,-0.35,0.93,-38.70,7.08,-18.31,-3.67,-89.27,-55.77,1
B,2022-10-17 15:03:42.222086,0.17,-0.34,0.95,-39.67,6.77,-16.54,-3.67,-89.27,-55.77,1
B,2022-10-17 15:03:42.253322,0.17,-0.37,0.97,-26.06,4.88,-4.21,-0.24,-86.79,-50.12,1
B,2022-10-17 15:03:42.268947,0.18,-0.38,0.94,-16.48,3.54,15.38,-0.24,-86.79,-50.12,1
B,2022-10-17 15:03:42.284592,0.22,-0.26,0.90,-29.05,0.55,16.42,-1.35,-86.89,-46.95,1
B,2022-10-17 15:03:42.300221,0.21,-0.12,0.82,-42.60,-0.98,6.90,-1.35,-86.89,-46.95,1
B,2022-10-17 15:03:42.315843,0.18,-0.12,0.77,-45.78,-6.65,-4.03,-1.35,-86.89,-46.95,1
B,2022-10-17 15:03:42.347076,0.26,-0.13,0.57,-27.47,-20.08,4.39,-1.43,-87.21,-42.68,1
