E,2022-10-17 16:27:04.441004,-0.05,0.67,0.98,-56.76,-11.66,62.99,146.98,-36.98,-115.72,1
E,2022-10-17 16:27:04.455514,-0.03,0.68,0.99,-50.72,-10.74,49.13,146.98,-36.98,-115.72,1
E,2022-10-17 16:27:04.471469,-0.09,0.63,1.10,-49.32,-11.54,36.62,133.37,-81.08,-122.84,1
E,2022-10-17 16:27:04.487057,-0.07,0.66,1.06,-40.22,-2.62,32.04,133.37,-81.08,-122.84,1
E,2022-10-17 16:27:04.518009,-0.08,0.71,1.01,-28.63,0.67,28.08,119.89,-95.46,-127.26,1
E,2022-10-17 16:27:04.533918,-0.05,0.73,0.91,-32.17,-3.97,12.63,119.89,-95.46,-127.26,1
E,2022-10-17 16:27:04.550275,-0.10,0.75,0.93,-13.67,-5.25,6.16,119.89,-95.46,-127.26,1
E,2022-10-17 16:27:04.566168,-0.06,0.67,0.84,-3.60,-2.93,-4.52,118.92,-102.44,-131.82,1
E,2022-10-17 16:27:04.597149,-0.11,0.44,0.92,-10.38,-6.77,-18.49,118.92,-102.44,-131.82,1
E,2022-10-17 16:27:04.612948,-0.08,0.41,0.89,-5.98,-3.42,-12.39,124.71,-104.41,-138.55,1
E,2022-10-17 16:27:04.628715,-0.09,0.38,0.93,-4.94,-10.19,-8.79,124.71,-104.41,-138.55,1
E,2022-10-17 16:27:04.644754,-0.13,0.35,0.94,-9.64,-7.69,-9.83,124.71,-104.41,-138.55,1
E,2022-10-17 16:27:04.676010,-0.11,0.36,0.88,-9.52,-6.84,-11.05,130.42,-106.77,-145.25,1
E,2022-10-17 16:27:04.691970,-0.17,0.40,1.00,-11.29,-14.22,-13.06,130.42,-106.77,-145.25,1
E,2022-10-17 16:27:04.707672,-0.14,0.42,1.03,1.22,-7.45,-9.52,135.52,-107.23,-151.16,1
E,2022-10-17 16:27:04.723240,-0.11,0.29,0.95,5.00,-6.90,-15.14,135.52,-107.23,-151.16,1
E,2022-10-17 16:27:04.754561,-0.14,0.18,0.94,1.28,-7.02,-16.30,135.52,-107.23,-151.16,1
E,2022-10-17 16:27:04.770603,-0.11,0.20,0.84,-23.93,-7.69,-12.45,140.71,-106.54,-157.57,1
E,2022-10-17 16:27:04.786204,-0.13,0.57,0.98,-1.77,-1.77,-16.97,140.71,-106.54,-157.57,1
E,2022-10-17 16:27:04.801799,-0.14,0.25,0.86,51.94,1.46,-4.46,142.03,-104.13,-159.61,1
E,2022-10-17 16:27:04.832671,-0.09,0.22,0.84,14.47,9.58,-4.15,142.03,-104.13,-159.61,1
E,2022-10-17 16:27:04.848587,-0.10,0.13,0.83,-45.96,22.71,-9.34,142.03,-104.13,-159.61,1
E,2022-10-17 16:27:04.864518,-0.04,0.57,0.75,-43.40,-34.18,1.89,141.27,-108.11,-159.44,1
E,2022-10-17 16:27:04.879868,-0.11,0.03,0.72,56.46,-48.28,12.94,141.27,-108.11,-159.44,1
E,2022-10-17 16:27:04.895776,-0.11,0.31,0.77,24.72,-50.05,16.97,141.27,-108.11,-159.44,1
E,2022-10-17 16:27:04.926697,-0.18,0.29,0.89,35.10,-49.74,16.91,130.54,-116.16,-171.87,1
E,2022-10-17 16:27:04.942659,-0.15,0.21,0.88,6.77,-40.95,16.42,130.54,-116.16,-171.87,1
E,2022-10-17 16:27:04.958581,-0.18,0.20,1.02,0.55,-43.52,19.23,116.87,-127.76,-185.13,1
E,2022-10-17 16:27:04.989544,-0.25,0.35,1.13,-16.24,-40.95,14.77,116.87,-127.76,-185.13,1
E,2022-10-17 16:27:05.005462,-0.30,0.52,1.18,-36.50,-20.39,2.87,116.87,-127.76,-185.13,1
E,2022-10-17 16:27:05.021208,-0.31,0.48,1.25,-15.50,-10.93,-1.04,103.77,-138.94,-189.10,1
E,2022-10-17 16:27:05.043151,-0.30,0.45,1.04,-1.28,-0.92,-3.66,103.77,-138.94,-189.10,1
E,2022-10-17 16:27:05.068309,-0.45,0.43,1.48,22.46,-6.53,-0.85,102.32,-139.16,-190.23,1
E,2022-10-17 16:27:05.084186,-0.39,0.44,1.26,-15.01,41.93,-17.27,102.32,-139.16,-190.23,1
E,2022-10-17 16:27:05.099815,-0.14,0.36,1.05,13.37,38.82,-15.99,102.32,-139.16,-190.23,1
E,2022-10-17 16:27:05.130798,-0.12,0.35,0.99,3.78,39.67,-20.69,115.45,-129.92,-182.04,1
E,2022-10-17 16:27:05.146649,-0.06,0.26,0.82,-17.94,37.54,-25.82,115.45,-129.92,-182.04,1
E,2022-10-17 16:27:05.162542,-0.09,0.34,0.82,-38.45,34.42,-29.36,130.27,-118.13,-172.12,1
E,2022-10-17 16:27:05.193531,0.01,0.29,0.59,-49.26,27.16,-30.76,130.27,-118.13,-172.12,1
E,2022-10-17 16:27:05.209417,-0.32,0.49,0.80,33.08,-34.00,16.60,140.05,-110.89,-167.09,1
E,2022-10-17 16:27:05.225152,-0.19,0.20,0.72,93.87,-34.55,21.85,140.05,-110.89,-167.09,1
E,2022-10-17 16:27:05.243843,-0.18,0.28,0.77,40.22,-9.95,16.17,140.05,-110.89,-167.09,1
E,2022-10-17 16:27:05.257208,-0.19,0.24,0.81,14.40,9.83,13.67,138.68,-108.50,-168.66,1
E,2022-10-17 16:27:05.288475,-0.21,0.47,0.79,-104.19,22.77,-38.64,138.68,-108.50,-168.66,1
E,2022-10-17 16:27:05.304087,-0.14,0.66,0.84,-75.32,7.26,-45.53,138.68,-108.50,-168.66,1
E,2022-10-17 16:27:05.320012,-0.14,0.68,0.88,-20.69,-5.49,-33.69,136.25,-107.89,-160.23,1
E,2022-10-17 16:27:05.351383,-0.12,0.38,0.96,36.50,-6.23,-31.92,136.25,-107.89,-160.23,1
E,2022-10-17 16:27:05.367019,-0.09,0.13,0.98,33.08,-2.26,-27.65,132.58,-100.45,-156.82,1
E,2022-10-17 16:27:05.382889,-0.05,0.05,0.99,21.67,-1.59,-14.71,132.58,-100.45,-156.82,1
E,2022-10-17 16:27:05.413882,-0.07,0.05,0.98,15.93,0.37,-0.92,131.51,-99.07,-153.93,1
E,2022-10-17 16:27:05.429503,-0.09,0.16,0.95,2.87,4.09,0.98,131.51,-99.07,-153.93,1
E,2022-10-17 16:27:05.444842,-0.10,0.14,0.90,-9.89,0.06,-11.23,131.51,-99.07,-153.93,1
E,2022-10-17 16:27:05.476098,-0.13,0.09,0.94,54.50,-5.43,24.35,131.29,-99.29,-155.18,1
E,2022-10-17 16:27:05.491721,-0.13,0.05,0.92,54.75,1.59,40.65,131.29,-99.29,-155.18,1
E,2022-10-17 16:27:05.507668,-0.03,0.08,0.84,29.72,0.12,42.60,129.90,-102.66,-160.27,1
E,2022-10-17 16:27:05.538584,-0.05,0.20,0.84,-10.25,-7.20,38.15,129.90,-102.66,-160.27,1
E,2022-10-17 16:27:05.554375,-0.00,0.33,0.78,-34.85,-11.05,34.73,129.90,-102.66,-160.27,1
E,2022-10-17 16:27:05.570326,-0.09,0.61,0.84,-23.99,-18.92,25.76,129.75,-114.17,-169.43,1
E,2022-10-17 16:27:05.585893,-0.04,0.62,0.71,-27.47,-20.14,7.20,129.75,-114.17,-169.43,1
E,2022-10-17 16:27:05.616874,-0.11,0.57,0.96,-31.07,20.02,-23.13,128.28,-123.44,-175.65,1
E,2022-10-17 16:27:05.632501,-0.16,0.38,0.97,7.57,14.53,-1.28,128.28,-123.44,-175.65,1
E,2022-10-17 16:27:05.648541,-0.13,0.36,0.93,6.53,1.83,14.83,128.28,-123.44,-175.65,1
E,2022-10-17 16:27:05.680217,-0.23,0.66,1.01,10.01,-22.46,-0.31,128.04,-124.17,-173.05,1
E,2022-10-17 16:27:05.695963,-0.23,0.48,0.85,18.25,-23.07,-21.06,128.04,-124.17,-173.05,1
E,2022-10-17 16:27:05.711916,-0.19,0.39,0.80,15.69,-9.28,-25.15,125.71,-118.24,-174.85,1
E,2022-10-17 16:27:05.727522,-0.17,0.41,0.81,2.14,-5.55,-28.99,125.71,-118.24,-174.85,1
E,2022-10-17 16:27:05.758798,-0.18,0.36,0.83,11.41,-6.65,-30.52,125.71,-118.24,-174.85,1
E,2022-10-17 16:27:05.774429,-0.16,0.30,0.90,16.60,-6.65,-29.91,124.10,-111.91,-169.71,1
E,2022-10-17 16:27:05.790374,-0.15,0.20,0.93,28.50,-5.74,-26.49,124.10,-111.91,-169.71,1
E,2022-10-17 16:27:05.805997,-0.13,-0.02,1.02,25.15,-5.74,-22.34,124.21,-107.18,-168.73,1
E,2022-10-17 16:27:05.836913,-0.15,-0.14,1.10,12.15,-5.92,-17.52,124.21,-107.18,-168.73,1
E,2022-10-17 16:27:05.852738,-0.28,-0.22,1.22,4.70,-4.21,-0.18,124.21,-107.18,-168.73,1
E,2022-10-17 16:27:05.868649,-0.15,-0.24,1.06,33.94,6.16,31.62,123.80,-106.47,-168.58,1
E,2022-10-17 16:27:05.884253,-0.11,-0.09,0.93,-0.92,6.90,50.05,123.80,-106.47,-168.58,1
E,2022-10-17 16:27:05.915231,-0.03,0.18,0.78,-17.82,3.54,55.91,119.91,-111.66,-172.03,1
E,2022-10-17 16:27:05.930903,-0.02,0.35,0.71,-61.95,-9.64,43.15,119.91,-111.66,-172.03,1
E,2022-10-17 16:27:05.946801,-0.06,0.48,0.70,-48.95,-11.47,32.84,119.91,-111.66,-172.03,1
E,2022-10-17 16:27:05.977722,-0.07,0.57,0.68,-60.85,-18.07,18.43,113.53,-126.45,-177.60,1
E,2022-10-17 16:27:05.993339,-0.15,0.75,0.71,-42.79,-23.38,4.15,113.53,-126.45,-177.60,1
E,2022-10-17 16:27:06.009282,-2.29,0.48,1.80,-25.15,-21.24,-5.55,108.41,-140.42,-185.53,1
E,2022-10-17 16:27:06.024883,-0.18,0.42,0.89,93.08,29.24,29.48,108.41,-140.42,-185.53,1
E,2022-10-17 16:27:06.056375,-0.16,0.09,0.88,24.23,27.95,18.92,108.41,-140.42,-185.53,1
E,2022-10-17 16:27:06.072336,-0.27,0.52,1.07,-17.21,-20.26,-8.30,108.29,-138.15,-184.39,1
E,2022-10-17 16:27:06.087887,-0.26,0.38,0.93,25.51,-30.46,-15.99,108.29,-138.15,-184.39,1
E,2022-10-17 16:27:06.103504,-0.25,0.32,0.88,15.56,-21.55,-20.45,107.62,-132.90,-186.68,1
E,2022-10-17 16:27:06.134492,-0.22,0.27,0.82,8.61,-11.35,-21.36,107.62,-132.90,-186.68,1
E,2022-10-17 16:27:06.150643,-0.23,0.36,0.83,13.55,-10.50,-21.18,107.62,-132.90,-186.68,1
E,2022-10-17 16:27:06.166521,-0.23,0.34,0.91,15.32,-11.11,-23.80,107.65,-129.20,-185.14,1
E,2022-10-17 16:27:06.182130,-0.19,0.27,0.97,10.13,-8.00,-23.74,107.65,-129.20,-185.14,1
E,2022-10-17 16:27:06.213137,-0.19,0.20,1.01,16.11,-7.08,-18.01,110.03,-124.98,-182.96,1
E,2022-10-17 16:27:06.229131,-0.20,0.02,1.05,25.27,-5.74,-7.57,110.03,-124.98,-182.96,1
E,2022-10-17 16:27:06.247307,-0.17,-0.07,1.03,21.36,-1.53,3.17,110.03,-124.98,-182.96,1
E,2022-10-17 16:27:06.261207,-0.21,0.07,0.92,9.83,-1.22,11.78,112.00,-121.98,-183.07,1
E,2022-10-17 16:27:06.292453,-0.22,0.24,0.93,-16.72,-6.41,-1.77,112.00,-121.98,-183.07,1
E,2022-10-17 16:27:06.308076,-0.24,0.30,0.90,-1.10,-9.16,-2.44,110.94,-122.33,-182.91,1
E,2022-10-17 16:27:06.324143,-0.24,0.25,0.88,4.94,-6.35,1.53,110.94,-122.33,-182.91,1
E,2022-10-17 16:27:06.347623,-0.25,0.24,0.89,-1.53,0.55,2.75,110.94,-122.33,-182.91,1
E,2022-10-17 16:27:06.371539,-0.23,0.25,0.91,-5.37,5.25,1.95,111.04,-123.58,-184.29,1
E,2022-10-17 16:27:06.387162,-0.24,0.27,0.92,-8.61,7.14,3.05,111.04,-123.58,-184.29,1
E,2022-10-17 16:27:06.403076,-0.33,0.47,0.94,6.41,3.72,7.14,110.60,-123.99,-183.24,1
E,2022-10-17 16:27:06.434025,-0.43,0.46,1.11,57.98,3.66,9.22,110.60,-123.99,-183.24,1
E,2022-10-17 16:27:06.449678,-0.31,0.28,1.02,75.87,4.46,12.63,110.60,-123.99,-183.24,1
E,2022-10-17 16:27:06.465542,-0.31,0.22,1.02,58.29,5.00,8.97,111.80,-116.39,-182.53,1
E,2022-10-17 16:27:06.481125,-0.27,0.40,1.01,15.44,6.84,-0.12,111.80,-116.39,-182.53,1
E,2022-10-17 16:27:06.512177,-0.30,0.47,1.11,8.30,12.02,-13.31,116.05,-108.75,-176.88,1
E,2022-10-17 16:27:06.528124,-0.20,0.28,0.96,45.59,28.20,-26.86,116.05,-108.75,-176.88,1
E,2022-10-17 16:27:06.547916,-0.12,0.11,0.85,51.70,24.66,-35.52,116.05,-108.75,-176.88,1
E,2022-10-17 16:27:06.575279,-0.07,0.05,0.82,1.83,20.94,-39.55,124.63,-96.45,-167.66,1
E,2022-10-17 16:27:06.591224,-0.06,0.13,0.86,-11.60,15.01,-34.97,124.63,-96.45,-167.66,1
E,2022-10-17 16:27:06.606840,-0.09,0.08,0.88,-4.82,12.82,-35.40,133.26,-89.21,-161.95,1
E,2022-10-17 16:27:06.637764,-0.04,-0.01,0.81,-0.92,15.01,-32.90,133.26,-89.21,-161.95,1
E,2022-10-17 16:27:06.653500,0.05,-0.13,0.68,-31.62,6.71,-27.77,133.26,-89.21,-161.95,1
E,2022-10-17 16:27:06.669419,-0.01,0.00,0.75,-57.80,-0.92,-19.04,141.66,-83.83,-160.69,1
E,2022-10-17 16:27:06.700378,-0.15,0.20,0.85,-55.18,-3.54,-10.68,141.66,-83.83,-160.69,1
E,2022-10-17 16:27:06.716236,-0.12,0.27,0.82,-36.19,1.34,-16.42,146.77,-87.57,-161.22,1
E,2022-10-17 16:27:06.731836,-0.09,0.13,0.67,-37.23,-10.31,-12.76,146.77,-87.57,-161.22,1
E,2022-10-17 16:27:06.763370,-0.13,0.15,0.74,-28.02,-24.90,0.55,149.05,-90.94,-166.28,1
E,2022-10-17 16:27:06.779012,-0.74,0.37,1.72,-22.95,-27.83,5.37,149.05,-90.94,-166.28,1
E,2022-10-17 16:27:06.794949,0.08,0.06,0.25,22.89,52.00,5.98,149.05,-90.94,-166.28,1
E,2022-10-17 16:27:06.825870,-0.12,0.01,0.95,84.78,-24.41,16.17,147.30,-91.21,-167.55,1
E,2022-10-17 16:27:06.841491,-0.17,0.16,0.88,12.94,-33.14,15.93,147.30,-91.21,-167.55,1
E,2022-10-17 16:27:06.857565,-0.22,0.22,1.05,-9.89,-38.94,11.54,142.85,-92.81,-175.65,1
E,2022-10-17 16:27:06.873479,-0.24,0.32,1.01,-17.33,-31.86,6.90,142.85,-92.81,-175.65,1
E,2022-10-17 16:27:06.904446,-0.26,0.31,1.05,-4.82,-25.94,6.29,142.85,-92.81,-175.65,1
E,2022-10-17 16:27:06.920322,-0.29,0.33,1.12,-5.92,-20.14,4.15,137.00,-97.39,-182.40,1
E,2022-10-17 16:27:06.948982,-0.29,0.32,1.21,-16.66,-3.42,-1.10,137.00,-97.39,-182.40,1
E,2022-10-17 16:27:06.967884,-0.19,0.32,1.06,-12.57,1.89,-0.37,135.35,-99.74,-185.89,1
E,2022-10-17 16:27:06.983510,-0.28,0.39,1.26,20.57,-24.35,4.88,135.35,-99.74,-185.89,1
E,2022-10-17 16:27:06.999372,-0.53,0.30,1.48,1.89,11.66,-10.38,135.88,-98.35,-182.41,1
E,2022-10-17 16:27:07.031161,-0.17,0.41,0.95,-37.78,53.41,-24.35,135.88,-98.35,-182.41,1
E,2022-10-17 16:27:07.048970,-0.17,0.34,1.01,6.90,34.18,-15.63,135.88,-98.35,-182.41,1
E,2022-10-17 16:27:07.062311,-0.09,0.26,0.85,-4.33,36.32,-20.94,143.27,-92.30,-171.95,1
E,2022-10-17 16:27:07.078231,-0.12,0.22,0.89,-7.81,34.30,-21.73,143.27,-92.30,-171.95,1
E,2022-10-17 16:27:07.109189,-0.13,0.12,0.47,6.77,30.70,-6.84,151.29,-89.25,-164.01,1
E,2022-10-17 16:27:07.125139,-0.10,0.16,0.59,59.81,-7.81,18.43,151.29,-89.25,-164.01,1
E,2022-10-17 16:27:07.149264,-0.22,0.20,0.75,43.95,-33.33,19.47,151.29,-89.25,-164.01,1
E,2022-10-17 16:27:07.172666,-0.22,0.22,0.81,24.66,-10.31,17.70,153.36,-88.92,-169.87,1
E,2022-10-17 16:27:07.188338,-0.24,0.26,0.83,-1.40,16.42,19.78,153.36,-88.92,-169.87,1
E,2022-10-17 16:27:07.204172,-0.17,0.43,0.81,-86.24,23.50,-24.54,155.27,-90.70,-168.01,1
E,2022-10-17 16:27:07.235151,-0.15,0.43,0.85,-40.89,2.62,-37.35,155.27,-90.70,-168.01,1
E,2022-10-17 16:27:07.251249,-0.14,0.37,0.81,0.31,-6.04,-30.82,155.27,-90.70,-168.01,1
E,2022-10-17 16:27:07.278039,-0.15,0.13,0.96,6.59,-10.44,-31.07,158.67,-79.13,-168.70,1
E,2022-10-17 16:27:07.286054,-0.14,0.08,1.00,1.95,-7.32,-25.27,158.67,-79.13,-168.70,1
E,2022-10-17 16:27:07.315412,-0.17,0.10,1.02,-0.55,-8.91,-16.11,158.67,-67.15,-170.87,1
E,2022-10-17 16:27:07.331047,-0.23,0.10,1.10,-0.73,-8.67,-12.63,158.67,-67.15,-170.87,1
E,2022-10-17 16:27:07.349677,-0.20,0.01,1.10,35.22,3.54,8.97,156.46,-63.96,-170.84,1
E,2022-10-17 16:27:07.378547,-0.15,-0.13,1.04,41.26,6.29,22.09,156.46,-63.96,-170.84,1
E,2022-10-17 16:27:07.394218,-0.14,-0.12,0.98,27.95,3.66,42.85,156.46,-63.96,-170.84,1
E,2022-10-17 16:27:07.410108,-0.04,0.07,0.87,1.71,2.26,46.69,151.86,-75.02,-169.60,1
E,2022-10-17 16:27:07.441032,-0.01,0.28,0.72,-57.37,-6.23,31.19,151.86,-75.02,-169.60,1
E,2022-10-17 16:27:07.456815,-0.02,0.41,0.73,-76.23,-14.53,24.05,143.24,-94.18,-167.80,1
E,2022-10-17 16:27:07.472774,-0.17,0.76,0.79,-80.57,-14.47,0.73,143.24,-94.18,-167.80,1
E,2022-10-17 16:27:07.503694,-0.07,0.90,0.64,-89.97,-13.00,-25.33,143.24,-94.18,-167.80,1
E,2022-10-17 16:27:07.519316,-0.56,0.86,1.70,-22.89,-11.54,-18.07,141.50,-103.33,-167.24,1
E,2022-10-17 16:27:07.535144,-0.19,0.60,0.62,115.11,-2.62,13.55,141.50,-103.33,-167.24,1
E,2022-10-17 16:27:07.566770,-0.19,0.40,0.96,86.30,-21.97,-17.64,145.12,-93.35,-173.50,1
E,2022-10-17 16:27:07.582391,-0.20,0.26,0.90,68.79,-19.29,-28.69,145.12,-93.35,-173.50,1
E,2022-10-17 16:27:07.598174,-0.19,0.16,0.85,8.30,-10.25,-35.58,145.12,-93.35,-173.50,1
E,2022-10-17 16:27:07.629256,-0.21,0.19,0.92,-20.94,-5.13,-39.25,149.63,-76.51,-177.91,1
E,2022-10-17 16:27:07.649892,-0.19,0.14,0.95,-15.32,-4.88,-33.26,149.63,-76.51,-177.91,1
E,2022-10-17 16:27:07.661267,-0.23,0.13,1.01,3.42,-2.26,-20.63,150.92,-64.26,-179.59,1
E,2022-10-17 16:27:07.677189,-0.27,-0.02,1.12,26.73,-2.50,-10.68,150.92,-64.26,-179.59,1
E,2022-10-17 16:27:07.708147,-0.18,-0.09,1.07,43.82,1.95,7.57,150.23,-57.53,-179.04,1
E,2022-10-17 16:27:07.723981,-0.15,-0.07,0.99,11.47,3.30,23.44,150.23,-57.53,-179.04,1
E,2022-10-17 16:27:07.739696,-0.15,-0.04,0.97,0.79,1.28,35.10,150.23,-57.53,-179.04,1
E,2022-10-17 16:27:07.755990,-0.14,0.05,0.95,1.16,1.16,49.80,147.34,-67.52,-178.19,1
E,2022-10-17 16:27:07.787241,-0.06,0.21,0.87,5.49,-2.08,53.34,147.34,-67.52,-178.19,1
E,2022-10-17 16:27:07.803144,-0.11,0.20,0.82,-10.56,-4.94,48.03,142.93,-85.80,-178.28,1
E,2022-10-17 16:27:07.818753,-0.17,0.39,0.80,-33.63,-8.18,35.28,142.93,-85.80,-178.28,1
E,2022-10-17 16:27:07.834369,-0.18,0.50,0.80,-54.63,-7.20,15.99,142.93,-85.80,-178.28,1
E,2022-10-17 16:27:07.865844,-0.78,0.74,1.13,-49.62,-8.24,-11.11,139.62,-101.59,-178.81,1
E,2022-10-17 16:27:07.881522,-0.26,0.60,0.88,18.31,5.80,3.42,139.62,-101.59,-178.81,1
E,2022-10-17 16:27:07.897420,-0.20,0.33,0.86,70.62,13.24,28.02,140.27,-100.32,-180.21,1
E,2022-10-17 16:27:07.928338,-0.30,0.45,0.80,53.28,-28.20,-13.67,140.27,-100.32,-180.21,1
E,2022-10-17 16:27:07.943960,-0.30,0.37,0.92,14.47,-22.22,-33.57,140.27,-100.32,-180.21,1
E,2022-10-17 16:27:07.960379,-0.24,0.22,0.89,23.56,-11.41,-34.36,143.52,-87.62,-186.52,1
E,2022-10-17 16:27:07.976321,-0.22,0.15,0.87,34.79,-10.25,-27.10,143.52,-87.62,-186.52,1
E,2022-10-17 16:27:08.007255,-0.22,0.08,0.90,32.23,-10.99,-25.57,145.83,-72.22,-189.50,1
E,2022-10-17 16:27:08.022874,-0.25,-0.01,1.05,14.10,-8.36,-25.09,145.83,-72.22,-189.50,1
E,2022-10-17 16:27:08.038821,-0.23,-0.10,1.06,15.75,-0.85,-12.94,145.83,-72.22,-189.50,1
E,2022-10-17 16:27:08.054862,-0.25,-0.28,1.16,-11.60,12.51,0.61,146.07,-63.79,-189.84,1
E,2022-10-17 16:27:08.086113,-0.22,0.20,0.96,-59.14,5.07,-14.83,146.07,-63.79,-189.84,1
E,2022-10-17 16:27:08.102008,-0.23,0.35,0.96,-40.71,-6.35,-12.39,144.93,-68.02,-190.62,1
E,2022-10-17 16:27:08.117611,-0.25,0.37,0.92,-4.64,-7.39,-0.67,144.93,-68.02,-190.62,1
E,2022-10-17 16:27:08.133018,-0.27,0.28,0.91,19.78,-6.29,8.97,144.93,-68.02,-190.62,1
E,2022-10-17 16:27:08.164883,-0.40,0.31,1.17,31.43,-0.55,16.30,145.34,-67.03,-190.49,1
