I,2022-10-18 14:23:54.209517,0.20,0.92,1.45,-89.11,-10.19,-10.80,-33.72,-24.46,-112.41,1
I,2022-10-18 14:23:54.228198,0.22,0.76,1.44,-66.28,4.46,-13.12,-28.59,-20.00,-113.07,1
I,2022-10-18 14:23:54.246343,0.21,0.63,1.27,-8.85,0.43,18.62,-28.59,-20.00,-113.07,1
I,2022-10-18 14:23:54.265157,0.25,0.42,1.05,83.50,-28.81,45.47,-27.05,-15.21,-113.13,1
I,2022-10-18 14:23:54.283325,0.28,0.11,0.94,48.16,-35.64,15.75,-27.05,-15.21,-113.13,1
I,2022-10-18 14:23:54.301490,0.14,0.06,1.00,-3.48,-25.70,-7.69,-27.05,-15.21,-113.13,1
I,2022-10-18 14:23:54.320523,0.07,0.16,1.10,-27.65,-7.39,-17.15,-27.65,-12.21,-112.60,1
I,2022-10-18 14:23:54.338374,0.11,0.26,1.10,5.55,12.27,-16.78,-27.65,-12.21,-112.60,1
I,2022-10-18 14:23:54.356323,0.34,0.16,0.89,13.79,10.74,-10.44,-27.65,-12.21,-112.60,1
I,2022-10-18 14:23:54.375210,0.39,0.09,0.81,15.50,-2.01,9.28,-28.74,-10.80,-113.76,1
I,2022-10-18 14:23:54.393161,0.33,0.17,0.80,12.02,-13.73,25.82,-28.74,-10.80,-113.76,1
I,2022-10-18 14:23:54.412201,0.23,0.22,0.86,8.12,-17.82,21.00,-29.88,-8.06,-115.01,1
I,2022-10-18 14:23:54.430463,0.14,0.22,0.90,2.14,-12.21,-3.72,-29.88,-8.06,-115.01,1
I,2022-10-18 14:23:54.448496,0.12,0.20,0.94,-3.66,-5.86,-14.28,-29.88,-8.06,-115.01,1
I,2022-10-18 14:23:54.467512,0.13,0.17,0.97,-4.46,-1.59,-17.15,-32.29,-6.87,-115.73,1
I,2022-10-18 14:23:54.485324,0.04,0.08,0.98,-7.20,2.01,-11.96,-32.29,-6.87,-115.73,1
I,2022-10-18 14:23:54.503274,0.11,-0.00,0.95,1.53,3.54,5.43,-32.29,-6.87,-115.73,1
I,2022-10-18 14:23:54.522352,0.19,0.13,0.95,-10.13,7.14,-4.76,-33.39,-5.55,-118.95,1
I,2022-10-18 14:23:54.540368,0.19,0.20,0.92,-38.51,16.97,-22.34,-33.39,-5.55,-118.95,1
I,2022-10-18 14:23:54.558290,0.26,0.25,0.89,-45.78,20.51,-34.67,-33.39,-5.55,-118.95,1
I,2022-10-18 14:23:54.577226,0.25,0.35,0.74,-54.87,21.30,-46.20,-33.86,-7.03,-121.40,1
I,2022-10-18 14:23:54.595526,0.23,0.27,0.55,-24.17,-9.52,-64.33,-33.86,-7.03,-121.40,1
I,2022-10-18 14:23:54.614329,0.12,0.09,0.50,6.29,-47.36,-59.14,-37.87,-9.69,-118.98,1
I,2022-10-18 14:23:54.632492,0.13,-0.04,0.66,57.86,-97.60,-40.10,-37.87,-9.69,-118.98,1
I,2022-10-18 14:23:54.650393,-0.17,0.13,0.35,85.51,-68.97,4.39,-37.87,-9.69,-118.98,1
I,2022-10-18 14:23:54.669332,0.12,-0.32,0.84,105.35,-153.44,14.89,-40.34,-10.80,-107.98,1
I,2022-10-18 14:23:54.687320,0.14,-0.02,1.12,22.52,-122.44,-19.90,-40.34,-10.80,-107.98,1
I,2022-10-18 14:23:54.705300,0.05,0.08,1.26,10.44,-88.32,-29.30,-40.34,-10.80,-107.98,1
I,2022-10-18 14:23:54.724336,0.07,0.12,1.31,-18.25,-43.09,-32.78,-40.69,-14.04,-100.21,1
I,2022-10-18 14:23:54.742480,0.10,0.10,1.26,-49.68,-2.99,-23.99,-40.69,-14.04,-100.21,1
I,2022-10-18 14:23:54.761313,0.13,0.16,1.26,-38.64,3.78,-5.86,-40.37,-14.73,-100.31,1
I,2022-10-18 14:23:54.779266,0.01,0.12,1.36,-4.52,5.62,8.48,-40.37,-14.73,-100.31,1
I,2022-10-18 14:23:54.797321,-0.07,0.01,1.23,14.53,29.97,22.58,-40.37,-14.73,-100.31,1
I,2022-10-18 14:23:54.816165,0.03,0.01,1.21,23.56,51.94,31.92,-40.00,-13.04,-105.27,1
I,2022-10-18 14:23:54.834290,0.32,-0.10,1.04,0.67,92.35,29.79,-40.00,-13.04,-105.27,1
I,2022-10-18 14:23:54.852421,0.29,-0.02,0.91,-25.70,103.64,23.93,-40.00,-13.04,-105.27,1
I,2022-10-18 14:23:54.871281,0.33,0.14,0.84,-54.93,106.93,4.21,-37.87,-10.05,-115.60,1
I,2022-10-18 14:23:54.889346,0.31,0.19,0.76,-75.87,88.81,-25.33,-37.87,-10.05,-115.60,1
I,2022-10-18 14:23:54.907370,0.30,0.25,0.71,-75.44,44.56,-41.14,-37.87,-10.05,-115.60,1
I,2022-10-18 14:23:54.926295,0.41,0.37,0.54,-71.29,22.46,-45.59,-38.10,-11.51,-122.58,1
I,2022-10-18 14:23:54.944429,0.43,0.41,0.45,-69.27,-7.26,-56.03,-38.10,-11.51,-122.58,1
I,2022-10-18 14:23:54.963393,-0.05,0.22,1.04,51.45,-9.03,-9.83,-40.34,-13.00,-121.90,1
I,2022-10-18 14:23:54.981357,0.17,-0.10,0.86,117.80,-2.56,18.49,-40.34,-13.00,-121.90,1
I,2022-10-18 14:23:54.999286,0.38,0.05,1.06,8.18,-15.81,-70.25,-40.34,-13.00,-121.90,1
I,2022-10-18 14:23:55.018368,0.13,0.20,1.00,0.31,-17.64,-63.23,-42.03,-11.95,-120.34,1
I,2022-10-18 14:23:55.036524,0.33,0.14,0.91,-24.90,-3.66,-73.06,-42.03,-11.95,-120.34,1
I,2022-10-18 14:23:55.054504,0.25,0.09,0.92,-23.50,-2.62,-54.14,-42.03,-11.95,-120.34,1
I,2022-10-18 14:23:55.073345,0.25,0.02,0.84,-6.53,10.07,-26.12,-43.95,-12.81,-117.07,1
I,2022-10-18 14:23:55.091488,0.19,-0.27,0.68,-1.65,7.02,-9.28,-43.95,-12.81,-117.07,1
I,2022-10-18 14:23:55.109389,0.13,-0.42,0.74,-1.34,-9.89,12.70,-43.95,-12.81,-117.07,1
I,2022-10-18 14:23:55.128449,0.03,-0.46,0.80,19.41,-23.44,54.08,-43.38,-13.79,-115.58,1
I,2022-10-18 14:23:55.146378,0.23,-0.27,0.71,27.65,-41.02,85.63,-43.38,-13.79,-115.58,1
I,2022-10-18 14:23:55.165140,0.45,0.08,0.75,28.56,-66.28,72.20,-38.55,-14.87,-113.46,1
I,2022-10-18 14:23:55.183380,0.36,0.17,0.85,-5.80,-69.34,41.38,-38.55,-14.87,-113.46,1
I,2022-10-18 14:23:55.201358,0.38,0.43,0.97,-26.55,-65.43,19.29,-38.55,-14.87,-113.46,1
I,2022-10-18 14:23:55.220487,0.38,0.61,1.12,-40.77,-58.78,-18.68,-37.93,-18.15,-108.09,1
I,2022-10-18 14:23:55.238455,-0.07,0.75,1.38,-46.94,15.87,-49.19,-37.93,-18.15,-108.09,1
I,2022-10-18 14:23:55.256297,-0.03,0.45,1.05,54.50,41.32,3.05,-37.93,-18.15,-108.09,1
I,2022-10-18 14:23:55.275361,0.24,0.24,1.10,41.32,-7.87,-42.72,-37.89,-19.32,-106.71,1
I,2022-10-18 14:23:55.293401,0.07,0.23,1.01,34.97,-27.59,-28.56,-37.89,-19.32,-106.71,1
I,2022-10-18 14:23:55.312452,0.06,0.20,1.03,-1.04,-25.94,-31.49,-38.55,-19.10,-104.02,1
I,2022-10-18 14:23:55.330477,0.03,0.23,0.91,-17.76,-11.17,-35.16,-38.55,-19.10,-104.02,1
I,2022-10-18 14:23:55.348403,-0.08,0.21,0.97,-12.02,5.37,-29.54,-38.55,-19.10,-104.02,1
I,2022-10-18 14:23:55.367382,-0.02,0.21,1.01,24.78,22.28,-10.19,-37.40,-19.15,-104.36,1
I,2022-10-18 14:23:55.385083,0.08,0.15,0.99,57.62,32.10,5.98,-37.40,-19.15,-104.36,1
I,2022-10-18 14:23:55.403215,0.18,0.12,0.97,58.47,34.18,9.16,-37.40,-19.15,-104.36,1
I,2022-10-18 14:23:55.422168,0.16,0.11,0.96,60.73,35.28,5.80,-34.72,-17.85,-104.76,1
I,2022-10-18 14:23:55.440402,0.11,0.06,1.01,56.58,35.83,-1.59,-34.72,-17.85,-104.76,1
I,2022-10-18 14:23:55.458155,0.19,0.02,0.99,51.27,43.46,-1.22,-34.72,-17.85,-104.76,1
I,2022-10-18 14:23:55.477340,0.32,-0.04,0.96,27.47,39.12,-7.20,-34.56,-17.63,-104.11,1
I,2022-10-18 14:23:55.495407,0.44,-0.14,0.98,14.16,30.21,-6.77,-34.56,-17.63,-104.11,1
