H,2022-11-12 17:39:19.146948,5.075966,7.680990,-3.189239,0.235739,0.006866,-0.408473,49.482784,-4.854859,-93.129074,1
H,2022-11-12 17:39:19.243864,6.048062,7.216492,-2.557138,-0.285849,-0.476106,0.817399,53.770099,-8.091432,-96.930259,1
H,2022-11-12 17:39:19.339241,4.764704,5.899613,-2.260241,-0.707701,-0.011377,0.326837,53.770099,-8.091432,-96.930259,1
H,2022-11-12 17:39:19.435095,5.368074,5.439903,-2.997693,-0.362683,0.327915,-0.227641,58.771968,-3.776002,-99.349197,1
H,2022-11-12 17:39:19.530580,8.533370,8.667452,-3.969789,0.243329,-0.353998,-0.142152,67.703880,5.214478,-59.955081,1
H,2022-11-12 17:39:19.611169,6.914807,6.057639,-3.189239,0.781562,-0.531501,-0.273182,66.453414,6.113526,-64.274612,1
H,2022-11-12 17:39:19.707579,4.142180,3.706413,-4.688086,0.185138,-0.388087,0.039212,66.453414,6.113526,-64.274612,1
H,2022-11-12 17:39:19.803335,9.725744,2.571504,-3.859650,0.270760,0.033897,-0.206336,66.274772,2.697144,-86.908950,1
H,2022-11-12 17:39:19.899026,5.497367,8.102392,-3.385574,-0.183050,-0.187282,-1.114887,67.167968,-0.359619,-94.684104,1
H,2022-11-12 17:39:19.994172,6.852554,9.787996,-2.988116,-0.318340,-0.159584,0.505006,61.987457,-4.135621,-108.679382,1
H,2022-11-12 17:39:20.091207,4.534849,5.784686,-5.075966,0.210971,-0.480367,-0.420457,61.987457,-4.135621,-108.679382,1
H,2022-11-12 17:39:20.187283,8.796746,7.925211,2.379958,-0.471341,0.292627,0.362657,47.339122,-13.845339,-107.297134,1
H,2022-11-12 17:39:20.283102,5.990598,4.190066,-3.534022,-0.991598,0.015122,0.068107,53.591461,-13.665530,-111.962226,1
H,2022-11-12 17:39:20.378073,8.298727,8.466329,-4.017675,0.234274,-0.223768,-0.070246,69.132987,-3.416382,-76.542076,1
H,2022-11-12 17:39:20.475175,11.483177,9.146317,-1.714336,-0.054550,-0.215378,-0.098875,69.132987,-3.416382,-76.542076,1
