w,2022-10-11 16:34:05.418939,-2.049541,8.509427,0.277742,0.157939,-0.056688,0.181757,5.798420,56.778835,-8.351483,1
w,2022-10-11 16:34:05.515077,-1.130121,9.467156,0.952941,-0.018232,0.001503,-0.041819,5.798420,62.085266,-5.965344,1
w,2022-10-11 16:34:05.609558,-0.603370,9.045756,1.197162,-0.224231,-0.081455,-0.028237,5.798420,62.085266,-5.965344,1
w,2022-10-11 16:34:05.690376,-1.541944,10.324324,1.484481,-0.211314,-0.142842,0.012111,6.501259,56.778835,5.283591,1
w,2022-10-11 16:34:05.788353,-1.747856,10.515871,1.541944,-0.106784,-0.028191,-0.056733,8.609776,41.920822,19.941293,1
w,2022-10-11 16:34:05.882442,-1.278569,10.664319,1.498847,0.041423,-0.028324,0.027025,7.906937,39.444484,23.009185,1
w,2022-10-11 16:34:05.977945,-1.230682,10.333902,1.417440,0.249553,-0.039776,-0.143021,7.906937,39.444484,23.009185,1
w,2022-10-11 16:34:06.075267,-2.025598,8.375345,1.058291,0.239699,-0.035915,0.136616,10.191164,56.601951,13.294197,1
w,2022-10-11 16:34:06.169906,-0.488442,9.160683,1.039137,-0.017300,-0.014609,0.221439,10.366873,67.391700,-2.897453,1
w,2022-10-11 16:34:06.265442,-0.713508,8.969137,0.828436,-0.088408,-0.100764,0.073764,11.772551,68.806747,2.556576,1
w,2022-10-11 16:34:06.362207,-0.761395,9.759263,1.139698,-0.260584,-0.213151,0.096135,11.772551,68.806747,2.556576,1
w,2022-10-11 16:34:06.456544,-1.608985,10.415308,1.618563,-0.140473,-0.117941,-0.052871,18.098100,62.085266,21.986555,1
w,2022-10-11 16:34:06.554149,-1.187584,10.602066,1.403074,-0.221568,0.030133,-0.399087,25.302198,53.064331,31.360668,1
w,2022-10-11 16:34:06.633427,-1.470115,10.156722,1.278569,0.546500,-0.084119,-0.182835,24.950778,61.554622,25.224884,1
w,2022-10-11 16:34:06.730296,-2.039964,8.102392,1.695181,-0.076956,-0.033251,0.008516,24.950778,61.554622,25.224884,1
