s,2022-10-14 10:55:41.566572,0.20,0.56,-0.84,26.67,12.27,15.87,-13.67,18.46,-14.90,1
s,2022-10-14 10:55:41.597809,0.16,0.57,-0.80,14.71,14.47,12.15,-9.42,24.19,-17.50,1
s,2022-10-14 10:55:41.613431,0.13,0.59,-0.86,5.49,20.39,10.56,-9.42,24.19,-17.50,1
s,2022-10-14 10:55:41.629080,0.06,0.51,-0.94,-7.81,21.73,6.77,-2.82,26.11,-22.80,1
s,2022-10-14 10:55:41.644702,0.01,0.46,-1.05,-16.11,9.64,10.25,-2.82,26.11,-22.80,1
s,2022-10-14 10:55:41.660328,0.03,0.38,-1.03,-19.17,-0.37,11.11,-2.82,26.11,-22.80,1
s,2022-10-14 10:55:41.691562,0.05,0.39,-1.00,-16.85,-5.37,10.50,1.54,26.28,-28.78,1
s,2022-10-14 10:55:41.707188,0.09,0.33,-1.00,-14.59,-7.75,6.16,1.54,26.28,-28.78,1
s,2022-10-14 10:55:41.722832,0.12,0.25,-0.94,-16.24,-9.52,6.59,1.54,26.28,-28.78,1
s,2022-10-14 10:55:41.738457,0.15,0.25,-0.92,-19.65,-7.14,11.11,3.70,25.81,-32.46,1
s,2022-10-14 10:55:41.754086,0.16,0.31,-0.94,-17.27,-5.13,12.70,3.70,25.81,-32.46,1
s,2022-10-14 10:55:41.785333,0.19,0.32,-0.87,-8.91,1.83,6.04,5.19,24.99,-37.93,1
s,2022-10-14 10:55:41.800959,0.16,0.27,-0.91,-13.31,7.26,7.02,5.19,24.99,-37.93,1
s,2022-10-14 10:55:41.816568,0.14,0.27,-0.99,-10.44,8.18,6.71,5.19,24.99,-37.93,1
s,2022-10-14 10:55:41.832216,0.16,0.28,-0.94,-6.47,4.88,4.94,9.69,24.32,-42.16,1
s,2022-10-14 10:55:41.847838,0.17,0.33,-0.88,-6.41,9.83,3.78,9.69,24.32,-42.16,1
s,2022-10-14 10:55:41.863468,0.08,0.36,-0.96,-15.08,11.96,0.92,9.69,24.32,-42.16,1
s,2022-10-14 10:55:41.894698,0.05,0.35,-1.03,-14.16,12.63,-2.81,17.57,23.49,-43.96,1
s,2022-10-14 10:55:41.910324,-0.05,0.34,-1.09,-10.80,4.88,-2.75,17.57,23.49,-43.96,1
s,2022-10-14 10:55:41.925950,-0.05,0.09,-1.13,37.72,-8.91,10.07,17.57,23.49,-43.96,1
s,2022-10-14 10:55:41.941594,-0.08,0.64,-0.82,-33.63,-13.73,-34.61,22.85,22.96,-43.33,1
s,2022-10-14 10:55:41.957219,0.03,0.31,-0.94,-6.90,-2.38,-38.88,22.85,22.96,-43.33,1
s,2022-10-14 10:55:41.988470,0.09,0.36,-0.91,-33.26,3.72,-39.86,20.36,22.72,-39.75,1
s,2022-10-14 10:55:42.004079,0.16,-0.10,-0.88,-32.59,4.76,-21.55,20.36,22.72,-39.75,1
s,2022-10-14 10:55:42.019706,0.15,0.06,-0.96,-39.06,6.59,-6.84,20.36,22.72,-39.75,1
s,2022-10-14 10:55:42.035350,0.15,-0.10,-0.95,-33.08,5.62,-4.52,18.63,22.94,-31.43,1
s,2022-10-14 10:55:42.050979,0.13,-0.01,-0.98,-30.94,7.81,-1.95,18.63,22.94,-31.43,1
s,2022-10-14 10:55:42.066601,0.15,-0.01,-1.01,-25.94,11.05,-5.31,18.63,22.94,-31.43,1
s,2022-10-14 10:55:42.097836,0.15,-0.03,-1.02,-12.33,13.92,-2.81,17.25,24.13,-23.23,1
s,2022-10-14 10:55:42.113460,0.18,-0.05,-1.06,-6.10,13.12,12.02,17.25,24.13,-23.23,1
s,2022-10-14 10:55:42.129109,0.16,-0.01,-1.06,-5.49,5.98,17.76,17.03,27.32,-19.08,1
s,2022-10-14 10:55:42.144731,0.12,0.06,-1.09,12.88,7.69,23.19,17.03,27.32,-19.08,1
s,2022-10-14 10:55:42.160357,0.15,0.05,-1.03,39.55,8.00,15.63,17.03,27.32,-19.08,1
s,2022-10-14 10:55:42.185189,0.12,0.08,-1.00,45.72,4.94,14.71,20.01,30.99,-18.98,1
s,2022-10-14 10:55:42.200842,0.07,0.26,-1.00,44.31,6.04,20.26,20.01,30.99,-18.98,1
s,2022-10-14 10:55:42.216464,-0.01,0.41,-1.01,33.02,5.37,17.40,20.01,30.99,-18.98,1
s,2022-10-14 10:55:42.232094,0.01,0.48,-0.95,26.86,5.55,12.63,24.44,33.09,-24.18,1
s,2022-10-14 10:55:42.263325,-0.02,0.54,-0.97,19.17,6.04,-0.79,24.44,33.09,-24.18,1
s,2022-10-14 10:55:42.278951,0.00,0.45,-0.96,12.27,6.96,-1.95,24.44,33.09,-24.18,1
s,2022-10-14 10:55:42.294594,0.00,0.48,-0.97,0.49,7.32,2.50,25.32,35.62,-22.56,1
s,2022-10-14 10:55:42.310220,0.01,0.50,-1.00,-7.93,6.47,0.85,25.32,35.62,-22.56,1
s,2022-10-14 10:55:42.325845,0.04,0.38,-0.97,-8.61,1.95,-4.76,21.31,39.64,-13.75,1
s,2022-10-14 10:55:42.357100,0.04,0.31,-1.03,-10.44,2.38,-3.30,21.31,39.64,-13.75,1
s,2022-10-14 10:55:42.372705,0.08,0.25,-1.04,-6.41,2.01,-4.70,21.31,39.64,-13.75,1
s,2022-10-14 10:55:42.388333,0.09,0.31,-1.07,-5.19,-0.85,-6.41,14.43,43.32,-0.94,1
s,2022-10-14 10:55:42.403975,0.04,0.44,-1.10,-5.92,-9.09,-11.84,14.43,43.32,-0.94,1
s,2022-10-14 10:55:42.419605,0.09,0.26,-0.99,-0.73,-13.49,-25.57,14.43,43.32,-0.94,1
s,2022-10-14 10:55:42.435227,0.08,0.26,-1.09,-4.70,-14.71,-16.48,6.54,43.21,10.84,1
s,2022-10-14 10:55:42.466462,0.12,0.11,-1.06,-18.74,-17.46,-17.46,6.54,43.21,10.84,1
s,2022-10-14 10:55:42.482088,0.16,-0.32,-1.04,-34.67,-8.18,6.84,-0.23,39.03,18.36,1
s,2022-10-14 10:55:42.497735,-0.10,0.28,-1.26,-48.65,5.74,-10.56,-0.23,39.03,18.36,1
s,2022-10-14 10:55:42.513358,-0.64,0.15,-1.65,8.24,-16.05,-34.79,-0.23,39.03,18.36,1
s,2022-10-14 10:55:42.528982,-0.90,0.38,-1.82,88.75,-68.91,-40.10,-3.44,29.75,5.63,1
s,2022-10-14 10:55:42.560218,-0.79,0.62,-1.33,108.34,-117.00,-45.90,-3.44,29.75,5.63,1
s,2022-10-14 10:55:42.575843,-0.36,1.00,-0.87,85.82,-109.44,-55.42,-3.44,29.75,5.63,1
