Q,2022-10-26 10:53:48.623145,0.18,-0.30,0.82,13.43,-5.55,30.21,26.12,5.09,-93.74,1
Q,2022-10-26 10:53:48.633156,0.27,-0.38,0.73,15.56,-8.36,33.75,18.21,7.86,-98.43,1
Q,2022-10-26 10:53:48.653921,0.31,-0.33,0.72,8.36,-13.67,36.93,18.21,7.86,-98.43,1
Q,2022-10-26 10:53:48.674651,0.29,-0.24,0.79,-16.36,-20.08,27.77,18.21,7.86,-98.43,1
Q,2022-10-26 10:53:48.694771,0.22,-0.16,0.92,-15.44,-18.37,28.99,10.08,14.82,-102.42,1
Q,2022-10-26 10:53:48.714771,0.23,-0.12,0.96,-6.90,-14.04,32.04,10.08,14.82,-102.42,1
Q,2022-10-26 10:53:48.735517,0.26,-0.11,0.95,3.11,-6.96,35.77,7.56,25.61,-103.89,1
Q,2022-10-26 10:53:48.756353,0.30,-0.05,0.93,-2.01,-5.55,32.84,7.56,25.61,-103.89,1
Q,2022-10-26 10:53:48.776560,0.30,0.02,0.98,-13.79,-5.43,20.75,7.56,25.61,-103.89,1
Q,2022-10-26 10:53:48.797648,0.27,0.07,1.05,-4.64,-4.39,20.57,11.00,34.92,-102.58,1
Q,2022-10-26 10:53:48.808925,0.29,0.05,1.04,6.71,-1.16,21.97,11.00,34.92,-102.58,1
Q,2022-10-26 10:53:48.829058,0.30,0.02,0.99,10.07,0.67,21.30,17.25,42.09,-101.21,1
Q,2022-10-26 10:53:48.856328,0.28,0.05,0.98,0.43,0.00,18.19,17.25,42.09,-101.21,1
Q,2022-10-26 10:53:48.866855,0.26,0.10,1.03,-11.05,0.49,10.19,17.25,42.09,-101.21,1
Q,2022-10-26 10:53:48.886854,0.25,0.10,1.04,-9.52,5.00,11.90,23.50,47.66,-100.54,1
Q,2022-10-26 10:53:48.907478,0.28,0.13,0.97,7.93,4.33,16.78,23.50,47.66,-100.54,1
Q,2022-10-26 10:53:48.927514,0.27,0.16,0.96,5.62,2.26,12.70,23.50,47.66,-100.54,1
Q,2022-10-26 10:53:48.947514,0.23,0.17,0.98,-5.74,3.54,2.81,29.39,53.88,-97.07,1
Q,2022-10-26 10:53:48.967513,0.18,0.19,1.04,-4.21,1.83,-1.53,29.39,53.88,-97.07,1
Q,2022-10-26 10:53:48.990097,0.20,0.23,1.04,4.64,3.48,-1.59,35.63,58.78,-95.12,1
Q,2022-10-26 10:53:49.000683,0.20,0.21,1.01,13.06,6.53,-3.97,35.63,58.78,-95.12,1
Q,2022-10-26 10:53:49.020686,0.20,0.12,0.99,23.01,4.64,-2.56,35.63,58.78,-95.12,1
Q,2022-10-26 10:53:49.047453,0.20,0.07,0.99,23.38,4.70,-3.17,41.70,61.90,-89.36,1
Q,2022-10-26 10:53:49.064668,0.22,0.05,0.99,16.54,6.53,-6.96,41.70,61.90,-89.36,1
Q,2022-10-26 10:53:49.087478,0.22,0.04,0.99,8.06,5.37,-8.85,47.95,64.58,-83.84,1
Q,2022-10-26 10:53:49.097503,0.22,0.02,0.98,5.98,4.09,-10.93,47.95,64.58,-83.84,1
Q,2022-10-26 10:53:49.125449,0.20,-0.02,0.98,0.79,2.69,-9.89,47.95,64.58,-83.84,1
Q,2022-10-26 10:53:49.144790,0.21,0.03,0.99,-3.91,4.52,-9.28,51.94,66.13,-79.41,1
Q,2022-10-26 10:53:49.163814,0.21,0.04,1.00,-9.34,6.53,-11.96,51.94,66.13,-79.41,1
Q,2022-10-26 10:53:49.176189,0.21,0.04,0.99,-1.34,7.32,-11.05,51.94,66.13,-79.41,1
Q,2022-10-26 10:53:49.196361,0.19,-0.03,0.98,1.59,5.07,-7.08,56.41,66.83,-74.72,1
Q,2022-10-26 10:53:49.214896,0.18,0.00,0.99,0.24,3.78,-5.43,56.41,66.83,-74.72,1
Q,2022-10-26 10:53:49.233333,0.17,0.05,1.01,-7.75,9.34,-11.72,58.98,66.83,-70.94,1
Q,2022-10-26 10:53:49.253338,0.20,0.04,0.96,-1.95,11.41,-11.72,58.98,66.83,-70.94,1
Q,2022-10-26 10:53:49.280277,0.24,-0.03,0.90,5.07,9.34,-10.44,58.98,66.83,-70.94,1
Q,2022-10-26 10:53:49.291876,0.27,-0.06,0.83,3.23,-0.79,-8.18,58.75,66.14,-67.26,1
Q,2022-10-26 10:53:49.316143,0.22,-0.00,0.90,-4.03,-6.65,-7.20,58.75,66.14,-67.26,1
Q,2022-10-26 10:53:49.333685,0.18,0.01,0.96,-4.27,-6.23,-8.91,61.08,66.17,-66.20,1
Q,2022-10-26 10:53:49.353770,0.23,-0.09,0.92,2.99,2.01,-6.16,61.08,66.17,-66.20,1
Q,2022-10-26 10:53:49.373771,0.26,-0.12,0.87,3.42,2.32,-2.99,61.08,66.17,-66.20,1
Q,2022-10-26 10:53:49.393770,0.28,-0.05,0.89,-6.84,1.34,-3.66,61.87,65.61,-64.55,1
Q,2022-10-26 10:53:49.413771,0.24,0.00,1.00,-19.04,2.62,-8.91,61.87,65.61,-64.55,1
Q,2022-10-26 10:53:49.433367,0.25,0.01,0.95,-8.79,4.76,-4.82,64.04,65.78,-62.19,1
Q,2022-10-26 10:53:49.451846,0.29,-0.01,0.87,0.98,-0.49,-5.00,64.04,65.78,-62.19,1
Q,2022-10-26 10:53:49.471847,0.09,0.03,0.87,-6.16,-6.23,-11.29,64.04,65.78,-62.19,1
Q,2022-10-26 10:53:49.491844,0.24,0.17,1.02,6.23,2.38,-17.21,66.11,66.26,-62.52,1
Q,2022-10-26 10:53:49.511849,0.25,-0.12,0.92,24.35,-1.59,-6.53,66.11,66.26,-62.52,1
Q,2022-10-26 10:53:49.523462,0.25,-0.06,0.94,8.79,0.12,-8.97,66.11,66.26,-62.52,1
Q,2022-10-26 10:53:49.543551,0.25,-0.05,0.94,8.36,2.38,-9.89,64.95,66.10,-60.21,1
Q,2022-10-26 10:53:49.567210,0.27,-0.04,0.95,13.49,1.89,-8.12,64.95,66.10,-60.21,1
Q,2022-10-26 10:53:49.587258,0.25,-0.05,0.96,15.56,0.37,-6.47,65.45,65.71,-59.67,1
Q,2022-10-26 10:53:49.608031,0.26,-0.08,0.94,17.21,-1.16,-5.13,65.45,65.71,-59.67,1
Q,2022-10-26 10:53:49.623740,0.25,-0.61,1.07,7.45,7.32,-0.18,65.45,65.71,-59.67,1
Q,2022-10-26 10:53:49.644119,0.32,-0.18,0.99,-13.24,30.64,12.02,64.81,64.16,-59.02,1
Q,2022-10-26 10:53:49.668116,0.29,-0.13,0.99,-14.34,9.70,-3.36,64.81,64.16,-59.02,1
Q,2022-10-26 10:53:49.681802,0.29,-0.10,0.90,-26.12,20.81,2.32,65.67,61.76,-56.13,1
Q,2022-10-26 10:53:49.706908,0.29,-0.11,0.95,-15.99,11.84,-1.65,65.67,61.76,-56.13,1
Q,2022-10-26 10:53:49.718263,0.29,-0.16,0.89,3.11,0.18,8.06,65.67,61.76,-56.13,1
Q,2022-10-26 10:53:49.739900,0.26,-0.15,0.86,9.16,-10.50,20.14,67.26,54.93,-52.61,1
Q,2022-10-26 10:53:49.762482,0.23,-0.09,0.86,-4.21,-10.01,19.35,67.26,54.93,-52.61,1
Q,2022-10-26 10:53:49.780115,0.24,0.01,0.85,-11.17,-7.81,15.69,69.93,46.29,-51.28,1
Q,2022-10-26 10:53:49.800136,0.21,0.14,0.91,-14.95,-4.52,7.69,69.93,46.29,-51.28,1
Q,2022-10-26 10:53:49.820136,0.24,0.11,0.88,-8.36,-1.04,3.54,69.93,46.29,-51.28,1
Q,2022-10-26 10:53:49.840137,0.20,0.08,0.85,2.20,-5.98,5.07,71.50,41.26,-50.45,1
Q,2022-10-26 10:53:49.860136,0.21,0.05,0.84,6.59,-12.33,7.08,71.50,41.26,-50.45,1
Q,2022-10-26 10:53:49.870217,0.20,-0.01,0.84,9.52,-20.02,7.14,71.50,41.26,-50.45,1
Q,2022-10-26 10:53:49.890135,0.20,-0.01,0.83,7.32,-25.02,8.30,75.45,38.73,-49.50,1
Q,2022-10-26 10:53:49.910138,0.20,0.01,0.87,-1.34,-25.88,6.71,75.45,38.73,-49.50,1
Q,2022-10-26 10:53:49.930138,0.19,0.02,0.88,-4.76,-20.45,4.82,80.65,38.65,-52.55,1
Q,2022-10-26 10:53:49.951529,0.19,-0.01,0.92,-1.10,-21.55,7.87,80.65,38.65,-52.55,1
Q,2022-10-26 10:53:49.967544,0.22,0.07,0.95,-5.98,-16.91,7.57,80.65,38.65,-52.55,1
Q,2022-10-26 10:53:49.987543,0.21,0.14,1.01,-6.10,-16.97,3.85,87.60,40.26,-57.09,1
Q,2022-10-26 10:53:50.009024,0.22,0.12,1.05,-0.92,-13.67,-4.33,87.60,40.26,-57.09,1
Q,2022-10-26 10:53:50.030893,0.21,0.10,1.06,5.49,-12.76,-6.47,91.54,45.43,-62.10,1
Q,2022-10-26 10:53:50.045438,0.23,0.08,1.07,8.12,-12.21,-8.91,91.54,45.43,-62.10,1
Q,2022-10-26 10:53:50.065437,0.21,0.08,1.06,18.13,-10.19,-7.63,91.54,45.43,-62.10,1
Q,2022-10-26 10:53:50.085442,0.20,0.04,1.06,18.31,-9.70,-11.35,92.16,52.73,-67.27,1
Q,2022-10-26 10:53:50.105502,0.22,0.03,1.07,16.78,-9.70,-15.20,92.16,52.73,-67.27,1
Q,2022-10-26 10:53:50.128454,0.23,-0.01,1.07,22.64,-8.48,-15.32,92.16,52.73,-67.27,1
Q,2022-10-26 10:53:50.148907,0.21,-0.04,1.08,25.57,-5.80,-15.32,89.14,61.08,-71.33,1
Q,2022-10-26 10:53:50.169356,0.22,-0.05,1.06,18.92,-0.24,-20.81,89.14,61.08,-71.33,1
Q,2022-10-26 10:53:50.183390,0.23,-0.10,1.03,12.45,7.93,-23.68,82.54,68.30,-73.00,1
Q,2022-10-26 10:53:50.208243,0.24,-0.16,1.04,16.30,9.09,-17.52,82.54,68.30,-73.00,1
Q,2022-10-26 10:53:50.224801,0.22,-0.19,1.04,11.47,12.39,-18.74,82.54,68.30,-73.00,1
Q,2022-10-26 10:53:50.247799,0.24,-0.21,1.02,5.55,13.79,-15.38,74.79,73.24,-72.33,1
Q,2022-10-26 10:53:50.266834,0.26,-0.17,1.07,1.71,14.04,-12.82,74.79,73.24,-72.33,1
Q,2022-10-26 10:53:50.286831,0.23,-0.16,0.96,-12.27,24.66,-17.09,67.55,74.18,-69.40,1
Q,2022-10-26 10:53:50.306971,0.23,-0.22,0.92,-4.52,15.20,-10.93,67.55,74.18,-69.40,1
Q,2022-10-26 10:53:50.327006,0.21,-0.20,0.89,-2.14,8.91,-0.67,67.55,74.18,-69.40,1
Q,2022-10-26 10:53:50.347606,0.22,-0.15,0.89,-7.08,11.11,0.37,62.60,73.22,-66.28,1
Q,2022-10-26 10:53:50.367640,0.20,-0.14,0.90,-9.22,11.72,1.22,62.60,73.22,-66.28,1
Q,2022-10-26 10:53:50.387639,0.22,-0.13,0.85,-9.70,12.45,0.31,60.27,71.72,-64.23,1
Q,2022-10-26 10:53:50.407640,0.20,-0.14,0.84,-8.48,8.97,0.79,60.27,71.72,-64.23,1
Q,2022-10-26 10:53:50.425486,0.18,-0.12,0.89,-4.64,1.16,5.74,60.27,71.72,-64.23,1
Q,2022-10-26 10:53:50.440025,0.19,-0.06,0.87,-6.90,0.00,5.68,60.46,68.99,-62.38,1
Q,2022-10-26 10:53:50.460321,0.22,-0.05,0.88,-8.48,0.12,5.07,60.46,68.99,-62.38,1
Q,2022-10-26 10:53:50.480455,0.19,-0.10,0.87,-4.27,2.81,9.83,62.93,66.00,-59.28,1
Q,2022-10-26 10:53:50.501046,0.21,-0.09,0.88,-10.19,3.78,10.01,62.93,66.00,-59.28,1
Q,2022-10-26 10:53:50.525080,0.21,-0.03,0.88,-13.24,3.66,10.68,62.93,66.00,-59.28,1
Q,2022-10-26 10:53:50.540680,0.21,0.05,0.92,-15.63,2.56,1.16,65.09,63.06,-60.10,1
Q,2022-10-26 10:53:50.560693,0.23,0.05,0.90,-10.74,-0.61,2.87,65.09,63.06,-60.10,1
Q,2022-10-26 10:53:50.580693,0.20,0.03,0.87,-2.99,-5.55,6.41,67.77,62.28,-59.77,1
Q,2022-10-26 10:53:50.601339,0.19,-0.03,0.86,8.61,-14.47,10.62,67.77,62.28,-59.77,1
Q,2022-10-26 10:53:50.621416,0.20,-0.05,0.87,2.38,-12.76,5.80,67.77,62.28,-59.77,1
Q,2022-10-26 10:53:50.631387,0.19,-0.07,0.85,-4.58,-11.17,1.89,70.80,62.24,-60.51,1
Q,2022-10-26 10:53:50.652632,0.20,-0.10,0.86,-6.84,-15.08,10.01,70.80,62.24,-60.51,1
Q,2022-10-26 10:53:50.672729,0.19,-0.05,0.87,-9.95,-12.82,15.08,70.80,62.24,-60.51,1
Q,2022-10-26 10:53:50.692793,0.20,0.05,0.90,-8.42,-12.45,12.70,76.31,61.83,-62.54,1
Q,2022-10-26 10:53:50.719024,0.19,0.05,0.95,-5.62,-14.40,7.81,76.31,61.83,-62.54,1
Q,2022-10-26 10:53:50.729653,0.19,0.07,0.96,-4.94,-14.83,4.82,81.64,61.82,-66.93,1
Q,2022-10-26 10:53:50.749537,0.19,0.07,0.95,0.61,-16.66,4.33,81.64,61.82,-66.93,1
Q,2022-10-26 10:53:50.769615,0.17,0.12,0.97,-2.26,-19.41,2.01,81.64,61.82,-66.93,1
Q,2022-10-26 10:53:50.796147,0.16,0.15,1.00,-2.81,-19.84,-4.15,84.30,64.32,-72.67,1
Q,2022-10-26 10:53:50.806466,0.14,0.18,1.00,-0.92,-22.09,-15.69,84.30,64.32,-72.67,1
Q,2022-10-26 10:53:50.826591,0.16,0.13,1.05,3.72,-22.34,-20.51,83.46,71.08,-81.04,1
Q,2022-10-26 10:53:50.848071,0.17,0.13,1.02,10.01,-16.05,-18.37,83.46,71.08,-81.04,1
Q,2022-10-26 10:53:50.873222,0.17,0.02,1.07,23.80,-15.63,-17.40,83.46,71.08,-81.04,1
Q,2022-10-26 10:53:50.883724,0.19,-0.04,1.06,31.07,-11.47,-16.30,75.55,78.58,-88.16,1
Q,2022-10-26 10:53:50.903722,0.21,-0.16,1.10,32.71,-5.68,-17.27,75.55,78.58,-88.16,1
Q,2022-10-26 10:53:50.923730,0.24,-0.34,1.08,24.66,3.05,-8.42,68.09,82.25,-92.96,1
Q,2022-10-26 10:53:50.943728,0.22,-0.43,1.03,16.60,3.85,1.16,68.09,82.25,-92.96,1
Q,2022-10-26 10:53:50.963832,0.16,-0.33,1.00,-0.12,0.92,7.57,68.09,82.25,-92.96,1
Q,2022-10-26 10:53:50.984600,-0.00,-0.17,1.25,-35.34,-7.20,-7.45,67.97,81.95,-94.19,1
Q,2022-10-26 10:53:51.004899,-0.37,0.05,1.44,12.08,17.33,54.81,67.97,81.95,-94.19,1
Q,2022-10-26 10:53:51.027715,-0.03,0.25,1.28,91.06,34.36,82.15,67.97,81.95,-94.19,1
Q,2022-10-26 10:53:51.047762,0.17,-0.11,0.91,69.52,45.35,39.73,66.96,72.73,-86.34,1
Q,2022-10-26 10:53:51.067749,0.31,-0.02,0.84,12.51,37.35,2.99,66.96,72.73,-86.34,1
Q,2022-10-26 10:53:51.087749,0.33,0.13,0.87,-5.31,32.17,-16.60,57.64,65.92,-85.63,1
