u,2022-10-11 11:28:35.088782,-0.04,0.02,0.92,-6.90,2.75,47.91,24.52,53.60,-22.38,1
u,2022-10-11 11:28:35.108031,-0.04,0.08,0.96,-19.71,0.31,40.95,24.52,53.60,-22.38,1
u,2022-10-11 11:28:35.126940,-0.05,0.12,1.01,-22.77,1.04,39.00,18.86,53.09,-28.52,1
u,2022-10-11 11:28:35.145749,-0.04,0.07,1.00,-2.93,3.78,50.54,18.86,53.09,-28.52,1
u,2022-10-11 11:28:35.163759,-0.02,0.04,0.94,9.58,5.49,60.18,14.56,55.86,-35.93,1
u,2022-10-11 11:28:35.182004,0.01,0.08,0.93,-1.16,0.92,55.30,14.56,55.86,-35.93,1
u,2022-10-11 11:28:35.201243,-0.04,0.16,1.00,-25.82,-4.88,41.26,14.56,55.86,-35.93,1
u,2022-10-11 11:28:35.220268,-0.09,0.24,1.04,-36.19,-1.83,33.87,11.25,61.29,-42.65,1
u,2022-10-11 11:28:35.238621,-0.05,0.26,0.94,-14.59,1.83,37.54,11.25,61.29,-42.65,1
u,2022-10-11 11:28:35.259096,0.00,0.27,0.86,-9.52,-0.55,39.67,11.25,61.29,-42.65,1
u,2022-10-11 11:28:35.275690,-0.02,0.34,0.88,-22.34,-8.18,31.31,10.14,66.52,-47.29,1
u,2022-10-11 11:28:35.295004,-0.15,0.42,0.98,-39.06,-10.74,13.73,10.14,66.52,-47.29,1
u,2022-10-11 11:28:35.316862,-0.13,0.45,0.93,-25.33,-5.62,14.71,10.45,70.92,-52.22,1
u,2022-10-11 11:28:35.333942,-0.14,0.37,0.90,-11.47,-4.03,19.17,10.45,70.92,-52.22,1
u,2022-10-11 11:28:35.351216,-0.14,0.45,0.89,-5.80,-6.77,22.09,10.45,70.92,-52.22,1
u,2022-10-11 11:28:35.370416,-0.19,0.45,0.96,-5.74,-9.40,14.10,12.68,74.83,-53.59,1
u,2022-10-11 11:28:35.389020,-0.25,0.42,1.03,2.38,-9.40,14.77,12.68,74.83,-53.59,1
u,2022-10-11 11:28:35.408363,-0.30,0.40,1.04,8.61,-4.33,11.17,12.68,74.83,-53.59,1
u,2022-10-11 11:28:35.428025,-0.32,0.31,1.08,-0.98,9.52,-7.81,14.48,75.63,-54.96,1
u,2022-10-11 11:28:35.445605,-0.20,0.26,1.00,-4.46,15.87,-13.31,14.48,75.63,-54.96,1
u,2022-10-11 11:28:35.463896,-0.14,0.21,0.98,-5.74,13.98,-10.74,15.82,76.71,-56.53,1
u,2022-10-11 11:28:35.481985,-0.11,0.22,0.94,3.36,7.32,2.14,15.82,76.71,-56.53,1
u,2022-10-11 11:28:35.500864,-0.10,0.20,0.94,-4.82,1.65,-1.04,15.82,76.71,-56.53,1
u,2022-10-11 11:28:35.520699,-0.14,0.25,0.98,-15.50,0.61,-6.29,17.07,77.32,-54.38,1
u,2022-10-11 11:28:35.539420,-0.11,0.26,0.93,-22.89,3.60,-13.92,17.07,77.32,-54.38,1
u,2022-10-11 11:28:35.558073,-0.04,0.16,0.90,-26.37,-2.38,-17.21,17.07,77.32,-54.38,1
u,2022-10-11 11:28:35.577722,-0.21,0.38,0.89,21.18,6.04,13.79,17.63,75.98,-55.38,1
u,2022-10-11 11:28:35.594836,-0.14,0.15,0.84,20.87,1.71,1.34,17.63,75.98,-55.38,1
u,2022-10-11 11:28:35.617506,-0.11,0.13,0.85,3.17,-1.04,-9.03,18.18,77.62,-54.74,1
u,2022-10-11 11:28:35.633930,-0.08,0.16,0.89,-34.79,4.39,-22.34,18.18,77.62,-54.74,1
u,2022-10-11 11:28:35.651963,-0.07,0.19,0.79,-45.59,9.77,-23.74,18.18,77.62,-54.74,1
u,2022-10-11 11:28:35.672229,-0.04,0.07,0.75,1.53,-20.94,6.10,18.20,77.28,-55.18,1
u,2022-10-11 11:28:35.692614,-0.10,0.13,0.80,15.69,-24.84,26.12,18.20,77.28,-55.18,1
u,2022-10-11 11:28:35.708901,-0.12,0.15,0.85,20.87,-31.19,29.72,18.20,77.28,-55.18,1
u,2022-10-11 11:28:35.727409,-0.18,0.26,0.90,6.71,-30.88,21.73,17.55,78.14,-59.29,1
u,2022-10-11 11:28:35.746742,-0.17,0.29,0.92,-5.31,-25.82,5.98,17.55,78.14,-59.29,1
u,2022-10-11 11:28:35.765384,-0.15,0.24,0.89,0.61,-26.92,7.93,17.44,78.27,-61.54,1
u,2022-10-11 11:28:35.784087,-0.18,0.29,0.95,6.04,-30.21,14.28,17.44,78.27,-61.54,1
u,2022-10-11 11:28:35.802026,-0.25,0.36,1.01,6.04,-28.99,14.59,17.44,78.27,-61.54,1
u,2022-10-11 11:28:35.820572,-0.26,0.37,1.02,4.88,-23.25,5.92,14.78,79.04,-64.97,1
u,2022-10-11 11:28:35.838910,-0.23,0.29,0.99,0.73,-15.08,-7.87,14.78,79.04,-64.97,1
u,2022-10-11 11:28:35.858964,-0.20,0.30,1.01,0.06,-10.50,-11.72,14.78,79.04,-64.97,1
u,2022-10-11 11:28:35.877497,-0.20,0.29,1.06,8.06,-8.67,-7.57,12.08,78.60,-66.88,1
u,2022-10-11 11:28:35.895031,-0.18,0.20,1.06,19.96,-7.26,0.98,12.08,78.60,-66.88,1
u,2022-10-11 11:28:35.914959,-0.19,0.16,1.03,16.78,-7.08,-0.85,9.84,78.44,-67.63,1
u,2022-10-11 11:28:35.932228,-0.20,0.17,1.03,9.40,-8.79,-6.29,9.84,78.44,-67.63,1
u,2022-10-11 11:28:35.951663,-0.20,0.17,1.01,3.72,-10.31,-10.74,9.84,78.44,-67.63,1
u,2022-10-11 11:28:35.970597,-0.19,0.18,0.98,1.46,-7.51,-9.34,9.83,77.37,-68.08,1
u,2022-10-11 11:28:35.988877,-0.20,0.18,0.96,5.62,-7.14,-5.37,9.83,77.37,-68.08,1
u,2022-10-11 11:28:36.006648,-0.25,0.23,0.99,7.39,-5.13,-5.98,9.83,77.37,-68.08,1
u,2022-10-11 11:28:36.027772,-0.22,0.21,1.00,4.03,1.95,-12.39,9.42,75.77,-65.36,1
u,2022-10-11 11:28:36.045118,-0.15,0.11,0.92,8.79,3.30,-5.49,9.42,75.77,-65.36,1
u,2022-10-11 11:28:36.064571,-0.18,0.11,0.94,12.02,-3.78,2.26,10.11,75.26,-62.98,1
u,2022-10-11 11:28:36.084026,-0.26,0.17,1.03,4.27,-2.75,-0.73,10.11,75.26,-62.98,1
u,2022-10-11 11:28:36.100331,-0.24,0.22,1.00,-12.45,11.17,-15.99,10.11,75.26,-62.98,1
u,2022-10-11 11:28:36.119443,-0.18,0.17,0.94,-9.58,10.56,-16.05,10.93,74.38,-61.93,1
u,2022-10-11 11:28:36.136771,-0.16,0.14,0.90,-2.99,6.23,-9.70,10.93,74.38,-61.93,1
u,2022-10-11 11:28:36.155055,-0.19,0.14,0.91,3.48,0.98,-3.23,10.93,74.38,-61.93,1
u,2022-10-11 11:28:36.175367,-0.19,0.17,0.91,3.17,2.93,-1.34,12.16,73.89,-59.46,1
u,2022-10-11 11:28:36.192617,-0.20,0.15,0.90,0.98,1.16,-2.20,12.16,73.89,-59.46,1
u,2022-10-11 11:28:36.213220,-0.16,0.13,0.86,-2.14,0.98,-4.88,12.51,73.18,-58.07,1
u,2022-10-11 11:28:36.234236,-0.21,0.17,0.93,-1.04,-3.91,-2.93,12.51,73.18,-58.07,1
u,2022-10-11 11:28:36.251667,-0.18,0.18,0.92,0.73,-2.62,0.73,12.51,73.18,-58.07,1
u,2022-10-11 11:28:36.271226,-0.23,0.22,0.99,0.98,0.79,3.23,12.88,73.56,-56.75,1
u,2022-10-11 11:28:36.290054,-0.20,0.17,0.93,-3.66,7.87,-5.55,12.88,73.56,-56.75,1
u,2022-10-11 11:28:36.307669,-0.18,0.13,0.85,-5.43,2.62,-7.32,12.88,73.56,-56.75,1
u,2022-10-11 11:28:36.326662,-0.21,0.20,0.96,2.50,-6.71,-2.56,13.68,73.60,-54.65,1
u,2022-10-11 11:28:36.344814,-0.14,0.24,0.81,-5.55,6.47,-2.50,13.68,73.60,-54.65,1
u,2022-10-11 11:28:36.364619,-0.22,0.17,0.93,13.73,-7.32,5.07,13.55,73.91,-53.54,1
u,2022-10-11 11:28:36.382844,-0.09,0.11,0.78,-11.84,15.08,-7.57,13.55,73.91,-53.54,1
u,2022-10-11 11:28:36.401423,-0.20,0.15,0.91,1.59,-5.19,-3.36,13.55,73.91,-53.54,1
u,2022-10-11 11:28:36.420347,-0.19,0.17,0.87,-7.20,2.08,-6.35,13.39,74.00,-53.69,1
u,2022-10-11 11:28:36.438724,-0.20,0.20,0.89,-4.82,1.28,-5.86,13.39,74.00,-53.69,1
u,2022-10-11 11:28:36.456813,-0.20,0.20,0.91,-9.16,4.15,-4.88,13.39,74.00,-53.69,1
u,2022-10-11 11:28:36.476026,-0.19,0.19,0.90,-11.72,7.63,-4.03,13.17,74.24,-52.44,1
u,2022-10-11 11:28:36.494936,-0.19,0.18,0.91,-15.32,10.56,-4.76,13.17,74.24,-52.44,1
u,2022-10-11 11:28:36.514715,-0.17,0.13,0.91,-23.19,15.50,-12.15,13.38,73.60,-55.02,1
u,2022-10-11 11:28:36.531879,-0.16,0.19,0.91,-36.32,17.21,-19.35,13.38,73.60,-55.02,1
u,2022-10-11 11:28:36.550741,-0.14,0.27,1.11,-33.94,4.27,-22.34,13.38,73.60,-55.02,1
u,2022-10-11 11:28:36.570748,-0.18,0.22,0.87,-20.57,-9.09,-16.30,13.09,73.43,-55.63,1
u,2022-10-11 11:28:36.588973,-0.15,0.26,0.87,5.19,-11.41,-0.61,13.09,73.43,-55.63,1
u,2022-10-11 11:28:36.608594,-0.17,0.26,0.90,22.34,-10.99,13.55,12.72,73.65,-57.63,1
u,2022-10-11 11:28:36.627103,-0.18,0.22,0.89,25.02,-8.85,16.72,12.72,73.65,-57.63,1
u,2022-10-11 11:28:36.645327,-0.20,0.22,0.91,-0.92,-6.84,-1.77,12.72,73.65,-57.63,1
u,2022-10-11 11:28:36.667610,-0.18,0.26,0.90,-8.12,-10.01,-7.87,10.88,72.68,-60.44,1
u,2022-10-11 11:28:36.684149,-0.18,0.28,0.92,-7.14,-13.12,-5.62,10.88,72.68,-60.44,1
u,2022-10-11 11:28:36.700934,-0.19,0.30,0.91,0.06,-16.48,3.23,10.88,72.68,-60.44,1
u,2022-10-11 11:28:36.719317,-0.21,0.33,0.94,20.75,-18.01,16.66,9.25,72.11,-62.13,1
u,2022-10-11 11:28:36.741927,-0.24,0.28,0.98,22.40,-15.63,14.77,9.25,72.11,-62.13,1
u,2022-10-11 11:28:36.759059,-0.24,0.26,0.96,13.18,-13.18,5.68,6.85,72.50,-61.89,1
u,2022-10-11 11:28:36.777659,-0.24,0.30,0.95,6.47,-12.02,-2.62,6.85,72.50,-61.89,1
u,2022-10-11 11:28:36.795986,-0.23,0.30,1.01,13.06,-12.21,-1.89,6.85,72.50,-61.89,1
u,2022-10-11 11:28:36.813778,-0.21,0.25,1.03,23.19,-8.91,2.87,4.81,71.57,-63.23,1
u,2022-10-11 11:28:36.833373,-0.21,0.18,1.02,29.05,-5.19,8.85,4.81,71.57,-63.23,1
u,2022-10-11 11:28:36.851959,-0.28,0.22,1.00,22.34,-7.69,3.23,4.81,71.57,-63.23,1
u,2022-10-11 11:28:36.872198,-0.25,0.19,1.00,13.12,-8.12,-6.47,3.52,70.65,-63.71,1
u,2022-10-11 11:28:36.889954,-0.20,0.15,0.98,13.55,-5.25,-6.90,3.52,70.65,-63.71,1
u,2022-10-11 11:28:36.908298,-0.13,-0.04,0.93,25.45,-5.00,13.73,3.88,69.43,-61.95,1
u,2022-10-11 11:28:36.926981,-0.23,0.05,0.94,19.10,-7.69,16.36,3.88,69.43,-61.95,1
u,2022-10-11 11:28:36.944893,-0.25,0.01,0.90,5.98,-8.48,0.92,3.88,69.43,-61.95,1
u,2022-10-11 11:28:36.964571,-0.26,0.06,0.89,-17.58,-6.04,-14.04,3.21,70.58,-61.52,1
u,2022-10-11 11:28:36.982796,-0.26,0.15,0.89,-44.92,-0.92,-20.69,3.21,70.58,-61.52,1
u,2022-10-11 11:28:37.001147,-0.26,0.21,0.90,-55.05,3.17,-13.18,3.21,70.58,-61.52,1
u,2022-10-11 11:28:37.020038,-0.29,0.22,0.90,-60.61,7.69,-2.69,3.50,68.98,-62.73,1
u,2022-10-11 11:28:37.038466,-0.55,0.34,1.03,-46.08,15.56,8.91,3.50,68.98,-62.73,1
u,2022-10-11 11:28:37.057478,-0.47,0.50,1.00,39.06,25.88,15.26,4.13,68.71,-61.96,1
u,2022-10-11 11:28:37.075799,-0.32,0.30,0.90,55.85,32.35,12.70,4.13,68.71,-61.96,1
u,2022-10-11 11:28:37.093042,-0.24,0.30,0.85,61.95,27.83,9.28,4.13,68.71,-61.96,1
u,2022-10-11 11:28:37.112811,-0.23,0.24,0.90,51.27,21.42,-3.36,5.08,69.26,-59.88,1
u,2022-10-11 11:28:37.130015,-0.19,0.21,0.89,26.49,20.45,-20.08,5.08,69.26,-59.88,1
u,2022-10-11 11:28:37.150340,-0.05,0.23,0.84,20.63,19.35,-23.56,5.08,69.26,-59.88,1
