u,2022-10-11 11:29:27.639636,-0.38,0.09,0.88,6.23,-21.42,4.52,-9.50,73.67,-53.09,1
u,2022-10-11 11:29:27.659756,-0.35,0.10,0.85,15.93,-21.06,12.51,-9.50,73.67,-53.09,1
u,2022-10-11 11:29:27.679321,-0.35,0.09,0.78,29.42,-31.62,18.68,-10.30,74.83,-51.10,1
u,2022-10-11 11:29:27.698242,-0.36,-0.01,0.76,26.00,-45.17,10.74,-10.30,74.83,-51.10,1
u,2022-10-11 11:29:27.718502,-0.42,0.01,0.84,12.57,-53.10,2.87,-12.27,76.16,-48.23,1
u,2022-10-11 11:29:27.737755,-0.49,0.12,0.92,11.54,-48.34,8.36,-12.27,76.16,-48.23,1
u,2022-10-11 11:29:27.755903,-0.48,0.13,0.88,17.76,-40.04,10.56,-12.27,76.16,-48.23,1
u,2022-10-11 11:29:27.776484,-0.47,0.09,0.84,17.21,-36.13,2.01,-13.59,77.70,-45.29,1
u,2022-10-11 11:29:27.795159,-0.50,0.05,0.85,8.73,-35.22,-11.96,-13.59,77.70,-45.29,1
u,2022-10-11 11:29:27.815938,-0.52,0.07,0.89,3.97,-30.46,-17.70,-16.09,76.61,-41.94,1
u,2022-10-11 11:29:27.833966,-0.56,0.07,0.94,8.30,-21.18,-13.98,-16.09,76.61,-41.94,1
u,2022-10-11 11:29:27.852934,-0.57,0.04,0.95,14.16,-13.85,-12.02,-16.09,76.61,-41.94,1
u,2022-10-11 11:29:27.872216,-0.58,-0.06,0.98,12.70,-5.19,-10.25,-17.40,75.38,-40.16,1
u,2022-10-11 11:29:27.890410,-0.54,-0.13,0.97,10.62,2.38,-6.35,-17.40,75.38,-40.16,1
u,2022-10-11 11:29:27.909742,-0.53,-0.15,0.96,5.31,0.98,1.22,-17.40,75.38,-40.16,1
u,2022-10-11 11:29:27.928313,-0.54,-0.13,0.94,-1.46,-1.04,-0.73,-19.15,74.08,-39.04,1
u,2022-10-11 11:29:27.947068,-0.59,-0.06,0.95,-7.69,3.97,-6.90,-19.15,74.08,-39.04,1
u,2022-10-11 11:29:27.967646,-0.56,-0.02,0.94,-11.78,26.00,-13.67,-18.75,73.84,-40.23,1
u,2022-10-11 11:29:27.986235,-0.51,-0.01,0.91,-11.11,26.92,-8.67,-18.75,73.84,-40.23,1
u,2022-10-11 11:29:28.004313,-0.53,0.02,0.95,-9.52,28.93,-3.97,-18.75,73.84,-40.23,1
u,2022-10-11 11:29:28.024449,-0.52,0.00,0.95,-11.23,40.16,-6.53,-18.38,72.49,-43.97,1
u,2022-10-11 11:29:28.043632,-0.43,-0.06,0.90,-11.96,38.39,-8.48,-18.38,72.49,-43.97,1
u,2022-10-11 11:29:28.062807,-0.41,-0.04,0.87,-8.00,27.77,-5.98,-18.38,72.49,-43.97,1
u,2022-10-11 11:29:28.081644,-0.41,0.01,0.85,-7.08,16.36,-4.52,-16.69,71.72,-45.85,1
u,2022-10-11 11:29:28.099173,-0.41,0.05,0.81,-0.12,9.95,0.37,-16.69,71.72,-45.85,1
u,2022-10-11 11:29:28.118391,-0.44,0.02,0.82,6.77,4.09,3.85,-16.48,71.42,-48.27,1
u,2022-10-11 11:29:28.136799,-0.39,0.00,0.74,2.20,7.63,0.61,-16.48,71.42,-48.27,1
u,2022-10-11 11:29:28.156012,-0.36,-0.02,0.69,-5.07,-2.38,-4.52,-16.48,71.42,-48.27,1
u,2022-10-11 11:29:28.174694,-0.42,0.05,0.76,-6.41,-9.52,-4.27,-16.05,71.66,-48.90,1
u,2022-10-11 11:29:28.193157,-0.43,0.08,0.78,-0.73,-7.45,-0.06,-16.05,71.66,-48.90,1
u,2022-10-11 11:29:28.211121,-0.45,0.03,0.81,8.18,-2.81,5.98,-16.05,71.66,-48.90,1
u,2022-10-11 11:29:28.230857,-0.44,-0.03,0.84,2.32,6.71,3.72,-16.25,71.94,-48.99,1
u,2022-10-11 11:29:28.248871,-0.43,-0.01,0.88,-9.09,8.30,-3.30,-16.25,71.94,-48.99,1
u,2022-10-11 11:29:28.267989,-0.42,0.04,0.89,-11.84,7.14,-6.23,-16.03,72.28,-49.56,1
u,2022-10-11 11:29:28.285381,-0.42,0.08,0.89,-4.70,6.23,-4.39,-16.03,72.28,-49.56,1
u,2022-10-11 11:29:28.303407,-0.42,0.04,0.88,6.90,4.21,2.14,-16.03,72.28,-49.56,1
u,2022-10-11 11:29:28.323398,-0.42,-0.01,0.86,4.64,4.52,0.37,-16.14,72.06,-50.10,1
u,2022-10-11 11:29:28.342580,-0.42,-0.00,0.87,-1.22,4.82,-4.27,-16.14,72.06,-50.10,1
u,2022-10-11 11:29:28.360975,-0.42,0.05,0.87,13.73,6.47,-4.82,-16.14,72.06,-50.10,1
u,2022-10-11 11:29:28.381631,-0.42,0.06,0.88,15.56,6.77,1.89,-15.88,72.20,-50.10,1
u,2022-10-11 11:29:28.399659,-0.41,-0.00,0.86,21.06,7.63,6.10,-15.88,72.20,-50.10,1
u,2022-10-11 11:29:28.420632,-0.26,-0.11,0.69,7.69,-9.22,2.50,-15.94,72.78,-51.00,1
u,2022-10-11 11:29:28.438198,-0.54,0.01,0.89,2.20,-47.30,3.85,-15.94,72.78,-51.00,1
u,2022-10-11 11:29:28.456629,-0.44,0.08,0.81,-3.11,-15.87,0.79,-15.94,72.78,-51.00,1
u,2022-10-11 11:29:28.475069,-0.35,0.01,0.70,9.70,-25.76,8.42,-17.02,73.33,-47.51,1
u,2022-10-11 11:29:28.493545,-0.50,0.05,0.80,13.24,-29.72,8.91,-17.02,73.33,-47.51,1
u,2022-10-11 11:29:28.514173,-0.36,-0.03,0.71,2.99,-33.94,-0.79,-18.60,73.61,-45.63,1
u,2022-10-11 11:29:28.531363,-0.45,0.00,0.79,-6.47,-52.49,-7.20,-18.60,73.61,-45.63,1
u,2022-10-11 11:29:28.550716,-0.54,0.12,0.89,-10.19,-56.15,-7.51,-18.60,73.61,-45.63,1
u,2022-10-11 11:29:28.570200,-0.68,0.16,1.04,-0.55,-28.50,-2.75,-19.70,73.43,-41.41,1
u,2022-10-11 11:29:28.588652,-0.58,0.04,0.96,9.46,-5.13,1.46,-19.70,73.43,-41.41,1
u,2022-10-11 11:29:28.606470,-0.53,-0.09,0.90,10.01,1.22,0.61,-19.70,73.43,-41.41,1
u,2022-10-11 11:29:28.625729,-0.51,-0.09,0.90,-12.70,-3.91,-17.15,-19.34,72.23,-38.99,1
u,2022-10-11 11:29:28.644031,-0.52,0.06,0.91,-20.75,-11.72,-23.50,-19.34,72.23,-38.99,1
u,2022-10-11 11:29:28.663746,-0.58,0.00,0.96,-11.84,-15.14,-18.49,-20.15,70.91,-39.21,1
u,2022-10-11 11:29:28.682720,-0.55,-0.04,0.90,6.65,-11.47,5.74,-20.15,70.91,-39.21,1
u,2022-10-11 11:29:28.700992,-0.53,-0.08,0.81,18.19,-11.17,6.10,-20.15,70.91,-39.21,1
u,2022-10-11 11:29:28.721799,-0.53,-0.06,0.82,6.35,-10.86,-4.76,-20.98,70.19,-38.11,1
u,2022-10-11 11:29:28.740159,-0.53,0.01,0.82,-2.32,-13.49,-11.60,-20.98,70.19,-38.11,1
u,2022-10-11 11:29:28.759500,-0.54,0.08,0.81,6.90,-13.85,-6.53,-20.98,70.19,-38.11,1
u,2022-10-11 11:29:28.779283,-0.54,0.05,0.81,14.77,-14.28,0.55,-21.12,70.09,-37.26,1
u,2022-10-11 11:29:28.796158,-0.53,0.03,0.80,19.35,-17.15,3.05,-21.12,70.09,-37.26,1
u,2022-10-11 11:29:28.816463,-0.54,0.00,0.76,7.26,-28.02,-20.32,-21.52,69.81,-36.90,1
u,2022-10-11 11:29:28.835930,-0.57,-0.00,0.80,-1.95,-16.72,-6.10,-21.52,69.81,-36.90,1
u,2022-10-11 11:29:28.854855,-0.57,0.06,0.82,1.95,-15.93,-2.38,-21.52,69.81,-36.90,1
u,2022-10-11 11:29:28.874341,-0.57,0.09,0.81,23.13,-19.41,12.51,-22.30,69.76,-35.63,1
u,2022-10-11 11:29:28.892834,-0.58,-0.04,0.77,27.89,-20.69,15.81,-22.30,69.76,-35.63,1
u,2022-10-11 11:29:28.912877,-0.60,-0.07,0.74,23.32,-18.07,12.63,-22.47,70.23,-34.17,1
u,2022-10-11 11:29:28.931708,-0.60,-0.07,0.75,9.89,-11.72,6.41,-22.47,70.23,-34.17,1
u,2022-10-11 11:29:28.951042,-0.60,-0.08,0.74,-0.79,-9.09,4.09,-22.47,70.23,-34.17,1
u,2022-10-11 11:29:28.970355,-0.62,-0.05,0.71,-14.95,-5.07,1.71,-23.24,70.91,-34.08,1
u,2022-10-11 11:29:28.989371,-0.64,0.01,0.74,-29.30,10.31,4.46,-23.24,70.91,-34.08,1
u,2022-10-11 11:29:29.007339,-0.95,0.09,1.06,-16.78,40.10,3.05,-23.24,70.91,-34.08,1
u,2022-10-11 11:29:29.027905,-0.85,-0.08,0.85,20.39,55.05,1.40,-22.34,70.61,-34.58,1
u,2022-10-11 11:29:29.046167,-0.81,-0.18,0.91,89.42,-5.43,50.05,-22.34,70.61,-34.58,1
u,2022-10-11 11:29:29.065677,-0.84,-0.21,0.99,77.51,1.04,46.69,-18.44,73.43,-37.74,1
u,2022-10-11 11:29:29.084519,-0.78,-0.25,0.99,60.85,14.22,43.76,-18.44,73.43,-37.74,1
u,2022-10-11 11:29:29.104303,-0.57,-0.18,0.83,30.94,33.63,38.39,-18.44,73.43,-37.74,1
