w,2022-10-11 13:00:00.466742,-0.641679,8.332247,-1.661661,0.041119,-0.043475,0.470080,57.105655,-9.020936,-79.594734,1
w,2022-10-11 13:00:00.562558,-0.158025,7.949155,-0.569849,0.237396,0.144014,0.160350,57.105655,-9.020936,-79.594734,1
w,2022-10-11 13:00:00.658600,-0.004789,9.400115,-0.699142,-0.223870,-0.061852,-0.202511,58.159912,-7.252125,-81.639999,1
w,2022-10-11 13:00:00.770471,-1.297723,10.228551,-0.986461,-0.106157,-0.082092,-0.019949,55.172847,3.537622,-82.151313,1
w,2022-10-11 13:00:00.866786,-0.790127,10.209397,-0.972095,-0.102162,0.103933,0.005219,57.632785,12.027915,-77.038162,1
w,2022-10-11 13:00:00.962718,-0.881111,11.866269,-0.407035,-0.228264,-0.037616,-0.326616,57.632785,12.027915,-77.038162,1
w,2022-10-11 13:00:01.058756,-1.704759,9.385749,-0.727874,0.132333,-0.167048,-0.227945,57.457073,12.204796,-78.231231,1
w,2022-10-11 13:00:01.154693,-1.106178,8.638720,-0.617735,0.127939,-0.027896,-0.128208,55.348560,-1.238168,-77.208602,1
w,2022-10-11 13:00:01.250598,1.029559,7.250012,-0.435767,0.374685,0.230967,0.462757,56.402816,-6.544601,-76.526847,1
w,2022-10-11 13:00:01.346600,-0.737452,9.510254,-0.656045,-0.298040,-0.190617,-0.216892,54.997138,-0.176881,-74.140708,1
w,2022-10-11 13:00:01.442497,-1.604197,11.358672,-1.178007,-0.057819,-0.017642,0.176196,54.997138,-0.176881,-74.140708,1
w,2022-10-11 13:00:01.538585,-0.785338,12.503159,-0.545906,-0.863438,-0.089815,-0.396525,57.808494,6.898363,-70.731941,1
