m,2022-10-16 16:08:08.016116,-0.07,0.15,1.01,-9.64,8.30,-1.59,57.31,36.90,63.11,1
m,2022-10-16 16:08:08.031738,-0.06,0.14,0.98,-7.69,11.66,-3.11,54.99,37.45,64.00,1
m,2022-10-16 16:08:08.062968,-0.02,0.12,0.94,-4.33,7.93,-3.05,54.99,37.45,64.00,1
m,2022-10-16 16:08:08.078577,-0.04,0.10,0.97,-3.60,4.82,-2.20,52.16,37.67,65.31,1
m,2022-10-16 16:08:08.094206,-0.01,0.13,0.96,-1.65,5.43,-0.06,52.16,37.67,65.31,1
m,2022-10-16 16:08:08.109863,-0.01,0.10,0.94,-3.36,5.92,-2.20,52.16,37.67,65.31,1
m,2022-10-16 16:08:08.125486,-0.04,0.09,0.92,-8.97,4.82,-3.72,49.33,38.75,66.09,1
m,2022-10-16 16:08:08.141112,-0.00,0.10,0.87,-10.31,1.40,-5.07,49.33,38.75,66.09,1
m,2022-10-16 16:08:08.172345,-0.02,0.11,0.88,-12.51,-4.52,-4.46,49.33,38.75,66.09,1
m,2022-10-16 16:08:08.187973,-0.01,0.15,0.84,-16.05,-7.14,-6.10,48.43,41.24,67.68,1
m,2022-10-16 16:08:08.203582,-0.30,0.25,1.14,9.46,1.71,1.22,48.43,41.24,67.68,1
m,2022-10-16 16:08:08.219226,-0.05,0.08,0.88,11.54,7.51,7.20,49.63,42.14,69.08,1
m,2022-10-16 16:08:08.234863,-0.04,0.13,0.58,-7.87,0.06,-6.59,49.63,42.14,69.08,1
m,2022-10-16 16:08:08.250486,-0.06,0.10,0.70,-14.40,-35.52,-17.40,49.63,42.14,69.08,1
m,2022-10-16 16:08:08.281703,-0.06,0.08,0.79,-11.35,-54.87,-22.40,57.26,48.03,67.91,1
m,2022-10-16 16:08:08.297329,-0.12,0.20,0.95,-0.67,-53.83,-4.58,57.26,48.03,67.91,1
m,2022-10-16 16:08:08.312988,-0.13,0.23,1.05,18.25,-41.63,9.52,57.26,48.03,67.91,1
m,2022-10-16 16:08:08.328616,-0.12,0.20,1.12,26.37,-23.56,13.18,70.92,51.59,65.75,1
m,2022-10-16 16:08:08.344237,-0.11,0.12,1.15,24.60,-12.02,8.79,70.92,51.59,65.75,1
m,2022-10-16 16:08:08.359848,-0.13,0.03,1.26,7.02,-4.21,0.00,70.92,51.59,65.75,1
m,2022-10-16 16:08:08.391078,-0.08,0.08,1.16,-6.65,3.48,-0.37,77.25,53.70,62.88,1
m,2022-10-16 16:08:08.406709,-0.09,0.14,1.11,-10.07,-12.82,-3.30,77.25,53.70,62.88,1
m,2022-10-16 16:08:08.422363,-0.17,0.19,1.38,-2.08,1.16,7.63,75.87,52.84,64.21,1
m,2022-10-16 16:08:08.437986,-0.09,0.22,1.10,-0.37,27.22,5.31,75.87,52.84,64.21,1
m,2022-10-16 16:08:08.453583,-0.08,0.22,0.97,-4.94,30.52,-2.26,75.87,52.84,64.21,1
m,2022-10-16 16:08:08.484828,-0.09,0.27,0.99,-10.44,26.37,-11.72,64.23,50.15,65.69,1
m,2022-10-16 16:08:08.500453,-0.09,0.24,0.93,-11.35,29.24,-21.06,64.23,50.15,65.69,1
m,2022-10-16 16:08:08.516080,-0.07,0.19,0.74,-6.10,31.07,-21.12,64.23,50.15,65.69,1
m,2022-10-16 16:08:08.531738,-0.08,0.17,0.69,4.82,13.18,-13.00,50.07,49.27,64.65,1
m,2022-10-16 16:08:08.547363,-0.10,0.08,0.68,18.01,0.18,-4.82,50.07,49.27,64.65,1
m,2022-10-16 16:08:08.562970,-0.08,0.09,0.67,9.64,-2.69,-7.87,43.93,50.56,61.04,1
m,2022-10-16 16:08:08.594206,-0.09,0.03,0.68,3.17,-9.22,-21.73,43.93,50.56,61.04,1
m,2022-10-16 16:08:08.609830,-0.10,-0.01,0.75,4.39,-27.34,-16.30,43.93,50.56,61.04,1
m,2022-10-16 16:08:08.625487,-0.11,0.03,0.84,7.20,-37.23,-9.46,48.16,55.11,59.88,1
m,2022-10-16 16:08:08.641116,-0.12,0.06,0.94,5.37,-37.41,-5.25,48.16,55.11,59.88,1
m,2022-10-16 16:08:08.656738,-0.13,0.04,1.07,5.68,-30.52,-4.27,48.16,55.11,59.88,1
m,2022-10-16 16:08:08.672351,-0.13,0.02,1.12,9.22,-17.76,-0.49,56.32,60.79,57.42,1
m,2022-10-16 16:08:08.703577,-0.12,0.05,1.21,8.24,-4.58,3.48,56.32,60.79,57.42,1
m,2022-10-16 16:08:08.719205,-0.10,0.13,1.25,-0.73,1.77,0.67,56.32,60.79,57.42,1
m,2022-10-16 16:08:08.734863,-0.08,0.19,1.11,-11.66,5.00,-7.93,60.64,62.52,56.77,1
m,2022-10-16 16:08:08.750491,-0.13,0.14,1.23,0.24,-9.83,-4.46,60.64,62.52,56.77,1
m,2022-10-16 16:08:08.766110,-0.12,0.24,1.28,20.20,28.50,18.19,58.30,61.19,58.19,1
m,2022-10-16 16:08:08.797345,-0.08,0.23,1.07,20.75,25.88,5.19,58.30,61.19,58.19,1
m,2022-10-16 16:08:08.812957,-0.08,0.16,0.98,10.56,29.60,-7.57,58.30,61.19,58.19,1
m,2022-10-16 16:08:08.828613,-0.06,0.17,0.85,-4.52,26.86,-17.58,47.92,57.17,58.90,1
m,2022-10-16 16:08:08.844238,-0.07,0.15,0.78,-2.75,16.48,-24.35,47.92,57.17,58.90,1
m,2022-10-16 16:08:08.859862,-0.09,0.08,0.75,5.62,7.93,-14.53,47.92,57.17,58.90,1
m,2022-10-16 16:08:08.891092,-0.10,0.10,0.76,9.64,5.19,-9.70,39.21,57.47,57.14,1
m,2022-10-16 16:08:08.906705,-0.10,-0.03,0.72,11.60,5.55,-9.34,39.21,57.47,57.14,1
m,2022-10-16 16:08:08.922331,-0.08,0.02,0.68,-8.18,-2.14,-15.99,35.58,59.02,55.04,1
m,2022-10-16 16:08:08.937988,-0.10,-0.02,0.72,-9.03,-22.28,-20.94,35.58,59.02,55.04,1
m,2022-10-16 16:08:08.953599,-0.10,0.04,0.77,-4.82,-37.23,-12.94,35.58,59.02,55.04,1
m,2022-10-16 16:08:08.969237,-0.11,0.08,0.89,2.62,-44.07,-7.87,41.69,64.10,52.94,1
m,2022-10-16 16:08:09.000525,-0.12,0.04,0.97,13.73,-39.79,1.22,41.69,64.10,52.94,1
m,2022-10-16 16:08:09.016081,-0.11,0.07,1.03,7.69,-31.86,4.82,41.69,64.10,52.94,1
m,2022-10-16 16:08:09.031741,-0.15,0.12,1.17,-1.10,-30.21,1.77,50.78,69.30,50.67,1
m,2022-10-16 16:08:09.047363,-0.14,0.10,1.15,-1.16,-27.34,2.20,50.78,69.30,50.67,1
m,2022-10-16 16:08:09.062986,-0.17,0.07,1.18,-3.36,-24.84,4.76,56.01,72.05,48.33,1
m,2022-10-16 16:08:09.078579,-0.18,0.13,1.14,-10.56,-16.30,6.16,56.01,72.05,48.33,1
m,2022-10-16 16:08:09.109827,-0.33,0.20,1.20,-11.17,-9.89,3.66,56.01,72.05,48.33,1
m,2022-10-16 16:08:09.125457,-0.50,0.33,1.35,-10.93,10.07,-10.62,54.96,72.13,45.10,1
m,2022-10-16 16:08:09.141116,-0.30,0.34,1.18,15.08,34.30,-10.80,54.96,72.13,45.10,1
m,2022-10-16 16:08:09.156738,-0.14,0.25,0.97,22.09,39.49,-17.03,54.96,72.13,45.10,1
m,2022-10-16 16:08:09.172366,-0.03,0.15,0.83,10.50,31.49,-26.73,41.59,64.33,43.92,1
m,2022-10-16 16:08:09.203596,-0.02,0.08,0.84,5.07,23.50,-28.56,41.59,64.33,43.92,1
m,2022-10-16 16:08:09.219203,0.04,0.02,0.77,7.75,18.98,-23.07,41.59,64.33,43.92,1
m,2022-10-16 16:08:09.234830,0.02,-0.04,0.80,10.13,10.31,-13.55,31.87,59.72,40.99,1
m,2022-10-16 16:08:09.250491,0.01,-0.07,0.82,8.36,9.28,-9.64,31.87,59.72,40.99,1
m,2022-10-16 16:08:09.266112,-0.03,-0.06,0.87,4.64,4.21,-6.04,27.01,58.70,39.25,1
m,2022-10-16 16:08:09.281737,-0.12,-0.03,0.98,6.96,-0.06,-1.22,27.01,58.70,39.25,1
m,2022-10-16 16:08:09.312970,-0.18,-0.03,1.04,10.25,3.17,5.13,27.01,58.70,39.25,1
