n,2022-11-03 10:43:54.553712,5.099909,8.930828,0.095773,-0.018103,0.050926,0.517271,48.232315,-13.305911,-57.363361,1
n,2022-11-03 10:43:54.629647,7.173394,9.175049,1.838841,0.259003,0.307259,0.348690,44.302276,-15.823246,-58.054489,1
n,2022-11-03 10:43:54.728405,4.544426,8.111969,-1.201951,0.753959,0.503670,-1.437386,44.302276,-15.823246,-58.054489,1
n,2022-11-03 10:43:54.825129,4.242742,9.682645,-0.512385,-0.187083,-0.078240,0.195689,45.731380,-14.384768,-64.965736,1
n,2022-11-03 10:43:54.921134,3.083889,9.428847,-0.335205,0.029568,-0.069717,0.236836,47.696399,-20.678104,-77.924324,1
n,2022-11-03 10:43:55.018906,4.841322,8.854209,-0.435767,-0.027957,0.099396,0.392899,49.125507,-24.274295,-81.379951,1
n,2022-11-03 10:43:55.107686,3.567542,8.844633,-0.191546,-0.054323,0.274768,-0.085145,49.125507,-24.274295,-81.379951,1
n,2022-11-03 10:43:55.204016,4.252319,8.787168,-0.287319,-0.036879,-0.146418,0.404884,52.698268,-26.432010,-85.526702,1
n,2022-11-03 10:43:55.300009,3.529233,8.768013,-0.210700,-0.402004,0.353599,-0.258253,50.375972,-26.252201,-88.809547,1
n,2022-11-03 10:43:55.396196,3.902748,9.486311,0.095773,-0.296541,0.375304,0.124848,57.342864,-22.835819,-94.511322,1
n,2022-11-03 10:43:55.496368,4.448653,10.171088,0.071830,0.044083,0.134950,0.263335,57.342864,-22.835819,-94.511322,1
n,2022-11-03 10:43:55.588030,3.725568,9.476734,0.646467,-0.500143,0.581302,-0.902215,59.486522,-18.160770,-92.092384,1
n,2022-11-03 10:43:55.688053,3.917114,9.256456,0.450133,0.287499,0.072098,0.561480,60.379714,-17.980960,-92.956291,1
n,2022-11-03 10:43:55.763167,3.610640,9.251667,0.081407,0.117188,0.103524,-0.058380,51.626441,-26.072391,-95.893577,1
n,2022-11-03 10:43:55.859716,3.294589,8.624355,0.090984,0.061926,0.063310,0.101678,51.626441,-26.072391,-95.893577,1
n,2022-11-03 10:43:55.956041,3.016848,8.629143,0.033521,-0.119172,0.095534,0.228580,45.552742,-32.545536,-97.966949,1
n,2022-11-03 10:43:56.056369,2.815725,9.409692,0.134082,-0.342747,0.290880,-0.044665,43.766361,-35.422492,-104.878196,1
n,2022-11-03 10:43:56.148481,3.538810,10.041794,0.244221,-0.145670,0.241744,0.170389,51.090526,-27.690677,-114.035598,1
n,2022-11-03 10:43:56.247624,3.653738,9.682645,0.244221,0.065388,0.192741,0.156807,51.090526,-27.690677,-114.035598,1
n,2022-11-03 10:43:56.339959,3.189239,9.285188,0.512385,-0.052325,0.227230,-0.053853,53.591461,-25.532962,-115.417854,1
n,2022-11-03 10:43:56.437584,3.605851,9.404904,0.459710,0.013722,0.213514,0.090892,54.663291,-24.094486,-115.072288,1
n,2022-11-03 10:43:56.534514,3.366419,9.409692,0.493231,-0.044202,0.187415,0.112065,55.199203,-24.993534,-115.590629,1
n,2022-11-03 10:43:56.632674,3.059946,9.376173,0.521963,0.027171,0.211916,0.041890,56.092395,-24.813724,-117.491226,1
