k,2022-11-01 20:21:07.999874,-0.71,0.94,0.21,-48.46,31.98,-22.34,21.18,-4.43,-59.29,1
k,2022-11-01 20:21:08.017707,-0.60,0.90,0.15,-38.70,40.83,-21.18,21.18,-4.43,-59.29,1
k,2022-11-01 20:21:08.036797,-0.50,0.82,0.10,-63.35,42.54,-30.64,17.14,-1.76,-59.03,1
k,2022-11-01 20:21:08.054679,-0.44,0.87,0.00,-108.95,36.01,-40.04,17.14,-1.76,-59.03,1
k,2022-11-01 20:21:08.072895,-0.54,0.94,-0.06,-112.37,26.92,-35.52,17.14,-1.76,-59.03,1
k,2022-11-01 20:21:08.091710,-0.50,0.94,-0.10,-82.34,14.83,-26.31,13.89,2.03,-59.74,1
k,2022-11-01 20:21:08.109902,-0.52,0.92,-0.21,-9.03,8.61,-8.18,13.89,2.03,-59.74,1
k,2022-11-01 20:21:08.127662,-0.30,0.77,-0.25,7.14,-15.93,-17.58,13.89,2.03,-59.74,1
k,2022-11-01 20:21:08.146907,-0.36,0.94,-0.23,-11.47,-27.34,-28.44,10.95,4.94,-56.63,1
k,2022-11-01 20:21:08.165006,-0.35,0.89,-0.25,-3.17,-30.82,-26.92,10.95,4.94,-56.63,1
k,2022-11-01 20:21:08.183870,-0.42,0.79,-0.11,-8.85,-37.48,-26.67,9.56,9.23,-55.37,1
k,2022-11-01 20:21:08.201999,-0.44,0.69,-0.11,-17.27,-32.53,-13.12,9.56,9.23,-55.37,1
k,2022-11-01 20:21:08.219914,-0.44,0.73,-0.15,-2.01,-37.17,7.32,9.56,9.23,-55.37,1
k,2022-11-01 20:21:08.239773,-0.76,1.37,0.28,140.62,56.88,32.53,9.45,14.07,-51.81,1
k,2022-11-01 20:21:08.256925,0.27,-0.10,0.31,128.72,32.29,-1.59,9.45,14.07,-51.81,1
k,2022-11-01 20:21:08.274855,-0.44,0.72,0.03,14.04,37.05,52.80,9.45,14.07,-51.81,1
k,2022-11-01 20:21:08.293643,-0.50,0.90,-0.06,16.97,5.92,58.29,11.60,12.82,-49.34,1
k,2022-11-01 20:21:08.311831,-0.49,0.79,0.03,34.55,-6.47,51.09,11.60,12.82,-49.34,1
k,2022-11-01 20:21:08.329753,-0.44,0.59,0.02,36.01,-24.48,55.66,11.60,12.82,-49.34,1
k,2022-11-01 20:21:08.348734,-0.47,0.64,0.04,22.52,-45.04,60.67,17.07,11.94,-46.52,1
k,2022-11-01 20:21:08.366763,-0.44,0.59,0.01,4.82,-68.48,68.12,17.07,11.94,-46.52,1
k,2022-11-01 20:21:08.385700,-0.58,0.79,0.06,-12.76,-76.54,82.52,24.88,6.82,-42.48,1
k,2022-11-01 20:21:08.403891,-0.80,1.17,0.18,-35.71,-65.43,76.84,24.88,6.82,-42.48,1
k,2022-11-01 20:21:08.421751,-1.01,1.47,0.26,-53.34,-27.10,42.66,24.88,6.82,-42.48,1
k,2022-11-01 20:21:08.440673,-1.26,1.47,0.41,-34.91,20.45,8.12,29.61,3.26,-42.96,1
k,2022-11-01 20:21:08.458762,-1.03,1.25,0.25,33.26,64.94,-31.43,29.61,3.26,-42.96,1
k,2022-11-01 20:21:08.480262,-0.92,1.08,0.17,56.82,73.12,-49.80,29.61,3.26,-42.96,1
k,2022-11-01 20:21:08.495656,-0.70,1.04,0.08,82.82,73.30,-45.78,25.01,3.02,-44.31,1
k,2022-11-01 20:21:08.513837,-0.42,1.10,-0.04,72.51,68.54,-50.84,25.01,3.02,-44.31,1
k,2022-11-01 20:21:08.532792,-0.18,0.99,-0.20,48.28,43.52,-76.90,19.40,4.06,-48.21,1
k,2022-11-01 20:21:08.550765,-0.22,0.60,-0.18,35.28,11.29,-72.45,19.40,4.06,-48.21,1
k,2022-11-01 20:21:08.568856,-0.29,0.62,-0.10,36.13,-13.61,-53.59,19.40,4.06,-48.21,1
k,2022-11-01 20:21:08.587649,-0.29,0.65,0.03,35.95,-29.91,-41.20,16.86,6.08,-46.37,1
k,2022-11-01 20:21:08.605773,-0.38,0.75,0.14,28.26,-33.57,-35.10,16.86,6.08,-46.37,1
k,2022-11-01 20:21:08.623652,-0.70,0.46,0.91,35.95,6.10,-6.04,16.86,6.08,-46.37,1
k,2022-11-01 20:21:08.642560,-0.26,0.30,0.42,31.62,30.33,11.29,17.04,7.36,-43.08,1
k,2022-11-01 20:21:08.660833,-0.41,0.71,0.35,-52.86,16.48,-21.00,17.04,7.36,-43.08,1
k,2022-11-01 20:21:08.678904,-0.41,0.79,0.30,-65.49,-4.39,-35.28,17.04,7.36,-43.08,1
k,2022-11-01 20:21:08.697861,-0.16,0.62,0.22,-39.98,-16.78,-1.95,17.83,8.09,-42.20,1
k,2022-11-01 20:21:08.715768,-0.50,1.09,0.24,-26.49,-4.03,17.70,17.83,8.09,-42.20,1
k,2022-11-01 20:21:08.734729,-0.40,0.81,0.22,-2.93,5.98,15.01,18.69,8.35,-42.55,1
k,2022-11-01 20:21:08.753001,-0.36,0.62,0.21,-6.84,9.46,19.78,18.69,8.35,-42.55,1
k,2022-11-01 20:21:08.770932,-0.39,0.67,0.24,-61.16,8.61,15.69,18.69,8.35,-42.55,1
k,2022-11-01 20:21:08.789720,-0.45,0.88,0.19,-79.71,14.28,10.44,19.62,8.53,-43.18,1
k,2022-11-01 20:21:08.807786,-0.48,0.91,0.07,-79.47,30.09,19.47,19.62,8.53,-43.18,1
k,2022-11-01 20:21:08.825988,-0.70,1.09,-0.13,-72.33,40.22,26.61,19.62,8.53,-43.18,1
k,2022-11-01 20:21:08.844808,-0.72,1.20,-0.04,-24.66,33.94,8.79,19.78,9.94,-44.51,1
k,2022-11-01 20:21:08.862816,-0.48,0.76,0.14,41.44,21.85,-6.10,19.78,9.94,-44.51,1
k,2022-11-01 20:21:08.881828,-0.46,0.71,0.15,17.15,16.54,-14.77,18.59,8.81,-43.07,1
k,2022-11-01 20:21:08.900073,-0.46,0.28,-0.38,-3.42,-8.00,-2.81,18.59,8.81,-43.07,1
k,2022-11-01 20:21:08.917826,-0.56,0.94,0.13,13.43,-45.29,25.39,18.59,8.81,-43.07,1
k,2022-11-01 20:21:08.936832,-0.54,0.89,-0.03,23.13,-41.63,19.41,22.51,6.86,-41.74,1
k,2022-11-01 20:21:08.954906,-0.50,0.76,-0.04,59.94,-50.35,37.60,22.51,6.86,-41.74,1
k,2022-11-01 20:21:08.972923,-0.49,0.68,-0.02,75.20,-55.48,53.41,22.51,6.86,-41.74,1
k,2022-11-01 20:21:08.991824,-0.52,0.70,0.05,74.95,-65.19,63.84,28.76,0.90,-37.43,1
k,2022-11-01 20:21:09.009761,-0.53,0.72,0.08,60.24,-72.81,64.03,28.76,0.90,-37.43,1
k,2022-11-01 20:21:09.028246,-0.72,0.94,0.28,44.74,-67.32,56.58,28.76,0.90,-37.43,1
k,2022-11-01 20:21:09.046862,-0.76,0.98,0.33,15.75,-42.97,33.14,37.27,-6.97,-32.89,1
k,2022-11-01 20:21:09.065451,-0.80,1.04,0.32,-8.30,-12.88,11.60,37.27,-6.97,-32.89,1
k,2022-11-01 20:21:09.083976,-1.02,0.88,0.48,-8.00,12.33,-0.49,41.48,-9.77,-32.10,1
k,2022-11-01 20:21:09.101785,-0.72,0.80,0.29,16.42,52.12,13.12,41.48,-9.77,-32.10,1
k,2022-11-01 20:21:09.119963,-0.76,0.88,0.31,-9.64,59.63,-1.28,41.48,-9.77,-32.10,1
k,2022-11-01 20:21:09.139099,-0.72,0.90,0.25,-15.87,65.06,-14.83,39.55,-8.58,-35.99,1
k,2022-11-01 20:21:09.157103,-0.60,0.91,0.14,-5.31,61.28,-20.32,39.55,-8.58,-35.99,1
k,2022-11-01 20:21:09.174921,-0.50,0.81,0.09,16.97,40.16,-21.42,39.55,-8.58,-35.99,1
k,2022-11-01 20:21:09.194018,-0.45,0.79,0.08,27.65,28.93,-16.30,36.30,-6.10,-39.28,1
k,2022-11-01 20:21:09.211967,-0.44,0.79,0.09,23.80,16.48,-25.39,36.30,-6.10,-39.28,1
