Z,2022-11-09 10:03:49.374644,-0.03,0.17,0.99,-8.91,5.07,7.20,47.85,20.19,-48.47,1
Z,2022-11-09 10:03:49.392667,-0.02,0.19,0.98,-4.21,5.49,8.24,47.85,20.19,-48.47,1
Z,2022-11-09 10:03:49.411758,-0.01,0.15,0.96,0.73,5.55,9.46,48.65,19.04,-49.05,1
Z,2022-11-09 10:03:49.428987,0.00,0.17,0.95,2.99,5.49,11.05,48.65,19.04,-49.05,1
Z,2022-11-09 10:03:49.446946,0.01,0.13,0.94,5.68,4.82,14.77,48.65,19.04,-49.05,1
Z,2022-11-09 10:03:49.466277,0.01,0.13,0.94,-4.52,1.83,12.21,49.41,19.03,-47.41,1
Z,2022-11-09 10:03:49.484832,-0.02,0.16,0.94,-11.78,-0.79,11.60,49.41,19.03,-47.41,1
Z,2022-11-09 10:03:49.503717,-0.05,0.18,0.94,-10.62,-0.73,10.68,49.51,18.55,-48.65,1
Z,2022-11-09 10:03:49.521497,-0.05,0.15,0.93,-10.13,-0.31,9.95,49.51,18.55,-48.65,1
Z,2022-11-09 10:03:49.539716,-0.04,0.17,0.94,-14.04,-0.55,10.01,49.51,18.55,-48.65,1
Z,2022-11-09 10:03:49.558832,-0.04,0.20,0.94,-17.64,-2.87,11.72,50.10,17.33,-49.02,1
Z,2022-11-09 10:03:49.577286,-0.05,0.21,0.93,-18.68,-5.31,12.51,50.10,17.33,-49.02,1
Z,2022-11-09 10:03:49.594962,-0.57,0.24,0.94,-22.64,-9.16,7.45,50.10,17.33,-49.02,1
Z,2022-11-09 10:03:49.614448,-0.06,0.55,0.98,2.44,1.83,6.77,50.24,16.61,-49.35,1
Z,2022-11-09 10:03:49.632124,-0.05,0.13,0.95,31.31,1.53,20.63,50.24,16.61,-49.35,1
Z,2022-11-09 10:03:49.650390,-0.08,0.14,0.93,11.35,1.59,15.87,50.24,16.61,-49.35,1
Z,2022-11-09 10:03:49.670030,-0.08,0.18,0.95,3.30,-0.24,4.76,50.01,17.03,-49.28,1
Z,2022-11-09 10:03:49.687023,-0.07,0.24,0.95,0.85,-1.65,-3.85,50.01,17.03,-49.28,1
Z,2022-11-09 10:03:49.706674,-0.08,0.27,0.93,4.58,-2.50,-8.48,49.79,17.38,-48.88,1
Z,2022-11-09 10:03:49.724385,-0.08,0.30,0.92,17.33,-2.56,-10.99,49.79,17.38,-48.88,1
Z,2022-11-09 10:03:49.742767,-0.08,0.25,0.94,22.16,-1.95,-11.72,49.79,17.38,-48.88,1
Z,2022-11-09 10:03:49.762438,-0.08,0.20,0.93,25.02,-1.65,-14.40,49.35,19.79,-50.34,1
Z,2022-11-09 10:03:49.779813,-0.07,0.17,0.95,26.73,-0.98,-19.29,49.35,19.79,-50.34,1
Z,2022-11-09 10:03:49.798950,-0.06,0.14,0.95,27.04,-0.98,-24.41,49.35,19.79,-50.34,1
Z,2022-11-09 10:03:49.817659,-0.05,0.10,0.96,21.79,-2.62,-26.67,47.71,22.27,-50.60,1
Z,2022-11-09 10:03:49.835646,-0.05,0.08,0.94,16.48,-3.11,-23.19,47.71,22.27,-50.60,1
Z,2022-11-09 10:03:49.853526,-0.05,0.07,0.95,15.75,-2.62,-18.98,47.71,22.27,-50.60,1
Z,2022-11-09 10:03:49.872127,-0.05,0.02,0.95,18.01,-2.99,-16.78,46.79,24.35,-50.39,1
Z,2022-11-09 10:03:49.890569,-0.04,-0.01,0.96,16.97,-1.40,-12.51,46.79,24.35,-50.39,1
Z,2022-11-09 10:03:49.909749,-0.04,-0.06,0.96,12.76,2.56,-2.75,46.78,26.48,-50.88,1
Z,2022-11-09 10:03:49.927684,-0.05,-0.06,0.99,0.18,5.13,-2.01,46.78,26.48,-50.88,1
Z,2022-11-09 10:03:49.945312,-0.05,0.00,1.00,-10.31,4.27,-5.86,46.78,26.48,-50.88,1
Z,2022-11-09 10:03:49.963666,-0.05,0.07,1.01,-14.59,1.71,-8.36,46.02,25.93,-50.39,1
Z,2022-11-09 10:03:49.982744,-0.05,0.13,0.99,-9.09,-2.75,-6.41,46.02,25.93,-50.39,1
Z,2022-11-09 10:03:50.000743,-0.05,0.11,0.99,3.42,-6.84,4.21,46.02,25.93,-50.39,1
Z,2022-11-09 10:03:50.019781,-0.06,0.07,0.95,6.84,-7.63,12.57,46.57,26.20,-50.57,1
Z,2022-11-09 10:03:50.037734,-0.06,0.01,0.93,10.56,-8.00,18.68,46.57,26.20,-50.57,1
Z,2022-11-09 10:03:50.055648,-0.08,0.02,0.92,-0.49,-6.35,17.21,46.57,26.20,-50.57,1
Z,2022-11-09 10:03:50.074802,-0.08,0.08,0.94,-8.48,-5.00,15.50,46.33,24.90,-51.51,1
Z,2022-11-09 10:03:50.092341,-0.08,0.12,0.94,-3.36,-5.68,18.19,46.33,24.90,-51.51,1
Z,2022-11-09 10:03:50.111898,-0.08,0.08,0.95,1.34,-7.32,22.03,46.45,24.16,-51.22,1
Z,2022-11-09 10:03:50.129725,-0.08,0.09,0.95,-0.92,-9.70,26.43,46.45,24.16,-51.22,1
Z,2022-11-09 10:03:50.147474,-0.10,0.12,0.95,-5.86,-10.25,26.43,46.45,24.16,-51.22,1
Z,2022-11-09 10:03:50.167119,-0.11,0.17,0.94,-12.88,-8.18,19.90,46.62,22.62,-52.42,1
Z,2022-11-09 10:03:50.186016,-0.11,0.21,0.97,-9.58,-6.10,14.04,46.62,22.62,-52.42,1
Z,2022-11-09 10:03:50.204318,-0.10,0.20,0.98,-0.92,-5.92,16.72,46.62,22.62,-52.42,1
Z,2022-11-09 10:03:50.224138,-0.11,0.17,0.98,5.19,-7.32,21.06,46.97,21.64,-51.94,1
Z,2022-11-09 10:03:50.241484,-0.11,0.15,0.99,9.09,-10.19,26.12,46.97,21.64,-51.94,1
Z,2022-11-09 10:03:50.260446,-0.12,0.10,0.97,5.68,-12.21,28.69,46.34,20.30,-51.28,1
Z,2022-11-09 10:03:50.278452,-0.17,0.10,0.93,-13.49,-6.96,15.14,46.34,20.30,-51.28,1
Z,2022-11-09 10:03:50.296101,-0.16,0.26,0.97,-35.64,4.64,-3.78,46.34,20.30,-51.28,1
Z,2022-11-09 10:03:50.314750,-0.13,0.39,1.01,-35.16,11.41,-5.68,46.50,19.37,-52.06,1
Z,2022-11-09 10:03:50.333419,-0.13,0.30,1.02,-10.01,5.55,3.72,46.50,19.37,-52.06,1
Z,2022-11-09 10:03:50.352178,-0.12,0.26,1.01,10.07,-0.92,12.21,46.50,19.37,-52.06,1
Z,2022-11-09 10:03:50.370798,-0.14,0.12,0.99,9.40,-5.37,9.77,46.22,19.87,-52.06,1
Z,2022-11-09 10:03:50.388626,-0.15,0.18,0.97,-2.20,-8.24,0.92,46.22,19.87,-52.06,1
Z,2022-11-09 10:03:50.406415,-0.16,0.23,0.95,-1.83,-8.06,-6.84,46.22,19.87,-52.06,1
Z,2022-11-09 10:03:50.425899,-0.17,0.25,0.93,2.08,-5.00,-15.99,45.50,19.80,-52.22,1
Z,2022-11-09 10:03:50.442866,-0.16,0.31,0.92,2.38,0.24,-22.28,45.50,19.80,-52.22,1
Z,2022-11-09 10:03:50.462607,-0.15,0.26,0.92,9.09,0.73,-23.68,44.67,21.77,-52.80,1
Z,2022-11-09 10:03:50.479951,-0.14,0.23,0.94,18.07,-0.92,-26.12,44.67,21.77,-52.80,1
Z,2022-11-09 10:03:50.498048,-0.14,0.21,0.94,16.60,-2.26,-31.92,44.67,21.77,-52.80,1
Z,2022-11-09 10:03:50.517662,-0.14,0.22,0.97,16.97,-3.30,-40.59,43.55,24.89,-53.70,1
Z,2022-11-09 10:03:50.535653,-0.12,0.27,0.99,42.85,-5.31,-23.56,43.55,24.89,-53.70,1
Z,2022-11-09 10:03:50.553585,-0.08,-0.01,0.99,75.87,-7.26,9.83,43.55,24.89,-53.70,1
Z,2022-11-09 10:03:50.572165,-0.10,-0.40,1.00,78.55,-4.21,56.58,41.82,27.89,-53.05,1
Z,2022-11-09 10:03:50.590691,-0.14,-0.48,0.95,32.17,-4.76,39.00,41.82,27.89,-53.05,1
Z,2022-11-09 10:03:50.608819,-0.15,-0.18,1.02,-29.11,-5.68,11.60,41.82,27.89,-53.05,1
Z,2022-11-09 10:03:50.627749,-0.16,-0.09,0.99,-74.28,-9.64,1.28,41.56,27.72,-53.60,1
Z,2022-11-09 10:03:50.645539,-0.28,0.28,0.90,-133.85,-4.64,3.17,41.56,27.72,-53.60,1
Z,2022-11-09 10:03:50.665032,-0.69,0.39,0.99,-111.02,44.19,13.24,42.92,22.75,-55.55,1
Z,2022-11-09 10:03:50.682222,-0.32,0.58,1.01,-40.04,66.10,2.26,42.92,22.75,-55.55,1
Z,2022-11-09 10:03:50.700971,-0.12,0.44,1.07,15.81,59.81,-17.70,42.92,22.75,-55.55,1
Z,2022-11-09 10:03:50.719174,-0.05,0.40,0.97,37.90,43.40,-34.97,43.71,23.54,-51.94,1
Z,2022-11-09 10:03:50.737393,0.10,0.22,0.82,53.22,29.91,-38.45,43.71,23.54,-51.94,1
Z,2022-11-09 10:03:50.755424,0.12,0.12,0.83,38.33,19.29,-38.88,43.71,23.54,-51.94,1
Z,2022-11-09 10:03:50.773939,0.13,0.10,0.84,22.40,7.02,-34.91,42.91,26.07,-52.32,1
Z,2022-11-09 10:03:50.793109,0.10,0.03,0.86,11.17,-4.27,-24.17,42.91,26.07,-52.32,1
Z,2022-11-09 10:03:50.810229,0.00,0.00,0.88,-6.53,-9.03,-17.70,42.91,26.07,-52.32,1
Z,2022-11-09 10:03:50.830008,-0.04,0.08,0.92,-16.97,-5.31,-11.29,41.81,27.04,-51.82,1
Z,2022-11-09 10:03:50.847891,-0.08,0.05,0.97,-10.50,-2.75,-5.74,41.81,27.04,-51.82,1
Z,2022-11-09 10:03:50.866367,-0.08,0.05,0.98,-20.02,-1.22,-4.27,40.76,27.10,-53.61,1
Z,2022-11-09 10:03:50.885372,-0.11,0.18,1.02,-32.10,-1.40,-4.52,40.76,27.10,-53.61,1
Z,2022-11-09 10:03:50.902311,-0.14,0.22,1.00,-19.96,-1.83,-2.14,40.76,27.10,-53.61,1
Z,2022-11-09 10:03:50.921244,-0.14,0.21,1.00,-1.59,3.05,-3.17,40.28,26.89,-53.87,1
Z,2022-11-09 10:03:50.938687,-0.07,0.15,0.96,8.73,5.49,-4.09,40.28,26.89,-53.87,1
