U,2022-10-28 16:05:05.437208,0.01,-0.67,1.01,0.61,-2.81,-11.41,21.07,14.78,-106.93,1
U,2022-10-28 16:05:05.453206,-0.04,-0.69,1.03,15.08,7.69,-3.85,19.06,13.66,-106.35,1
U,2022-10-28 16:05:05.469203,-0.01,-0.75,0.97,14.95,8.85,-5.55,19.06,13.66,-106.35,1
U,2022-10-28 16:05:05.493201,-0.04,-0.78,0.95,11.78,12.82,-4.21,19.06,13.66,-106.35,1
U,2022-10-28 16:05:05.509202,-0.04,-0.77,0.89,12.57,15.69,-0.61,16.00,14.70,-103.39,1
U,2022-10-28 16:05:05.525214,-0.02,-0.76,0.81,5.98,18.86,1.65,16.00,14.70,-103.39,1
U,2022-10-28 16:05:05.549202,-0.01,-0.73,0.73,3.42,19.17,5.07,16.00,14.70,-103.39,1
U,2022-10-28 16:05:05.565201,0.01,-0.71,0.66,0.85,16.85,8.42,11.33,17.09,-101.83,1
U,2022-10-28 16:05:05.581202,0.04,-0.66,0.60,-4.58,13.43,12.94,11.33,17.09,-101.83,1
U,2022-10-28 16:05:05.605217,0.04,-0.61,0.54,-7.69,7.14,15.81,9.19,19.02,-100.24,1
U,2022-10-28 16:05:05.621222,0.05,-0.52,0.53,-14.95,-2.99,14.71,9.19,19.02,-100.24,1
U,2022-10-28 16:05:05.637203,0.04,-0.47,0.57,-14.71,-9.22,12.51,9.19,19.02,-100.24,1
U,2022-10-28 16:05:05.653208,0.02,-0.46,0.57,-9.16,-16.24,11.17,8.63,21.15,-100.06,1
U,2022-10-28 16:05:05.677203,0.01,-0.47,0.54,-3.91,-22.71,8.91,8.63,21.15,-100.06,1
U,2022-10-28 16:05:05.693202,-0.03,-0.47,0.54,1.34,-31.56,4.21,8.63,21.15,-100.06,1
U,2022-10-28 16:05:05.709437,-0.01,-0.47,0.44,0.06,-36.32,-3.30,9.24,21.59,-99.21,1
U,2022-10-28 16:05:05.733202,-0.86,-0.66,1.14,-21.06,-46.26,-18.80,9.24,21.59,-99.21,1
U,2022-10-28 16:05:05.748838,-0.07,0.07,0.11,40.22,-11.96,5.74,12.05,20.69,-96.62,1
U,2022-10-28 16:05:05.764857,0.00,-0.39,0.56,37.11,-9.77,-13.79,12.05,20.69,-96.62,1
U,2022-10-28 16:05:05.788850,-0.04,-0.39,0.70,30.40,-36.68,-32.41,12.05,20.69,-96.62,1
U,2022-10-28 16:05:05.804846,-0.06,-0.40,0.71,41.32,-44.74,-30.52,15.08,15.48,-95.58,1
U,2022-10-28 16:05:05.820850,-0.05,-0.46,0.74,33.45,-36.99,-41.87,15.08,15.48,-95.58,1
U,2022-10-28 16:05:05.844846,-0.10,-0.57,0.82,23.68,-24.78,-51.15,15.08,15.48,-95.58,1
U,2022-10-28 16:05:05.860849,-0.11,-0.70,0.92,14.71,-11.60,-56.09,17.19,11.23,-95.41,1
U,2022-10-28 16:05:05.877850,-0.11,-0.82,1.02,13.73,-3.05,-46.75,17.19,11.23,-95.41,1
U,2022-10-28 16:05:05.902237,-0.11,-0.96,1.09,10.80,10.44,-28.56,18.48,8.58,-95.48,1
U,2022-10-28 16:05:05.918513,-0.13,-1.04,1.05,3.97,14.65,-22.28,18.48,8.58,-95.48,1
U,2022-10-28 16:05:05.942236,-0.13,-1.02,1.01,-23.13,21.42,-18.37,18.48,8.58,-95.48,1
U,2022-10-28 16:05:05.966238,-0.10,-0.94,1.09,-39.92,42.48,-14.34,16.65,7.86,-94.20,1
U,2022-10-28 16:05:05.982231,-0.11,-0.86,0.99,-41.44,46.75,-6.84,16.65,7.86,-94.20,1
U,2022-10-28 16:05:05.998223,-0.10,-0.83,0.86,-19.10,40.53,8.24,16.65,7.86,-94.20,1
U,2022-10-28 16:05:06.014239,-0.09,-0.78,0.82,-15.87,36.68,16.11,10.50,9.52,-93.95,1
U,2022-10-28 16:05:06.038224,-0.09,-0.69,0.79,-18.49,34.97,22.09,10.50,9.52,-93.95,1
U,2022-10-28 16:05:06.054229,-0.06,-0.57,0.72,-20.14,30.21,22.58,2.75,12.96,-91.53,1
U,2022-10-28 16:05:06.070224,-0.06,-0.45,0.62,-24.48,24.96,13.37,2.75,12.96,-91.53,1
U,2022-10-28 16:05:06.094224,-0.07,-0.41,0.58,-21.67,16.30,6.65,2.75,12.96,-91.53,1
U,2022-10-28 16:05:06.110226,-0.08,-0.38,0.49,-9.95,4.39,5.31,-3.41,15.00,-93.62,1
U,2022-10-28 16:05:06.134232,-0.11,-0.43,0.43,11.54,-20.32,1.53,-3.41,15.00,-93.62,1
U,2022-10-28 16:05:06.150232,-0.11,-0.50,0.54,9.46,-25.76,2.75,-5.21,16.15,-94.19,1
U,2022-10-28 16:05:06.174227,-0.09,-0.57,0.66,-20.39,1.83,16.91,-5.21,16.15,-94.19,1
U,2022-10-28 16:05:06.190227,-0.30,-0.49,0.74,-34.73,-14.16,6.47,-5.21,16.15,-94.19,1
