v,2022-10-16 15:33:49.627775,0.55,-0.11,0.95,-8.79,-2.99,-5.00,-39.09,49.90,-7.03,1
v,2022-10-16 15:33:49.636339,0.53,-0.14,0.96,-6.65,-4.03,-1.89,-39.09,49.90,-7.03,1
v,2022-10-16 15:33:49.644895,0.50,-0.19,0.96,-5.13,-4.82,3.23,-39.09,49.90,-7.03,1
v,2022-10-16 15:33:49.653403,0.49,-0.17,0.94,-4.46,-5.25,12.27,-39.09,49.90,-7.03,1
v,2022-10-16 15:33:49.660967,0.49,-0.20,0.92,-4.46,-5.25,12.27,-39.09,49.90,-7.03,1
v,2022-10-16 15:33:49.670447,0.49,-0.23,0.90,-0.92,-4.46,16.78,-39.34,51.18,-7.96,1
v,2022-10-16 15:33:49.679101,0.49,-0.23,0.89,-7.02,-2.08,18.25,-39.34,51.18,-7.96,1
v,2022-10-16 15:33:49.687692,0.48,-0.23,0.89,-10.07,-1.40,16.17,-39.34,51.18,-7.96,1
v,2022-10-16 15:33:49.696064,0.47,-0.22,0.88,-13.43,0.12,13.43,-39.34,51.18,-7.96,1
v,2022-10-16 15:33:49.704560,0.47,-0.19,0.88,-15.93,1.65,11.17,-39.34,51.18,-7.96,1
v,2022-10-16 15:33:49.713002,0.46,-0.14,0.87,-16.36,3.11,9.77,-39.34,51.18,-7.96,1
v,2022-10-16 15:33:49.722407,0.47,-0.13,0.86,-16.48,3.97,8.36,-39.50,50.57,-8.01,1
v,2022-10-16 15:33:49.730957,0.49,-0.09,0.85,-15.56,3.60,7.45,-39.50,50.57,-8.01,1
v,2022-10-16 15:33:49.739634,0.51,-0.10,0.84,-13.98,1.95,9.03,-39.50,50.57,-8.01,1
v,2022-10-16 15:33:49.748097,0.52,-0.10,0.83,-14.28,-0.24,11.96,-39.50,50.57,-8.01,1
v,2022-10-16 15:33:49.756688,0.52,-0.08,0.81,-14.65,-1.95,14.71,-39.50,50.57,-8.01,1
v,2022-10-16 15:33:49.765216,0.52,-0.07,0.81,-14.47,-3.42,17.09,-39.50,50.57,-8.01,1
v,2022-10-16 15:33:49.774652,0.53,-0.08,0.80,-13.43,-5.00,18.80,-38.29,50.32,-7.82,1
v,2022-10-16 15:33:49.783128,0.53,-0.06,0.78,-13.31,-7.39,19.10,-38.29,50.32,-7.82,1
v,2022-10-16 15:33:49.791714,0.53,-0.06,0.76,-13.55,-9.83,19.04,-38.29,50.32,-7.82,1
v,2022-10-16 15:33:49.800279,0.53,-0.06,0.74,-14.34,-12.94,18.07,-38.29,50.32,-7.82,1
v,2022-10-16 15:33:49.808767,0.53,-0.02,0.72,-15.93,-15.99,15.81,-38.29,50.32,-7.82,1
v,2022-10-16 15:33:49.817176,0.52,0.01,0.72,-17.15,-18.98,13.43,-38.29,50.32,-7.82,1
v,2022-10-16 15:33:49.826626,0.49,0.05,0.72,-17.33,-22.03,11.11,-37.96,49.89,-7.42,1
v,2022-10-16 15:33:49.835127,0.47,0.07,0.72,-15.26,-25.09,9.64,-37.96,49.89,-7.42,1
v,2022-10-16 15:33:49.843833,-0.56,-0.03,0.35,-12.27,-27.65,7.93,-37.96,49.89,-7.42,1
v,2022-10-16 15:33:49.852228,0.14,0.29,1.37,4.70,5.13,-0.18,-37.96,49.89,-7.42,1
v,2022-10-16 15:33:49.860544,0.26,0.32,0.77,20.14,23.07,2.87,-37.96,49.89,-7.42,1
v,2022-10-16 15:33:49.869794,0.36,0.10,0.87,38.02,10.93,12.51,-37.78,51.97,-8.65,1
v,2022-10-16 15:33:49.877994,0.44,-0.18,0.86,46.14,7.32,14.04,-37.78,51.97,-8.65,1
v,2022-10-16 15:33:49.885418,0.49,-0.21,0.65,46.14,7.32,14.04,-37.78,51.97,-8.65,1
v,2022-10-16 15:33:49.893890,0.42,-0.20,0.75,-1.59,9.34,9.40,-37.78,51.97,-8.65,1
v,2022-10-16 15:33:49.902452,0.17,-0.20,1.05,-18.43,12.45,3.91,-37.78,51.97,-8.65,1
v,2022-10-16 15:33:49.910922,0.32,0.10,0.88,-19.59,0.61,-3.97,-37.78,51.97,-8.65,1
v,2022-10-16 15:33:49.920556,0.34,0.11,0.87,-13.49,-6.96,-5.62,-38.34,51.38,-8.39,1
v,2022-10-16 15:33:49.928962,0.33,0.05,0.84,2.14,-17.58,-4.64,-38.34,51.38,-8.39,1
v,2022-10-16 15:33:49.937440,0.37,0.07,0.76,7.02,-18.43,-5.25,-38.34,51.38,-8.39,1
v,2022-10-16 15:33:49.945892,0.40,0.05,0.75,6.59,-17.64,-7.45,-38.34,51.38,-8.39,1
v,2022-10-16 15:33:49.954356,0.40,0.07,0.66,7.75,-13.00,-8.06,-38.34,51.38,-8.39,1
v,2022-10-16 15:33:49.962800,0.41,0.06,0.74,9.70,-8.61,-6.59,-38.34,51.38,-8.39,1
v,2022-10-16 15:33:49.970297,0.41,0.06,0.74,9.70,-8.61,-6.59,-39.49,50.65,-7.42,1
v,2022-10-16 15:33:49.978817,0.45,0.04,0.75,10.86,-2.32,-6.16,-39.49,50.65,-7.42,1
v,2022-10-16 15:33:49.987355,0.45,0.04,0.73,9.52,0.67,-4.27,-39.49,50.65,-7.42,1
v,2022-10-16 15:33:49.995639,0.44,0.01,0.81,8.42,3.78,-3.30,-39.49,50.65,-7.42,1
v,2022-10-16 15:33:50.004115,0.44,0.03,0.86,7.69,4.88,-1.46,-39.49,50.65,-7.42,1
v,2022-10-16 15:33:50.012555,0.44,0.04,0.86,7.87,5.25,-0.31,-39.49,50.65,-7.42,1
v,2022-10-16 15:33:50.022102,0.44,0.01,0.97,7.20,3.30,-0.31,-40.84,51.27,-7.15,1
v,2022-10-16 15:33:50.030483,0.51,0.00,0.91,8.48,0.24,-2.62,-40.84,51.27,-7.15,1
v,2022-10-16 15:33:50.039089,0.48,-0.08,0.96,7.32,-1.28,-4.52,-40.84,51.27,-7.15,1
v,2022-10-16 15:33:50.047635,0.52,-0.08,0.95,4.70,-2.38,-6.96,-40.84,51.27,-7.15,1
v,2022-10-16 15:33:50.056376,0.51,-0.06,0.98,1.04,-4.15,-9.52,-40.84,51.27,-7.15,1
v,2022-10-16 15:33:50.064918,0.53,-0.09,0.91,0.24,-6.16,-10.68,-40.84,51.27,-7.15,1
v,2022-10-16 15:33:50.074432,0.52,-0.00,1.00,-3.85,-7.75,-12.63,-41.97,51.18,-6.98,1
v,2022-10-16 15:33:50.082952,0.51,0.01,1.01,-0.43,-8.42,-8.24,-41.97,51.18,-6.98,1
v,2022-10-16 15:33:50.091534,0.54,-0.01,0.97,5.49,-9.95,-5.31,-41.97,51.18,-6.98,1
v,2022-10-16 15:33:50.099979,0.56,0.02,1.00,7.75,-9.89,-3.30,-41.97,51.18,-6.98,1
v,2022-10-16 15:33:50.108447,0.58,0.02,0.93,15.01,-10.01,-0.49,-41.97,51.18,-6.98,1
v,2022-10-16 15:33:50.116928,0.59,-0.08,0.98,18.07,-7.87,2.50,-41.97,51.18,-6.98,1
v,2022-10-16 15:33:50.126362,0.61,-0.06,0.94,17.76,-5.92,1.53,-43.46,51.99,-5.80,1
v,2022-10-16 15:33:50.135069,0.62,-0.07,0.97,14.22,-2.01,-0.43,-43.46,51.99,-5.80,1
v,2022-10-16 15:33:50.143653,0.66,-0.12,0.95,13.85,1.65,-0.31,-43.46,51.99,-5.80,1
v,2022-10-16 15:33:50.152183,0.68,-0.17,0.93,5.74,6.35,-4.88,-43.46,51.99,-5.80,1
v,2022-10-16 15:33:50.160672,0.66,-0.14,0.94,-5.07,13.43,-9.58,-43.46,51.99,-5.80,1
v,2022-10-16 15:33:50.169205,0.67,-0.18,0.95,-13.37,19.17,-13.49,-43.46,51.99,-5.80,1
v,2022-10-16 15:33:50.178672,0.55,-0.11,1.03,-23.13,24.05,-16.54,-43.37,51.79,-7.08,1
v,2022-10-16 15:33:50.187257,0.58,-0.08,1.06,-22.40,22.34,-15.14,-43.37,51.79,-7.08,1
v,2022-10-16 15:33:50.195773,0.58,-0.01,1.06,-18.37,18.43,-12.82,-43.37,51.79,-7.08,1
v,2022-10-16 15:33:50.204371,0.53,-0.04,1.02,-13.24,13.12,-12.27,-43.37,51.79,-7.08,1
v,2022-10-16 15:33:50.211111,0.53,-0.04,1.02,-13.24,13.12,-12.27,-43.37,51.79,-7.08,1
v,2022-10-16 15:33:50.220721,0.51,-0.03,1.01,-12.45,8.79,-9.52,-41.59,51.94,-8.07,1
v,2022-10-16 15:33:50.229229,0.52,-0.06,0.88,-5.98,2.14,-7.32,-41.59,51.94,-8.07,1
v,2022-10-16 15:33:50.237629,0.46,0.03,0.88,-5.55,-0.73,-7.45,-41.59,51.94,-8.07,1
v,2022-10-16 15:33:50.244229,0.46,0.03,0.88,-5.55,-0.73,-7.45,-41.59,51.94,-8.07,1
v,2022-10-16 15:33:50.252919,0.39,-0.06,0.81,-0.67,-1.65,-4.46,-41.59,51.94,-8.07,1
v,2022-10-16 15:33:50.261369,0.38,-0.05,0.81,2.44,-2.44,2.69,-41.59,51.94,-8.07,1
v,2022-10-16 15:33:50.268941,0.41,-0.05,0.77,2.44,-2.44,2.69,-41.59,51.94,-8.07,1
v,2022-10-16 15:33:50.278438,0.34,-0.15,0.70,8.36,-1.77,6.04,-41.33,52.55,-8.00,1
v,2022-10-16 15:33:50.287047,0.35,-0.16,0.75,-2.50,-1.77,3.72,-41.33,52.55,-8.00,1
v,2022-10-16 15:33:50.295466,0.35,-0.12,0.68,-8.91,-1.89,1.77,-41.33,52.55,-8.00,1
v,2022-10-16 15:33:50.304121,0.31,-0.15,0.72,-13.73,-2.62,-2.32,-41.33,52.55,-8.00,1
v,2022-10-16 15:33:50.312739,0.23,-0.01,0.79,-16.36,-5.86,-4.27,-41.33,52.55,-8.00,1
v,2022-10-16 15:33:50.319460,0.23,-0.01,0.79,-16.36,-5.86,-4.27,-41.33,52.55,-8.00,1
v,2022-10-16 15:33:50.328992,0.23,-0.00,0.77,-9.58,-15.50,1.16,-40.95,52.29,-9.23,1
v,2022-10-16 15:33:50.337481,0.42,-0.11,0.80,-12.63,-11.78,0.18,-40.95,52.29,-9.23,1
v,2022-10-16 15:33:50.346224,0.18,-0.04,0.79,-21.12,-15.26,-16.60,-40.95,52.29,-9.23,1
v,2022-10-16 15:33:50.353933,0.18,-0.04,0.79,-18.25,-21.85,-27.59,-40.95,52.29,-9.23,1
v,2022-10-16 15:33:50.362444,0.20,0.23,0.74,3.42,-22.46,-20.81,-40.95,52.29,-9.23,1
v,2022-10-16 15:33:50.371950,0.12,0.06,0.77,27.83,-14.40,-11.47,-41.53,51.55,-8.46,1
v,2022-10-16 15:33:50.380494,0.15,0.08,0.74,41.08,-7.93,-6.77,-41.53,51.55,-8.46,1
v,2022-10-16 15:33:50.388968,0.17,-0.03,0.78,52.31,3.85,-3.17,-41.53,51.55,-8.46,1
v,2022-10-16 15:33:50.397419,0.22,-0.15,0.79,56.09,13.24,-1.65,-41.53,51.55,-8.46,1
v,2022-10-16 15:33:50.405962,0.25,-0.27,0.82,54.63,19.65,-2.56,-41.53,51.55,-8.46,1
v,2022-10-16 15:33:50.414434,0.28,-0.38,0.84,48.89,22.09,-4.21,-41.53,51.55,-8.46,1
v,2022-10-16 15:33:50.423975,0.29,-0.42,0.85,39.37,21.61,-5.00,-42.63,52.88,-7.46,1
v,2022-10-16 15:33:50.432528,0.29,-0.44,0.84,29.54,20.81,-4.21,-42.63,52.88,-7.46,1
v,2022-10-16 15:33:50.441119,0.29,-0.47,0.85,20.08,20.69,-0.73,-42.63,52.88,-7.46,1
v,2022-10-16 15:33:50.449473,0.29,-0.51,0.84,11.96,20.51,4.27,-42.63,52.88,-7.46,1
v,2022-10-16 15:33:50.457977,0.28,-0.53,0.81,3.17,19.53,8.54,-42.63,52.88,-7.46,1
v,2022-10-16 15:33:50.466464,0.29,-0.51,0.82,-6.23,19.65,12.21,-42.63,52.88,-7.46,1
v,2022-10-16 15:33:50.475958,0.31,-0.48,0.83,-10.86,18.92,15.99,-42.16,50.61,-6.41,1
v,2022-10-16 15:33:50.484260,0.32,-0.50,0.80,-8.36,14.89,21.73,-42.16,50.61,-6.41,1
v,2022-10-16 15:33:50.492647,0.34,-0.54,0.81,-4.15,10.19,28.93,-42.16,50.61,-6.41,1
v,2022-10-16 15:33:50.501219,0.34,-0.55,0.77,-0.18,4.21,37.17,-42.16,50.61,-6.41,1
v,2022-10-16 15:33:50.509542,0.35,-0.55,0.72,1.46,-1.04,46.02,-42.16,50.61,-6.41,1
v,2022-10-16 15:33:50.518344,0.36,-0.55,0.70,-0.37,-3.23,53.10,-42.16,50.61,-6.41,1
v,2022-10-16 15:33:50.527910,0.34,-0.52,0.71,-5.98,-4.52,57.07,-40.64,48.69,-5.14,1
v,2022-10-16 15:33:50.536432,0.33,-0.48,0.73,-19.41,-5.19,57.07,-40.64,48.69,-5.14,1
v,2022-10-16 15:33:50.543961,0.32,-0.39,0.75,-19.41,-5.19,57.07,-40.64,48.69,-5.14,1
v,2022-10-16 15:33:50.552555,0.34,-0.33,0.76,-21.36,-4.88,54.93,-40.64,48.69,-5.14,1
v,2022-10-16 15:33:50.560072,0.37,-0.30,0.74,-21.36,-4.88,54.93,-40.64,48.69,-5.14,1
