z,2022-10-20 19:30:49.187293,0.18,-0.38,0.86,-0.18,-7.93,37.90,-5.16,14.58,-79.94,1
z,2022-10-20 19:30:49.206289,0.15,-0.37,0.92,-32.35,-1.34,35.40,-4.47,14.54,-80.82,1
z,2022-10-20 19:30:49.224302,0.15,-0.26,0.95,-44.07,4.33,29.79,-4.47,14.54,-80.82,1
z,2022-10-20 19:30:49.242229,0.17,-0.16,0.98,-47.06,2.87,29.97,-4.47,14.54,-80.82,1
z,2022-10-20 19:30:49.261523,0.20,-0.11,0.93,-31.56,-2.50,40.65,-3.63,14.16,-82.40,1
z,2022-10-20 19:30:49.279301,0.25,-0.14,0.88,-15.50,-21.12,55.91,-3.63,14.16,-82.40,1
z,2022-10-20 19:30:49.297277,0.30,-0.21,0.78,-23.13,-37.54,55.79,-3.63,14.16,-82.40,1
z,2022-10-20 19:30:49.316305,0.18,-0.19,0.84,-35.77,-48.10,34.36,-2.59,14.69,-82.26,1
z,2022-10-20 19:30:49.334216,0.09,0.04,0.83,-52.00,-56.52,13.31,-2.59,14.69,-82.26,1
z,2022-10-20 19:30:49.352317,-0.66,0.26,0.81,-35.16,-37.96,6.71,-2.59,14.69,-82.26,1
z,2022-10-20 19:30:49.371132,0.11,0.81,0.99,-22.77,11.60,26.92,-2.45,13.96,-81.35,1
z,2022-10-20 19:30:49.389116,0.01,-0.38,1.05,97.96,1.46,32.47,-2.45,13.96,-81.35,1
z,2022-10-20 19:30:49.408031,0.07,-0.14,0.99,29.72,4.70,-49.50,-2.73,15.52,-81.19,1
z,2022-10-20 19:30:49.426374,0.17,0.03,1.00,-3.91,19.47,-92.96,-2.73,15.52,-81.19,1
z,2022-10-20 19:30:49.444281,0.18,0.12,0.99,-16.30,22.52,-99.12,-2.73,15.52,-81.19,1
z,2022-10-20 19:30:49.463095,0.15,0.08,0.98,5.31,16.72,-80.44,-5.14,15.81,-81.31,1
z,2022-10-20 19:30:49.481262,0.13,-0.19,0.88,42.42,14.16,-51.27,-5.14,15.81,-81.31,1
z,2022-10-20 19:30:49.499204,0.12,-0.41,0.86,38.02,11.66,-36.87,-5.14,15.81,-81.31,1
z,2022-10-20 19:30:49.518283,0.14,-0.52,0.83,30.82,6.59,-12.94,-6.62,17.11,-79.60,1
z,2022-10-20 19:30:49.536047,0.18,-0.62,0.77,4.94,6.84,4.03,-6.62,17.11,-79.60,1
z,2022-10-20 19:30:49.554232,0.15,-0.67,0.82,-37.48,17.52,0.79,-6.62,17.11,-79.60,1
z,2022-10-20 19:30:49.573225,0.13,-0.39,0.89,-95.28,19.71,-30.15,-6.95,16.31,-82.23,1
z,2022-10-20 19:30:49.591382,0.10,-0.11,0.99,-50.54,-8.06,-27.28,-6.95,16.31,-82.23,1
z,2022-10-20 19:30:49.610315,0.08,-0.12,0.97,-20.39,-21.30,-11.41,-7.20,13.54,-83.62,1
z,2022-10-20 19:30:49.628279,0.12,-0.12,0.91,-3.91,-30.58,7.26,-7.20,13.54,-83.62,1
z,2022-10-20 19:30:49.646224,0.04,-0.17,0.89,9.03,-36.56,26.18,-7.20,13.54,-83.62,1
z,2022-10-20 19:30:49.665212,0.10,-0.30,0.79,11.72,-40.34,39.92,-6.76,12.98,-81.92,1
z,2022-10-20 19:30:49.683286,0.12,-0.11,0.80,-1.40,-34.06,46.75,-6.76,12.98,-81.92,1
z,2022-10-20 19:30:49.701251,0.10,-0.03,0.92,-22.03,-19.10,44.37,-6.76,12.98,-81.92,1
z,2022-10-20 19:30:49.720297,0.12,0.09,0.98,-30.40,-7.14,35.58,-5.31,12.27,-82.98,1
z,2022-10-20 19:30:49.738105,0.17,0.17,1.05,-38.09,8.24,15.56,-5.31,12.27,-82.98,1
z,2022-10-20 19:30:49.756272,0.15,0.43,1.17,-26.49,21.91,2.38,-5.31,12.27,-82.98,1
z,2022-10-20 19:30:49.775106,0.14,0.49,1.23,-18.43,25.88,10.13,-4.70,10.01,-83.54,1
z,2022-10-20 19:30:49.793216,0.14,0.26,1.18,22.16,12.27,36.74,-4.70,10.01,-83.54,1
z,2022-10-20 19:30:49.812026,0.15,0.01,1.10,41.50,-1.04,51.88,-4.20,11.62,-83.50,1
z,2022-10-20 19:30:49.830201,0.13,-0.06,1.01,47.12,-9.46,53.77,-4.20,11.62,-83.50,1
z,2022-10-20 19:30:49.848444,-0.15,-0.19,1.14,68.79,-25.70,29.72,-4.20,11.62,-83.50,1
z,2022-10-20 19:30:49.867112,0.09,-0.11,0.94,60.79,-31.49,-3.78,-3.60,14.55,-81.24,1
z,2022-10-20 19:30:49.885209,0.08,0.15,0.92,52.00,-22.46,-27.34,-3.60,14.55,-81.24,1
z,2022-10-20 19:30:49.903270,0.06,-0.05,0.97,54.87,-0.24,-57.50,-3.60,14.55,-81.24,1
z,2022-10-20 19:30:49.922089,0.10,0.33,1.02,25.88,13.61,-87.16,-5.59,15.84,-80.43,1
z,2022-10-20 19:30:49.940220,0.08,0.24,1.00,84.59,10.62,-44.31,-5.59,15.84,-80.43,1
z,2022-10-20 19:30:49.958392,0.04,-0.27,0.91,127.14,4.52,-14.40,-5.59,15.84,-80.43,1
z,2022-10-20 19:30:49.977191,0.08,-0.58,0.82,134.83,-3.72,-2.26,-7.30,18.77,-76.39,1
z,2022-10-20 19:30:49.995197,0.08,-0.81,0.73,116.64,-8.30,2.69,-7.30,18.77,-76.39,1
z,2022-10-20 19:30:50.014275,0.12,-0.93,0.70,70.68,-9.89,13.79,-8.54,21.77,-74.44,1
z,2022-10-20 19:30:50.032265,0.13,-0.88,0.77,-22.83,-6.53,15.99,-8.54,21.77,-74.44,1
z,2022-10-20 19:30:50.050287,0.08,-0.58,0.98,-61.28,-2.87,8.61,-8.54,21.77,-74.44,1
z,2022-10-20 19:30:50.069336,0.03,-0.22,1.10,-70.50,-7.69,-0.85,-8.92,21.22,-76.77,1
z,2022-10-20 19:30:50.087282,-0.12,0.06,1.09,-33.81,-12.33,18.86,-8.92,21.22,-76.77,1
z,2022-10-20 19:30:50.105065,-0.08,-0.03,1.05,30.70,11.23,49.74,-8.92,21.22,-76.77,1
z,2022-10-20 19:30:50.124057,0.06,-0.32,1.02,65.37,35.16,43.27,-8.15,22.07,-75.76,1
