u,2022-11-04 19:56:58.719791,0.56,-0.51,0.59,-6.41,4.21,-5.49,-13.22,53.60,-91.19,1
u,2022-11-04 19:56:58.738843,0.55,-0.43,0.63,-18.80,0.67,-5.68,-12.13,52.81,-90.26,1
u,2022-11-04 19:56:58.756985,0.60,-0.36,0.59,-13.79,-5.74,-3.11,-12.13,52.81,-90.26,1
u,2022-11-04 19:56:58.777745,0.50,-0.29,0.64,-24.54,-8.67,-6.47,-12.13,52.81,-90.26,1
u,2022-11-04 19:56:58.794698,0.43,-0.37,0.88,14.28,-5.43,-4.82,-11.63,52.49,-90.01,1
u,2022-11-04 19:56:58.814242,0.41,-0.40,0.60,43.15,-1.59,1.77,-11.63,52.49,-90.01,1
u,2022-11-04 19:56:58.830859,0.51,-0.40,0.68,16.78,-0.92,0.37,-11.63,52.49,-90.01,1
u,2022-11-04 19:56:58.854370,0.52,-0.44,0.70,5.98,5.43,0.61,-10.77,53.08,-89.37,1
u,2022-11-04 19:56:58.869742,0.39,-0.44,0.62,-7.57,-3.91,-6.84,-10.77,53.08,-89.37,1
u,2022-11-04 19:56:58.890339,0.41,-0.35,0.67,8.79,-24.11,-14.10,-12.22,53.59,-89.55,1
u,2022-11-04 19:56:58.907299,0.40,-0.25,0.70,9.03,-29.17,-13.73,-12.22,53.59,-89.55,1
u,2022-11-04 19:56:58.925901,0.40,-0.29,0.71,19.17,-22.03,-10.07,-12.22,53.59,-89.55,1
u,2022-11-04 19:56:58.947627,0.43,-0.31,0.78,20.63,-11.23,-7.93,-13.89,55.48,-90.41,1
u,2022-11-04 19:56:58.965409,0.50,-0.35,0.80,22.46,-5.25,-5.86,-13.89,55.48,-90.41,1
u,2022-11-04 19:56:58.987476,0.54,-0.37,0.85,27.47,-3.97,-6.10,-15.84,58.68,-90.08,1
u,2022-11-04 19:56:59.009742,0.57,-0.45,0.90,38.57,-1.16,-4.52,-15.84,58.68,-90.08,1
u,2022-11-04 19:56:59.027395,0.58,-0.49,0.88,41.93,1.46,-3.11,-15.84,58.68,-90.08,1
u,2022-11-04 19:56:59.048244,0.54,-0.50,1.01,13.85,10.68,-13.98,-16.56,62.62,-88.11,1
u,2022-11-04 19:56:59.068022,0.57,-0.48,0.95,-17.21,29.42,-26.37,-16.56,62.62,-88.11,1
u,2022-11-04 19:56:59.088864,0.63,-0.56,0.81,-14.28,36.25,-25.02,-18.19,62.37,-88.70,1
u,2022-11-04 19:56:59.106369,0.63,-0.59,0.74,-6.47,33.69,-14.83,-18.19,62.37,-88.70,1
u,2022-11-04 19:56:59.125838,0.61,-0.57,0.66,-2.81,32.23,-5.00,-18.19,62.37,-88.70,1
u,2022-11-04 19:56:59.147915,0.60,-0.62,0.74,18.92,10.13,8.18,-17.37,63.76,-86.60,1
u,2022-11-04 19:56:59.164347,0.56,-0.56,0.67,-1.46,14.22,9.34,-17.37,63.76,-86.60,1
u,2022-11-04 19:56:59.184535,0.49,-0.56,0.56,-17.52,6.65,2.81,-15.71,64.06,-85.07,1
u,2022-11-04 19:56:59.205953,0.44,-0.48,0.59,-22.09,-2.44,1.28,-15.71,64.06,-85.07,1
u,2022-11-04 19:56:59.224528,0.25,-0.36,0.44,-32.10,1.65,0.43,-15.71,64.06,-85.07,1
u,2022-11-04 19:56:59.244433,0.35,-0.34,0.56,-6.96,-10.44,-8.91,-15.33,62.62,-85.55,1
u,2022-11-04 19:56:59.263535,0.47,-0.39,0.57,0.79,-3.11,-4.76,-15.33,62.62,-85.55,1
u,2022-11-04 19:56:59.284202,0.26,-0.33,0.48,-8.73,8.85,4.15,-15.33,62.62,-85.55,1
u,2022-11-04 19:56:59.307921,0.41,-0.28,0.51,14.10,-16.72,-11.54,-14.82,62.61,-84.63,1
u,2022-11-04 19:56:59.324479,0.32,-0.38,0.54,2.56,-15.44,-12.76,-14.82,62.61,-84.63,1
u,2022-11-04 19:56:59.344680,0.41,-0.34,0.66,15.20,-18.98,-14.16,-17.59,63.12,-86.51,1
u,2022-11-04 19:56:59.366309,0.48,-0.31,0.72,28.32,-11.66,-9.52,-17.59,63.12,-86.51,1
u,2022-11-04 19:56:59.382349,0.49,-0.35,0.76,65.37,-1.71,-4.27,-17.59,63.12,-86.51,1
u,2022-11-04 19:56:59.403296,0.59,-0.60,0.76,60.73,13.67,-1.77,-20.18,65.25,-85.67,1
u,2022-11-04 19:56:59.422481,0.67,-0.80,0.79,39.06,13.12,-15.14,-20.18,65.25,-85.67,1
u,2022-11-04 19:56:59.445307,0.63,-0.90,0.63,-50.66,19.59,-33.69,-21.96,66.81,-86.55,1
