b,2022-10-01 12:21:24.076511,0.43,1.33,0.19,-71.29,-18.25,86.43,6.93,56.68,-70.46,1
b,2022-10-01 12:21:24.107779,0.43,1.48,0.19,-53.83,-31.19,58.29,18.80,61.28,-63.75,1
b,2022-10-01 12:21:24.123407,0.28,1.56,0.41,-37.84,-38.15,45.23,18.80,61.28,-63.75,1
b,2022-10-01 12:21:24.139031,0.12,1.53,0.57,-20.32,-40.83,37.05,22.35,64.26,-60.13,1
b,2022-10-01 12:21:24.154661,-0.08,1.51,0.73,-17.58,-33.87,27.34,22.35,64.26,-60.13,1
b,2022-10-01 12:21:24.178581,-0.07,1.44,0.86,-3.91,-34.30,0.67,22.35,64.26,-60.13,1
b,2022-10-01 12:21:24.194241,-0.14,1.13,0.92,-14.04,-32.78,-22.64,20.47,68.31,-59.72,1
b,2022-10-01 12:21:24.209862,-0.19,1.06,1.04,-35.95,-23.74,-44.07,20.47,68.31,-59.72,1
b,2022-10-01 12:21:24.225482,-0.13,0.90,0.97,-35.52,-6.41,-53.89,20.47,68.31,-59.72,1
b,2022-10-01 12:21:24.241112,0.04,0.63,0.83,-1.34,-4.52,-40.89,15.65,69.92,-64.06,1
b,2022-10-01 12:21:24.272360,0.02,0.34,0.96,-8.54,-8.12,-22.34,15.65,69.92,-64.06,1
b,2022-10-01 12:21:24.287986,0.02,0.44,0.86,-21.48,-4.94,-8.67,12.73,69.81,-70.47,1
b,2022-10-01 12:21:24.303614,0.03,0.54,0.64,-30.82,-8.36,-10.38,12.73,69.81,-70.47,1
b,2022-10-01 12:21:24.319243,-0.02,0.41,0.74,-43.82,-17.64,-10.25,12.73,69.81,-70.47,1
b,2022-10-01 12:21:24.334865,-0.01,0.36,0.60,-30.15,-25.70,1.04,8.26,67.65,-76.79,1
b,2022-10-01 12:21:24.366098,-1.48,1.52,1.93,-14.95,-23.62,7.39,8.26,67.65,-76.79,1
b,2022-10-01 12:21:24.381387,-0.05,0.24,0.65,80.57,18.55,-5.74,8.26,67.65,-76.79,1
b,2022-10-01 12:21:24.405390,-0.29,-0.13,-0.09,-21.91,-9.70,1.04,5.59,70.28,-76.05,1
b,2022-10-01 12:21:24.412804,-0.08,0.22,0.41,-21.73,-43.15,16.91,5.59,70.28,-76.05,1
b,2022-10-01 12:21:24.444070,-0.09,0.44,0.54,-4.76,-51.76,31.56,1.21,77.72,-68.33,1
b,2022-10-01 12:21:24.459696,-0.03,0.46,0.67,2.32,-44.07,31.68,1.21,77.72,-68.33,1
b,2022-10-01 12:21:24.475322,-0.09,0.63,0.88,6.10,-29.48,30.76,1.21,77.72,-68.33,1
b,2022-10-01 12:21:24.490949,-0.04,0.85,0.96,1.71,-21.00,21.36,3.44,88.38,-56.75,1
b,2022-10-01 12:21:24.506579,-0.02,0.89,1.12,-10.50,-16.42,10.56,3.44,88.38,-56.75,1
b,2022-10-01 12:21:24.522200,-0.05,1.02,1.18,-12.94,-6.96,7.39,3.44,88.38,-56.75,1
b,2022-10-01 12:21:24.551067,-0.05,1.05,0.98,-17.58,-1.40,-8.24,8.23,92.43,-52.04,1
b,2022-10-01 12:21:24.559676,-0.05,0.98,1.48,17.27,-22.77,11.47,8.23,92.43,-52.04,1
b,2022-10-01 12:21:24.575319,-0.08,0.88,0.71,-27.16,34.00,-13.24,8.23,92.43,-52.04,1
b,2022-10-01 12:21:24.606570,-0.04,0.84,0.82,-7.20,21.42,-18.80,6.59,89.04,-53.37,1
b,2022-10-01 12:21:24.622232,-0.06,0.75,0.65,-4.70,9.70,-23.68,6.59,89.04,-53.37,1
b,2022-10-01 12:21:24.644962,-0.09,0.68,0.54,3.36,4.46,-24.35,1.72,82.84,-62.67,1
b,2022-10-01 12:21:24.661468,-0.08,0.55,0.43,13.12,0.92,-20.32,1.72,82.84,-62.67,1
b,2022-10-01 12:21:24.677110,-0.11,0.50,0.41,24.35,-5.07,-13.67,1.72,82.84,-62.67,1
b,2022-10-01 12:21:24.692736,-0.11,0.52,0.36,20.69,-14.16,-20.45,-3.52,81.21,-68.01,1
b,2022-10-01 12:21:24.708361,-0.10,0.29,0.49,15.14,-23.01,-16.36,-3.52,81.21,-68.01,1
b,2022-10-01 12:21:24.723992,-0.11,0.33,0.57,23.56,-25.88,-5.13,-3.52,81.21,-68.01,1
b,2022-10-01 12:21:24.755239,-0.09,0.27,0.70,34.73,-27.77,2.08,-10.27,86.24,-69.09,1
b,2022-10-01 12:21:24.770865,-0.09,0.18,0.89,34.24,-23.86,14.40,-10.27,86.24,-69.09,1
b,2022-10-01 12:21:24.786493,-0.10,0.17,1.06,21.18,-18.19,18.01,-11.32,97.90,-61.52,1
b,2022-10-01 12:21:24.802122,-0.08,0.23,1.16,8.54,-13.61,20.45,-11.32,97.90,-61.52,1
b,2022-10-01 12:21:24.817744,-0.09,0.37,1.22,-0.61,-5.49,23.07,-11.32,97.90,-61.52,1
b,2022-10-01 12:21:24.848977,-0.08,0.52,1.16,-11.17,6.84,16.78,-2.16,103.22,-52.69,1
b,2022-10-01 12:21:24.864620,-0.08,0.73,1.01,-14.71,11.84,12.15,-2.16,103.22,-52.69,1
b,2022-10-01 12:21:24.880302,-0.09,0.87,0.87,-20.39,12.70,3.48,-2.16,103.22,-52.69,1
b,2022-10-01 12:21:24.895874,-0.09,0.95,0.71,-15.50,10.13,-0.67,6.86,100.59,-48.56,1
b,2022-10-01 12:21:24.911499,-0.11,0.92,0.66,8.42,6.90,15.01,6.86,100.59,-48.56,1
