P,2022-10-25 17:11:00.121046,0.33,0.47,-1.22,-27.59,-3.54,2.20,-29.68,4.60,-128.71,1
P,2022-10-25 17:11:00.138701,0.33,0.32,-1.05,-27.16,-8.61,4.03,-29.68,4.60,-128.71,1
P,2022-10-25 17:11:00.157685,0.23,0.24,-0.64,-18.25,1.16,6.90,-34.91,4.96,-129.48,1
P,2022-10-25 17:11:00.177087,-1.13,0.46,-0.96,-24.17,12.63,12.02,-34.91,4.96,-129.48,1
P,2022-10-25 17:11:00.197815,-0.21,0.13,-0.38,15.81,-21.00,-44.68,-34.91,4.96,-129.48,1
P,2022-10-25 17:11:00.217398,-0.33,0.21,-0.29,-67.02,-57.62,5.74,-38.09,4.88,-129.80,1
P,2022-10-25 17:11:00.235209,-0.19,0.16,-0.46,-26.92,10.86,23.44,-38.09,4.88,-129.80,1
P,2022-10-25 17:11:00.254425,-0.02,0.12,-0.56,4.52,42.11,11.84,-38.09,4.88,-129.80,1
P,2022-10-25 17:11:00.273518,0.06,0.23,-0.90,33.08,49.07,11.05,-31.51,10.44,-140.82,1
P,2022-10-25 17:11:00.291190,0.19,0.51,-1.20,38.09,44.56,11.23,-31.51,10.44,-140.82,1
P,2022-10-25 17:11:00.309986,0.25,0.62,-1.45,27.40,41.02,15.87,-13.53,24.21,-151.27,1
P,2022-10-25 17:11:00.328252,0.27,0.68,-1.79,20.51,38.27,18.19,-13.53,24.21,-151.27,1
P,2022-10-25 17:11:00.347391,0.11,0.73,-2.20,23.32,-31.25,-14.22,-13.53,24.21,-151.27,1
P,2022-10-25 17:11:00.365999,0.52,0.44,-1.68,18.49,-59.88,-16.66,-12.35,24.76,-145.83,1
P,2022-10-25 17:11:00.385326,0.61,0.37,-1.36,8.12,-70.56,-13.43,-12.35,24.76,-145.83,1
P,2022-10-25 17:11:00.404200,0.64,0.21,-0.88,-19.04,-37.96,-10.19,-12.35,24.76,-145.83,1
P,2022-10-25 17:11:00.423211,0.49,0.17,-0.64,-35.89,2.20,-10.68,-26.25,13.61,-137.66,1
P,2022-10-25 17:11:00.442168,-2.60,1.07,-2.41,-52.19,20.45,-11.35,-26.25,13.61,-137.66,1
P,2022-10-25 17:11:00.462690,-0.31,-0.39,-0.64,4.70,-44.62,-64.27,-38.67,6.74,-130.09,1
P,2022-10-25 17:11:00.481129,-0.13,0.07,-0.58,-41.20,-35.95,28.14,-38.67,6.74,-130.09,1
P,2022-10-25 17:11:00.499670,-0.04,-0.26,-0.66,-16.54,-6.90,35.46,-38.67,6.74,-130.09,1
P,2022-10-25 17:11:00.519220,-0.15,-0.18,-0.45,10.01,-6.04,65.49,-32.86,9.08,-124.71,1
P,2022-10-25 17:11:00.537657,-0.04,0.63,-0.25,75.50,24.29,58.23,-32.86,9.08,-124.71,1
P,2022-10-25 17:11:00.557653,0.03,1.05,-0.32,65.92,27.59,37.66,-22.64,11.25,-128.15,1
P,2022-10-25 17:11:00.574794,0.06,1.26,-0.47,30.64,26.31,27.10,-22.64,11.25,-128.15,1
P,2022-10-25 17:11:00.593801,0.11,1.29,-0.74,-14.71,45.17,-7.93,-22.64,11.25,-128.15,1
P,2022-10-25 17:11:00.614239,0.21,0.77,-1.11,-36.80,53.10,-33.51,-23.25,13.29,-140.05,1
P,2022-10-25 17:11:00.632771,0.21,0.50,-1.32,-42.05,52.61,-43.88,-23.25,13.29,-140.05,1
P,2022-10-25 17:11:00.651645,0.01,0.40,-1.56,-5.62,22.03,-61.28,-23.25,13.29,-140.05,1
P,2022-10-25 17:11:00.671388,-0.18,0.08,-1.44,21.48,-37.96,-58.41,-23.60,15.99,-139.16,1
P,2022-10-25 17:11:00.689291,0.00,0.18,-1.06,50.29,-50.72,-36.38,-23.60,15.99,-139.16,1
P,2022-10-25 17:11:00.710439,0.16,0.32,-0.65,45.78,-29.11,-26.37,-25.07,10.27,-125.94,1
P,2022-10-25 17:11:00.730073,0.16,0.55,-0.24,31.68,-9.16,-22.52,-25.07,10.27,-125.94,1
P,2022-10-25 17:11:00.747853,0.14,0.64,-0.09,29.42,13.18,-28.20,-25.07,10.27,-125.94,1
P,2022-10-25 17:11:00.767776,0.12,0.73,-0.02,16.66,41.26,-32.59,-26.05,12.52,-116.27,1
P,2022-10-25 17:11:00.787047,0.05,0.87,-0.17,7.81,53.53,-36.68,-26.05,12.52,-116.27,1
P,2022-10-25 17:11:00.806540,0.07,0.90,-0.35,10.99,64.27,-48.83,-45.61,14.18,-108.29,1
P,2022-10-25 17:11:00.824483,0.12,0.76,-0.51,-6.16,70.80,-58.90,-45.61,14.18,-108.29,1
P,2022-10-25 17:11:00.843463,0.19,0.41,-0.90,-36.68,64.70,-53.41,-45.61,14.18,-108.29,1
P,2022-10-25 17:11:00.862376,0.16,0.19,-1.21,-54.32,51.82,-49.44,-36.01,-5.14,-139.45,1
