i,2022-09-29 21:36:29.997042,-0.474076,9.577295,-0.962518,-0.106786,0.062501,0.002356,8.785486,-41.743942,-23.520500,1
i,2022-09-29 21:36:30.094177,-4.027253,9.644336,-0.114928,-0.169505,0.628165,-0.356910,8.785486,-41.743942,-23.520500,1
i,2022-09-29 21:36:30.190895,-3.055157,9.888557,-0.699142,0.093353,1.337110,-0.639343,-9.312615,-57.132595,-62.550895,1
i,2022-09-29 21:36:30.287384,0.828436,8.801534,-2.480519,0.119186,1.595573,0.166675,5.271291,-67.568580,-121.352149,1
i,2022-09-29 21:36:30.382165,6.268340,9.007446,-2.341649,0.140226,0.922050,1.191209,56.578525,-81.365310,-145.895278,1
i,2022-09-29 21:36:30.478736,6.028907,9.946022,-0.900266,-0.074029,0.364109,0.417549,56.578525,-81.365310,-145.895278,1
i,2022-09-29 21:36:30.575390,4.726395,9.136739,-1.589831,0.028504,-0.123124,-0.102308,101.208793,-108.958763,-151.690185,1
i,2022-09-29 21:36:30.670815,2.437422,9.227724,-1.350399,-0.069368,-0.175589,0.079988,121.063987,-121.517318,-152.542373,1
i,2022-09-29 21:36:30.767337,2.863611,8.720128,-1.211528,-0.336621,-0.030844,0.308491,132.660827,-134.960281,-171.631484,1
i,2022-09-29 21:36:30.877968,3.318533,10.424886,-0.445344,-0.371109,-0.103017,-0.053705,132.660827,-134.960281,-171.631484,1
i,2022-09-29 21:36:30.973496,1.886727,9.845459,-1.110966,0.493233,-0.308349,0.038708,134.242218,-149.287658,-229.069213,1
i,2022-09-29 21:36:31.070651,3.495712,9.242090,-1.474903,0.365932,-0.049220,0.621284,104.020149,-169.452102,-215.775024,1
i,2022-09-29 21:36:31.166680,3.270646,7.427192,-0.890688,-0.041538,-0.170396,0.342580,88.030563,-181.656890,-181.516906,1
i,2022-09-29 21:36:31.261665,3.342476,8.337036,-0.818859,-0.694821,0.004710,-0.216560,91.369049,-170.513381,-213.388885,1
i,2022-09-29 21:36:31.373900,4.127814,10.396154,-0.838013,-0.407196,0.002313,-0.490470,91.369049,-170.513381,-213.388885,1
i,2022-09-29 21:36:31.470794,2.533195,9.807150,-0.675199,0.057533,-0.502630,0.005418,91.720466,-130.892013,-261.452514,1
i,2022-09-29 21:36:31.565561,2.442210,10.515871,-0.871534,0.569401,0.062235,-0.165160,59.565589,-120.102272,-247.306137,1
i,2022-09-29 21:36:31.661098,3.189239,8.016196,-2.279396,0.699365,-0.089035,0.717026,69.756752,-142.743057,-183.903045,1
i,2022-09-29 21:36:31.758613,3.337687,7.455924,-1.589831,0.118387,-0.050019,0.750183,72.216690,-162.553741,-150.497116,1
i,2022-09-29 21:36:31.854213,4.697663,9.002657,-1.905882,-0.076026,0.030543,-0.733487,72.216690,-162.553741,-150.497116,1
i,2022-09-29 21:36:31.950398,2.193201,9.045756,-1.886727,0.137296,-0.240571,0.361089,68.702499,-175.996704,-166.177444,1
i,2022-09-29 21:36:32.045192,5.578774,8.001831,-0.249010,0.022645,0.513115,0.144970,54.294300,-172.812835,-163.791305,1
i,2022-09-29 21:36:32.142207,2.782204,7.733665,-1.518001,-0.420378,-0.325394,-0.675829,70.811012,-151.587112,-162.086929,1
