M,2022-10-25 12:30:41.112375,0.16,0.00,0.96,-11.54,-10.44,5.25,-15.58,7.21,-25.76,1
M,2022-10-25 12:30:41.132491,0.13,-0.05,0.97,-1.59,-13.24,5.86,-15.72,6.42,-24.11,1
M,2022-10-25 12:30:41.156964,0.08,-0.03,1.00,-2.56,-13.12,6.10,-15.72,6.42,-24.11,1
M,2022-10-25 12:30:41.173033,0.07,-0.08,1.02,-2.69,-8.91,5.37,-15.72,6.42,-24.11,1
M,2022-10-25 12:30:41.194315,0.09,-0.05,1.04,-5.86,-7.32,1.65,-16.39,5.92,-22.84,1
M,2022-10-25 12:30:41.214433,0.09,-0.05,1.04,-11.41,-4.21,-2.62,-16.39,5.92,-22.84,1
M,2022-10-25 12:30:41.238425,-0.10,-0.01,1.14,-10.80,-2.56,-2.75,-15.93,5.70,-23.68,1
M,2022-10-25 12:30:41.254062,0.07,0.07,1.27,49.19,-9.64,0.49,-15.93,5.70,-23.68,1
M,2022-10-25 12:30:41.273264,0.08,-0.14,1.03,0.18,24.29,-4.64,-15.93,5.70,-23.68,1
M,2022-10-25 12:30:41.295468,0.02,0.01,1.25,-16.11,26.00,-1.83,-16.33,5.26,-24.30,1
M,2022-10-25 12:30:41.311620,0.12,-0.12,0.95,10.74,5.00,4.39,-16.33,5.26,-24.30,1
M,2022-10-25 12:30:41.329827,0.11,-0.07,1.07,-10.25,23.44,2.44,-16.33,5.26,-24.30,1
M,2022-10-25 12:30:41.350075,0.09,-0.08,1.02,-8.85,21.30,4.52,-16.41,5.14,-24.71,1
M,2022-10-25 12:30:41.368384,0.11,-0.04,0.98,-7.08,20.45,3.48,-16.41,5.14,-24.71,1
M,2022-10-25 12:30:41.390526,0.10,-0.05,0.98,-2.32,20.08,2.87,-16.35,5.22,-26.64,1
M,2022-10-25 12:30:41.406359,0.09,-0.00,0.91,5.86,18.01,3.66,-16.35,5.22,-26.64,1
M,2022-10-25 12:30:41.425353,0.09,-0.07,0.87,6.84,16.42,4.15,-16.35,5.22,-26.64,1
M,2022-10-25 12:30:41.445866,0.10,-0.08,0.84,4.21,13.18,2.75,-15.60,5.07,-26.68,1
M,2022-10-25 12:30:41.475494,0.06,-0.06,0.77,0.55,7.20,2.14,-15.60,5.07,-26.68,1
M,2022-10-25 12:30:41.483233,0.03,-0.03,0.82,3.42,2.69,4.09,-15.60,5.07,-26.68,1
M,2022-10-25 12:30:41.504181,0.09,-0.07,0.66,8.85,-1.83,8.85,-15.60,5.69,-26.27,1
M,2022-10-25 12:30:41.522860,0.06,-0.09,0.82,-9.16,13.12,3.78,-15.60,5.69,-26.27,1
M,2022-10-25 12:30:41.544878,0.09,0.14,0.93,-15.75,-4.09,-11.54,-15.56,5.37,-27.39,1
M,2022-10-25 12:30:41.561724,0.08,0.04,0.85,7.14,-10.07,-5.74,-15.56,5.37,-27.39,1
M,2022-10-25 12:30:41.580748,0.09,0.03,0.86,10.31,-13.06,-6.77,-15.56,5.37,-27.39,1
M,2022-10-25 12:30:41.599806,0.10,0.02,0.92,8.36,-15.01,-11.29,-14.75,4.93,-25.50,1
M,2022-10-25 12:30:41.623064,0.09,0.01,0.97,12.39,-14.83,-12.08,-14.75,4.93,-25.50,1
M,2022-10-25 12:30:41.639591,0.20,-0.09,1.04,22.28,-14.59,-8.06,-13.84,4.88,-25.54,1
M,2022-10-25 12:30:41.657610,0.09,-0.13,1.06,14.83,-14.65,-8.42,-13.84,4.88,-25.54,1
M,2022-10-25 12:30:41.676769,0.10,-0.18,1.06,13.92,-11.66,-5.19,-13.84,4.88,-25.54,1
M,2022-10-25 12:30:41.700358,0.09,-0.15,1.09,3.36,-8.54,-6.35,-13.44,4.46,-25.12,1
M,2022-10-25 12:30:41.716086,0.11,-0.09,1.14,1.16,-4.88,-2.44,-13.44,4.46,-25.12,1
M,2022-10-25 12:30:41.734357,0.09,-0.07,1.16,5.98,-3.17,4.64,-13.44,4.46,-25.12,1
M,2022-10-25 12:30:41.754036,0.10,-0.25,1.18,22.16,-4.33,18.13,-13.55,4.68,-23.80,1
M,2022-10-25 12:30:41.772622,0.09,-0.22,1.11,18.92,-15.26,8.85,-13.55,4.68,-23.80,1
M,2022-10-25 12:30:41.799038,0.08,-0.14,1.04,19.23,-26.67,-0.73,-14.10,6.13,-25.46,1
M,2022-10-25 12:30:41.811095,0.08,-0.08,0.97,21.97,-29.85,-2.99,-14.10,6.13,-25.46,1
M,2022-10-25 12:30:41.830449,0.05,-0.12,0.82,-51.57,56.76,-17.46,-14.10,6.13,-25.46,1
M,2022-10-25 12:30:41.849915,0.11,0.39,1.43,4.94,19.59,0.98,-13.54,5.15,-25.20,1
M,2022-10-25 12:30:41.873155,0.14,-0.04,0.99,4.64,15.93,0.24,-13.54,5.15,-25.20,1
M,2022-10-25 12:30:41.887995,0.10,-0.04,1.04,-1.59,18.98,-6.84,-13.54,5.15,-25.20,1
M,2022-10-25 12:30:41.908038,0.14,-0.09,0.97,13.00,12.08,-6.96,-12.23,5.79,-26.15,1
M,2022-10-25 12:30:41.926609,0.09,-0.19,0.92,19.71,12.51,-4.82,-12.23,5.79,-26.15,1
M,2022-10-25 12:30:41.949912,0.08,-0.17,0.89,17.33,12.21,-7.14,-12.50,5.36,-25.46,1
M,2022-10-25 12:30:41.966181,0.06,-0.15,0.89,5.86,12.63,-8.42,-12.50,5.36,-25.46,1
M,2022-10-25 12:30:41.984359,0.09,-0.11,0.82,5.68,8.42,-6.29,-12.50,5.36,-25.46,1
M,2022-10-25 12:30:42.005172,0.04,-0.11,0.85,6.84,4.82,-2.93,-12.10,5.64,-24.43,1
M,2022-10-25 12:30:42.023979,0.02,-0.14,0.80,11.11,1.28,1.28,-12.10,5.64,-24.43,1
M,2022-10-25 12:30:42.041438,0.08,-0.22,0.72,13.24,3.97,8.30,-11.43,6.25,-26.39,1
M,2022-10-25 12:30:42.060100,0.06,-0.18,0.82,-18.68,19.35,2.14,-11.43,6.25,-26.39,1
M,2022-10-25 12:30:42.079232,0.07,-0.03,0.84,-18.43,-3.30,-14.22,-11.43,6.25,-26.39,1
M,2022-10-25 12:30:42.102939,0.05,0.03,0.89,-11.23,-10.56,-11.17,-11.69,5.19,-25.67,1
M,2022-10-25 12:30:42.124835,0.09,0.02,0.92,3.60,-17.58,-4.21,-11.69,5.19,-25.67,1
M,2022-10-25 12:30:42.137054,0.09,-0.06,0.87,15.69,-21.85,-2.14,-11.69,5.19,-25.67,1
M,2022-10-25 12:30:42.156323,0.12,-0.06,0.94,19.29,-18.62,-3.11,-11.11,5.18,-24.32,1
M,2022-10-25 12:30:42.175303,0.07,-0.16,0.94,21.24,-17.21,-5.80,-11.11,5.18,-24.32,1
M,2022-10-25 12:30:42.197613,0.09,-0.16,1.09,18.25,-13.43,-5.68,-11.46,5.66,-25.32,1
M,2022-10-25 12:30:42.215278,0.08,-0.19,1.09,10.38,-14.47,-3.66,-11.46,5.66,-25.32,1
M,2022-10-25 12:30:42.233905,0.12,-0.13,1.12,5.49,-11.23,0.43,-11.46,5.66,-25.32,1
M,2022-10-25 12:30:42.256988,0.10,-0.14,1.15,1.10,-3.30,3.54,-10.91,5.57,-25.07,1
M,2022-10-25 12:30:42.274003,0.10,-0.16,1.11,-1.46,-2.75,6.47,-10.91,5.57,-25.07,1
M,2022-10-25 12:30:42.291460,0.08,-0.15,1.15,-10.01,0.06,9.95,-10.91,5.57,-25.07,1
M,2022-10-25 12:30:42.311267,0.06,-0.10,1.04,-18.01,-10.56,9.95,-11.08,5.85,-23.75,1
M,2022-10-25 12:30:42.334974,0.10,-0.05,0.84,-19.35,-11.17,12.82,-11.08,5.85,-23.75,1
