k,2022-11-01 14:20:58.018154,0.20,-0.31,0.80,-15.01,-20.87,15.38,-22.85,1.67,-95.46,1
k,2022-11-01 14:20:58.039761,0.30,-0.21,0.80,-28.63,-11.23,-24.72,-22.85,1.67,-95.46,1
k,2022-11-01 14:20:58.058998,0.30,-0.21,0.76,-40.59,-8.30,-49.56,-23.82,2.10,-96.08,1
k,2022-11-01 14:20:58.078907,-0.62,-0.20,1.50,-35.52,-25.21,-56.27,-23.82,2.10,-96.08,1
k,2022-11-01 14:20:58.098311,0.09,-0.66,0.92,60.42,0.61,-6.10,-23.82,2.10,-96.08,1
k,2022-11-01 14:20:58.120570,0.16,-0.38,0.94,6.96,-14.89,-8.79,-25.04,2.25,-94.82,1
k,2022-11-01 14:20:58.137891,0.02,-0.28,1.06,10.74,-19.90,-15.38,-25.04,2.25,-94.82,1
k,2022-11-01 14:20:58.157014,-0.01,-0.22,1.42,19.96,0.73,-32.59,-25.51,0.72,-95.53,1
k,2022-11-01 14:20:58.175840,0.22,-0.43,0.60,-22.58,93.63,-41.20,-25.51,0.72,-95.53,1
k,2022-11-01 14:20:58.196599,0.18,-0.44,1.02,-4.15,31.19,-22.89,-25.51,0.72,-95.53,1
k,2022-11-01 14:20:58.215352,0.20,-0.36,0.81,-26.55,44.74,-10.56,-24.50,-2.45,-96.50,1
k,2022-11-01 14:20:58.234781,0.18,-0.45,0.57,5.19,-10.44,1.65,-24.50,-2.45,-96.50,1
k,2022-11-01 14:20:58.256194,0.14,-0.58,0.63,22.34,-33.87,7.93,-24.65,-4.00,-96.14,1
k,2022-11-01 14:20:58.274506,0.07,-0.49,0.72,-27.10,3.85,-6.35,-24.65,-4.00,-96.14,1
k,2022-11-01 14:20:58.294343,0.13,-0.39,0.75,-54.08,29.24,-12.27,-24.65,-4.00,-96.14,1
k,2022-11-01 14:20:58.314906,0.21,-0.40,0.49,-18.37,-82.34,-41.08,-24.90,-3.77,-98.84,1
k,2022-11-01 14:20:58.335878,0.07,-0.31,0.68,5.13,-48.10,-21.12,-24.90,-3.77,-98.84,1
k,2022-11-01 14:20:58.354109,0.02,-0.25,0.91,-2.81,-42.85,-18.74,-27.94,-2.19,-97.29,1
k,2022-11-01 14:20:58.374868,-0.00,-0.15,0.80,5.43,-10.19,-11.17,-27.94,-2.19,-97.29,1
k,2022-11-01 14:20:58.397204,-0.00,-0.20,0.73,19.59,-13.55,-18.43,-27.94,-2.19,-97.29,1
k,2022-11-01 14:20:58.415525,0.03,-0.36,0.82,23.13,-27.83,-29.48,-31.62,-1.14,-95.74,1
k,2022-11-01 14:20:58.434378,0.15,-0.68,1.18,40.34,-66.59,-42.54,-31.62,-1.14,-95.74,1
k,2022-11-01 14:20:58.455505,0.04,-0.83,1.63,35.46,-70.68,-12.63,-35.22,0.95,-93.25,1
k,2022-11-01 14:20:58.473315,0.08,-0.46,1.00,13.00,-3.66,-1.95,-35.22,0.95,-93.25,1
k,2022-11-01 14:20:58.492632,0.00,-0.46,1.25,7.69,-9.09,-6.71,-35.22,0.95,-93.25,1
k,2022-11-01 14:20:58.514690,0.07,-0.53,1.22,14.77,-18.43,-8.00,-36.89,1.62,-92.69,1
k,2022-11-01 14:20:58.534465,0.06,-0.44,1.13,19.71,-13.79,12.15,-36.89,1.62,-92.69,1
k,2022-11-01 14:20:58.554720,0.03,-0.45,1.05,24.96,-43.09,25.82,-37.05,2.81,-91.35,1
k,2022-11-01 14:20:58.574825,-0.12,-0.60,1.59,18.74,-40.28,31.37,-37.05,2.81,-91.35,1
k,2022-11-01 14:20:58.596720,-0.10,-0.30,1.03,5.43,80.93,109.31,-37.05,2.81,-91.35,1
k,2022-11-01 14:20:58.615211,-0.02,-0.28,0.95,66.28,7.57,106.51,-34.41,3.71,-92.99,1
k,2022-11-01 14:20:58.635302,-0.03,-0.48,0.90,54.08,17.88,55.85,-34.41,3.71,-92.99,1
k,2022-11-01 14:20:58.654866,0.04,-0.57,0.93,11.35,52.55,-4.52,-30.40,1.35,-94.58,1
k,2022-11-01 14:20:58.678008,0.22,-0.53,0.85,8.54,67.50,-6.29,-30.40,1.35,-94.58,1
k,2022-11-01 14:20:58.693088,0.32,-0.46,0.74,-2.69,69.21,-22.71,-30.40,1.35,-94.58,1
k,2022-11-01 14:20:58.711686,0.24,-0.54,0.74,-19.96,67.99,-26.79,-26.61,-3.91,-98.57,1
k,2022-11-01 14:20:58.730593,0.26,-0.48,0.66,-11.17,49.50,-15.38,-26.61,-3.91,-98.57,1
k,2022-11-01 14:20:58.748479,0.36,-0.45,0.56,0.43,27.28,-19.96,-26.61,-3.91,-98.57,1
k,2022-11-01 14:20:58.768202,0.25,-0.62,0.31,-8.36,-4.58,-43.15,-25.28,-6.68,-98.86,1
k,2022-11-01 14:20:58.785794,0.06,-0.26,0.74,31.68,-30.21,-17.52,-25.28,-6.68,-98.86,1
k,2022-11-01 14:20:58.806222,0.05,-0.64,0.69,28.20,-6.23,-9.34,-26.72,-6.77,-99.05,1
k,2022-11-01 14:20:58.825678,0.26,-0.63,0.47,-4.88,-3.72,0.00,-26.72,-6.77,-99.05,1
k,2022-11-01 14:20:58.844960,0.17,-0.61,0.43,4.52,-64.15,9.58,-26.72,-6.77,-99.05,1
k,2022-11-01 14:20:58.864597,0.14,-0.61,0.55,8.54,-66.47,20.57,-28.59,-4.57,-96.89,1
k,2022-11-01 14:20:58.883362,0.09,-0.55,0.85,-14.95,-36.99,6.77,-28.59,-4.57,-96.89,1
k,2022-11-01 14:20:58.903893,0.07,-0.50,1.00,-15.32,-35.83,-4.27,-31.65,-0.79,-95.57,1
k,2022-11-01 14:20:58.922819,-0.07,-0.30,1.26,-26.73,-18.98,-7.69,-31.65,-0.79,-95.57,1
k,2022-11-01 14:20:58.942420,0.07,-0.22,1.21,-22.64,24.23,-11.47,-31.65,-0.79,-95.57,1
k,2022-11-01 14:20:58.963358,0.10,-0.24,1.24,-2.62,10.13,-2.20,-31.43,1.49,-96.37,1
k,2022-11-01 14:20:58.983043,0.11,-0.39,0.99,42.05,-18.74,26.73,-31.43,1.49,-96.37,1
k,2022-11-01 14:20:59.003474,0.10,-0.51,0.85,63.60,-37.29,32.35,-30.74,1.84,-93.95,1
k,2022-11-01 14:20:59.021970,0.01,-0.54,0.79,60.12,-31.37,18.31,-30.74,1.84,-93.95,1
k,2022-11-01 14:20:59.040998,0.01,-0.54,0.72,45.29,-8.54,-4.82,-30.74,1.84,-93.95,1
k,2022-11-01 14:20:59.063846,-0.04,-0.41,0.74,22.46,-0.49,-14.16,-31.40,2.14,-93.35,1
k,2022-11-01 14:20:59.082017,-0.11,-0.26,0.79,24.41,5.49,-36.13,-31.40,2.14,-93.35,1
k,2022-11-01 14:20:59.103214,0.01,-0.45,0.79,38.09,5.98,-43.52,-32.42,0.82,-94.19,1
k,2022-11-01 14:20:59.126061,0.05,-0.49,0.77,38.88,-1.59,-23.56,-32.42,0.82,-94.19,1
k,2022-11-01 14:20:59.143335,0.05,-0.64,0.77,43.03,-0.61,-14.83,-32.42,0.82,-94.19,1
k,2022-11-01 14:20:59.164430,0.04,-0.66,0.79,40.83,10.31,-21.79,-33.83,0.04,-94.81,1
k,2022-11-01 14:20:59.186028,0.08,-0.79,0.79,19.23,21.85,-34.36,-33.83,0.04,-94.81,1
k,2022-11-01 14:20:59.204354,0.21,-0.90,0.71,-0.24,19.53,-9.22,-34.09,-1.03,-96.35,1
k,2022-11-01 14:20:59.224093,0.15,-0.84,0.77,-9.09,-7.69,18.86,-34.09,-1.03,-96.35,1
k,2022-11-01 14:20:59.242667,0.05,-0.72,0.79,-14.34,-16.36,22.77,-34.09,-1.03,-96.35,1
k,2022-11-01 14:20:59.264022,0.06,-0.70,0.78,-20.57,-18.37,-1.89,-34.35,-1.01,-97.69,1
k,2022-11-01 14:20:59.281940,0.01,-0.59,0.84,-24.78,-25.70,-5.86,-34.35,-1.01,-97.69,1
k,2022-11-01 14:20:59.300063,-0.13,-0.66,1.10,-25.09,-32.29,2.62,-35.80,-1.64,-98.35,1
k,2022-11-01 14:20:59.317815,-0.55,-0.35,0.80,-10.07,26.00,83.56,-35.80,-1.64,-98.35,1
k,2022-11-01 14:20:59.337763,-0.08,-0.28,1.08,62.01,-22.46,104.68,-35.80,-1.64,-98.35,1
k,2022-11-01 14:20:59.356674,-0.05,-0.42,0.98,45.72,15.38,62.99,-29.13,-2.81,-97.03,1
k,2022-11-01 14:20:59.375366,0.08,-0.55,0.87,9.40,60.67,-4.27,-29.13,-2.81,-97.03,1
