p,2022-11-05 11:07:25.787774,-0.25,0.09,-1.08,-28.26,-7.14,22.28,-74.19,-45.00,-156.21,1
p,2022-11-05 11:07:25.807564,-0.25,0.07,-1.07,-28.99,-7.75,9.64,-71.17,-43.33,-156.86,1
p,2022-11-05 11:07:25.826804,-0.26,0.03,-1.03,-42.42,-13.85,-1.53,-71.17,-43.33,-156.86,1
p,2022-11-05 11:07:25.846000,-0.26,0.00,-1.01,-47.91,-15.20,-3.97,-71.17,-43.33,-156.86,1
p,2022-11-05 11:07:25.865980,-0.21,0.02,-0.96,-53.77,-15.69,-9.34,-71.40,-42.25,-156.96,1
p,2022-11-05 11:07:25.884726,-0.18,-0.02,-0.83,-61.95,-9.89,-25.09,-71.40,-42.25,-156.96,1
p,2022-11-05 11:07:25.903564,-0.28,-0.17,-0.72,-64.58,-1.77,-28.81,-71.40,-42.25,-156.96,1
p,2022-11-05 11:07:25.923924,-0.23,-0.57,-0.89,-9.77,-14.04,14.47,-72.83,-41.54,-158.17,1
p,2022-11-05 11:07:25.942937,-0.25,-0.15,-0.81,12.39,-8.79,-3.05,-72.83,-41.54,-158.17,1
p,2022-11-05 11:07:25.962741,-0.31,-0.13,-0.40,-9.52,-19.17,11.23,-72.49,-41.36,-159.18,1
p,2022-11-05 11:07:25.980927,-0.22,-0.21,-0.68,-23.93,47.00,5.80,-72.49,-41.36,-159.18,1
p,2022-11-05 11:07:26.001036,-0.26,-0.22,-0.74,-29.05,56.82,2.62,-72.49,-41.36,-159.18,1
p,2022-11-05 11:07:26.020185,-0.24,-0.18,-0.74,-20.94,60.30,-5.86,-71.83,-41.42,-164.33,1
p,2022-11-05 11:07:26.039936,-0.31,-0.18,-0.85,-11.90,56.15,-10.68,-71.83,-41.42,-164.33,1
p,2022-11-05 11:07:26.059564,-0.31,-0.27,-0.95,12.21,50.35,-15.38,-69.62,-43.15,-169.96,1
p,2022-11-05 11:07:26.079175,-0.34,-0.33,-1.11,22.83,44.19,-15.81,-69.62,-43.15,-169.96,1
p,2022-11-05 11:07:26.097386,-0.41,-0.34,-1.30,33.14,24.66,-12.94,-69.62,-43.15,-169.96,1
p,2022-11-05 11:07:26.117563,-0.42,-0.35,-1.39,36.07,11.72,-13.00,-66.81,-44.76,-171.53,1
p,2022-11-05 11:07:26.137075,-0.43,-0.37,-1.41,27.47,-1.40,-8.79,-66.81,-44.76,-171.53,1
p,2022-11-05 11:07:26.155757,-0.36,-0.27,-1.13,15.75,8.18,-5.74,-66.81,-44.76,-171.53,1
p,2022-11-05 11:07:26.176570,-0.43,-0.31,-1.55,33.26,16.17,-15.75,-67.86,-43.98,-170.00,1
p,2022-11-05 11:07:26.194833,-0.40,-0.36,-1.27,56.34,-57.19,-28.50,-67.86,-43.98,-170.00,1
p,2022-11-05 11:07:26.214658,-0.33,-0.24,-1.14,38.09,-49.19,-12.15,-69.96,-43.65,-167.19,1
p,2022-11-05 11:07:26.233563,-0.34,-0.17,-1.16,19.84,-51.88,-6.90,-69.96,-43.65,-167.19,1
p,2022-11-05 11:07:26.252672,-0.30,-0.15,-1.03,8.12,-54.63,-9.46,-69.96,-43.65,-167.19,1
p,2022-11-05 11:07:26.271941,-0.25,-0.23,-0.92,3.11,-46.45,-3.66,-73.18,-43.21,-162.12,1
p,2022-11-05 11:07:26.289839,-0.24,-0.28,-0.83,1.65,-38.70,3.30,-73.18,-43.21,-162.12,1
p,2022-11-05 11:07:26.309729,-0.21,-0.30,-0.78,10.38,-30.40,7.26,-73.08,-42.49,-155.87,1
p,2022-11-05 11:07:26.329334,-0.20,-0.24,-0.64,32.23,-14.89,10.86,-73.08,-42.49,-155.87,1
p,2022-11-05 11:07:26.347733,-0.21,-0.22,-0.59,49.38,-1.83,18.25,-73.08,-42.49,-155.87,1
p,2022-11-05 11:07:26.367430,-0.22,-0.15,-0.60,62.74,18.74,30.15,-70.15,-41.89,-153.20,1
p,2022-11-05 11:07:26.386868,-0.27,0.01,-0.72,47.55,41.69,42.24,-70.15,-41.89,-153.20,1
p,2022-11-05 11:07:26.406802,-0.33,0.15,-0.82,26.00,45.96,41.38,-65.15,-41.28,-153.44,1
p,2022-11-05 11:07:26.425784,-0.39,0.27,-0.90,20.87,37.11,15.75,-65.15,-41.28,-153.44,1
p,2022-11-05 11:07:26.444802,-0.39,0.27,-0.89,22.16,30.70,4.76,-65.15,-41.28,-153.44,1
p,2022-11-05 11:07:26.464782,-0.42,0.29,-0.95,27.77,30.94,-5.62,-64.88,-40.44,-155.08,1
p,2022-11-05 11:07:26.482851,-0.41,0.26,-0.97,23.74,26.73,-16.91,-64.88,-40.44,-155.08,1
p,2022-11-05 11:07:26.502693,-0.39,0.12,-0.99,14.83,22.28,-16.42,-64.88,-40.44,-155.08,1
p,2022-11-05 11:07:26.522582,-0.35,0.01,-1.13,8.91,28.93,-26.25,-67.37,-41.31,-156.47,1
p,2022-11-05 11:07:26.542044,-0.34,-0.11,-1.12,-1.22,3.72,-27.22,-67.37,-41.31,-156.47,1
p,2022-11-05 11:07:26.562462,-0.34,-0.15,-1.13,2.26,-9.77,-39.61,-71.29,-41.91,-158.59,1
p,2022-11-05 11:07:26.581868,-0.30,-0.26,-1.11,5.13,-20.75,-49.19,-71.29,-41.91,-158.59,1
p,2022-11-05 11:07:26.600604,-0.30,-0.21,-1.08,5.19,-31.25,-61.52,-71.29,-41.91,-158.59,1
p,2022-11-05 11:07:26.620353,-0.32,-0.13,-1.05,13.43,-35.58,-65.25,-75.00,-43.95,-156.36,1
p,2022-11-05 11:07:26.639770,-0.50,-0.06,-1.02,23.56,-41.38,-37.48,-75.00,-43.95,-156.36,1
p,2022-11-05 11:07:26.659776,-0.45,0.02,-0.95,61.65,-42.42,-10.31,-76.57,-46.69,-153.64,1
p,2022-11-05 11:07:26.678784,-0.42,0.22,-0.95,68.05,-28.32,7.08,-76.57,-46.69,-153.64,1
p,2022-11-05 11:07:26.697562,-0.38,0.34,-0.93,52.37,-16.72,9.46,-76.57,-46.69,-153.64,1
p,2022-11-05 11:07:26.717053,-0.32,0.46,-0.85,41.08,-11.72,1.34,-75.28,-50.04,-151.18,1
p,2022-11-05 11:07:26.736562,-0.27,0.57,-0.79,34.55,-5.80,-9.77,-75.28,-50.04,-151.18,1
p,2022-11-05 11:07:26.756456,-0.22,0.63,-0.80,16.78,1.28,-32.04,-77.83,-53.61,-150.67,1
p,2022-11-05 11:07:26.775562,-0.24,0.62,-0.76,1.53,5.31,-47.18,-77.83,-53.61,-150.67,1
p,2022-11-05 11:07:26.794972,-0.22,0.53,-0.75,-12.21,7.87,-53.53,-77.83,-53.61,-150.67,1
