a,2022-10-30 15:18:10.931173,0.27,-0.26,0.94,-36.50,-2.81,-25.63,-49.24,15.73,-98.12,1
a,2022-10-30 15:18:10.951177,0.19,-0.12,1.01,-25.45,-5.74,-10.50,-49.24,15.73,-98.12,1
a,2022-10-30 15:18:10.976838,0.17,-0.12,1.00,-27.10,-3.91,-15.20,-51.76,14.23,-98.45,1
a,2022-10-30 15:18:10.997022,0.12,-0.11,0.99,-31.13,-2.56,-14.16,-51.76,14.23,-98.45,1
a,2022-10-30 15:18:11.017038,0.15,-0.05,0.96,-21.12,-6.47,-9.64,-51.76,14.23,-98.45,1
a,2022-10-30 15:18:11.037031,0.18,0.01,0.89,-21.79,-8.24,-9.46,-53.66,13.01,-99.93,1
a,2022-10-30 15:18:11.056972,0.19,0.02,0.84,-19.41,-13.12,-6.77,-53.66,13.01,-99.93,1
a,2022-10-30 15:18:11.076988,0.15,0.10,0.82,-16.36,-19.35,-10.07,-57.14,11.96,-100.09,1
a,2022-10-30 15:18:11.096973,0.06,0.02,0.93,-12.08,-22.64,-15.26,-57.14,11.96,-100.09,1
a,2022-10-30 15:18:11.116986,0.03,0.05,0.99,-12.33,-16.60,-14.04,-57.14,11.96,-100.09,1
a,2022-10-30 15:18:11.136981,-0.03,0.10,1.39,-11.90,-6.53,-6.90,-61.19,10.38,-99.27,1
a,2022-10-30 15:18:11.156990,0.12,-0.01,0.98,54.99,-5.55,0.18,-61.19,10.38,-99.27,1
a,2022-10-30 15:18:11.186997,0.12,0.07,0.91,-29.79,27.83,3.05,-62.40,9.57,-99.55,1
a,2022-10-30 15:18:11.207021,0.12,0.02,0.96,-7.08,11.17,-1.71,-62.40,9.57,-99.55,1
a,2022-10-30 15:18:11.226970,0.17,-0.10,1.06,2.75,5.25,0.73,-62.73,9.47,-103.02,1
a,2022-10-30 15:18:11.247019,0.12,-0.16,0.89,-12.70,8.36,3.11,-62.73,9.47,-103.02,1
a,2022-10-30 15:18:11.276971,0.03,-0.21,0.74,-18.19,2.62,21.55,-63.60,10.23,-106.71,1
a,2022-10-30 15:18:11.298346,0.08,-0.08,0.65,-11.72,-17.33,40.16,-63.60,10.23,-106.71,1
a,2022-10-30 15:18:11.318311,-0.01,0.05,0.68,-29.17,-23.56,35.28,-63.60,10.23,-106.71,1
a,2022-10-30 15:18:11.338349,-0.02,0.26,0.68,-27.40,-33.69,27.10,-66.92,13.53,-100.85,1
a,2022-10-30 15:18:11.358325,0.01,0.51,0.88,-10.99,-46.75,19.29,-66.92,13.53,-100.85,1
a,2022-10-30 15:18:11.388314,-0.01,0.47,0.96,-3.48,-43.95,9.77,-66.75,16.85,-88.54,1
a,2022-10-30 15:18:11.408331,-0.00,0.58,1.06,6.65,-34.67,-1.71,-66.75,16.85,-88.54,1
a,2022-10-30 15:18:11.428361,0.03,0.48,1.12,27.40,-20.69,-12.21,-60.72,18.38,-77.97,1
a,2022-10-30 15:18:11.448387,0.06,0.31,1.20,45.65,-17.33,-15.93,-60.72,18.38,-77.97,1
a,2022-10-30 15:18:11.478385,0.08,0.26,1.20,42.05,-3.66,-22.71,-55.71,17.70,-75.24,1
a,2022-10-30 15:18:11.498339,0.09,0.00,1.22,38.64,1.65,-19.47,-55.71,17.70,-75.24,1
a,2022-10-30 15:18:11.518313,0.12,-0.13,1.20,36.38,6.53,-9.34,-54.54,15.10,-76.71,1
a,2022-10-30 15:18:11.548309,0.07,-0.13,1.14,7.39,18.55,-13.61,-54.54,15.10,-76.71,1
a,2022-10-30 15:18:11.568314,0.10,-0.14,1.12,-9.77,19.41,-17.52,-54.54,15.10,-76.71,1
a,2022-10-30 15:18:11.588310,0.09,-0.05,1.00,-17.58,21.73,-18.68,-58.64,14.42,-82.30,1
a,2022-10-30 15:18:11.608358,0.09,0.02,1.00,-10.50,10.62,-11.17,-58.64,14.42,-82.30,1
a,2022-10-30 15:18:11.638344,0.05,0.10,0.92,-7.32,8.42,-6.96,-61.45,11.93,-90.67,1
a,2022-10-30 15:18:11.658341,0.01,0.05,0.85,6.90,-0.31,-2.87,-61.45,11.93,-90.67,1
a,2022-10-30 15:18:11.678364,0.03,0.04,0.82,10.31,-3.78,0.49,-63.27,10.28,-96.97,1
a,2022-10-30 15:18:11.698312,-0.03,-0.01,0.73,12.27,-10.93,2.32,-63.27,10.28,-96.97,1
a,2022-10-30 15:18:11.728380,-0.01,-0.03,0.77,9.16,-14.28,4.33,-62.81,10.03,-100.54,1
a,2022-10-30 15:18:11.748314,-0.02,-0.04,0.78,-43.40,23.19,-2.50,-62.81,10.03,-100.54,1
a,2022-10-30 15:18:11.768321,0.00,0.08,0.71,-22.64,5.74,-7.08,-63.13,10.02,-97.13,1
a,2022-10-30 15:18:11.798392,-0.03,0.08,0.77,5.68,-17.82,-1.10,-63.13,10.02,-97.13,1
a,2022-10-30 15:18:11.818350,-0.01,0.15,0.86,10.13,-24.90,2.08,-63.13,10.02,-97.13,1
a,2022-10-30 15:18:11.838353,-0.01,0.18,0.97,13.06,-24.60,-0.24,-61.74,11.34,-89.06,1
a,2022-10-30 15:18:11.858328,0.04,0.16,1.03,16.11,-22.64,-3.05,-61.74,11.34,-89.06,1
a,2022-10-30 15:18:11.888515,0.04,0.23,1.23,16.85,-12.39,-3.66,-56.64,13.07,-80.14,1
a,2022-10-30 15:18:11.908553,0.08,0.07,1.24,27.47,6.35,-4.64,-56.64,13.07,-80.14,1
a,2022-10-30 15:18:11.928555,0.10,-0.05,1.16,27.83,14.34,-0.31,-50.78,12.67,-78.42,1
a,2022-10-30 15:18:11.948602,0.06,-0.06,1.10,23.25,12.63,4.46,-50.78,12.67,-78.42,1
a,2022-10-30 15:18:11.978577,0.06,-0.19,1.02,9.70,2.99,0.43,-49.91,12.66,-79.24,1
a,2022-10-30 15:18:11.998582,0.02,-0.05,0.99,-9.22,-5.37,6.84,-49.91,12.66,-79.24,1
a,2022-10-30 15:18:12.028671,-0.40,-0.27,1.29,-37.78,1.40,10.62,-50.02,13.70,-79.46,1
a,2022-10-30 15:18:12.038652,-0.51,0.23,1.38,35.28,46.08,88.99,-50.02,13.70,-79.46,1
a,2022-10-30 15:18:12.068550,-0.02,0.35,0.96,79.90,59.02,71.78,-50.02,13.70,-79.46,1
a,2022-10-30 15:18:12.089866,0.18,0.15,0.85,29.05,50.72,10.31,-46.58,15.78,-86.30,1
