E,2022-10-20 15:04:02.179919,-0.22,0.62,-0.77,7.32,0.24,5.55,-22.68,-100.13,-63.45,1
E,2022-10-20 15:04:02.200232,-0.22,0.61,-0.75,11.90,-2.62,5.86,-22.68,-100.13,-63.45,1
E,2022-10-20 15:04:02.220734,-0.22,0.65,-0.73,11.29,-6.04,6.16,-22.68,-100.13,-63.45,1
E,2022-10-20 15:04:02.242537,-0.36,1.00,-0.57,-13.24,-1.40,-18.98,-22.64,-100.67,-63.88,1
E,2022-10-20 15:04:02.259676,-0.25,0.75,-0.59,-10.68,7.08,-26.98,-22.64,-100.67,-63.88,1
E,2022-10-20 15:04:02.278439,-0.24,0.73,-0.65,-26.49,12.08,-24.17,-18.42,-101.09,-63.81,1
E,2022-10-20 15:04:02.300335,-0.19,0.48,-0.82,-48.77,5.13,-10.50,-18.42,-101.09,-63.81,1
E,2022-10-20 15:04:02.317165,-0.18,0.43,-0.89,-55.79,-2.75,-0.37,-18.42,-101.09,-63.81,1
E,2022-10-20 15:04:02.336749,-0.18,0.33,-0.96,-45.10,-5.49,1.89,-13.66,-99.43,-59.56,1
E,2022-10-20 15:04:02.356786,-0.17,0.27,-1.01,-9.03,-7.39,-3.78,-13.66,-99.43,-59.56,1
E,2022-10-20 15:04:02.375957,-0.22,0.43,-0.93,11.60,-13.24,-9.46,-11.79,-98.35,-59.67,1
E,2022-10-20 15:04:02.394904,-0.21,0.51,-0.86,23.32,0.37,-30.76,-11.79,-98.35,-59.67,1
E,2022-10-20 15:04:02.419143,-0.19,0.20,-0.38,26.86,10.50,-27.53,-11.79,-98.35,-59.67,1
E,2022-10-20 15:04:02.437387,-0.19,0.61,-0.80,22.16,21.91,-4.88,-11.19,-99.58,-62.39,1
E,2022-10-20 15:04:02.455241,-0.20,0.52,-0.63,9.34,11.35,1.28,-11.19,-99.58,-62.39,1
E,2022-10-20 15:04:02.476194,-0.22,0.51,-0.57,4.88,16.66,7.26,-11.80,-97.30,-66.06,1
E,2022-10-20 15:04:02.494234,-0.21,0.51,-0.61,6.59,31.74,7.39,-11.80,-97.30,-66.06,1
E,2022-10-20 15:04:02.512190,-0.23,0.48,-0.71,8.36,34.24,3.78,-11.80,-97.30,-66.06,1
E,2022-10-20 15:04:02.533131,-0.21,0.46,-0.86,8.06,34.91,5.07,-10.89,-94.45,-71.87,1
E,2022-10-20 15:04:02.550086,-0.25,0.54,-0.92,3.97,25.02,11.29,-10.89,-94.45,-71.87,1
E,2022-10-20 15:04:02.569037,-0.28,0.61,-0.97,3.17,15.81,13.85,-8.91,-91.71,-76.27,1
E,2022-10-20 15:04:02.586987,-0.31,0.64,-0.96,4.64,13.79,10.68,-8.91,-91.71,-76.27,1
E,2022-10-20 15:04:02.604988,-0.32,0.67,-0.98,4.76,14.16,9.40,-8.91,-91.71,-76.27,1
E,2022-10-20 15:04:02.624439,-0.31,0.62,-0.98,3.72,14.16,8.00,-6.98,-90.89,-78.74,1
E,2022-10-20 15:04:02.642535,-0.29,0.53,-1.00,4.88,10.07,16.11,-6.98,-90.89,-78.74,1
E,2022-10-20 15:04:02.660464,-0.30,0.55,-0.97,13.92,0.98,22.64,-6.98,-90.89,-78.74,1
E,2022-10-20 15:04:02.684755,-0.30,0.57,-0.89,25.45,-5.25,19.90,-10.85,-91.54,-81.86,1
E,2022-10-20 15:04:02.699963,-0.31,0.62,-0.84,35.22,-9.03,15.38,-10.85,-91.54,-81.86,1
E,2022-10-20 15:04:02.719020,-0.32,0.71,-0.71,29.97,-12.82,11.54,-16.89,-92.03,-84.56,1
E,2022-10-20 15:04:02.737940,-0.33,0.74,-0.65,16.78,-15.56,10.38,-16.89,-92.03,-84.56,1
E,2022-10-20 15:04:02.757736,-0.34,0.76,-0.59,3.91,-0.31,8.61,-16.89,-92.03,-84.56,1
E,2022-10-20 15:04:02.775860,-0.33,0.72,-0.63,-2.26,-8.18,5.19,-21.77,-91.81,-85.55,1
E,2022-10-20 15:04:02.794220,-0.33,0.74,-0.69,-0.79,-8.85,1.22,-21.77,-91.81,-85.55,1
E,2022-10-20 15:04:02.813812,-0.42,0.87,-0.79,-4.03,-22.46,-6.96,-21.77,-91.81,-85.55,1
E,2022-10-20 15:04:02.834027,-0.49,0.88,-0.65,-9.28,-25.51,-28.56,-23.12,-92.20,-82.19,1
E,2022-10-20 15:04:02.851923,-0.32,0.79,-0.68,-10.31,-16.54,-29.54,-23.12,-92.20,-82.19,1
E,2022-10-20 15:04:02.872820,-0.23,0.77,-0.69,-19.04,-15.56,-29.42,-20.59,-93.36,-77.05,1
E,2022-10-20 15:04:02.891999,-0.17,0.71,-0.70,-34.00,-14.89,-31.25,-20.59,-93.36,-77.05,1
E,2022-10-20 15:04:02.910886,-0.13,0.63,-0.71,-42.60,-13.00,-32.04,-20.59,-93.36,-77.05,1
E,2022-10-20 15:04:02.934034,-0.09,0.51,-0.76,-50.78,-8.73,-25.51,-14.44,-94.59,-69.58,1
E,2022-10-20 15:04:02.953232,-0.07,0.29,-0.86,-64.03,-6.16,-10.99,-14.44,-94.59,-69.58,1
E,2022-10-20 15:04:02.974219,-0.06,0.22,-0.89,-61.04,-5.98,0.98,-11.90,-93.70,-65.34,1
E,2022-10-20 15:04:02.992788,-0.95,-0.38,-0.98,-36.99,-0.92,16.54,-11.90,-93.70,-65.34,1
E,2022-10-20 15:04:03.013543,-0.24,0.31,-1.00,18.31,8.18,11.60,-11.90,-93.70,-65.34,1
E,2022-10-20 15:04:03.034272,-0.12,-0.04,-1.20,43.03,7.39,2.20,-12.60,-93.81,-64.55,1
E,2022-10-20 15:04:03.051367,-0.17,0.12,-1.05,34.30,-28.81,35.83,-12.60,-93.81,-64.55,1
E,2022-10-20 15:04:03.070749,-0.21,0.44,-0.80,46.08,-31.37,44.68,-19.67,-95.03,-68.37,1
E,2022-10-20 15:04:03.089198,-0.26,0.62,-0.70,65.92,-9.95,23.93,-19.67,-95.03,-68.37,1
E,2022-10-20 15:04:03.108220,-0.27,0.71,-0.62,63.23,-5.68,15.75,-19.67,-95.03,-68.37,1
E,2022-10-20 15:04:03.127657,-0.39,1.03,-0.50,33.39,-5.55,16.24,-26.59,-94.59,-73.01,1
E,2022-10-20 15:04:03.150413,-0.24,0.74,-0.64,-6.90,4.39,-7.45,-26.59,-94.59,-73.01,1
E,2022-10-20 15:04:03.165470,-0.27,0.68,-0.69,-11.41,-10.86,5.37,-26.59,-94.59,-73.01,1
E,2022-10-20 15:04:03.187138,-0.49,1.08,-0.45,-23.86,-16.05,-1.46,-27.33,-94.23,-71.20,1
E,2022-10-20 15:04:03.207711,-0.37,0.61,-0.72,-16.17,5.68,-35.58,-27.33,-94.23,-71.20,1
E,2022-10-20 15:04:03.226305,-0.44,0.76,-0.66,-17.58,-6.29,-23.19,-20.79,-95.01,-69.13,1
E,2022-10-20 15:04:03.245628,-0.35,0.79,-0.46,-10.80,-7.20,-29.91,-20.79,-95.01,-69.13,1
E,2022-10-20 15:04:03.267218,-0.29,0.84,-0.37,-5.43,3.36,-35.22,-20.79,-95.01,-69.13,1
E,2022-10-20 15:04:03.284220,-0.26,0.89,-0.34,-2.20,15.69,-43.52,-9.53,-92.18,-66.22,1
E,2022-10-20 15:04:03.303224,-0.23,0.79,-0.50,-22.40,24.90,-52.73,-9.53,-92.18,-66.22,1
E,2022-10-20 15:04:03.322806,-0.21,0.62,-0.59,-45.04,20.26,-51.70,0.94,-84.52,-58.42,1
E,2022-10-20 15:04:03.341775,-0.17,0.53,-0.65,-62.99,14.71,-43.64,0.94,-84.52,-58.42,1
E,2022-10-20 15:04:03.363585,-0.12,0.39,-0.77,-65.00,15.87,-42.11,0.94,-84.52,-58.42,1
E,2022-10-20 15:04:03.386639,-0.10,0.35,-0.84,-53.96,21.61,-40.59,-2.37,-74.44,-48.61,1
E,2022-10-20 15:04:03.402845,-0.10,0.34,-0.88,-34.85,30.40,-38.39,-2.37,-74.44,-48.61,1
E,2022-10-20 15:04:03.420981,-0.12,0.34,-0.95,-30.52,31.62,-32.78,-13.78,-68.20,-50.48,1
E,2022-10-20 15:04:03.444207,-0.13,0.36,-1.00,-30.88,30.76,-28.14,-13.78,-68.20,-50.48,1
E,2022-10-20 15:04:03.463242,-0.11,0.31,-0.99,-33.20,26.43,-23.07,-13.78,-68.20,-50.48,1
E,2022-10-20 15:04:03.484010,-0.13,0.33,-1.01,-26.98,26.55,-21.73,-25.27,-67.46,-54.88,1
E,2022-10-20 15:04:03.501398,-0.14,0.35,-0.95,-14.34,29.17,-22.58,-25.27,-67.46,-54.88,1
E,2022-10-20 15:04:03.520362,-0.17,0.32,-1.04,-18.62,32.47,-19.59,-31.81,-70.91,-65.28,1
E,2022-10-20 15:04:03.537300,-0.23,0.32,-1.12,-28.02,26.67,-15.50,-31.81,-70.91,-65.28,1
E,2022-10-20 15:04:03.555252,-0.23,0.32,-1.11,-27.22,18.98,-14.71,-31.81,-70.91,-65.28,1
E,2022-10-20 15:04:03.575201,-0.23,0.31,-1.05,-14.34,17.58,-16.24,-33.41,-75.51,-75.13,1
E,2022-10-20 15:04:03.594149,-0.23,0.32,-1.02,-7.02,19.29,-15.44,-33.41,-75.51,-75.13,1
E,2022-10-20 15:04:03.612103,-0.26,0.36,-1.00,-6.77,19.78,-12.88,-33.41,-75.51,-75.13,1
E,2022-10-20 15:04:03.636536,-0.29,0.36,-1.04,-13.24,16.66,-11.11,-32.52,-81.18,-82.97,1
E,2022-10-20 15:04:03.650495,-0.28,0.31,-1.04,-20.63,6.35,-8.30,-32.52,-81.18,-82.97,1
E,2022-10-20 15:04:03.673507,-0.27,0.29,-1.00,-17.03,4.94,-6.96,-30.69,-86.17,-87.85,1
E,2022-10-20 15:04:03.692561,-0.28,0.31,-1.00,0.49,9.95,-5.68,-30.69,-86.17,-87.85,1
E,2022-10-20 15:04:03.711114,-0.30,0.40,-0.95,5.00,7.51,-4.70,-30.69,-86.17,-87.85,1
E,2022-10-20 15:04:03.730014,-0.29,0.43,-0.94,-1.77,5.68,-5.07,-28.10,-90.97,-91.92,1
E,2022-10-20 15:04:03.750869,-0.30,0.39,-0.97,-6.77,2.14,-5.13,-28.10,-90.97,-91.92,1
E,2022-10-20 15:04:03.776402,-0.28,0.36,-0.94,-8.06,-1.40,-5.00,-25.98,-94.32,-93.49,1
E,2022-10-20 15:04:03.791891,-0.23,0.34,-0.88,-2.20,1.10,-4.27,-25.98,-94.32,-93.49,1
E,2022-10-20 15:04:03.808349,-0.25,0.36,-0.86,0.67,5.37,-2.99,-25.98,-94.32,-93.49,1
E,2022-10-20 15:04:03.829595,-0.28,0.35,-0.93,-1.59,6.90,-1.95,-23.38,-97.07,-96.77,1
E,2022-10-20 15:04:03.853854,-0.29,0.36,-0.89,-1.83,3.48,-0.49,-23.38,-97.07,-96.77,1
E,2022-10-20 15:04:03.868226,-0.28,0.36,-0.86,1.34,5.62,-0.73,-22.42,-100.12,-99.19,1
E,2022-10-20 15:04:03.886579,-0.27,0.36,-0.88,0.37,8.18,1.83,-22.42,-100.12,-99.19,1
E,2022-10-20 15:04:03.904597,-0.30,0.37,-0.91,0.67,6.59,2.87,-22.42,-100.12,-99.19,1
E,2022-10-20 15:04:03.928495,-0.31,0.38,-0.92,1.28,5.55,3.17,-20.59,-102.55,-99.58,1
E,2022-10-20 15:04:03.947608,-0.32,0.40,-0.94,3.78,3.42,1.59,-20.59,-102.55,-99.58,1
E,2022-10-20 15:04:03.967450,-0.29,0.38,-0.93,4.03,1.16,1.83,-21.42,-103.12,-101.92,1
E,2022-10-20 15:04:03.984782,-0.26,0.38,-0.92,3.23,-15.50,5.07,-21.42,-103.12,-101.92,1
E,2022-10-20 15:04:04.003531,-0.25,0.39,-0.92,0.92,0.73,5.25,-21.42,-103.12,-101.92,1
E,2022-10-20 15:04:04.027191,-0.28,0.41,-0.91,0.92,1.53,5.25,-22.71,-104.77,-103.21,1
E,2022-10-20 15:04:04.044954,-0.30,0.43,-0.93,5.49,2.62,1.53,-22.71,-104.77,-103.21,1
E,2022-10-20 15:04:04.063414,-0.30,0.38,-0.95,3.66,0.37,2.44,-22.71,-104.77,-103.21,1
E,2022-10-20 15:04:04.087299,-0.29,0.38,-0.93,1.71,-2.75,5.00,-24.68,-104.74,-104.57,1
