w,2022-10-16 21:30:27.586175,0.22,-0.38,1.02,-28.38,-28.38,6.59,41.42,4.02,19.40,1
w,2022-10-16 21:30:27.604170,0.12,-0.38,1.07,-26.79,-8.48,-4.46,41.42,4.02,19.40,1
w,2022-10-16 21:30:27.622029,0.17,-0.37,1.02,-12.82,1.77,4.03,41.42,4.02,19.40,1
w,2022-10-16 21:30:27.641042,0.21,-0.30,0.96,-14.65,7.26,5.80,39.32,2.61,22.06,1
w,2022-10-16 21:30:27.659204,0.23,-0.21,0.86,-20.69,8.30,-1.28,39.32,2.61,22.06,1
w,2022-10-16 21:30:27.678239,0.20,-0.18,0.79,-30.09,5.74,-17.15,37.41,2.36,24.69,1
w,2022-10-16 21:30:27.696188,0.21,-0.18,0.69,-30.46,-8.06,-22.58,37.41,2.36,24.69,1
w,2022-10-16 21:30:27.714319,0.07,-0.26,0.82,-19.23,-25.02,-13.55,37.41,2.36,24.69,1
w,2022-10-16 21:30:27.733065,-0.04,-0.14,1.06,16.72,-7.26,13.55,38.53,1.64,27.33,1
w,2022-10-16 21:30:27.751236,0.04,-0.38,0.56,52.25,12.63,35.10,38.53,1.64,27.33,1
w,2022-10-16 21:30:27.769166,0.17,-0.35,0.86,12.33,-11.96,8.61,38.53,1.64,27.33,1
w,2022-10-16 21:30:27.788112,0.09,-0.24,0.83,3.11,-17.21,-3.17,40.38,0.40,25.12,1
w,2022-10-16 21:30:27.806351,0.09,-0.23,0.79,9.52,-16.48,-7.39,40.38,0.40,25.12,1
w,2022-10-16 21:30:27.824218,0.08,-0.26,0.86,9.03,-20.87,-15.69,40.38,0.40,25.12,1
w,2022-10-16 21:30:27.843177,0.11,-0.22,0.90,17.64,-21.30,-16.72,47.11,1.35,24.27,1
w,2022-10-16 21:30:27.861198,0.11,-0.31,0.92,25.45,-17.03,-13.49,47.11,1.35,24.27,1
w,2022-10-16 21:30:27.880217,0.14,-0.37,0.98,28.99,-23.01,-10.62,53.33,2.84,21.87,1
w,2022-10-16 21:30:27.898276,0.14,-0.42,1.02,28.56,-25.63,-7.87,53.33,2.84,21.87,1
w,2022-10-16 21:30:27.916381,0.17,-0.54,1.12,22.40,-16.85,-5.37,53.33,2.84,21.87,1
w,2022-10-16 21:30:27.935043,0.22,-0.56,1.07,8.73,0.61,1.46,58.23,3.98,17.92,1
w,2022-10-16 21:30:27.953114,0.23,-0.61,1.05,2.32,5.31,5.74,58.23,3.98,17.92,1
w,2022-10-16 21:30:27.971353,0.17,-0.48,0.99,-3.30,2.08,9.09,58.23,3.98,17.92,1
w,2022-10-16 21:30:27.990487,0.14,-0.41,1.00,-5.37,-10.74,-3.97,59.27,3.83,18.43,1
w,2022-10-16 21:30:28.008314,0.14,-0.40,1.14,1.04,-13.24,-11.84,59.27,3.83,18.43,1
w,2022-10-16 21:30:28.027086,0.13,-0.33,0.97,-15.08,49.38,3.36,56.45,3.44,18.96,1
w,2022-10-16 21:30:28.045202,0.15,-0.41,1.05,-10.50,40.95,-4.58,56.45,3.44,18.96,1
w,2022-10-16 21:30:28.063226,0.17,-0.40,0.96,-9.64,38.76,-5.55,56.45,3.44,18.96,1
w,2022-10-16 21:30:28.082185,0.16,-0.39,0.88,-9.46,31.92,-4.33,49.65,2.01,20.89,1
w,2022-10-16 21:30:28.100395,0.12,-0.32,0.88,-6.16,11.29,-10.13,49.65,2.01,20.89,1
w,2022-10-16 21:30:28.118391,0.13,-0.35,0.86,-3.36,17.76,-10.86,49.65,2.01,20.89,1
w,2022-10-16 21:30:28.137210,0.09,-0.33,0.73,-9.58,27.40,-12.63,43.51,1.34,22.69,1
w,2022-10-16 21:30:28.155430,0.14,-0.34,0.63,-5.80,10.31,-11.23,43.51,1.34,22.69,1
w,2022-10-16 21:30:28.173409,0.14,-0.35,0.72,3.91,-4.82,-4.15,43.51,1.34,22.69,1
w,2022-10-16 21:30:28.192382,0.06,-0.30,0.58,6.90,-16.05,-1.53,39.04,0.56,24.17,1
w,2022-10-16 21:30:28.210431,0.10,-0.34,0.77,15.38,-24.72,-0.49,39.04,0.56,24.17,1
w,2022-10-16 21:30:28.229315,0.10,-0.35,0.77,9.40,-4.46,6.41,38.98,-0.02,23.02,1
w,2022-10-16 21:30:28.247328,0.03,-0.31,0.65,-4.46,8.79,2.01,38.98,-0.02,23.02,1
w,2022-10-16 21:30:28.265622,0.09,-0.28,0.76,0.06,-18.74,-25.15,38.98,-0.02,23.02,1
w,2022-10-16 21:30:28.284288,0.07,-0.27,0.59,2.81,-22.16,-26.18,42.63,1.12,21.35,1
w,2022-10-16 21:30:28.302125,0.09,-0.26,0.95,12.51,-31.01,-20.94,42.63,1.12,21.35,1
w,2022-10-16 21:30:28.320259,0.09,-0.28,1.02,21.48,-16.05,-13.73,42.63,1.12,21.35,1
w,2022-10-16 21:30:28.339243,0.14,-0.40,0.97,27.71,-2.01,-6.41,49.22,2.61,20.59,1
w,2022-10-16 21:30:28.357296,0.15,-0.49,0.95,27.16,0.67,0.85,49.22,2.61,20.59,1
w,2022-10-16 21:30:28.376040,0.17,-0.53,0.94,22.64,-3.85,0.43,53.83,3.11,18.01,1
w,2022-10-16 21:30:28.394366,0.16,-0.55,0.96,12.51,-8.97,-3.60,53.83,3.11,18.01,1
w,2022-10-16 21:30:28.412336,0.16,-0.53,1.01,-1.16,-11.66,-6.23,53.83,3.11,18.01,1
w,2022-10-16 21:30:28.431499,0.16,-0.51,0.97,-8.91,-7.02,-8.24,56.86,4.03,16.31,1
w,2022-10-16 21:30:28.449423,0.15,-0.49,0.97,-12.82,-5.43,-8.36,56.86,4.03,16.31,1
w,2022-10-16 21:30:28.467498,0.14,-0.46,0.96,-14.22,-3.72,-6.47,56.86,4.03,16.31,1
w,2022-10-16 21:30:28.486462,0.11,-0.41,0.94,-14.65,-3.78,-6.10,57.80,4.93,15.77,1
w,2022-10-16 21:30:28.504476,0.10,-0.38,0.90,-8.48,-8.48,-6.53,57.80,4.93,15.77,1
w,2022-10-16 21:30:28.522392,0.09,-0.39,0.88,-5.43,-9.52,-5.68,57.80,4.93,15.77,1
w,2022-10-16 21:30:28.541459,0.08,-0.39,0.87,-4.09,-7.69,-5.31,57.59,4.74,14.05,1
w,2022-10-16 21:30:28.559443,0.08,-0.39,0.87,-4.76,-4.64,-5.25,57.59,4.74,14.05,1
w,2022-10-16 21:30:28.578306,0.08,-0.39,0.88,-8.61,0.24,-5.00,56.98,5.07,16.14,1
w,2022-10-16 21:30:28.596216,0.08,-0.38,0.89,-9.28,1.95,-4.27,56.98,5.07,16.14,1
w,2022-10-16 21:30:28.614363,0.09,-0.39,0.90,-11.11,2.44,-4.76,56.98,5.07,16.14,1
w,2022-10-16 21:30:28.633316,0.09,-0.37,0.92,-12.63,2.75,-4.70,57.03,5.51,15.72,1
w,2022-10-16 21:30:28.651502,0.09,-0.36,0.92,-5.49,-0.37,-3.48,57.03,5.51,15.72,1
w,2022-10-16 21:30:28.669481,0.09,-0.36,0.90,-0.98,-1.10,-1.10,57.03,5.51,15.72,1
w,2022-10-16 21:30:28.688211,0.09,-0.36,0.90,2.20,0.31,0.67,57.19,5.37,16.00,1
w,2022-10-16 21:30:28.706105,0.07,-0.37,0.90,5.25,1.34,3.11,57.19,5.37,16.00,1
w,2022-10-16 21:30:28.725032,0.10,-0.34,0.88,6.59,3.05,7.93,56.77,5.55,16.42,1
w,2022-10-16 21:30:28.743292,0.11,-0.37,0.90,9.52,4.03,9.64,56.77,5.55,16.42,1
w,2022-10-16 21:30:28.761181,0.10,-0.39,0.90,10.19,3.66,7.45,56.77,5.55,16.42,1
w,2022-10-16 21:30:28.780155,0.10,-0.41,0.89,7.39,3.23,4.03,57.48,5.71,15.27,1
w,2022-10-16 21:30:28.798292,0.10,-0.43,0.90,1.46,3.23,-1.10,57.48,5.71,15.27,1
w,2022-10-16 21:30:28.816284,0.11,-0.41,0.90,-9.83,1.34,-6.41,57.48,5.71,15.27,1
w,2022-10-16 21:30:28.835365,0.11,-0.35,0.91,-12.27,-0.06,-7.20,57.25,5.31,15.82,1
w,2022-10-16 21:30:28.853361,0.11,-0.33,0.94,-7.75,-2.75,-5.07,57.25,5.31,15.82,1
w,2022-10-16 21:30:28.871251,0.10,-0.33,0.94,3.97,-5.25,-0.67,57.25,5.31,15.82,1
w,2022-10-16 21:30:28.890277,0.10,-0.35,0.92,17.03,-6.96,3.48,56.79,5.14,16.27,1
w,2022-10-16 21:30:28.908388,0.11,-0.38,0.93,27.89,-8.42,5.68,56.79,5.14,16.27,1
w,2022-10-16 21:30:28.927181,0.11,-0.40,0.95,31.49,-11.35,5.37,56.91,4.44,16.04,1
w,2022-10-16 21:30:28.945226,0.14,-0.49,1.19,26.61,-11.60,4.82,56.91,4.44,16.04,1
w,2022-10-16 21:30:28.963433,0.05,-0.36,1.03,-5.13,54.38,10.86,56.91,4.44,16.04,1
w,2022-10-16 21:30:28.982414,0.15,-0.43,0.88,-25.21,50.66,-2.32,53.56,3.56,17.50,1
w,2022-10-16 21:30:29.000477,0.18,-0.39,1.07,-16.11,29.17,-3.11,53.56,3.56,17.50,1
w,2022-10-16 21:30:29.018543,0.14,-0.35,0.97,-15.93,35.52,-4.21,53.56,3.56,17.50,1
w,2022-10-16 21:30:29.037460,0.13,-0.34,0.71,-19.23,42.97,-7.45,48.57,3.74,18.27,1
w,2022-10-16 21:30:29.055370,0.13,-0.40,0.66,0.24,7.81,-6.47,48.57,3.74,18.27,1
w,2022-10-16 21:30:29.073376,0.25,-0.48,0.48,8.06,-14.59,-5.86,48.57,3.74,18.27,1
w,2022-10-16 21:30:29.092427,0.12,-0.42,0.76,0.18,-18.43,-3.54,45.23,3.66,18.77,1
w,2022-10-16 21:30:29.110437,0.10,-0.38,0.78,-16.48,1.46,0.37,45.23,3.66,18.77,1
w,2022-10-16 21:30:29.129372,0.12,-0.38,0.87,-26.25,11.11,3.97,43.70,4.36,19.81,1
w,2022-10-16 21:30:29.147369,-0.24,-0.25,0.89,-25.09,25.15,13.37,43.70,4.36,19.81,1
w,2022-10-16 21:30:29.165469,-0.15,-0.15,1.00,14.34,23.44,20.02,43.70,4.36,19.81,1
w,2022-10-16 21:30:29.184220,0.04,-0.17,1.01,38.02,28.02,11.11,42.69,4.91,17.07,1
