w,2022-10-16 21:30:49.374990,-0.04,-0.59,0.84,-20.63,5.86,2.93,16.63,58.41,-37.34,1
w,2022-10-16 21:30:49.393039,0.08,-0.46,0.77,-28.50,7.81,3.97,16.63,58.41,-37.34,1
w,2022-10-16 21:30:49.412125,0.03,-0.35,0.65,-33.63,2.87,-1.59,15.86,59.45,-37.96,1
w,2022-10-16 21:30:49.430129,-0.17,-0.08,1.08,7.57,2.08,3.60,15.86,59.45,-37.96,1
w,2022-10-16 21:30:49.449034,-0.04,-0.53,0.72,54.38,14.83,21.36,15.56,59.84,-37.61,1
w,2022-10-16 21:30:49.467112,-0.06,-0.37,0.69,12.57,-0.37,-1.34,15.56,59.84,-37.61,1
w,2022-10-16 21:30:49.485172,-0.05,-0.35,0.71,2.14,-4.70,-16.85,15.56,59.84,-37.61,1
w,2022-10-16 21:30:49.503986,-0.02,-0.33,0.66,10.38,-10.19,-17.64,13.54,58.69,-35.97,1
w,2022-10-16 21:30:49.522255,-0.03,-0.38,0.64,25.82,-40.28,-9.52,13.54,58.69,-35.97,1
w,2022-10-16 21:30:49.540178,-0.04,-0.42,0.75,39.06,-38.21,-5.80,13.54,58.69,-35.97,1
w,2022-10-16 21:30:49.559150,-0.07,-0.48,0.87,37.60,-35.40,-9.89,11.07,54.87,-29.50,1
w,2022-10-16 21:30:49.577307,-0.07,-0.53,0.93,33.87,-28.14,-13.92,11.07,54.87,-29.50,1
w,2022-10-16 21:30:49.596271,-0.06,-0.62,1.00,22.40,-19.41,-19.59,11.73,49.45,-24.85,1
w,2022-10-16 21:30:49.614243,-0.05,-0.65,1.08,9.64,-12.82,-14.77,11.73,49.45,-24.85,1
w,2022-10-16 21:30:49.632168,-0.06,-0.67,1.13,11.05,-10.99,-11.23,11.73,49.45,-24.85,1
w,2022-10-16 21:30:49.651151,-0.06,-0.73,1.11,9.03,-5.55,-11.23,12.49,46.92,-23.68,1
w,2022-10-16 21:30:49.669167,-0.05,-0.76,1.03,5.31,-1.65,-10.68,12.49,46.92,-23.68,1
w,2022-10-16 21:30:49.687076,-0.08,-0.71,1.10,-3.85,6.96,-14.47,12.49,46.92,-23.68,1
w,2022-10-16 21:30:49.706285,-0.05,-0.67,1.01,-6.47,25.33,-4.76,10.80,47.08,-24.05,1
w,2022-10-16 21:30:49.724220,-0.04,-0.67,0.97,-5.80,25.88,4.52,10.80,47.08,-24.05,1
w,2022-10-16 21:30:49.742091,-0.05,-0.63,0.96,-3.60,26.18,10.93,10.80,47.08,-24.05,1
w,2022-10-16 21:30:49.761151,-0.04,-0.58,0.90,-6.29,32.65,13.85,7.89,50.60,-25.83,1
w,2022-10-16 21:30:49.779188,-0.03,-0.53,0.71,-11.54,33.26,9.28,7.89,50.60,-25.83,1
w,2022-10-16 21:30:49.798178,-0.03,-0.49,0.66,-10.74,20.87,6.41,7.46,54.86,-30.85,1
w,2022-10-16 21:30:49.816142,-0.05,-0.44,0.66,-8.97,9.64,2.81,7.46,54.86,-30.85,1
w,2022-10-16 21:30:49.834132,-0.06,-0.40,0.62,-5.92,5.74,3.36,7.46,54.86,-30.85,1
w,2022-10-16 21:30:49.853205,-0.07,-0.34,0.57,-0.79,-0.98,-0.98,8.24,57.75,-34.47,1
w,2022-10-16 21:30:49.871185,-0.07,-0.33,0.62,1.40,-4.21,-3.60,8.24,57.75,-34.47,1
w,2022-10-16 21:30:49.890509,-0.11,-0.33,0.65,11.17,6.47,5.00,8.24,57.75,-34.47,1
w,2022-10-16 21:30:49.908149,-0.08,-0.23,0.54,-3.91,4.70,-14.47,8.09,57.47,-33.56,1
w,2022-10-16 21:30:49.926303,-0.06,-0.31,0.56,0.37,-19.96,-27.59,8.09,57.47,-33.56,1
w,2022-10-16 21:30:49.945113,-0.08,-0.29,0.66,19.78,-30.27,-20.45,5.36,53.54,-29.33,1
w,2022-10-16 21:30:49.963295,-0.10,-0.32,0.76,30.21,-30.88,-21.30,5.36,53.54,-29.33,1
w,2022-10-16 21:30:49.981345,-0.09,-0.43,0.88,40.71,-24.41,-23.38,5.36,53.54,-29.33,1
w,2022-10-16 21:30:50.000188,-0.07,-0.60,0.93,47.61,-15.20,-20.45,6.27,46.28,-23.40,1
w,2022-10-16 21:30:50.018442,-0.05,-0.80,0.96,38.76,-7.57,-14.59,6.27,46.28,-23.40,1
w,2022-10-16 21:30:50.036434,-0.05,-0.85,1.00,22.52,-5.80,-14.04,6.27,46.28,-23.40,1
w,2022-10-16 21:30:50.055203,-0.05,-0.87,1.03,11.78,-3.78,-12.02,10.64,40.32,-21.51,1
w,2022-10-16 21:30:50.073284,-0.04,-0.90,1.02,6.41,-0.92,-7.69,10.64,40.32,-21.51,1
w,2022-10-16 21:30:50.091300,-0.03,-0.89,0.88,0.12,-8.36,-2.32,10.64,40.32,-21.51,1
w,2022-10-16 21:30:50.110520,-0.13,-0.78,1.19,-11.41,-16.91,-20.14,11.32,39.01,-21.66,1
w,2022-10-16 21:30:50.128223,-0.09,-0.70,1.02,2.75,15.56,6.41,11.32,39.01,-21.66,1
w,2022-10-16 21:30:50.146958,-0.08,-0.71,1.02,2.26,24.90,14.71,8.58,41.35,-21.04,1
w,2022-10-16 21:30:50.165081,-0.07,-0.69,1.00,-0.67,34.30,12.88,8.58,41.35,-21.04,1
w,2022-10-16 21:30:50.183102,-0.04,-0.64,0.93,-3.97,43.58,16.24,8.58,41.35,-21.04,1
w,2022-10-16 21:30:50.202114,-0.02,-0.63,0.82,-7.08,46.02,17.21,4.15,47.27,-25.37,1
w,2022-10-16 21:30:50.220142,-0.01,-0.61,0.74,-11.41,40.53,15.14,4.15,47.27,-25.37,1
w,2022-10-16 21:30:50.238325,-0.01,-0.57,0.70,-13.61,31.80,9.89,4.15,47.27,-25.37,1
w,2022-10-16 21:30:50.257123,-0.02,-0.54,0.68,-8.48,23.62,7.14,3.53,53.27,-31.27,1
w,2022-10-16 21:30:50.275180,-0.04,-0.55,0.60,-6.90,19.10,7.93,3.53,53.27,-31.27,1
w,2022-10-16 21:30:50.294301,-0.04,-0.58,0.58,-15.63,19.41,7.93,6.75,58.04,-36.88,1
w,2022-10-16 21:30:50.312323,-0.09,-0.60,0.54,-30.94,28.44,7.32,6.75,58.04,-36.88,1
w,2022-10-16 21:30:50.330243,-0.49,-0.78,0.54,-33.26,36.99,11.35,6.75,58.04,-36.88,1
w,2022-10-16 21:30:50.349261,-0.13,-0.84,0.42,-4.70,23.13,21.06,14.77,58.85,-39.53,1
w,2022-10-16 21:30:50.367456,-0.05,-0.94,0.35,-34.85,18.86,18.62,14.77,58.85,-39.53,1
w,2022-10-16 21:30:50.385306,-0.01,-0.86,0.34,-48.10,-1.59,29.66,14.77,58.85,-39.53,1
w,2022-10-16 21:30:50.404277,0.01,-0.79,0.38,-52.61,-20.57,36.38,24.95,55.98,-39.83,1
w,2022-10-16 21:30:50.422224,0.06,-0.70,0.36,-64.51,-25.45,46.51,24.95,55.98,-39.83,1
w,2022-10-16 21:30:50.440168,0.10,-0.66,0.37,-60.24,-35.03,53.89,24.95,55.98,-39.83,1
w,2022-10-16 21:30:50.459215,0.10,-0.67,0.42,-59.94,-44.49,57.37,33.29,52.62,-37.28,1
