Q,2022-11-08 16:24:04.865259,1.398285,9.582084,0.636890,0.207625,0.051292,-0.623669,-32.690792,1.618286,52.698268,1
Q,2022-11-08 16:24:04.960113,1.283357,9.835883,0.158025,0.443052,-0.454317,0.361050,-16.077438,-4.315431,71.185859,1
Q,2022-11-08 16:24:05.057965,0.090984,10.017850,-0.459710,0.615227,0.079522,-0.356549,-16.077438,-4.315431,71.185859,1
Q,2022-11-08 16:24:05.153644,0.656045,7.551697,1.015193,0.263818,-0.137396,1.819553,-3.215488,14.384768,116.108978,1
Q,2022-11-08 16:24:05.235200,5.099909,6.364112,1.058291,-1.172313,1.050658,1.476133,-33.583984,39.558113,105.050979,1
Q,2022-11-08 16:24:05.329928,6.795091,13.087374,2.518829,-0.717971,-0.236866,-1.687218,-42.694530,-31.826299,88.291198,1
Q,2022-11-08 16:24:05.425585,-1.843629,11.234168,1.786165,1.299271,-1.029968,-0.377456,11.790122,-45.312019,120.946853,1
Q,2022-11-08 16:24:05.522432,5.535676,6.095948,0.828436,0.405634,0.396310,1.422336,11.790122,-45.312019,120.946853,1
Q,2022-11-08 16:24:05.618118,2.897132,8.461541,-1.149275,-0.411703,0.289382,-1.857663,-30.547132,33.984012,109.716072,1
Q,2022-11-08 16:24:05.714145,3.519656,8.049716,-0.828436,-0.706653,0.159551,1.030579,-25.366624,-4.675050,83.626106,1
Q,2022-11-08 16:24:05.809319,4.673720,8.528581,1.795743,-1.100407,-0.704924,-0.769745,-17.327905,-56.999641,99.349197,1
Q,2022-11-08 16:24:05.905324,-1.206739,11.502331,2.676854,-0.078670,-0.133401,-0.739385,-17.327905,-56.999641,99.349197,1
Q,2022-11-08 16:24:06.001414,3.969789,13.872712,8.418442,0.015341,0.008814,0.461320,35.727642,-115.797386,41.813053,1
