D,2022-10-21 11:36:46.234093,-1.43,-0.22,0.53,-20.57,-3.23,14.53,60.89,13.43,-87.01,1
D,2022-10-21 11:36:46.249739,0.18,-0.43,0.88,17.70,1.95,22.34,63.66,8.68,-83.81,1
D,2022-10-21 11:36:46.265355,0.15,-0.29,0.78,7.51,4.27,2.50,63.66,8.68,-83.81,1
D,2022-10-21 11:36:46.296594,0.13,-0.28,0.76,-17.46,24.41,4.27,64.61,7.97,-84.52,1
D,2022-10-21 11:36:46.312221,0.09,-0.22,0.51,-14.95,-5.74,-13.06,64.61,7.97,-84.52,1
D,2022-10-21 11:36:46.327864,0.09,-0.12,0.57,2.01,-40.34,-10.93,64.61,7.97,-84.52,1
D,2022-10-21 11:36:46.343486,0.09,-0.11,0.66,5.43,-52.80,-18.37,62.56,12.55,-95.91,1
D,2022-10-21 11:36:46.359102,0.13,-0.18,0.87,9.09,-58.65,-26.12,62.56,12.55,-95.91,1
D,2022-10-21 11:36:46.390350,0.14,-0.32,1.02,7.57,-44.68,-19.47,62.56,12.55,-95.91,1
D,2022-10-21 11:36:46.405996,0.16,-0.46,1.15,2.32,-43.58,-12.02,51.53,19.38,-109.30,1
D,2022-10-21 11:36:46.421606,0.17,-0.45,1.31,-11.54,-42.30,-7.45,51.53,19.38,-109.30,1
D,2022-10-21 11:36:46.437250,0.16,-0.30,1.58,-19.84,-24.54,1.59,38.38,21.68,-110.45,1
D,2022-10-21 11:36:46.468480,0.03,-0.19,1.36,6.65,-5.43,13.24,38.38,21.68,-110.45,1
D,2022-10-21 11:36:46.484107,0.04,-0.27,1.60,39.73,16.24,23.38,38.38,21.68,-110.45,1
D,2022-10-21 11:36:46.499788,0.07,-0.39,1.39,31.43,54.57,20.81,44.46,22.11,-109.80,1
D,2022-10-21 11:36:46.515379,0.21,-0.52,1.07,-0.06,77.21,23.13,44.46,22.11,-109.80,1
D,2022-10-21 11:36:46.531005,0.30,-0.40,0.89,-12.76,79.22,31.92,44.46,22.11,-109.80,1
D,2022-10-21 11:36:46.546632,0.34,-0.30,0.76,-14.71,70.31,29.97,58.58,17.70,-99.06,1
D,2022-10-21 11:36:46.577862,0.36,-0.18,0.62,-16.30,57.19,25.09,58.58,17.70,-99.06,1
D,2022-10-21 11:36:46.593490,0.38,-0.20,0.50,-22.95,28.02,14.83,64.87,10.52,-86.41,1
D,2022-10-21 11:36:46.609116,0.15,-0.24,0.56,-28.32,2.26,17.03,64.87,10.52,-86.41,1
D,2022-10-21 11:36:46.624758,-0.09,0.15,1.08,-20.51,-15.99,19.96,64.87,10.52,-86.41,1
D,2022-10-21 11:36:46.640391,0.05,-0.02,0.65,26.43,-2.14,29.79,65.67,5.07,-83.96,1
D,2022-10-21 11:36:46.671620,0.18,-0.18,0.79,-3.91,0.06,13.43,65.67,5.07,-83.96,1
D,2022-10-21 11:36:46.687244,0.08,0.23,0.78,-24.17,15.99,8.36,65.67,5.07,-83.96,1
D,2022-10-21 11:36:46.702891,0.14,0.16,0.81,2.81,4.58,-21.97,67.40,4.75,-82.86,1
D,2022-10-21 11:36:46.718520,0.14,0.16,0.82,36.07,-11.29,-32.10,67.40,4.75,-82.86,1
D,2022-10-21 11:36:46.734142,0.13,0.08,0.88,60.61,-17.70,-64.39,74.99,14.01,-88.02,1
D,2022-10-21 11:36:46.749757,0.17,-0.34,0.76,57.19,-13.79,-80.93,74.99,14.01,-88.02,1
D,2022-10-21 11:36:46.781000,0.20,-0.69,0.70,56.40,-17.46,-70.74,74.99,14.01,-88.02,1
D,2022-10-21 11:36:46.796650,0.18,-0.72,0.71,48.77,-25.21,-43.76,79.48,30.79,-95.58,1
D,2022-10-21 11:36:46.812253,0.18,-0.82,0.73,24.66,-36.68,-31.19,79.48,30.79,-95.58,1
D,2022-10-21 11:36:46.827901,0.17,-0.89,0.70,-0.43,-43.52,-26.86,79.48,30.79,-95.58,1
D,2022-10-21 11:36:46.859132,0.19,-0.99,0.71,-10.38,-55.91,-8.97,68.80,38.68,-103.92,1
D,2022-10-21 11:36:46.874755,0.17,-0.85,0.85,-18.49,-68.97,39.92,68.80,38.68,-103.92,1
D,2022-10-21 11:36:46.890402,0.12,-0.42,1.11,-40.10,-62.07,51.33,46.58,30.73,-110.99,1
D,2022-10-21 11:36:46.906031,0.08,-0.08,1.36,-60.85,-48.58,47.85,46.58,30.73,-110.99,1
D,2022-10-21 11:36:46.921657,0.04,0.24,1.54,-31.01,-15.56,42.24,46.58,30.73,-110.99,1
D,2022-10-21 11:36:46.952886,-0.23,0.17,1.64,1.22,5.68,37.35,33.39,23.66,-109.02,1
D,2022-10-21 11:36:46.968511,-0.30,0.13,1.63,27.04,35.71,29.48,33.39,23.66,-109.02,1
D,2022-10-21 11:36:46.984161,-0.14,0.04,1.44,54.14,71.29,22.77,33.39,23.66,-109.02,1
D,2022-10-21 11:36:46.999762,0.18,-0.07,0.99,61.83,84.23,-1.46,46.39,27.25,-103.91,1
D,2022-10-21 11:36:47.015409,0.23,-0.24,0.83,60.06,76.17,-16.24,46.39,27.25,-103.91,1
D,2022-10-21 11:36:47.046641,0.28,-0.35,0.64,55.85,64.03,-20.94,61.45,36.21,-92.16,1
D,2022-10-21 11:36:47.062266,0.33,-0.40,0.54,31.37,40.04,-26.43,61.45,36.21,-92.16,1
D,2022-10-21 11:36:47.077912,0.42,-0.38,0.39,20.02,21.24,-29.11,61.45,36.21,-92.16,1
D,2022-10-21 11:36:47.093538,0.42,-0.41,0.41,6.47,-9.34,-38.02,67.30,44.91,-84.83,1
D,2022-10-21 11:36:47.109167,0.25,-0.49,0.57,-10.44,-29.30,-37.29,67.30,44.91,-84.83,1
D,2022-10-21 11:36:47.140396,0.12,-0.49,0.78,-19.84,-27.22,-25.21,67.30,44.91,-84.83,1
D,2022-10-21 11:36:47.156042,0.15,-0.49,0.84,-27.34,-10.62,-22.40,70.41,50.00,-83.79,1
D,2022-10-21 11:36:47.171668,0.15,-0.48,0.83,-34.97,-4.03,-18.43,70.41,50.00,-83.79,1
D,2022-10-21 11:36:47.187273,0.16,-0.44,0.99,-37.29,-1.22,-15.38,73.19,52.91,-83.84,1
D,2022-10-21 11:36:47.218526,0.13,-0.43,1.04,-39.31,6.47,-19.17,73.19,52.91,-83.84,1
