F,2022-10-21 10:34:37.394554,-0.23,0.29,0.94,-18.37,11.72,6.90,131.03,11.23,-81.79,1
F,2022-10-21 10:34:37.410177,-0.14,0.34,0.85,-22.52,2.38,3.17,131.03,11.23,-81.79,1
F,2022-10-21 10:34:37.425805,-0.20,0.39,0.87,-38.82,11.29,5.92,131.73,4.83,-77.77,1
F,2022-10-21 10:34:37.441430,-0.15,0.42,0.81,-40.16,6.90,4.70,131.73,4.83,-77.77,1
F,2022-10-21 10:34:37.472681,-0.17,0.44,0.83,-46.20,2.14,-0.31,131.73,4.83,-77.77,1
F,2022-10-21 10:34:37.488308,-0.19,0.52,0.85,-43.52,-1.04,-0.12,132.31,-0.26,-70.81,1
F,2022-10-21 10:34:37.503937,-0.19,0.55,0.86,-45.84,-0.85,-14.89,132.31,-0.26,-70.81,1
F,2022-10-21 10:34:37.519561,-0.21,0.48,0.88,-41.20,-1.53,-16.48,136.02,-3.28,-64.42,1
F,2022-10-21 10:34:37.535186,-0.17,0.42,0.86,-29.05,-2.81,-5.74,136.02,-3.28,-64.42,1
F,2022-10-21 10:34:37.566440,-0.26,0.54,0.94,-48.77,2.93,-9.22,136.02,-3.28,-64.42,1
F,2022-10-21 10:34:37.582066,-0.27,0.55,0.96,-42.66,5.92,-10.62,139.05,-5.36,-55.49,1
F,2022-10-21 10:34:37.597691,-0.22,0.50,0.90,-38.88,9.77,-14.89,139.05,-5.36,-55.49,1
F,2022-10-21 10:34:37.613317,-0.17,0.43,0.82,-42.66,8.97,-18.80,139.05,-5.36,-55.49,1
F,2022-10-21 10:34:37.644568,-0.13,0.43,0.74,-39.25,4.52,-14.28,140.75,-5.32,-46.57,1
F,2022-10-21 10:34:37.660195,-0.17,0.45,0.74,-43.03,0.98,-15.26,140.75,-5.32,-46.57,1
F,2022-10-21 10:34:37.675821,-0.24,0.59,0.85,-41.02,-0.37,-14.95,144.03,-5.13,-35.63,1
F,2022-10-21 10:34:37.691447,-0.19,0.54,0.79,-29.11,8.30,-18.31,144.03,-5.13,-35.63,1
F,2022-10-21 10:34:37.707073,-0.16,0.50,0.75,-18.62,1.65,-11.96,144.03,-5.13,-35.63,1
F,2022-10-21 10:34:37.738324,-0.22,0.51,0.78,-20.08,-5.68,-8.12,149.41,-4.50,-22.89,1
F,2022-10-21 10:34:37.753953,-0.29,0.60,0.87,-18.62,-1.89,-8.54,149.41,-4.50,-22.89,1
F,2022-10-21 10:34:37.769599,-0.22,0.64,0.79,-15.63,3.05,-14.34,149.41,-4.50,-22.89,1
F,2022-10-21 10:34:37.785207,-0.27,0.57,0.81,-7.63,-2.32,-19.10,154.71,-3.86,-11.17,1
F,2022-10-21 10:34:37.800848,-0.29,0.52,0.83,13.55,-5.80,-6.71,154.71,-3.86,-11.17,1
F,2022-10-21 10:34:37.832081,-0.32,0.55,0.87,12.70,1.40,-6.04,158.09,-3.72,-5.35,1
F,2022-10-21 10:34:37.847707,-0.19,0.54,0.75,-0.73,13.73,-17.58,158.09,-3.72,-5.35,1
F,2022-10-21 10:34:37.863334,-0.15,0.45,0.78,-6.71,7.39,-18.62,158.09,-3.72,-5.35,1
F,2022-10-21 10:34:37.878960,-0.20,0.50,0.80,-2.50,-0.49,-1.77,157.71,-1.56,-3.38,1
F,2022-10-21 10:34:37.894609,-0.22,0.52,0.80,3.85,1.34,0.06,157.71,-1.56,-3.38,1
F,2022-10-21 10:34:37.925837,-0.19,0.50,0.83,5.25,4.46,0.31,157.71,-1.56,-3.38,1
F,2022-10-21 10:34:37.941482,-0.10,0.50,0.80,2.69,6.10,1.46,157.08,-2.80,-4.65,1
F,2022-10-21 10:34:37.957109,-0.09,0.50,0.78,-7.69,0.98,3.42,157.08,-2.80,-4.65,1
F,2022-10-21 10:34:37.972738,-0.17,0.60,0.89,-19.78,10.07,-6.04,155.79,-1.54,-6.24,1
F,2022-10-21 10:34:37.988360,-0.06,0.55,0.78,-9.52,11.17,-4.58,155.79,-1.54,-6.24,1
F,2022-10-21 10:34:38.019611,-0.01,0.54,0.72,-0.43,1.89,1.89,155.79,-1.54,-6.24,1
F,2022-10-21 10:34:38.035237,-0.05,0.54,0.75,-9.70,-5.37,-4.33,154.05,-1.64,-6.24,1
F,2022-10-21 10:34:38.050868,-0.04,0.53,0.72,-17.52,-2.50,-10.93,154.05,-1.64,-6.24,1
F,2022-10-21 10:34:38.066490,0.04,0.54,0.59,-21.73,-2.93,-12.15,154.05,-1.64,-6.24,1
F,2022-10-21 10:34:38.082119,-1.77,0.52,1.31,28.08,-7.08,-1.77,160.06,0.02,0.01,1
F,2022-10-21 10:34:38.113366,-0.05,0.15,0.69,29.24,-0.18,8.48,160.06,0.02,0.01,1
F,2022-10-21 10:34:38.128992,-0.13,0.55,0.76,-15.87,-13.85,10.25,165.11,-6.02,0.81,1
F,2022-10-21 10:34:38.144619,-0.17,0.62,0.72,-22.89,-17.64,3.85,165.11,-6.02,0.81,1
F,2022-10-21 10:34:38.160249,-0.15,0.55,0.66,-16.24,-28.02,13.55,165.11,-6.02,0.81,1
F,2022-10-21 10:34:38.175871,-0.20,0.50,0.64,-8.97,-26.61,11.29,174.80,-11.54,-0.62,1
F,2022-10-21 10:34:38.191496,-0.18,0.49,0.64,-10.74,-26.31,8.42,174.80,-11.54,-0.62,1
F,2022-10-21 10:34:38.222747,-0.15,0.53,0.63,-1.53,-33.69,13.18,174.80,-11.54,-0.62,1
F,2022-10-21 10:34:38.238373,-0.20,0.44,0.68,14.89,-45.59,16.85,190.45,-23.13,-6.81,1
F,2022-10-21 10:34:38.254001,-0.21,0.40,0.67,-8.24,-42.36,14.16,190.45,-23.13,-6.81,1
F,2022-10-21 10:34:38.269626,-0.26,0.54,0.70,-16.97,-38.21,13.73,209.44,-41.76,-17.32,1
F,2022-10-21 10:34:38.285255,-0.22,0.51,0.65,-10.74,-36.50,16.17,209.44,-41.76,-17.32,1
F,2022-10-21 10:34:38.316741,-0.29,0.48,0.68,-2.01,-40.95,24.84,209.44,-41.76,-17.32,1
F,2022-10-21 10:34:38.332412,-0.32,0.52,0.76,-6.04,-39.61,24.66,223.94,-65.73,-34.64,1
F,2022-10-21 10:34:38.348022,-0.38,0.62,0.81,-9.58,-35.64,23.62,223.94,-65.73,-34.64,1
F,2022-10-21 10:34:38.363651,-0.45,0.64,0.84,-16.66,-26.31,16.60,223.94,-65.73,-34.64,1
F,2022-10-21 10:34:38.379277,-0.48,0.79,0.91,-3.17,-21.24,18.92,228.60,-88.33,-48.27,1
F,2022-10-21 10:34:38.410506,-0.51,0.84,1.03,9.70,-13.67,16.11,228.60,-88.33,-48.27,1
F,2022-10-21 10:34:38.426150,-0.47,0.86,1.05,20.02,1.89,7.69,227.00,-99.26,-57.31,1
F,2022-10-21 10:34:38.441781,-0.33,0.80,0.94,42.60,11.90,14.10,227.00,-99.26,-57.31,1
F,2022-10-21 10:34:38.457404,-0.44,0.79,1.20,70.50,-7.45,28.38,227.00,-99.26,-57.31,1
F,2022-10-21 10:34:38.473029,-0.48,0.71,1.04,49.19,41.81,-7.08,227.08,-95.84,-59.45,1
F,2022-10-21 10:34:38.504280,-0.51,0.64,1.04,35.46,53.53,-12.45,227.08,-95.84,-59.45,1
F,2022-10-21 10:34:38.519905,-0.31,0.59,0.93,32.65,58.29,-9.58,227.08,-95.84,-59.45,1
F,2022-10-21 10:34:38.535533,-0.33,0.51,0.85,0.00,54.38,-26.86,220.34,-72.05,-40.77,1
F,2022-10-21 10:34:38.551159,-0.29,0.39,0.75,-1.16,55.36,-22.77,220.34,-72.05,-40.77,1
F,2022-10-21 10:34:38.566788,-0.17,0.29,0.64,-3.66,53.04,-18.31,201.28,-43.97,-23.62,1
F,2022-10-21 10:34:38.598019,-0.10,0.40,0.62,-17.21,41.81,-16.42,201.28,-43.97,-23.62,1
F,2022-10-21 10:34:38.613661,-0.12,0.42,0.67,-10.99,27.53,-14.53,201.28,-43.97,-23.62,1
F,2022-10-21 10:34:38.629287,-0.16,0.46,0.73,-5.13,22.03,-10.80,181.79,-27.48,-16.77,1
F,2022-10-21 10:34:38.644904,-0.13,0.49,0.71,-2.93,22.89,-11.54,181.79,-27.48,-16.77,1
F,2022-10-21 10:34:38.660540,-0.06,0.55,0.71,-9.89,21.48,-18.86,181.79,-27.48,-16.77,1
F,2022-10-21 10:34:38.691791,-0.06,0.49,0.65,-11.47,17.58,-21.73,168.55,-17.59,-10.71,1
F,2022-10-21 10:34:38.707417,-0.07,0.45,0.65,-5.80,3.72,-15.08,168.55,-17.59,-10.71,1
F,2022-10-21 10:34:38.723048,-0.07,0.51,0.64,-0.98,-7.39,-10.01,166.78,-11.95,-4.65,1
F,2022-10-21 10:34:38.738670,-0.11,0.66,0.67,-11.60,-6.65,-24.54,166.78,-11.95,-4.65,1
F,2022-10-21 10:34:38.754299,-0.20,0.36,0.78,75.13,-10.38,24.29,166.78,-11.95,-4.65,1
F,2022-10-21 10:34:38.785544,-0.19,0.23,0.77,34.18,-7.45,9.22,169.84,-12.63,-2.91,1
F,2022-10-21 10:34:38.801163,-0.25,0.51,0.81,-24.11,-1.46,-24.72,169.84,-12.63,-2.91,1
F,2022-10-21 10:34:38.816800,-0.20,0.68,0.68,-32.35,-4.15,-22.34,169.84,-12.63,-2.91,1
F,2022-10-21 10:34:38.832407,-0.21,0.83,0.80,-25.09,-9.58,-27.77,170.61,-8.73,-1.76,1
F,2022-10-21 10:34:38.848032,-0.21,0.82,0.80,10.56,-13.06,-15.08,170.61,-8.73,-1.76,1
F,2022-10-21 10:34:38.879284,-0.23,0.53,0.76,42.66,-14.22,-26.37,173.39,-3.91,-4.00,1
F,2022-10-21 10:34:38.894913,-0.16,0.48,0.73,26.12,-15.93,-35.40,173.39,-3.91,-4.00,1
F,2022-10-21 10:34:38.910535,-0.18,0.58,0.74,13.37,-22.64,-38.27,173.39,-3.91,-4.00,1
F,2022-10-21 10:34:38.926180,-0.17,0.47,0.70,4.39,-31.43,-42.42,179.61,5.86,-11.71,1
F,2022-10-21 10:34:38.941790,-0.18,0.53,0.74,-13.98,-26.37,-38.88,179.61,5.86,-11.71,1
F,2022-10-21 10:34:38.957417,-0.18,0.52,0.76,-14.10,-22.34,-40.28,179.61,5.86,-11.71,1
F,2022-10-21 10:34:38.988819,-0.16,0.45,0.81,-10.80,-17.21,-39.49,186.29,19.18,-19.21,1
F,2022-10-21 10:34:39.004459,-0.15,0.38,0.86,-8.91,-13.18,-33.14,186.29,19.18,-19.21,1
F,2022-10-21 10:34:39.020086,-0.15,0.38,0.91,-2.62,-10.74,-14.83,186.29,19.18,-19.21,1
F,2022-10-21 10:34:39.035712,-0.16,0.46,0.95,7.14,-6.10,-0.67,192.35,27.65,-28.16,1
F,2022-10-21 10:34:39.051337,-0.15,0.49,0.95,20.57,-2.81,8.30,192.35,27.65,-28.16,1
F,2022-10-21 10:34:39.082590,-0.16,0.45,0.95,42.05,-0.31,19.04,193.63,26.79,-29.99,1
F,2022-10-21 10:34:39.098218,-0.20,0.30,1.04,45.35,-5.31,17.21,193.63,26.79,-29.99,1
F,2022-10-21 10:34:39.113846,-0.26,0.11,0.88,29.30,13.00,28.87,193.63,26.79,-29.99,1
F,2022-10-21 10:34:39.129467,-0.21,0.11,0.83,15.01,14.59,42.11,189.51,18.59,-28.64,1
F,2022-10-21 10:34:39.145094,-0.21,0.19,0.83,-11.41,15.56,49.74,189.51,18.59,-28.64,1
F,2022-10-21 10:34:39.176345,-0.23,0.21,0.79,-19.65,20.69,57.62,182.32,3.93,-24.67,1
F,2022-10-21 10:34:39.191971,-0.10,0.40,0.65,-31.86,23.99,60.30,182.32,3.93,-24.67,1
F,2022-10-21 10:34:39.207601,-0.09,0.64,0.67,-35.52,11.47,45.96,182.32,3.93,-24.67,1
F,2022-10-21 10:34:39.223226,-0.11,0.63,0.69,-13.67,-4.64,38.94,176.92,-12.66,-25.43,1
F,2022-10-21 10:34:39.238849,-0.10,0.50,0.62,8.97,-26.18,35.10,176.92,-12.66,-25.43,1
F,2022-10-21 10:34:39.256554,-0.20,0.65,0.74,-0.98,-34.06,31.31,176.92,-12.66,-25.43,1
F,2022-10-21 10:34:39.287807,-0.27,0.82,0.84,-6.16,-30.76,18.49,181.42,-29.19,-29.59,1
F,2022-10-21 10:34:39.303433,-0.28,0.66,0.83,4.09,-23.32,-1.53,181.42,-29.19,-29.59,1
F,2022-10-21 10:34:39.319059,-0.28,0.62,0.82,10.86,-25.33,2.01,181.42,-29.19,-29.59,1
F,2022-10-21 10:34:39.334686,-0.29,0.63,0.83,7.39,-28.87,-2.26,188.83,-38.10,-31.73,1
F,2022-10-21 10:34:39.350312,-0.37,0.68,0.90,1.65,-15.08,-17.58,188.83,-38.10,-31.73,1
F,2022-10-21 10:34:39.381565,-0.28,0.53,0.80,1.83,-6.16,-23.38,197.96,-41.65,-30.70,1
F,2022-10-21 10:34:39.397189,-0.19,0.46,0.71,1.22,-7.26,-17.09,197.96,-41.65,-30.70,1
F,2022-10-21 10:34:39.412819,-0.24,0.50,0.78,-8.85,-12.82,-13.92,197.96,-41.65,-30.70,1
F,2022-10-21 10:34:39.428443,-0.29,0.41,0.81,-17.70,-7.87,-6.16,210.72,-42.76,-29.36,1
F,2022-10-21 10:34:39.444068,-0.32,0.55,0.82,21.06,0.49,8.85,210.72,-42.76,-29.36,1
F,2022-10-21 10:34:39.475321,-0.28,0.47,0.81,15.20,1.04,7.87,214.60,-45.29,-28.27,1
F,2022-10-21 10:34:39.490946,-0.31,0.45,0.76,4.58,-1.22,6.47,214.60,-45.29,-28.27,1
F,2022-10-21 10:34:39.506572,-0.29,0.42,0.75,-9.64,5.49,-1.71,214.60,-45.29,-28.27,1
F,2022-10-21 10:34:39.522198,-0.29,0.49,0.78,-26.00,9.34,-6.77,214.90,-46.07,-28.02,1
F,2022-10-21 10:34:39.537827,-0.28,0.57,0.77,-32.84,8.97,-6.23,214.90,-46.07,-28.02,1
F,2022-10-21 10:34:39.569075,-0.27,0.76,0.74,-16.85,-20.87,-9.28,214.90,-46.07,-28.02,1
F,2022-10-21 10:34:39.584702,-0.32,0.75,0.65,49.44,-39.37,-15.38,219.37,-43.74,-30.19,1
F,2022-10-21 10:34:39.600351,-0.33,0.48,0.70,64.58,-51.39,-32.04,219.37,-43.74,-30.19,1
F,2022-10-21 10:34:39.615955,-0.32,0.35,0.68,36.19,-45.65,-41.14,235.89,-33.53,-44.12,1
F,2022-10-21 10:34:39.631579,-0.31,0.53,0.70,-11.72,-36.93,-48.10,235.89,-33.53,-44.12,1
F,2022-10-21 10:34:39.662831,-0.32,0.57,0.74,-10.19,-34.24,-43.15,235.89,-33.53,-44.12,1
F,2022-10-21 10:34:39.678457,-0.33,0.51,0.80,1.95,-30.70,-33.75,247.16,-16.22,-61.35,1
F,2022-10-21 10:34:39.694102,-0.33,0.44,0.86,9.22,-17.88,-13.55,247.16,-16.22,-61.35,1
F,2022-10-21 10:34:39.709728,-0.40,0.45,1.00,7.69,-3.30,-0.79,247.16,-16.22,-61.35,1
F,2022-10-21 10:34:39.725355,-0.52,0.50,1.08,5.80,15.50,10.13,251.38,-3.72,-71.37,1
F,2022-10-21 10:34:39.756607,-0.60,0.34,1.11,23.32,31.56,25.76,251.38,-3.72,-71.37,1
F,2022-10-21 10:34:39.772241,-0.53,0.26,1.01,44.74,48.95,55.05,234.90,-4.33,-66.63,1
F,2022-10-21 10:34:39.787860,-0.29,0.45,0.82,5.86,56.34,44.01,234.90,-4.33,-66.63,1
F,2022-10-21 10:34:39.803486,-0.17,0.59,0.73,-3.60,46.39,26.67,234.90,-4.33,-66.63,1
F,2022-10-21 10:34:39.819111,-0.10,0.65,0.62,-5.07,29.30,9.64,209.29,-5.02,-60.19,1
F,2022-10-21 10:34:39.850362,-0.07,0.61,0.54,-4.94,8.42,-7.32,209.29,-5.02,-60.19,1
F,2022-10-21 10:34:39.865970,-0.19,0.59,0.67,2.99,-4.58,-8.79,209.29,-5.02,-60.19,1
F,2022-10-21 10:34:39.881619,-0.23,0.54,0.74,6.53,-5.37,-13.37,202.73,2.22,-64.86,1
F,2022-10-21 10:34:39.897245,-0.23,0.50,0.77,4.88,-4.46,-16.36,202.73,2.22,-64.86,1
F,2022-10-21 10:34:39.912867,-0.31,0.49,0.90,0.12,-4.09,-19.29,203.05,11.91,-69.47,1
F,2022-10-21 10:34:39.944117,-0.28,0.43,0.90,2.93,0.67,-20.39,203.05,11.91,-69.47,1
F,2022-10-21 10:34:39.959743,-0.27,0.29,0.87,2.08,3.91,-18.62,203.05,11.91,-69.47,1
F,2022-10-21 10:34:39.975375,-0.33,0.36,0.92,-2.38,5.25,-11.41,200.45,19.89,-73.34,1
