l,2022-09-29 16:52:23.980046,-3.739934,9.591661,0.344783,-0.009103,0.128277,0.046088,1.581387,80.480903,-84.367012,1
l,2022-09-29 16:52:24.107668,-3.874016,9.036178,0.258587,-0.279018,0.156640,-0.184013,-7.379808,83.134117,-80.106048,1
l,2022-09-29 16:52:24.235625,-4.429499,8.705761,0.521963,-0.304186,-0.073327,0.217332,-8.258357,84.372283,-79.935615,1
l,2022-09-29 16:52:24.363578,-3.806975,9.438425,0.282530,0.132313,-0.216208,0.153282,-9.312615,83.664764,-77.890350,1
l,2022-09-29 16:52:24.491498,-4.563581,8.744071,0.220278,0.034707,-0.039371,0.178449,-2.987065,79.773376,-61.528266,1
l,2022-09-29 16:52:24.619409,-4.338514,8.437597,0.220278,-0.051048,0.052243,0.095091,9.839744,82.426597,-54.199413,1
l,2022-09-29 16:52:24.747391,-3.864439,8.739282,0.316051,-0.043591,0.078608,0.169794,21.436584,83.841644,-59.312564,1
l,2022-09-29 16:52:24.875318,-4.051196,8.902096,0.191546,-0.037865,0.036397,0.181512,29.870651,84.549171,-69.879745,1
l,2022-09-29 16:52:25.003257,-3.730356,8.811112,0.181969,0.009939,0.064360,0.163402,31.276329,82.426597,-77.719917,1
l,2022-09-29 16:52:25.131224,-3.840495,8.547736,-0.038309,-0.097122,0.158904,0.039164,28.289262,77.297042,-76.526847,1
l,2022-09-29 16:52:25.259178,-3.682470,8.892518,-0.028732,-0.098720,0.174084,-0.003048,19.855197,74.113182,-70.731941,1
l,2022-09-29 16:52:25.387058,-3.639372,8.926039,0.090984,-0.203117,0.085000,0.072720,19.855197,74.113182,-70.731941,1
l,2022-09-29 16:52:25.515009,-3.562754,8.614777,0.296896,-0.320298,0.064627,0.198290,4.392743,74.820709,-71.413696,1
l,2022-09-29 16:52:25.643051,-3.112621,9.538986,0.651256,-0.312974,0.068089,0.140765,-1.581387,85.787338,-69.368431,1
l,2022-09-29 16:52:25.770930,-3.059946,9.754475,0.857168,-0.187138,-0.034045,-0.041531,-3.514194,94.100746,-50.449768,1
l,2022-09-29 16:52:25.898887,-4.266685,8.480695,0.785338,0.258682,-0.082782,-0.265107,11.948261,98.699653,-26.588392,1
l,2022-09-29 16:52:26.026908,-3.414306,9.165472,0.675199,0.258149,-0.124194,0.362343,22.490842,100.468467,-23.861377,1
l,2022-09-29 16:52:26.154822,-8.844633,7.451135,2.954596,1.089068,-0.020596,0.450362,24.072229,99.584060,-28.122337,1
