F,2022-10-19 18:44:29.570646,0.24,-0.19,0.94,-3.66,-1.71,-4.88,-9.74,2.82,-31.51,1
F,2022-10-19 18:44:29.589465,0.27,-0.28,0.88,-1.65,1.89,-4.03,-11.73,3.48,-32.57,1
F,2022-10-19 18:44:29.607534,0.25,-0.26,0.89,-2.81,-1.95,0.00,-11.73,3.48,-32.57,1
F,2022-10-19 18:44:29.625282,0.22,-0.31,0.89,2.50,-5.62,3.85,0.00,0.00,0.00,1
F,2022-10-19 18:44:29.644399,0.22,-0.28,0.90,1.46,-6.53,7.57,-13.55,4.06,-32.64,1
F,2022-10-19 18:44:29.662696,0.22,-0.22,0.91,-10.13,-4.52,-1.89,-13.55,4.06,-32.64,1
F,2022-10-19 18:44:29.681446,0.20,-0.22,0.94,-14.04,0.12,-6.96,-16.00,4.71,-32.93,1
F,2022-10-19 18:44:29.699534,0.23,-0.25,0.87,-9.16,1.65,-4.09,-16.00,4.71,-32.93,1
F,2022-10-19 18:44:29.717555,0.25,-0.26,0.83,-2.87,-4.58,3.30,-16.00,4.71,-32.93,1
F,2022-10-19 18:44:29.736401,0.26,-0.24,0.84,4.09,-16.11,10.74,-16.82,5.97,-34.14,1
F,2022-10-19 18:44:29.754599,0.23,-0.14,0.83,-7.20,-19.96,0.43,-16.82,5.97,-34.14,1
F,2022-10-19 18:44:29.772736,-0.85,-0.22,1.91,-23.44,-18.55,-15.32,-16.82,5.97,-34.14,1
F,2022-10-19 18:44:29.791377,0.18,-0.15,0.86,2.99,10.44,-7.08,-18.65,6.48,-32.39,1
F,2022-10-19 18:44:29.809466,0.18,-0.31,0.88,10.25,14.71,-4.70,-18.65,6.48,-32.39,1
F,2022-10-19 18:44:29.828422,0.22,-0.13,0.92,-25.15,24.23,-2.75,-18.42,6.75,-32.98,1
F,2022-10-19 18:44:29.846572,0.34,-0.12,1.23,-0.73,-18.62,-9.70,-18.42,6.75,-32.98,1
F,2022-10-19 18:44:29.864453,0.18,-0.23,0.81,24.48,-18.92,-4.70,-18.42,6.75,-32.98,1
F,2022-10-19 18:44:29.883409,0.16,-0.18,0.77,8.54,-12.88,-4.94,-17.55,6.90,-27.76,1
F,2022-10-19 18:44:29.901501,0.17,-0.17,0.81,3.72,-12.51,-7.75,-17.55,6.90,-27.76,1
F,2022-10-19 18:44:29.919499,0.18,-0.19,0.87,2.44,-14.22,-7.32,-17.55,6.90,-27.76,1
F,2022-10-19 18:44:29.938597,0.19,-0.20,0.94,8.97,-17.88,-4.76,-15.08,6.77,-21.97,1
F,2022-10-19 18:44:29.956513,0.20,-0.19,0.90,12.82,-14.34,-3.23,-15.08,6.77,-21.97,1
F,2022-10-19 18:44:29.974462,0.22,-0.22,1.03,18.74,-13.98,-2.56,-15.08,6.77,-21.97,1
F,2022-10-19 18:44:29.993481,0.23,-0.25,1.07,8.61,-11.29,-4.58,-8.69,5.33,-16.55,1
F,2022-10-19 18:44:30.011501,0.22,-0.26,1.05,1.22,-10.13,-5.31,-8.69,5.33,-16.55,1
F,2022-10-19 18:44:30.030469,0.23,-0.26,1.08,0.31,-11.41,-5.00,-3.47,4.36,-14.18,1
F,2022-10-19 18:44:30.048542,0.22,-0.28,1.12,-0.49,-10.99,-2.01,-3.47,4.36,-14.18,1
F,2022-10-19 18:44:30.066528,0.23,-0.23,1.13,-1.46,-9.22,0.43,-3.47,4.36,-14.18,1
F,2022-10-19 18:44:30.085404,0.20,-0.23,1.06,2.26,-12.33,1.59,-1.65,4.44,-14.25,1
F,2022-10-19 18:44:30.103370,0.15,-0.20,1.05,8.36,-21.91,2.93,-1.65,4.44,-14.25,1
F,2022-10-19 18:44:30.121472,0.03,-0.21,1.14,13.12,-25.45,4.76,-1.65,4.44,-14.25,1
F,2022-10-19 18:44:30.140407,-0.16,-0.19,0.84,-7.20,64.51,19.96,-2.32,3.41,-13.17,1
F,2022-10-19 18:44:30.158281,0.25,-0.14,1.00,10.19,43.88,7.14,-2.32,3.41,-13.17,1
F,2022-10-19 18:44:30.177345,0.25,-0.30,0.93,1.10,37.23,-1.16,-7.28,4.20,-20.01,1
F,2022-10-19 18:44:30.195373,0.32,-0.27,0.85,-3.66,32.35,2.62,-7.28,4.20,-20.01,1
F,2022-10-19 18:44:30.213501,0.36,-0.24,0.82,-5.31,15.75,3.85,-7.28,4.20,-20.01,1
F,2022-10-19 18:44:30.232402,0.26,-0.24,0.88,-6.90,11.35,2.81,-11.63,4.48,-25.83,1
F,2022-10-19 18:44:30.250396,0.24,-0.24,0.83,-2.93,12.21,4.46,-11.63,4.48,-25.83,1
F,2022-10-19 18:44:30.268368,0.26,-0.31,0.75,-0.12,9.77,5.74,-11.63,4.48,-25.83,1
F,2022-10-19 18:44:30.287324,0.27,-0.36,0.73,-2.56,1.65,12.08,-13.77,5.60,-29.97,1
F,2022-10-19 18:44:30.305443,0.27,-0.28,0.79,-4.39,-11.47,20.81,-13.77,5.60,-29.97,1
F,2022-10-19 18:44:30.323486,0.20,-0.19,0.81,-13.49,-14.28,12.70,-13.77,5.60,-29.97,1
F,2022-10-19 18:44:30.342472,0.21,-0.16,0.83,-16.66,-12.82,5.31,-15.23,7.26,-29.30,1
F,2022-10-19 18:44:30.360542,0.07,-0.02,0.64,-21.06,-12.88,-0.24,-15.23,7.26,-29.30,1
F,2022-10-19 18:44:30.379449,0.14,0.17,1.10,-10.56,3.91,-10.50,-16.32,7.28,-29.74,1
F,2022-10-19 18:44:30.397485,0.20,-0.18,0.93,29.97,-0.98,2.87,-16.32,7.28,-29.74,1
F,2022-10-19 18:44:30.415498,0.24,-0.00,0.98,28.02,-3.78,11.60,-16.32,7.28,-29.74,1
F,2022-10-19 18:44:30.434541,0.21,-0.17,0.98,67.32,-7.81,19.41,-15.67,7.50,-27.86,1
F,2022-10-19 18:44:30.452226,0.16,0.14,0.96,60.42,2.14,-14.16,-15.67,7.50,-27.86,1
F,2022-10-19 18:44:30.470580,0.20,0.06,0.99,-52.80,20.51,-52.67,-15.67,7.50,-27.86,1
F,2022-10-19 18:44:30.489447,0.19,-0.05,0.89,-67.69,30.70,-73.43,-19.24,6.91,-30.09,1
F,2022-10-19 18:44:30.507592,0.25,-0.02,0.97,-17.70,21.30,-52.00,-19.24,6.91,-30.09,1
F,2022-10-19 18:44:30.526548,0.17,-0.11,0.95,15.75,14.71,-30.88,-24.94,5.91,-33.56,1
F,2022-10-19 18:44:30.544576,0.23,-0.27,0.88,53.53,7.75,-7.81,-24.94,5.91,-33.56,1
F,2022-10-19 18:44:30.562395,0.23,-0.33,0.89,57.74,5.00,-5.07,-24.94,5.91,-33.56,1
F,2022-10-19 18:44:30.581532,0.23,-0.47,0.85,44.37,5.00,-8.18,-27.49,5.16,-35.05,1
F,2022-10-19 18:44:30.599500,0.20,-0.68,0.79,29.05,3.60,-6.23,-27.49,5.16,-35.05,1
F,2022-10-19 18:44:30.617507,0.20,-0.74,0.80,23.74,-7.20,19.41,-27.49,5.16,-35.05,1
F,2022-10-19 18:44:30.636577,0.19,-0.43,0.85,-15.69,-1.59,5.49,-28.34,5.05,-34.35,1
F,2022-10-19 18:44:30.654483,0.07,-0.44,0.86,-26.73,-9.64,-3.66,-28.34,5.05,-34.35,1
F,2022-10-19 18:44:30.672511,-0.04,-0.40,0.99,7.87,-11.05,19.29,-28.34,5.05,-34.35,1
F,2022-10-19 18:44:30.691457,0.14,-0.26,0.81,12.70,9.52,26.73,-25.81,5.24,-33.15,1
F,2022-10-19 18:44:30.709563,0.37,-0.38,0.74,14.71,2.87,21.42,-25.81,5.24,-33.15,1
F,2022-10-19 18:44:30.728290,0.39,-0.37,0.74,6.47,-8.91,21.18,-20.96,5.76,-31.04,1
F,2022-10-19 18:44:30.746571,0.38,-0.29,0.77,-7.08,-21.00,16.42,-20.96,5.76,-31.04,1
F,2022-10-19 18:44:30.764546,0.25,-0.26,0.91,-17.76,-28.81,8.73,-20.96,5.76,-31.04,1
F,2022-10-19 18:44:30.783519,0.17,-0.22,0.99,-6.41,-20.87,8.42,-18.15,5.87,-27.66,1
F,2022-10-19 18:44:30.801481,0.29,-0.22,0.99,4.33,-13.49,9.16,-18.15,5.87,-27.66,1
F,2022-10-19 18:44:30.819483,0.32,-0.30,0.93,1.53,-11.47,8.36,-18.15,5.87,-27.66,1
F,2022-10-19 18:44:30.838579,0.33,-0.33,0.92,-0.67,-16.42,11.17,-15.27,5.91,-24.07,1
F,2022-10-19 18:44:30.856563,0.27,-0.29,0.95,-10.74,-23.62,10.99,-15.27,5.91,-24.07,1
F,2022-10-19 18:44:30.875564,0.18,-0.22,0.98,-18.98,-23.93,7.81,-13.24,6.85,-19.47,1
F,2022-10-19 18:44:30.893586,-0.52,0.15,1.53,-32.29,-17.46,-1.28,-13.24,6.85,-19.47,1
F,2022-10-19 18:44:30.911501,0.19,0.06,1.01,-50.42,11.41,-28.75,-13.24,6.85,-19.47,1
F,2022-10-19 18:44:30.930569,0.20,-0.19,0.95,6.53,-1.46,-11.72,-13.37,6.98,-19.03,1
F,2022-10-19 18:44:30.948365,0.17,-0.05,1.00,28.99,-11.35,8.06,-13.37,6.98,-19.03,1
F,2022-10-19 18:44:30.966437,0.18,-0.12,0.96,65.19,-15.01,18.68,-13.37,6.98,-19.03,1
F,2022-10-19 18:44:30.985329,0.12,-0.01,0.99,77.70,-13.67,17.40,-13.32,6.95,-18.43,1
F,2022-10-19 18:44:31.003604,0.14,-0.03,0.97,-11.78,8.61,-29.48,-13.32,6.95,-18.43,1
F,2022-10-19 18:44:31.021544,0.18,-0.20,0.92,-23.99,21.48,-49.74,-13.32,6.95,-18.43,1
F,2022-10-19 18:44:31.040462,0.19,-0.41,0.87,8.12,12.88,-28.99,-17.42,6.46,-19.20,1
F,2022-10-19 18:44:31.058594,0.17,-0.51,0.85,39.18,0.73,-2.32,-17.42,6.46,-19.20,1
F,2022-10-19 18:44:31.077412,0.21,-0.60,0.84,59.63,-6.04,15.20,-18.79,5.03,-18.42,1
F,2022-10-19 18:44:31.095418,0.16,-0.50,0.86,27.47,-4.94,5.62,-18.79,5.03,-18.42,1
F,2022-10-19 18:44:31.113550,0.18,-0.45,0.86,-16.54,-0.12,-12.02,-18.79,5.03,-18.42,1
F,2022-10-19 18:44:31.132562,0.17,-0.36,0.89,-47.30,3.72,-26.18,-19.08,4.87,-20.70,1
F,2022-10-19 18:44:31.150516,0.17,-0.25,0.92,-59.45,5.31,-30.94,-19.08,4.87,-20.70,1
F,2022-10-19 18:44:31.168560,0.18,-0.13,0.94,-52.86,5.62,-24.96,-19.08,4.87,-20.70,1
F,2022-10-19 18:44:31.187541,0.17,-0.08,0.96,-12.57,2.38,-1.77,-19.17,5.00,-21.85,1
F,2022-10-19 18:44:31.205419,0.16,-0.14,0.97,11.66,-0.49,16.24,-19.17,5.00,-21.85,1
F,2022-10-19 18:44:31.224590,-0.00,-0.19,1.01,29.79,-2.75,29.66,-18.36,5.08,-22.01,1
F,2022-10-19 18:44:31.242417,0.01,-0.15,1.07,52.00,-0.92,34.91,-18.36,5.08,-22.01,1
F,2022-10-19 18:44:31.260550,0.06,-0.00,1.05,-10.07,37.54,-14.40,-18.36,5.08,-22.01,1
F,2022-10-19 18:44:31.279464,0.20,-0.23,1.01,14.65,33.69,-16.91,-16.37,4.57,-24.54,1
F,2022-10-19 18:44:31.297297,0.30,-0.17,0.88,1.34,27.89,-21.30,-16.37,4.57,-24.54,1
F,2022-10-19 18:44:31.315565,0.29,-0.22,0.91,-2.99,15.81,-27.28,-16.37,4.57,-24.54,1
F,2022-10-19 18:44:31.334425,0.27,-0.18,0.93,-2.75,7.93,-25.02,-17.63,3.61,-30.22,1
F,2022-10-19 18:44:31.352479,0.24,-0.23,0.93,4.70,7.63,-25.39,-17.63,3.61,-30.22,1
F,2022-10-19 18:44:31.370510,0.26,-0.31,0.88,13.67,8.54,-23.68,-17.63,3.61,-30.22,1
F,2022-10-19 18:44:31.389366,0.28,-0.42,0.82,10.25,9.77,-25.15,-19.59,3.61,-33.97,1
F,2022-10-19 18:44:31.407495,0.31,-0.50,0.79,4.21,6.90,-23.74,-19.59,3.61,-33.97,1
F,2022-10-19 18:44:31.426510,0.32,-0.55,0.77,-8.06,-0.67,-15.63,-21.45,3.33,-35.94,1
F,2022-10-19 18:44:31.444540,0.25,-0.47,0.84,-12.63,-5.86,-9.58,-21.45,3.33,-35.94,1
F,2022-10-19 18:44:31.462661,0.21,-0.41,0.89,-15.75,-6.96,-5.62,-21.45,3.33,-35.94,1
