Z,2022-10-30 19:20:48.295956,0.21,-0.49,0.79,8.30,-18.13,28.14,30.37,33.53,-33.80,1
Z,2022-10-30 19:20:48.313251,0.20,-0.51,0.74,0.98,-28.32,27.83,30.37,33.53,-33.80,1
Z,2022-10-30 19:20:48.332727,0.13,-0.39,0.80,-5.98,-34.48,15.69,30.37,33.53,-33.80,1
Z,2022-10-30 19:20:48.350798,0.07,-0.30,0.92,3.36,-43.52,4.15,31.05,32.58,-36.58,1
Z,2022-10-30 19:20:48.368957,-0.26,-0.49,1.26,-6.65,-29.48,-6.59,31.05,32.58,-36.58,1
Z,2022-10-30 19:20:48.387363,0.13,0.32,0.99,-36.50,8.97,-13.92,31.13,31.91,-35.66,1
Z,2022-10-30 19:20:48.405363,0.17,-0.25,1.02,48.58,17.52,-7.26,31.13,31.91,-35.66,1
Z,2022-10-30 19:20:48.424809,0.03,-0.51,0.90,31.37,6.04,-31.68,31.13,31.91,-35.66,1
Z,2022-10-30 19:20:48.441928,0.05,-0.35,0.90,20.75,1.53,-29.72,31.95,33.86,-35.50,1
Z,2022-10-30 19:20:48.460570,-0.02,-0.51,0.79,31.62,1.46,-19.41,31.95,33.86,-35.50,1
Z,2022-10-30 19:20:48.479041,0.01,-0.60,0.78,27.77,5.13,-7.08,31.95,33.86,-35.50,1
Z,2022-10-30 19:20:48.498018,-0.05,-0.75,0.76,21.06,4.70,3.91,32.74,34.92,-33.62,1
Z,2022-10-30 19:20:48.515570,-0.08,-0.72,0.76,-8.30,2.01,7.63,32.74,34.92,-33.62,1
Z,2022-10-30 19:20:48.536286,-0.00,-0.64,0.66,-8.42,-6.65,13.24,32.74,34.92,-33.62,1
Z,2022-10-30 19:20:48.552463,0.02,-0.58,0.63,1.10,5.13,3.30,33.03,33.96,-34.80,1
Z,2022-10-30 19:20:48.570365,-0.06,-0.44,0.89,4.09,1.95,-6.65,33.03,33.96,-34.80,1
Z,2022-10-30 19:20:48.589363,-0.10,-0.59,0.75,14.16,-21.85,-1.46,32.48,34.63,-34.48,1
Z,2022-10-30 19:20:48.607530,-0.09,-0.59,0.65,5.25,-35.95,-2.75,32.48,34.63,-34.48,1
Z,2022-10-30 19:20:48.625489,-0.07,-0.59,0.69,-7.20,-36.25,-1.22,32.48,34.63,-34.48,1
Z,2022-10-30 19:20:48.645589,-0.04,-0.49,0.74,-13.37,-36.13,2.14,30.58,35.11,-35.03,1
Z,2022-10-30 19:20:48.662575,-0.03,-0.45,0.82,-13.49,-34.24,7.32,30.58,35.11,-35.03,1
Z,2022-10-30 19:20:48.680363,0.00,-0.43,0.86,-14.65,-31.98,10.31,30.58,35.11,-35.03,1
Z,2022-10-30 19:20:48.699370,0.02,-0.42,0.86,-14.95,-27.22,7.26,29.09,34.58,-36.43,1
Z,2022-10-30 19:20:48.717409,0.04,-0.32,0.94,-13.31,-16.17,6.96,29.09,34.58,-36.43,1
Z,2022-10-30 19:20:48.736308,0.08,-0.25,1.02,-8.61,-3.30,10.19,29.09,34.58,-36.43,1
Z,2022-10-30 19:20:48.754559,0.10,-0.20,1.11,-3.42,6.10,12.45,27.72,33.80,-38.01,1
Z,2022-10-30 19:20:48.771866,0.09,-0.18,1.27,6.90,10.50,16.05,27.72,33.80,-38.01,1
Z,2022-10-30 19:20:48.792005,0.07,-0.35,1.29,22.34,0.67,26.37,28.06,34.31,-37.83,1
Z,2022-10-30 19:20:48.809932,0.11,-0.66,0.92,12.94,-9.34,4.94,28.06,34.31,-37.83,1
Z,2022-10-30 19:20:48.827222,0.09,-0.43,0.95,-5.55,7.32,-31.37,28.06,34.31,-37.83,1
Z,2022-10-30 19:20:48.847925,0.09,-0.32,0.98,-9.46,19.84,-49.44,28.23,34.38,-38.51,1
Z,2022-10-30 19:20:48.865118,0.06,-0.37,0.92,-8.30,26.18,-67.75,28.23,34.38,-38.51,1
Z,2022-10-30 19:20:48.883962,-0.06,-0.26,0.96,4.64,22.52,-68.30,28.23,34.38,-38.51,1
Z,2022-10-30 19:20:48.903124,-0.16,-0.49,0.85,24.84,12.02,-46.69,27.42,36.06,-36.25,1
Z,2022-10-30 19:20:48.921952,-0.23,-0.66,0.80,35.83,8.42,-27.28,27.42,36.06,-36.25,1
Z,2022-10-30 19:20:48.938811,-0.55,-0.95,0.67,28.63,8.30,-16.91,27.42,36.06,-36.25,1
Z,2022-10-30 19:20:48.958447,-0.55,-0.84,0.71,-21.12,25.21,-23.50,27.82,37.21,-36.05,1
Z,2022-10-30 19:20:48.977111,-0.48,-0.45,0.84,-40.28,40.10,-6.23,27.82,37.21,-36.05,1
Z,2022-10-30 19:20:48.996078,-0.42,-0.48,0.75,-29.36,42.54,6.59,27.69,36.83,-35.07,1
Z,2022-10-30 19:20:49.016001,-0.26,-0.41,0.68,-18.37,45.65,9.77,27.69,36.83,-35.07,1
Z,2022-10-30 19:20:49.031183,-0.17,-0.47,0.65,1.65,44.19,18.13,27.69,36.83,-35.07,1
Z,2022-10-30 19:20:49.051066,-0.13,-0.58,0.60,8.54,40.47,29.05,27.21,37.02,-34.40,1
Z,2022-10-30 19:20:49.069423,-0.05,-0.64,0.66,-8.12,36.50,39.25,27.21,37.02,-34.40,1
Z,2022-10-30 19:20:49.086516,0.01,-0.64,0.70,-19.47,27.16,39.98,27.21,37.02,-34.40,1
Z,2022-10-30 19:20:49.106407,0.02,-0.64,0.73,-23.62,13.24,36.93,26.57,36.18,-32.84,1
Z,2022-10-30 19:20:49.123572,0.05,-0.59,0.72,-28.02,0.98,33.69,26.57,36.18,-32.84,1
Z,2022-10-30 19:20:49.142473,0.08,-0.53,0.78,-29.42,-6.41,37.84,24.65,34.61,-33.52,1
Z,2022-10-30 19:20:49.159913,0.17,-0.59,0.90,-32.10,-18.62,43.33,24.65,34.61,-33.52,1
Z,2022-10-30 19:20:49.178364,0.16,-0.52,0.88,-35.10,-31.43,44.68,24.65,34.61,-33.52,1
Z,2022-10-30 19:20:49.197364,0.14,-0.50,0.81,-36.50,-39.43,54.87,22.50,34.47,-35.27,1
Z,2022-10-30 19:20:49.217053,0.17,-0.48,0.79,-43.52,-36.07,60.42,22.50,34.47,-35.27,1
Z,2022-10-30 19:20:49.234364,0.18,-0.40,0.86,-46.69,-27.95,62.19,22.50,34.47,-35.27,1
Z,2022-10-30 19:20:49.254015,0.18,-0.33,0.96,-35.77,-30.33,66.41,21.18,32.47,-36.44,1
Z,2022-10-30 19:20:49.272048,0.19,-0.37,0.95,-30.58,-35.03,72.27,21.18,32.47,-36.44,1
Z,2022-10-30 19:20:49.289557,0.21,-0.31,0.95,-35.95,-34.00,74.71,21.18,32.47,-36.44,1
Z,2022-10-30 19:20:49.309602,0.22,-0.23,1.00,-39.06,-31.31,72.14,19.75,30.20,-36.01,1
Z,2022-10-30 19:20:49.327106,0.20,-0.18,1.02,-37.41,-33.69,63.48,19.75,30.20,-36.01,1
Z,2022-10-30 19:20:49.346046,0.13,-0.05,0.99,-31.43,-33.26,63.05,18.20,28.65,-35.31,1
Z,2022-10-30 19:20:49.363562,0.12,0.02,0.99,-21.48,-27.16,64.94,18.20,28.65,-35.31,1
Z,2022-10-30 19:20:49.381377,0.15,0.05,1.04,-12.94,-22.58,63.96,18.20,28.65,-35.31,1
Z,2022-10-30 19:20:49.401517,0.15,-0.02,1.12,-4.58,-24.48,59.20,17.20,27.19,-35.08,1
Z,2022-10-30 19:20:49.418610,0.07,-0.06,1.11,-12.33,-31.56,43.52,17.20,27.19,-35.08,1
Z,2022-10-30 19:20:49.436769,-0.04,0.06,1.06,-13.37,-26.67,31.37,17.20,27.19,-35.08,1
Z,2022-10-30 19:20:49.456000,-0.05,0.13,1.04,-8.91,-20.63,24.60,15.78,25.54,-34.24,1
Z,2022-10-30 19:20:49.473034,-0.04,0.13,1.08,0.73,-14.89,23.93,15.78,25.54,-34.24,1
Z,2022-10-30 19:20:49.491038,-0.07,0.09,1.10,3.60,-15.44,16.17,15.78,25.54,-34.24,1
Z,2022-10-30 19:20:49.511741,-0.15,0.08,1.10,2.81,-16.78,-0.79,13.73,25.45,-33.42,1
Z,2022-10-30 19:20:49.529271,-0.22,0.13,1.09,8.67,-14.34,-28.14,13.73,25.45,-33.42,1
