Z,2022-10-30 19:20:51.539365,0.07,-0.34,0.84,9.46,11.60,22.64,18.29,32.12,-36.87,1
Z,2022-10-30 19:20:51.557268,0.12,-0.31,0.83,5.31,4.58,24.60,18.29,32.12,-36.87,1
Z,2022-10-30 19:20:51.576416,0.11,-0.26,0.86,8.30,-7.69,26.79,19.82,31.15,-38.34,1
Z,2022-10-30 19:20:51.595299,0.06,-0.28,0.84,18.31,-28.81,22.58,19.82,31.15,-38.34,1
Z,2022-10-30 19:20:51.612488,-0.64,-0.34,0.89,12.02,-30.21,15.01,19.82,31.15,-38.34,1
Z,2022-10-30 19:20:51.631365,-0.04,-0.17,1.25,-41.32,13.18,16.42,18.74,32.14,-37.56,1
Z,2022-10-30 19:20:51.648923,0.04,-0.06,1.09,13.55,12.33,19.78,18.74,32.14,-37.56,1
Z,2022-10-30 19:20:51.668371,0.05,-0.18,1.11,20.87,14.22,-16.85,19.89,31.14,-38.44,1
Z,2022-10-30 19:20:51.687266,0.00,-0.13,1.10,25.15,-5.43,-42.11,19.89,31.14,-38.44,1
Z,2022-10-30 19:20:51.704365,-0.04,-0.33,0.93,25.39,-14.28,-43.46,19.89,31.14,-38.44,1
Z,2022-10-30 19:20:51.723365,-0.05,-0.28,0.86,19.17,-12.21,-43.64,19.18,32.81,-38.83,1
Z,2022-10-30 19:20:51.741935,-0.10,-0.42,0.78,21.61,-9.46,-27.95,19.18,32.81,-38.83,1
Z,2022-10-30 19:20:51.759702,-0.12,-0.56,0.78,14.16,-2.14,-11.41,19.18,32.81,-38.83,1
Z,2022-10-30 19:20:51.780141,-0.10,-0.50,0.83,5.13,8.24,4.82,18.95,33.23,-39.42,1
Z,2022-10-30 19:20:51.796518,-0.09,-0.50,0.89,11.41,8.36,12.21,18.95,33.23,-39.42,1
Z,2022-10-30 19:20:51.813937,-0.11,-0.55,0.85,10.13,3.48,14.10,18.95,33.23,-39.42,1
Z,2022-10-30 19:20:51.833587,-0.06,-0.62,0.71,5.80,-0.12,11.96,19.75,33.26,-39.18,1
Z,2022-10-30 19:20:51.852538,-0.06,-0.48,0.75,5.86,17.82,-8.48,19.75,33.26,-39.18,1
Z,2022-10-30 19:20:51.872604,-0.12,-0.30,0.87,8.12,-10.86,-5.62,19.07,33.48,-38.67,1
Z,2022-10-30 19:20:51.889957,-0.12,-0.52,0.79,14.65,-26.73,4.27,19.07,33.48,-38.67,1
Z,2022-10-30 19:20:51.907389,-0.13,-0.48,0.78,3.91,-35.22,5.31,19.07,33.48,-38.67,1
Z,2022-10-30 19:20:51.926844,-0.11,-0.45,0.85,-6.71,-46.69,8.79,17.94,33.20,-39.98,1
Z,2022-10-30 19:20:51.945547,-0.10,-0.46,0.85,-20.87,-51.15,11.05,17.94,33.20,-39.98,1
Z,2022-10-30 19:20:51.964919,-0.11,-0.28,0.88,-15.81,-41.14,18.86,17.94,33.20,-39.98,1
Z,2022-10-30 19:20:51.982365,-0.09,-0.26,0.91,-9.22,-28.26,23.56,16.44,33.44,-38.01,1
Z,2022-10-30 19:20:52.000927,-0.07,-0.20,0.94,-12.45,-17.15,16.36,16.44,33.44,-38.01,1
Z,2022-10-30 19:20:52.020285,-0.08,-0.02,1.06,-15.32,-9.03,3.78,16.17,33.08,-38.81,1
Z,2022-10-30 19:20:52.039250,-0.09,0.03,1.05,3.48,-7.20,6.35,16.17,33.08,-38.81,1
Z,2022-10-30 19:20:52.059796,-0.08,-0.08,1.05,18.19,-3.72,11.35,16.17,33.08,-38.81,1
Z,2022-10-30 19:20:52.076370,-0.07,-0.24,1.07,23.32,-1.22,10.86,16.19,33.68,-39.66,1
Z,2022-10-30 19:20:52.094365,-0.06,-0.34,1.05,15.14,0.92,-20.20,16.19,33.68,-39.66,1
Z,2022-10-30 19:20:52.111944,-0.05,-0.34,1.03,7.69,14.77,-56.70,16.19,33.68,-39.66,1
Z,2022-10-30 19:20:52.130814,-0.06,-0.11,1.16,1.59,22.83,-92.29,15.27,34.09,-39.26,1
Z,2022-10-30 19:20:52.150472,-0.20,-0.12,1.09,25.82,15.93,-86.24,15.27,34.09,-39.26,1
Z,2022-10-30 19:20:52.166939,-0.37,-0.50,0.92,42.24,9.16,-39.67,15.27,34.09,-39.26,1
Z,2022-10-30 19:20:52.186366,-0.52,-0.81,0.79,14.34,19.29,-8.18,14.42,35.19,-38.26,1
Z,2022-10-30 19:20:52.203907,-0.30,-0.52,0.94,-22.28,47.55,12.08,14.42,35.19,-38.26,1
Z,2022-10-30 19:20:52.223528,-0.13,-0.49,0.97,-22.89,42.72,22.40,15.60,34.45,-39.48,1
Z,2022-10-30 19:20:52.241915,-0.10,-0.40,0.91,-30.40,37.17,17.64,15.60,34.45,-39.48,1
Z,2022-10-30 19:20:52.258847,-0.02,-0.28,0.93,-29.66,34.73,12.76,15.60,34.45,-39.48,1
Z,2022-10-30 19:20:52.278368,-0.02,-0.25,0.90,-20.26,26.92,5.68,17.19,33.47,-40.61,1
Z,2022-10-30 19:20:52.296552,-0.01,-0.25,0.88,-3.66,20.39,1.83,17.19,33.47,-40.61,1
Z,2022-10-30 19:20:52.314366,0.02,-0.35,0.85,-1.89,19.78,5.07,17.19,33.47,-40.61,1
Z,2022-10-30 19:20:52.333003,0.04,-0.35,0.88,-4.82,18.92,6.53,17.53,33.08,-38.90,1
