N,2022-10-26 15:21:30.952044,0.498019,9.974753,-2.758261,0.026183,0.218010,0.212686,58.593330,82.352798,-20.388183,1
N,2022-10-26 15:21:31.043510,1.350399,9.902923,-1.915459,-0.043992,0.079923,0.166613,53.948738,83.791275,-5.183436,1
N,2022-10-26 15:21:31.135471,1.149275,9.443213,-1.814897,-0.217100,-0.111562,0.294713,53.948738,83.791275,-5.183436,1
N,2022-10-26 15:21:31.215507,0.565060,9.615605,-0.981673,-0.125752,0.196438,-0.687742,55.377841,96.737564,3.110062,1
N,2022-10-26 15:21:31.315517,1.134909,10.592489,-2.121371,0.140568,0.081254,-0.203439,59.665161,106.806900,0.691125,1
N,2022-10-26 15:21:31.415695,1.757434,8.030562,-0.521963,0.144563,0.089910,0.349974,65.917495,104.828994,-40.603584,1
N,2022-10-26 15:21:31.505799,0.790127,7.618738,-0.742240,-0.661988,0.353034,-0.431010,65.917495,104.828994,-40.603584,1
N,2022-10-26 15:21:31.608022,3.605851,8.179010,-1.015193,-0.226821,-0.436206,0.377804,66.632049,97.276992,-61.682891,1
N,2022-10-26 15:21:31.698690,0.105350,9.596450,-1.494058,-0.160241,-0.010892,-0.528350,78.779449,96.557754,-52.352706,1
N,2022-10-26 15:21:31.798589,-0.986461,12.019505,-2.466153,0.065332,0.200433,-0.252442,96.107353,90.983657,-42.158615,1
N,2022-10-26 15:21:31.888698,2.461365,10.630798,-1.479692,0.252555,-0.173215,0.717629,96.107353,90.983657,-42.158615,1
N,2022-10-26 15:21:31.988715,1.302512,10.286015,-1.690392,0.274260,0.073265,-0.001835,99.501480,87.926895,-49.588207,1
N,2022-10-26 15:21:32.085177,-0.105350,7.115930,-0.708720,-0.275824,0.143440,-0.007827,100.216033,74.620986,-84.490013,1
N,2022-10-26 15:21:32.175164,3.874016,8.451963,-0.852379,0.500233,0.111082,0.631874,97.893737,66.529548,-96.757476,1
