a,2022-11-01 17:11:29.579836,0.04,-0.81,0.70,27.95,23.32,8.48,26.23,48.78,-11.77,1
a,2022-11-01 17:11:29.598794,0.12,-0.82,0.68,10.19,28.14,4.33,24.54,49.65,-10.63,1
a,2022-11-01 17:11:29.616841,0.20,-0.69,0.72,1.53,29.97,0.92,24.54,49.65,-10.63,1
a,2022-11-01 17:11:29.635035,0.28,-0.64,0.70,0.31,25.63,-0.85,24.54,49.65,-10.63,1
a,2022-11-01 17:11:29.654027,0.25,-0.61,0.68,-4.82,21.24,-6.16,24.73,49.98,-8.84,1
a,2022-11-01 17:11:29.671959,0.24,-0.52,0.68,-9.64,8.91,-0.24,24.73,49.98,-8.84,1
a,2022-11-01 17:11:29.689973,0.10,-0.68,0.64,-5.13,-0.31,15.75,24.73,49.98,-8.84,1
a,2022-11-01 17:11:29.709060,-0.10,-0.85,0.63,-9.89,-5.80,23.38,25.88,51.18,-7.98,1
a,2022-11-01 17:11:29.726909,0.09,-1.19,1.06,29.97,13.85,-15.75,25.88,51.18,-7.98,1
a,2022-11-01 17:11:29.746049,0.11,-0.42,0.45,-11.96,13.12,-33.81,26.87,51.65,-7.74,1
a,2022-11-01 17:11:29.763830,0.04,0.24,0.91,12.02,7.93,102.42,26.87,51.65,-7.74,1
a,2022-11-01 17:11:29.781887,0.00,-1.30,0.56,11.35,-47.42,91.43,26.87,51.65,-7.74,1
a,2022-11-01 17:11:29.801058,0.01,-0.63,0.55,-5.49,-77.27,32.41,31.31,50.39,-7.02,1
a,2022-11-01 17:11:29.819075,-0.00,-0.52,0.74,7.14,-102.36,13.06,31.31,50.39,-7.02,1
a,2022-11-01 17:11:29.837072,0.00,-0.42,1.01,-0.98,-104.06,-9.09,31.31,50.39,-7.02,1
a,2022-11-01 17:11:29.856163,0.04,-0.37,1.17,12.39,-106.08,-40.89,33.06,49.95,-10.03,1
a,2022-11-01 17:11:29.874097,-0.10,-0.32,1.05,39.06,-87.34,-45.23,33.06,49.95,-10.03,1
a,2022-11-01 17:11:29.892184,-0.10,-0.59,0.89,54.75,-53.34,-42.05,33.06,49.95,-10.03,1
a,2022-11-01 17:11:29.911162,-0.11,-0.71,0.74,42.54,-12.21,-37.05,30.49,51.38,-11.00,1
a,2022-11-01 17:11:29.928915,-0.08,-0.65,0.75,3.11,34.12,-31.74,30.49,51.38,-11.00,1
a,2022-11-01 17:11:29.948158,-0.06,-0.64,0.82,-13.12,65.49,4.46,26.37,52.48,-10.29,1
a,2022-11-01 17:11:29.965963,0.14,-0.69,0.71,-19.59,87.77,30.15,26.37,52.48,-10.29,1
a,2022-11-01 17:11:29.983970,0.05,-0.76,0.65,-17.88,98.75,53.41,26.37,52.48,-10.29,1
a,2022-11-01 17:11:30.003018,0.03,-0.90,0.69,-21.55,95.15,60.97,25.62,52.76,-10.10,1
a,2022-11-01 17:11:30.020951,0.04,-0.88,0.53,-11.05,55.97,41.50,25.62,52.76,-10.10,1
a,2022-11-01 17:11:30.038763,0.05,-0.80,0.62,-7.63,17.03,17.03,25.62,52.76,-10.10,1
a,2022-11-01 17:11:30.058078,-0.03,-0.80,0.47,-3.42,5.68,-12.02,26.42,51.68,-8.69,1
a,2022-11-01 17:11:30.076065,0.06,-0.25,0.68,-19.47,21.24,-6.90,26.42,51.68,-8.69,1
a,2022-11-01 17:11:30.094019,-0.16,-0.69,1.50,-34.06,15.38,12.88,26.42,51.68,-8.69,1
a,2022-11-01 17:11:30.112941,0.00,-0.53,0.51,8.54,-63.29,-20.94,26.27,52.44,-8.72,1
a,2022-11-01 17:11:30.131075,0.03,-0.56,0.76,2.14,-67.63,-43.88,26.27,52.44,-8.72,1
a,2022-11-01 17:11:30.150047,-0.01,-0.41,0.85,0.06,-68.18,-43.52,24.56,53.25,-10.68,1
a,2022-11-01 17:11:30.168149,-0.08,-0.52,0.94,-2.20,-55.66,-41.32,24.56,53.25,-10.68,1
a,2022-11-01 17:11:30.186188,-0.04,-0.67,0.97,0.06,-42.54,-54.38,24.56,53.25,-10.68,1
a,2022-11-01 17:11:30.205129,-0.03,-0.72,0.74,-2.44,-13.67,-77.45,21.40,54.92,-13.78,1
a,2022-11-01 17:11:30.223080,-0.02,-0.60,0.78,-16.30,39.37,-57.74,21.40,54.92,-13.78,1
a,2022-11-01 17:11:30.241074,0.02,-0.55,0.77,-13.43,45.84,-22.83,21.40,54.92,-13.78,1
a,2022-11-01 17:11:30.260200,-0.04,-0.75,0.75,-2.93,37.96,4.88,17.49,55.25,-14.54,1
a,2022-11-01 17:11:30.277803,-0.07,-1.12,0.59,14.16,5.13,26.00,17.49,55.25,-14.54,1
a,2022-11-01 17:11:30.295906,-0.11,-1.08,0.57,-16.85,7.87,0.00,17.49,55.25,-14.54,1
a,2022-11-01 17:11:30.315051,-0.15,-0.03,0.98,-38.76,14.95,-6.77,17.14,55.73,-14.53,1
a,2022-11-01 17:11:30.332855,-0.26,-0.47,0.92,26.98,-12.21,68.30,17.14,55.73,-14.53,1
a,2022-11-01 17:11:30.352047,-0.16,-0.61,1.03,27.34,8.97,31.31,18.75,54.50,-14.53,1
a,2022-11-01 17:11:30.369999,-0.04,-0.22,1.17,36.74,20.32,11.90,18.75,54.50,-14.53,1
a,2022-11-01 17:11:30.387862,0.01,-0.28,1.07,65.25,22.95,15.63,18.75,54.50,-14.53,1
a,2022-11-01 17:11:30.406845,0.09,-0.46,0.90,79.83,33.75,12.76,16.77,52.53,-12.23,1
