T,2022-10-23 11:36:05.828975,0.35,-0.27,0.99,-6.53,26.43,2.32,66.44,8.37,-36.61,1
T,2022-10-23 11:36:05.844728,0.28,-0.29,0.95,-6.29,28.14,9.22,57.18,10.78,-37.55,1
T,2022-10-23 11:36:05.877008,0.23,-0.31,0.92,-13.67,27.34,10.13,57.18,10.78,-37.55,1
T,2022-10-23 11:36:05.892816,0.24,-0.34,0.88,-16.60,27.53,11.29,57.18,10.78,-37.55,1
T,2022-10-23 11:36:05.908439,0.26,-0.32,0.82,-22.09,21.42,17.33,47.00,13.43,-36.88,1
T,2022-10-23 11:36:05.934835,0.22,-0.25,0.83,-29.42,15.93,18.68,47.00,13.43,-36.88,1
T,2022-10-23 11:36:05.943597,0.19,-0.19,0.83,-35.10,16.17,16.66,38.11,15.52,-37.62,1
T,2022-10-23 11:36:05.959798,0.23,-0.15,0.80,-25.45,14.77,16.72,38.11,15.52,-37.62,1
T,2022-10-23 11:36:05.976169,0.23,-0.16,0.82,-19.53,11.47,18.62,38.11,15.52,-37.62,1
T,2022-10-23 11:36:06.010671,0.21,-0.13,0.83,-21.36,8.36,17.40,31.67,17.61,-36.73,1
T,2022-10-23 11:36:06.027182,0.20,-0.13,0.85,-26.18,8.91,12.08,31.67,17.61,-36.73,1
T,2022-10-23 11:36:06.044450,0.22,-0.12,0.90,-33.87,9.03,7.26,31.67,17.61,-36.73,1
T,2022-10-23 11:36:06.060351,0.22,-0.09,0.92,-35.77,8.73,7.69,26.73,20.21,-37.26,1
T,2022-10-23 11:36:06.092824,0.26,-0.07,0.92,-28.44,12.08,11.23,26.73,20.21,-37.26,1
T,2022-10-23 11:36:06.109486,0.30,-0.05,0.89,-26.00,12.21,11.90,23.60,22.31,-36.89,1
