T,2022-10-23 11:36:13.939997,0.17,-0.20,0.87,-8.24,4.15,3.17,108.26,50.99,-27.71,1
T,2022-10-23 11:36:13.953011,0.13,-0.18,0.83,-10.62,-6.53,4.70,108.26,50.99,-27.71,1
T,2022-10-23 11:36:13.967474,-0.52,-0.20,1.42,-11.41,-12.21,4.88,108.26,50.99,-27.71,1
T,2022-10-23 11:36:13.985211,0.07,-0.17,0.91,24.05,6.35,19.59,110.03,51.25,-26.93,1
T,2022-10-23 11:36:14.017954,0.08,-0.20,0.81,-0.67,15.63,10.56,110.03,51.25,-26.93,1
T,2022-10-23 11:36:14.034351,0.07,-0.02,0.76,-23.68,-6.47,-10.38,110.67,51.84,-26.34,1
T,2022-10-23 11:36:14.053022,0.05,-0.13,0.75,15.56,-29.36,-9.46,110.67,51.84,-26.34,1
T,2022-10-23 11:36:14.066159,0.03,-0.09,0.71,14.89,-35.10,-9.89,110.67,51.84,-26.34,1
T,2022-10-23 11:36:14.098255,0.03,-0.10,0.75,20.02,-37.60,-11.84,119.67,53.47,-29.20,1
T,2022-10-23 11:36:14.114002,0.03,-0.22,0.84,46.57,-48.03,-6.29,119.67,53.47,-29.20,1
T,2022-10-23 11:36:14.129740,0.03,-0.24,0.85,54.20,-50.29,0.73,132.87,54.82,-34.44,1
T,2022-10-23 11:36:14.153368,0.02,-0.27,0.91,50.78,-57.25,1.71,132.87,54.82,-34.44,1
T,2022-10-23 11:36:14.177595,0.01,-0.30,0.89,38.51,-67.38,-8.30,132.87,54.82,-34.44,1
T,2022-10-23 11:36:14.194340,-0.02,-0.26,0.99,9.58,-77.27,-21.06,150.52,57.76,-45.43,1
T,2022-10-23 11:36:14.210112,-0.05,-0.22,1.06,7.39,-73.91,-12.94,150.52,57.76,-45.43,1
T,2022-10-23 11:36:14.242025,-0.09,-0.31,1.11,27.95,-59.45,1.34,168.31,63.67,-57.79,1
T,2022-10-23 11:36:14.257856,-0.10,-0.36,1.65,34.73,-46.26,2.75,168.31,63.67,-57.79,1
T,2022-10-23 11:36:14.273604,-0.22,-0.73,1.21,53.71,-12.70,25.94,168.31,63.67,-57.79,1
T,2022-10-23 11:36:14.305564,-0.03,-0.45,1.00,-45.23,20.20,-14.16,171.17,63.65,-62.70,1
T,2022-10-23 11:36:14.321589,-0.04,-0.24,0.95,-26.55,19.29,-7.20,171.17,63.65,-62.70,1
T,2022-10-23 11:36:14.346595,-0.11,-0.15,0.98,-10.19,3.60,-12.08,165.72,64.33,-59.94,1
T,2022-10-23 11:36:14.353688,-0.17,-0.32,1.00,17.46,16.91,-8.73,165.72,64.33,-59.94,1
T,2022-10-23 11:36:14.386257,-0.16,-0.36,0.97,11.54,33.08,-6.47,157.54,64.77,-54.37,1
T,2022-10-23 11:36:14.402289,-0.11,-0.41,0.98,2.44,34.06,-7.51,157.54,64.77,-54.37,1
T,2022-10-23 11:36:14.418271,-0.12,-0.42,1.00,0.00,36.32,-1.83,157.54,64.77,-54.37,1
T,2022-10-23 11:36:14.451160,-0.05,-0.38,0.95,-6.35,39.06,2.20,146.58,61.94,-49.76,1
T,2022-10-23 11:36:14.466878,-0.02,-0.35,0.95,-17.52,32.41,5.13,146.58,61.94,-49.76,1
T,2022-10-23 11:36:14.482985,-0.00,-0.34,0.94,-13.67,33.26,11.84,135.83,56.81,-46.62,1
T,2022-10-23 11:36:14.498759,0.03,-0.32,0.94,-24.96,32.96,12.82,135.83,56.81,-46.62,1
T,2022-10-23 11:36:14.530623,0.04,-0.30,0.93,-28.75,35.64,13.49,135.83,56.81,-46.62,1
T,2022-10-23 11:36:14.553990,0.08,-0.28,0.87,-28.63,30.82,12.76,126.77,52.12,-44.18,1
T,2022-10-23 11:36:14.570507,0.09,-0.25,0.89,-39.31,27.16,12.33,126.77,52.12,-44.18,1
T,2022-10-23 11:36:14.586373,0.09,-0.22,0.90,-41.02,22.03,14.34,118.99,48.83,-40.23,1
T,2022-10-23 11:36:14.602758,0.10,-0.17,0.94,-38.21,24.72,16.11,118.99,48.83,-40.23,1
T,2022-10-23 11:36:14.634048,0.11,-0.17,0.91,-36.68,25.09,14.53,118.99,48.83,-40.23,1
T,2022-10-23 11:36:14.654259,0.12,-0.15,0.87,-32.10,20.57,16.48,112.52,45.78,-36.57,1
T,2022-10-23 11:36:14.667048,0.11,-0.12,0.88,-35.77,16.60,14.53,112.52,45.78,-36.57,1
T,2022-10-23 11:36:14.698821,0.09,-0.09,0.87,-38.70,12.76,7.08,107.25,43.74,-32.29,1
T,2022-10-23 11:36:14.714707,0.15,-0.05,0.78,-33.51,6.71,6.90,107.25,43.74,-32.29,1
T,2022-10-23 11:36:14.730440,0.13,-0.09,0.80,-21.85,-3.54,9.64,106.23,43.53,-28.82,1
T,2022-10-23 11:36:14.754432,0.14,-0.11,0.75,-22.52,-15.69,14.10,106.23,43.53,-28.82,1
T,2022-10-23 11:36:14.770736,0.10,-0.09,0.82,-25.15,-27.53,13.92,106.23,43.53,-28.82,1
T,2022-10-23 11:36:14.787001,0.14,0.38,1.01,-46.57,9.70,-3.54,110.21,44.63,-26.31,1
T,2022-10-23 11:36:14.819909,0.11,-0.09,1.00,38.64,9.16,21.97,110.21,44.63,-26.31,1
T,2022-10-23 11:36:14.836213,0.10,-0.04,0.95,26.12,0.73,22.58,110.45,42.11,-26.43,1
T,2022-10-23 11:36:14.861063,0.09,0.12,0.94,22.46,-0.85,15.20,110.45,42.11,-26.43,1
T,2022-10-23 11:36:14.868766,0.09,0.25,0.96,2.38,-4.76,-11.96,110.45,42.11,-26.43,1
T,2022-10-23 11:36:14.902879,0.07,0.26,0.91,24.60,5.31,-30.46,110.21,44.54,-27.88,1
T,2022-10-23 11:36:14.918705,0.07,0.13,0.88,37.17,5.80,-40.10,110.21,44.54,-27.88,1
T,2022-10-23 11:36:14.935171,0.08,-0.07,0.94,32.65,3.05,-45.29,107.60,54.77,-30.74,1
T,2022-10-23 11:36:14.954961,0.05,-0.20,1.00,30.58,0.31,-47.42,107.60,54.77,-30.74,1
T,2022-10-23 11:36:14.983230,-0.06,-0.36,1.14,44.07,2.44,-30.88,107.60,54.77,-30.74,1
T,2022-10-23 11:36:14.999140,0.08,-0.38,0.97,58.47,13.61,-9.22,101.54,62.62,-35.55,1
T,2022-10-23 11:36:15.016803,0.13,-0.46,0.86,20.57,7.51,-15.75,101.54,62.62,-35.55,1
T,2022-10-23 11:36:15.032776,0.18,-0.43,0.81,-6.53,-3.66,-20.51,95.17,64.79,-41.46,1
T,2022-10-23 11:36:15.055178,0.12,-0.38,0.87,-30.70,-11.78,-19.84,95.17,64.79,-41.46,1
T,2022-10-23 11:36:15.080608,0.13,-0.24,0.87,-20.20,-13.18,-10.74,95.17,64.79,-41.46,1
T,2022-10-23 11:36:15.096784,0.13,-0.22,0.87,-8.00,-13.18,-5.31,93.80,67.58,-45.37,1
T,2022-10-23 11:36:15.113126,0.11,-0.27,0.91,4.33,-23.32,-2.08,93.80,67.58,-45.37,1
T,2022-10-23 11:36:15.129061,0.13,-0.34,0.94,4.82,-17.40,0.49,95.12,69.79,-48.28,1
T,2022-10-23 11:36:15.160974,0.07,-0.29,1.02,-6.77,-18.13,1.16,95.12,69.79,-48.28,1
T,2022-10-23 11:36:15.184307,0.06,-0.20,1.02,-10.01,-14.04,0.24,95.12,69.79,-48.28,1
T,2022-10-23 11:36:15.201534,0.08,-0.15,1.00,0.73,-10.31,-0.24,97.29,72.60,-47.00,1
T,2022-10-23 11:36:15.218260,0.06,-0.18,0.99,10.31,-2.50,0.98,97.29,72.60,-47.00,1
T,2022-10-23 11:36:15.234077,-0.11,-0.25,0.95,7.57,-1.46,-2.62,97.90,73.69,-47.20,1
T,2022-10-23 11:36:15.255514,0.01,-0.26,0.96,31.43,0.31,5.86,97.90,73.69,-47.20,1
T,2022-10-23 11:36:15.283603,0.04,-0.30,0.94,13.98,1.04,1.53,97.90,73.69,-47.20,1
