x,2022-10-16 15:22:16.031662,0.16,0.72,0.55,-15.63,15.08,7.20,-15.58,33.70,-2.34,1
x,2022-10-16 15:22:16.041013,0.16,0.76,0.55,-21.12,13.61,8.91,-15.69,33.54,-2.48,1
x,2022-10-16 15:22:16.049432,0.21,0.77,0.48,-22.58,11.72,10.80,-15.69,33.54,-2.48,1
x,2022-10-16 15:22:16.056820,0.21,0.77,0.48,-21.30,11.29,11.23,-15.69,33.54,-2.48,1
x,2022-10-16 15:22:16.064937,0.22,0.80,0.46,-15.50,10.13,11.84,-15.69,33.54,-2.48,1
x,2022-10-16 15:22:16.073296,0.23,0.82,0.46,-8.67,6.65,12.70,-15.69,33.54,-2.48,1
x,2022-10-16 15:22:16.081682,0.25,0.81,0.46,-4.46,2.14,11.96,-15.69,33.54,-2.48,1
x,2022-10-16 15:22:16.091033,0.27,0.79,0.43,1.28,-1.04,8.24,-14.79,32.60,-2.01,1
x,2022-10-16 15:22:16.099291,0.24,0.82,0.43,10.31,-3.05,5.19,-14.79,32.60,-2.01,1
x,2022-10-16 15:22:16.106702,0.24,0.82,0.43,15.99,-6.04,4.33,-14.79,32.60,-2.01,1
x,2022-10-16 15:22:16.115108,0.22,0.83,0.46,19.71,-8.73,3.54,-14.79,32.60,-2.01,1
x,2022-10-16 15:22:16.123457,0.23,0.82,0.51,25.70,-10.07,0.67,-14.79,32.60,-2.01,1
x,2022-10-16 15:22:16.131892,0.21,0.83,0.52,33.51,-10.74,-4.09,-14.79,32.60,-2.01,1
x,2022-10-16 15:22:16.141288,0.14,0.85,0.55,37.35,-13.06,-7.93,-15.19,34.31,-2.53,1
x,2022-10-16 15:22:16.149777,0.11,0.86,0.67,35.71,-16.66,-11.11,-15.19,34.31,-2.53,1
x,2022-10-16 15:22:16.158205,0.10,0.84,0.69,35.71,-18.49,-14.34,-15.19,34.31,-2.53,1
x,2022-10-16 15:22:16.166739,0.10,0.79,0.68,36.50,-17.03,-15.81,-15.19,34.31,-2.53,1
x,2022-10-16 15:22:16.175255,0.12,0.77,0.68,31.19,-12.39,-16.66,-15.19,34.31,-2.53,1
x,2022-10-16 15:22:16.183704,0.14,0.77,0.66,22.28,-7.51,-18.07,-15.19,34.31,-2.53,1
x,2022-10-16 15:22:16.193005,0.18,0.74,0.65,12.39,-4.76,-17.46,-15.06,35.38,-3.89,1
x,2022-10-16 15:22:16.201509,0.25,0.68,0.58,-0.79,-2.50,-12.82,-15.06,35.38,-3.89,1
x,2022-10-16 15:22:16.209998,0.31,0.72,0.50,-11.66,0.92,-4.70,-15.06,35.38,-3.89,1
x,2022-10-16 15:22:16.218307,0.37,0.74,0.48,-11.78,2.93,8.18,-15.06,35.38,-3.89,1
x,2022-10-16 15:22:16.226728,0.39,0.69,0.43,-5.00,2.20,23.44,-15.06,35.38,-3.89,1
x,2022-10-16 15:22:16.235020,0.39,0.73,0.42,3.85,2.08,37.23,-15.06,35.38,-3.89,1
x,2022-10-16 15:22:16.244357,0.35,0.72,0.41,20.87,3.72,51.21,-14.07,36.46,-5.93,1
x,2022-10-16 15:22:16.252604,0.28,0.69,0.46,40.34,7.02,63.54,-14.07,36.46,-5.93,1
x,2022-10-16 15:22:16.261101,-1.07,0.86,0.45,65.43,6.47,51.45,-14.07,36.46,-5.93,1
x,2022-10-16 15:22:16.269657,0.02,0.96,0.91,-50.23,0.18,-2.20,-14.07,36.46,-5.93,1
x,2022-10-16 15:22:16.278314,0.07,0.66,0.35,-104.13,-7.02,-0.06,-14.07,36.46,-5.93,1
x,2022-10-16 15:22:16.286741,0.12,0.83,0.37,-82.82,-4.39,-1.65,-14.07,36.46,-5.93,1
x,2022-10-16 15:22:16.296194,0.09,1.09,0.31,-63.05,1.40,-2.20,-13.83,33.24,-5.31,1
x,2022-10-16 15:22:16.304548,0.17,0.95,0.16,-22.22,7.63,2.62,-13.83,33.24,-5.31,1
x,2022-10-16 15:22:16.312789,0.11,0.78,0.20,17.21,18.19,6.65,-13.83,33.24,-5.31,1
x,2022-10-16 15:22:16.321216,0.12,0.74,0.38,39.31,28.81,4.88,-13.83,33.24,-5.31,1
x,2022-10-16 15:22:16.329475,0.16,0.66,0.69,45.23,30.21,2.26,-13.83,33.24,-5.31,1
x,2022-10-16 15:22:16.337898,0.11,0.73,0.59,3.17,-7.87,8.06,-13.83,33.24,-5.31,1
x,2022-10-16 15:22:16.347259,0.13,0.85,0.41,-54.87,-59.81,23.19,-14.38,32.59,-5.08,1
x,2022-10-16 15:22:16.355678,0.17,0.73,0.45,-52.25,-95.70,35.58,-14.38,32.59,-5.08,1
x,2022-10-16 15:22:16.363264,0.12,0.66,0.39,-52.25,-95.70,35.58,-14.38,32.59,-5.08,1
x,2022-10-16 15:22:16.371745,0.06,0.72,0.40,-62.38,-111.27,40.28,-14.38,32.59,-5.08,1
x,2022-10-16 15:22:16.380190,0.04,0.71,0.41,-67.69,-112.85,42.24,-14.38,32.59,-5.08,1
x,2022-10-16 15:22:16.388637,0.03,0.69,0.39,-75.07,-112.30,47.06,-14.38,32.59,-5.08,1
x,2022-10-16 15:22:16.397245,0.08,0.67,0.38,-75.07,-112.30,47.06,-20.06,27.93,-5.90,1
x,2022-10-16 15:22:16.405678,0.08,0.79,0.31,-100.16,-94.73,43.64,-20.06,27.93,-5.90,1
x,2022-10-16 15:22:16.413081,0.03,0.90,0.24,-100.16,-94.73,43.64,-20.06,27.93,-5.90,1
x,2022-10-16 15:22:16.421779,-0.02,0.96,0.24,-54.75,-70.07,30.33,-20.06,27.93,-5.90,1
x,2022-10-16 15:22:16.430414,-0.02,1.04,0.31,-15.69,-47.30,4.70,-20.06,27.93,-5.90,1
x,2022-10-16 15:22:16.438847,-0.02,1.07,0.44,14.40,-16.36,11.17,-20.06,27.93,-5.90,1
x,2022-10-16 15:22:16.447381,-0.01,1.08,0.58,14.40,-16.36,11.17,-23.27,25.16,-7.25,1
x,2022-10-16 15:22:16.455997,-0.01,1.09,0.72,49.56,-6.47,4.82,-23.27,25.16,-7.25,1
x,2022-10-16 15:22:16.463708,-0.06,1.03,0.85,49.56,-6.47,4.82,-23.27,25.16,-7.25,1
x,2022-10-16 15:22:16.472203,-0.21,0.94,0.98,42.24,-0.79,-34.18,-23.27,25.16,-7.25,1
x,2022-10-16 15:22:16.479915,-0.39,0.90,0.92,42.24,-0.79,-34.18,-23.27,25.16,-7.25,1
x,2022-10-16 15:22:16.488515,-0.25,0.95,0.78,-19.04,1.28,-78.55,-23.27,25.16,-7.25,1
x,2022-10-16 15:22:16.497897,0.03,0.96,0.62,-43.95,13.98,-130.13,-22.67,25.59,-5.82,1
x,2022-10-16 15:22:16.506109,0.25,1.11,0.48,-46.51,49.62,-129.70,0.00,0.00,0.00,1
x,2022-10-16 15:22:16.514334,0.36,1.09,0.45,-19.90,61.83,-115.17,0.00,0.00,0.00,1
x,2022-10-16 15:22:16.522463,0.42,1.03,0.47,16.17,68.24,-93.44,0.00,0.00,0.00,1
x,2022-10-16 15:22:16.529581,0.41,0.97,0.48,16.17,68.24,-93.44,0.00,0.00,0.00,1
x,2022-10-16 15:22:16.537614,0.40,0.87,0.56,50.84,68.48,-66.83,0.00,0.00,0.00,1
x,2022-10-16 15:22:16.547019,0.44,0.82,0.62,59.39,61.83,-38.94,-18.20,27.86,-6.21,1
x,2022-10-16 15:22:16.555251,0.49,0.77,0.61,50.90,47.30,6.84,-18.20,27.86,-6.21,1
x,2022-10-16 15:22:16.562524,0.53,0.75,0.58,50.90,47.30,6.84,-18.20,27.86,-6.21,1
x,2022-10-16 15:22:16.570754,0.46,0.70,0.56,66.59,45.53,28.14,-18.20,27.86,-6.21,1
x,2022-10-16 15:22:16.579120,0.38,0.63,0.58,77.58,38.39,44.62,-18.20,27.86,-6.21,1
x,2022-10-16 15:22:16.587515,-2.79,0.61,1.13,80.87,24.41,53.41,-18.20,27.86,-6.21,1
x,2022-10-16 15:22:16.596776,0.13,0.95,0.61,36.19,-28.69,4.64,-16.35,30.21,-7.37,1
x,2022-10-16 15:22:16.605362,-0.27,0.79,0.07,-97.47,-57.80,-6.59,-16.35,30.21,-7.37,1
x,2022-10-16 15:22:16.613022,-0.07,0.81,0.12,-97.47,-57.80,-6.59,-16.35,30.21,-7.37,1
x,2022-10-16 15:22:16.621459,0.07,0.94,0.19,-41.20,-31.68,4.76,-16.35,30.21,-7.37,1
x,2022-10-16 15:22:16.630071,0.14,0.86,0.18,-5.62,-21.85,5.19,-16.35,30.21,-7.37,1
x,2022-10-16 15:22:16.638565,-0.06,0.76,0.29,32.10,-11.17,9.95,-16.35,30.21,-7.37,1
x,2022-10-16 15:22:16.646985,-0.35,0.79,0.49,32.10,-11.17,9.95,-16.35,29.83,-7.23,1
x,2022-10-16 15:22:16.655562,-0.13,0.76,0.60,-6.77,-8.97,50.48,-16.35,29.83,-7.23,1
x,2022-10-16 15:22:16.663074,-0.08,0.76,0.56,-6.77,-8.97,50.48,-16.35,29.83,-7.23,1
x,2022-10-16 15:22:16.671565,-0.10,0.73,0.48,-18.13,-6.71,58.72,-16.35,29.83,-7.23,1
x,2022-10-16 15:22:16.680204,-0.10,0.69,0.43,-19.41,-2.81,64.58,-16.35,29.83,-7.23,1
x,2022-10-16 15:22:16.688812,-0.06,0.66,0.38,-29.30,4.88,75.56,-16.35,29.83,-7.23,1
x,2022-10-16 15:22:16.697230,-0.06,0.62,0.37,-29.30,4.88,75.56,-16.76,27.01,-6.90,1
x,2022-10-16 15:22:16.705716,-0.06,0.63,0.36,-64.09,7.32,80.51,-16.76,27.01,-6.90,1
x,2022-10-16 15:22:16.713291,-0.07,0.62,0.34,-64.09,7.32,80.51,-16.76,27.01,-6.90,1
x,2022-10-16 15:22:16.721581,0.00,0.68,0.40,-73.97,8.36,83.07,-16.76,27.01,-6.90,1
x,2022-10-16 15:22:16.729031,0.06,0.70,0.46,-73.97,8.36,83.07,-16.76,27.01,-6.90,1
x,2022-10-16 15:22:16.737282,0.06,0.75,0.45,-81.48,1.46,80.51,-16.76,27.01,-6.90,1
x,2022-10-16 15:22:16.746691,0.02,0.85,0.40,-75.38,-1.53,74.83,-18.43,21.78,-4.66,1
x,2022-10-16 15:22:16.755058,0.03,0.85,0.37,-59.75,14.34,64.70,-18.43,21.78,-4.66,1
x,2022-10-16 15:22:16.762504,0.03,0.92,0.35,-59.75,14.34,64.70,-18.43,21.78,-4.66,1
x,2022-10-16 15:22:16.771002,-0.00,0.95,0.35,-17.76,6.96,56.34,-18.43,21.78,-4.66,1
x,2022-10-16 15:22:16.779349,-0.00,0.94,0.47,11.84,11.54,48.58,-18.43,21.78,-4.66,1
x,2022-10-16 15:22:16.787738,-0.05,0.94,0.62,32.47,12.33,42.48,-18.43,21.78,-4.66,1
x,2022-10-16 15:22:16.797002,-0.16,0.88,0.79,40.83,8.36,35.71,-20.30,21.53,-4.50,1
x,2022-10-16 15:22:16.805456,-0.57,0.78,0.91,-8.91,-22.03,-27.89,-20.30,21.53,-4.50,1
x,2022-10-16 15:22:16.813107,-0.68,0.85,0.80,-8.91,-22.03,-27.89,-20.30,21.53,-4.50,1
x,2022-10-16 15:22:16.821901,-0.55,1.02,0.45,-60.97,-45.41,-134.28,-20.30,21.53,-4.50,1
x,2022-10-16 15:22:16.829461,-0.30,1.13,0.16,-60.97,-45.41,-134.28,-20.30,21.53,-4.50,1
x,2022-10-16 15:22:16.838257,-0.12,1.21,0.02,-68.24,-41.75,-152.59,-20.30,21.53,-4.50,1
x,2022-10-16 15:22:16.847882,-0.01,1.24,-0.09,-49.62,-13.31,-133.42,-21.01,21.62,-0.76,1
x,2022-10-16 15:22:16.856349,0.07,1.17,0.18,10.01,2.99,-115.30,-21.01,21.62,-0.76,1
x,2022-10-16 15:22:16.862769,0.07,1.17,0.18,10.01,2.99,-115.30,-21.01,21.62,-0.76,1
x,2022-10-16 15:22:16.871119,0.06,0.96,0.31,33.81,10.25,-99.24,-21.01,21.62,-0.76,1
x,2022-10-16 15:22:16.879414,0.08,0.91,0.41,39.98,13.06,-82.46,-21.01,21.62,-0.76,1
x,2022-10-16 15:22:16.887896,0.12,0.86,0.45,29.11,15.01,-61.71,-21.01,21.62,-0.76,1
x,2022-10-16 15:22:16.897280,0.17,0.84,0.51,19.90,18.07,-39.61,-21.50,23.65,1.50,1
x,2022-10-16 15:22:16.905719,0.21,0.78,0.53,16.42,23.01,-7.32,-21.50,23.65,1.50,1
x,2022-10-16 15:22:16.913928,0.22,0.74,0.54,19.17,24.23,0.61,-21.50,23.65,1.50,1
x,2022-10-16 15:22:16.921331,0.22,0.70,0.54,19.17,24.23,0.61,-21.50,23.65,1.50,1
x,2022-10-16 15:22:16.929424,0.22,0.68,0.53,19.17,25.76,23.93,-21.50,23.65,1.50,1
x,2022-10-16 15:22:16.936731,0.23,0.67,0.53,19.17,25.76,23.93,-21.50,23.65,1.50,1
x,2022-10-16 15:22:16.946001,0.22,0.66,0.53,16.78,32.78,26.43,-22.05,23.54,2.59,1
x,2022-10-16 15:22:16.954296,0.19,0.67,0.56,24.35,38.51,33.39,-22.05,23.54,2.59,1
x,2022-10-16 15:22:16.962483,0.16,0.65,0.57,31.37,44.43,39.49,-22.05,23.54,2.59,1
x,2022-10-16 15:22:16.970618,0.13,0.65,0.58,31.98,50.66,44.01,-22.05,23.54,2.59,1
x,2022-10-16 15:22:16.978988,0.10,0.66,0.57,28.69,56.88,47.67,-22.05,23.54,2.59,1
x,2022-10-16 15:22:16.987173,0.06,0.68,0.58,24.90,62.32,51.03,-22.05,23.54,2.59,1
x,2022-10-16 15:22:16.996459,0.01,0.70,0.58,19.96,66.22,54.63,-22.22,23.68,3.42,1
x,2022-10-16 15:22:17.004680,-0.03,0.72,0.58,12.33,68.48,59.08,-22.22,23.68,3.42,1
x,2022-10-16 15:22:17.012133,-0.00,0.74,0.57,12.33,68.48,59.08,-22.22,23.68,3.42,1
x,2022-10-16 15:22:17.020387,0.02,0.74,0.57,-9.52,71.41,59.27,-22.22,23.68,3.42,1
