R,2022-10-25 16:11:32.761567,4.764704,9.045756,4.237953,0.186160,-0.146507,0.130442,-166.312164,5.214478,-187.467620,1
R,2022-10-25 16:11:32.843087,2.791781,5.133430,3.045580,0.005329,0.129534,0.243362,-166.312164,5.214478,-187.467620,1
R,2022-10-25 16:11:32.939116,4.266685,5.933134,3.534022,-0.581374,0.569628,0.586649,-186.141006,-10.788577,-106.433227,1
R,2022-10-25 16:11:33.034177,5.961866,9.567718,5.071177,-0.541293,0.645396,0.425924,-195.072921,7.552003,-182.456954,1
R,2022-10-25 16:11:33.130982,7.144662,8.480695,5.392017,-0.201069,0.316491,-0.132016,-182.746887,57.359260,-239.647537,1
R,2022-10-25 16:11:33.226970,6.158201,7.934789,4.635411,0.278973,-0.045305,0.223388,-182.746887,57.359260,-239.647537,1
R,2022-10-25 16:11:33.322738,4.434288,7.250012,3.648949,0.358203,-0.010683,0.125116,-198.288406,0.359619,-171.744522,1
R,2022-10-25 16:11:33.418142,4.204432,5.368074,3.031214,-0.098003,0.369755,-0.186346,-183.997344,3.596192,-39.048553,1
R,2022-10-25 16:11:33.514542,4.041618,8.260417,4.084716,-0.733177,0.443526,-0.247333,-186.319641,4.854859,-11.921904,1
R,2022-10-25 16:11:33.609553,4.218798,9.524621,4.898786,-0.458201,0.754055,0.328451,-186.319641,4.854859,-11.921904,1
R,2022-10-25 16:11:33.705476,7.273955,7.829439,4.204432,-0.057656,0.435003,0.374525,-219.189071,-13.126101,-95.893577,1
R,2022-10-25 16:11:33.801873,4.755127,7.374517,4.295417,0.145414,0.324481,0.363739,-201.503890,-11.507815,-142.717285,1
R,2022-10-25 16:11:33.897777,4.841322,6.479040,4.099082,-0.786707,0.426881,-0.072760,-204.362106,-2.157715,-156.539779,1
R,2022-10-25 16:11:33.993472,4.951461,10.099258,6.220453,-0.341952,0.476816,0.376655,-206.863037,59.696788,-204.918518,1
