P,2022-10-28 11:04:00.892201,0.46,0.53,0.66,52.31,-14.10,19.04,2.95,16.36,-29.82,1
P,2022-10-28 11:04:00.910243,0.42,0.61,0.60,5.74,-32.59,8.54,2.95,16.36,-29.82,1
P,2022-10-28 11:04:00.929302,0.39,0.62,0.53,3.48,-28.87,3.05,-0.24,16.43,-30.83,1
P,2022-10-28 11:04:00.947280,0.40,0.60,0.55,13.79,-8.30,2.93,-0.24,16.43,-30.83,1
P,2022-10-28 11:04:00.965281,0.39,0.57,0.64,29.60,17.94,-2.32,-0.24,16.43,-30.83,1
P,2022-10-28 11:04:00.984430,0.37,0.57,0.70,18.37,26.49,-11.84,-2.05,15.87,-32.12,1
P,2022-10-28 11:04:01.002374,0.39,0.58,0.66,-9.34,12.51,-14.71,-2.05,15.87,-32.12,1
P,2022-10-28 11:04:01.020464,0.48,0.57,0.58,-15.50,6.41,-1.40,-2.05,15.87,-32.12,1
P,2022-10-28 11:04:01.039224,0.54,0.54,0.57,-8.36,8.36,7.08,-3.69,15.21,-33.14,1
P,2022-10-28 11:04:01.057213,0.51,0.56,0.54,12.63,13.37,6.90,-3.69,15.21,-33.14,1
P,2022-10-28 11:04:01.075325,0.46,0.55,0.60,29.24,15.44,11.17,-3.69,15.21,-33.14,1
P,2022-10-28 11:04:01.094290,0.44,0.50,0.64,18.86,5.37,15.56,-4.54,15.09,-33.33,1
P,2022-10-28 11:04:01.112194,0.40,0.54,0.53,13.49,-2.44,25.33,-4.54,15.09,-33.33,1
P,2022-10-28 11:04:01.131418,-0.17,0.52,0.57,29.72,5.68,24.11,-5.92,16.04,-33.87,1
P,2022-10-28 11:04:01.149368,0.47,0.56,0.62,-19.35,24.29,-1.65,-5.92,16.04,-33.87,1
P,2022-10-28 11:04:01.167283,0.48,0.62,0.56,6.77,21.12,-5.07,-5.92,16.04,-33.87,1
P,2022-10-28 11:04:01.186462,0.48,0.52,0.62,31.98,22.34,-6.65,-6.31,15.81,-33.69,1
P,2022-10-28 11:04:01.204255,0.48,0.51,0.66,49.99,18.49,-15.38,-6.31,15.81,-33.69,1
P,2022-10-28 11:04:01.222422,0.09,0.69,0.65,48.52,10.74,-9.64,-6.31,15.81,-33.69,1
P,2022-10-28 11:04:01.241264,0.28,0.52,0.61,-10.07,-12.21,26.37,-5.91,16.86,-33.06,1
P,2022-10-28 11:04:01.259380,0.27,0.62,0.57,-29.97,-29.17,36.62,-5.91,16.86,-33.06,1
P,2022-10-28 11:04:01.277381,0.41,0.55,0.60,-39.92,-51.57,50.11,-5.91,16.86,-33.06,1
P,2022-10-28 11:04:01.296262,0.59,0.48,0.63,-74.40,-64.45,43.70,-5.22,15.73,-33.11,1
P,2022-10-28 11:04:01.314440,0.24,0.76,0.55,-61.58,-46.02,32.29,-5.22,15.73,-33.11,1
P,2022-10-28 11:04:01.333278,0.45,0.66,0.55,-86.30,-50.84,53.83,-4.57,14.62,-30.70,1
P,2022-10-28 11:04:01.351471,0.42,0.73,0.55,-59.20,-34.61,47.42,-4.57,14.62,-30.70,1
P,2022-10-28 11:04:01.369405,0.44,0.73,0.63,-44.01,-28.87,44.01,-4.57,14.62,-30.70,1
P,2022-10-28 11:04:01.388462,0.50,0.82,0.60,-13.18,-14.77,27.77,-3.87,14.03,-30.05,1
P,2022-10-28 11:04:01.406290,0.45,0.83,0.65,20.26,-1.71,6.16,-3.87,14.03,-30.05,1
P,2022-10-28 11:04:01.424541,0.45,0.72,0.83,22.89,-0.73,-5.86,-3.87,14.03,-30.05,1
P,2022-10-28 11:04:01.443323,0.56,0.55,0.86,-16.48,-15.44,-23.38,-3.48,14.48,-29.11,1
P,2022-10-28 11:04:01.461384,0.44,0.82,0.67,-36.74,-12.57,-73.06,-3.48,14.48,-29.11,1
P,2022-10-28 11:04:01.479342,0.59,0.84,0.51,-39.18,33.51,-71.04,-3.48,14.48,-29.11,1
P,2022-10-28 11:04:01.498170,0.58,0.81,0.43,9.22,60.24,-68.30,-4.09,13.84,-30.44,1
P,2022-10-28 11:04:01.516287,0.60,0.76,0.47,31.49,52.98,-55.42,-4.09,13.84,-30.44,1
P,2022-10-28 11:04:01.535161,0.54,0.67,0.46,42.97,41.93,-35.64,-3.87,14.75,-33.00,1
P,2022-10-28 11:04:01.553345,-0.89,0.76,0.56,36.25,17.52,-20.26,-3.87,14.75,-33.00,1
P,2022-10-28 11:04:01.571391,0.48,0.60,0.30,14.53,-1.83,-35.58,-3.87,14.75,-33.00,1
P,2022-10-28 11:04:01.590270,0.42,0.62,0.44,46.51,13.12,-21.85,-5.90,14.43,-33.06,1
P,2022-10-28 11:04:01.608274,0.46,0.62,0.50,48.28,18.25,-19.10,-5.90,14.43,-33.06,1
P,2022-10-28 11:04:01.626255,0.39,0.60,0.52,51.57,18.43,-18.86,-5.90,14.43,-33.06,1
P,2022-10-28 11:04:01.645160,0.45,0.57,0.54,42.97,11.54,-13.12,-7.09,14.42,-33.63,1
P,2022-10-28 11:04:01.663225,0.42,0.60,0.56,35.77,3.36,-10.13,-7.09,14.42,-33.63,1
P,2022-10-28 11:04:01.681375,0.45,0.54,0.44,54.81,1.77,-7.26,-7.09,14.42,-33.63,1
P,2022-10-28 11:04:01.700262,0.38,0.55,0.43,71.96,-4.27,-13.00,-8.12,14.16,-33.15,1
P,2022-10-28 11:04:01.718306,0.40,0.51,0.61,83.44,-10.93,-13.55,-8.12,14.16,-33.15,1
P,2022-10-28 11:04:01.737276,0.38,0.43,0.72,65.61,-25.94,-8.91,-8.79,14.05,-33.51,1
P,2022-10-28 11:04:01.755497,0.44,0.46,0.76,23.32,-43.58,-0.98,-8.79,14.05,-33.51,1
P,2022-10-28 11:04:01.773464,0.50,0.38,0.78,24.29,-26.49,1.95,-8.79,14.05,-33.51,1
P,2022-10-28 11:04:01.792171,0.36,0.38,0.87,35.89,-0.12,2.08,-9.34,14.23,-32.23,1
P,2022-10-28 11:04:01.810167,0.30,0.58,0.82,7.20,-11.41,13.98,-9.34,14.23,-32.23,1
P,2022-10-28 11:04:01.828386,0.38,0.58,0.72,-12.94,-17.94,35.89,-9.34,14.23,-32.23,1
P,2022-10-28 11:04:01.847247,0.36,0.57,0.73,-39.25,-14.59,53.83,-8.76,14.00,-31.12,1
P,2022-10-28 11:04:01.865393,0.40,0.50,0.81,-104.49,-16.17,77.58,-8.76,14.00,-31.12,1
P,2022-10-28 11:04:01.883177,0.53,0.52,0.71,-119.14,2.38,83.80,-8.76,14.00,-31.12,1
P,2022-10-28 11:04:01.902129,0.52,0.58,0.65,-88.68,23.32,69.40,-7.04,13.61,-29.48,1
P,2022-10-28 11:04:01.920151,0.48,0.59,0.62,-62.99,27.22,51.70,-7.04,13.61,-29.48,1
P,2022-10-28 11:04:01.939123,0.43,0.68,0.56,-55.79,28.26,38.94,-5.20,14.06,-30.21,1
P,2022-10-28 11:04:01.957221,0.45,0.70,0.48,-46.26,26.92,28.75,-5.20,14.06,-30.21,1
P,2022-10-28 11:04:01.975242,0.45,0.76,0.43,-45.29,12.21,20.45,-5.20,14.06,-30.21,1
P,2022-10-28 11:04:01.994144,0.43,0.77,0.39,-32.41,17.58,14.04,-4.00,13.26,-32.21,1
P,2022-10-28 11:04:02.012249,0.34,0.89,0.29,-25.76,5.55,7.51,-4.00,13.26,-32.21,1
P,2022-10-28 11:04:02.030181,0.74,0.52,0.42,18.68,7.20,1.40,-4.00,13.26,-32.21,1
P,2022-10-28 11:04:02.049525,-0.00,0.94,0.39,71.84,-15.44,-85.02,-5.60,13.72,-30.94,1
P,2022-10-28 11:04:02.067299,0.20,0.73,0.55,38.21,-11.23,-88.07,-5.60,13.72,-30.94,1
P,2022-10-28 11:04:02.085395,0.30,0.74,0.66,24.96,23.07,-68.48,-5.60,13.72,-30.94,1
P,2022-10-28 11:04:02.104234,0.42,0.76,0.61,-7.51,23.44,-54.02,-4.99,12.88,-29.93,1
