Q,2022-10-27 14:41:25.659543,0.59,0.16,0.64,-32.65,0.37,-3.30,-18.05,36.98,-26.01,1
Q,2022-10-27 14:41:25.680114,0.64,0.05,0.66,-27.59,1.16,-3.54,-18.05,36.98,-26.01,1
Q,2022-10-27 14:41:25.700164,0.69,0.03,0.67,-37.90,-2.81,-4.09,-19.15,37.12,-27.91,1
Q,2022-10-27 14:41:25.724977,0.60,-0.03,0.68,-45.29,-10.44,0.61,-19.15,37.12,-27.91,1
Q,2022-10-27 14:41:25.745214,0.57,-0.04,0.64,-60.42,-18.31,21.91,-19.21,35.19,-27.12,1
Q,2022-10-27 14:41:25.765209,0.40,0.13,0.77,-65.19,-2.08,21.85,-19.21,35.19,-27.12,1
Q,2022-10-27 14:41:25.785204,0.49,0.09,0.69,-36.80,-7.87,36.13,-19.21,35.19,-27.12,1
Q,2022-10-27 14:41:25.805295,0.42,0.32,0.81,-24.48,-19.59,46.81,-18.57,34.62,-28.43,1
Q,2022-10-27 14:41:25.825193,0.37,0.35,0.85,9.03,-47.36,30.03,-18.57,34.62,-28.43,1
Q,2022-10-27 14:41:25.845297,0.48,0.34,0.81,27.53,-66.47,12.15,-16.38,34.42,-26.28,1
Q,2022-10-27 14:41:25.868584,0.49,0.29,0.66,14.28,-79.47,-6.23,-16.38,34.42,-26.28,1
Q,2022-10-27 14:41:25.892090,0.55,0.37,0.72,-5.55,-76.11,-15.75,-16.38,34.42,-26.28,1
Q,2022-10-27 14:41:25.902185,0.68,0.48,0.67,0.00,-64.45,-23.56,-16.59,32.34,-25.62,1
Q,2022-10-27 14:41:25.925125,0.68,0.52,0.79,109.37,-33.51,-31.98,-16.59,32.34,-25.62,1
Q,2022-10-27 14:41:25.941883,0.73,0.06,0.82,147.64,-13.00,-41.93,-17.52,33.98,-22.80,1
Q,2022-10-27 14:41:25.968615,0.73,-0.01,0.83,120.79,5.00,-40.47,-17.52,33.98,-22.80,1
Q,2022-10-27 14:41:25.988602,0.74,-0.28,0.93,99.37,26.43,-42.05,-17.52,33.98,-22.80,1
Q,2022-10-27 14:41:26.009385,0.84,-0.03,0.78,2.20,45.10,-64.39,-18.82,35.52,-21.12,1
Q,2022-10-27 14:41:26.019947,0.69,-0.02,0.84,-9.95,70.98,-45.78,-18.82,35.52,-21.12,1
Q,2022-10-27 14:41:26.041858,0.70,-0.14,0.82,-11.29,73.06,0.24,-18.82,35.52,-21.12,1
Q,2022-10-27 14:41:26.068148,0.70,-0.41,0.92,-18.19,60.55,17.46,-20.80,36.22,-24.61,1
Q,2022-10-27 14:41:26.078326,0.59,-0.42,0.81,-44.86,48.77,20.94,-20.80,36.22,-24.61,1
Q,2022-10-27 14:41:26.098397,0.63,-0.32,0.74,-81.18,19.29,30.46,-22.39,36.55,-26.14,1
Q,2022-10-27 14:41:26.124448,0.60,-0.08,0.64,-114.32,25.27,43.52,-22.39,36.55,-26.14,1
Q,2022-10-27 14:41:26.144559,0.42,-0.02,0.68,-109.80,23.38,57.80,-22.39,36.55,-26.14,1
Q,2022-10-27 14:41:26.164855,0.44,0.16,0.63,-93.75,14.83,69.89,-21.47,35.38,-30.02,1
Q,2022-10-27 14:41:26.186056,0.34,0.34,0.66,-73.55,4.39,86.06,-21.47,35.38,-30.02,1
Q,2022-10-27 14:41:26.201723,0.34,0.41,0.70,-61.28,-11.41,75.99,-19.97,35.05,-31.51,1
Q,2022-10-27 14:41:26.218361,0.17,0.52,0.70,-30.21,-33.87,67.63,-19.97,35.05,-31.51,1
Q,2022-10-27 14:41:26.238267,0.25,0.20,0.48,23.44,-55.18,55.05,-19.97,35.05,-31.51,1
Q,2022-10-27 14:41:26.259446,0.12,0.45,0.42,60.12,-40.71,24.66,-18.77,34.45,-29.47,1
Q,2022-10-27 14:41:26.279473,0.42,0.49,0.33,153.50,1.77,3.30,-18.77,34.45,-29.47,1
Q,2022-10-27 14:41:26.299446,0.72,0.17,0.68,157.71,17.88,-2.75,-15.43,36.65,-25.55,1
Q,2022-10-27 14:41:26.319574,0.99,-0.04,0.88,119.38,22.16,-3.48,-15.43,36.65,-25.55,1
Q,2022-10-27 14:41:26.340737,1.08,-0.26,0.99,15.69,-14.47,-5.98,-15.43,36.65,-25.55,1
Q,2022-10-27 14:41:26.361354,1.05,-0.15,0.77,-45.90,-43.58,-19.90,-14.05,36.77,-21.94,1
Q,2022-10-27 14:41:26.381344,0.80,0.05,0.75,-103.15,-10.93,-27.10,-14.05,36.77,-21.94,1
Q,2022-10-27 14:41:26.401337,0.59,0.26,0.89,48.34,28.08,15.26,-14.00,35.99,-22.42,1
Q,2022-10-27 14:41:26.422290,0.64,-0.19,1.00,80.26,11.11,12.27,-14.00,35.99,-22.42,1
Q,2022-10-27 14:41:26.435302,0.18,0.64,1.21,-60.61,53.22,-5.07,-14.00,35.99,-22.42,1
Q,2022-10-27 14:41:26.455296,0.42,-0.08,0.77,42.42,31.07,-6.23,-14.15,37.17,-21.92,1
Q,2022-10-27 14:41:26.475699,0.36,0.07,0.79,22.40,12.45,-34.61,-14.15,37.17,-21.92,1
Q,2022-10-27 14:41:26.495984,0.49,0.34,0.64,45.41,0.92,-47.06,-14.15,37.17,-21.92,1
Q,2022-10-27 14:41:26.515976,0.48,-0.19,0.70,70.25,7.87,-5.92,-15.25,36.39,-20.91,1
Q,2022-10-27 14:41:26.535990,0.22,-0.59,1.10,45.47,-9.77,-21.36,-15.25,36.39,-20.91,1
Q,2022-10-27 14:41:26.556043,0.70,0.24,0.50,-58.96,-42.54,-54.26,-14.84,35.52,-19.87,1
Q,2022-10-27 14:41:26.576430,0.55,0.22,0.92,-49.74,-21.79,-14.34,-14.84,35.52,-19.87,1
Q,2022-10-27 14:41:26.596494,0.24,-0.27,0.77,43.46,-55.30,-31.49,-14.84,35.52,-19.87,1
Q,2022-10-27 14:41:26.616574,0.68,0.28,0.69,1.95,-41.63,-41.02,-14.90,33.73,-19.21,1
Q,2022-10-27 14:41:26.641697,0.63,0.17,0.80,31.68,-16.05,-15.75,-14.90,33.73,-19.21,1
Q,2022-10-27 14:41:26.662104,0.53,-0.10,0.76,46.14,-13.43,-27.28,-14.79,33.14,-18.49,1
Q,2022-10-27 14:41:26.675063,0.59,-0.24,0.63,49.93,0.55,-40.95,-14.79,33.14,-18.49,1
Q,2022-10-27 14:41:26.691739,0.61,-0.15,0.53,16.17,36.25,-75.01,-14.79,33.14,-18.49,1
Q,2022-10-27 14:41:26.718464,0.40,-0.03,0.48,20.39,71.53,-65.06,-15.31,31.95,-18.20,1
Q,2022-10-27 14:41:26.738445,0.43,-0.30,0.46,106.26,99.49,-12.33,-15.31,31.95,-18.20,1
Q,2022-10-27 14:41:26.758875,0.50,-1.01,0.72,123.60,99.06,46.94,-11.83,32.17,-14.21,1
Q,2022-10-27 14:41:26.778847,0.62,-1.35,0.88,52.31,50.42,70.37,-11.83,32.17,-14.21,1
Q,2022-10-27 14:41:26.798850,0.71,-1.11,0.61,14.53,7.02,77.27,-11.83,32.17,-14.21,1
Q,2022-10-27 14:41:26.820546,0.70,-0.93,0.46,-15.99,-19.29,120.61,-7.24,28.65,-17.65,1
Q,2022-10-27 14:41:26.834360,0.73,-0.75,0.56,-56.40,-22.58,137.21,-7.24,28.65,-17.65,1
Q,2022-10-27 14:41:26.855834,0.77,-0.31,0.65,-100.46,-33.81,124.39,-6.85,27.28,-24.62,1
Q,2022-10-27 14:41:26.877005,0.80,0.03,0.67,-118.04,-38.45,114.14,-6.85,27.28,-24.62,1
