O,2022-10-29 11:04:48.673139,0.38,-0.33,0.88,-21.12,-15.69,-10.50,0.28,24.23,-73.06,1
O,2022-10-29 11:04:48.687916,0.36,-0.32,0.88,-19.59,-9.77,-13.61,0.28,24.23,-73.06,1
O,2022-10-29 11:04:48.703976,0.30,-0.30,0.89,-13.61,-6.23,-13.18,-0.62,25.18,-71.48,1
O,2022-10-29 11:04:48.727709,0.40,-0.30,0.86,2.50,-3.36,-6.16,-0.62,25.18,-71.48,1
O,2022-10-29 11:04:48.743708,0.30,-0.34,0.79,3.66,0.55,-0.18,-0.62,25.18,-71.48,1
O,2022-10-29 11:04:48.759709,0.33,-0.38,0.87,0.49,0.67,-1.28,-0.42,25.28,-70.74,1
O,2022-10-29 11:04:48.783914,0.38,-0.44,0.87,-3.42,2.14,3.48,-0.42,25.28,-70.74,1
O,2022-10-29 11:04:48.799934,0.37,-0.43,0.79,-6.59,2.20,8.24,0.02,25.66,-71.33,1
O,2022-10-29 11:04:48.816373,0.37,-0.39,0.74,-11.41,0.00,11.47,0.02,25.66,-71.33,1
O,2022-10-29 11:04:48.832405,0.39,-0.36,0.75,-18.19,-4.58,9.77,0.02,25.66,-71.33,1
O,2022-10-29 11:04:48.856401,0.37,-0.35,0.74,-19.23,-9.83,13.55,2.76,26.42,-69.56,1
O,2022-10-29 11:04:48.872392,0.33,-0.33,0.79,-16.85,-17.40,17.03,2.76,26.42,-69.56,1
O,2022-10-29 11:04:48.888409,0.30,-0.31,0.82,-16.54,-17.88,19.17,2.76,26.42,-69.56,1
O,2022-10-29 11:04:48.912389,0.28,-0.27,0.86,-19.41,-18.31,19.10,8.59,26.22,-68.75,1
O,2022-10-29 11:04:48.928595,0.29,-0.21,0.87,-25.39,-18.19,17.27,8.59,26.22,-68.75,1
O,2022-10-29 11:04:48.944785,0.31,-0.16,0.82,-38.51,-15.38,6.29,16.08,24.12,-65.41,1
O,2022-10-29 11:04:48.968615,0.33,-0.16,0.81,-31.49,-24.90,10.01,16.08,24.12,-65.41,1
O,2022-10-29 11:04:48.984607,0.33,-0.13,0.86,-18.68,-32.59,16.42,16.08,24.12,-65.41,1
O,2022-10-29 11:04:49.000780,0.30,-0.09,0.94,-4.21,-31.80,22.46,26.27,20.78,-62.22,1
O,2022-10-29 11:04:49.024606,0.27,-0.13,0.89,-0.55,-16.36,18.55,26.27,20.78,-62.22,1
O,2022-10-29 11:04:49.040606,0.26,-0.11,0.92,-8.48,-14.65,12.08,26.27,20.78,-62.22,1
O,2022-10-29 11:04:49.056613,0.25,-0.10,0.89,-14.40,-16.48,4.03,36.47,17.61,-60.83,1
O,2022-10-29 11:04:49.080608,0.26,-0.11,0.92,-8.12,-27.40,-2.20,36.47,17.61,-60.83,1
O,2022-10-29 11:04:49.096606,0.28,-0.14,0.95,-0.43,-35.16,-2.38,48.30,16.67,-62.72,1
O,2022-10-29 11:04:49.112612,0.29,-0.12,0.93,7.08,-37.90,0.24,48.30,16.67,-62.72,1
O,2022-10-29 11:04:49.136607,0.28,-0.11,1.04,8.36,-32.59,0.37,48.30,16.67,-62.72,1
O,2022-10-29 11:04:49.152607,0.25,-0.08,1.02,-14.71,-12.94,-7.14,56.97,18.99,-68.55,1
O,2022-10-29 11:04:49.168607,0.23,-0.06,1.04,-1.83,-7.93,-16.78,56.97,18.99,-68.55,1
O,2022-10-29 11:04:49.184611,0.26,-0.09,1.06,4.27,-5.62,-22.58,56.97,18.99,-68.55,1
O,2022-10-29 11:04:49.208606,0.28,-0.15,1.07,13.92,-4.09,-19.17,57.32,26.62,-74.33,1
O,2022-10-29 11:04:49.224612,0.28,-0.20,1.02,20.14,-3.11,-8.24,57.32,26.62,-74.33,1
O,2022-10-29 11:04:49.240624,0.26,-0.18,1.02,20.14,-0.79,-11.60,57.32,26.62,-74.33,1
O,2022-10-29 11:04:49.264608,0.26,-0.12,1.04,18.86,3.72,-21.24,49.62,34.08,-80.21,1
O,2022-10-29 11:04:49.280611,0.22,-0.11,1.04,14.40,14.16,-38.88,49.62,34.08,-80.21,1
O,2022-10-29 11:04:49.296608,0.24,-0.18,0.98,16.17,22.22,-51.21,35.39,38.98,-85.94,1
O,2022-10-29 11:04:49.320608,0.27,-0.36,0.90,22.03,20.26,-42.42,35.39,38.98,-85.94,1
O,2022-10-29 11:04:49.336607,0.31,-0.41,0.89,30.64,14.34,-23.19,35.39,38.98,-85.94,1
O,2022-10-29 11:04:49.352607,0.32,-0.40,0.91,38.09,10.01,-8.67,23.43,37.66,-92.81,1
O,2022-10-29 11:04:49.368607,0.30,-0.43,0.91,32.23,12.15,-8.54,23.43,37.66,-92.81,1
O,2022-10-29 11:04:49.392607,0.31,-0.45,0.94,1.40,23.62,-18.74,23.43,37.66,-92.81,1
O,2022-10-29 11:04:49.408608,0.28,-0.55,0.82,-0.67,19.23,-15.63,16.69,31.70,-93.43,1
O,2022-10-29 11:04:49.424628,0.28,-0.49,0.84,-2.08,7.02,-6.84,16.69,31.70,-93.43,1
O,2022-10-29 11:04:49.448607,0.26,-0.45,0.86,-4.94,8.06,-4.58,13.90,28.12,-91.20,1
O,2022-10-29 11:04:49.464610,0.36,-0.42,0.96,-14.83,10.44,-4.64,13.90,28.12,-91.20,1
O,2022-10-29 11:04:49.480614,0.34,-0.35,0.92,-28.93,22.71,-6.84,13.90,28.12,-91.20,1
O,2022-10-29 11:04:49.504608,0.34,-0.36,0.94,-28.81,27.28,-7.39,9.46,25.38,-86.74,1
O,2022-10-29 11:04:49.520606,0.31,-0.31,0.87,-29.24,30.82,-4.52,9.46,25.38,-86.74,1
O,2022-10-29 11:04:49.536611,0.24,-0.26,0.76,-17.09,24.72,1.22,9.46,25.38,-86.74,1
O,2022-10-29 11:04:49.560612,0.30,-0.40,0.87,-2.38,8.18,8.42,4.36,24.73,-80.26,1
O,2022-10-29 11:04:49.576611,0.29,-0.39,0.76,-5.68,10.86,14.10,4.36,24.73,-80.26,1
O,2022-10-29 11:04:49.592611,0.27,-0.35,0.73,-18.62,9.77,10.93,1.11,25.73,-76.29,1
O,2022-10-29 11:04:49.608612,0.30,-0.35,0.77,-27.95,7.08,5.86,1.11,25.73,-76.29,1
O,2022-10-29 11:04:49.632608,0.27,-0.28,0.78,-35.64,2.26,11.11,1.11,25.73,-76.29,1
O,2022-10-29 11:04:49.648609,0.28,-0.30,0.78,-33.81,-2.56,17.33,2.75,28.71,-74.79,1
O,2022-10-29 11:04:49.664610,0.27,-0.20,0.80,-30.82,-9.58,27.47,2.75,28.71,-74.79,1
O,2022-10-29 11:04:49.688621,0.26,-0.00,0.90,-42.48,-12.02,21.79,2.75,28.71,-74.79,1
O,2022-10-29 11:04:49.704609,0.27,0.05,0.91,-53.04,-6.59,1.40,7.03,30.24,-72.60,1
O,2022-10-29 11:04:49.720613,0.19,0.15,1.03,-43.09,-13.61,6.41,7.03,30.24,-72.60,1
O,2022-10-29 11:04:49.744621,0.08,0.27,1.19,-16.97,-4.94,11.72,7.03,30.24,-72.60,1
O,2022-10-29 11:04:49.760609,0.13,0.26,1.14,17.33,14.53,11.66,10.27,28.77,-72.74,1
O,2022-10-29 11:04:49.776606,0.22,0.20,1.05,50.66,30.40,9.16,10.27,28.77,-72.74,1
O,2022-10-29 11:04:49.800610,0.33,0.11,0.98,59.45,28.99,5.37,6.40,25.89,-79.02,1
O,2022-10-29 11:04:49.816609,0.36,0.09,0.95,65.92,25.70,-1.10,6.40,25.89,-79.02,1
O,2022-10-29 11:04:49.832617,0.38,0.05,0.91,72.02,26.43,-9.64,6.40,25.89,-79.02,1
O,2022-10-29 11:04:49.848613,0.43,0.01,0.84,78.25,27.89,-21.85,-1.14,21.69,-84.09,1
O,2022-10-29 11:04:49.872611,0.56,-0.20,0.73,79.22,23.86,-44.86,-1.14,21.69,-84.09,1
O,2022-10-29 11:04:49.888607,0.57,-0.46,0.68,65.43,18.37,-48.22,-1.14,21.69,-84.09,1
O,2022-10-29 11:04:49.904611,0.49,-0.53,0.70,48.58,9.16,-35.16,-7.09,15.09,-86.22,1
O,2022-10-29 11:04:49.928607,0.43,-0.50,0.73,41.87,0.37,-23.01,-7.09,15.09,-86.22,1
