O,2022-10-28 11:21:42.038001,0.49,-0.21,0.80,-7.02,-1.77,9.03,19.06,27.70,-28.12,1
O,2022-10-28 11:21:42.055961,0.49,-0.20,0.83,-22.46,-0.98,10.93,19.06,27.70,-28.12,1
O,2022-10-28 11:21:42.075084,-0.13,-0.16,0.89,-29.11,-1.83,15.20,20.34,26.83,-28.44,1
O,2022-10-28 11:21:42.092994,0.47,0.13,0.85,-16.85,3.66,-39.55,20.34,26.83,-28.44,1
O,2022-10-28 11:21:42.110762,0.44,0.21,0.85,-25.94,25.27,3.72,20.34,26.83,-28.44,1
O,2022-10-28 11:21:42.129743,0.47,-0.31,0.97,3.85,26.37,32.17,21.40,25.57,-28.00,1
O,2022-10-28 11:21:42.147751,0.45,0.01,0.80,-7.69,14.77,37.17,21.40,25.57,-28.00,1
O,2022-10-28 11:21:42.166004,0.42,-0.01,0.84,-12.33,10.62,43.40,21.40,25.57,-28.00,1
O,2022-10-28 11:21:42.184846,0.40,-0.09,0.77,-0.92,3.60,51.39,21.46,24.83,-29.87,1
O,2022-10-28 11:21:42.202979,0.44,-0.13,0.72,2.20,0.85,48.34,21.46,24.83,-29.87,1
O,2022-10-28 11:21:42.221027,0.42,-0.04,0.73,-6.35,0.61,39.37,21.46,24.83,-29.87,1
O,2022-10-28 11:21:42.239836,0.40,0.04,0.78,-10.31,-1.59,38.76,21.97,22.44,-30.08,1
O,2022-10-28 11:21:42.257882,0.41,0.08,0.79,-2.14,-10.25,49.38,21.97,22.44,-30.08,1
O,2022-10-28 11:21:42.276820,0.43,0.08,0.78,-4.09,-18.49,50.17,21.64,20.80,-32.65,1
O,2022-10-28 11:21:42.294973,0.47,0.13,0.78,-11.60,-21.67,39.73,21.64,20.80,-32.65,1
O,2022-10-28 11:21:42.312940,0.48,0.20,0.81,-10.01,-20.02,21.48,21.64,20.80,-32.65,1
O,2022-10-28 11:21:42.332051,0.44,0.28,0.86,-5.31,-22.77,-9.89,21.72,19.68,-35.18,1
O,2022-10-28 11:21:42.349859,0.46,0.34,0.94,15.87,-36.13,-12.15,21.72,19.68,-35.18,1
O,2022-10-28 11:21:42.367806,0.51,0.30,0.93,41.69,-44.13,-22.28,21.72,19.68,-35.18,1
O,2022-10-28 11:21:42.386815,0.55,0.25,0.92,59.39,-46.08,-35.77,20.69,19.96,-35.53,1
O,2022-10-28 11:21:42.404860,0.57,0.22,0.90,66.96,-37.29,-48.34,20.69,19.96,-35.53,1
O,2022-10-28 11:21:42.422872,0.57,0.21,0.91,74.22,-20.26,-56.03,20.69,19.96,-35.53,1
O,2022-10-28 11:21:42.441753,0.60,0.13,0.94,86.98,10.25,-46.75,19.95,23.39,-34.29,1
O,2022-10-28 11:21:42.460068,0.66,-0.15,0.98,90.39,18.43,-32.96,19.95,23.39,-34.29,1
O,2022-10-28 11:21:42.478793,0.36,-0.23,1.09,90.09,22.64,-15.32,21.19,27.84,-31.40,1
O,2022-10-28 11:21:42.496733,0.45,-0.54,1.03,83.98,24.90,3.97,21.19,27.84,-31.40,1
O,2022-10-28 11:21:42.514741,0.54,-0.70,0.94,51.03,18.68,6.41,21.19,27.84,-31.40,1
O,2022-10-28 11:21:42.534120,0.49,-0.73,0.81,-21.30,29.05,-13.00,20.62,30.42,-27.48,1
O,2022-10-28 11:21:42.552091,0.43,-0.43,0.86,-53.41,30.03,-11.17,20.62,30.42,-27.48,1
O,2022-10-28 11:21:42.570059,0.41,-0.31,0.83,-67.57,29.48,3.17,20.62,30.42,-27.48,1
O,2022-10-28 11:21:42.589021,0.37,-0.27,0.81,-61.77,28.44,19.96,20.80,29.70,-27.33,1
O,2022-10-28 11:21:42.607018,0.37,-0.28,0.77,-47.42,24.41,36.38,20.80,29.70,-27.33,1
O,2022-10-28 11:21:42.625094,0.33,-0.31,0.75,-34.18,15.44,40.22,20.80,29.70,-27.33,1
O,2022-10-28 11:21:42.643807,0.32,-0.17,0.73,-39.43,10.07,40.77,21.00,28.56,-26.33,1
O,2022-10-28 11:21:42.661920,0.29,-0.12,0.73,-32.35,3.66,48.71,21.00,28.56,-26.33,1
O,2022-10-28 11:21:42.681109,0.29,-0.12,0.72,-27.10,-5.92,51.64,20.98,25.78,-28.61,1
O,2022-10-28 11:21:42.699106,0.26,-0.08,0.74,-25.33,-13.98,43.09,20.98,25.78,-28.61,1
O,2022-10-28 11:21:42.717129,0.24,-0.00,0.77,-11.35,-9.03,20.02,20.98,25.78,-28.61,1
O,2022-10-28 11:21:42.735830,0.29,0.04,0.82,5.74,-1.65,11.84,20.89,24.16,-30.85,1
O,2022-10-28 11:21:42.753978,0.35,-0.03,0.84,23.38,3.36,10.44,20.89,24.16,-30.85,1
O,2022-10-28 11:21:42.771953,0.38,-0.15,0.82,37.05,8.79,13.67,20.89,24.16,-30.85,1
O,2022-10-28 11:21:42.790713,0.41,-0.27,0.77,41.38,11.17,18.55,20.18,23.22,-34.30,1
O,2022-10-28 11:21:42.808991,0.48,-0.38,0.71,41.63,11.66,31.07,20.18,23.22,-34.30,1
O,2022-10-28 11:21:42.826735,0.56,-0.45,0.70,27.34,8.06,45.65,20.18,23.22,-34.30,1
O,2022-10-28 11:21:42.845754,0.62,-0.43,0.71,7.26,2.75,59.02,19.48,22.64,-36.69,1
O,2022-10-28 11:21:42.864025,0.58,-0.44,0.71,-16.54,-1.77,63.35,19.48,22.64,-36.69,1
O,2022-10-28 11:21:42.882984,0.54,-0.30,0.72,-47.67,-6.47,57.56,17.96,21.35,-39.88,1
O,2022-10-28 11:21:42.901218,0.52,-0.12,0.74,-71.17,-6.53,55.05,17.96,21.35,-39.88,1
O,2022-10-28 11:21:42.918841,0.53,0.07,0.78,-73.36,-4.15,58.72,17.96,21.35,-39.88,1
