I,2022-10-19 12:11:17.035966,0.36,0.68,1.05,-110.35,-52.80,13.49,37.34,25.13,-158.07,1
I,2022-10-19 12:11:17.056231,0.22,0.66,1.15,-88.26,-37.05,-17.76,37.34,25.13,-158.07,1
I,2022-10-19 12:11:17.076494,0.24,0.62,1.14,-52.67,-31.13,-0.55,32.47,20.06,-158.37,1
I,2022-10-19 12:11:17.096649,0.15,0.71,1.17,-22.58,-26.73,1.16,32.47,20.06,-158.37,1
I,2022-10-19 12:11:17.116651,-0.00,0.53,1.19,-2.81,-17.58,-6.59,32.47,20.06,-158.37,1
I,2022-10-19 12:11:17.136650,0.04,0.40,1.12,29.24,-3.97,5.25,25.94,18.98,-160.40,1
I,2022-10-19 12:11:17.156710,0.09,0.21,1.06,26.79,-2.44,3.42,25.94,18.98,-160.40,1
I,2022-10-19 12:11:17.176734,0.12,0.15,0.99,18.74,0.00,6.77,22.81,20.95,-165.20,1
I,2022-10-19 12:11:17.196732,0.29,0.19,0.85,17.09,-6.29,12.21,22.81,20.95,-165.20,1
I,2022-10-19 12:11:17.216734,0.31,0.14,0.81,21.00,-18.49,7.57,22.81,20.95,-165.20,1
I,2022-10-19 12:11:17.237225,0.30,0.15,0.82,6.23,-24.11,-6.96,18.95,23.39,-166.74,1
I,2022-10-19 12:11:17.257551,0.20,0.31,0.83,-11.72,-22.34,-39.18,18.95,23.39,-166.74,1
I,2022-10-19 12:11:17.277647,0.14,0.21,0.83,-22.40,-16.30,-65.06,14.21,19.73,-168.65,1
I,2022-10-19 12:11:17.297817,-1.95,-0.26,1.36,-25.09,-16.36,-70.13,14.21,19.73,-168.65,1
I,2022-10-19 12:11:17.318134,0.24,0.26,1.04,23.32,25.94,16.97,14.21,19.73,-168.65,1
I,2022-10-19 12:11:17.338430,0.13,0.48,0.95,20.20,15.14,-11.29,14.51,16.47,-168.84,1
I,2022-10-19 12:11:17.358428,0.11,0.46,1.05,19.84,-0.31,-49.93,14.51,16.47,-168.84,1
I,2022-10-19 12:11:17.373637,0.23,0.45,1.03,19.41,4.58,-81.54,18.55,12.49,-166.98,1
I,2022-10-19 12:11:17.393984,0.23,0.37,1.05,33.94,11.17,-77.94,18.55,12.49,-166.98,1
I,2022-10-19 12:11:17.414285,0.31,0.10,0.94,64.51,17.64,-29.60,18.55,12.49,-166.98,1
I,2022-10-19 12:11:17.434395,0.39,-0.38,0.89,99.06,8.54,11.96,25.94,13.28,-162.28,1
I,2022-10-19 12:11:17.454514,0.43,-0.70,0.82,91.43,-2.69,43.46,25.94,13.28,-162.28,1
I,2022-10-19 12:11:17.474514,0.38,-0.64,0.84,61.16,-24.96,55.91,27.97,18.48,-157.12,1
I,2022-10-19 12:11:17.496172,0.25,-0.39,0.89,4.64,-20.94,9.28,27.97,18.48,-157.12,1
I,2022-10-19 12:11:17.516221,0.56,-0.93,0.91,-34.42,-12.45,-22.46,27.97,18.48,-157.12,1
I,2022-10-19 12:11:17.536798,0.21,-0.29,0.86,-48.71,2.38,53.83,25.00,19.15,-160.18,1
I,2022-10-19 12:11:17.557285,0.20,-0.15,0.82,-45.04,12.39,68.18,25.00,19.15,-160.18,1
I,2022-10-19 12:11:17.578210,0.32,0.06,0.79,-47.00,14.77,67.44,25.00,19.15,-160.18,1
I,2022-10-19 12:11:17.598209,0.45,0.28,0.74,-51.15,-0.18,9.64,23.06,20.26,-162.56,1
I,2022-10-19 12:11:17.618217,0.41,0.23,0.73,-46.45,-18.19,-12.08,23.06,20.26,-162.56,1
I,2022-10-19 12:11:17.638443,-0.16,0.56,1.05,-25.51,-45.78,-29.85,17.22,17.35,-165.10,1
I,2022-10-19 12:11:17.658443,0.17,0.41,1.11,30.64,64.33,-7.45,17.22,17.35,-165.10,1
I,2022-10-19 12:11:17.678486,0.18,0.13,0.79,33.39,2.81,4.09,18.79,15.06,-163.92,1
I,2022-10-19 12:11:17.698441,0.11,0.12,0.84,18.25,-14.10,-30.09,18.79,15.06,-163.92,1
I,2022-10-19 12:11:17.718442,0.24,0.02,0.91,-5.74,-11.90,-55.42,18.79,15.06,-163.92,1
I,2022-10-19 12:11:17.739136,0.21,0.01,0.79,-1.34,-1.04,-36.68,20.96,11.80,-161.76,1
I,2022-10-19 12:11:17.759154,0.24,-0.03,0.78,33.57,-5.31,18.13,20.96,11.80,-161.76,1
I,2022-10-19 12:11:17.779155,0.23,0.01,0.98,41.81,-1.83,28.26,24.11,10.35,-159.25,1
I,2022-10-19 12:11:17.789698,0.29,-0.07,1.14,34.61,2.44,19.35,24.11,10.35,-159.25,1
I,2022-10-19 12:11:17.810234,0.37,-0.11,1.07,10.44,7.14,-4.27,24.11,10.35,-159.25,1
I,2022-10-19 12:11:17.830936,0.39,-0.15,1.11,2.20,11.11,-9.64,26.81,10.25,-156.54,1
I,2022-10-19 12:11:17.861456,0.39,-0.07,1.11,0.85,5.74,-7.45,26.81,10.25,-156.54,1
I,2022-10-19 12:11:17.882002,0.36,-0.05,1.13,2.62,3.72,-10.62,27.82,10.85,-155.81,1
I,2022-10-19 12:11:17.903240,0.31,-0.04,1.00,5.86,-1.04,-17.82,27.82,10.85,-155.81,1
I,2022-10-19 12:11:17.923288,0.27,-0.05,0.98,10.50,-11.05,-19.84,27.82,10.85,-155.81,1
I,2022-10-19 12:11:17.943285,0.50,-0.62,0.74,8.91,-15.08,-17.58,26.48,10.84,-155.68,1
I,2022-10-19 12:11:17.963323,0.45,-0.55,0.75,2.38,-23.25,61.89,26.48,10.84,-155.68,1
I,2022-10-19 12:11:17.987628,0.33,-0.37,0.65,-17.03,-3.72,44.43,21.73,13.67,-156.25,1
I,2022-10-19 12:11:17.998092,0.21,-0.03,0.90,-41.38,3.72,23.13,21.73,13.67,-156.25,1
I,2022-10-19 12:11:18.028412,0.18,0.20,0.96,-49.74,11.84,-13.31,21.73,13.67,-156.25,1
I,2022-10-19 12:11:18.048413,0.18,0.35,1.03,-37.35,3.66,-25.70,18.26,14.59,-156.71,1
I,2022-10-19 12:11:18.068711,0.27,0.28,1.03,-23.25,7.93,-35.22,18.26,14.59,-156.71,1
I,2022-10-19 12:11:18.088846,0.25,0.29,0.93,8.61,-9.22,10.50,17.96,13.45,-156.70,1
I,2022-10-19 12:11:18.109052,0.03,0.71,1.09,40.16,-14.59,-28.50,17.96,13.45,-156.70,1
I,2022-10-19 12:11:18.129430,0.14,0.28,1.00,52.61,17.88,-59.08,22.11,10.52,-156.53,1
I,2022-10-19 12:11:18.149707,0.18,0.33,1.09,63.78,15.38,-31.31,22.11,10.52,-156.53,1
I,2022-10-19 12:11:18.169705,0.20,0.01,0.94,75.56,26.06,-26.37,22.11,10.52,-156.53,1
I,2022-10-19 12:11:18.189668,0.41,-0.53,0.84,74.95,20.32,-12.76,31.49,10.83,-155.85,1
I,2022-10-19 12:11:18.209668,0.50,-0.82,0.79,51.94,-2.62,26.31,31.49,10.83,-155.85,1
I,2022-10-19 12:11:18.229746,0.34,-0.46,0.92,22.40,-20.51,49.19,34.90,14.53,-154.54,1
I,2022-10-19 12:11:18.250654,0.28,-0.12,0.98,-17.52,-28.99,21.12,34.90,14.53,-154.54,1
I,2022-10-19 12:11:18.270973,0.34,0.15,1.55,-26.55,-31.07,27.47,32.51,17.64,-153.66,1
