f,2022-10-31 12:04:29.283285,-6.689741,8.169433,0.292108,0.190311,-0.385534,-0.073500,61.451541,6.832765,-96.066352,1
f,2022-10-31 12:04:29.379380,-5.583563,7.513388,-0.129293,0.023062,-0.306970,0.340761,66.274772,-0.899048,-93.820198,1
f,2022-10-31 12:04:29.475287,-6.570024,7.613949,0.622524,-0.176545,-0.190322,0.324116,66.274772,-0.899048,-93.820198,1
f,2022-10-31 12:04:29.555499,-5.890036,9.907711,1.901093,-0.155506,0.081325,0.741173,69.132987,-8.810671,-101.422569,1
f,2022-10-31 12:04:29.651507,-4.209221,7.489445,0.617735,-0.215561,0.068009,0.592833,72.348472,-23.555057,-106.951568,1
f,2022-10-31 12:04:29.747352,-1.546733,7.977887,1.144487,-0.433810,-0.280737,0.357139,70.204811,-22.476200,-109.716072,1
f,2022-10-31 12:04:29.843570,-4.879631,9.151105,1.594620,-0.798003,-0.429877,-0.346612,55.020568,12.946291,-94.684104,1
f,2022-10-31 12:04:29.939518,-6.450308,10.693050,1.867572,-0.184801,-0.321218,0.189624,55.020568,12.946291,-94.684104,1
f,2022-10-31 12:04:30.035182,-5.530888,8.605200,0.622524,0.480067,0.189185,0.176707,66.274772,4.135621,-88.291198,1
f,2022-10-31 12:04:30.131085,-4.530060,7.321842,0.201123,0.155556,-0.071143,0.400683,58.593330,10.069338,-90.537353,1
f,2022-10-31 12:04:30.227222,-4.472597,7.436769,0.814070,-0.387870,-0.155833,0.783784,57.521503,8.271242,-100.558670,1
f,2022-10-31 12:04:30.323013,-0.565060,10.482350,2.403901,-0.232206,-0.061423,0.074174,57.521503,8.271242,-100.558670,1
f,2022-10-31 12:04:30.418855,-4.846111,8.772803,1.398285,0.108950,-0.431475,-0.479239,56.628311,12.766482,-100.385887,1
f,2022-10-31 12:04:30.514804,-5.516522,8.370556,1.230682,-0.156438,-0.179669,0.303875,57.342864,11.328005,-95.202445,1
f,2022-10-31 12:04:30.610943,-4.400767,9.227724,2.164469,0.155956,0.020204,-0.080957,56.985588,10.968386,-95.548011,1
