f,2022-10-31 12:04:32.498185,-2.375169,7.953943,-0.593792,-0.839948,0.256164,1.073141,54.484653,13.126101,-86.908950,1
f,2022-10-31 12:04:32.594198,-0.038309,12.258938,1.757434,-0.634749,-0.100439,0.086558,46.981849,14.564579,-62.374019,1
f,2022-10-31 12:04:32.690000,-4.764704,11.344306,2.796570,0.264481,-0.648925,-0.282162,46.981849,14.564579,-62.374019,1
f,2022-10-31 12:04:32.770555,-4.855689,9.040966,1.738279,0.308557,-0.593397,0.349416,42.873168,-3.236573,-36.284053,1
f,2022-10-31 12:04:32.866290,-5.808629,7.906057,1.235471,0.049827,-0.027866,0.627321,39.300403,10.069338,-12.094685,1
f,2022-10-31 12:04:32.962223,-2.145314,8.672241,1.728702,-0.373622,0.044573,0.792972,31.083047,14.384768,-15.550310,1
f,2022-10-31 12:04:33.058317,-2.528406,8.408865,1.934614,-0.708919,-0.392459,0.033960,29.653942,-17.261722,-5.874561,1
f,2022-10-31 12:04:33.154015,-3.505290,9.289977,2.308128,-0.734486,-0.311231,-0.286157,29.653942,-17.261722,-5.874561,1
f,2022-10-31 12:04:33.250227,-4.688086,11.147972,2.820513,-0.212631,-0.262894,0.115187,64.845664,-86.488418,-53.043830,1
f,2022-10-31 12:04:33.346114,-5.430326,8.926039,1.685604,0.591123,0.107957,0.091352,72.884384,-91.343276,-88.809547,1
f,2022-10-31 12:04:33.441980,-2.705586,7.906057,0.684777,0.087645,-0.095512,0.570462,50.733249,-50.346687,-40.430805,1
f,2022-10-31 12:04:33.537876,-3.466981,8.830266,1.834052,-0.178409,-0.254372,0.552751,50.733249,-50.346687,-40.430805,1
f,2022-10-31 12:04:33.633971,-0.838013,10.410520,2.992905,-0.288932,-0.019877,0.215990,43.230445,-60.416027,-21.079307,1
f,2022-10-31 12:04:33.729819,-7.355362,7.475079,0.972095,0.086313,-0.519760,-0.739168,45.910018,-57.359260,-17.796464,1
f,2022-10-31 12:04:33.825839,-3.347265,9.136739,1.925036,-0.030735,-0.562371,0.657149,54.306015,-52.504402,-14.513623,1
