O,2022-10-29 09:55:02.580956,0.26,-0.50,0.89,-0.12,5.74,-10.38,8.09,50.07,-35.11,1
O,2022-10-29 09:55:02.597454,0.27,-0.49,0.90,0.49,7.26,-6.29,8.09,50.07,-35.11,1
O,2022-10-29 09:55:02.615391,0.31,-0.48,0.86,1.71,2.08,0.73,8.09,50.07,-35.11,1
O,2022-10-29 09:55:02.634933,0.30,-0.50,0.81,-1.22,-1.22,6.47,8.97,49.72,-34.79,1
O,2022-10-29 09:55:02.652596,0.35,-0.53,0.76,-4.76,-7.45,9.28,0.00,0.00,0.00,1
O,2022-10-29 09:55:02.671440,0.26,-0.47,0.76,-17.52,-13.61,10.13,0.00,0.00,0.00,1
O,2022-10-29 09:55:02.689639,0.20,-0.41,0.78,-14.77,-15.20,14.04,9.17,49.56,-35.17,1
O,2022-10-29 09:55:02.707453,0.25,-0.42,0.76,-1.83,-17.09,20.08,9.17,49.56,-35.17,1
O,2022-10-29 09:55:02.726836,0.22,-0.05,0.95,-6.77,2.81,-0.12,10.14,48.58,-34.96,1
O,2022-10-29 09:55:02.745039,0.25,-0.48,0.84,4.52,-0.92,20.32,10.14,48.58,-34.96,1
O,2022-10-29 09:55:02.767647,0.22,-0.31,0.83,-14.40,-5.07,14.89,10.14,48.58,-34.96,1
O,2022-10-29 09:55:02.785473,0.22,-0.29,0.88,-3.42,-16.05,22.77,10.41,48.61,-36.40,1
O,2022-10-29 09:55:02.804154,0.28,-0.27,0.83,-1.46,-21.73,21.73,10.41,48.61,-36.40,1
O,2022-10-29 09:55:02.822762,0.18,-0.32,0.78,1.71,-25.39,22.03,10.41,48.61,-36.40,1
O,2022-10-29 09:55:02.844641,0.22,-0.22,0.86,2.69,-22.28,23.50,9.88,48.67,-36.43,1
O,2022-10-29 09:55:02.860748,0.22,-0.25,0.87,14.40,-26.18,19.65,9.88,48.67,-36.43,1
O,2022-10-29 09:55:02.879498,0.17,-0.23,0.90,11.29,-27.59,17.40,9.16,48.95,-36.21,1
O,2022-10-29 09:55:02.900722,0.21,-0.24,0.91,8.85,-28.44,13.92,9.16,48.95,-36.21,1
O,2022-10-29 09:55:02.917764,0.19,-0.25,0.88,5.68,-23.01,11.23,9.16,48.95,-36.21,1
O,2022-10-29 09:55:02.937593,0.19,-0.26,1.00,-0.92,-14.95,8.67,8.15,50.12,-36.24,1
O,2022-10-29 09:55:02.955238,0.20,-0.28,0.95,10.07,-26.00,5.25,8.15,50.12,-36.24,1
O,2022-10-29 09:55:02.973363,0.19,-0.25,0.94,8.85,-24.60,3.36,8.15,50.12,-36.24,1
O,2022-10-29 09:55:02.992735,0.18,-0.24,0.97,13.98,-24.54,0.73,6.98,51.21,-36.62,1
O,2022-10-29 09:55:03.011341,0.17,-0.22,0.97,26.00,-29.85,-0.12,6.98,51.21,-36.62,1
O,2022-10-29 09:55:03.031450,0.15,-0.30,0.95,31.80,-26.86,-0.55,5.47,51.79,-36.66,1
O,2022-10-29 09:55:03.050511,0.14,-0.30,0.93,31.37,-21.06,-6.41,5.47,51.79,-36.66,1
O,2022-10-29 09:55:03.068659,0.14,-0.32,0.97,29.11,-16.17,-8.97,5.47,51.79,-36.66,1
O,2022-10-29 09:55:03.087216,0.15,-0.33,1.00,22.34,-9.09,-12.88,4.49,53.71,-35.82,1
O,2022-10-29 09:55:03.106138,0.14,-0.33,1.01,20.14,-5.68,-16.17,4.49,53.71,-35.82,1
O,2022-10-29 09:55:03.125454,0.15,-0.36,1.00,23.56,-3.85,-16.30,4.49,53.71,-35.82,1
O,2022-10-29 09:55:03.144558,0.14,-0.39,0.96,21.67,1.10,-18.74,2.94,54.63,-36.05,1
O,2022-10-29 09:55:03.163511,0.15,-0.40,0.99,17.33,4.46,-18.74,2.94,54.63,-36.05,1
O,2022-10-29 09:55:03.183012,0.16,-0.41,0.99,20.08,6.77,-17.03,2.04,54.54,-35.80,1
O,2022-10-29 09:55:03.201180,0.15,-0.50,0.95,23.93,7.14,-12.82,2.04,54.54,-35.80,1
O,2022-10-29 09:55:03.223176,0.18,-0.56,0.93,15.99,11.11,-13.18,2.04,54.54,-35.80,1
O,2022-10-29 09:55:03.237415,0.15,-0.51,0.97,10.25,12.82,-13.24,1.48,54.70,-35.67,1
O,2022-10-29 09:55:03.255529,0.12,-0.55,0.97,24.05,6.23,-4.94,1.48,54.70,-35.67,1
O,2022-10-29 09:55:03.273748,0.17,-0.62,0.84,39.98,2.81,-1.89,1.48,54.70,-35.67,1
O,2022-10-29 09:55:03.292872,0.20,-0.62,0.79,19.17,19.10,-2.01,3.26,54.69,-34.36,1
O,2022-10-29 09:55:03.310833,0.15,-0.57,0.91,-5.74,28.75,2.44,3.26,54.69,-34.36,1
O,2022-10-29 09:55:03.332553,0.16,-0.61,0.84,2.50,21.12,4.88,3.26,54.69,-34.36,1
O,2022-10-29 09:55:03.347683,0.21,-0.60,0.80,-3.17,21.85,8.91,4.47,53.76,-33.17,1
O,2022-10-29 09:55:03.365368,0.22,-0.51,0.86,-10.25,20.94,10.13,4.47,53.76,-33.17,1
O,2022-10-29 09:55:03.384961,0.20,-0.52,0.83,-6.16,16.72,16.17,6.73,53.22,-33.75,1
O,2022-10-29 09:55:03.402499,0.16,-0.50,0.76,-5.37,12.57,18.49,6.73,53.22,-33.75,1
O,2022-10-29 09:55:03.426252,0.18,-0.48,0.76,-2.38,5.98,21.00,6.73,53.22,-33.75,1
O,2022-10-29 09:55:03.441111,0.18,-0.50,0.78,-0.24,1.89,25.45,8.46,52.44,-31.92,1
O,2022-10-29 09:55:03.459674,0.11,-0.54,0.74,5.19,-5.00,12.51,8.46,52.44,-31.92,1
O,2022-10-29 09:55:03.477522,0.11,-0.26,0.74,-8.91,-2.69,-6.10,8.46,52.44,-31.92,1
O,2022-10-29 09:55:03.497138,0.15,-0.18,0.80,-14.10,-0.85,-2.99,9.09,51.57,-31.25,1
O,2022-10-29 09:55:03.517745,0.09,-0.29,0.85,-1.28,-2.08,1.83,9.09,51.57,-31.25,1
O,2022-10-29 09:55:03.537442,0.17,-0.01,0.97,8.79,-1.34,-6.10,9.11,51.33,-29.66,1
O,2022-10-29 09:55:03.554604,0.19,-0.31,0.89,28.93,-6.65,10.74,9.11,51.33,-29.66,1
O,2022-10-29 09:55:03.573221,0.18,-0.47,0.88,33.51,-8.48,18.19,9.11,51.33,-29.66,1
O,2022-10-29 09:55:03.596897,0.19,-0.59,0.87,32.90,-10.62,16.54,9.19,52.29,-29.21,1
O,2022-10-29 09:55:03.610499,0.19,-0.63,0.85,9.46,-11.78,4.46,9.19,52.29,-29.21,1
O,2022-10-29 09:55:03.628601,0.18,-0.55,0.88,-0.73,-12.57,-3.78,9.19,52.29,-29.21,1
O,2022-10-29 09:55:03.647919,0.18,-0.46,0.91,2.32,-15.01,-8.67,9.31,52.11,-28.74,1
