q,2022-11-04 13:27:45.997290,0.05,-0.69,0.75,4.76,10.01,-3.54,3.50,49.84,-41.69,1
q,2022-11-04 13:27:46.015359,0.12,-0.76,0.69,12.82,6.84,1.65,3.50,49.84,-41.69,1
q,2022-11-04 13:27:46.035404,0.14,-0.69,0.68,4.58,3.66,-2.50,5.18,50.10,-42.57,1
q,2022-11-04 13:27:46.056355,0.11,-0.69,0.71,-1.83,-0.12,-2.44,5.18,50.10,-42.57,1
q,2022-11-04 13:27:46.072890,0.11,-0.67,0.72,-0.92,-4.88,-0.43,5.18,50.10,-42.57,1
q,2022-11-04 13:27:46.092241,0.08,-0.66,0.71,0.06,-6.29,4.52,5.51,51.04,-42.22,1
q,2022-11-04 13:27:46.111312,-0.08,-0.72,0.76,-0.61,-5.86,-0.43,5.51,51.04,-42.22,1
q,2022-11-04 13:27:46.134926,0.07,-0.50,0.69,40.95,5.55,-28.08,6.08,51.35,-42.19,1
q,2022-11-04 13:27:46.150838,0.17,-0.49,0.52,6.77,9.83,-13.92,6.08,51.35,-42.19,1
q,2022-11-04 13:27:46.167555,-0.02,-0.62,0.72,-20.26,27.16,47.85,6.08,51.35,-42.19,1
q,2022-11-04 13:27:46.186922,-0.00,-0.71,0.56,-14.34,9.03,52.98,7.26,50.88,-43.57,1
q,2022-11-04 13:27:46.205180,-0.02,-0.76,0.56,-21.73,-11.47,49.68,7.26,50.88,-43.57,1
q,2022-11-04 13:27:46.230339,0.03,-0.65,0.57,-28.44,-18.74,36.32,7.26,50.88,-43.57,1
q,2022-11-04 13:27:46.245499,0.02,-0.56,0.61,-44.74,-14.71,17.03,7.34,50.24,-45.46,1
q,2022-11-04 13:27:46.265590,0.05,-0.38,0.74,-62.62,-17.94,12.57,7.34,50.24,-45.46,1
q,2022-11-04 13:27:46.284389,0.14,-0.25,0.90,-67.50,-16.48,5.68,4.92,49.18,-46.98,1
q,2022-11-04 13:27:46.305771,0.18,-0.24,1.11,-52.55,-16.36,0.85,4.92,49.18,-46.98,1
q,2022-11-04 13:27:46.322500,0.18,-0.28,1.15,-15.93,-24.17,-6.77,4.92,49.18,-46.98,1
q,2022-11-04 13:27:46.342557,0.19,-0.29,1.15,9.70,-27.47,-9.89,2.08,49.06,-49.11,1
q,2022-11-04 13:27:46.365451,0.22,-0.38,1.10,34.00,-21.97,-5.00,2.08,49.06,-49.11,1
q,2022-11-04 13:27:46.383002,0.18,-0.67,0.97,52.43,-9.28,2.93,0.48,50.92,-47.69,1
q,2022-11-04 13:27:46.401383,0.19,-0.80,0.88,43.03,1.71,4.76,0.48,50.92,-47.69,1
q,2022-11-04 13:27:46.419971,0.19,-0.86,0.82,22.89,17.82,3.97,0.48,50.92,-47.69,1
q,2022-11-04 13:27:46.441571,0.18,-0.80,0.85,-18.62,50.35,8.30,1.90,52.42,-47.52,1
q,2022-11-04 13:27:46.458232,0.15,-0.74,0.89,-27.10,57.19,20.69,1.90,52.42,-47.52,1
q,2022-11-04 13:27:46.477769,0.06,-0.72,0.86,-29.72,61.71,29.17,1.90,52.42,-47.52,1
q,2022-11-04 13:27:46.496883,0.06,-0.66,0.85,-25.15,35.16,30.46,6.84,51.01,-47.84,1
q,2022-11-04 13:27:46.519260,0.10,-0.67,0.67,-2.14,6.29,23.25,6.84,51.01,-47.84,1
q,2022-11-04 13:27:46.535920,-0.13,-0.66,0.61,3.66,-15.93,9.70,8.68,51.40,-48.01,1
q,2022-11-04 13:27:46.553849,0.08,-0.50,0.47,30.09,-36.32,-17.82,8.68,51.40,-48.01,1
q,2022-11-04 13:27:46.571238,0.08,-0.37,0.47,0.37,-13.43,-4.09,8.68,51.40,-48.01,1
q,2022-11-04 13:27:46.591390,0.08,-0.28,0.47,-31.92,22.58,14.10,8.12,50.85,-47.44,1
q,2022-11-04 13:27:46.610979,-0.14,-0.51,0.73,-35.28,21.30,16.17,8.12,50.85,-47.44,1
q,2022-11-04 13:27:46.630837,0.01,-0.44,0.68,-9.16,-10.13,-18.55,8.12,50.85,-47.44,1
q,2022-11-04 13:27:46.650429,0.06,-0.43,0.78,1.89,-17.64,-27.95,6.37,50.61,-49.10,1
q,2022-11-04 13:27:46.668786,0.08,-0.49,0.75,12.33,-22.58,-26.73,6.37,50.61,-49.10,1
q,2022-11-04 13:27:46.690456,0.10,-0.53,0.80,6.96,-24.60,-21.18,1.66,51.92,-49.40,1
q,2022-11-04 13:27:46.707323,0.20,-0.59,0.97,-14.04,-23.99,-14.77,1.66,51.92,-49.40,1
q,2022-11-04 13:27:46.725735,0.14,-0.50,1.25,-32.96,-18.07,-6.47,1.66,51.92,-49.40,1
q,2022-11-04 13:27:46.745407,0.22,-0.43,1.29,0.00,-35.16,4.39,-2.76,50.85,-52.47,1
q,2022-11-04 13:27:46.768824,0.03,-0.61,1.04,40.77,-29.97,2.69,-2.76,50.85,-52.47,1
q,2022-11-04 13:27:46.785022,0.04,-0.52,0.97,46.45,4.76,0.79,-2.76,50.85,-52.47,1
q,2022-11-04 13:27:46.802514,0.07,-0.60,0.99,34.42,28.44,2.01,-4.46,52.29,-49.13,1
q,2022-11-04 13:27:46.822099,0.12,-0.63,0.96,28.44,32.90,-1.71,-4.46,52.29,-49.13,1
q,2022-11-04 13:27:46.843491,0.16,-0.65,0.92,20.39,28.99,-9.70,-3.93,53.13,-46.94,1
q,2022-11-04 13:27:46.859875,0.15,-0.61,0.85,16.85,22.34,-11.96,-3.93,53.13,-46.94,1
q,2022-11-04 13:27:46.878717,0.13,-0.62,0.80,12.15,19.35,-12.33,-3.93,53.13,-46.94,1
q,2022-11-04 13:27:46.899414,0.11,-0.63,0.78,8.54,16.24,-12.57,-3.63,53.30,-47.33,1
q,2022-11-04 13:27:46.917509,0.07,-0.62,0.76,3.42,13.37,-12.08,-3.63,53.30,-47.33,1
q,2022-11-04 13:27:46.939922,0.09,-0.62,0.72,5.00,12.15,-9.58,-3.15,52.70,-47.05,1
q,2022-11-04 13:27:46.956265,0.06,-0.61,0.72,-0.18,15.50,-5.68,-3.15,52.70,-47.05,1
