C,2022-10-21 13:56:20.783681,0.17,-0.61,0.84,16.42,-14.10,32.71,-22.77,29.75,-67.44,1
C,2022-10-21 13:56:20.802820,0.16,-0.62,0.85,-9.46,-17.58,31.80,-22.77,29.75,-67.44,1
C,2022-10-21 13:56:20.820795,0.09,-0.50,0.85,-15.93,-16.91,33.39,-23.17,31.30,-66.00,1
C,2022-10-21 13:56:20.839718,0.12,-0.48,0.87,-5.37,-17.03,39.12,-23.17,31.30,-66.00,1
C,2022-10-21 13:56:20.858689,0.14,-0.51,0.84,3.48,-21.67,47.00,-23.17,31.30,-66.00,1
C,2022-10-21 13:56:20.880036,0.17,-0.54,0.80,-5.62,-28.38,48.89,-23.12,33.47,-63.90,1
C,2022-10-21 13:56:20.899664,0.14,-0.50,0.78,-18.80,-28.56,43.70,-23.12,33.47,-63.90,1
C,2022-10-21 13:56:20.916683,0.13,-0.50,0.83,-28.56,-26.43,36.56,-23.97,36.06,-63.98,1
C,2022-10-21 13:56:20.935008,0.16,-0.46,0.87,-49.62,-25.51,28.14,-23.97,36.06,-63.98,1
C,2022-10-21 13:56:20.953178,0.10,-0.37,0.87,-50.42,-23.93,29.11,-23.97,36.06,-63.98,1
C,2022-10-21 13:56:20.971439,0.05,-0.35,0.83,-54.75,-17.52,31.62,-23.94,37.93,-62.90,1
C,2022-10-21 13:56:20.990021,0.02,-0.30,0.85,-59.69,-10.31,37.66,-23.94,37.93,-62.90,1
C,2022-10-21 13:56:21.011143,-0.06,-0.19,0.85,-81.91,-5.13,50.54,-23.94,37.93,-62.90,1
C,2022-10-21 13:56:21.030628,0.07,-0.09,0.94,-67.08,-5.43,55.18,-22.81,40.47,-63.42,1
C,2022-10-21 13:56:21.047359,0.12,-0.02,1.06,-61.40,-9.34,44.56,-22.81,40.47,-63.42,1
C,2022-10-21 13:56:21.067941,0.00,0.12,1.12,-57.98,-13.67,29.30,-21.20,42.40,-64.62,1
C,2022-10-21 13:56:21.083604,0.01,0.16,1.03,-27.65,-15.87,19.78,-21.20,42.40,-64.62,1
C,2022-10-21 13:56:21.102197,0.06,0.11,1.01,-13.18,-8.18,12.70,-21.20,42.40,-64.62,1
C,2022-10-21 13:56:21.119192,0.06,0.08,1.09,-16.66,-9.46,3.36,-19.82,44.53,-64.40,1
C,2022-10-21 13:56:21.138580,0.06,0.12,1.03,-9.64,-12.33,-4.64,-19.82,44.53,-64.40,1
C,2022-10-21 13:56:21.157013,0.06,0.09,0.99,-0.67,-11.29,-7.93,-19.82,44.53,-64.40,1
C,2022-10-21 13:56:21.179802,-0.00,0.01,1.00,8.42,-8.12,-12.76,-20.18,46.89,-63.11,1
C,2022-10-21 13:56:21.198493,-0.15,0.00,1.06,4.82,-8.06,-11.96,-20.18,46.89,-63.11,1
C,2022-10-21 13:56:21.217479,-0.07,0.05,1.02,36.87,-10.80,-1.95,-20.08,49.22,-60.52,1
C,2022-10-21 13:56:21.236478,-0.04,-0.12,0.96,48.03,-0.37,-0.31,-20.08,49.22,-60.52,1
C,2022-10-21 13:56:21.254989,-0.09,-0.27,1.00,47.67,14.47,-11.23,-20.08,49.22,-60.52,1
C,2022-10-21 13:56:21.274478,-0.13,-0.18,1.05,31.25,22.34,-19.04,-20.50,52.71,-59.92,1
C,2022-10-21 13:56:21.295734,-0.10,-0.10,1.01,25.94,15.08,-12.33,-20.50,52.71,-59.92,1
C,2022-10-21 13:56:21.313723,-0.08,-0.16,0.94,16.78,1.59,1.34,-20.50,52.71,-59.92,1
C,2022-10-21 13:56:21.333822,-0.06,-0.24,0.89,8.00,3.85,-3.85,-20.26,54.60,-58.95,1
C,2022-10-21 13:56:21.350546,-0.00,-0.16,0.97,-13.18,9.77,-15.99,-20.26,54.60,-58.95,1
C,2022-10-21 13:56:21.370766,-0.01,-0.12,1.00,-22.64,7.69,-22.52,-20.97,55.86,-59.03,1
C,2022-10-21 13:56:21.387715,-0.01,0.21,1.21,13.67,35.34,3.17,-20.97,55.86,-59.03,1
C,2022-10-21 13:56:21.406801,0.02,-0.61,1.00,50.17,28.69,18.92,-20.97,55.86,-59.03,1
C,2022-10-21 13:56:21.428648,-0.01,-0.76,1.01,-0.43,22.34,-6.84,-19.80,57.18,-59.47,1
C,2022-10-21 13:56:21.447332,-0.02,-0.19,0.93,-50.72,17.27,-29.72,-19.80,57.18,-59.47,1
C,2022-10-21 13:56:21.468571,0.05,0.32,0.90,-59.75,17.15,3.54,-19.80,57.18,-59.47,1
C,2022-10-21 13:56:21.484518,0.07,-0.08,0.98,8.06,9.64,48.65,-18.97,55.25,-59.84,1
C,2022-10-21 13:56:21.502604,0.07,-0.42,0.94,22.34,-9.22,64.45,-18.97,55.25,-59.84,1
C,2022-10-21 13:56:21.521763,0.05,-0.41,0.83,-16.17,-32.78,51.09,-16.13,57.56,-60.03,1
C,2022-10-21 13:56:21.539687,-0.03,-0.28,0.84,-33.02,-35.22,37.72,-16.13,57.56,-60.03,1
C,2022-10-21 13:56:21.561245,-0.01,-0.20,0.91,-49.56,-38.94,17.82,-16.13,57.56,-60.03,1
C,2022-10-21 13:56:21.581442,-0.03,-0.02,0.95,-41.63,-55.79,-5.19,-15.54,57.39,-59.69,1
C,2022-10-21 13:56:21.599528,-0.09,0.19,0.99,-21.97,-59.20,-8.18,-15.54,57.39,-59.69,1
C,2022-10-21 13:56:21.617672,-0.14,0.23,0.99,-6.71,-55.66,-6.59,-15.54,57.39,-59.69,1
C,2022-10-21 13:56:21.636910,-0.18,0.20,1.00,7.87,-42.54,-9.77,-16.82,56.51,-57.75,1
C,2022-10-21 13:56:21.655251,-0.18,0.13,1.05,39.25,-17.27,-20.75,-16.82,56.51,-57.75,1
C,2022-10-21 13:56:21.676294,-0.14,0.03,1.10,59.57,-2.32,-21.36,-20.62,57.68,-57.63,1
C,2022-10-21 13:56:21.695934,-0.10,-0.11,1.10,70.43,8.12,-15.56,-20.62,57.68,-57.63,1
C,2022-10-21 13:56:21.716361,-0.07,-0.34,1.05,60.91,12.76,-12.08,-20.62,57.68,-57.63,1
C,2022-10-21 13:56:21.733643,-0.07,-0.44,0.99,36.62,12.33,-21.48,-23.73,58.73,-55.64,1
C,2022-10-21 13:56:21.751902,-0.07,-0.42,0.94,13.06,14.71,-32.17,-23.73,58.73,-55.64,1
C,2022-10-21 13:56:21.771696,-0.05,-0.33,0.92,-4.58,17.21,-38.76,-26.65,56.98,-55.82,1
C,2022-10-21 13:56:21.790128,-0.05,-0.21,0.89,8.36,12.76,-26.43,-26.65,56.98,-55.82,1
C,2022-10-21 13:56:21.810477,-0.05,-0.23,0.90,20.39,11.54,-7.93,-26.65,56.98,-55.82,1
C,2022-10-21 13:56:21.829468,-0.06,-0.33,0.98,21.36,14.71,11.29,-28.03,57.10,-56.40,1
C,2022-10-21 13:56:21.849028,-0.06,-0.59,1.00,4.82,14.53,11.29,-28.03,57.10,-56.40,1
C,2022-10-21 13:56:21.867273,-0.06,-0.48,1.02,-25.45,10.07,-7.93,-28.03,57.10,-56.40,1
