i,2022-10-30 15:47:56.205951,0.80,-0.19,0.76,21.48,1.34,-43.88,-10.71,31.73,-70.10,1
i,2022-10-30 15:47:56.228096,0.52,-0.15,0.76,12.70,-10.13,-40.89,-11.17,29.83,-66.87,1
i,2022-10-30 15:47:56.237617,0.57,-0.29,0.71,25.02,-13.24,-22.71,-11.17,29.83,-66.87,1
i,2022-10-30 15:47:56.268880,0.76,-0.50,0.66,19.47,-15.01,-8.79,-11.67,28.54,-66.35,1
i,2022-10-30 15:47:56.284621,0.78,-0.48,0.69,0.18,-21.48,-5.74,-11.67,28.54,-66.35,1
i,2022-10-30 15:47:56.300249,0.62,-0.39,0.75,-20.08,-29.85,-2.62,-11.67,28.54,-66.35,1
i,2022-10-30 15:47:56.328396,0.43,-0.22,0.77,-25.27,-23.07,-10.74,-13.33,25.57,-64.92,1
i,2022-10-30 15:47:56.347554,0.37,-0.18,0.95,-4.03,-8.61,-0.55,-13.33,25.57,-64.92,1
i,2022-10-30 15:47:56.363177,0.41,-0.33,0.97,8.42,-0.43,9.09,-13.33,25.57,-64.92,1
i,2022-10-30 15:47:56.378850,0.45,-0.26,0.92,3.78,6.16,8.30,-14.20,25.70,-65.83,1
i,2022-10-30 15:47:56.394508,0.62,-0.18,0.75,3.36,10.38,13.06,-14.20,25.70,-65.83,1
i,2022-10-30 15:47:56.410159,0.61,-0.16,0.72,-0.18,5.74,7.51,-13.35,25.81,-66.93,1
i,2022-10-30 15:47:56.441705,0.63,-0.06,0.71,-0.24,-5.00,-4.88,-13.35,25.81,-66.93,1
i,2022-10-30 15:47:56.457450,-0.45,-0.15,0.93,42.85,4.94,2.14,-13.35,25.81,-66.93,1
i,2022-10-30 15:47:56.473072,0.51,-0.39,0.81,28.08,4.46,1.34,-13.51,26.22,-67.40,1
i,2022-10-30 15:47:56.488709,0.53,-0.28,0.79,8.97,2.75,-9.40,-13.51,26.22,-67.40,1
i,2022-10-30 15:47:56.504218,0.51,-0.06,0.78,-3.97,3.11,-14.10,-13.51,26.22,-67.40,1
i,2022-10-30 15:47:56.535836,0.51,-0.04,0.82,-9.34,3.91,-2.99,-14.92,25.93,-67.41,1
i,2022-10-30 15:47:56.551581,0.51,-0.09,0.80,-12.45,3.60,4.52,-14.92,25.93,-67.41,1
i,2022-10-30 15:47:56.567200,-0.63,-0.11,1.43,-15.99,2.08,8.24,-14.58,25.74,-67.86,1
i,2022-10-30 15:47:56.582725,0.41,-0.08,0.79,23.07,-46.88,16.78,-14.58,25.74,-67.86,1
i,2022-10-30 15:47:56.613973,0.38,-0.16,0.67,30.09,-50.66,16.97,-14.58,25.74,-67.86,1
i,2022-10-30 15:47:56.630179,0.41,-0.10,0.56,21.61,-42.85,13.00,-16.10,27.54,-64.44,1
i,2022-10-30 15:47:56.645898,0.46,-0.12,0.58,14.04,-26.37,16.48,-16.10,27.54,-64.44,1
i,2022-10-30 15:47:56.661541,0.45,-0.21,0.76,-3.17,-1.71,13.24,-16.10,27.54,-64.44,1
i,2022-10-30 15:47:56.692687,0.43,-0.27,1.01,-11.41,10.44,5.49,-17.33,27.72,-62.18,1
i,2022-10-30 15:47:56.708310,0.51,-0.24,1.08,-9.09,5.86,-2.87,-17.33,27.72,-62.18,1
i,2022-10-30 15:47:56.729067,0.53,-0.19,1.08,-3.72,2.01,-4.64,-17.71,25.94,-60.67,1
i,2022-10-30 15:47:56.740186,0.59,-0.11,0.98,11.60,-4.27,-6.04,-17.71,25.94,-60.67,1
i,2022-10-30 15:47:56.755945,0.57,-0.14,0.99,21.36,-1.77,1.46,-17.71,25.94,-60.67,1
i,2022-10-30 15:47:56.771464,0.52,-0.20,1.01,31.56,-2.93,11.78,-16.48,26.78,-60.22,1
i,2022-10-30 15:47:56.802698,1.04,-0.94,0.31,13.43,26.49,-28.69,-16.48,26.78,-60.22,1
i,2022-10-30 15:47:56.818434,0.30,0.27,0.93,-5.74,62.81,-28.87,-16.48,26.78,-60.22,1
i,2022-10-30 15:47:56.834595,0.45,-0.21,1.00,31.19,69.21,15.50,-15.52,26.94,-60.30,1
i,2022-10-30 15:47:56.850354,0.61,-0.42,1.01,21.79,59.14,22.89,-15.52,26.94,-60.30,1
i,2022-10-30 15:47:56.881478,0.61,-0.46,0.89,-10.86,36.19,27.65,-11.78,27.84,-60.50,1
i,2022-10-30 15:47:56.897103,0.68,-0.39,0.80,-26.73,28.93,29.85,-11.78,27.84,-60.50,1
i,2022-10-30 15:47:56.912790,0.70,-0.30,0.78,-34.55,20.20,22.09,-11.78,27.84,-60.50,1
i,2022-10-30 15:47:56.928943,0.58,-0.19,0.73,-36.56,13.67,8.06,-9.58,26.53,-64.34,1
i,2022-10-30 15:47:56.944555,0.54,-0.05,0.70,-32.10,14.59,2.56,-9.58,26.53,-64.34,1
i,2022-10-30 15:47:56.960205,0.67,-0.04,0.71,-17.88,6.96,15.38,-9.58,26.53,-64.34,1
i,2022-10-30 15:47:56.991439,0.58,-0.10,0.67,-10.56,-3.66,15.63,-8.11,25.66,-65.26,1
i,2022-10-30 15:47:57.007174,0.48,-0.16,0.71,-6.23,-12.02,8.00,-8.11,25.66,-65.26,1
i,2022-10-30 15:47:57.028875,0.40,-0.20,0.70,-10.50,-15.44,-4.21,-8.44,24.88,-68.41,1
i,2022-10-30 15:47:57.054531,0.33,-0.20,0.77,-12.76,-18.55,-7.20,-8.44,24.88,-68.41,1
i,2022-10-30 15:47:57.070155,0.44,-0.07,0.69,6.96,-4.27,-17.82,-8.44,24.88,-68.41,1
i,2022-10-30 15:47:57.085900,0.51,-0.07,0.63,-6.90,8.79,-16.17,-10.05,24.76,-69.30,1
i,2022-10-30 15:47:57.101523,0.53,-0.06,0.67,-10.68,19.41,-10.68,-10.05,24.76,-69.30,1
i,2022-10-30 15:47:57.133059,0.53,-0.16,0.72,-29.85,29.91,-5.80,-10.30,23.27,-70.68,1
i,2022-10-30 15:47:57.148687,0.54,0.06,1.12,-37.48,5.62,7.81,-10.30,23.27,-70.68,1
i,2022-10-30 15:47:57.164427,0.54,-0.06,0.89,-10.31,-21.97,18.98,-10.30,23.27,-70.68,1
i,2022-10-30 15:47:57.180053,0.53,0.08,0.84,-7.51,-24.35,15.38,-10.80,22.72,-70.00,1
i,2022-10-30 15:47:57.195601,0.29,0.11,0.93,3.66,-26.79,21.30,-10.80,22.72,-70.00,1
i,2022-10-30 15:47:57.211182,0.66,-0.15,0.78,18.55,-13.06,5.49,-10.80,22.72,-70.00,1
i,2022-10-30 15:47:57.242834,0.64,-0.29,0.83,12.45,3.91,-10.07,-11.72,23.24,-68.55,1
i,2022-10-30 15:47:57.258462,0.66,-0.31,0.79,-5.31,13.92,-21.73,-11.72,23.24,-68.55,1
i,2022-10-30 15:47:57.274201,0.57,-0.11,0.81,-32.78,27.22,-21.67,-10.46,22.22,-69.95,1
i,2022-10-30 15:47:57.305332,0.51,-0.04,0.84,-26.12,30.15,-13.06,-10.46,22.22,-69.95,1
i,2022-10-30 15:47:57.320956,0.44,-0.01,0.84,4.03,11.90,6.53,-10.46,22.22,-69.95,1
i,2022-10-30 15:47:57.337086,0.42,-0.17,0.80,5.98,0.49,28.93,-10.23,22.01,-70.46,1
i,2022-10-30 15:47:57.352843,0.45,0.21,0.74,5.49,-3.42,15.63,-10.23,22.01,-70.46,1
i,2022-10-30 15:47:57.368468,0.42,0.04,0.80,12.45,-10.13,38.21,-10.23,22.01,-70.46,1
i,2022-10-30 15:47:57.399592,0.43,-0.09,0.74,12.51,-22.71,39.12,-10.28,22.47,-70.26,1
i,2022-10-30 15:47:57.415217,0.31,0.04,0.78,6.84,-32.90,34.79,-10.28,22.47,-70.26,1
i,2022-10-30 15:47:57.431349,0.40,0.04,0.61,13.06,-36.13,29.36,-11.49,23.45,-67.44,1
i,2022-10-30 15:47:57.447097,0.26,0.14,0.76,15.14,16.85,24.54,-11.49,23.45,-67.44,1
i,2022-10-30 15:47:57.462700,0.45,0.16,0.92,36.80,43.03,23.01,-11.49,23.45,-67.44,1
i,2022-10-30 15:47:57.493855,0.61,0.10,0.93,51.94,45.84,10.93,-9.45,25.07,-66.26,1
i,2022-10-30 15:47:57.509478,0.50,0.08,0.85,55.36,36.87,-10.56,-9.45,25.07,-66.26,1
i,2022-10-30 15:47:57.529707,0.57,-0.01,0.85,59.63,40.34,-21.00,-9.45,25.07,-66.26,1
i,2022-10-30 15:47:57.541326,0.70,-0.13,0.81,51.51,36.62,-30.15,-5.87,27.65,-61.13,1
