w,2022-10-16 15:20:23.974552,0.28,0.87,0.51,65.73,-5.00,1.71,-46.80,28.80,37.12,1
w,2022-10-16 15:20:23.981841,0.22,0.84,0.55,65.73,-5.00,1.71,-46.80,28.80,37.12,1
w,2022-10-16 15:20:23.990126,0.19,0.82,0.58,63.78,-1.89,3.05,-46.80,28.80,37.12,1
w,2022-10-16 15:20:23.998417,0.17,0.80,0.60,60.30,8.18,5.55,-46.80,28.80,37.12,1
w,2022-10-16 15:20:24.007564,0.18,0.75,0.63,57.07,22.46,8.00,-47.06,28.98,36.06,1
w,2022-10-16 15:20:24.015611,0.20,0.69,0.65,51.15,36.93,8.42,-47.06,28.98,36.06,1
w,2022-10-16 15:20:24.023825,0.22,0.67,0.64,40.53,47.91,7.45,-47.06,28.98,36.06,1
w,2022-10-16 15:20:24.032111,0.26,0.69,0.60,26.06,51.88,6.96,-47.06,28.98,36.06,1
w,2022-10-16 15:20:24.040551,0.31,0.73,0.53,11.96,47.73,7.75,-47.06,28.98,36.06,1
w,2022-10-16 15:20:24.048637,0.39,0.76,0.48,5.13,35.03,11.17,-47.06,28.98,36.06,1
w,2022-10-16 15:20:24.057851,0.48,0.76,0.48,1.16,14.65,17.64,-47.40,28.85,35.35,1
w,2022-10-16 15:20:24.066165,0.53,0.76,0.48,-2.32,-23.74,38.45,-47.40,28.85,35.35,1
w,2022-10-16 15:20:24.073648,0.59,0.76,0.43,-2.32,-23.74,38.45,-47.40,28.85,35.35,1
w,2022-10-16 15:20:24.081856,-0.72,0.65,0.47,26.67,-29.36,54.87,-47.40,28.85,35.35,1
w,2022-10-16 15:20:24.090150,-0.37,1.14,0.81,13.37,0.18,24.78,-47.40,28.85,35.35,1
w,2022-10-16 15:20:24.098583,0.17,1.06,0.96,-133.54,27.34,-9.52,-47.40,28.85,35.35,1
w,2022-10-16 15:20:24.108102,0.16,0.86,0.41,-93.44,11.29,-3.48,-46.57,29.50,37.10,1
w,2022-10-16 15:20:24.116183,0.15,1.19,0.39,-41.20,11.41,3.11,-46.57,29.50,37.10,1
w,2022-10-16 15:20:24.123642,0.21,1.16,0.38,-41.20,11.41,3.11,-46.57,29.50,37.10,1
w,2022-10-16 15:20:24.131854,0.20,0.95,0.27,16.30,13.92,11.47,-46.57,29.50,37.10,1
w,2022-10-16 15:20:24.140106,0.24,0.89,0.27,50.48,19.59,14.34,-46.57,29.50,37.10,1
w,2022-10-16 15:20:24.148338,0.19,0.77,0.37,74.28,26.12,14.77,-46.57,29.50,37.10,1
w,2022-10-16 15:20:24.157545,0.25,0.67,0.51,82.34,30.40,12.88,-47.07,29.03,37.63,1
w,2022-10-16 15:20:24.165853,0.24,0.66,0.63,76.60,30.03,8.85,-47.07,29.03,37.63,1
w,2022-10-16 15:20:24.173193,0.26,0.61,0.70,76.60,30.03,8.85,-47.07,29.03,37.63,1
w,2022-10-16 15:20:24.181578,0.23,0.60,0.68,61.89,18.92,-0.43,-47.07,29.03,37.63,1
w,2022-10-16 15:20:24.189894,0.15,0.68,0.64,55.60,12.51,-5.55,-47.07,29.03,37.63,1
w,2022-10-16 15:20:24.198378,-0.42,0.72,0.71,34.55,-0.37,-3.54,-47.07,29.03,37.63,1
w,2022-10-16 15:20:24.207801,0.01,0.83,0.57,-65.43,-44.86,25.57,-46.46,29.36,36.77,1
w,2022-10-16 15:20:24.216177,0.22,0.66,0.48,-112.98,-77.39,50.11,-46.46,29.36,36.77,1
w,2022-10-16 15:20:24.223669,0.20,0.66,0.38,-112.98,-77.39,50.11,-46.46,29.36,36.77,1
w,2022-10-16 15:20:24.232065,0.16,0.73,0.32,-101.93,-73.55,44.01,-46.46,29.36,36.77,1
w,2022-10-16 15:20:24.240312,0.20,0.74,0.28,-95.52,-66.35,42.24,-46.46,29.36,36.77,1
w,2022-10-16 15:20:24.248842,0.20,0.78,0.27,-74.46,-53.47,36.56,-46.46,29.36,36.77,1
w,2022-10-16 15:20:24.258077,0.18,0.81,0.31,-51.21,-43.58,30.15,-46.01,29.83,39.27,1
w,2022-10-16 15:20:24.266674,0.22,0.81,0.34,-11.35,-27.65,15.93,-46.01,29.83,39.27,1
w,2022-10-16 15:20:24.274132,0.28,0.80,0.36,-11.35,-27.65,15.93,-46.01,29.83,39.27,1
w,2022-10-16 15:20:24.282598,0.17,0.84,0.44,10.68,-13.49,-13.00,-46.01,29.83,39.27,1
w,2022-10-16 15:20:24.289855,0.20,0.88,0.45,10.68,-13.49,-13.00,-46.01,29.83,39.27,1
w,2022-10-16 15:20:24.298094,0.24,0.88,0.49,18.19,4.46,-6.77,-46.01,29.83,39.27,1
w,2022-10-16 15:20:24.307399,0.17,0.94,0.49,23.07,10.68,-10.93,-45.54,29.60,37.72,1
w,2022-10-16 15:20:24.315670,0.16,0.99,0.52,22.77,13.12,-12.76,-45.54,29.60,37.72,1
w,2022-10-16 15:20:24.323850,0.21,0.96,0.54,18.49,11.47,-9.16,-45.54,29.60,37.72,1
w,2022-10-16 15:20:24.332218,0.24,0.99,0.56,16.17,8.97,-7.57,-45.54,29.60,37.72,1
w,2022-10-16 15:20:24.340496,0.24,1.01,0.54,18.92,7.93,-8.97,-45.54,29.60,37.72,1
w,2022-10-16 15:20:24.348665,0.25,1.04,0.54,25.63,8.97,-10.56,-45.54,29.60,37.72,1
w,2022-10-16 15:20:24.357994,0.19,1.05,0.57,31.80,11.17,-11.54,-45.30,29.83,36.94,1
w,2022-10-16 15:20:24.366125,0.18,1.05,0.64,17.82,5.74,-2.32,-45.30,29.83,36.94,1
w,2022-10-16 15:20:24.373499,0.19,1.03,0.68,17.82,5.74,-2.32,-45.30,29.83,36.94,1
w,2022-10-16 15:20:24.381649,0.18,1.01,0.69,3.11,-1.65,5.31,-45.30,29.83,36.94,1
w,2022-10-16 15:20:24.390002,0.17,0.97,0.71,-11.72,-9.28,12.33,-45.30,29.83,36.94,1
w,2022-10-16 15:20:24.398420,0.17,0.92,0.71,-28.56,-17.88,18.13,-45.30,29.83,36.94,1
w,2022-10-16 15:20:24.407976,0.17,0.90,0.64,-45.96,-26.31,21.85,-45.58,30.40,38.20,1
w,2022-10-16 15:20:24.416165,0.17,0.94,0.52,-63.60,-36.32,26.73,-45.58,30.40,38.20,1
w,2022-10-16 15:20:24.423686,0.43,0.89,0.39,-63.60,-36.32,26.73,-45.58,30.40,38.20,1
w,2022-10-16 15:20:24.431989,0.88,0.28,0.26,5.49,-26.92,-15.50,-45.58,30.40,38.20,1
w,2022-10-16 15:20:24.440645,-0.25,1.49,-0.08,123.47,-5.19,-117.61,-45.58,30.40,38.20,1
w,2022-10-16 15:20:24.448880,0.01,1.29,0.22,102.29,2.69,-39.43,-45.58,30.40,38.20,1
w,2022-10-16 15:20:24.457186,0.36,0.73,0.54,102.29,2.69,-39.43,-44.90,28.88,36.78,1
w,2022-10-16 15:20:24.465634,0.11,0.88,0.54,95.76,5.74,-47.06,-44.90,28.88,36.78,1
w,2022-10-16 15:20:24.474096,0.14,0.99,0.56,100.89,3.17,-44.98,-44.90,28.88,36.78,1
w,2022-10-16 15:20:24.481394,0.12,0.86,0.57,100.89,3.17,-44.98,-44.90,28.88,36.78,1
w,2022-10-16 15:20:24.489610,0.01,0.77,0.58,89.54,4.58,-34.48,-44.90,28.88,36.78,1
w,2022-10-16 15:20:24.497983,-0.00,0.83,0.56,59.08,3.97,-23.07,-44.90,28.88,36.78,1
w,2022-10-16 15:20:24.507328,0.35,0.69,0.60,23.86,3.78,-6.71,-45.00,27.69,35.71,1
w,2022-10-16 15:20:24.515635,0.07,0.72,0.54,36.38,9.40,-18.98,-45.00,27.69,35.71,1
w,2022-10-16 15:20:24.522923,0.23,0.81,0.58,36.38,9.40,-18.98,-45.00,27.69,35.71,1
w,2022-10-16 15:20:24.531219,0.14,0.69,0.56,21.85,12.82,-11.78,-45.00,27.69,35.71,1
w,2022-10-16 15:20:24.539410,0.25,0.77,0.56,19.35,13.00,-11.05,-45.00,27.69,35.71,1
w,2022-10-16 15:20:24.547684,-0.09,0.77,0.54,18.37,11.84,-8.36,-45.00,27.69,35.71,1
w,2022-10-16 15:20:24.557117,0.22,0.83,0.57,11.17,6.90,-0.12,-45.08,27.39,36.29,1
w,2022-10-16 15:20:24.565419,0.18,0.67,0.56,-7.45,-0.31,10.56,-45.08,27.39,36.29,1
w,2022-10-16 15:20:24.573632,0.36,0.64,0.54,7.75,-1.28,2.81,-45.08,27.39,36.29,1
w,2022-10-16 15:20:24.581853,0.05,0.64,0.48,24.29,0.00,-8.36,-45.08,27.39,36.29,1
w,2022-10-16 15:20:24.590202,0.10,0.66,0.54,20.14,0.55,-8.12,-45.08,27.39,36.29,1
w,2022-10-16 15:20:24.598330,-0.23,0.74,0.50,0.67,-0.61,0.06,-45.08,27.39,36.29,1
w,2022-10-16 15:20:24.607606,0.20,0.62,0.65,-38.88,-2.38,24.41,-45.24,27.80,36.74,1
w,2022-10-16 15:20:24.616009,0.21,0.54,0.56,-40.28,-4.70,20.87,-45.24,27.80,36.74,1
w,2022-10-16 15:20:24.623371,0.21,0.65,0.49,-40.28,-4.70,20.87,-45.24,27.80,36.74,1
w,2022-10-16 15:20:24.631826,0.20,0.66,0.48,-29.72,-2.56,15.44,-45.24,27.80,36.74,1
w,2022-10-16 15:20:24.640149,0.20,0.69,0.49,-18.25,0.24,10.80,-45.24,27.80,36.74,1
w,2022-10-16 15:20:24.648574,0.20,0.69,0.53,-5.80,3.30,6.16,-45.24,27.80,36.74,1
w,2022-10-16 15:20:24.657672,0.21,0.68,0.54,8.85,5.19,2.20,-45.34,27.94,36.45,1
w,2022-10-16 15:20:24.665909,0.13,0.71,0.57,11.84,-2.26,1.83,-45.34,27.94,36.45,1
w,2022-10-16 15:20:24.673209,-0.28,0.75,0.64,11.84,-2.26,1.83,-45.34,27.94,36.45,1
w,2022-10-16 15:20:24.681567,0.33,0.78,0.48,-61.71,-39.18,25.09,-45.34,27.94,36.45,1
w,2022-10-16 15:20:24.689881,0.20,0.66,0.44,-51.15,-43.64,25.88,-45.34,27.94,36.45,1
w,2022-10-16 15:20:24.698399,-0.08,0.74,0.46,-41.32,-42.18,21.67,-45.34,27.94,36.45,1
w,2022-10-16 15:20:24.707785,0.12,0.78,0.38,-75.01,-55.73,31.56,-45.59,27.77,38.24,1
w,2022-10-16 15:20:24.716301,0.22,0.72,0.37,-65.06,-51.45,36.25,-45.59,27.77,38.24,1
w,2022-10-16 15:20:24.724652,0.18,0.72,0.37,-46.88,-43.76,29.79,-45.59,27.77,38.24,1
w,2022-10-16 15:20:24.732006,0.15,0.72,0.38,-46.88,-43.76,29.79,-45.59,27.77,38.24,1
w,2022-10-16 15:20:24.740524,0.13,0.76,0.41,-42.72,-40.71,26.49,-45.59,27.77,38.24,1
w,2022-10-16 15:20:24.748687,0.15,0.77,0.38,-36.99,-35.83,19.04,-45.59,27.77,38.24,1
w,2022-10-16 15:20:24.757018,0.20,0.76,0.39,-36.99,-35.83,19.04,-44.81,28.65,38.09,1
w,2022-10-16 15:20:24.765304,0.10,0.80,0.42,-5.37,-19.59,12.45,-44.81,28.65,38.09,1
w,2022-10-16 15:20:24.772669,0.13,0.85,0.43,-5.37,-19.59,12.45,-44.81,28.65,38.09,1
w,2022-10-16 15:20:24.780932,0.16,0.85,0.49,2.32,-14.16,9.77,-44.81,28.65,38.09,1
w,2022-10-16 15:20:24.789155,0.17,0.86,0.53,12.02,-9.09,5.92,-44.81,28.65,38.09,1
w,2022-10-16 15:20:24.797566,0.17,0.85,0.56,15.50,-6.53,3.78,-44.81,28.65,38.09,1
w,2022-10-16 15:20:24.806991,0.10,0.91,0.62,18.62,-3.72,1.10,-43.53,29.24,38.59,1
w,2022-10-16 15:20:24.815159,0.15,0.90,0.59,4.94,-9.52,7.08,-43.53,29.24,38.59,1
w,2022-10-16 15:20:24.822687,0.20,0.88,0.58,4.94,-9.52,7.08,-43.53,29.24,38.59,1
w,2022-10-16 15:20:24.830809,0.19,0.89,0.60,4.21,-9.58,3.11,-43.53,29.24,38.59,1
w,2022-10-16 15:20:24.839201,0.20,0.90,0.60,9.34,-5.07,-0.79,-43.53,29.24,38.59,1
w,2022-10-16 15:20:24.847475,0.26,0.92,0.60,16.60,1.65,-4.33,-43.53,29.24,38.59,1
w,2022-10-16 15:20:24.856641,0.16,0.89,0.74,39.73,17.88,-11.11,-43.57,29.54,36.65,1
w,2022-10-16 15:20:24.864864,0.15,0.94,0.75,44.68,25.51,-14.40,-43.57,29.54,36.65,1
w,2022-10-16 15:20:24.873200,0.15,0.98,0.77,27.10,18.55,-9.89,-43.57,29.54,36.65,1
w,2022-10-16 15:20:24.881551,0.15,0.98,0.79,14.71,9.64,-4.03,-43.57,29.54,36.65,1
w,2022-10-16 15:20:24.889695,0.14,0.97,0.77,2.75,0.61,2.26,-43.57,29.54,36.65,1
w,2022-10-16 15:20:24.898046,0.14,0.96,0.71,-12.76,-7.39,8.73,-43.57,29.54,36.65,1
w,2022-10-16 15:20:24.907314,0.13,0.94,0.64,-29.79,-14.34,15.08,-43.63,29.00,37.76,1
w,2022-10-16 15:20:24.915604,0.15,0.95,0.58,-34.55,-19.17,13.12,-43.63,29.00,37.76,1
w,2022-10-16 15:20:24.922979,2.29,0.28,0.75,-34.55,-19.17,13.12,-43.63,29.00,37.76,1
w,2022-10-16 15:20:24.931180,-0.36,1.18,0.12,146.06,9.03,-108.15,-43.63,29.00,37.76,1
w,2022-10-16 15:20:24.939670,-0.08,1.42,0.38,168.95,26.55,-126.95,-43.63,29.00,37.76,1
w,2022-10-16 15:20:24.947929,0.25,0.73,0.67,154.85,34.36,-75.13,-43.63,29.00,37.76,1
w,2022-10-16 15:20:24.957146,0.15,0.79,0.69,124.51,33.81,-60.49,-42.33,27.03,36.29,1
w,2022-10-16 15:20:24.965423,0.08,0.91,0.67,102.84,25.02,-46.08,-42.33,27.03,36.29,1
w,2022-10-16 15:20:24.972706,0.30,0.86,0.73,102.84,25.02,-46.08,-42.33,27.03,36.29,1
w,2022-10-16 15:20:24.980939,0.15,0.76,0.63,104.43,23.50,-43.09,-42.33,27.03,36.29,1
w,2022-10-16 15:20:24.989216,0.13,0.75,0.65,83.19,18.13,-38.27,-42.33,27.03,36.29,1
w,2022-10-16 15:20:24.997608,0.17,0.73,0.68,53.53,12.33,-29.36,-42.33,27.03,36.29,1
w,2022-10-16 15:20:25.006936,0.36,0.69,0.65,26.55,8.36,-20.45,-41.98,26.23,35.53,1
w,2022-10-16 15:20:25.015290,0.14,0.68,0.62,13.43,6.35,-17.52,-41.98,26.23,35.53,1
w,2022-10-16 15:20:25.022766,-0.22,0.72,0.65,13.43,6.35,-17.52,-41.98,26.23,35.53,1
w,2022-10-16 15:20:25.031210,0.42,0.76,0.68,-16.36,-0.55,-6.47,-41.98,26.23,35.53,1
w,2022-10-16 15:20:25.039662,0.52,0.70,0.53,-18.80,-3.11,-2.32,-41.98,26.23,35.53,1
w,2022-10-16 15:20:25.048133,-0.04,0.75,0.47,45.41,9.40,-19.35,-41.98,26.23,35.53,1
w,2022-10-16 15:20:25.057561,-0.06,0.72,0.57,70.31,17.09,-20.57,-42.30,26.06,35.71,1
w,2022-10-16 15:20:25.065787,0.18,0.69,0.65,34.67,3.30,3.97,-42.30,26.06,35.71,1
w,2022-10-16 15:20:25.073200,0.08,0.64,0.65,34.67,3.30,3.97,-42.30,26.06,35.71,1
w,2022-10-16 15:20:25.081505,0.07,0.64,0.71,44.74,0.55,9.22,-42.30,26.06,35.71,1
w,2022-10-16 15:20:25.089795,0.16,0.54,0.80,39.73,-6.96,15.20,-42.30,26.06,35.71,1
w,2022-10-16 15:20:25.098255,-0.10,0.40,0.86,30.40,-21.18,14.71,-42.30,26.06,35.71,1
w,2022-10-16 15:20:25.107640,-0.52,0.43,0.73,-6.53,-44.80,3.78,-42.99,26.78,35.33,1
w,2022-10-16 15:20:25.116305,-0.50,0.54,0.73,-140.32,-49.32,-23.93,-42.99,26.78,35.33,1
w,2022-10-16 15:20:25.124873,-0.41,0.54,0.66,-186.71,-42.24,-32.53,-42.99,26.78,35.33,1
w,2022-10-16 15:20:25.133497,-0.28,0.68,0.48,-217.59,-28.44,-33.08,-42.99,26.78,35.33,1
w,2022-10-16 15:20:25.140211,-0.28,0.68,0.48,-217.59,-28.44,-33.08,-42.99,26.78,35.33,1
w,2022-10-16 15:20:25.148662,0.11,0.73,0.40,-227.05,6.84,-13.12,-42.99,26.78,35.33,1
w,2022-10-16 15:20:25.157111,0.31,0.78,0.36,-227.05,6.84,-13.12,-43.44,27.59,37.37,1
w,2022-10-16 15:20:25.165650,0.46,0.79,0.36,-151.18,27.22,-3.91,-43.44,27.59,37.37,1
w,2022-10-16 15:20:25.173008,0.55,0.79,0.35,-151.18,27.22,-3.91,-43.44,27.59,37.37,1
w,2022-10-16 15:20:25.181467,0.57,0.77,0.33,-111.33,26.37,-5.31,-43.44,27.59,37.37,1
w,2022-10-16 15:20:25.189760,0.58,0.78,0.31,-74.83,20.26,-7.81,-43.44,27.59,37.37,1
w,2022-10-16 15:20:25.198323,0.55,0.77,0.30,-42.30,12.51,-7.39,-43.44,27.59,37.37,1
w,2022-10-16 15:20:25.207561,0.55,0.77,0.30,-18.74,-10.93,5.68,-43.12,27.86,37.76,1
w,2022-10-16 15:20:25.215832,0.57,0.76,0.30,3.78,-12.76,14.89,-43.12,27.86,37.76,1
w,2022-10-16 15:20:25.224142,0.59,0.75,0.32,6.96,-25.88,25.15,-43.12,27.86,37.76,1
w,2022-10-16 15:20:25.232517,0.55,0.77,0.34,11.78,-38.33,34.12,-43.12,27.86,37.76,1
w,2022-10-16 15:20:25.240911,0.45,0.79,0.37,20.57,-46.14,36.80,-43.12,27.86,37.76,1
w,2022-10-16 15:20:25.249214,0.30,0.79,0.43,26.86,-47.73,31.19,-43.12,27.86,37.76,1
w,2022-10-16 15:20:25.258458,0.13,0.75,0.48,21.36,-42.72,19.04,-42.58,28.26,37.48,1
w,2022-10-16 15:20:25.266645,0.07,0.77,0.53,8.30,-32.10,4.58,-42.58,28.26,37.48,1
w,2022-10-16 15:20:25.273113,0.07,0.77,0.53,8.30,-32.10,4.58,-42.58,28.26,37.48,1
