K,2022-11-09 12:45:18.477500,-0.08,-0.48,0.76,6.23,8.61,8.97,-72.51,54.65,-85.97,1
K,2022-11-09 12:45:18.498829,-0.07,-0.48,0.73,2.81,10.31,9.58,-71.37,54.75,-86.54,1
K,2022-11-09 12:45:18.520731,-0.05,-0.48,0.82,-5.74,20.51,11.78,-71.37,54.75,-86.54,1
K,2022-11-09 12:45:18.542985,-0.02,-0.47,0.88,-4.33,20.02,10.44,-70.74,55.43,-88.75,1
K,2022-11-09 12:45:18.565010,0.01,-0.44,0.85,-2.26,6.29,2.69,-70.74,55.43,-88.75,1
K,2022-11-09 12:45:18.587450,0.05,-0.45,0.78,-10.56,-12.51,-5.43,-73.45,54.70,-91.17,1
K,2022-11-09 12:45:18.609117,-0.08,-0.33,0.90,79.96,27.83,21.48,-73.45,54.70,-91.17,1
K,2022-11-09 12:45:18.630099,-0.04,-0.87,0.87,-3.11,10.80,-8.30,-73.45,54.70,-91.17,1
K,2022-11-09 12:45:18.654186,-0.10,-0.29,0.86,-22.95,-18.98,-44.19,-74.21,56.37,-90.91,1
K,2022-11-09 12:45:18.674693,-0.09,-0.30,0.86,9.22,-47.67,-31.62,-74.21,56.37,-90.91,1
K,2022-11-09 12:45:18.696703,-0.11,-0.43,0.69,33.63,-69.95,-43.03,-81.75,52.86,-88.02,1
K,2022-11-09 12:45:18.716099,-0.14,-0.49,0.71,23.62,-73.85,-46.39,-81.75,52.86,-88.02,1
K,2022-11-09 12:45:18.738550,-0.19,-0.44,0.89,1.59,-75.38,-46.33,-91.47,47.35,-79.37,1
K,2022-11-09 12:45:18.758608,-0.26,-0.32,0.94,-6.71,-65.73,-28.81,-91.47,47.35,-79.37,1
K,2022-11-09 12:45:18.780058,-0.29,-0.57,0.98,-7.51,-41.63,4.52,-91.47,47.35,-79.37,1
K,2022-11-09 12:45:18.802664,-0.36,-0.63,0.98,-18.37,-22.52,16.36,-97.73,44.76,-74.44,1
K,2022-11-09 12:45:18.821329,-0.51,-0.56,1.12,-2.08,22.83,13.37,-97.73,44.76,-74.44,1
K,2022-11-09 12:45:18.841332,-0.24,-0.55,1.21,19.84,48.89,16.72,-94.17,44.52,-76.27,1
K,2022-11-09 12:45:18.860716,-0.13,-0.62,0.99,30.82,50.54,23.93,-94.17,44.52,-76.27,1
K,2022-11-09 12:45:18.883163,-0.08,-0.58,0.88,25.63,55.42,23.74,-94.17,44.52,-76.27,1
K,2022-11-09 12:45:18.902207,-0.07,-0.53,0.81,18.19,64.45,28.26,-85.95,48.07,-78.30,1
K,2022-11-09 12:45:18.921120,-0.03,-0.63,0.73,5.19,62.44,29.42,-85.95,48.07,-78.30,1
K,2022-11-09 12:45:18.943623,-0.00,-0.57,0.77,-9.03,53.71,24.60,-77.97,50.37,-84.67,1
K,2022-11-09 12:45:18.965296,-0.00,-0.51,0.75,-5.25,36.32,15.75,-77.97,50.37,-84.67,1
K,2022-11-09 12:45:18.987853,-0.06,-0.48,0.71,-2.93,24.96,10.07,-77.97,50.37,-84.67,1
K,2022-11-09 12:45:19.009533,-0.03,-0.54,0.65,-5.68,7.75,5.25,-73.52,51.25,-87.66,1
K,2022-11-09 12:45:19.029610,-0.57,-0.22,0.72,-12.02,-9.83,-7.63,-73.52,51.25,-87.66,1
K,2022-11-09 12:45:19.050753,-0.18,-0.79,0.53,48.10,-1.04,1.40,-74.49,52.31,-89.84,1
K,2022-11-09 12:45:19.070769,-0.11,-0.63,0.68,-19.53,23.99,-14.53,-74.49,52.31,-89.84,1
K,2022-11-09 12:45:19.090998,-0.20,-0.34,1.25,-35.64,16.72,-15.44,-75.27,50.76,-90.45,1
K,2022-11-09 12:45:19.109053,-0.13,-0.59,0.77,14.04,-59.69,2.81,-75.27,50.76,-90.45,1
K,2022-11-09 12:45:19.128703,-0.17,-0.61,0.59,2.32,-57.56,0.49,-75.27,50.76,-90.45,1
K,2022-11-09 12:45:19.149978,-0.18,-0.59,0.59,-6.90,-49.74,5.80,-79.76,50.99,-84.51,1
K,2022-11-09 12:45:19.168728,-0.16,-0.54,0.71,-17.03,-34.73,9.46,-79.76,50.99,-84.51,1
K,2022-11-09 12:45:19.187253,-0.14,-0.38,0.97,-16.97,-12.15,5.98,-79.76,50.99,-84.51,1
K,2022-11-09 12:45:19.208480,-0.12,-0.39,0.99,-3.85,-6.35,5.37,-83.57,52.14,-82.91,1
K,2022-11-09 12:45:19.230367,-0.11,-0.33,1.07,2.20,8.00,-1.65,-83.57,52.14,-82.91,1
K,2022-11-09 12:45:19.250172,-0.13,-0.22,1.09,7.57,11.66,3.91,-85.33,52.58,-84.01,1
K,2022-11-09 12:45:19.271063,-0.12,-0.68,0.92,15.56,-8.48,8.00,-85.33,52.58,-84.01,1
K,2022-11-09 12:45:19.292991,-0.12,-0.28,0.87,6.90,-10.38,-21.48,-85.49,51.79,-81.65,1
K,2022-11-09 12:45:19.315099,-0.13,-0.24,0.86,33.75,-3.23,-29.30,-85.49,51.79,-81.65,1
K,2022-11-09 12:45:19.335919,-0.14,-0.38,0.82,40.16,-0.85,-37.17,-85.49,51.79,-81.65,1
K,2022-11-09 12:45:19.357532,-0.20,-0.45,0.80,37.54,-1.28,-44.56,-87.63,48.52,-81.65,1
K,2022-11-09 12:45:19.376672,-0.25,-0.60,0.79,37.60,-4.39,-37.23,-87.63,48.52,-81.65,1
K,2022-11-09 12:45:19.399875,-0.29,-0.73,0.71,23.62,-10.74,-24.54,-89.39,44.41,-80.40,1
K,2022-11-09 12:45:19.419678,-0.30,-0.79,0.71,6.53,-10.62,-14.77,-89.39,44.41,-80.40,1
K,2022-11-09 12:45:19.440924,-0.30,-0.70,0.80,-15.99,-9.28,-2.14,-89.39,44.41,-80.40,1
K,2022-11-09 12:45:19.462981,-0.28,-0.68,0.86,-22.03,-8.67,9.58,-90.06,41.74,-79.09,1
K,2022-11-09 12:45:19.483492,-0.27,-0.67,0.92,-24.96,-9.77,11.54,-90.06,41.74,-79.09,1
K,2022-11-09 12:45:19.506858,-0.49,-0.31,0.81,-8.36,5.19,23.44,-90.39,40.84,-78.98,1
K,2022-11-09 12:45:19.528058,-0.36,-0.64,0.96,14.40,32.35,27.10,-90.39,40.84,-78.98,1
K,2022-11-09 12:45:19.548952,-0.23,-0.48,0.96,14.40,40.34,12.63,-84.96,42.92,-79.69,1
K,2022-11-09 12:45:19.570690,-0.13,-0.48,0.88,16.91,36.19,13.37,-84.96,42.92,-79.69,1
K,2022-11-09 12:45:19.591121,-0.10,-0.53,0.75,13.92,31.07,9.83,-84.96,42.92,-79.69,1
K,2022-11-09 12:45:19.614925,-0.06,-0.53,0.72,7.08,28.56,6.04,-78.78,44.63,-80.46,1
K,2022-11-09 12:45:19.635656,-0.06,-0.54,0.74,-8.00,20.32,3.85,-78.78,44.63,-80.46,1
K,2022-11-09 12:45:19.658187,-0.11,-0.51,0.77,-16.05,14.40,4.58,-75.22,43.92,-81.29,1
