r,2022-11-04 16:49:39.909007,0.01,0.82,-0.62,-42.05,11.54,2.08,-10.66,-88.94,-64.54,1
r,2022-11-04 16:49:39.927112,-0.07,0.86,-0.79,-49.38,6.65,7.87,-10.66,-88.94,-64.54,1
r,2022-11-04 16:49:39.946104,-0.13,0.81,-0.81,-17.09,-12.57,-5.49,-7.60,-86.49,-64.17,1
r,2022-11-04 16:49:39.964347,0.11,0.69,-0.58,-6.84,-22.77,-6.53,-7.60,-86.49,-64.17,1
r,2022-11-04 16:49:39.984036,0.24,0.65,-0.39,-25.70,-11.29,-0.92,-6.25,-86.67,-67.88,1
r,2022-11-04 16:49:40.001925,0.20,0.60,-0.48,-50.72,13.12,11.17,-6.25,-86.67,-67.88,1
r,2022-11-04 16:49:40.019873,0.08,0.55,-0.64,-59.94,26.55,33.20,-6.25,-86.67,-67.88,1
r,2022-11-04 16:49:40.039051,-0.21,0.90,-0.93,8.00,8.85,-14.53,-3.65,-85.64,-66.92,1
r,2022-11-04 16:49:40.056917,0.00,0.43,-0.45,19.90,2.62,-3.36,-3.65,-85.64,-66.92,1
r,2022-11-04 16:49:40.075194,-0.17,0.64,-0.35,-44.80,-28.87,43.15,-3.65,-85.64,-66.92,1
r,2022-11-04 16:49:40.094015,-0.22,0.65,-0.40,-35.58,8.12,55.60,-5.08,-86.60,-64.78,1
r,2022-11-04 16:49:40.112018,-0.08,0.58,-0.64,23.13,28.32,41.56,-5.08,-86.60,-64.78,1
r,2022-11-04 16:49:40.130938,-0.07,0.57,-0.70,40.89,37.05,29.72,-8.07,-89.45,-61.50,1
r,2022-11-04 16:49:40.148876,-0.02,0.60,-0.72,32.10,34.36,23.50,-8.07,-89.45,-61.50,1
r,2022-11-04 16:49:40.166767,-0.04,0.77,-0.79,1.04,17.76,21.42,-8.07,-89.45,-61.50,1
r,2022-11-04 16:49:40.186013,-0.05,1.02,-0.92,-6.29,11.47,9.58,-12.16,-93.49,-56.63,1
r,2022-11-04 16:49:40.204136,0.04,1.10,-1.09,-2.14,10.99,-14.71,-12.16,-93.49,-56.63,1
r,2022-11-04 16:49:40.222315,-0.11,0.99,-0.82,-10.86,2.93,-31.92,-12.16,-93.49,-56.63,1
r,2022-11-04 16:49:40.241013,-0.11,0.95,-0.75,32.53,22.16,-4.88,-12.22,-95.89,-55.81,1
r,2022-11-04 16:49:40.259287,0.30,1.14,-0.66,-25.02,-15.99,-46.20,-12.22,-95.89,-55.81,1
r,2022-11-04 16:49:40.278916,0.06,0.81,-0.99,3.48,-17.58,-17.15,-9.41,-93.48,-59.69,1
r,2022-11-04 16:49:40.297105,-0.02,0.70,-0.88,-12.82,-32.96,-15.75,-9.41,-93.48,-59.69,1
r,2022-11-04 16:49:40.315094,-0.06,0.58,-0.79,-5.98,-39.79,-14.04,-9.41,-93.48,-59.69,1
r,2022-11-04 16:49:40.334163,-0.11,0.50,-0.66,25.63,-24.11,-5.31,-7.47,-91.35,-67.22,1
r,2022-11-04 16:49:40.352014,-0.15,0.53,-0.48,36.44,-7.08,-0.67,-7.47,-91.35,-67.22,1
r,2022-11-04 16:49:40.369755,-0.11,0.53,-0.50,23.32,1.71,3.05,-7.47,-91.35,-67.22,1
r,2022-11-04 16:49:40.389250,-0.11,0.47,-0.53,-14.47,-6.35,8.61,-9.94,-93.53,-71.55,1
r,2022-11-04 16:49:40.408106,-0.50,0.94,-0.63,15.63,-12.45,12.45,-9.94,-93.53,-71.55,1
r,2022-11-04 16:49:40.426013,-0.30,0.75,-0.67,110.29,2.81,-32.10,-9.94,-93.53,-71.55,1
r,2022-11-04 16:49:40.444835,0.02,0.58,-0.74,138.37,10.31,-30.76,-13.04,-97.29,-76.56,1
r,2022-11-04 16:49:40.463324,0.05,0.75,-0.68,69.64,-18.86,-9.64,-13.04,-97.29,-76.56,1
r,2022-11-04 16:49:40.482899,0.13,0.89,-0.55,0.18,-38.21,4.33,-18.12,-100.70,-79.36,1
r,2022-11-04 16:49:40.501090,0.19,0.86,-0.59,14.16,-20.20,4.03,-18.12,-100.70,-79.36,1
r,2022-11-04 16:49:40.519012,0.14,0.91,-0.67,26.31,-5.62,0.79,-18.12,-100.70,-79.36,1
