n,2022-10-11 18:07:09.634768,0.53,0.02,0.76,9.70,-30.52,-25.45,42.55,89.44,33.59,1
n,2022-10-11 18:07:09.649104,0.47,-0.12,0.76,19.35,-22.22,-15.69,42.55,89.44,33.59,1
n,2022-10-11 18:07:09.665025,0.39,-0.18,0.81,21.42,-24.72,10.93,38.24,91.20,35.08,1
n,2022-10-11 18:07:09.695982,0.25,-0.14,0.94,13.49,-17.33,7.20,38.24,91.20,35.08,1
n,2022-10-11 18:07:09.715230,0.31,-0.09,0.92,-5.86,-2.32,-0.79,34.80,93.69,35.33,1
n,2022-10-11 18:07:09.728038,0.41,-0.03,0.88,-6.16,1.46,-2.99,34.80,93.69,35.33,1
n,2022-10-11 18:07:09.743941,0.38,-0.03,0.90,-1.46,-2.50,-1.83,34.80,93.69,35.33,1
n,2022-10-11 18:07:09.774929,0.36,-0.09,0.90,-2.14,-0.06,2.56,33.20,94.58,34.89,1
n,2022-10-11 18:07:09.797459,0.40,-0.03,0.91,0.85,2.99,12.70,33.20,94.58,34.89,1
n,2022-10-11 18:07:09.809915,0.45,0.05,0.89,2.44,4.76,13.06,33.20,94.58,34.89,1
n,2022-10-11 18:07:09.822649,0.48,0.03,0.83,-2.56,2.44,0.55,31.97,95.70,35.11,1
n,2022-10-11 18:07:09.853906,0.47,-0.02,0.79,-0.06,-2.08,-0.12,31.97,95.70,35.11,1
n,2022-10-11 18:07:09.869862,0.42,-0.04,0.77,4.46,-8.42,9.83,30.13,96.92,36.11,1
n,2022-10-11 18:07:09.885450,-0.37,0.14,1.04,13.43,-13.24,15.93,30.13,96.92,36.11,1
n,2022-10-11 18:07:09.903038,0.39,0.01,0.81,-5.19,13.55,3.72,30.13,96.92,36.11,1
n,2022-10-11 18:07:09.932929,0.43,0.13,0.84,27.47,21.18,9.40,30.53,98.67,38.59,1
n,2022-10-11 18:07:09.948553,0.33,-0.00,0.78,9.46,-5.07,-0.43,30.53,98.67,38.59,1
n,2022-10-11 18:07:09.964496,0.30,0.01,0.69,7.87,-12.33,1.10,33.68,99.27,37.44,1
n,2022-10-11 18:07:09.980061,0.37,0.03,0.85,7.51,-22.28,6.16,33.68,99.27,37.44,1
n,2022-10-11 18:07:10.011670,0.43,0.03,0.83,22.40,-18.19,10.25,33.68,99.27,37.44,1
n,2022-10-11 18:07:10.027597,0.41,-0.04,0.87,28.26,-15.08,9.95,37.77,100.12,36.76,1
n,2022-10-11 18:07:10.045362,0.41,-0.08,0.92,15.99,-13.24,6.53,37.77,100.12,36.76,1
n,2022-10-11 18:07:10.059144,0.44,-0.11,0.96,5.49,-8.12,4.27,42.24,100.89,35.57,1
n,2022-10-11 18:07:10.090423,0.48,-0.08,1.04,-3.78,-2.81,3.78,42.24,100.89,35.57,1
n,2022-10-11 18:07:10.106240,0.50,-0.02,1.04,-6.96,1.46,1.89,42.24,100.89,35.57,1
n,2022-10-11 18:07:10.121650,0.49,-0.02,1.02,-6.10,2.26,1.40,44.76,100.61,34.31,1
n,2022-10-11 18:07:10.152883,0.45,-0.02,0.98,-8.54,0.18,1.10,44.76,100.61,34.31,1
n,2022-10-11 18:07:10.168567,0.42,-0.02,0.94,-17.58,-9.83,1.04,44.21,101.18,32.69,1
n,2022-10-11 18:07:10.184355,0.42,0.02,0.94,-20.45,-17.33,1.10,44.21,101.18,32.69,1
n,2022-10-11 18:07:10.215376,0.55,0.06,1.03,-15.01,-24.11,3.91,44.21,101.18,32.69,1
n,2022-10-11 18:07:10.232720,0.39,0.09,0.93,21.85,7.14,7.32,43.04,100.88,32.39,1
n,2022-10-11 18:07:10.247047,0.38,-0.03,0.89,17.94,5.25,1.53,43.04,100.88,32.39,1
n,2022-10-11 18:07:10.262997,0.43,0.00,0.88,4.76,11.84,-1.40,41.41,101.51,33.57,1
n,2022-10-11 18:07:10.280478,0.38,0.02,0.87,-1.04,14.71,-3.97,41.41,101.51,33.57,1
n,2022-10-11 18:07:10.310135,0.43,0.05,0.93,5.68,17.33,-2.69,41.41,101.51,33.57,1
n,2022-10-11 18:07:10.328639,0.49,0.05,0.95,13.43,18.37,-2.69,38.31,100.73,34.59,1
n,2022-10-11 18:07:10.342417,0.38,0.07,0.83,14.10,18.49,-5.98,38.31,100.73,34.59,1
n,2022-10-11 18:07:10.358313,0.43,0.02,0.85,7.14,6.47,-9.40,33.51,100.39,35.38,1
n,2022-10-11 18:07:10.390616,0.40,0.03,0.84,9.46,4.09,-6.04,33.51,100.39,35.38,1
n,2022-10-11 18:07:10.405778,0.40,0.02,0.83,14.53,2.62,-3.23,33.51,100.39,35.38,1
n,2022-10-11 18:07:10.421461,0.39,0.00,0.82,20.81,1.40,-1.95,27.86,99.04,35.75,1
n,2022-10-11 18:07:10.437316,0.31,-0.06,0.81,22.16,0.00,-2.56,27.86,99.04,35.75,1
n,2022-10-11 18:07:10.468323,0.31,-0.13,0.79,32.59,-1.10,8.06,24.55,99.02,34.66,1
n,2022-10-11 18:07:10.483993,0.30,-0.18,0.79,33.57,1.53,11.47,24.55,99.02,34.66,1
n,2022-10-11 18:07:10.506200,0.37,-0.13,0.76,31.62,8.24,5.68,24.55,99.02,34.66,1
n,2022-10-11 18:07:10.515978,0.30,-0.05,0.75,-21.55,-21.42,-30.70,24.57,99.22,35.69,1
n,2022-10-11 18:07:10.547246,0.29,-0.08,0.80,-15.99,-23.68,-26.73,24.57,99.22,35.69,1
n,2022-10-11 18:07:10.563137,0.31,0.01,0.74,-6.04,-20.94,-10.93,26.75,99.52,34.88,1
n,2022-10-11 18:07:10.578771,0.34,-0.03,0.86,5.55,-19.35,-3.54,26.75,99.52,34.88,1
n,2022-10-11 18:07:10.609768,0.35,-0.12,0.88,10.80,-14.04,2.08,26.75,99.52,34.88,1
n,2022-10-11 18:07:10.625400,0.38,-0.15,0.91,0.31,-14.40,0.49,31.64,101.17,33.25,1
n,2022-10-11 18:07:10.641218,0.45,-0.11,1.00,-7.75,-5.07,-4.21,31.64,101.17,33.25,1
n,2022-10-11 18:07:10.672248,0.48,-0.13,1.02,-15.44,-1.53,-9.09,35.49,101.53,29.04,1
n,2022-10-11 18:07:10.687877,0.50,-0.07,1.09,-21.18,2.81,-11.35,35.49,101.53,29.04,1
n,2022-10-11 18:07:10.703773,0.47,-0.06,1.06,-17.94,3.23,-9.09,35.49,101.53,29.04,1
n,2022-10-11 18:07:10.719353,0.43,-0.05,1.02,-10.25,4.39,-2.62,36.28,101.77,27.67,1
n,2022-10-11 18:07:10.750356,0.39,-0.05,0.97,-19.71,-13.06,-3.54,36.28,101.77,27.67,1
n,2022-10-11 18:07:10.766260,0.37,0.02,0.95,-18.19,-22.34,-3.85,34.52,104.05,26.39,1
n,2022-10-11 18:07:10.781847,0.36,-0.01,1.09,4.03,-12.39,3.17,34.52,104.05,26.39,1
n,2022-10-11 18:07:10.812845,0.11,0.07,1.09,15.38,23.74,7.57,34.52,104.05,26.39,1
n,2022-10-11 18:07:10.828470,0.49,0.11,0.83,-34.73,55.97,-34.85,31.88,103.17,26.42,1
