E,2022-10-20 14:29:32.910014,-0.25,0.92,0.33,16.97,6.65,-39.06,-50.89,31.41,-47.90,1
E,2022-10-20 14:29:32.933334,-0.21,0.90,0.39,13.55,8.67,-46.02,-51.14,28.56,-47.19,1
E,2022-10-20 14:29:32.943416,-0.14,0.88,0.44,9.46,9.83,-47.55,-51.14,28.56,-47.19,1
E,2022-10-20 14:29:32.963587,-0.09,0.81,0.49,5.80,9.83,-38.94,-50.44,24.46,-47.50,1
E,2022-10-20 14:29:32.986286,-0.12,0.72,0.52,7.69,11.11,-24.60,-50.44,24.46,-47.50,1
E,2022-10-20 14:29:33.006447,-0.15,0.66,0.48,0.98,15.38,-15.01,-50.44,24.46,-47.50,1
E,2022-10-20 14:29:33.030364,-0.17,0.65,0.44,-13.98,28.38,-11.35,-51.03,22.78,-49.21,1
E,2022-10-20 14:29:33.040370,-0.12,0.67,0.41,-27.65,28.75,-14.59,-51.03,22.78,-49.21,1
E,2022-10-20 14:29:33.060484,-0.10,0.76,0.34,-35.89,22.22,-10.99,-51.03,22.78,-49.21,1
E,2022-10-20 14:29:33.080479,-0.13,0.78,0.27,-22.46,1.10,7.45,-49.91,19.64,-50.90,1
E,2022-10-20 14:29:33.100693,-0.15,0.75,0.20,-9.16,-11.05,18.43,-49.91,19.64,-50.90,1
E,2022-10-20 14:29:33.120968,-0.25,0.73,0.23,-6.10,-22.83,25.21,-52.25,20.83,-49.88,1
E,2022-10-20 14:29:33.141850,-0.38,0.74,0.32,-0.06,-33.45,47.67,-52.25,20.83,-49.88,1
E,2022-10-20 14:29:33.162137,-0.39,0.71,0.37,17.33,-37.11,69.82,-52.25,20.83,-49.88,1
E,2022-10-20 14:29:33.182305,-0.30,0.70,0.34,32.90,-41.26,90.76,-54.64,26.62,-46.40,1
E,2022-10-20 14:29:33.203691,-0.33,0.62,0.32,43.03,-40.89,100.16,-54.64,26.62,-46.40,1
E,2022-10-20 14:29:33.223709,-0.41,0.62,0.31,31.98,-35.16,92.59,-55.76,35.03,-44.13,1
E,2022-10-20 14:29:33.243707,-0.39,0.81,0.35,1.22,-16.91,50.72,-55.76,35.03,-44.13,1
E,2022-10-20 14:29:33.263707,-0.41,1.04,0.45,-20.20,-6.23,33.08,-55.76,35.03,-44.13,1
E,2022-10-20 14:29:33.283817,-0.46,1.12,0.49,-19.90,-3.60,24.05,-55.38,38.43,-41.26,1
E,2022-10-20 14:29:33.304170,-0.51,1.20,0.51,-10.25,1.89,1.46,-55.38,38.43,-41.26,1
E,2022-10-20 14:29:33.324196,-0.48,1.19,0.52,3.66,10.62,-13.55,-54.36,38.29,-41.02,1
E,2022-10-20 14:29:33.344149,-0.42,1.08,0.54,7.32,21.36,-38.27,-54.36,38.29,-41.02,1
E,2022-10-20 14:29:33.355356,-0.36,1.01,0.52,-4.94,29.11,-55.36,-54.36,38.29,-41.02,1
E,2022-10-20 14:29:33.375839,-0.30,0.94,0.51,-9.22,35.95,-69.89,-54.80,33.94,-42.05,1
E,2022-10-20 14:29:33.396353,-0.25,0.90,0.48,-9.83,38.57,-78.19,-54.80,33.94,-42.05,1
E,2022-10-20 14:29:33.416914,-0.26,0.88,0.41,-7.14,35.71,-73.91,-54.80,33.94,-42.05,1
E,2022-10-20 14:29:33.440102,-0.18,0.77,0.40,6.35,35.10,-59.69,-53.49,27.11,-45.59,1
E,2022-10-20 14:29:33.460129,-0.12,0.70,0.40,5.92,28.56,-41.87,-53.49,27.11,-45.59,1
E,2022-10-20 14:29:33.481804,-0.13,0.63,0.37,-5.31,16.24,-16.42,-52.62,23.77,-47.47,1
E,2022-10-20 14:29:33.492797,-0.17,0.64,0.30,-17.88,12.57,-5.37,-52.62,23.77,-47.47,1
E,2022-10-20 14:29:33.512812,-0.18,0.69,0.27,-24.29,10.99,-5.68,-52.62,23.77,-47.47,1
E,2022-10-20 14:29:33.536695,-0.25,0.81,0.20,-32.71,4.39,-7.39,-52.73,21.87,-49.46,1
E,2022-10-20 14:29:33.557912,-0.21,0.88,0.15,-25.82,-4.64,-4.39,-52.73,21.87,-49.46,1
E,2022-10-20 14:29:33.577926,-0.27,0.96,0.12,-11.78,-30.46,1.16,-54.59,21.00,-49.48,1
E,2022-10-20 14:29:33.598902,-0.32,1.04,0.07,16.11,-27.71,-4.76,-54.59,21.00,-49.48,1
E,2022-10-20 14:29:33.619155,-0.27,1.03,0.11,38.39,-34.73,-6.65,-54.59,21.00,-49.48,1
E,2022-10-20 14:29:33.639155,-0.25,0.86,0.27,76.42,-41.32,0.37,-57.18,21.74,-45.83,1
E,2022-10-20 14:29:33.659675,-0.21,0.68,0.41,75.01,-42.36,1.22,-57.18,21.74,-45.83,1
E,2022-10-20 14:29:33.679690,-0.29,0.63,0.53,45.72,-39.55,-4.39,-59.24,24.13,-40.75,1
E,2022-10-20 14:29:33.699689,-0.28,0.67,0.69,10.07,-20.14,-2.26,-59.24,24.13,-40.75,1
E,2022-10-20 14:29:33.709993,-0.33,0.70,0.73,-1.89,-10.68,4.94,-59.24,24.13,-40.75,1
E,2022-10-20 14:29:33.730514,-0.35,0.66,0.77,-6.41,2.75,13.67,-59.27,24.48,-38.68,1
E,2022-10-20 14:29:33.750659,-0.31,0.63,0.72,-22.71,24.05,19.65,-59.27,24.48,-38.68,1
E,2022-10-20 14:29:33.770612,-0.24,0.68,0.65,-42.54,33.51,19.10,-59.27,24.48,-38.68,1
E,2022-10-20 14:29:33.790568,-0.23,0.76,0.54,-53.28,38.33,21.48,-58.04,24.54,-40.36,1
E,2022-10-20 14:29:33.810777,-0.15,0.88,0.42,-48.22,40.04,22.03,-58.04,24.54,-40.36,1
E,2022-10-20 14:29:33.831077,-0.11,0.89,0.37,-39.43,37.90,24.41,-54.11,24.55,-45.21,1
E,2022-10-20 14:29:33.850955,-0.13,0.90,0.30,-34.18,29.85,22.58,-54.11,24.55,-45.21,1
E,2022-10-20 14:29:33.871220,-0.17,0.94,0.22,-34.67,26.37,19.41,-54.11,24.55,-45.21,1
E,2022-10-20 14:29:33.891221,-0.18,1.01,0.15,-36.38,17.46,15.20,-52.56,24.33,-46.90,1
E,2022-10-20 14:29:33.907446,-0.20,1.13,0.01,-17.27,2.01,8.48,-52.56,24.33,-46.90,1
E,2022-10-20 14:29:33.928130,-0.17,1.12,-0.00,6.47,-5.92,8.30,-51.79,25.02,-48.23,1
E,2022-10-20 14:29:33.951530,-0.22,1.07,0.02,23.68,-15.75,8.54,-51.79,25.02,-48.23,1
E,2022-10-20 14:29:33.972311,-0.24,1.03,0.07,35.46,-25.94,1.83,-51.79,25.02,-48.23,1
E,2022-10-20 14:29:33.986088,-0.25,0.99,0.11,44.68,-43.64,-0.12,-54.93,27.60,-47.25,1
E,2022-10-20 14:29:34.006155,-0.34,0.93,0.15,52.61,-44.07,3.97,-54.93,27.60,-47.25,1
E,2022-10-20 14:29:34.026102,-0.35,0.88,0.24,62.99,-40.77,-1.34,-58.94,29.48,-42.04,1
E,2022-10-20 14:29:34.050124,-0.35,0.80,0.45,50.29,-38.76,-6.47,-58.94,29.48,-42.04,1
E,2022-10-20 14:29:34.060783,-0.42,0.74,0.56,37.96,-35.22,-2.99,-58.94,29.48,-42.04,1
E,2022-10-20 14:29:34.080828,-0.46,0.69,0.63,29.72,-24.90,0.43,-62.66,30.58,-36.73,1
E,2022-10-20 14:29:34.100941,-0.41,0.59,0.75,17.21,-3.48,3.48,-62.66,30.58,-36.73,1
E,2022-10-20 14:29:34.121048,-0.39,0.53,0.75,0.79,3.54,9.09,-62.66,30.58,-36.73,1
E,2022-10-20 14:29:34.141108,-0.40,0.56,0.69,-18.01,11.78,11.66,-61.57,30.42,-36.13,1
E,2022-10-20 14:29:34.161880,-0.38,0.66,0.60,-31.92,28.87,16.66,-61.57,30.42,-36.13,1
E,2022-10-20 14:29:34.182472,-0.29,0.65,0.55,-37.29,36.74,25.70,-59.41,30.74,-38.70,1
E,2022-10-20 14:29:34.203873,-0.27,0.74,0.43,-47.85,33.39,25.02,-59.41,30.74,-38.70,1
E,2022-10-20 14:29:34.224595,-0.25,0.89,0.31,-38.64,29.91,23.99,-59.41,30.74,-38.70,1
E,2022-10-20 14:29:34.234760,-0.18,0.86,0.25,-29.66,26.73,28.44,-56.47,31.10,-43.79,1
E,2022-10-20 14:29:34.255074,-0.20,0.94,0.15,-32.23,18.49,25.15,-56.47,31.10,-43.79,1
E,2022-10-20 14:29:34.275331,-0.21,1.02,0.10,-24.66,8.06,18.13,-53.64,32.25,-44.01,1
E,2022-10-20 14:29:34.295329,-0.26,1.06,0.05,-9.16,3.60,14.71,-53.64,32.25,-44.01,1
E,2022-10-20 14:29:34.316153,-0.27,1.04,0.06,2.56,-3.30,8.24,-53.64,32.25,-44.01,1
E,2022-10-20 14:29:34.336595,-0.27,1.09,0.04,11.23,-10.99,1.65,-54.53,33.36,-42.66,1
E,2022-10-20 14:29:34.356696,-0.30,1.09,0.04,31.19,-24.48,-0.31,-54.53,33.36,-42.66,1
E,2022-10-20 14:29:34.376793,-0.27,1.05,0.08,47.12,-33.45,-3.30,-54.53,33.36,-42.66,1
E,2022-10-20 14:29:34.396970,-0.30,1.05,0.13,71.29,-48.16,-1.89,-57.71,34.84,-41.08,1
E,2022-10-20 14:29:34.417410,-0.43,0.84,0.36,86.36,-46.57,4.27,-57.71,34.84,-41.08,1
E,2022-10-20 14:29:34.438355,-0.58,0.50,0.66,76.29,-44.92,3.60,-62.52,36.82,-32.43,1
E,2022-10-20 14:29:34.458430,-0.68,0.44,0.75,-1.40,-25.76,-16.48,-62.52,36.82,-32.43,1
E,2022-10-20 14:29:34.471154,-0.60,0.60,0.77,-49.19,-5.98,-26.37,-62.52,36.82,-32.43,1
E,2022-10-20 14:29:34.494344,-0.56,0.79,0.67,-63.05,11.29,-26.12,-62.29,33.37,-29.59,1
E,2022-10-20 14:29:34.514426,-0.50,0.83,0.59,-60.24,37.66,-10.99,-62.29,33.37,-29.59,1
E,2022-10-20 14:29:34.535274,-0.38,0.94,0.42,-63.90,44.37,-15.63,-59.39,29.72,-33.18,1
E,2022-10-20 14:29:34.548052,-0.23,1.10,0.30,-58.65,44.68,-24.54,-59.39,29.72,-33.18,1
E,2022-10-20 14:29:34.568308,-0.15,1.18,0.27,-37.90,36.74,-26.43,-59.39,29.72,-33.18,1
E,2022-10-20 14:29:34.588240,-0.16,1.20,0.20,3.72,16.85,-25.02,-55.68,25.15,-36.44,1
E,2022-10-20 14:29:34.608517,-0.19,1.11,0.24,25.94,11.90,-27.28,-55.68,25.15,-36.44,1
E,2022-10-20 14:29:34.628582,-0.20,1.02,0.30,35.34,9.09,-34.85,-55.68,25.15,-36.44,1
E,2022-10-20 14:29:34.648871,-0.19,0.95,0.39,33.75,7.63,-40.89,-55.25,22.50,-36.78,1
E,2022-10-20 14:29:34.669090,-0.14,0.87,0.38,32.41,6.59,-41.08,-55.25,22.50,-36.78,1
E,2022-10-20 14:29:34.689139,-0.14,0.85,0.39,32.65,6.16,-37.60,-54.98,19.45,-38.32,1
E,2022-10-20 14:29:34.709183,-0.15,0.69,0.42,37.48,7.51,-25.82,-54.98,19.45,-38.32,1
E,2022-10-20 14:29:34.729178,-0.12,0.54,0.47,31.56,9.09,-17.94,-54.98,19.45,-38.32,1
E,2022-10-20 14:29:34.749442,-0.13,0.54,0.44,12.51,11.05,-11.78,-55.44,17.70,-39.48,1
E,2022-10-20 14:29:34.760096,-0.11,0.51,0.43,-11.90,13.92,-2.56,-55.44,17.70,-39.48,1
E,2022-10-20 14:29:34.780104,-0.09,0.62,0.33,-28.38,11.66,4.03,-55.65,16.93,-39.21,1
E,2022-10-20 14:29:34.800440,-0.09,0.61,0.30,-33.69,9.28,15.50,-55.65,16.93,-39.21,1
E,2022-10-20 14:29:34.820525,-0.05,0.59,0.24,-46.88,-13.85,20.14,-55.65,16.93,-39.21,1
E,2022-10-20 14:29:34.840817,-0.30,0.89,0.06,-45.04,-27.89,17.94,-57.32,17.02,-38.37,1
E,2022-10-20 14:29:34.862205,-0.32,0.89,0.13,-15.08,-23.93,25.45,-57.32,17.02,-38.37,1
E,2022-10-20 14:29:34.882318,-0.35,0.86,0.26,16.54,-37.23,50.42,-57.32,17.02,-38.37,1
E,2022-10-20 14:29:34.902317,-0.50,0.86,0.35,43.15,-40.83,74.65,-59.68,19.84,-34.72,1
E,2022-10-20 14:29:34.923145,-0.38,0.77,0.45,66.53,-39.79,95.40,-59.68,19.84,-34.72,1
E,2022-10-20 14:29:34.943635,-0.33,0.71,0.42,74.71,-40.41,103.88,-60.03,28.98,-31.08,1
E,2022-10-20 14:29:34.964802,-0.39,0.67,0.43,53.34,-31.07,93.20,-60.03,28.98,-31.08,1
E,2022-10-20 14:29:34.976425,-0.36,0.79,0.41,25.88,-19.04,61.04,-60.03,28.98,-31.08,1
E,2022-10-20 14:29:35.001143,-0.33,0.89,0.45,-15.44,-1.34,18.92,-59.39,35.46,-29.02,1
E,2022-10-20 14:29:35.021157,-0.46,1.13,0.49,-21.24,3.42,-1.53,-59.39,35.46,-29.02,1
E,2022-10-20 14:29:35.041148,-0.41,1.16,0.52,-18.37,13.06,-20.08,-58.69,34.52,-30.13,1
E,2022-10-20 14:29:35.056123,-0.42,1.16,0.53,-24.48,27.40,-49.93,-58.69,34.52,-30.13,1
E,2022-10-20 14:29:35.076407,-0.37,1.05,0.58,-17.21,39.12,-62.44,-58.69,34.52,-30.13,1
E,2022-10-20 14:29:35.096407,-0.32,0.96,0.59,-13.67,39.37,-67.26,-58.01,29.17,-32.52,1
E,2022-10-20 14:29:35.116622,-0.24,0.88,0.52,-2.50,35.77,-55.11,-58.01,29.17,-32.52,1
E,2022-10-20 14:29:35.136860,-0.18,0.79,0.47,0.49,34.67,-46.02,-57.37,24.39,-34.19,1
E,2022-10-20 14:29:35.156938,-0.19,0.74,0.42,-1.10,31.86,-37.60,-57.37,24.39,-34.19,1
E,2022-10-20 14:29:35.176937,-0.21,0.63,0.43,-5.68,33.02,-21.85,-57.37,24.39,-34.19,1
E,2022-10-20 14:29:35.196937,-0.18,0.62,0.33,-14.34,24.66,-7.32,-57.02,22.31,-36.82,1
E,2022-10-20 14:29:35.217051,-0.18,0.68,0.26,-29.60,14.53,3.11,-57.02,22.31,-36.82,1
E,2022-10-20 14:29:35.237505,-0.25,0.83,0.12,-28.93,4.33,3.78,-57.02,22.31,-36.82,1
E,2022-10-20 14:29:35.257593,-0.25,0.89,0.08,-12.76,0.55,2.81,-58.07,21.11,-38.81,1
E,2022-10-20 14:29:35.278050,-0.26,0.92,0.09,7.26,-12.57,-3.66,-58.07,21.11,-38.81,1
E,2022-10-20 14:29:35.298050,-0.21,1.01,0.09,21.79,-28.14,-14.59,-59.09,21.18,-37.19,1
E,2022-10-20 14:29:35.318321,-0.22,1.02,0.13,34.42,-42.79,-19.65,-59.09,21.18,-37.19,1
E,2022-10-20 14:29:35.338322,-0.26,0.91,0.28,54.26,-45.23,-11.66,-59.09,21.18,-37.19,1
E,2022-10-20 14:29:35.348538,-0.24,0.80,0.42,57.43,-42.24,-11.60,-60.08,20.94,-32.95,1
E,2022-10-20 14:29:35.368743,-0.27,0.73,0.56,49.68,-40.65,-10.56,-60.08,20.94,-32.95,1
E,2022-10-20 14:29:35.399031,-0.39,0.63,0.70,29.60,-22.22,-0.85,-60.50,20.69,-28.25,1
E,2022-10-20 14:29:35.409190,-0.37,0.62,0.77,12.21,-6.10,1.28,-60.50,20.69,-28.25,1
E,2022-10-20 14:29:35.430271,-0.39,0.65,0.75,-3.30,5.74,8.00,-60.50,20.69,-28.25,1
E,2022-10-20 14:29:35.450422,-0.37,0.65,0.67,-13.24,28.14,14.77,-59.39,21.11,-27.82,1
E,2022-10-20 14:29:35.475548,-0.24,0.62,0.64,-23.07,39.06,22.83,-59.39,21.11,-27.82,1
E,2022-10-20 14:29:35.495988,-0.13,0.71,0.52,-37.41,30.21,31.43,-57.93,22.33,-31.48,1
E,2022-10-20 14:29:35.509336,-0.15,0.77,0.40,-35.71,26.43,36.62,-57.93,22.33,-31.48,1
E,2022-10-20 14:29:35.529340,-0.11,0.73,0.36,-32.59,23.99,38.76,-57.93,22.33,-31.48,1
E,2022-10-20 14:29:35.550408,-0.13,0.81,0.28,-40.34,16.85,33.94,-57.40,24.68,-34.02,1
E,2022-10-20 14:29:35.573245,-0.17,0.99,0.14,-38.09,7.63,25.02,-57.40,24.68,-34.02,1
E,2022-10-20 14:29:35.593602,-0.21,1.09,0.09,-22.34,3.78,14.71,-57.40,24.68,-34.02,1
E,2022-10-20 14:29:35.613612,-0.20,1.13,0.11,2.14,-2.56,4.27,-57.42,25.56,-35.47,1
E,2022-10-20 14:29:35.623613,-0.25,1.12,0.15,16.91,-9.52,0.79,-57.42,25.56,-35.47,1
E,2022-10-20 14:29:35.643897,-0.27,1.07,0.18,33.75,-18.07,-0.18,-58.54,26.89,-33.95,1
E,2022-10-20 14:29:35.664344,-0.37,0.97,0.24,42.18,-26.73,-7.39,-58.54,26.89,-33.95,1
E,2022-10-20 14:29:35.684351,-0.35,1.03,0.23,45.72,-31.62,-20.81,-58.54,26.89,-33.95,1
E,2022-10-20 14:29:35.704521,-0.35,0.92,0.34,59.14,-31.01,-22.40,-59.79,26.14,-29.66,1
E,2022-10-20 14:29:35.724975,-0.37,0.78,0.52,55.30,-27.71,-21.61,-59.79,26.14,-29.66,1
E,2022-10-20 14:29:35.744969,-0.35,0.68,0.63,44.56,-22.22,-18.25,-59.55,24.46,-26.95,1
E,2022-10-20 14:29:35.765054,-0.33,0.58,0.72,31.98,-14.22,-8.48,-59.55,24.46,-26.95,1
E,2022-10-20 14:29:35.785255,-0.35,0.49,0.78,3.30,-2.75,6.47,-59.55,24.46,-26.95,1
E,2022-10-20 14:29:35.805470,-0.40,0.52,0.77,-14.89,8.18,14.47,-58.95,24.56,-24.93,1
E,2022-10-20 14:29:35.825708,-0.44,0.59,0.72,-31.31,28.50,19.59,-58.95,24.56,-24.93,1
E,2022-10-20 14:29:35.845728,-0.34,0.63,0.64,-40.41,38.33,24.48,-57.92,25.27,-26.20,1
E,2022-10-20 14:29:35.866484,-0.29,0.77,0.50,-46.51,39.92,28.38,-57.92,25.27,-26.20,1
E,2022-10-20 14:29:35.886536,-0.26,0.80,0.43,-38.51,39.18,30.58,-57.92,25.27,-26.20,1
E,2022-10-20 14:29:35.906605,-0.19,0.82,0.30,-38.45,34.79,26.49,-56.58,28.20,-32.51,1
E,2022-10-20 14:29:35.927088,-0.19,0.88,0.22,-37.78,31.56,25.15,-56.58,28.20,-32.51,1
E,2022-10-20 14:29:35.947174,-0.16,0.97,0.15,-34.42,23.80,22.52,-55.49,29.68,-34.86,1
E,2022-10-20 14:29:35.967402,-0.17,1.02,0.10,-28.20,14.83,18.01,-55.49,29.68,-34.86,1
E,2022-10-20 14:29:35.980227,-0.15,1.06,0.06,-13.12,5.62,12.70,-55.49,29.68,-34.86,1
E,2022-10-20 14:29:36.000426,-0.13,1.04,0.05,6.16,-4.94,8.79,-54.83,30.31,-35.17,1
E,2022-10-20 14:29:36.023250,-0.11,1.03,0.03,7.32,-17.64,1.16,-54.83,30.31,-35.17,1
E,2022-10-20 14:29:36.043411,-0.13,1.09,0.01,10.74,-31.92,-3.36,-54.83,30.31,-35.17,1
E,2022-10-20 14:29:36.065944,-0.13,1.14,-0.01,42.42,-55.30,-1.22,-57.58,30.93,-30.42,1
E,2022-10-20 14:29:36.076622,-0.33,1.18,0.03,76.17,-61.58,0.61,-57.58,30.93,-30.42,1
E,2022-10-20 14:29:36.097107,-0.52,0.95,0.34,120.42,-60.91,2.56,-59.64,30.49,-23.39,1
E,2022-10-20 14:29:36.117270,-0.73,0.46,0.84,116.82,-57.98,-14.16,-59.64,30.49,-23.39,1
E,2022-10-20 14:29:36.137612,-0.73,0.34,1.08,63.84,-39.37,-23.50,-59.64,30.49,-23.39,1
E,2022-10-20 14:29:36.157726,-0.74,0.34,1.19,16.54,-17.52,-21.61,-59.27,28.08,-16.64,1
E,2022-10-20 14:29:36.177756,-0.74,0.25,1.26,-14.22,23.25,-4.15,-59.27,28.08,-16.64,1
E,2022-10-20 14:29:36.198434,-0.65,0.22,1.21,-43.15,48.16,4.39,-58.50,27.84,-19.37,1
E,2022-10-20 14:29:36.218561,-0.55,0.34,1.05,-75.20,66.65,7.39,-58.50,27.84,-19.37,1
E,2022-10-20 14:29:36.238952,-0.35,0.47,0.87,-88.01,88.50,21.18,-58.50,27.84,-19.37,1
E,2022-10-20 14:29:36.259085,-0.31,0.50,0.77,-86.00,92.04,31.49,-57.25,29.69,-30.60,1
E,2022-10-20 14:29:36.279479,-0.30,0.55,0.68,-84.90,96.37,37.60,-57.25,29.69,-30.60,1
E,2022-10-20 14:29:36.289762,-0.32,0.66,0.49,-85.88,108.89,40.16,-57.25,29.69,-30.60,1
E,2022-10-20 14:29:36.310185,-0.16,0.74,0.33,-93.02,111.08,34.79,-49.32,31.64,-42.86,1
E,2022-10-20 14:29:36.330472,-0.08,0.91,0.14,-97.90,104.31,25.94,-49.32,31.64,-42.86,1
E,2022-10-20 14:29:36.350847,0.03,0.96,0.03,-75.07,94.06,30.82,-37.19,27.87,-51.37,1
E,2022-10-20 14:29:36.370814,0.02,0.90,0.01,-60.61,81.30,40.04,-37.19,27.87,-51.37,1
E,2022-10-20 14:29:36.390836,-0.04,0.90,-0.04,-57.01,68.05,36.01,-37.19,27.87,-51.37,1
E,2022-10-20 14:29:36.410837,-0.09,0.90,0.02,-44.74,56.21,36.38,-28.89,26.79,-55.09,1
E,2022-10-20 14:29:36.430768,-0.18,0.93,-0.03,-46.75,49.07,34.61,-28.89,26.79,-55.09,1
E,2022-10-20 14:29:36.451359,-0.15,0.96,-0.03,-39.67,44.13,35.40,-21.40,26.37,-55.26,1
E,2022-10-20 14:29:36.471384,-0.25,0.89,-0.03,-23.13,28.63,43.82,-21.40,26.37,-55.26,1
