d,2022-11-01 19:20:14.973408,0.27,-0.25,0.89,7.08,4.15,-16.60,11.01,9.61,-123.45,1
d,2022-11-01 19:20:14.991475,0.27,-0.35,0.87,18.43,-1.59,-0.92,11.01,9.61,-123.45,1
d,2022-11-01 19:20:15.010540,0.30,-0.35,0.84,21.79,-5.62,12.70,11.76,10.97,-124.27,1
d,2022-11-01 19:20:15.028422,0.29,-0.30,0.86,6.10,-7.81,10.07,11.76,10.97,-124.27,1
d,2022-11-01 19:20:15.046715,0.25,-0.26,0.92,-13.61,-5.55,-0.98,11.76,10.97,-124.27,1
d,2022-11-01 19:20:15.065488,0.25,-0.24,1.00,-13.31,2.38,-0.73,13.85,9.88,-122.96,1
d,2022-11-01 19:20:15.083344,0.28,-0.25,0.95,4.33,2.01,9.52,13.85,9.88,-122.96,1
d,2022-11-01 19:20:15.101392,0.32,-0.26,0.86,1.04,-3.42,14.89,13.85,9.88,-122.96,1
d,2022-11-01 19:20:15.120665,-0.22,-0.20,0.99,-31.74,-15.20,-3.17,16.56,8.14,-119.67,1
d,2022-11-01 19:20:15.138644,0.28,-0.07,1.11,21.91,-13.73,-11.35,16.56,8.14,-119.67,1
d,2022-11-01 19:20:15.157325,0.36,-0.52,0.96,19.35,12.33,27.59,16.09,6.30,-119.02,1
d,2022-11-01 19:20:15.175436,0.30,-0.30,0.92,-21.12,18.01,21.24,16.09,6.30,-119.02,1
d,2022-11-01 19:20:15.193487,0.22,-0.32,0.85,-22.95,4.09,27.89,16.09,6.30,-119.02,1
d,2022-11-01 19:20:15.212486,0.22,-0.29,0.75,-18.31,-5.86,31.31,17.25,2.00,-115.89,1
d,2022-11-01 19:20:15.230483,0.15,-0.14,0.80,-34.73,-16.91,14.71,17.25,2.00,-115.89,1
d,2022-11-01 19:20:15.248883,0.12,-0.05,0.82,-36.87,-14.40,10.13,17.25,2.00,-115.89,1
d,2022-11-01 19:20:15.267729,0.15,0.04,0.80,-31.98,-17.33,9.89,17.20,-2.08,-115.11,1
d,2022-11-01 19:20:15.285708,0.13,-0.03,0.79,-4.94,-28.99,22.71,17.20,-2.08,-115.11,1
d,2022-11-01 19:20:15.304592,0.12,-0.01,0.81,1.40,-36.68,30.21,17.87,-1.49,-116.48,1
d,2022-11-01 19:20:15.322556,0.10,0.04,0.87,-10.07,-27.10,20.51,17.87,-1.49,-116.48,1
d,2022-11-01 19:20:15.341212,0.12,0.01,0.91,-13.92,-23.44,10.07,17.87,-1.49,-116.48,1
d,2022-11-01 19:20:15.359492,0.13,-0.01,0.95,-25.21,-26.43,-3.36,17.74,-0.96,-120.95,1
d,2022-11-01 19:20:15.377657,0.15,0.04,1.01,-32.10,-28.93,-16.60,17.74,-0.96,-120.95,1
d,2022-11-01 19:20:15.395658,0.19,0.10,1.02,-15.08,-24.60,-13.79,17.74,-0.96,-120.95,1
d,2022-11-01 19:20:15.414207,0.16,0.12,1.16,4.15,-15.50,-9.40,15.75,2.45,-127.71,1
d,2022-11-01 19:20:15.432362,0.17,0.14,1.18,18.92,-10.99,-6.96,15.75,2.45,-127.71,1
d,2022-11-01 19:20:15.450333,0.16,0.09,1.21,22.34,-5.00,-25.76,15.75,2.45,-127.71,1
d,2022-11-01 19:20:15.469436,0.23,-0.04,1.22,13.00,18.13,-41.38,13.78,7.04,-130.25,1
d,2022-11-01 19:20:15.487503,0.29,-0.14,1.16,15.01,22.83,-31.43,13.78,7.04,-130.25,1
d,2022-11-01 19:20:15.506559,0.28,-0.18,1.12,37.41,22.83,-14.71,12.92,10.35,-131.96,1
d,2022-11-01 19:20:15.524559,0.19,-0.28,1.03,34.55,22.52,-10.62,12.92,10.35,-131.96,1
d,2022-11-01 19:20:15.542393,0.27,-0.30,1.13,22.40,22.03,-10.86,12.92,10.35,-131.96,1
d,2022-11-01 19:20:15.561592,0.32,-0.32,1.15,14.65,22.64,-9.09,13.17,10.80,-129.63,1
d,2022-11-01 19:20:15.579397,0.27,-0.28,1.01,13.61,31.86,-5.07,13.17,10.80,-129.63,1
d,2022-11-01 19:20:15.597360,0.27,-0.23,1.03,14.83,28.87,3.17,13.17,10.80,-129.63,1
d,2022-11-01 19:20:15.616515,0.27,-0.20,0.95,6.84,33.08,4.58,16.27,7.95,-123.77,1
d,2022-11-01 19:20:15.634523,0.18,-0.20,0.85,-10.99,35.22,3.66,16.27,7.95,-123.77,1
d,2022-11-01 19:20:15.653304,0.17,-0.19,0.80,-19.17,28.63,1.95,15.97,2.33,-120.20,1
d,2022-11-01 19:20:15.671571,0.19,-0.19,0.76,-22.46,18.13,-1.46,15.97,2.33,-120.20,1
d,2022-11-01 19:20:15.689567,0.13,-0.18,0.68,-22.40,11.11,-2.32,15.97,2.33,-120.20,1
d,2022-11-01 19:20:15.708654,0.18,-0.19,0.69,-25.70,-2.08,-1.53,14.89,-2.45,-117.36,1
d,2022-11-01 19:20:15.726798,0.18,-0.11,0.76,-22.71,-18.49,-8.67,14.89,-2.45,-117.36,1
d,2022-11-01 19:20:15.744792,0.18,-0.10,0.75,-32.04,-2.62,-9.22,14.89,-2.45,-117.36,1
d,2022-11-01 19:20:15.763709,-0.14,-0.06,0.22,-49.32,13.55,-0.37,14.40,-4.00,-117.26,1
d,2022-11-01 19:20:15.781674,0.12,-0.09,0.73,-45.23,-30.88,-6.47,14.40,-4.00,-117.26,1
d,2022-11-01 19:20:15.799679,0.16,-0.01,0.77,-38.88,-36.80,-6.29,14.40,-4.00,-117.26,1
d,2022-11-01 19:20:15.818596,0.17,0.01,0.81,-26.49,-36.87,-8.18,14.49,-2.03,-122.45,1
d,2022-11-01 19:20:15.836498,0.20,0.03,0.91,-11.05,-35.95,-6.84,14.49,-2.03,-122.45,1
d,2022-11-01 19:20:15.855500,0.19,0.06,0.92,-4.09,-29.05,-5.55,13.46,2.40,-130.10,1
d,2022-11-01 19:20:15.873344,0.24,0.02,1.12,0.06,-28.50,-6.96,13.46,2.40,-130.10,1
d,2022-11-01 19:20:15.891513,0.24,0.05,1.12,5.13,-21.18,-8.00,13.46,2.40,-130.10,1
d,2022-11-01 19:20:15.910243,0.27,0.03,1.26,5.31,-14.10,-11.47,10.28,6.20,-134.99,1
d,2022-11-01 19:20:15.928152,0.28,0.01,1.27,14.04,0.61,-9.40,10.28,6.20,-134.99,1
d,2022-11-01 19:20:15.946418,0.25,-0.05,1.19,23.80,4.21,-4.09,10.28,6.20,-134.99,1
d,2022-11-01 19:20:15.965354,0.18,-0.07,1.13,12.21,0.12,-10.93,7.53,10.29,-138.85,1
d,2022-11-01 19:20:15.983502,0.05,-0.05,1.22,-12.39,11.96,-16.60,7.53,10.29,-138.85,1
d,2022-11-01 19:20:16.002502,-0.07,-0.03,1.25,11.17,33.57,6.41,7.64,10.08,-138.51,1
d,2022-11-01 19:20:16.020373,0.04,-0.08,1.22,81.60,49.68,56.70,7.64,10.08,-138.51,1
d,2022-11-01 19:20:16.038234,0.19,-0.02,1.00,93.99,52.49,59.45,7.64,10.08,-138.51,1
d,2022-11-01 19:20:16.057122,0.21,0.07,0.89,83.56,50.54,43.40,8.46,12.93,-133.73,1
d,2022-11-01 19:20:16.075311,0.26,0.08,0.85,48.65,47.30,13.73,8.46,12.93,-133.73,1
