V,2022-11-08 13:56:21.220863,-0.21,-0.17,0.79,-3.72,6.77,-0.31,-10.80,21.97,-40.30,1
V,2022-11-08 13:56:21.236722,-0.13,-0.37,0.81,39.18,10.80,11.90,-10.80,21.97,-40.30,1
V,2022-11-08 13:56:21.265003,-0.10,-0.45,0.79,41.75,9.40,16.11,-10.06,23.17,-39.53,1
V,2022-11-08 13:56:21.284516,-0.02,-0.47,0.72,40.41,6.10,20.69,-10.06,23.17,-39.53,1
V,2022-11-08 13:56:21.300979,-0.05,-0.51,0.69,41.20,1.65,29.11,-10.06,23.17,-39.53,1
V,2022-11-08 13:56:21.320428,0.01,-0.67,0.67,41.87,-10.01,42.66,-9.48,25.34,-38.60,1
V,2022-11-08 13:56:21.339319,0.03,-0.75,0.69,23.93,-19.29,52.19,-9.48,25.34,-38.60,1
V,2022-11-08 13:56:21.348778,0.04,-0.69,0.74,-4.64,-26.43,60.36,-9.48,25.34,-38.60,1
V,2022-11-08 13:56:21.376192,0.03,-0.56,0.77,-36.25,-30.15,67.93,-9.61,26.95,-37.39,1
V,2022-11-08 13:56:21.397788,0.05,-0.41,0.89,-34.97,-30.64,69.89,-9.61,26.95,-37.39,1
V,2022-11-08 13:56:21.413215,0.07,-0.40,0.92,-15.87,-36.68,78.31,-9.50,28.49,-38.18,1
V,2022-11-08 13:56:21.440056,0.13,-0.40,0.96,-17.94,-38.21,86.12,-9.50,28.49,-38.18,1
V,2022-11-08 13:56:21.455986,0.11,-0.39,0.98,-32.84,-35.52,89.72,-9.50,28.49,-38.18,1
V,2022-11-08 13:56:21.473985,0.09,-0.29,1.04,-60.12,-24.84,81.60,-8.97,30.36,-37.55,1
V,2022-11-08 13:56:21.487668,0.09,-0.11,1.15,-55.24,-21.18,76.17,-8.97,30.36,-37.55,1
V,2022-11-08 13:56:21.519502,0.10,-0.03,1.19,-47.49,-21.18,76.35,-7.95,30.80,-38.11,1
V,2022-11-08 13:56:21.535609,0.13,0.03,1.17,-40.34,-20.02,76.84,-7.95,30.80,-38.11,1
V,2022-11-08 13:56:21.552948,0.09,0.03,1.16,-41.08,-15.99,69.40,-7.95,30.80,-38.11,1
V,2022-11-08 13:56:21.569648,0.04,0.09,1.18,-37.78,-10.50,58.90,-6.53,31.63,-38.21,1
V,2022-11-08 13:56:21.587297,0.01,0.12,1.17,-14.59,-3.78,55.36,-6.53,31.63,-38.21,1
V,2022-11-08 13:56:21.618881,0.03,0.05,1.13,-6.96,-0.31,56.82,-5.09,31.95,-38.27,1
V,2022-11-08 13:56:21.633880,0.04,0.01,1.08,-14.83,3.66,50.72,-5.09,31.95,-38.27,1
V,2022-11-08 13:56:21.647395,0.05,0.07,1.06,-29.30,8.73,34.91,-5.09,31.95,-38.27,1
V,2022-11-08 13:56:21.663648,0.06,0.21,1.01,-31.19,10.99,30.64,-3.82,31.76,-38.54,1
V,2022-11-08 13:56:21.681326,0.05,0.18,1.00,-19.84,11.66,31.56,-3.82,31.76,-38.54,1
V,2022-11-08 13:56:21.710801,0.08,0.12,0.97,-15.63,10.50,30.94,-3.82,31.76,-38.54,1
V,2022-11-08 13:56:21.726457,0.14,0.11,0.86,-38.15,6.65,19.53,-2.87,31.56,-39.97,1
V,2022-11-08 13:56:21.745564,0.05,0.14,0.89,-48.65,1.53,6.96,-2.87,31.56,-39.97,1
V,2022-11-08 13:56:21.758299,-0.03,0.18,0.88,-47.24,-15.32,-0.67,-2.81,30.76,-41.14,1
V,2022-11-08 13:56:21.789564,0.04,0.23,0.79,-37.17,-45.41,-2.56,-2.81,30.76,-41.14,1
V,2022-11-08 13:56:21.809109,-1.90,0.09,0.46,-30.40,-58.53,-9.09,-2.81,30.76,-41.14,1
V,2022-11-08 13:56:21.830811,-0.05,0.71,1.22,70.92,19.65,1.59,-4.04,29.90,-40.38,1
V,2022-11-08 13:56:21.844787,0.01,-0.76,1.16,83.44,-3.72,16.54,-4.04,29.90,-40.38,1
V,2022-11-08 13:56:21.869707,-0.05,-0.23,0.88,-15.93,-35.28,-28.38,-4.54,30.88,-40.61,1
V,2022-11-08 13:56:21.888578,-0.03,0.07,0.92,-48.89,-46.08,-36.80,-4.54,30.88,-40.61,1
V,2022-11-08 13:56:21.899802,-0.06,0.14,0.90,-34.55,-58.65,-29.17,-4.54,30.88,-40.61,1
V,2022-11-08 13:56:21.915659,-0.11,0.30,0.92,-15.75,-58.65,-19.23,-6.45,29.77,-40.10,1
V,2022-11-08 13:56:21.935285,-0.14,0.22,0.91,12.82,-46.02,-5.55,-6.45,29.77,-40.10,1
V,2022-11-08 13:56:21.962983,-0.14,-0.10,1.12,29.97,-24.17,-0.49,-6.45,29.77,-40.10,1
V,2022-11-08 13:56:21.979736,-0.13,-0.05,1.23,10.74,-15.38,-3.97,-8.23,29.90,-39.93,1
V,2022-11-08 13:56:21.998979,-0.12,0.02,1.31,-4.94,-7.45,-4.09,-8.23,29.90,-39.93,1
V,2022-11-08 13:56:22.011706,-0.15,-0.02,1.23,0.49,-3.91,0.24,-8.17,30.11,-38.96,1
V,2022-11-08 13:56:22.042560,-0.17,-0.02,1.18,9.34,9.46,-11.23,-8.17,30.11,-38.96,1
V,2022-11-08 13:56:22.058589,-0.14,0.22,1.14,18.13,34.55,-18.37,-8.17,30.11,-38.96,1
V,2022-11-08 13:56:22.082509,-0.09,0.05,1.11,37.17,44.43,-9.22,-7.68,29.90,-39.43,1
V,2022-11-08 13:56:22.099442,-0.06,0.02,1.10,29.11,43.09,-6.41,-7.68,29.90,-39.43,1
V,2022-11-08 13:56:22.127807,-0.06,0.00,0.98,31.62,34.00,5.25,-6.97,30.66,-39.44,1
V,2022-11-08 13:56:22.140418,-0.06,-0.08,0.89,33.02,30.46,11.72,-6.97,30.66,-39.44,1
V,2022-11-08 13:56:22.156216,-0.07,-0.09,0.83,26.49,28.75,10.93,-6.97,30.66,-39.44,1
V,2022-11-08 13:56:22.179868,-0.05,-0.12,0.80,25.33,24.66,5.37,-6.04,31.60,-39.58,1
V,2022-11-08 13:56:22.190447,-0.05,-0.28,0.80,9.03,18.80,0.31,-6.04,31.60,-39.58,1
