D,2022-10-20 12:13:56.329205,0.45,0.52,0.58,-40.77,1.71,2.38,1.40,23.14,-21.01,1
D,2022-10-20 12:13:56.347349,0.52,0.50,0.53,-35.83,3.36,6.53,1.40,23.14,-21.01,1
D,2022-10-20 12:13:56.366985,0.51,0.51,0.50,-41.26,1.28,10.19,-1.49,22.66,-20.15,1
D,2022-10-20 12:13:56.386357,0.45,0.55,0.47,-48.89,-1.16,13.85,-1.49,22.66,-20.15,1
D,2022-10-20 12:13:56.406848,0.28,0.66,0.60,-25.27,-5.86,6.53,-1.49,22.66,-20.15,1
D,2022-10-20 12:13:56.424575,0.45,0.88,0.25,-38.76,-1.65,-3.48,-2.87,22.41,-19.89,1
D,2022-10-20 12:13:56.442815,0.46,0.49,0.49,12.82,13.73,0.55,-2.87,22.41,-19.89,1
D,2022-10-20 12:13:56.462481,-0.29,0.71,0.74,-21.97,-12.21,20.02,-2.87,22.41,-19.89,1
D,2022-10-20 12:13:56.482205,0.38,0.52,0.45,37.72,-19.96,42.66,-2.10,22.86,-19.25,1
D,2022-10-20 12:13:56.501294,0.39,0.59,0.42,34.12,-29.11,38.76,-2.10,22.86,-19.25,1
D,2022-10-20 12:13:56.521477,0.43,0.59,0.44,45.90,-26.98,33.57,0.78,23.29,-19.89,1
D,2022-10-20 12:13:56.540225,0.50,0.61,0.47,42.24,-21.85,25.63,0.78,23.29,-19.89,1
D,2022-10-20 12:13:56.559149,0.52,0.69,0.57,24.96,-11.23,15.50,0.78,23.29,-19.89,1
D,2022-10-20 12:13:56.579746,0.49,0.77,0.68,3.66,-2.81,11.96,4.03,23.36,-18.46,1
D,2022-10-20 12:13:56.598650,0.54,0.85,0.69,-6.10,3.97,17.27,4.03,23.36,-18.46,1
D,2022-10-20 12:13:56.618357,0.61,0.73,0.72,1.16,12.27,16.97,6.41,23.66,-18.02,1
D,2022-10-20 12:13:56.637554,0.43,0.83,0.79,-17.15,6.10,11.41,6.41,23.66,-18.02,1
D,2022-10-20 12:13:56.656592,0.61,0.41,0.82,25.15,54.99,1.16,6.41,23.66,-18.02,1
D,2022-10-20 12:13:56.676011,0.64,0.57,0.67,-33.20,40.47,-29.85,5.32,23.71,-19.95,1
D,2022-10-20 12:13:56.694344,0.50,0.80,0.57,-66.41,24.35,-54.14,5.32,23.71,-19.95,1
D,2022-10-20 12:13:56.713907,0.45,1.00,0.49,-25.45,17.52,-40.22,5.32,23.71,-19.95,1
D,2022-10-20 12:13:56.735365,0.43,0.83,0.42,12.82,14.59,-22.58,1.40,23.13,-17.65,1
D,2022-10-20 12:13:56.753177,0.33,0.72,0.44,28.20,9.58,-14.59,1.40,23.13,-17.65,1
D,2022-10-20 12:13:56.771743,0.37,0.65,0.44,25.63,-3.48,-4.15,-2.42,22.55,-19.26,1
D,2022-10-20 12:13:56.791738,0.36,0.54,0.40,4.82,-13.31,-4.27,-2.42,22.55,-19.26,1
D,2022-10-20 12:13:56.810846,0.32,0.57,0.37,-11.66,-24.17,-5.43,-2.42,22.55,-19.26,1
D,2022-10-20 12:13:56.832367,0.32,0.62,0.31,-19.78,-40.77,-6.10,-5.02,21.55,-17.92,1
D,2022-10-20 12:13:56.850816,0.30,0.64,0.29,4.27,-44.98,-0.43,-5.02,21.55,-17.92,1
D,2022-10-20 12:13:56.871834,0.34,0.57,0.33,28.26,-43.15,5.25,-3.80,21.58,-15.60,1
D,2022-10-20 12:13:56.890043,0.35,0.48,0.53,36.32,-32.96,7.69,-3.80,21.58,-15.60,1
D,2022-10-20 12:13:56.910358,0.30,0.42,0.72,36.99,-26.06,10.86,-3.80,21.58,-15.60,1
D,2022-10-20 12:13:56.929274,0.35,0.44,0.78,32.59,-18.92,18.55,0.15,21.97,-12.55,1
D,2022-10-20 12:13:56.948620,0.33,0.41,0.88,33.33,-4.03,32.23,0.15,21.97,-12.55,1
D,2022-10-20 12:13:56.967407,0.39,0.41,0.87,21.61,-1.10,36.50,0.15,21.97,-12.55,1
D,2022-10-20 12:13:56.986900,0.47,0.43,0.81,7.20,3.66,34.12,3.71,22.64,-13.50,1
D,2022-10-20 12:13:57.005880,0.43,0.47,0.78,-13.49,20.75,26.43,3.71,22.64,-13.50,1
D,2022-10-20 12:13:57.026684,0.42,0.65,0.72,-7.20,34.61,33.39,7.12,23.21,-14.94,1
D,2022-10-20 12:13:57.044643,0.47,0.61,0.71,-5.74,40.10,37.78,7.12,23.21,-14.94,1
D,2022-10-20 12:13:57.065743,0.48,0.64,0.65,-16.48,32.78,25.51,7.12,23.21,-14.94,1
D,2022-10-20 12:13:57.085224,0.47,0.77,0.52,-28.44,28.26,17.09,8.65,23.22,-18.33,1
D,2022-10-20 12:13:57.103743,0.48,0.85,0.43,-30.27,25.33,11.60,8.65,23.22,-18.33,1
D,2022-10-20 12:13:57.123300,0.43,1.00,0.34,-31.37,22.71,9.52,9.09,23.28,-20.32,1
D,2022-10-20 12:13:57.143042,0.44,0.96,0.34,-5.37,32.41,22.40,9.09,23.28,-20.32,1
D,2022-10-20 12:13:57.161210,0.37,0.90,0.42,2.81,25.70,13.85,9.09,23.28,-20.32,1
D,2022-10-20 12:13:57.181301,0.38,0.95,0.35,4.88,8.48,-10.62,9.63,22.68,-20.57,1
D,2022-10-20 12:13:57.200631,0.47,1.05,0.31,23.68,-1.28,-28.56,9.63,22.68,-20.57,1
D,2022-10-20 12:13:57.219293,0.52,0.93,0.36,47.06,-2.87,-26.98,9.63,22.68,-20.57,1
D,2022-10-20 12:13:57.241085,0.57,0.81,0.43,55.24,-6.16,-27.04,10.02,22.27,-18.91,1
D,2022-10-20 12:13:57.259511,0.53,0.66,0.55,50.42,-15.20,-27.95,10.02,22.27,-18.91,1
D,2022-10-20 12:13:57.279873,0.48,0.60,0.59,39.18,-17.52,-29.97,8.72,22.14,-16.55,1
D,2022-10-20 12:13:57.300868,0.45,0.55,0.65,27.22,-15.44,-31.43,8.72,22.14,-16.55,1
