t,2022-10-14 15:48:51.419222,0.55,0.56,0.69,4.15,-10.38,4.88,27.39,34.05,-27.83,1
t,2022-10-14 15:48:51.439358,0.50,0.60,0.67,-12.57,-13.85,3.85,28.36,31.20,-27.03,1
t,2022-10-14 15:48:51.457292,0.46,0.67,0.63,-15.50,-10.62,6.41,28.36,31.20,-27.03,1
t,2022-10-14 15:48:51.474514,0.41,0.69,0.63,-6.47,-2.99,12.57,28.36,31.20,-27.03,1
t,2022-10-14 15:48:51.492728,0.41,0.65,0.64,2.38,4.46,16.24,28.93,27.89,-27.53,1
t,2022-10-14 15:48:51.511536,0.40,0.62,0.65,7.39,6.04,14.16,28.93,27.89,-27.53,1
t,2022-10-14 15:48:51.531538,0.43,0.58,0.65,3.23,4.76,10.50,29.75,25.24,-26.72,1
t,2022-10-14 15:48:51.548514,0.44,0.57,0.65,-5.55,-0.31,4.21,29.75,25.24,-26.72,1
t,2022-10-14 15:48:51.566531,0.45,0.59,0.61,-15.26,-3.85,0.98,29.75,25.24,-26.72,1
t,2022-10-14 15:48:51.586284,0.43,0.61,0.58,-21.18,-1.59,4.39,30.48,22.53,-27.09,1
t,2022-10-14 15:48:51.603131,0.39,0.65,0.55,-15.26,3.91,9.52,30.48,22.53,-27.09,1
t,2022-10-14 15:48:51.622033,0.39,0.64,0.56,-6.65,9.83,14.53,30.48,22.53,-27.09,1
t,2022-10-14 15:48:51.640542,0.40,0.63,0.56,-0.12,12.63,18.07,30.97,19.90,-26.37,1
t,2022-10-14 15:48:51.658725,0.43,0.58,0.57,-4.09,11.17,18.19,30.97,19.90,-26.37,1
t,2022-10-14 15:48:51.676914,0.41,0.60,0.57,-27.16,-1.46,6.90,30.97,19.90,-26.37,1
t,2022-10-14 15:48:51.695912,0.39,0.67,0.50,-32.84,-7.57,4.15,29.19,17.08,-24.22,1
t,2022-10-14 15:48:51.715951,0.36,0.70,0.48,-36.01,-10.99,5.86,29.19,17.08,-24.22,1
t,2022-10-14 15:48:51.733428,0.14,0.86,0.51,12.02,-13.73,0.18,27.78,15.04,-24.61,1
t,2022-10-14 15:48:51.751730,0.34,0.86,0.29,12.57,4.76,-0.31,27.78,15.04,-24.61,1
t,2022-10-14 15:48:51.768891,0.38,0.57,0.49,15.32,14.04,-2.56,27.78,15.04,-24.61,1
t,2022-10-14 15:48:51.787758,0.36,0.67,0.55,-8.67,-6.29,0.06,28.09,15.26,-24.16,1
t,2022-10-14 15:48:51.807822,0.21,0.68,0.51,-10.62,-26.61,8.18,28.09,15.26,-24.16,1
t,2022-10-14 15:48:51.824743,0.32,0.65,0.41,3.42,-37.11,21.79,28.09,15.26,-24.16,1
t,2022-10-14 15:48:51.843223,0.39,0.60,0.41,21.61,-13.55,24.05,26.43,17.41,-23.39,1
t,2022-10-14 15:48:51.861538,0.39,0.71,0.48,13.67,-4.21,18.49,26.43,17.41,-23.39,1
t,2022-10-14 15:48:51.879536,0.41,0.76,0.50,15.75,0.67,14.95,26.43,17.41,-23.39,1
t,2022-10-14 15:48:51.899775,0.46,0.79,0.52,12.70,0.98,11.29,24.52,21.33,-23.85,1
t,2022-10-14 15:48:51.917110,0.47,0.84,0.58,8.79,-2.87,3.97,24.52,21.33,-23.85,1
t,2022-10-14 15:48:51.935730,0.46,0.89,0.61,9.09,-10.93,3.54,24.83,23.83,-25.43,1
t,2022-10-14 15:48:51.953517,0.48,0.88,0.55,1.40,-26.31,-0.67,24.83,23.83,-25.43,1
t,2022-10-14 15:48:51.971514,0.47,0.81,0.65,13.24,-21.30,-1.89,24.83,23.83,-25.43,1
t,2022-10-14 15:48:51.993556,0.35,0.88,0.57,13.98,-13.92,-2.44,25.62,23.51,-23.60,1
t,2022-10-14 15:48:52.009515,0.49,0.58,0.79,32.90,0.85,6.04,25.62,23.51,-23.60,1
t,2022-10-14 15:48:52.027757,0.34,0.70,0.69,-8.67,-9.83,-9.40,25.62,23.51,-23.60,1
t,2022-10-14 15:48:52.048259,0.29,0.64,0.74,-6.59,-8.91,-5.25,27.76,22.96,-23.71,1
t,2022-10-14 15:48:52.066313,0.33,0.58,0.76,-15.50,-10.07,2.50,27.76,22.96,-23.71,1
t,2022-10-14 15:48:52.085782,0.28,0.60,0.72,-34.79,-14.22,3.17,28.10,21.61,-24.05,1
t,2022-10-14 15:48:52.102767,0.14,0.79,0.49,-33.87,4.33,-4.03,28.10,21.61,-24.05,1
t,2022-10-14 15:48:52.120518,0.23,0.71,0.63,15.32,39.92,2.01,28.10,21.61,-24.05,1
t,2022-10-14 15:48:52.139846,0.43,0.62,0.66,27.04,45.23,-1.71,29.85,22.49,-24.16,1
t,2022-10-14 15:48:52.157972,0.46,0.62,0.66,7.02,31.31,-10.31,29.85,22.49,-24.16,1
t,2022-10-14 15:48:52.175755,0.45,0.68,0.58,-5.00,21.12,-16.48,29.85,22.49,-24.16,1
t,2022-10-14 15:48:52.195950,0.47,0.69,0.57,-3.42,24.05,-14.59,30.64,22.62,-25.27,1
t,2022-10-14 15:48:52.213085,0.49,0.67,0.56,-4.76,23.93,-10.80,30.64,22.62,-25.27,1
t,2022-10-14 15:48:52.231140,0.51,0.67,0.54,-10.56,20.63,-4.94,30.90,22.20,-25.44,1
t,2022-10-14 15:48:52.250117,0.51,0.66,0.52,-10.56,19.47,3.85,30.90,22.20,-25.44,1
t,2022-10-14 15:48:52.267719,0.52,0.63,0.51,-15.81,16.30,16.11,30.90,22.20,-25.44,1
t,2022-10-14 15:48:52.287063,0.51,0.62,0.50,-24.11,10.86,20.39,29.91,20.47,-26.40,1
t,2022-10-14 15:48:52.304520,0.49,0.63,0.47,-36.68,4.39,24.54,29.91,20.47,-26.40,1
t,2022-10-14 15:48:52.322514,0.47,0.63,0.44,-54.93,-5.98,26.55,29.91,20.47,-26.40,1
t,2022-10-14 15:48:52.341169,-1.89,0.88,0.70,-66.22,-24.05,19.29,26.20,18.38,-23.23,1
t,2022-10-14 15:48:52.359925,0.35,1.29,0.04,-3.78,-7.57,-2.14,26.20,18.38,-23.23,1
t,2022-10-14 15:48:52.380069,0.49,0.42,0.64,93.26,1.59,-9.03,26.20,18.38,-23.23,1
t,2022-10-14 15:48:52.397165,0.47,0.84,0.40,-35.71,-54.87,-46.94,26.79,17.87,-25.33,1
t,2022-10-14 15:48:52.415520,0.36,0.99,0.28,-37.23,-68.05,-44.56,26.79,17.87,-25.33,1
t,2022-10-14 15:48:52.434515,0.34,0.91,0.32,24.84,-32.96,-17.76,29.30,14.31,-22.31,1
t,2022-10-14 15:48:52.452722,0.45,0.66,0.52,47.00,-24.35,-16.48,29.30,14.31,-22.31,1
t,2022-10-14 15:48:52.471688,0.40,0.65,0.58,40.95,-23.38,-19.84,29.30,14.31,-22.31,1
t,2022-10-14 15:48:52.491101,0.29,0.69,0.61,34.97,-17.88,-15.38,32.30,13.33,-22.17,1
t,2022-10-14 15:48:52.508093,0.29,0.55,0.77,30.82,0.18,4.88,32.30,13.33,-22.17,1
t,2022-10-14 15:48:52.526785,0.34,0.52,0.77,0.61,3.72,14.16,32.30,13.33,-22.17,1
t,2022-10-14 15:48:52.545974,0.22,0.53,0.74,-32.71,0.37,14.95,34.56,14.17,-22.81,1
t,2022-10-14 15:48:52.565114,0.03,0.67,0.52,-28.87,6.04,12.94,34.56,14.17,-22.81,1
t,2022-10-14 15:48:52.583515,0.13,0.62,0.57,32.35,41.44,-9.52,34.13,16.08,-24.17,1
t,2022-10-14 15:48:52.601204,0.42,0.55,0.70,40.53,43.27,-16.48,34.13,16.08,-24.17,1
t,2022-10-14 15:48:52.619729,0.42,0.56,0.64,17.70,25.51,-17.40,34.13,16.08,-24.17,1
t,2022-10-14 15:48:52.638520,0.41,0.64,0.57,-3.36,16.05,-18.37,34.83,19.51,-26.50,1
t,2022-10-14 15:48:52.658546,0.43,0.65,0.56,-3.54,14.16,-13.37,34.83,19.51,-26.50,1
