L,2022-11-08 14:35:21.835353,-0.08,0.25,0.90,1.40,3.17,-3.85,2.84,-13.10,-42.63,1
L,2022-11-08 14:35:21.850878,-0.10,0.25,0.91,2.14,5.49,-5.98,2.84,-13.10,-42.63,1
L,2022-11-08 14:35:21.882112,-0.11,0.23,0.89,-0.31,6.41,-4.64,2.84,-13.10,-42.63,1
L,2022-11-08 14:35:21.897873,-0.11,0.24,0.89,-3.66,4.82,-2.14,3.64,-12.79,-43.82,1
L,2022-11-08 14:35:21.913467,-0.10,0.26,0.88,-1.77,5.13,-0.55,3.64,-12.79,-43.82,1
L,2022-11-08 14:35:21.928982,-0.08,0.25,0.88,1.95,5.55,-0.67,3.64,-12.79,-43.82,1
L,2022-11-08 14:35:21.960230,-0.07,0.24,0.85,0.37,2.99,-4.21,5.87,-13.33,-43.35,1
L,2022-11-08 14:35:21.975961,-0.08,0.27,0.85,1.28,2.93,-2.32,5.87,-13.33,-43.35,1
L,2022-11-08 14:35:21.991605,-0.07,0.23,0.84,1.89,0.85,5.49,7.06,-14.15,-42.26,1
L,2022-11-08 14:35:22.023277,-0.12,0.61,0.86,63.78,5.80,2.26,7.06,-14.15,-42.26,1
L,2022-11-08 14:35:22.038373,-0.14,0.04,0.82,66.96,9.22,17.88,7.06,-14.15,-42.26,1
L,2022-11-08 14:35:22.054132,-0.12,-0.02,0.70,23.99,18.55,6.65,7.74,-13.38,-43.77,1
L,2022-11-08 14:35:22.069763,-0.11,0.29,1.00,-41.26,12.82,-6.35,7.74,-13.38,-43.77,1
L,2022-11-08 14:35:22.100914,-0.14,0.31,0.81,-18.74,-21.00,7.02,7.25,-13.75,-43.66,1
L,2022-11-08 14:35:22.116636,-0.13,0.22,0.70,-0.49,-33.81,24.17,7.25,-13.75,-43.66,1
L,2022-11-08 14:35:22.132232,-0.14,0.30,0.78,-2.38,-33.51,26.18,7.25,-13.75,-43.66,1
L,2022-11-08 14:35:22.163369,-0.15,0.25,0.84,6.23,-34.97,34.91,5.62,-14.95,-44.48,1
L,2022-11-08 14:35:22.179115,-0.16,0.24,0.88,6.29,-32.78,31.86,5.62,-14.95,-44.48,1
L,2022-11-08 14:35:22.194764,-0.16,0.33,0.96,3.78,-28.87,21.24,3.60,-15.10,-44.08,1
L,2022-11-08 14:35:22.210247,-0.20,0.37,1.03,9.95,-19.35,13.24,3.60,-15.10,-44.08,1
L,2022-11-08 14:35:22.241480,-0.20,0.38,1.07,7.81,-13.85,9.28,3.60,-15.10,-44.08,1
L,2022-11-08 14:35:22.257240,-0.20,0.35,1.05,1.10,-10.62,5.98,2.22,-16.02,-43.66,1
L,2022-11-08 14:35:22.272853,-0.21,0.35,1.03,-2.62,-6.65,-1.34,2.22,-16.02,-43.66,1
L,2022-11-08 14:35:22.303986,-0.20,0.36,1.00,-3.60,-5.25,-7.57,2.67,-15.81,-43.29,1
L,2022-11-08 14:35:22.319599,-0.20,0.39,0.90,-1.83,-2.75,-22.52,2.67,-15.81,-43.29,1
L,2022-11-08 14:35:22.335336,-0.21,0.43,0.90,0.61,-0.43,-30.88,2.67,-15.81,-43.29,1
L,2022-11-08 14:35:22.350989,-0.22,0.42,0.96,18.37,-1.04,-12.51,4.85,-15.93,-43.98,1
L,2022-11-08 14:35:22.382130,-0.23,0.16,0.99,38.15,-0.98,2.50,4.85,-15.93,-43.98,1
L,2022-11-08 14:35:22.397823,-0.23,0.00,1.01,28.14,0.67,6.84,6.90,-13.56,-44.20,1
L,2022-11-08 14:35:22.413447,-0.23,-0.03,1.00,-2.75,1.34,3.78,6.90,-13.56,-44.20,1
L,2022-11-08 14:35:22.444725,-0.21,0.10,0.98,-19.53,0.37,3.30,6.90,-13.56,-44.20,1
L,2022-11-08 14:35:22.460354,-0.24,0.23,0.88,-32.17,0.06,-3.36,6.93,-14.25,-44.04,1
L,2022-11-08 14:35:22.476108,-0.39,0.36,0.87,-36.01,15.81,1.95,6.93,-14.25,-44.04,1
L,2022-11-08 14:35:22.507230,-0.35,0.40,0.97,-18.19,23.74,6.29,6.90,-14.66,-42.30,1
L,2022-11-08 14:35:22.522862,-0.26,0.42,0.93,1.46,22.89,2.14,6.90,-14.66,-42.30,1
L,2022-11-08 14:35:22.538584,-0.21,0.39,0.94,12.82,23.93,1.28,6.90,-14.66,-42.30,1
L,2022-11-08 14:35:22.554200,-0.15,0.31,0.96,14.59,20.69,-1.59,7.14,-12.37,-43.23,1
L,2022-11-08 14:35:22.585339,-0.13,0.30,0.96,12.39,16.17,-3.60,7.14,-12.37,-43.23,1
L,2022-11-08 14:35:22.601068,-0.10,0.30,0.95,13.24,12.76,-3.91,7.97,-10.56,-43.68,1
L,2022-11-08 14:35:22.616692,-0.12,0.32,0.93,10.13,9.16,-5.00,7.97,-10.56,-43.68,1
L,2022-11-08 14:35:22.632327,-0.12,0.35,0.92,10.31,8.85,-6.41,7.97,-10.56,-43.68,1
L,2022-11-08 14:35:22.663486,-0.13,0.37,0.92,14.47,9.22,-6.41,8.73,-8.61,-42.99,1
L,2022-11-08 14:35:22.679201,-0.09,0.30,0.93,21.36,10.74,-4.88,8.73,-8.61,-42.99,1
L,2022-11-08 14:35:22.694827,-0.09,0.25,0.96,20.14,8.85,-2.93,9.68,-6.93,-43.35,1
