R,2022-10-27 10:14:40.622172,0.04,-0.20,0.90,-18.55,21.36,-0.79,-133.48,73.78,-146.94,1
R,2022-10-27 10:14:40.641078,0.03,-0.16,0.90,-21.00,17.70,0.24,-137.38,74.12,-155.42,1
R,2022-10-27 10:14:40.659051,-0.00,-0.11,0.91,-9.95,15.26,5.74,-137.38,74.12,-155.42,1
R,2022-10-27 10:14:40.677030,0.00,-0.15,0.91,-2.69,14.47,7.08,-137.38,74.12,-155.42,1
R,2022-10-27 10:14:40.696237,0.01,-0.18,0.93,-3.48,14.95,6.59,-141.06,77.72,-161.01,1
R,2022-10-27 10:14:40.713926,0.03,-0.19,0.91,-5.74,13.12,8.00,-141.06,77.72,-161.01,1
R,2022-10-27 10:14:40.732093,0.01,-0.18,0.90,-11.29,10.68,11.41,-141.06,77.72,-161.01,1
R,2022-10-27 10:14:40.751084,0.00,-0.12,0.84,-15.81,9.34,12.57,-142.29,83.73,-168.59,1
R,2022-10-27 10:14:40.769089,0.01,-0.08,0.80,-18.68,3.97,10.25,-142.29,83.73,-168.59,1
R,2022-10-27 10:14:40.787061,0.00,-0.04,0.75,-21.24,-2.56,6.16,-142.29,83.73,-168.59,1
R,2022-10-27 10:14:40.806209,-0.35,0.16,1.06,-27.34,-5.25,-11.05,-143.87,90.06,-173.69,1
R,2022-10-27 10:14:40.823967,0.01,-0.07,0.62,17.82,3.91,0.00,-143.87,90.06,-173.69,1
R,2022-10-27 10:14:40.843047,0.00,0.03,0.59,11.78,-14.28,0.61,-145.59,89.77,-169.89,1
R,2022-10-27 10:14:40.861248,-0.01,-0.01,0.66,17.46,-37.96,-2.32,-145.59,89.77,-169.89,1
R,2022-10-27 10:14:40.879075,-0.00,-0.06,0.72,17.64,-45.96,-6.59,-145.59,89.77,-169.89,1
R,2022-10-27 10:14:40.898175,-0.03,-0.05,0.80,15.14,-49.01,-8.30,-151.14,88.00,-150.65,1
R,2022-10-27 10:14:40.916097,-0.04,-0.09,0.96,18.37,-49.50,-7.32,-151.14,88.00,-150.65,1
R,2022-10-27 10:14:40.934272,-0.06,-0.12,1.14,17.27,-46.69,-5.86,-151.14,88.00,-150.65,1
R,2022-10-27 10:14:40.953244,-0.07,-0.15,1.26,15.75,-42.05,-3.05,-148.34,87.49,-129.16,1
R,2022-10-27 10:14:40.970993,-0.09,-0.19,1.38,14.22,-35.89,5.74,-148.34,87.49,-129.16,1
R,2022-10-27 10:14:40.990024,-0.13,-0.27,1.47,11.84,-21.48,10.86,-140.91,89.40,-119.87,1
R,2022-10-27 10:14:41.008171,-0.23,-0.22,1.50,16.42,-0.24,12.39,-140.91,89.40,-119.87,1
R,2022-10-27 10:14:41.026011,-0.05,-0.27,1.34,12.94,25.76,5.25,-140.91,89.40,-119.87,1
R,2022-10-27 10:14:41.045139,0.02,-0.25,1.25,-6.47,37.72,-1.77,-139.70,86.30,-125.71,1
R,2022-10-27 10:14:41.062982,0.11,-0.20,1.14,-23.44,48.46,-1.95,-139.70,86.30,-125.71,1
R,2022-10-27 10:14:41.081059,0.14,-0.15,1.01,-26.25,48.83,0.67,-139.70,86.30,-125.71,1
R,2022-10-27 10:14:41.100052,0.14,-0.13,0.94,-25.88,41.32,3.78,-144.08,84.90,-143.40,1
R,2022-10-27 10:14:41.118076,0.09,-0.08,0.91,-17.33,31.80,12.02,-144.08,84.90,-143.40,1
R,2022-10-27 10:14:41.136013,-0.68,0.17,0.69,-14.65,9.16,4.70,-144.08,84.90,-143.40,1
R,2022-10-27 10:14:41.154801,0.05,-0.02,0.76,38.21,38.33,6.77,-148.02,89.47,-156.01,1
R,2022-10-27 10:14:41.173126,-0.01,-0.00,0.86,2.08,35.58,-8.30,-148.02,89.47,-156.01,1
R,2022-10-27 10:14:41.191995,0.02,-0.01,0.78,0.98,28.32,-6.35,-147.83,88.16,-171.48,1
R,2022-10-27 10:14:41.210156,0.02,-0.04,0.73,-0.79,19.78,-7.45,-147.83,88.16,-171.48,1
R,2022-10-27 10:14:41.227922,0.00,-0.10,0.66,4.64,4.88,-4.76,-147.83,88.16,-171.48,1
R,2022-10-27 10:14:41.247088,0.01,-0.11,0.66,11.96,-2.14,-3.36,-151.10,84.05,-175.51,1
R,2022-10-27 10:14:41.265186,0.01,-0.10,0.62,-3.97,-2.87,-19.29,-151.10,84.05,-175.51,1
R,2022-10-27 10:14:41.283312,-0.01,-0.11,0.65,-2.99,-17.40,-26.92,-151.10,84.05,-175.51,1
R,2022-10-27 10:14:41.302107,-0.03,-0.15,0.69,28.08,-34.36,-19.71,-160.03,75.94,-170.41,1
R,2022-10-27 10:14:41.320292,-0.04,-0.26,0.84,25.94,-37.96,-9.52,-160.03,75.94,-170.41,1
R,2022-10-27 10:14:41.339015,-0.07,-0.36,0.96,28.75,-43.15,-2.50,-164.56,72.73,-151.71,1
R,2022-10-27 10:14:41.356993,-0.07,-0.44,1.09,23.25,-40.89,5.80,-164.56,72.73,-151.71,1
R,2022-10-27 10:14:41.375077,-0.06,-0.46,1.22,13.18,-28.63,16.72,-164.56,72.73,-151.71,1
R,2022-10-27 10:14:41.394010,-0.00,-0.32,1.28,-11.84,-19.10,20.63,-156.45,81.16,-137.73,1
R,2022-10-27 10:14:41.412375,-0.01,-0.14,1.26,-24.11,-9.22,18.86,-156.45,81.16,-137.73,1
R,2022-10-27 10:14:41.429880,0.01,-0.01,1.22,-26.61,-3.60,13.18,-156.45,81.16,-137.73,1
R,2022-10-27 10:14:41.449116,0.02,0.10,1.13,-22.52,-0.37,7.39,-145.98,91.19,-136.84,1
R,2022-10-27 10:14:41.467148,0.02,0.13,0.98,-7.81,0.00,-0.43,-145.98,91.19,-136.84,1
R,2022-10-27 10:14:41.485316,-0.01,0.12,0.87,6.10,-3.72,-0.79,-145.98,91.19,-136.84,1
R,2022-10-27 10:14:41.504023,-0.04,0.06,0.86,25.63,-7.81,2.69,-145.41,93.55,-138.40,1
R,2022-10-27 10:14:41.522075,-0.01,0.08,0.81,35.77,-3.48,0.61,-145.41,93.55,-138.40,1
R,2022-10-27 10:14:41.540921,-0.00,0.11,0.71,-12.15,-5.37,-43.27,-151.66,88.23,-135.69,1
R,2022-10-27 10:14:41.559190,-0.04,0.07,0.69,-1.22,-16.17,-46.94,-151.66,88.23,-135.69,1
R,2022-10-27 10:14:41.577275,-0.04,0.06,0.66,8.79,-20.51,-39.61,-151.66,88.23,-135.69,1
R,2022-10-27 10:14:41.596049,-0.04,0.05,0.67,24.35,-29.91,-36.50,-161.12,72.55,-128.78,1
R,2022-10-27 10:14:41.614200,-0.10,-0.06,0.79,36.44,-41.38,-37.17,-161.12,72.55,-128.78,1
R,2022-10-27 10:14:41.632035,-0.18,-0.31,0.97,34.00,-40.47,-35.10,-161.12,72.55,-128.78,1
R,2022-10-27 10:14:41.651133,-0.25,-0.53,1.12,25.51,-40.04,-27.22,-163.75,58.26,-118.90,1
R,2022-10-27 10:14:41.669277,-0.52,-0.61,1.32,19.90,-41.38,-11.72,-163.75,58.26,-118.90,1
R,2022-10-27 10:14:41.688113,-0.59,-0.64,1.39,30.70,-29.48,0.31,-159.35,52.67,-118.82,1
R,2022-10-27 10:14:41.706169,-0.44,-0.75,1.22,-0.67,6.04,-5.62,-159.35,52.67,-118.82,1
R,2022-10-27 10:14:41.724061,-0.22,-0.73,1.06,-18.01,13.61,3.23,-159.35,52.67,-118.82,1
R,2022-10-27 10:14:41.743025,-0.17,-0.63,0.94,-27.34,12.39,16.54,-144.90,58.46,-121.33,1
R,2022-10-27 10:14:41.761139,-0.17,-0.53,0.86,-30.15,9.83,27.83,-144.90,58.46,-121.33,1
R,2022-10-27 10:14:41.779124,-0.16,-0.53,0.80,-20.39,2.20,43.95,-144.90,58.46,-121.33,1
R,2022-10-27 10:14:41.798045,-0.18,-0.59,0.75,-17.33,-5.68,53.59,-119.26,79.48,-121.36,1
R,2022-10-27 10:14:41.816150,-0.18,-0.60,0.71,-22.52,-11.47,61.71,-119.26,79.48,-121.36,1
