J,2022-10-21 10:45:00.807875,0.31,-0.91,0.17,-18.13,-1.65,-3.42,35.67,-16.83,-49.04,1
J,2022-10-21 10:45:00.826537,0.33,-0.92,0.18,-14.59,-4.76,-2.93,34.95,-17.47,-46.92,1
J,2022-10-21 10:45:00.844868,0.33,-0.96,0.19,-16.11,-7.02,-2.69,34.95,-17.47,-46.92,1
J,2022-10-21 10:45:00.863555,0.30,-0.94,0.21,-20.26,-8.24,-2.26,34.73,-17.55,-46.14,1
J,2022-10-21 10:45:00.881567,0.27,-0.93,0.25,-20.94,-7.63,1.04,34.73,-17.55,-46.14,1
J,2022-10-21 10:45:00.899622,0.26,-0.92,0.29,-19.84,-6.23,5.55,34.73,-17.55,-46.14,1
J,2022-10-21 10:45:00.918469,0.31,-0.88,0.32,-10.80,-6.29,7.87,35.01,-18.12,-47.52,1
J,2022-10-21 10:45:00.936543,0.35,-0.90,0.31,-4.58,-6.84,9.22,35.01,-18.12,-47.52,1
J,2022-10-21 10:45:00.954601,0.37,-0.88,0.30,-4.27,-8.36,7.08,35.01,-18.12,-47.52,1
J,2022-10-21 10:45:00.973587,0.34,-0.89,0.29,-5.62,-8.61,4.21,34.89,-19.06,-46.35,1
J,2022-10-21 10:45:00.991657,0.30,-0.89,0.29,-6.71,-7.26,-0.85,34.89,-19.06,-46.35,1
J,2022-10-21 10:45:01.009554,0.30,-0.90,0.30,-9.95,-1.22,-3.72,34.89,-19.06,-46.35,1
J,2022-10-21 10:45:01.028565,-0.11,-0.81,0.40,-13.00,0.98,-4.09,34.95,-19.71,-47.25,1
J,2022-10-21 10:45:01.046469,0.33,-0.77,0.42,-2.44,0.06,5.43,34.95,-19.71,-47.25,1
J,2022-10-21 10:45:01.065480,0.33,-0.89,0.36,12.88,-5.25,10.31,35.89,-19.80,-46.12,1
J,2022-10-21 10:45:01.083442,0.32,-0.92,0.33,12.33,-7.39,8.54,35.89,-19.80,-46.12,1
J,2022-10-21 10:45:01.101470,0.31,-0.88,0.33,11.54,2.38,6.71,35.89,-19.80,-46.12,1
J,2022-10-21 10:45:01.120600,0.26,-0.91,0.40,3.23,22.77,-3.78,35.52,-19.54,-44.89,1
J,2022-10-21 10:45:01.138667,0.33,-0.86,0.44,-2.44,38.70,-14.40,35.52,-19.54,-44.89,1
J,2022-10-21 10:45:01.156478,0.36,-0.80,0.44,5.31,51.51,-19.90,35.52,-19.54,-44.89,1
J,2022-10-21 10:45:01.175492,0.36,-0.86,0.36,21.85,59.57,-18.07,34.55,-19.43,-43.51,1
J,2022-10-21 10:45:01.193450,0.31,-0.95,0.28,27.71,51.45,-18.01,34.55,-19.43,-43.51,1
J,2022-10-21 10:45:01.211616,0.30,-1.00,0.16,11.23,30.70,-15.44,34.55,-19.43,-43.51,1
J,2022-10-21 10:45:01.230469,0.28,-0.93,0.15,2.08,10.50,-8.24,32.58,-18.03,-41.22,1
J,2022-10-21 10:45:01.248483,0.28,-0.92,0.15,8.79,-15.32,13.61,32.58,-18.03,-41.22,1
J,2022-10-21 10:45:01.267383,0.35,-1.05,0.05,9.34,-32.78,27.65,33.58,-17.60,-42.04,1
J,2022-10-21 10:45:01.285514,0.36,-1.08,0.10,-21.61,-23.01,16.54,33.58,-17.60,-42.04,1
J,2022-10-21 10:45:01.303524,0.37,-0.89,0.26,-23.68,-17.21,7.14,33.58,-17.60,-42.04,1
J,2022-10-21 10:45:01.322595,0.43,-0.93,0.26,-19.78,-17.52,4.94,33.19,-17.43,-41.37,1
J,2022-10-21 10:45:01.340634,0.40,-0.88,0.30,-26.12,-11.78,-5.62,33.19,-17.43,-41.37,1
J,2022-10-21 10:45:01.358702,0.38,-0.82,0.37,-24.41,-6.65,-15.63,33.19,-17.43,-41.37,1
J,2022-10-21 10:45:01.377390,0.20,-0.65,0.52,0.55,7.57,5.68,33.33,-17.37,-43.43,1
J,2022-10-21 10:45:01.395514,0.33,-0.81,0.38,32.04,-3.91,20.32,33.33,-17.37,-43.43,1
J,2022-10-21 10:45:01.413478,0.30,-1.00,0.22,33.75,-6.65,23.44,33.33,-17.37,-43.43,1
J,2022-10-21 10:45:01.432576,0.20,-1.09,0.19,19.04,-7.87,-1.89,34.41,-18.14,-40.98,1
J,2022-10-21 10:45:01.450600,0.29,-0.82,0.26,4.76,-13.18,-24.84,34.41,-18.14,-40.98,1
J,2022-10-21 10:45:01.469461,0.26,-0.88,0.24,16.42,-18.86,-23.68,35.62,-17.60,-40.87,1
J,2022-10-21 10:45:01.487471,0.26,-0.84,0.27,20.75,-21.06,-26.79,35.62,-17.60,-40.87,1
J,2022-10-21 10:45:01.505696,0.26,-0.86,0.25,25.09,-22.46,-23.62,35.62,-17.60,-40.87,1
J,2022-10-21 10:45:01.524474,0.26,-0.88,0.24,25.39,-21.73,-19.71,37.83,-17.19,-43.03,1
J,2022-10-21 10:45:01.542598,0.25,-0.93,0.25,24.11,-19.78,-17.88,37.83,-17.19,-43.03,1
J,2022-10-21 10:45:01.560565,0.24,-0.93,0.26,23.86,-22.83,-20.69,37.83,-17.19,-43.03,1
J,2022-10-21 10:45:01.579459,0.27,-0.94,0.23,19.59,-23.68,-21.24,40.10,-16.55,-45.80,1
J,2022-10-21 10:45:01.597569,0.29,-0.95,0.22,16.97,-18.13,-13.31,40.10,-16.55,-45.80,1
J,2022-10-21 10:45:01.615543,0.26,-1.01,0.24,12.88,-12.21,-5.43,40.10,-16.55,-45.80,1
J,2022-10-21 10:45:01.634476,0.26,-1.02,0.24,9.95,-9.34,-3.05,42.98,-17.18,-45.37,1
J,2022-10-21 10:45:01.652464,0.27,-1.00,0.24,8.30,-3.72,2.08,42.98,-17.18,-45.37,1
J,2022-10-21 10:45:01.671394,0.25,-1.06,0.21,7.69,-2.93,0.92,44.18,-16.82,-46.83,1
J,2022-10-21 10:45:01.689489,0.26,-1.05,0.20,3.23,-4.27,-1.04,44.18,-16.82,-46.83,1
J,2022-10-21 10:45:01.707592,0.27,-1.02,0.20,-1.89,-7.69,0.12,44.18,-16.82,-46.83,1
J,2022-10-21 10:45:01.726466,0.27,-1.02,0.20,-3.11,-14.77,4.46,45.50,-16.91,-48.44,1
J,2022-10-21 10:45:01.744605,0.26,-1.04,0.16,-9.09,-14.53,13.55,45.50,-16.91,-48.44,1
J,2022-10-21 10:45:01.762514,0.30,-1.02,0.21,-16.24,-14.59,19.53,45.50,-16.91,-48.44,1
J,2022-10-21 10:45:01.781605,0.27,-1.03,0.24,-24.11,-9.64,23.07,46.77,-17.98,-50.59,1
J,2022-10-21 10:45:01.799550,0.28,-0.97,0.33,-29.66,-6.65,26.31,46.77,-17.98,-50.59,1
J,2022-10-21 10:45:01.817580,0.28,-0.99,0.35,-27.95,-6.16,30.46,46.77,-17.98,-50.59,1
J,2022-10-21 10:45:01.836462,0.28,-0.95,0.42,-31.86,-4.82,29.36,46.44,-19.78,-52.03,1
J,2022-10-21 10:45:01.854547,0.21,-1.01,0.37,-22.83,-1.77,23.56,46.44,-19.78,-52.03,1
J,2022-10-21 10:45:01.873489,0.23,-0.88,0.43,-34.85,10.68,3.97,45.94,-19.76,-53.72,1
J,2022-10-21 10:45:01.891577,0.15,-0.81,0.44,-27.77,19.96,6.10,45.94,-19.76,-53.72,1
J,2022-10-21 10:45:01.909485,-0.12,-0.95,0.48,-6.84,32.84,19.35,45.94,-19.76,-53.72,1
J,2022-10-21 10:45:01.928415,-0.10,-0.85,0.51,10.19,34.97,25.45,43.68,-19.14,-52.65,1
J,2022-10-21 10:45:01.946450,0.10,-0.93,0.33,56.64,31.19,54.08,43.68,-19.14,-52.65,1
J,2022-10-21 10:45:01.964434,0.32,-1.03,0.17,58.29,28.93,54.20,43.68,-19.14,-52.65,1
J,2022-10-21 10:45:01.983311,0.41,-1.01,0.11,41.75,26.61,40.59,40.71,-17.19,-53.75,1
J,2022-10-21 10:45:02.001469,0.44,-0.92,0.10,29.72,19.59,29.66,40.71,-17.19,-53.75,1
J,2022-10-21 10:45:02.019467,0.47,-0.87,0.07,27.16,10.68,26.12,40.71,-17.19,-53.75,1
J,2022-10-21 10:45:02.038475,0.49,-0.88,0.00,25.94,-6.59,24.66,37.99,-14.44,-55.43,1
J,2022-10-21 10:45:02.056472,0.57,-0.91,-0.05,20.51,-17.70,22.22,37.99,-14.44,-55.43,1
J,2022-10-21 10:45:02.075459,0.54,-0.98,-0.07,8.61,-26.92,16.72,36.88,-13.70,-57.26,1
J,2022-10-21 10:45:02.093706,0.49,-0.98,-0.03,-8.67,-36.80,7.57,36.88,-13.70,-57.26,1
