I,2022-11-05 15:22:12.728991,0.253798,9.385749,-2.820513,0.666064,0.013166,0.160122,-16.077438,-8.271242,-39.394115,1
I,2022-11-05 15:22:12.808898,-0.138871,8.274784,-2.322494,0.379370,0.117297,0.412860,-2.143658,2.157715,-31.791744,1
I,2022-11-05 15:22:12.905158,0.253798,8.911673,-1.800531,0.306665,-0.050085,0.561733,0.178638,13.126101,-30.582275,1
I,2022-11-05 15:22:13.001477,3.452615,14.064258,3.323321,-0.225043,0.270298,0.917004,-0.357276,16.902101,-30.409494,1
I,2022-11-05 15:22:13.096808,4.266685,9.031390,-3.390362,-0.197612,-0.215603,0.014845,0.357276,18.700199,-29.718368,1
I,2022-11-05 15:22:13.192790,-1.374342,9.989119,-1.814897,-0.034757,0.085471,-0.513535,0.357276,18.700199,-29.718368,1
I,2022-11-05 15:22:13.288551,0.818859,10.582911,-1.235471,-0.143416,0.271496,0.263188,6.966890,19.958866,-25.053276,1
I,2022-11-05 15:22:13.369615,1.331244,8.815900,-2.288974,0.284294,0.060038,0.307664,2.858211,19.419437,-26.953868,1
I,2022-11-05 15:22:13.464543,1.019982,7.795918,-1.647295,-0.443692,0.272029,0.115114,2.858211,19.419437,-26.953868,1
I,2022-11-05 15:22:13.561381,1.925036,10.247706,-2.078273,-0.372052,0.269499,-0.144148,2.500935,17.621341,-25.226057,1
I,2022-11-05 15:22:13.657241,2.557138,11.392192,-2.399112,-0.158064,0.151119,0.258927,2.858211,11.507815,-20.042621,1
I,2022-11-05 15:22:13.752456,2.274607,13.216668,0.823647,-0.191487,0.460983,-0.301144,-0.535915,6.293336,-19.178714,1
I,2022-11-05 15:22:13.847726,-0.181969,7.762397,-3.519656,0.058721,0.606926,0.501678,-3.572764,8.990481,-24.189369,1
I,2022-11-05 15:22:13.944154,3.543599,10.118412,-1.594620,0.218114,0.563516,-0.922336,-3.572764,8.990481,-24.189369,1
I,2022-11-05 15:22:14.024360,-0.210700,9.969964,-1.039137,-0.154868,-0.488848,-0.749627,-4.108679,9.889529,-21.252088,1
I,2022-11-05 15:22:14.120324,0.105350,9.725744,-1.441383,-0.010922,-0.384317,1.291850,8.038720,8.091432,-21.252088,1
I,2022-11-05 15:22:14.216288,-1.125332,9.084065,-2.269819,0.512397,0.505991,-0.609676,2.858211,7.552003,-26.262744,1
I,2022-11-05 15:22:14.312525,-2.978539,8.207742,-1.642506,-0.207466,1.229183,-0.686110,2.858211,7.552003,-26.262744,1
I,2022-11-05 15:22:14.408688,1.297723,8.997869,-1.757434,-0.042348,1.009869,0.535234,-7.681443,-1.977906,-41.985836,1
I,2022-11-05 15:22:14.504120,2.298551,8.322669,-2.236298,-0.218252,0.992691,-0.383437,-0.535915,-14.564579,-76.542076,1
