h,2022-11-12 10:45:44.430528,5.296244,6.541292,-4.257108,-0.221854,0.013842,-0.213341,-10.361017,-76.239273,6.220124,1
h,2022-11-12 10:45:44.526346,4.261896,6.373690,-2.327283,-0.155141,0.150597,0.551930,13.933780,-71.204605,30.063930,1
h,2022-11-12 10:45:44.622002,7.719300,6.847766,-3.907536,-0.848239,1.389785,-0.111740,-6.252337,-87.567276,27.472213,1
h,2022-11-12 10:45:44.718295,7.939578,10.582911,-3.375996,0.268441,0.252065,-1.014299,-59.307884,-98.535659,-89.846229,1
h,2022-11-12 10:45:44.813928,3.720779,6.560447,-4.769493,0.534762,-0.547428,0.554593,-59.307884,-98.535659,-89.846229,1
h,2022-11-12 10:45:44.910109,5.545254,5.511733,-2.073484,0.034213,-0.322920,0.230215,-25.545263,-80.015274,-34.383460,1
h,2022-11-12 10:45:45.006100,2.873188,6.344958,-2.174046,-0.761552,-0.185632,-0.641451,-22.508413,-83.431655,-4.837874,1
h,2022-11-12 10:45:45.102070,4.826957,20.682168,6.574813,-0.980467,1.353033,-1.923383,-43.409084,-64.551643,-51.661582,1
h,2022-11-12 10:45:45.197706,-5.095121,4.855689,-7.862959,2.031214,0.996297,1.235441,19.114288,-31.826299,-52.352706,1
h,2022-11-12 10:45:45.293662,9.706589,-0.814070,-5.047235,1.260218,2.218707,1.320796,19.114288,-31.826299,-52.352706,1
