A,2022-10-19 10:57:04.046821,-0.22,-0.45,0.96,-18.31,-11.84,1.16,44.41,-36.38,-126.11,1
A,2022-10-19 10:57:04.066815,-0.23,-0.45,0.99,-15.38,-6.84,4.70,44.41,-36.38,-126.11,1
A,2022-10-19 10:57:04.086801,-0.21,-0.37,1.00,-12.27,-4.03,5.31,44.41,-36.38,-126.11,1
A,2022-10-19 10:57:04.107462,-0.19,-0.34,0.98,-11.78,-0.37,2.14,44.75,-36.74,-123.91,1
A,2022-10-19 10:57:04.127046,-0.21,-0.34,1.00,-9.34,5.13,-0.92,44.75,-36.74,-123.91,1
A,2022-10-19 10:57:04.147044,-0.18,-0.35,0.95,-1.59,8.91,-0.37,44.81,-36.95,-122.51,1
A,2022-10-19 10:57:04.167033,-0.12,-0.40,0.87,6.96,9.40,3.42,44.81,-36.95,-122.51,1
A,2022-10-19 10:57:04.187055,-0.11,-0.43,0.83,3.17,7.45,3.42,44.65,-36.98,-120.46,1
A,2022-10-19 10:57:04.207031,-0.09,-0.43,0.77,-4.39,1.46,6.10,44.65,-36.98,-120.46,1
A,2022-10-19 10:57:04.227091,-0.09,-0.40,0.76,-5.92,-3.85,8.85,44.65,-36.98,-120.46,1
A,2022-10-19 10:57:04.247077,-0.09,-0.36,0.76,-19.47,-8.18,1.46,45.62,-38.33,-119.13,1
A,2022-10-19 10:57:04.270605,-0.14,-0.33,0.81,-24.35,-8.91,-3.30,45.62,-38.33,-119.13,1
A,2022-10-19 10:57:04.287409,-0.16,-0.32,0.83,-24.60,-8.42,-3.97,48.32,-39.49,-118.63,1
A,2022-10-19 10:57:04.308297,-0.19,-0.30,0.79,-22.89,-8.73,-2.62,48.32,-39.49,-118.63,1
A,2022-10-19 10:57:04.327894,-0.20,-0.28,0.74,-21.42,-9.16,-4.46,48.32,-39.49,-118.63,1
A,2022-10-19 10:57:04.348078,-0.17,-0.28,0.67,-18.19,-19.84,-9.28,51.39,-40.98,-118.96,1
A,2022-10-19 10:57:04.368075,-0.26,-0.18,0.95,34.18,9.16,-0.92,51.39,-40.98,-118.96,1
A,2022-10-19 10:57:04.388074,-0.20,-0.33,0.61,44.19,-0.43,5.74,52.45,-41.61,-122.49,1
A,2022-10-19 10:57:04.408067,-0.22,-0.33,0.62,8.06,-22.89,-10.31,52.45,-41.61,-122.49,1
A,2022-10-19 10:57:04.428062,-0.21,-0.33,0.61,11.23,-37.35,-6.47,52.45,-41.61,-122.49,1
A,2022-10-19 10:57:04.448202,-0.23,-0.32,0.70,11.23,-51.39,-7.75,52.23,-39.75,-127.98,1
A,2022-10-19 10:57:04.468208,-0.26,-0.34,0.79,20.69,-56.09,-3.60,52.23,-39.75,-127.98,1
A,2022-10-19 10:57:04.488201,-0.27,-0.40,0.92,19.84,-57.07,-1.65,50.05,-37.39,-134.88,1
A,2022-10-19 10:57:04.508597,-0.30,-0.39,1.09,5.55,-53.34,-3.66,50.05,-37.39,-134.88,1
A,2022-10-19 10:57:04.528605,-0.34,-0.39,1.26,-5.92,-39.43,0.49,50.05,-37.39,-134.88,1
A,2022-10-19 10:57:04.549272,-0.37,-0.41,1.32,-11.60,-28.87,2.69,48.10,-34.20,-137.94,1
A,2022-10-19 10:57:04.568782,-0.39,-0.41,1.35,-22.52,-10.13,3.78,48.10,-34.20,-137.94,1
A,2022-10-19 10:57:04.588775,-0.42,-0.40,1.37,-16.97,-3.11,3.66,47.42,-33.62,-138.60,1
A,2022-10-19 10:57:04.608843,-0.51,-0.35,1.35,0.06,38.15,5.80,47.42,-33.62,-138.60,1
A,2022-10-19 10:57:04.628759,-0.29,-0.37,1.17,9.95,54.32,9.22,47.42,-33.62,-138.60,1
A,2022-10-19 10:57:04.648754,-0.27,-0.38,1.09,-3.36,64.09,3.05,47.68,-36.08,-136.49,1
A,2022-10-19 10:57:04.668745,-0.21,-0.36,1.02,-10.07,68.36,3.85,47.68,-36.08,-136.49,1
A,2022-10-19 10:57:04.688739,-0.13,-0.37,0.84,-19.90,62.74,2.01,49.71,-38.59,-130.14,1
A,2022-10-19 10:57:04.708807,-0.12,-0.33,0.74,-18.19,45.41,3.85,49.71,-38.59,-130.14,1
A,2022-10-19 10:57:04.728727,-0.12,-0.32,0.70,-13.24,35.77,6.59,49.71,-38.59,-130.14,1
A,2022-10-19 10:57:04.749232,-0.12,-0.29,0.63,-15.50,26.67,5.19,50.24,-39.48,-123.07,1
A,2022-10-19 10:57:04.768794,-0.16,-0.24,0.63,-25.09,15.75,-2.44,50.24,-39.48,-123.07,1
A,2022-10-19 10:57:04.789304,-0.16,-0.22,0.61,-26.79,11.90,-6.10,51.46,-40.39,-118.10,1
A,2022-10-19 10:57:04.808832,-0.71,-0.30,0.76,-15.75,-4.76,-9.22,51.46,-40.39,-118.10,1
A,2022-10-19 10:57:04.828826,-0.22,-0.20,0.74,46.63,-5.31,8.30,51.46,-40.39,-118.10,1
A,2022-10-19 10:57:04.848859,-0.16,-0.15,0.47,37.54,14.34,19.53,52.66,-40.61,-117.26,1
A,2022-10-19 10:57:04.868806,-0.20,-0.20,0.63,1.04,-24.96,-26.06,52.66,-40.61,-117.26,1
A,2022-10-19 10:57:04.889780,-0.20,-0.14,0.63,2.44,-32.90,-24.96,54.02,-39.20,-120.85,1
A,2022-10-19 10:57:04.909293,-0.21,-0.12,0.71,10.38,-39.12,-36.56,54.02,-39.20,-120.85,1
A,2022-10-19 10:57:04.929356,-0.23,-0.20,0.73,26.61,-39.73,-34.73,54.02,-39.20,-120.85,1
A,2022-10-19 10:57:04.949280,-0.23,-0.28,0.82,36.44,-42.54,-31.74,56.42,-35.30,-128.22,1
A,2022-10-19 10:57:04.969292,-0.28,-0.36,1.02,39.37,-41.63,-27.10,56.42,-35.30,-128.22,1
A,2022-10-19 10:57:04.989265,-0.27,-0.44,1.06,36.93,-34.73,-22.83,55.13,-30.81,-136.28,1
A,2022-10-19 10:57:05.009263,-0.33,-0.61,1.15,13.31,-26.06,-24.05,55.13,-30.81,-136.28,1
A,2022-10-19 10:57:05.029258,-0.33,-0.66,1.17,-3.54,-19.47,-17.70,55.13,-30.81,-136.28,1
A,2022-10-19 10:57:05.049251,-0.38,-0.66,1.18,-16.72,-8.85,-6.16,54.04,-27.55,-140.59,1
A,2022-10-19 10:57:05.069341,-0.47,-0.63,1.18,-15.08,-0.24,2.14,54.04,-27.55,-140.59,1
A,2022-10-19 10:57:05.089233,-0.42,-0.61,1.11,3.60,12.70,15.08,53.14,-28.58,-138.18,1
A,2022-10-19 10:57:05.109268,-0.26,-0.56,0.93,8.36,22.64,26.06,53.14,-28.58,-138.18,1
A,2022-10-19 10:57:05.129221,-0.23,-0.50,0.89,-2.75,22.77,28.81,53.14,-28.58,-138.18,1
A,2022-10-19 10:57:05.149263,-0.19,-0.46,0.79,-5.74,19.53,37.17,52.19,-31.36,-135.96,1
A,2022-10-19 10:57:05.169208,-0.10,-0.32,0.69,-11.11,10.50,39.98,52.19,-31.36,-135.96,1
A,2022-10-19 10:57:05.189226,-0.11,-0.25,0.71,-17.03,-1.34,35.40,50.06,-35.35,-132.54,1
A,2022-10-19 10:57:05.209189,-0.07,-0.11,0.68,-27.47,-10.99,18.01,50.06,-35.35,-132.54,1
A,2022-10-19 10:57:05.229185,-0.19,-0.05,0.79,-43.40,-16.05,-0.92,50.06,-35.35,-132.54,1
A,2022-10-19 10:57:05.249745,-0.35,0.08,1.09,10.56,3.66,-29.60,49.79,-37.89,-132.74,1
A,2022-10-19 10:57:05.259332,-0.25,-0.36,0.91,79.41,1.46,17.40,49.79,-37.89,-132.74,1
A,2022-10-19 10:57:05.279414,-0.27,-0.07,1.00,45.47,9.16,8.06,49.79,-37.89,-132.74,1
A,2022-10-19 10:57:05.299739,-0.28,-0.07,1.02,18.01,24.66,-28.38,51.05,-37.95,-133.37,1
A,2022-10-19 10:57:05.319828,-0.22,-0.26,0.89,7.87,32.96,-50.29,51.05,-37.95,-133.37,1
A,2022-10-19 10:57:05.339957,-0.25,-0.38,0.85,20.69,26.92,-40.41,54.36,-34.44,-134.68,1
A,2022-10-19 10:57:05.360021,-0.22,-0.52,0.78,35.89,16.97,-20.81,54.36,-34.44,-134.68,1
A,2022-10-19 10:57:05.380067,-0.26,-0.69,0.77,33.51,7.63,-10.74,54.36,-34.44,-134.68,1
A,2022-10-19 10:57:05.400054,-0.25,-0.84,0.70,28.63,-2.75,7.87,56.41,-31.60,-133.96,1
A,2022-10-19 10:57:05.420754,-0.28,-0.58,0.82,-25.94,-10.56,-0.24,56.41,-31.60,-133.96,1
A,2022-10-19 10:57:05.440350,-0.44,-0.74,0.89,-53.96,-2.81,-3.05,56.27,-31.60,-132.85,1
A,2022-10-19 10:57:05.460342,-0.44,-0.63,0.85,14.71,-5.74,45.17,56.27,-31.60,-132.85,1
A,2022-10-19 10:57:05.480340,-0.43,-0.64,0.81,15.38,-1.34,37.72,56.27,-31.60,-132.85,1
A,2022-10-19 10:57:05.500372,-0.37,-0.68,0.71,24.84,0.73,44.49,50.78,-34.09,-132.56,1
A,2022-10-19 10:57:05.520263,-0.30,-0.67,0.61,25.39,-4.88,48.40,50.78,-34.09,-132.56,1
A,2022-10-19 10:57:05.540310,-0.27,-0.62,0.58,12.88,-10.25,49.68,40.14,-35.31,-131.64,1
A,2022-10-19 10:57:05.560309,-0.22,-0.56,0.59,1.22,-10.25,47.12,40.14,-35.31,-131.64,1
A,2022-10-19 10:57:05.580335,-0.17,-0.47,0.60,-4.70,-12.33,42.91,40.14,-35.31,-131.64,1
A,2022-10-19 10:57:05.602035,-0.08,-0.43,0.58,3.78,-17.15,43.09,29.19,-33.17,-130.75,1
A,2022-10-19 10:57:05.620592,-0.00,-0.49,0.57,10.19,-27.71,44.01,29.19,-33.17,-130.75,1
A,2022-10-19 10:57:05.640659,0.02,-0.56,0.55,-5.68,-36.80,44.86,18.37,-29.85,-133.11,1
A,2022-10-19 10:57:05.660649,-0.03,-0.52,0.62,-18.80,-46.45,51.39,18.37,-29.85,-133.11,1
A,2022-10-19 10:57:05.680655,-0.08,-0.44,0.72,-26.92,-56.21,51.88,9.14,-23.69,-131.07,1
A,2022-10-19 10:57:05.700564,-0.08,-0.38,0.75,-41.81,-57.74,48.65,9.14,-23.69,-131.07,1
A,2022-10-19 10:57:05.720561,-0.11,-0.36,0.85,-63.66,-62.13,41.87,9.14,-23.69,-131.07,1
A,2022-10-19 10:57:05.740619,-0.20,-0.25,0.96,-78.74,-62.50,42.36,1.16,-15.73,-128.44,1
A,2022-10-19 10:57:05.760629,-0.30,-0.16,1.00,-91.43,-58.29,39.12,1.16,-15.73,-128.44,1
A,2022-10-19 10:57:05.780625,-0.37,-0.08,1.14,-97.84,-43.88,33.75,1.16,-15.73,-128.44,1
A,2022-10-19 10:57:05.806886,-0.40,-0.06,1.11,-105.96,-36.32,14.10,-3.74,-4.38,-124.74,1
A,2022-10-19 10:57:05.821131,-0.90,0.37,1.31,36.68,-4.15,7.08,-3.74,-4.38,-124.74,1
A,2022-10-19 10:57:05.841230,-0.46,-0.54,0.99,56.88,12.76,-16.66,-4.74,5.33,-123.55,1
A,2022-10-19 10:57:05.861125,-0.55,-0.07,1.15,-38.51,-0.49,-6.96,-4.74,5.33,-123.55,1
A,2022-10-19 10:57:05.881119,-0.37,-0.06,1.02,37.41,10.50,6.59,-4.74,5.33,-123.55,1
