e,2022-11-01 17:07:12.132153,0.770972,9.993907,-0.330417,0.216932,-0.164474,0.571733,24.473434,-86.128799,-99.003639,1
e,2022-11-01 17:07:12.228206,2.480519,9.840671,-1.158853,0.862759,-0.182051,-0.623511,20.186117,-81.453750,-93.129074,1
e,2022-11-01 17:07:12.324905,-1.948979,8.298727,-2.571504,0.063665,-0.583928,-0.576106,-13.576504,-44.233161,-62.201236,1
e,2022-11-01 17:07:12.431950,-2.102216,8.207742,-1.585042,-0.259514,0.085334,0.347226,-13.576504,-44.233161,-62.201236,1
e,2022-11-01 17:07:12.531757,1.939402,10.592489,-0.847591,-0.253522,-0.180720,-0.004450,-33.941257,-52.864021,-68.766921,1
e,2022-11-01 17:07:12.627596,-2.581081,10.309958,-1.245048,0.460216,-0.253558,-0.152524,-56.985588,-42.614875,-69.285263,1
e,2022-11-01 17:07:12.723760,-1.714336,6.613122,-0.220278,-0.021025,0.753265,0.081704,-52.340995,-31.826299,-49.242645,1
e,2022-11-01 17:07:12.819823,4.606679,11.540640,-0.579426,-0.819319,0.172954,-0.011108,-42.158615,-59.696788,-91.228477,1
e,2022-11-01 17:07:12.915261,-3.165296,10.367423,-0.603370,0.250622,-0.717754,-0.505931,-42.158615,-59.696788,-91.228477,1
e,2022-11-01 17:07:13.011098,0.086196,9.821516,-0.282530,0.227452,-0.485257,0.849772,-76.814430,-31.646490,-64.274612,1
e,2022-11-01 17:07:13.106456,-0.105350,9.922078,-0.498019,-0.056312,0.113564,-0.152657,-79.851280,-28.949346,-64.792953,1
e,2022-11-01 17:07:13.198127,0.081407,9.902923,-0.483653,0.116796,0.016491,0.042156,-79.672637,-28.769535,-64.965736,1
e,2022-11-01 17:07:13.298079,-0.052675,9.878980,-0.536328,0.040495,0.080274,-0.112177,-79.672637,-28.769535,-64.965736,1
