y,2022-10-18 16:25:54.380442,0.50,0.63,-0.53,-2.50,-17.64,20.32,7.42,35.89,-19.03,1
y,2022-10-18 16:25:54.399358,0.50,0.66,-0.47,-9.77,-5.37,17.03,4.93,34.39,-18.76,1
y,2022-10-18 16:25:54.417594,0.48,0.68,-0.48,-13.31,-1.89,16.85,4.93,34.39,-18.76,1
y,2022-10-18 16:25:54.435213,0.41,0.73,-0.54,-16.91,1.28,12.82,4.93,34.39,-18.76,1
y,2022-10-18 16:25:54.454297,0.39,0.73,-0.56,-17.33,18.62,5.62,3.38,33.00,-20.47,1
y,2022-10-18 16:25:54.472672,0.41,0.73,-0.49,-13.43,39.49,0.31,3.38,33.00,-20.47,1
y,2022-10-18 16:25:54.490324,0.32,0.72,-0.42,-23.32,29.05,6.41,3.38,33.00,-20.47,1
y,2022-10-18 16:25:54.509225,0.32,0.67,-0.56,-29.11,8.91,5.62,2.67,32.54,-19.92,1
y,2022-10-18 16:25:54.527339,0.34,0.64,-0.59,-24.72,-0.43,4.46,2.67,32.54,-19.92,1
y,2022-10-18 16:25:54.546351,0.43,0.59,-0.66,-28.02,-1.59,10.31,1.11,32.59,-20.78,1
y,2022-10-18 16:25:54.564418,0.43,0.53,-0.67,-33.45,1.04,19.47,1.11,32.59,-20.78,1
y,2022-10-18 16:25:54.582569,-0.90,0.49,-0.64,-1.95,-4.70,16.54,1.11,32.59,-20.78,1
y,2022-10-18 16:25:54.601195,0.30,0.50,-0.76,14.71,3.11,-0.18,0.72,33.24,-22.14,1
y,2022-10-18 16:25:54.619329,0.41,0.52,-0.51,10.25,3.72,-5.55,0.72,33.24,-22.14,1
y,2022-10-18 16:25:54.637551,-0.01,0.67,-0.64,-9.89,-6.23,-0.73,0.72,33.24,-22.14,1
y,2022-10-18 16:25:54.656228,0.16,0.63,-0.75,-1.89,5.31,25.39,0.99,33.31,-21.90,1
y,2022-10-18 16:25:54.674364,0.22,0.62,-0.68,-3.54,16.30,40.28,0.99,33.31,-21.90,1
y,2022-10-18 16:25:54.692147,0.40,0.46,-0.77,8.54,30.46,51.27,0.99,33.31,-21.90,1
y,2022-10-18 16:25:54.711219,0.39,0.51,-0.74,25.15,25.21,36.07,3.33,33.40,-20.75,1
y,2022-10-18 16:25:54.729903,0.37,0.65,-0.75,29.60,8.85,31.92,3.33,33.40,-20.75,1
y,2022-10-18 16:25:54.749182,0.45,0.64,-0.77,27.16,-3.48,38.39,5.55,33.35,-21.11,1
y,2022-10-18 16:25:54.767150,0.40,0.70,-0.87,37.66,-8.30,25.02,5.55,33.35,-21.11,1
y,2022-10-18 16:25:54.785132,0.49,0.73,-0.77,49.99,0.37,16.11,5.55,33.35,-21.11,1
y,2022-10-18 16:25:54.804125,0.45,0.73,-0.69,54.63,1.10,4.58,6.42,33.54,-20.68,1
y,2022-10-18 16:25:54.822409,0.51,0.73,-0.53,47.00,-10.07,-4.64,6.42,33.54,-20.68,1
y,2022-10-18 16:25:54.840384,0.57,0.64,-0.50,3.97,-43.88,-10.99,6.42,33.54,-20.68,1
y,2022-10-18 16:25:54.859368,0.35,0.70,-0.75,-10.86,-43.64,-28.02,4.39,33.91,-20.36,1
y,2022-10-18 16:25:54.877798,0.36,0.76,-0.63,-11.35,-32.84,-29.30,4.39,33.91,-20.36,1
y,2022-10-18 16:25:54.896549,0.30,0.77,-0.69,-14.34,-33.33,-20.87,2.71,33.17,-21.67,1
y,2022-10-18 16:25:54.914542,0.24,0.78,-0.63,-12.76,-22.95,-8.97,2.71,33.17,-21.67,1
y,2022-10-18 16:25:54.932424,0.21,0.68,-0.57,-1.53,-2.87,-2.56,2.71,33.17,-21.67,1
y,2022-10-18 16:25:54.951281,0.19,0.74,-0.43,2.32,17.27,8.00,1.56,32.53,-20.90,1
y,2022-10-18 16:25:54.969323,0.37,0.42,-0.47,-16.17,3.60,9.40,1.56,32.53,-20.90,1
y,2022-10-18 16:25:54.987592,0.10,0.59,-0.62,-34.97,-4.09,-2.93,1.56,32.53,-20.90,1
y,2022-10-18 16:25:55.006394,0.10,0.74,-0.65,-24.60,21.79,7.75,2.71,33.51,-21.56,1
y,2022-10-18 16:25:55.024443,0.25,0.62,-0.59,-15.87,35.46,22.09,2.71,33.51,-21.56,1
y,2022-10-18 16:25:55.042243,0.26,0.66,-0.58,-24.72,29.48,38.33,2.71,33.51,-21.56,1
y,2022-10-18 16:25:55.061210,0.13,0.61,-0.66,-28.02,24.54,39.73,4.57,32.01,-20.94,1
y,2022-10-18 16:25:55.079167,0.26,0.62,-0.58,0.43,39.67,41.87,4.57,32.01,-20.94,1
y,2022-10-18 16:25:55.098178,0.38,0.64,-0.55,2.38,38.57,41.69,8.40,32.35,-21.31,1
y,2022-10-18 16:25:55.116308,0.38,0.64,-0.61,-4.64,31.92,34.24,8.40,32.35,-21.31,1
y,2022-10-18 16:25:55.134898,0.38,0.75,-0.66,-8.00,29.36,17.70,8.40,32.35,-21.31,1
y,2022-10-18 16:25:55.153625,0.43,0.76,-0.69,-12.94,29.54,7.63,11.57,31.87,-20.78,1
y,2022-10-18 16:25:55.171345,0.55,0.64,-0.73,-14.28,37.84,-16.66,11.57,31.87,-20.78,1
y,2022-10-18 16:25:55.189806,0.61,0.60,-0.78,-12.63,40.41,-52.98,11.57,31.87,-20.78,1
y,2022-10-18 16:25:55.208356,0.52,0.81,-0.83,-7.45,22.95,-75.56,13.00,32.91,-22.80,1
y,2022-10-18 16:25:55.227132,0.07,0.87,-0.79,-36.07,-17.70,-43.88,13.00,32.91,-22.80,1
y,2022-10-18 16:25:55.245826,0.43,0.37,-1.35,-28.38,-23.74,9.89,13.00,32.91,-22.80,1
y,2022-10-18 16:25:55.265123,0.25,0.53,-1.12,6.23,0.79,-25.21,12.35,34.67,-21.20,1
y,2022-10-18 16:25:55.283222,0.28,0.54,-0.96,19.65,18.80,-19.23,12.35,34.67,-21.20,1
y,2022-10-18 16:25:55.302398,0.26,0.51,-0.80,17.33,18.31,-11.47,10.38,33.83,-20.90,1
y,2022-10-18 16:25:55.320652,-0.14,0.38,-0.97,29.48,-5.19,-20.51,10.38,33.83,-20.90,1
y,2022-10-18 16:25:55.338310,0.06,0.51,-0.80,73.06,-1.46,-46.88,10.38,33.83,-20.90,1
y,2022-10-18 16:25:55.357272,0.20,0.62,-0.66,78.19,-7.93,-45.23,10.03,32.80,-21.23,1
y,2022-10-18 16:25:55.375365,0.30,0.62,-0.62,70.68,-13.06,-33.02,10.03,32.80,-21.23,1
