B,2022-11-12 16:13:04.203233,5.597929,7.173394,6.009752,-0.082487,-1.674732,-0.253932,-18.042459,6.652955,-54.771644,1
B,2022-11-12 16:13:04.299940,2.911498,5.741588,4.817379,-0.010315,-0.120620,0.763411,-21.436584,19.779056,-22.807119,1
B,2022-11-12 16:13:04.395253,3.495712,0.938575,3.988943,-0.937242,0.232786,0.590169,-20.900669,30.387823,-13.995279,1
B,2022-11-12 16:13:04.490997,8.538159,5.406383,9.586873,-1.268278,1.884904,0.116785,-50.018695,23.015628,-61.510112,1
B,2022-11-12 16:13:04.571434,9.510254,7.355362,12.440906,0.018315,-0.900006,0.171248,-50.018695,23.015628,-61.510112,1
B,2022-11-12 16:13:04.667139,3.878804,3.313744,4.975405,0.641104,-0.851936,-0.080957,-50.197334,16.362672,-50.970458,1
B,2022-11-12 16:13:04.763505,4.774281,1.273780,3.826129,-0.117109,-0.902803,-0.641295,-26.259815,31.466680,-12.958592,1
B,2022-11-12 16:13:04.859248,2.092639,8.662664,6.933961,-0.440954,1.230555,-0.374043,-48.768230,23.914676,12.958592,1
B,2022-11-12 16:13:04.955034,11.234168,0.732663,6.852554,0.503284,0.814297,1.961319,-48.768230,23.914676,12.958592,1
B,2022-11-12 16:13:05.050737,7.154239,1.039137,4.893998,-0.418983,-0.804664,-0.461129,-38.943130,14.025149,-32.828430,1
B,2022-11-12 16:13:05.147945,2.748684,8.174221,8.179010,-0.728580,1.065037,-0.849158,-60.736988,23.015628,-1.727812,1
B,2022-11-12 16:13:05.242692,7.135085,4.156546,8.648298,0.095148,0.263680,0.780855,-68.775711,25.353153,-46.478145,1
B,2022-11-12 16:13:05.322712,4.889209,4.185278,6.852554,0.487305,0.546645,-0.134621,-68.775711,25.353153,-46.478145,1
B,2022-11-12 16:13:05.418494,4.285840,4.716818,8.519004,0.749364,-1.053407,-0.070970,-50.554611,18.520389,-65.484077,1
