H,2022-10-19 15:20:04.652781,0.69,0.82,0.27,13.85,-21.06,-11.54,4.05,8.56,-47.96,1
H,2022-10-19 15:20:04.675293,0.60,0.80,0.32,3.48,-30.15,-11.54,3.03,7.50,-49.23,1
H,2022-10-19 15:20:04.692730,0.59,0.80,0.31,-6.59,-17.88,-11.47,3.03,7.50,-49.23,1
H,2022-10-19 15:20:04.713724,0.62,0.77,0.30,-8.97,-12.57,-9.83,1.90,5.58,-49.04,1
H,2022-10-19 15:20:04.732024,0.64,0.76,0.27,-10.01,-10.62,-5.25,1.90,5.58,-49.04,1
H,2022-10-19 15:20:04.747609,0.60,0.78,0.26,-6.41,-6.84,-1.65,1.90,5.58,-49.04,1
H,2022-10-19 15:20:04.767745,0.58,0.74,0.26,-0.67,-1.22,2.81,1.56,3.22,-46.67,1
H,2022-10-19 15:20:04.785547,0.60,0.72,0.34,-0.18,4.21,6.84,1.56,3.22,-46.67,1
H,2022-10-19 15:20:04.804800,0.59,0.68,0.38,-18.37,2.56,13.31,1.56,3.22,-46.67,1
H,2022-10-19 15:20:04.822542,0.56,0.68,0.32,-31.49,4.64,28.75,0.87,0.71,-47.94,1
H,2022-10-19 15:20:04.842008,0.50,0.69,0.27,-36.87,1.34,23.99,0.87,0.71,-47.94,1
H,2022-10-19 15:20:04.859031,0.50,0.67,0.20,-29.54,-11.84,9.46,0.87,0.71,-47.94,1
H,2022-10-19 15:20:04.877245,0.51,0.70,0.15,-23.86,-17.03,-2.87,0.59,-1.60,-46.13,1
H,2022-10-19 15:20:04.895775,0.50,0.75,0.17,-25.27,-8.67,0.73,0.59,-1.60,-46.13,1
H,2022-10-19 15:20:04.914448,0.51,0.73,0.17,-14.95,3.17,12.76,-0.85,-3.80,-44.98,1
H,2022-10-19 15:20:04.932708,0.45,0.70,0.24,-14.83,0.55,17.52,0.00,0.00,0.00,1
H,2022-10-19 15:20:04.951060,0.44,0.76,0.11,-0.49,-3.54,17.88,0.00,0.00,0.00,1
H,2022-10-19 15:20:04.969451,0.48,0.74,0.14,14.95,-0.79,11.23,-0.02,-4.27,-45.42,1
H,2022-10-19 15:20:04.989269,0.53,0.75,0.05,31.01,4.70,9.77,-0.02,-4.27,-45.42,1
H,2022-10-19 15:20:05.008965,0.35,0.77,0.27,37.54,8.79,12.27,-0.02,-4.27,-45.42,1
H,2022-10-19 15:20:05.025871,0.42,0.68,0.27,43.40,-1.28,23.13,-0.10,-2.75,-45.85,1
H,2022-10-19 15:20:05.042702,0.44,0.65,0.21,26.18,-3.42,25.21,-0.10,-2.75,-45.85,1
H,2022-10-19 15:20:05.061007,0.46,0.67,0.18,21.55,-1.71,22.28,-0.10,-2.75,-45.85,1
H,2022-10-19 15:20:05.079449,0.47,0.70,0.20,21.42,1.22,18.80,-0.63,-1.07,-47.06,1
H,2022-10-19 15:20:05.097617,0.45,0.72,0.22,25.88,4.33,15.20,-0.63,-1.07,-47.06,1
H,2022-10-19 15:20:05.116839,0.46,0.71,0.26,32.04,4.58,14.77,-1.35,1.49,-47.14,1
H,2022-10-19 15:20:05.134957,0.44,0.75,0.25,23.56,5.37,14.59,-1.35,1.49,-47.14,1
H,2022-10-19 15:20:05.152734,0.51,0.77,0.31,24.54,7.14,15.99,-1.35,1.49,-47.14,1
H,2022-10-19 15:20:05.173809,0.46,0.80,0.29,15.01,6.90,19.23,-1.35,3.64,-47.30,1
H,2022-10-19 15:20:05.192343,0.47,0.87,0.34,35.71,6.10,28.93,-1.35,3.64,-47.30,1
H,2022-10-19 15:20:05.208528,0.51,0.74,0.37,23.93,5.37,27.47,-1.35,3.64,-47.30,1
H,2022-10-19 15:20:05.226886,0.48,0.83,0.34,12.39,3.05,23.99,-2.14,6.32,-48.63,1
H,2022-10-19 15:20:05.244746,0.48,0.88,0.32,13.43,2.56,26.31,0.00,0.00,0.00,1
H,2022-10-19 15:20:05.262261,0.54,0.82,0.26,21.48,5.00,29.24,0.00,0.00,0.00,1
H,2022-10-19 15:20:05.281733,0.52,0.89,0.33,22.95,5.37,24.41,-2.40,8.29,-48.45,1
H,2022-10-19 15:20:05.299723,0.54,0.82,0.37,22.40,4.21,19.65,-2.40,8.29,-48.45,1
H,2022-10-19 15:20:05.318975,0.53,0.89,0.39,3.11,2.44,15.99,-2.71,8.81,-48.82,1
H,2022-10-19 15:20:05.336848,0.54,0.87,0.38,-0.67,1.65,13.37,-2.71,8.81,-48.82,1
H,2022-10-19 15:20:05.355537,0.44,0.92,0.44,-10.68,2.62,13.12,-2.71,8.81,-48.82,1
H,2022-10-19 15:20:05.375874,0.49,0.85,0.32,-15.69,-2.32,20.26,-2.72,8.63,-48.89,1
H,2022-10-19 15:20:05.393269,0.41,0.75,0.10,-12.02,9.64,-33.81,-2.72,8.63,-48.89,1
H,2022-10-19 15:20:05.411300,0.52,0.84,0.35,3.78,28.44,-55.42,-2.72,8.63,-48.89,1
H,2022-10-19 15:20:05.431879,0.51,0.86,0.49,-13.18,19.47,-53.59,-1.86,7.64,-49.67,1
H,2022-10-19 15:20:05.449793,0.52,0.83,0.38,-21.91,7.14,-45.47,-1.86,7.64,-49.67,1
H,2022-10-19 15:20:05.469787,0.53,0.80,0.39,-18.74,11.72,-36.38,-0.42,4.65,-49.19,1
H,2022-10-19 15:20:05.493332,0.54,0.75,0.36,-19.29,10.93,-20.45,-0.42,4.65,-49.19,1
H,2022-10-19 15:20:05.509197,0.53,0.66,0.34,-28.26,12.27,1.22,-0.42,4.65,-49.19,1
H,2022-10-19 15:20:05.528350,0.50,0.64,0.36,-41.93,7.26,9.64,0.52,3.06,-49.13,1
H,2022-10-19 15:20:05.545909,0.47,0.70,0.29,-54.63,-4.39,15.87,0.52,3.06,-49.13,1
H,2022-10-19 15:20:05.563667,0.42,0.77,0.15,-62.26,-12.08,11.72,0.52,3.06,-49.13,1
H,2022-10-19 15:20:05.582640,0.33,0.95,-0.03,-30.09,-8.06,-4.21,-0.57,0.96,-45.80,1
H,2022-10-19 15:20:05.601651,0.47,0.92,-0.05,11.41,0.67,6.53,-0.57,0.96,-45.80,1
H,2022-10-19 15:20:05.620702,0.40,0.83,0.21,33.87,16.17,11.47,-1.07,1.38,-47.62,1
H,2022-10-19 15:20:05.642303,0.45,0.82,0.16,30.58,1.22,12.82,-1.07,1.38,-47.62,1
H,2022-10-19 15:20:05.657049,0.49,0.81,0.16,39.98,-3.36,11.84,-1.07,1.38,-47.62,1
H,2022-10-19 15:20:05.676828,0.52,0.79,0.27,19.17,-18.55,2.32,-0.99,2.14,-48.69,1
H,2022-10-19 15:20:05.695005,0.53,0.74,0.16,21.55,-34.91,-13.24,-0.99,2.14,-48.69,1
H,2022-10-19 15:20:05.712202,0.50,0.89,0.07,17.94,-33.39,-21.06,-0.99,2.14,-48.69,1
H,2022-10-19 15:20:05.731393,0.48,0.84,0.24,24.78,-18.37,-14.65,-2.58,2.55,-48.29,1
H,2022-10-19 15:20:05.750567,0.47,0.80,0.28,27.71,-24.60,-15.63,-2.58,2.55,-48.29,1
H,2022-10-19 15:20:05.768637,0.51,0.77,0.28,32.41,-26.79,-14.28,-2.58,2.55,-48.29,1
H,2022-10-19 15:20:05.789708,0.49,0.71,0.38,35.52,-8.97,-5.00,-3.21,1.57,-47.68,1
H,2022-10-19 15:20:05.810137,0.51,0.66,0.53,35.34,1.59,1.65,-3.21,1.57,-47.68,1
H,2022-10-19 15:20:05.826824,0.51,0.64,0.50,17.46,0.98,2.26,-3.98,1.99,-48.84,1
H,2022-10-19 15:20:05.844266,0.50,0.77,0.46,-0.43,-3.36,4.64,-3.98,1.99,-48.84,1
H,2022-10-19 15:20:05.862859,0.52,0.69,0.63,7.02,8.30,19.10,-3.98,1.99,-48.84,1
H,2022-10-19 15:20:05.881309,0.50,0.66,0.46,-0.18,-1.77,19.23,-3.75,2.03,-48.94,1
H,2022-10-19 15:20:05.899740,0.49,0.73,0.32,-7.69,-7.39,14.10,-3.75,2.03,-48.94,1
H,2022-10-19 15:20:05.917746,0.48,0.80,0.27,7.45,-0.61,13.37,-3.75,2.03,-48.94,1
H,2022-10-19 15:20:05.938499,0.41,0.71,0.46,6.16,17.70,-15.44,-3.67,1.98,-49.33,1
H,2022-10-19 15:20:05.954602,0.51,0.85,0.35,-1.83,17.94,-20.57,-3.67,1.98,-49.33,1
H,2022-10-19 15:20:05.975553,0.59,0.79,0.49,2.32,15.50,-13.00,-3.14,1.10,-48.99,1
H,2022-10-19 15:20:05.991813,0.64,0.71,0.41,-9.34,8.73,-9.28,-3.14,1.10,-48.99,1
H,2022-10-19 15:20:06.009555,0.62,0.72,0.39,-30.70,2.14,-17.03,-3.14,1.10,-48.99,1
H,2022-10-19 15:20:06.028541,0.54,0.74,0.32,-34.24,5.19,-25.21,-2.04,-1.11,-49.54,1
H,2022-10-19 15:20:06.048942,0.58,0.72,0.38,-44.13,7.57,-28.26,-2.04,-1.11,-49.54,1
H,2022-10-19 15:20:06.066820,0.54,0.73,0.36,-56.88,2.32,-18.49,-2.04,-1.11,-49.54,1
H,2022-10-19 15:20:06.085156,0.53,0.71,0.30,-41.81,-0.61,8.91,-1.29,-5.02,-47.56,1
H,2022-10-19 15:20:06.103410,0.16,0.68,0.30,-33.39,-7.51,20.57,-1.29,-5.02,-47.56,1
H,2022-10-19 15:20:06.120978,0.32,0.91,0.21,20.69,-0.37,1.28,-1.29,-5.02,-47.56,1
H,2022-10-19 15:20:06.143318,0.49,0.74,0.15,37.54,-4.88,16.24,-1.98,-6.14,-46.51,1
H,2022-10-19 15:20:06.161335,0.52,0.61,0.26,30.27,1.71,15.69,-1.98,-6.14,-46.51,1
H,2022-10-19 15:20:06.179900,0.51,0.62,0.32,13.67,3.36,4.21,-2.00,-5.02,-48.49,1
H,2022-10-19 15:20:06.196961,0.43,0.78,0.24,5.80,-7.57,12.70,-2.00,-5.02,-48.49,1
H,2022-10-19 15:20:06.216021,0.44,0.65,0.30,18.68,-7.32,16.97,-2.00,-5.02,-48.49,1
H,2022-10-19 15:20:06.236221,0.46,0.68,0.22,20.45,-4.58,14.77,-2.51,-3.81,-47.49,1
H,2022-10-19 15:20:06.254198,0.49,0.69,0.23,27.71,4.21,9.58,-2.51,-3.81,-47.49,1
H,2022-10-19 15:20:06.275942,0.51,0.69,0.34,26.18,6.71,8.30,-2.51,-3.81,-47.49,1
H,2022-10-19 15:20:06.292841,0.46,0.74,0.37,24.54,5.37,8.36,-2.54,-1.33,-47.92,1
H,2022-10-19 15:20:06.309533,0.42,0.79,0.42,19.65,5.31,11.17,-2.54,-1.33,-47.92,1
H,2022-10-19 15:20:06.328740,0.46,0.73,0.37,19.59,0.12,18.37,-3.53,1.18,-49.24,1
H,2022-10-19 15:20:06.346270,0.58,0.71,0.34,11.84,1.10,18.37,-3.53,1.18,-49.24,1
H,2022-10-19 15:20:06.364779,0.44,0.77,0.39,21.67,2.69,14.40,-3.53,1.18,-49.24,1
H,2022-10-19 15:20:06.383529,0.43,0.82,0.38,22.64,1.22,20.81,-4.20,2.23,-51.04,1
H,2022-10-19 15:20:06.402171,0.47,0.78,0.41,31.07,1.40,26.25,-4.20,2.23,-51.04,1
H,2022-10-19 15:20:06.420895,0.48,0.76,0.42,26.49,-2.56,28.99,-4.20,2.23,-51.04,1
H,2022-10-19 15:20:06.443298,0.48,0.76,0.42,17.46,-4.70,27.59,-4.39,5.33,-48.74,1
H,2022-10-19 15:20:06.458823,0.51,0.74,0.42,11.35,-6.29,25.88,-4.39,5.33,-48.74,1
H,2022-10-19 15:20:06.475883,0.48,0.80,0.45,6.96,-8.36,23.93,-4.39,5.33,-48.74,1
H,2022-10-19 15:20:06.494818,0.43,0.83,0.49,9.28,-9.89,22.09,-4.74,6.99,-48.69,1
H,2022-10-19 15:20:06.512713,0.57,0.68,0.36,21.48,-11.11,25.82,-4.74,6.99,-48.69,1
H,2022-10-19 15:20:06.531379,0.54,0.75,0.39,4.27,-5.74,13.79,-5.60,8.57,-48.60,1
H,2022-10-19 15:20:06.549639,0.52,0.75,0.42,-0.37,-0.49,3.05,-5.60,8.57,-48.60,1
H,2022-10-19 15:20:06.567608,0.45,0.80,0.49,-4.94,2.32,-3.72,-5.60,8.57,-48.60,1
H,2022-10-19 15:20:06.587372,0.43,0.82,0.48,-6.65,-1.71,-1.71,-5.82,8.17,-49.41,1
H,2022-10-19 15:20:06.614559,0.42,0.73,0.41,-4.21,-5.00,1.53,-5.82,8.17,-49.41,1
H,2022-10-19 15:20:06.627358,0.42,0.74,0.36,-2.81,-3.17,-0.06,-5.82,8.17,-49.41,1
H,2022-10-19 15:20:06.645540,0.43,0.72,0.45,17.03,2.26,-2.08,-6.47,8.25,-48.69,1
H,2022-10-19 15:20:06.663696,0.43,0.76,0.47,3.36,5.31,-1.77,-6.47,8.25,-48.69,1
H,2022-10-19 15:20:06.682636,0.43,0.76,0.46,-5.55,2.44,0.06,-5.54,8.23,-48.62,1
H,2022-10-19 15:20:06.700736,0.43,0.75,0.45,-4.09,0.85,0.73,-5.54,8.23,-48.62,1
H,2022-10-19 15:20:06.718607,0.42,0.75,0.42,-10.25,-0.24,2.20,-5.54,8.23,-48.62,1
H,2022-10-19 15:20:06.738561,0.43,0.70,0.43,-7.39,0.00,-14.53,-6.75,7.96,-47.62,1
