D,2022-10-20 14:27:36.985228,0.36,0.98,-0.04,-139.89,84.05,64.39,23.32,28.30,-31.08,1
D,2022-10-20 14:27:37.005379,0.25,1.15,-0.32,-135.19,66.22,50.90,23.32,28.30,-31.08,1
D,2022-10-20 14:27:37.028096,0.27,1.24,-0.46,-104.06,65.92,23.68,32.36,22.67,-31.99,1
D,2022-10-20 14:27:37.038188,0.16,1.31,-0.38,-96.50,59.08,13.00,32.36,22.67,-31.99,1
D,2022-10-20 14:27:37.068439,0.06,1.34,-0.43,-73.67,52.67,2.87,39.60,19.93,-31.64,1
D,2022-10-20 14:27:37.078783,0.13,1.27,-0.43,-34.91,47.67,-10.44,39.60,19.93,-31.64,1
D,2022-10-20 14:27:37.098776,0.21,1.19,-0.35,-21.73,39.12,-8.61,39.60,19.93,-31.64,1
D,2022-10-20 14:27:37.121760,0.28,1.05,-0.29,-10.50,29.17,-0.43,44.62,20.72,-31.27,1
D,2022-10-20 14:27:37.142341,0.31,0.91,-0.29,-18.92,-11.90,9.83,44.62,20.72,-31.27,1
D,2022-10-20 14:27:37.162294,0.24,0.91,-0.47,-16.48,-30.70,8.73,47.47,21.40,-30.77,1
D,2022-10-20 14:27:37.182292,0.26,0.84,-0.45,-0.61,-33.20,12.63,47.47,21.40,-30.77,1
D,2022-10-20 14:27:37.202473,0.17,0.73,-0.36,10.25,-31.31,24.17,47.47,21.40,-30.77,1
D,2022-10-20 14:27:37.222475,0.05,0.72,-0.37,4.88,-27.59,22.34,48.94,23.82,-31.96,1
D,2022-10-20 14:27:37.242473,-2.33,0.72,-0.21,-5.07,-19.47,16.66,48.94,23.82,-31.96,1
D,2022-10-20 14:27:37.252604,0.20,1.02,-0.62,28.87,-0.12,-22.64,48.94,23.82,-31.96,1
D,2022-10-20 14:27:37.282473,0.23,0.63,0.07,16.11,-7.02,-31.43,50.15,25.77,-31.25,1
D,2022-10-20 14:27:37.292598,-0.11,1.22,-0.08,-30.09,-6.47,-0.37,50.15,25.77,-31.25,1
D,2022-10-20 14:27:37.322474,0.12,0.83,-0.00,49.44,16.97,103.88,51.61,23.10,-30.62,1
D,2022-10-20 14:27:37.332732,0.27,0.78,-0.05,61.52,19.35,125.55,51.61,23.10,-30.62,1
D,2022-10-20 14:27:37.353348,0.26,0.89,-0.15,27.47,6.53,107.12,51.61,23.10,-30.62,1
D,2022-10-20 14:27:37.373998,0.25,1.08,-0.18,-16.85,1.71,61.52,51.31,18.19,-29.04,1
D,2022-10-20 14:27:37.394102,0.16,1.35,-0.20,-17.27,-1.04,26.49,51.31,18.19,-29.04,1
D,2022-10-20 14:27:37.414149,0.09,1.40,-0.23,-10.31,2.14,11.11,51.72,16.35,-28.86,1
D,2022-10-20 14:27:37.434290,0.07,1.04,-0.13,46.94,22.40,-39.79,51.72,16.35,-28.86,1
D,2022-10-20 14:27:37.454293,0.35,0.97,-0.08,0.37,13.61,-93.99,51.72,16.35,-28.86,1
D,2022-10-20 14:27:37.474485,0.46,1.00,-0.03,-62.38,-1.83,-124.33,52.45,19.91,-29.88,1
D,2022-10-20 14:27:37.497466,0.27,1.07,-0.13,-78.92,-8.48,-101.75,52.45,19.91,-29.88,1
D,2022-10-20 14:27:37.507600,0.20,0.93,-0.12,-55.73,-16.24,-69.70,52.45,19.91,-29.88,1
D,2022-10-20 14:27:37.530742,0.27,0.79,-0.22,-29.91,-34.36,-29.36,52.23,23.60,-29.92,1
D,2022-10-20 14:27:37.550872,-2.42,1.02,-0.26,44.49,12.21,12.70,52.23,23.60,-29.92,1
D,2022-10-20 14:27:37.571046,0.06,0.50,0.35,115.91,-2.08,-1.04,51.32,25.73,-32.18,1
D,2022-10-20 14:27:37.591046,0.17,0.91,0.13,103.33,-93.75,-46.63,51.32,25.73,-32.18,1
D,2022-10-20 14:27:37.614317,0.29,0.98,-0.16,49.50,-120.61,-29.72,51.32,25.73,-32.18,1
D,2022-10-20 14:27:37.625309,0.23,0.98,-0.13,61.04,-85.14,-7.32,47.14,28.26,-35.34,1
D,2022-10-20 14:27:37.645556,0.22,0.89,-0.07,67.14,-74.52,2.50,47.14,28.26,-35.34,1
D,2022-10-20 14:27:37.665557,0.19,0.75,0.25,78.74,-73.36,11.23,43.95,29.94,-37.43,1
D,2022-10-20 14:27:37.685566,0.41,0.71,0.26,75.56,-59.69,19.71,43.95,29.94,-37.43,1
D,2022-10-20 14:27:37.705550,0.36,0.77,0.45,61.77,-41.14,19.78,43.95,29.94,-37.43,1
D,2022-10-20 14:27:37.725679,0.28,0.98,0.51,9.52,-23.93,39.43,43.01,28.87,-37.27,1
D,2022-10-20 14:27:37.745649,0.40,0.76,0.56,33.63,27.89,70.68,43.01,28.87,-37.27,1
D,2022-10-20 14:27:37.766073,0.36,0.77,0.40,2.69,53.04,66.35,43.01,28.87,-37.27,1
D,2022-10-20 14:27:37.787154,0.36,0.82,0.17,-43.27,86.91,50.23,45.74,26.75,-36.01,1
D,2022-10-20 14:27:37.807799,0.19,0.82,0.46,-78.61,99.49,47.00,45.74,26.75,-36.01,1
D,2022-10-20 14:27:37.827814,0.12,1.27,-0.24,-108.46,41.32,10.50,50.56,22.79,-33.46,1
D,2022-10-20 14:27:37.837897,0.07,1.33,-0.29,-65.55,29.42,19.10,50.56,22.79,-33.46,1
D,2022-10-20 14:27:37.858433,0.05,1.43,-0.76,-37.84,7.63,7.51,50.56,22.79,-33.46,1
D,2022-10-20 14:27:37.879641,-0.03,1.22,-0.50,16.17,32.29,15.14,52.00,21.07,-30.62,1
