J,2022-10-21 12:33:15.850473,0.50,-0.58,0.59,-25.39,0.37,5.74,37.06,-14.65,-132.35,1
J,2022-10-21 12:33:15.869465,0.39,-0.56,0.69,-36.44,-8.73,1.34,38.05,-15.00,-131.71,1
J,2022-10-21 12:33:15.887419,0.38,-0.53,0.75,-35.71,-8.97,1.34,38.05,-15.00,-131.71,1
J,2022-10-21 12:33:15.905563,0.46,-0.45,0.71,-30.64,-5.68,-5.62,38.05,-15.00,-131.71,1
J,2022-10-21 12:33:15.924623,0.50,-0.41,0.63,-48.77,-10.93,-21.36,38.07,-16.49,-132.14,1
J,2022-10-21 12:33:15.942763,0.37,-0.32,0.71,-63.11,-21.79,-35.34,38.07,-16.49,-132.14,1
J,2022-10-21 12:33:15.961630,-0.04,0.10,1.18,-35.71,-8.18,-8.36,38.88,-18.81,-131.43,1
J,2022-10-21 12:33:15.979286,0.22,-0.13,0.96,15.14,0.00,-5.37,38.88,-18.81,-131.43,1
J,2022-10-21 12:33:15.997410,0.09,0.04,1.07,68.30,-7.87,-14.95,38.88,-18.81,-131.43,1
J,2022-10-21 12:33:16.016489,0.19,-0.21,1.02,71.96,16.72,-34.00,38.44,-17.68,-132.95,1
J,2022-10-21 12:33:16.034267,0.28,-0.46,0.77,72.81,35.03,-38.15,38.44,-17.68,-132.95,1
J,2022-10-21 12:33:16.052475,0.38,-0.69,0.64,54.81,56.82,-49.32,38.44,-17.68,-132.95,1
J,2022-10-21 12:33:16.071496,0.66,-1.01,0.29,34.73,29.97,-16.97,37.56,-14.25,-131.03,1
J,2022-10-21 12:33:16.089467,0.54,-0.96,0.41,6.41,9.95,-4.64,37.56,-14.25,-131.03,1
J,2022-10-21 12:33:16.107556,0.43,-0.77,0.55,-7.08,-0.85,3.72,37.56,-14.25,-131.03,1
J,2022-10-21 12:33:16.126275,0.34,-0.67,0.64,-19.29,3.78,0.00,37.66,-14.04,-132.79,1
J,2022-10-21 12:33:16.144468,0.27,-0.62,0.67,-0.92,-4.70,50.29,37.66,-14.04,-132.79,1
J,2022-10-21 12:33:16.163466,0.40,-0.57,0.73,13.79,-10.86,46.39,38.22,-15.09,-133.01,1
J,2022-10-21 12:33:16.181595,0.50,-0.58,0.65,0.37,-10.86,39.55,38.22,-15.09,-133.01,1
J,2022-10-21 12:33:16.199490,0.53,-0.43,0.69,-22.28,-12.57,26.86,38.22,-15.09,-133.01,1
J,2022-10-21 12:33:16.218451,0.48,-0.26,0.73,-34.73,-12.76,10.86,38.02,-16.10,-131.59,1
J,2022-10-21 12:33:16.236610,0.45,-0.22,0.70,-33.14,-5.92,-18.74,38.02,-16.10,-131.59,1
J,2022-10-21 12:33:16.254596,0.39,-0.25,0.72,-38.15,-2.38,-36.99,38.02,-16.10,-131.59,1
J,2022-10-21 12:33:16.273561,-0.23,-1.68,1.58,-33.08,0.37,-44.80,38.02,-15.86,-133.84,1
J,2022-10-21 12:33:16.291358,0.04,-0.12,0.85,2.08,16.78,19.90,38.02,-15.86,-133.84,1
J,2022-10-21 12:33:16.310257,0.31,-0.53,0.66,16.54,7.26,-17.03,38.77,-16.02,-131.64,1
J,2022-10-21 12:33:16.328371,0.21,-0.37,0.50,12.76,-5.98,-23.44,38.77,-16.02,-131.64,1
J,2022-10-21 12:33:16.346441,0.23,-0.45,0.48,40.16,-35.46,-35.03,38.77,-16.02,-131.64,1
J,2022-10-21 12:33:16.365597,0.26,-0.57,0.50,18.13,-65.19,-36.87,36.78,-14.16,-134.68,1
J,2022-10-21 12:33:16.383558,0.35,-0.64,0.67,-15.50,-76.48,-31.19,36.78,-14.16,-134.68,1
J,2022-10-21 12:33:16.401591,0.51,-0.71,0.79,-15.01,-57.43,-20.69,36.78,-14.16,-134.68,1
J,2022-10-21 12:33:16.420443,0.39,-0.68,0.71,-11.72,-51.03,-11.11,34.18,-13.04,-134.68,1
J,2022-10-21 12:33:16.438501,0.46,-0.79,0.76,13.06,-76.78,-7.69,34.18,-13.04,-134.68,1
J,2022-10-21 12:33:16.456578,0.31,-0.82,0.99,23.62,-80.63,-2.69,34.18,-13.04,-134.68,1
J,2022-10-21 12:33:16.475346,0.36,-0.71,0.93,13.73,-42.24,4.46,32.73,-13.76,-132.86,1
J,2022-10-21 12:33:16.493438,0.37,-0.76,1.06,26.73,-42.05,15.44,32.73,-13.76,-132.86,1
J,2022-10-21 12:33:16.512468,0.33,-0.67,1.00,19.96,-16.54,28.14,33.01,-15.47,-131.77,1
J,2022-10-21 12:33:16.530437,-0.11,-0.43,0.88,10.56,-7.63,28.81,33.01,-15.47,-131.77,1
J,2022-10-21 12:33:16.548505,0.01,-0.35,0.90,-18.43,-16.11,-1.46,33.01,-15.47,-131.77,1
J,2022-10-21 12:33:16.567588,0.06,-0.25,0.97,-3.97,-21.67,2.44,32.45,-16.82,-130.21,1
J,2022-10-21 12:33:16.585565,-0.04,-0.13,0.94,3.17,-19.59,21.06,32.45,-16.82,-130.21,1
J,2022-10-21 12:33:16.603565,-0.13,-0.10,1.29,17.15,-11.47,17.27,32.45,-16.82,-130.21,1
J,2022-10-21 12:33:16.622554,-0.23,-0.15,1.26,-5.07,34.00,1.34,32.09,-16.32,-130.69,1
J,2022-10-21 12:33:16.640432,-0.16,-0.39,1.13,49.26,65.00,44.31,32.09,-16.32,-130.69,1
J,2022-10-21 12:33:16.659155,0.18,-0.39,0.91,77.70,74.04,59.14,33.48,-13.60,-131.30,1
J,2022-10-21 12:33:16.677261,0.44,-0.53,0.66,61.71,81.79,37.11,33.48,-13.60,-131.30,1
J,2022-10-21 12:33:16.695338,0.48,-0.60,0.66,42.60,71.23,12.33,33.48,-13.60,-131.30,1
J,2022-10-21 12:33:16.714344,0.43,-0.65,0.72,32.17,62.50,-9.22,32.92,-11.47,-131.90,1
J,2022-10-21 12:33:16.732465,0.42,-0.63,0.69,32.78,65.61,-12.45,32.92,-11.47,-131.90,1
J,2022-10-21 12:33:16.750418,0.35,-0.68,0.60,26.25,63.42,-13.67,32.92,-11.47,-131.90,1
J,2022-10-21 12:33:16.769435,0.48,-0.73,0.49,26.67,51.27,-8.06,32.78,-11.13,-132.82,1
J,2022-10-21 12:33:16.787556,0.59,-0.76,0.32,-0.24,25.57,-15.32,32.78,-11.13,-132.82,1
J,2022-10-21 12:33:16.805560,0.55,-0.72,0.46,-30.82,2.81,-24.41,32.78,-11.13,-132.82,1
J,2022-10-21 12:33:16.824432,0.48,-0.67,0.56,-28.69,-10.74,-24.23,31.95,-13.28,-134.63,1
J,2022-10-21 12:33:16.842493,0.39,-0.63,0.63,-26.37,-12.51,-20.51,31.95,-13.28,-134.63,1
