X,2022-11-02 14:59:18.527463,-0.14,-0.61,0.69,12.51,24.96,-18.37,23.66,31.58,-18.90,1
X,2022-11-02 14:59:18.549941,-0.15,-0.60,0.76,-12.27,31.68,-18.07,23.66,31.58,-18.90,1
X,2022-11-02 14:59:18.572353,-0.17,-0.61,0.87,-9.58,26.31,-14.10,24.28,32.02,-17.99,1
X,2022-11-02 14:59:18.592757,-0.17,-0.72,0.74,5.55,16.11,-5.74,24.28,32.02,-17.99,1
X,2022-11-02 14:59:18.614446,-0.18,-0.76,0.67,-6.29,14.40,-2.08,24.10,33.22,-17.09,1
X,2022-11-02 14:59:18.634369,-0.18,-0.61,0.80,-23.68,19.71,2.87,24.10,33.22,-17.09,1
X,2022-11-02 14:59:18.654918,-0.14,-0.62,0.80,-8.48,14.95,12.57,24.10,33.22,-17.09,1
X,2022-11-02 14:59:18.675119,-0.06,-0.64,0.70,-12.57,8.67,11.11,23.36,32.78,-16.20,1
X,2022-11-02 14:59:18.695871,-0.06,-0.57,0.69,-29.36,5.25,9.46,23.36,32.78,-16.20,1
X,2022-11-02 14:59:18.719252,-0.07,-0.42,0.75,-35.71,0.98,9.52,23.65,33.15,-16.41,1
X,2022-11-02 14:59:18.741478,-0.10,-0.39,0.71,-28.69,-4.33,0.73,23.65,33.15,-16.41,1
X,2022-11-02 14:59:18.761850,-0.15,-0.53,0.97,50.60,8.54,20.57,24.62,32.86,-16.65,1
X,2022-11-02 14:59:18.783543,-0.14,-0.35,0.80,17.94,-8.61,-25.76,24.62,32.86,-16.65,1
X,2022-11-02 14:59:18.804682,-0.13,-0.26,0.77,16.05,-16.24,-37.66,24.62,32.86,-16.65,1
X,2022-11-02 14:59:18.825916,-0.15,-0.28,0.70,36.74,-21.79,-49.38,24.57,33.59,-15.86,1
X,2022-11-02 14:59:18.847614,-0.18,-0.30,0.79,46.94,-22.09,-53.59,24.57,33.59,-15.86,1
X,2022-11-02 14:59:18.869853,-0.21,-0.46,0.82,72.39,-27.65,-41.99,25.83,34.17,-14.94,1
X,2022-11-02 14:59:18.889673,-0.26,-0.66,0.74,64.33,-29.66,-33.94,25.83,34.17,-14.94,1
X,2022-11-02 14:59:18.912952,-0.34,-0.87,0.75,13.31,-23.32,-29.17,27.59,36.25,-15.20,1
X,2022-11-02 14:59:18.934767,-0.36,-0.88,0.88,-1.95,-10.80,-0.85,27.59,36.25,-15.20,1
X,2022-11-02 14:59:18.956305,-0.35,-0.98,0.85,-0.85,-7.08,16.24,27.59,36.25,-15.20,1
X,2022-11-02 14:59:18.977761,-0.33,-0.73,0.99,-21.00,-4.64,10.25,28.82,36.45,-14.70,1
X,2022-11-02 14:59:18.997128,-0.47,-0.78,0.88,-7.26,10.80,42.48,28.82,36.45,-14.70,1
X,2022-11-02 14:59:19.018908,-0.35,-0.72,0.96,-10.38,32.47,30.58,28.61,35.84,-16.65,1
X,2022-11-02 14:59:19.041422,-0.25,-0.62,0.92,-2.69,40.10,25.76,28.61,35.84,-16.65,1
X,2022-11-02 14:59:19.061562,-0.18,-0.54,0.83,-4.52,45.04,23.62,26.54,35.35,-14.78,1
X,2022-11-02 14:59:19.082095,-0.13,-0.47,0.79,7.39,47.73,23.19,26.54,35.35,-14.78,1
X,2022-11-02 14:59:19.102143,-0.03,-0.49,0.70,9.22,46.08,18.37,26.54,35.35,-14.78,1
X,2022-11-02 14:59:19.122697,0.04,-0.49,0.66,4.46,37.11,15.44,24.61,35.33,-14.31,1
X,2022-11-02 14:59:19.143675,0.06,-0.55,0.52,-6.71,9.03,9.40,24.61,35.33,-14.31,1
X,2022-11-02 14:59:19.167239,-0.12,-0.52,0.51,-17.33,-6.35,7.93,24.17,34.99,-14.05,1
X,2022-11-02 14:59:19.188475,-0.11,-0.60,0.48,-22.89,-30.64,3.97,24.17,34.99,-14.05,1
X,2022-11-02 14:59:19.211175,-0.25,-0.53,1.05,79.90,-14.59,-8.54,24.17,34.99,-14.05,1
X,2022-11-02 14:59:19.233005,-0.18,-0.76,0.82,33.81,-23.68,-2.44,25.55,34.12,-12.63,1
X,2022-11-02 14:59:19.254862,-0.22,-0.64,0.60,-2.08,-52.06,8.06,25.55,34.12,-12.63,1
X,2022-11-02 14:59:19.274575,-0.21,-0.59,0.60,-24.23,-50.35,14.77,26.06,33.46,-15.43,1
X,2022-11-02 14:59:19.296882,-0.23,-0.49,0.72,-25.39,-46.45,13.85,26.06,33.46,-15.43,1
X,2022-11-02 14:59:19.319607,-0.25,-0.37,0.97,0.12,-21.79,6.59,26.79,32.86,-17.79,1
X,2022-11-02 14:59:19.339527,-0.28,-0.39,1.08,22.28,-8.30,6.35,26.79,32.86,-17.79,1
X,2022-11-02 14:59:19.359051,-0.22,-0.60,1.19,24.11,11.96,7.93,26.79,32.86,-17.79,1
X,2022-11-02 14:59:19.379143,-0.22,-0.73,0.96,7.93,-3.85,6.77,26.99,32.91,-17.92,1
X,2022-11-02 14:59:19.400427,-0.24,-0.68,0.82,4.46,-14.83,-1.04,26.99,32.91,-17.92,1
X,2022-11-02 14:59:19.422722,-0.27,-0.51,0.66,10.13,-15.50,-5.13,26.62,32.42,-16.83,1
X,2022-11-02 14:59:19.443171,-0.29,-0.43,0.62,-0.12,0.55,9.95,26.62,32.42,-16.83,1
X,2022-11-02 14:59:19.463961,-0.24,-0.62,0.77,-15.08,34.18,31.13,26.62,32.42,-16.83,1
