r,2022-10-11 16:19:10.298367,-3.773454,9.175049,-0.134082,-0.256445,-0.115361,1.032710,11.421132,-40.152011,-120.499954,1
r,2022-10-11 16:19:10.394199,-4.577947,8.825478,0.014366,-0.268563,0.114207,0.774113,-1.581387,-44.043395,-101.751731,1
r,2022-10-11 16:19:10.489972,-4.137392,8.954771,0.100562,-0.257244,0.051090,1.128851,-1.581387,-44.043395,-101.751731,1
r,2022-10-11 16:19:10.584760,-3.548388,9.572506,1.767011,-0.109969,0.050690,1.141102,-3.865614,-49.172946,-101.922164,1
r,2022-10-11 16:19:10.681953,-3.342476,8.164645,-0.076618,-0.729296,-0.016156,1.369472,-10.191164,-53.418094,-112.830223,1
r,2022-10-11 16:19:10.778012,-3.763877,9.270822,0.344783,-0.448462,-0.031070,1.374399,-29.694940,-36.614387,-143.338699,1
r,2022-10-11 16:19:10.872991,-3.270646,9.768841,0.445344,-0.278283,0.100891,0.898351,-29.694940,-36.614387,-143.338699,1
r,2022-10-11 16:19:10.969071,-4.055984,9.165472,0.392669,0.308820,0.425136,0.744152,-33.911972,-28.124095,-152.201492,1
r,2022-10-11 16:19:11.066057,-3.103044,8.049716,-0.263376,0.028118,-0.011363,0.937234,-10.542583,-48.111660,-122.374778,1
r,2022-10-11 16:19:11.162076,-3.194028,8.940405,-0.100562,-0.150183,-0.110833,1.159345,-5.447001,-49.349826,-94.252441,1
r,2022-10-11 16:19:11.257228,-5.037657,8.710550,0.148448,-0.353785,-0.004705,0.873450,-8.258357,-44.043395,-77.208602,1
