d,2022-10-31 14:57:57.536203,0.55,0.48,0.53,15.32,-7.93,-51.27,-12.68,-5.57,-96.55,1
d,2022-10-31 14:57:57.554475,0.58,0.38,0.52,13.73,-23.74,-48.10,-12.68,-5.57,-96.55,1
d,2022-10-31 14:57:57.573539,0.50,0.34,0.57,4.27,-42.11,-46.02,-19.45,-3.10,-95.18,1
d,2022-10-31 14:57:57.592039,0.33,0.28,0.78,-9.95,-50.42,-45.78,-19.45,-3.10,-95.18,1
d,2022-10-31 14:57:57.611442,0.17,0.30,0.94,-8.85,-28.81,-25.27,-26.39,1.64,-93.27,1
d,2022-10-31 14:57:57.629886,0.19,0.25,0.91,12.57,-13.79,-6.53,-26.39,1.64,-93.27,1
d,2022-10-31 14:57:57.647726,0.20,0.27,0.93,41.75,-10.74,15.14,-26.39,1.64,-93.27,1
d,2022-10-31 14:57:57.666204,0.20,0.37,0.89,42.30,-8.18,21.97,-31.71,5.98,-89.65,1
d,2022-10-31 14:57:57.684211,0.18,0.42,0.95,1.89,-10.19,-1.77,-31.71,5.98,-89.65,1
d,2022-10-31 14:57:57.702792,0.17,0.42,0.92,-5.62,-9.77,-8.00,-31.71,5.98,-89.65,1
d,2022-10-31 14:57:57.721807,0.25,0.40,0.86,-5.49,-4.58,-7.75,-36.32,9.05,-89.38,1
d,2022-10-31 14:57:57.739792,0.25,0.33,0.87,-3.72,-5.31,-1.83,-36.32,9.05,-89.38,1
d,2022-10-31 14:57:57.758849,0.22,0.41,0.89,-2.20,-1.83,8.24,-39.60,11.74,-87.94,1
d,2022-10-31 14:57:57.775923,0.09,0.38,0.90,-1.53,2.87,6.29,-39.60,11.74,-87.94,1
d,2022-10-31 14:57:57.794048,0.19,0.37,0.96,-1.95,4.46,-4.94,-39.60,11.74,-87.94,1
d,2022-10-31 14:57:57.813200,0.18,0.12,0.85,1.22,16.66,16.48,-40.67,13.75,-89.06,1
d,2022-10-31 14:57:57.831744,0.17,0.39,0.75,-20.45,9.22,18.92,-40.67,13.75,-89.06,1
d,2022-10-31 14:57:57.849703,0.18,0.37,0.77,-4.21,8.48,29.24,-40.67,13.75,-89.06,1
d,2022-10-31 14:57:57.868627,0.17,0.40,0.71,4.03,7.39,35.64,-36.57,14.88,-90.14,1
d,2022-10-31 14:57:57.886076,0.17,0.39,0.65,-3.78,6.16,31.43,-36.57,14.88,-90.14,1
d,2022-10-31 14:57:57.903816,0.11,0.38,0.69,-15.75,1.34,29.05,-36.57,14.88,-90.14,1
d,2022-10-31 14:57:57.923513,0.15,0.47,0.68,-9.77,-2.69,40.53,-26.99,14.97,-87.48,1
d,2022-10-31 14:57:57.941703,0.19,0.61,0.64,3.11,-5.62,42.91,-26.99,14.97,-87.48,1
d,2022-10-31 14:57:57.960238,0.16,0.70,0.69,13.73,-11.54,44.13,-17.11,11.57,-86.78,1
d,2022-10-31 14:57:57.978631,0.20,0.73,0.63,4.76,-13.67,26.43,-17.11,11.57,-86.78,1
d,2022-10-31 14:57:57.996238,0.18,0.66,0.69,3.72,-25.76,6.29,-17.11,11.57,-86.78,1
d,2022-10-31 14:57:58.015428,0.19,0.68,0.80,5.43,-25.21,0.92,-10.51,7.28,-87.94,1
d,2022-10-31 14:57:58.033799,0.21,0.68,0.84,7.93,-22.83,-3.11,-10.51,7.28,-87.94,1
d,2022-10-31 14:57:58.051864,0.20,0.72,0.82,4.27,-18.68,-9.77,-10.51,7.28,-87.94,1
d,2022-10-31 14:57:58.070758,0.23,0.71,0.80,6.47,-15.20,-18.01,-6.97,4.83,-87.92,1
d,2022-10-31 14:57:58.088786,0.26,0.62,0.89,22.71,-9.34,-24.96,-6.97,4.83,-87.92,1
d,2022-10-31 14:57:58.107005,0.23,0.48,0.98,24.84,-5.98,-27.83,-8.95,6.04,-85.60,1
d,2022-10-31 14:57:58.124991,0.27,0.45,0.99,25.33,-0.55,-23.68,-8.95,6.04,-85.60,1
d,2022-10-31 14:57:58.143401,0.24,0.48,1.03,9.03,0.49,-29.66,-8.95,6.04,-85.60,1
d,2022-10-31 14:57:58.162706,0.23,0.49,1.03,-21.24,-0.43,-44.37,-14.53,8.44,-86.68,1
d,2022-10-31 14:57:58.180016,0.20,0.38,1.06,-7.69,5.25,-35.03,-14.53,8.44,-86.68,1
d,2022-10-31 14:57:58.198392,0.16,0.32,1.00,3.66,12.21,-21.36,-14.53,8.44,-86.68,1
d,2022-10-31 14:57:58.217760,0.09,0.31,0.93,15.99,15.14,-10.86,-22.96,10.29,-85.97,1
d,2022-10-31 14:57:58.235105,0.28,0.46,0.96,18.19,21.06,-6.16,-22.96,10.29,-85.97,1
d,2022-10-31 14:57:58.253481,0.27,0.48,0.86,19.23,20.14,-14.10,-22.96,10.29,-85.97,1
d,2022-10-31 14:57:58.271991,0.24,0.42,0.84,16.24,20.20,-19.04,-32.57,11.28,-86.10,1
d,2022-10-31 14:57:58.290033,0.31,0.39,0.87,22.40,18.74,-12.21,-32.57,11.28,-86.10,1
d,2022-10-31 14:57:58.308875,0.26,0.45,0.93,17.40,16.85,-7.63,-42.83,11.35,-87.01,1
d,2022-10-31 14:57:58.326855,0.25,0.40,0.80,-7.02,26.25,-5.74,-42.83,11.35,-87.01,1
d,2022-10-31 14:57:58.344856,0.25,0.35,0.81,-45.96,28.56,-15.87,-42.83,11.35,-87.01,1
d,2022-10-31 14:57:58.364858,0.22,0.31,0.78,-40.28,21.18,-15.87,-53.03,9.12,-91.53,1
d,2022-10-31 14:57:58.381856,0.17,0.31,0.71,-23.38,16.66,-9.03,-53.03,9.12,-91.53,1
d,2022-10-31 14:57:58.400819,0.20,0.33,0.75,-6.90,13.98,-2.75,-53.03,9.12,-91.53,1
d,2022-10-31 14:57:58.419033,0.11,0.39,0.54,-6.65,9.46,1.89,-57.93,8.72,-93.90,1
d,2022-10-31 14:57:58.437197,0.21,0.49,0.63,-11.11,-5.68,-2.38,-57.93,8.72,-93.90,1
d,2022-10-31 14:57:58.455918,0.12,0.39,0.63,-26.00,21.00,5.62,-57.82,8.85,-94.78,1
d,2022-10-31 14:57:58.473997,0.16,0.48,0.63,40.22,-28.93,20.14,-57.82,8.85,-94.78,1
d,2022-10-31 14:57:58.492004,0.18,0.38,0.66,9.09,-41.63,10.56,-57.82,8.85,-94.78,1
d,2022-10-31 14:57:58.510981,0.19,0.37,0.69,-8.91,-42.91,2.26,-51.99,9.83,-90.54,1
d,2022-10-31 14:57:58.528981,0.17,0.37,0.65,-10.13,-34.42,2.62,-51.99,9.83,-90.54,1
d,2022-10-31 14:57:58.547928,0.18,0.38,0.72,-7.02,-30.27,6.53,-51.99,9.83,-90.54,1
d,2022-10-31 14:57:58.565926,0.23,0.42,0.90,5.55,-18.86,14.10,-41.53,10.97,-88.98,1
d,2022-10-31 14:57:58.584223,0.24,0.56,0.81,-3.17,-13.24,7.81,-41.53,10.97,-88.98,1
d,2022-10-31 14:57:58.602259,0.26,0.59,0.86,3.72,-14.59,0.49,-41.53,10.97,-88.98,1
d,2022-10-31 14:57:58.621262,0.27,0.63,1.00,6.65,-13.85,-5.19,-30.74,10.90,-86.27,1
d,2022-10-31 14:57:58.639262,0.29,0.55,0.98,14.28,-13.55,-10.62,-30.74,10.90,-86.27,1
d,2022-10-31 14:57:58.658259,0.28,0.46,1.06,17.46,-6.04,-10.25,-25.57,9.53,-86.30,1
d,2022-10-31 14:57:58.676260,0.28,0.41,1.05,17.64,0.43,-8.12,-25.57,9.53,-86.30,1
d,2022-10-31 14:57:58.694262,0.24,0.37,1.03,1.59,1.71,-10.31,-25.57,9.53,-86.30,1
d,2022-10-31 14:57:58.713260,0.20,0.36,1.02,-13.06,-4.76,-18.13,-24.38,8.79,-86.94,1
d,2022-10-31 14:57:58.731262,0.23,0.37,0.87,-36.80,-20.20,-27.53,-24.38,8.79,-86.94,1
d,2022-10-31 14:57:58.749262,0.01,0.42,1.09,-67.32,-16.91,-38.94,-24.38,8.79,-86.94,1
d,2022-10-31 14:57:58.768260,-0.17,0.50,1.12,-47.24,9.95,-30.40,-23.94,7.65,-85.78,1
d,2022-10-31 14:57:58.786260,-0.12,0.49,1.01,-5.00,25.21,-44.43,-23.94,7.65,-85.78,1
d,2022-10-31 14:57:58.805262,-0.04,0.39,1.09,14.47,36.99,-35.89,-22.08,1.45,-90.11,1
