D,2022-10-17 14:02:46.672048,-0.21,0.31,1.23,-24.48,14.10,-20.45,-65.19,-116.58,-99.77,1
D,2022-10-17 14:02:46.687661,-0.13,0.25,0.98,-21.85,19.47,-19.17,-65.19,-116.58,-99.77,1
D,2022-10-17 14:02:46.703304,-0.09,0.23,0.88,-18.25,18.31,-16.24,-65.19,-116.58,-99.77,1
D,2022-10-17 14:02:46.718925,-0.06,0.22,0.83,-21.79,17.88,-14.40,-61.25,-116.37,-96.96,1
D,2022-10-17 14:02:46.734551,-0.02,0.24,0.70,-25.70,15.44,-12.57,-61.25,-116.37,-96.96,1
D,2022-10-17 14:02:46.765801,0.00,0.30,0.74,-23.99,8.73,-6.71,-61.25,-116.37,-96.96,1
D,2022-10-17 14:02:46.781427,-0.02,0.39,0.80,-23.25,6.10,-1.71,-60.27,-118.65,-95.31,1
D,2022-10-17 14:02:46.797182,-0.05,0.38,0.84,-13.92,5.07,1.10,-60.27,-118.65,-95.31,1
D,2022-10-17 14:02:46.812680,-0.06,0.32,0.84,-16.85,10.19,-2.62,-58.75,-122.35,-93.80,1
D,2022-10-17 14:02:46.828310,-0.07,0.31,0.73,-40.77,3.60,-4.39,-58.75,-122.35,-93.80,1
D,2022-10-17 14:02:46.859787,-0.08,0.36,0.71,-50.42,-2.08,-3.23,-58.75,-122.35,-93.80,1
D,2022-10-17 14:02:46.875186,-0.10,0.46,0.68,-58.53,-6.41,-3.23,-57.65,-127.92,-90.08,1
D,2022-10-17 14:02:46.890809,-0.29,0.79,1.02,-41.99,12.21,-17.40,-57.65,-127.92,-90.08,1
D,2022-10-17 14:02:46.906439,-0.09,0.29,0.71,28.63,40.89,-13.18,-57.65,-127.92,-90.08,1
D,2022-10-17 14:02:46.922062,0.07,0.24,0.08,-18.80,28.81,-19.10,-56.54,-130.16,-89.62,1
D,2022-10-17 14:02:46.953301,-0.14,0.27,0.43,25.45,-39.67,18.55,-56.54,-130.16,-89.62,1
D,2022-10-17 14:02:46.968939,-0.08,0.32,0.47,42.42,-66.65,39.43,-58.45,-131.63,-94.09,1
D,2022-10-17 14:02:46.984566,-0.08,0.36,0.58,52.49,-89.29,54.63,-58.45,-131.63,-94.09,1
D,2022-10-17 14:02:47.000192,-0.17,0.38,0.82,37.48,-99.12,59.08,-58.45,-131.63,-94.09,1
D,2022-10-17 14:02:47.015821,-0.32,0.53,1.24,-10.31,-69.03,40.77,-68.99,-130.97,-98.27,1
D,2022-10-17 14:02:47.031443,-0.72,0.98,1.65,-62.19,-44.01,24.41,-68.99,-130.97,-98.27,1
D,2022-10-17 14:02:47.062693,-0.70,1.13,1.87,-14.16,-4.09,-0.12,-68.99,-130.97,-98.27,1
D,2022-10-17 14:02:47.078320,-0.39,0.95,1.53,10.93,38.27,-31.37,-74.88,-128.34,-95.13,1
D,2022-10-17 14:02:47.093950,-0.14,0.51,1.24,33.63,52.67,-44.74,-74.88,-128.34,-95.13,1
D,2022-10-17 14:02:47.109572,-0.02,0.35,0.99,17.70,59.75,-43.95,-63.96,-126.00,-96.25,1
D,2022-10-17 14:02:47.125201,0.01,0.31,0.85,-1.28,65.98,-42.18,-63.96,-126.00,-96.25,1
D,2022-10-17 14:02:47.156448,0.06,0.30,0.69,-5.37,65.12,-36.19,-63.96,-126.00,-96.25,1
D,2022-10-17 14:02:47.172074,0.10,0.24,0.60,-6.16,38.88,-20.20,-58.48,-124.08,-94.59,1
D,2022-10-17 14:02:47.187701,0.10,0.25,0.58,-6.77,26.98,-4.82,-58.48,-124.08,-94.59,1
D,2022-10-17 14:02:47.203331,0.01,0.33,0.62,-4.15,14.95,8.12,-58.48,-124.08,-94.59,1
D,2022-10-17 14:02:47.218953,-0.06,0.43,0.65,2.32,12.82,13.98,-57.34,-124.87,-93.21,1
D,2022-10-17 14:02:47.250203,-0.07,0.57,0.67,-4.15,13.24,3.23,-57.34,-124.87,-93.21,1
D,2022-10-17 14:02:47.265832,-0.03,0.59,0.63,-19.10,9.22,-7.75,-56.13,-127.47,-90.86,1
D,2022-10-17 14:02:47.281456,-0.05,0.56,0.67,-17.33,3.48,-13.79,-56.13,-127.47,-90.86,1
D,2022-10-17 14:02:47.297082,-1.27,0.46,1.96,-7.02,-4.15,-12.57,-56.13,-127.47,-90.86,1
D,2022-10-17 14:02:47.312709,0.01,0.61,0.64,111.57,6.90,7.32,-52.72,-127.42,-92.41,1
D,2022-10-17 14:02:47.328334,-0.08,0.38,0.77,10.74,10.01,-37.78,-52.72,-127.42,-92.41,1
D,2022-10-17 14:02:47.359585,-0.08,0.31,0.74,27.34,5.92,-22.58,-52.72,-127.42,-92.41,1
D,2022-10-17 14:02:47.375193,-0.02,0.41,0.56,24.90,1.04,-18.98,-45.75,-127.60,-93.15,1
D,2022-10-17 14:02:47.390820,-0.04,0.34,0.61,13.37,-26.37,-29.97,-45.75,-127.60,-93.15,1
D,2022-10-17 14:02:47.406468,-0.10,0.22,0.77,18.13,-40.59,-23.93,-37.24,-126.82,-94.32,1
D,2022-10-17 14:02:47.422090,-0.07,0.22,0.74,19.96,-37.54,-15.93,-37.24,-126.82,-94.32,1
D,2022-10-17 14:02:47.453324,-0.10,0.19,0.82,20.57,-42.42,-11.54,-37.24,-126.82,-94.32,1
D,2022-10-17 14:02:47.468966,-0.12,0.14,0.94,18.43,-43.82,-1.53,-32.98,-125.87,-102.80,1
D,2022-10-17 14:02:47.484597,-0.16,0.11,1.06,11.23,-39.49,3.72,-32.98,-125.87,-102.80,1
D,2022-10-17 14:02:47.500219,-0.19,0.11,1.12,8.36,-32.53,9.03,-32.98,-125.87,-102.80,1
D,2022-10-17 14:02:47.515849,-0.18,0.12,1.10,5.62,-22.46,13.18,-38.66,-126.88,-108.80,1
D,2022-10-17 14:02:47.547078,-0.18,0.15,1.11,4.82,-17.33,23.32,-38.66,-126.88,-108.80,1
D,2022-10-17 14:02:47.562721,-0.18,0.22,1.11,-7.02,-10.07,22.95,-38.66,-126.88,-108.80,1
D,2022-10-17 14:02:47.578347,-0.20,0.25,1.12,-8.12,-7.63,29.72,-50.39,-129.37,-107.24,1
D,2022-10-17 14:02:47.593978,-0.21,0.30,1.10,-4.76,-5.68,42.97,-50.39,-129.37,-107.24,1
D,2022-10-17 14:02:47.609601,-0.22,0.38,1.10,-21.24,1.28,57.13,-64.49,-128.96,-104.85,1
D,2022-10-17 14:02:47.640840,-0.35,0.68,1.26,-61.16,10.80,53.16,-64.49,-128.96,-104.85,1
D,2022-10-17 14:02:47.656479,-0.61,1.29,1.19,-96.80,28.99,34.85,-64.49,-128.96,-104.85,1
D,2022-10-17 14:02:47.672086,-0.59,1.53,1.23,-43.64,22.16,-1.59,-70.13,-127.76,-99.04,1
D,2022-10-17 14:02:47.687711,-0.32,1.16,0.89,15.99,35.83,-49.32,-70.13,-127.76,-99.04,1
D,2022-10-17 14:02:47.703356,-0.07,0.85,0.49,59.14,38.21,-58.53,-70.13,-127.76,-99.04,1
D,2022-10-17 14:02:47.718981,0.11,0.59,0.35,71.47,26.61,-63.54,-58.48,-120.79,-98.46,1
