J,2022-10-21 11:08:12.463175,0.42,0.10,0.89,-19.65,2.93,4.27,-77.10,72.18,36.69,1
J,2022-10-21 11:08:12.478804,0.36,0.14,0.88,-19.10,7.20,12.15,-78.93,71.37,33.54,1
J,2022-10-21 11:08:12.494426,0.42,0.11,0.78,-8.85,13.06,16.66,-78.93,71.37,33.54,1
J,2022-10-21 11:08:12.525658,0.47,0.12,0.68,-13.24,10.68,21.24,-78.93,71.37,33.54,1
J,2022-10-21 11:08:12.541284,0.46,0.22,0.67,-27.47,-0.92,27.10,-80.58,70.87,33.87,1
J,2022-10-21 11:08:12.556929,0.34,0.30,0.72,-25.39,-9.95,30.58,-80.58,70.87,33.87,1
J,2022-10-21 11:08:12.572556,0.30,0.40,0.82,-6.16,-12.76,39.12,-81.42,72.25,36.50,1
J,2022-10-21 11:08:12.588182,0.38,0.49,0.76,10.19,-7.69,35.16,-81.42,72.25,36.50,1
J,2022-10-21 11:08:12.619414,0.39,0.51,0.86,-8.12,-11.35,15.44,-81.42,72.25,36.50,1
J,2022-10-21 11:08:12.635040,0.39,0.51,0.84,50.96,14.28,20.14,-80.68,72.66,38.44,1
J,2022-10-21 11:08:12.650686,0.48,0.81,0.68,56.34,13.43,8.73,-80.68,72.66,38.44,1
J,2022-10-21 11:08:12.666311,0.38,0.70,0.69,14.47,4.33,-32.04,-80.68,72.66,38.44,1
J,2022-10-21 11:08:12.681941,0.18,0.50,0.39,71.84,0.98,-24.66,-81.52,73.55,36.84,1
J,2022-10-21 11:08:12.697563,0.10,0.27,1.21,38.02,-22.22,-61.65,-81.52,73.55,36.84,1
J,2022-10-21 11:08:12.730761,0.41,-0.05,0.87,69.15,-16.72,-44.62,-81.52,73.55,36.84,1
J,2022-10-21 11:08:12.744606,0.41,-0.17,0.95,73.67,-6.77,-22.52,-82.14,75.10,33.96,1
J,2022-10-21 11:08:12.760259,0.38,-0.23,0.95,45.59,-2.62,-9.58,-82.14,75.10,33.96,1
J,2022-10-21 11:08:12.775886,0.34,-0.21,1.01,24.29,-4.94,-2.44,-82.89,75.45,30.70,1
J,2022-10-21 11:08:12.791515,0.33,-0.21,1.02,0.31,-1.34,-3.36,-82.89,75.45,30.70,1
J,2022-10-21 11:08:12.822744,0.31,-0.21,0.98,-25.45,12.21,9.09,-82.89,75.45,30.70,1
J,2022-10-21 11:08:12.838372,0.45,0.01,0.68,-40.41,10.01,15.20,-82.92,74.68,30.35,1
J,2022-10-21 11:08:12.854016,0.47,0.16,0.56,-47.36,-3.05,16.05,-82.92,74.68,30.35,1
J,2022-10-21 11:08:12.869645,0.43,0.24,0.57,-43.95,-20.20,14.53,-82.92,74.68,30.35,1
J,2022-10-21 11:08:12.885271,0.32,0.52,0.77,-52.86,20.69,-45.47,-81.90,76.66,33.91,1
J,2022-10-21 11:08:12.916499,0.31,0.31,0.71,0.12,-0.12,-11.66,-81.90,76.66,33.91,1
J,2022-10-21 11:08:12.932125,0.23,0.31,0.64,10.86,-9.28,-3.11,-80.47,78.49,34.41,1
J,2022-10-21 11:08:12.947775,0.27,0.22,0.65,34.91,-26.92,-3.78,-80.47,78.49,34.41,1
J,2022-10-21 11:08:12.963401,0.31,0.21,0.83,21.12,-53.96,-21.42,-80.47,78.49,34.41,1
J,2022-10-21 11:08:12.979022,0.35,0.01,0.82,-17.82,-62.50,-35.89,-76.82,81.31,37.21,1
J,2022-10-21 11:08:13.010256,0.35,0.00,0.93,-36.25,-55.79,-32.78,-76.82,81.31,37.21,1
J,2022-10-21 11:08:13.025880,0.34,0.08,1.03,-41.93,-42.30,-19.41,-76.82,81.31,37.21,1
J,2022-10-21 11:08:13.041525,0.37,0.20,1.05,-44.62,-20.20,-2.26,-70.90,86.74,43.35,1
J,2022-10-21 11:08:13.057152,0.42,0.29,1.02,-43.33,-9.46,-3.78,-70.90,86.74,43.35,1
J,2022-10-21 11:08:13.088385,0.43,0.37,1.06,-47.55,-2.01,-14.04,-65.75,89.48,46.77,1
J,2022-10-21 11:08:13.104011,0.36,0.35,1.02,-36.99,1.22,-16.60,-65.75,89.48,46.77,1
J,2022-10-21 11:08:13.119637,0.32,0.27,1.09,-11.35,1.53,-2.81,-65.75,89.48,46.77,1
J,2022-10-21 11:08:13.135265,0.38,0.21,1.12,18.55,8.54,24.41,-63.24,88.79,50.74,1
J,2022-10-21 11:08:13.150891,0.42,0.27,0.97,6.35,21.12,25.45,-63.24,88.79,50.74,1
J,2022-10-21 11:08:13.182142,0.41,0.29,1.01,-16.60,22.95,13.67,-63.57,83.72,52.20,1
J,2022-10-21 11:08:13.197767,0.39,0.31,0.97,-24.11,31.01,13.85,-63.57,83.72,52.20,1
J,2022-10-21 11:08:13.213394,0.33,0.49,0.70,-21.79,30.33,20.45,-63.57,83.72,52.20,1
J,2022-10-21 11:08:13.229021,0.30,0.37,0.75,1.71,18.55,33.81,-67.66,78.87,51.07,1
J,2022-10-21 11:08:13.244645,0.31,0.55,0.73,23.62,6.96,37.60,-67.66,78.87,51.07,1
J,2022-10-21 11:08:13.260272,0.10,0.69,0.84,35.03,-1.28,31.19,-67.66,78.87,51.07,1
J,2022-10-21 11:08:13.291523,-0.00,0.74,0.98,48.22,6.90,-2.38,-70.06,73.29,51.48,1
J,2022-10-21 11:08:13.307154,0.06,0.49,0.92,65.86,28.44,-36.99,-70.06,73.29,51.48,1
J,2022-10-21 11:08:13.322776,0.21,0.15,0.81,91.74,41.32,-41.14,-70.06,73.29,51.48,1
J,2022-10-21 11:08:13.338402,0.30,-0.03,0.69,97.84,39.73,-41.75,-71.86,69.29,45.96,1
J,2022-10-21 11:08:13.354028,0.39,-0.31,0.71,93.20,24.96,-41.26,-71.86,69.29,45.96,1
J,2022-10-21 11:08:13.385279,0.42,-0.65,0.78,72.94,15.38,-10.62,-71.57,65.49,41.76,1
J,2022-10-21 11:08:13.400905,0.44,-0.62,0.76,27.89,9.70,20.69,-71.57,65.49,41.76,1
J,2022-10-21 11:08:13.416532,0.44,-0.51,0.76,1.53,6.23,41.44,-71.57,65.49,41.76,1
J,2022-10-21 11:08:13.432161,0.45,-0.38,0.78,-18.31,2.26,56.03,-69.73,62.72,42.19,1
J,2022-10-21 11:08:13.447785,0.43,-0.25,0.79,-39.06,-4.09,74.52,-69.73,62.72,42.19,1
J,2022-10-21 11:08:13.463409,0.35,0.03,0.84,-49.32,-5.00,80.26,-69.73,62.72,42.19,1
J,2022-10-21 11:08:13.494662,0.31,0.20,0.89,-49.87,-1.89,79.47,-65.84,63.07,41.85,1
J,2022-10-21 11:08:13.510290,0.31,0.33,0.93,-47.97,4.46,73.97,-65.84,63.07,41.85,1
J,2022-10-21 11:08:13.525914,0.34,0.41,0.89,-43.21,12.21,64.33,-57.53,63.99,40.56,1
J,2022-10-21 11:08:13.541558,0.38,0.52,0.87,-33.51,13.55,60.42,-57.53,63.99,40.56,1
J,2022-10-21 11:08:13.557190,0.40,0.57,0.83,-27.40,15.01,53.83,-57.53,63.99,40.56,1
J,2022-10-21 11:08:13.588418,0.42,0.58,0.80,-19.35,15.75,47.06,-49.02,59.38,38.44,1
J,2022-10-21 11:08:13.604044,0.45,0.58,0.75,-19.04,10.86,36.99,-49.02,59.38,38.44,1
J,2022-10-21 11:08:13.619681,0.43,0.58,0.73,-26.12,7.51,29.05,-49.02,59.38,38.44,1
J,2022-10-21 11:08:13.635297,0.40,0.63,0.74,-30.58,4.27,22.83,-43.92,53.96,38.93,1
J,2022-10-21 11:08:13.650923,0.40,0.63,0.74,-25.33,3.85,16.60,-43.92,53.96,38.93,1
