e,2022-10-31 12:12:38.364843,0.26,-0.24,0.79,15.08,-18.49,2.81,12.18,-11.13,-148.44,1
e,2022-10-31 12:12:38.386032,0.23,-0.27,0.86,10.86,-21.91,3.85,8.87,-12.60,-150.65,1
e,2022-10-31 12:12:38.405741,0.19,-0.34,0.94,6.35,-22.77,5.00,8.87,-12.60,-150.65,1
e,2022-10-31 12:12:38.426040,0.20,-0.35,0.96,5.25,-21.73,7.93,8.87,-12.60,-150.65,1
e,2022-10-31 12:12:38.446564,0.15,-0.45,0.97,7.39,-21.12,11.72,4.80,-15.20,-156.34,1
e,2022-10-31 12:12:38.469194,0.15,-0.49,0.97,15.56,-19.96,21.42,4.80,-15.20,-156.34,1
e,2022-10-31 12:12:38.494729,0.17,-0.55,0.94,16.97,-15.93,25.88,-2.70,-16.20,-163.73,1
e,2022-10-31 12:12:38.517489,0.21,-0.63,0.90,6.71,-11.41,26.67,-2.70,-16.20,-163.73,1
e,2022-10-31 12:12:38.540108,0.25,-0.68,0.83,-7.81,-8.48,33.69,-16.59,-15.08,-174.10,1
e,2022-10-31 12:12:38.560304,0.25,-0.61,0.78,-20.69,-13.18,46.51,-16.59,-15.08,-174.10,1
e,2022-10-31 12:12:38.579770,0.27,-0.52,0.83,-26.92,-14.71,51.82,-16.59,-15.08,-174.10,1
e,2022-10-31 12:12:38.602550,0.32,-0.41,0.83,-46.02,-12.51,56.58,-39.38,-6.53,-182.13,1
e,2022-10-31 12:12:38.622883,0.27,-0.20,0.87,-58.72,-9.95,54.26,-39.38,-6.53,-182.13,1
e,2022-10-31 12:12:38.643810,0.25,-0.17,0.88,-68.36,-8.67,43.82,-62.39,15.88,-184.91,1
e,2022-10-31 12:12:38.663249,0.25,-0.10,0.97,-70.13,-9.09,47.42,-62.39,15.88,-184.91,1
e,2022-10-31 12:12:38.684098,0.24,0.08,1.08,-70.74,-2.56,55.11,-62.39,15.88,-184.91,1
e,2022-10-31 12:12:38.708641,0.22,0.27,1.09,-65.61,6.35,48.71,-72.68,44.26,-175.76,1
e,2022-10-31 12:12:38.730299,0.22,0.33,1.08,-58.29,16.30,39.73,-72.68,44.26,-175.76,1
e,2022-10-31 12:12:38.756030,0.22,0.37,1.04,-51.51,20.45,35.03,-65.42,62.62,-161.54,1
e,2022-10-31 12:12:38.777657,0.23,0.47,1.01,-39.49,15.50,23.32,-65.42,62.62,-161.54,1
e,2022-10-31 12:12:38.796110,0.24,0.47,0.99,-37.05,15.26,14.22,-55.77,70.90,-150.99,1
e,2022-10-31 12:12:38.815259,0.22,0.51,0.96,-32.04,16.24,8.54,-55.77,70.90,-150.99,1
e,2022-10-31 12:12:38.835231,0.23,0.54,0.92,-19.53,14.28,5.43,-50.10,73.62,-145.90,1
e,2022-10-31 12:12:38.855232,0.26,0.43,0.90,-11.05,7.63,1.10,-50.10,73.62,-145.90,1
e,2022-10-31 12:12:38.875265,0.22,0.37,0.85,3.36,6.47,3.60,-50.10,73.62,-145.90,1
e,2022-10-31 12:12:38.893821,0.23,0.25,0.80,14.77,0.79,7.32,-47.81,76.43,-142.50,1
e,2022-10-31 12:12:38.911961,0.23,0.22,0.84,12.39,-6.10,12.08,-47.81,76.43,-142.50,1
e,2022-10-31 12:12:38.931349,0.17,0.24,0.92,2.32,-3.78,5.49,-47.81,76.43,-142.50,1
e,2022-10-31 12:12:38.951978,0.16,0.19,1.00,-0.67,2.44,1.40,-46.68,80.13,-139.59,1
e,2022-10-31 12:12:38.972084,0.16,0.18,0.95,4.64,9.52,5.92,-46.68,80.13,-139.59,1
e,2022-10-31 12:12:38.993722,0.17,0.07,0.89,7.39,6.04,9.40,-45.21,82.82,-138.65,1
e,2022-10-31 12:12:39.014831,0.06,0.11,0.95,0.61,3.85,9.03,-45.21,82.82,-138.65,1
e,2022-10-31 12:12:39.038135,0.20,0.09,0.85,-1.16,9.52,16.24,-42.87,84.18,-135.82,1
e,2022-10-31 12:12:39.061464,0.21,0.34,0.89,-10.44,-0.61,14.34,-42.87,84.18,-135.82,1
e,2022-10-31 12:12:39.083141,0.12,0.76,0.98,-20.57,3.91,-16.78,-42.87,84.18,-135.82,1
e,2022-10-31 12:12:39.105327,0.23,0.40,0.90,-7.75,8.91,-4.52,-41.02,83.92,-137.04,1
e,2022-10-31 12:12:39.128600,0.19,0.40,0.83,2.08,16.17,18.31,-41.02,83.92,-137.04,1
e,2022-10-31 12:12:39.152030,0.15,0.65,0.95,10.44,-12.82,-13.49,-40.77,83.89,-136.24,1
e,2022-10-31 12:12:39.173098,0.30,0.34,1.01,43.09,-4.39,-20.94,-40.77,83.89,-136.24,1
e,2022-10-31 12:12:39.192830,0.27,0.12,1.00,69.70,4.46,-4.70,-44.70,84.40,-134.51,1
e,2022-10-31 12:12:39.212297,0.26,0.20,1.06,73.49,15.87,-3.85,-44.70,84.40,-134.51,1
e,2022-10-31 12:12:39.233917,0.34,-0.34,0.89,47.97,12.45,-20.20,-48.47,86.87,-135.08,1
e,2022-10-31 12:12:39.253627,0.31,0.04,1.06,23.93,0.98,-5.19,-48.47,86.87,-135.08,1
e,2022-10-31 12:12:39.274144,0.30,-0.08,0.93,-2.56,8.00,-45.72,-48.47,86.87,-135.08,1
e,2022-10-31 12:12:39.297054,0.30,-0.19,0.86,28.87,-4.52,-21.12,-51.92,85.46,-137.43,1
e,2022-10-31 12:12:39.316595,0.25,-0.20,0.81,36.68,-9.64,-7.51,-51.92,85.46,-137.43,1
e,2022-10-31 12:12:39.337220,0.31,-0.19,0.95,9.46,4.88,-22.58,-54.21,86.35,-136.30,1
e,2022-10-31 12:12:39.356239,0.34,-0.30,0.88,-14.77,18.25,-18.86,-54.21,86.35,-136.30,1
e,2022-10-31 12:12:39.376980,0.36,-0.36,0.88,-32.90,13.92,-0.92,-54.21,86.35,-136.30,1
e,2022-10-31 12:12:39.398375,0.22,-0.16,0.77,-39.25,17.21,34.24,-51.56,84.64,-138.10,1
e,2022-10-31 12:12:39.417858,0.23,-0.06,0.79,-47.00,-2.14,34.85,-51.56,84.64,-138.10,1
e,2022-10-31 12:12:39.439359,0.18,0.06,0.78,-47.00,-11.47,35.16,-46.30,85.10,-137.84,1
e,2022-10-31 12:12:39.459562,0.18,0.26,0.67,-47.79,-20.94,21.67,-46.30,85.10,-137.84,1
e,2022-10-31 12:12:39.479399,0.16,0.35,0.76,-44.37,-22.58,5.55,-46.30,85.10,-137.84,1
e,2022-10-31 12:12:39.500230,0.15,0.58,0.76,-37.35,-7.63,-15.50,-42.27,84.64,-134.84,1
e,2022-10-31 12:12:39.522528,0.17,0.61,0.89,4.46,-24.60,-2.93,-42.27,84.64,-134.84,1
e,2022-10-31 12:12:39.548843,0.09,0.67,0.88,44.68,-13.49,10.93,-41.77,85.00,-132.46,1
e,2022-10-31 12:12:39.570759,0.25,0.30,1.12,82.21,7.45,13.06,-41.77,85.00,-132.46,1
e,2022-10-31 12:12:39.593145,0.24,0.27,1.13,81.24,15.81,3.78,-42.65,88.82,-125.65,1
e,2022-10-31 12:12:39.612643,0.26,0.27,1.13,62.32,15.44,-15.63,-42.65,88.82,-125.65,1
e,2022-10-31 12:12:39.632852,0.37,-0.30,1.01,56.09,9.77,-25.82,-46.80,91.32,-121.83,1
e,2022-10-31 12:12:39.652556,0.38,-0.38,0.92,63.84,5.37,-10.19,-46.80,91.32,-121.83,1
e,2022-10-31 12:12:39.672930,0.33,-0.61,0.88,73.00,-6.84,30.88,-46.80,91.32,-121.83,1
e,2022-10-31 12:12:39.693149,0.26,-0.22,0.94,57.56,-12.82,48.95,-47.94,96.12,-121.33,1
e,2022-10-31 12:12:39.715781,0.24,-0.08,0.95,34.18,-18.92,32.53,-47.94,96.12,-121.33,1
e,2022-10-31 12:12:39.741570,0.23,-0.22,0.90,-6.47,-19.04,25.76,-47.03,99.12,-119.17,1
e,2022-10-31 12:12:39.764674,-0.01,0.27,0.95,-82.52,-18.01,-1.77,-47.03,99.12,-119.17,1
e,2022-10-31 12:12:39.787394,-0.28,0.05,1.44,-92.65,-20.02,-92.77,-51.34,94.36,-126.48,1
