V,2022-10-25 13:33:23.692064,0.07,-0.23,0.89,19.59,4.27,-0.85,-21.72,135.50,-30.51,1
V,2022-10-25 13:33:23.707671,0.05,-0.24,0.88,20.51,-2.08,-11.47,-21.37,134.91,-30.48,1
V,2022-10-25 13:33:23.738939,0.07,-0.27,0.90,20.63,-0.92,-12.70,-21.37,134.91,-30.48,1
V,2022-10-25 13:33:23.754549,0.07,-0.33,0.92,13.79,1.40,-15.56,-21.37,134.91,-30.48,1
V,2022-10-25 13:33:23.770192,0.07,-0.38,0.95,10.74,1.53,-10.74,-20.98,135.13,-29.08,1
V,2022-10-25 13:33:23.785823,0.08,-0.38,0.93,14.28,3.54,-2.50,-20.98,135.13,-29.08,1
V,2022-10-25 13:33:23.801445,0.10,-0.41,0.91,-2.38,2.56,-5.68,-20.98,135.13,-29.08,1
V,2022-10-25 13:33:23.817071,0.05,-0.41,0.98,-12.39,-2.26,-4.52,-21.97,134.90,-29.79,1
V,2022-10-25 13:33:23.848321,0.03,-0.38,1.00,-10.13,-1.34,1.40,-21.97,134.90,-29.79,1
V,2022-10-25 13:33:23.863930,0.07,-0.34,0.93,-9.46,7.57,1.89,-22.38,134.89,-30.79,1
V,2022-10-25 13:33:23.879574,0.14,-0.32,0.83,-14.47,4.64,-0.79,-22.38,134.89,-30.79,1
V,2022-10-25 13:33:23.895200,0.14,-0.28,0.74,-21.97,-5.43,-5.80,-22.38,134.89,-30.79,1
V,2022-10-25 13:33:23.910829,0.11,-0.30,0.71,-21.73,-20.08,-8.73,-23.54,134.33,-29.42,1
V,2022-10-25 13:33:23.942079,-1.30,-0.36,1.00,-31.49,-28.26,-15.38,-23.54,134.33,-29.42,1
V,2022-10-25 13:33:23.957685,0.02,-0.02,0.94,7.69,12.39,9.83,-23.54,134.33,-29.42,1
V,2022-10-25 13:33:23.973330,-0.06,-0.50,0.79,53.59,9.46,14.53,-24.55,135.03,-29.38,1
V,2022-10-25 13:33:23.988959,-0.04,-0.17,0.62,-7.14,-4.88,-10.13,-24.55,135.03,-29.38,1
V,2022-10-25 13:33:24.004580,-0.06,-0.14,0.81,3.17,-35.22,-19.10,-23.01,134.48,-28.26,1
V,2022-10-25 13:33:24.035831,-0.06,-0.07,0.80,3.66,-42.79,-22.83,-23.01,134.48,-28.26,1
V,2022-10-25 13:33:24.051440,-0.08,-0.07,0.80,18.43,-38.82,-24.11,-23.01,134.48,-28.26,1
V,2022-10-25 13:33:24.067088,-0.09,-0.13,0.81,38.64,-30.88,-22.71,-21.63,134.01,-25.20,1
V,2022-10-25 13:33:24.082710,-0.08,-0.26,0.85,41.75,-29.85,-23.44,-21.63,134.01,-25.20,1
V,2022-10-25 13:33:24.098340,-0.09,-0.33,0.90,36.74,-29.91,-27.16,-21.63,134.01,-25.20,1
V,2022-10-25 13:33:24.129570,-0.11,-0.39,0.99,37.66,-26.67,-26.18,-18.76,132.62,-21.26,1
V,2022-10-25 13:33:24.145212,-0.11,-0.44,1.04,35.71,-17.64,-19.71,-18.76,132.62,-21.26,1
V,2022-10-25 13:33:24.160840,-0.12,-0.48,1.08,26.49,-15.69,-19.78,-15.27,132.56,-20.13,1
V,2022-10-25 13:33:24.176469,-0.11,-0.51,1.10,20.87,-13.00,-18.37,-15.27,132.56,-20.13,1
V,2022-10-25 13:33:24.192073,-0.12,-0.56,1.13,12.27,-6.59,-14.65,-15.27,132.56,-20.13,1
V,2022-10-25 13:33:24.223341,-0.10,-0.55,1.10,10.31,-5.25,-8.30,-14.17,132.68,-19.73,1
V,2022-10-25 13:33:24.238970,-0.11,-0.52,1.06,17.58,-10.19,-2.87,-14.17,132.68,-19.73,1
V,2022-10-25 13:33:24.254598,-0.13,-0.47,1.12,26.98,-14.95,-1.10,-14.17,132.68,-19.73,1
V,2022-10-25 13:33:24.270221,-0.23,-0.48,1.24,-3.11,12.57,-6.90,-13.66,133.81,-19.23,1
V,2022-10-25 13:33:24.285850,-0.14,-0.38,1.12,-28.63,46.81,-10.93,-13.66,133.81,-19.23,1
V,2022-10-25 13:33:24.317097,-0.08,-0.35,1.01,-26.49,49.26,-10.80,-15.64,133.68,-21.89,1
V,2022-10-25 13:33:24.332706,-0.08,-0.35,0.96,-22.40,30.33,-11.23,-15.64,133.68,-21.89,1
V,2022-10-25 13:33:24.348350,-0.09,-0.32,0.95,-12.94,24.54,-10.68,-15.64,133.68,-21.89,1
V,2022-10-25 13:33:24.363980,-0.09,-0.33,0.89,-12.33,25.09,-10.80,-18.24,134.01,-24.26,1
V,2022-10-25 13:33:24.379602,-0.07,-0.35,0.79,-9.28,22.40,-9.16,-18.24,134.01,-24.26,1
V,2022-10-25 13:33:24.410851,-0.06,-0.39,0.64,-0.73,12.08,-4.21,-18.24,134.01,-24.26,1
V,2022-10-25 13:33:24.426462,-0.07,-0.38,0.64,3.11,-1.77,-1.10,-21.57,134.68,-27.40,1
V,2022-10-25 13:33:24.442087,-0.03,-0.37,0.44,15.81,-16.36,4.27,-21.57,134.68,-27.40,1
V,2022-10-25 13:33:24.457713,-0.13,-0.42,0.73,43.88,-40.83,11.47,-22.56,135.17,-26.93,1
V,2022-10-25 13:33:24.473357,-0.15,-0.45,0.70,6.10,-15.44,7.51,-22.56,135.17,-26.93,1
V,2022-10-25 13:33:24.504607,-0.14,-0.44,0.80,-18.98,3.48,3.36,-22.56,135.17,-26.93,1
V,2022-10-25 13:33:24.520216,-0.12,-0.41,0.83,-39.55,18.98,-1.40,-22.07,134.55,-26.66,1
V,2022-10-25 13:33:24.535859,-0.10,-0.38,0.87,-54.50,29.36,-4.58,-22.07,134.55,-26.66,1
V,2022-10-25 13:33:24.551487,-0.08,-0.33,0.91,-69.46,33.02,-5.80,-22.07,134.55,-26.66,1
