v,2022-11-04 10:40:32.110193,0.09,-0.49,0.79,31.62,7.20,23.50,-20.42,-20.28,-139.71,1
v,2022-11-04 10:40:32.133771,0.14,-0.62,0.77,17.03,14.04,20.75,-19.15,-20.34,-138.68,1
v,2022-11-04 10:40:32.150694,-0.17,0.85,0.30,-2.50,10.62,5.07,-19.15,-20.34,-138.68,1
v,2022-11-04 10:40:32.171270,0.09,-0.51,0.81,-2.38,-18.68,-43.58,-18.10,-19.92,-141.71,1
v,2022-11-04 10:40:32.191795,0.10,-0.53,0.76,13.37,-16.24,-19.29,-18.10,-19.92,-141.71,1
v,2022-11-04 10:40:32.211272,0.11,-0.55,0.80,23.74,-13.00,-7.93,-18.10,-19.92,-141.71,1
v,2022-11-04 10:40:32.234501,0.10,-0.57,0.85,18.86,-11.78,-7.87,-17.26,-19.87,-144.82,1
v,2022-11-04 10:40:32.253858,0.12,-0.62,0.88,15.32,-8.00,-8.30,-17.26,-19.87,-144.82,1
v,2022-11-04 10:40:32.276083,0.13,-0.76,0.86,14.89,-5.68,-3.97,-17.14,-19.21,-146.06,1
v,2022-11-04 10:40:32.294880,0.12,-0.79,0.85,16.48,-7.87,9.34,-17.14,-19.21,-146.06,1
v,2022-11-04 10:40:32.315307,0.11,-0.71,0.81,8.48,-13.92,8.36,-16.65,-18.48,-147.66,1
v,2022-11-04 10:40:32.335253,0.10,-0.68,0.82,-2.08,-21.55,-2.87,-16.65,-18.48,-147.66,1
v,2022-11-04 10:40:32.357596,0.08,-0.62,0.83,-14.71,-31.86,-18.49,-16.65,-18.48,-147.66,1
v,2022-11-04 10:40:32.377115,0.08,-0.60,0.96,-16.85,-13.06,-21.97,-18.15,-19.73,-145.92,1
v,2022-11-04 10:40:32.397301,0.01,-0.37,-0.09,-88.87,202.33,5.13,-18.15,-19.73,-145.92,1
v,2022-11-04 10:40:32.420411,0.14,-0.43,0.83,-46.63,69.09,-3.17,-16.43,-24.15,-141.87,1
v,2022-11-04 10:40:32.438127,0.03,-0.53,0.55,11.60,26.86,-5.31,-16.43,-24.15,-141.87,1
v,2022-11-04 10:40:32.459629,0.13,-0.56,0.75,33.39,-5.19,-0.73,-16.43,-24.15,-141.87,1
v,2022-11-04 10:40:32.478659,0.09,-0.55,0.67,19.53,-2.38,-3.72,-16.99,-26.10,-138.48,1
v,2022-11-04 10:40:32.499065,0.05,-0.64,0.51,13.79,-11.78,-6.16,-16.99,-26.10,-138.48,1
v,2022-11-04 10:40:32.520898,0.09,-0.62,0.70,17.33,-38.57,-1.46,-18.03,-26.45,-136.39,1
v,2022-11-04 10:40:32.538512,0.09,-0.60,0.69,-0.37,-22.58,-2.93,-18.03,-26.45,-136.39,1
v,2022-11-04 10:40:32.559286,0.08,-0.59,0.74,-23.62,-0.55,-1.89,-18.03,-26.45,-136.39,1
v,2022-11-04 10:40:32.580790,-0.10,-0.49,0.91,-28.44,9.40,4.58,-19.41,-27.33,-136.29,1
v,2022-11-04 10:40:32.597858,-0.10,-0.46,0.95,-3.85,20.32,16.78,-19.41,-27.33,-136.29,1
v,2022-11-04 10:40:32.619169,0.17,-0.29,0.84,34.55,19.47,21.61,-19.49,-26.39,-135.44,1
v,2022-11-04 10:40:32.636460,0.24,-0.30,0.93,45.53,12.21,10.93,-19.49,-26.39,-135.44,1
v,2022-11-04 10:40:32.657266,0.22,-0.43,0.92,40.41,15.81,-9.58,-19.49,-26.39,-135.44,1
v,2022-11-04 10:40:32.679594,0.36,-0.59,0.66,42.85,21.36,-11.23,-18.86,-25.49,-136.93,1
v,2022-11-04 10:40:32.696467,0.37,-0.69,0.48,32.71,9.28,-12.21,-18.86,-25.49,-136.93,1
v,2022-11-04 10:40:32.717948,0.20,-0.69,0.69,13.18,-9.95,-13.73,-17.09,-25.50,-137.10,1
