l,2022-11-02 10:30:15.250796,-0.09,0.31,0.89,5.37,-8.97,24.35,20.08,-0.22,-21.45,1
l,2022-11-02 10:30:15.266486,-0.03,0.43,0.94,-1.65,-4.76,16.78,21.11,-0.38,-19.59,1
l,2022-11-02 10:30:15.282085,0.01,0.50,0.91,1.95,-1.59,19.65,21.11,-0.38,-19.59,1
l,2022-11-02 10:30:15.313365,0.04,0.46,0.94,8.18,-0.92,24.29,20.83,-0.95,-20.84,1
l,2022-11-02 10:30:15.328969,0.05,0.42,0.92,8.18,-6.04,25.70,20.83,-0.95,-20.84,1
l,2022-11-02 10:30:15.344676,0.01,0.44,0.86,7.32,-6.47,27.89,20.83,-0.95,-20.84,1
l,2022-11-02 10:30:15.375841,-0.03,0.43,0.87,15.26,-5.25,28.75,21.06,-0.92,-19.82,1
l,2022-11-02 10:30:15.391943,-0.01,0.44,0.89,17.15,-4.88,16.17,21.06,-0.92,-19.82,1
l,2022-11-02 10:30:15.407644,-0.00,0.48,0.95,11.78,-8.61,9.58,21.22,-1.11,-18.49,1
l,2022-11-02 10:30:15.423288,-0.00,0.49,0.89,9.22,-14.59,-2.20,21.22,-1.11,-18.49,1
l,2022-11-02 10:30:15.454452,-0.29,1.17,1.00,0.98,-6.53,7.20,21.22,-1.11,-18.49,1
l,2022-11-02 10:30:15.470088,-0.08,-0.01,0.97,6.96,24.35,3.48,21.92,-1.34,-18.58,1
l,2022-11-02 10:30:15.486128,-0.02,0.36,1.08,-1.59,31.74,-22.22,21.92,-1.34,-18.58,1
l,2022-11-02 10:30:15.502412,0.01,0.44,1.07,-6.47,27.10,-34.55,22.08,-0.21,-18.16,1
l,2022-11-02 10:30:15.533676,0.03,0.35,0.99,-14.77,24.29,-49.74,22.08,-0.21,-18.16,1
l,2022-11-02 10:30:15.549313,0.06,0.48,0.89,-16.91,27.22,-49.13,22.08,-0.21,-18.16,1
l,2022-11-02 10:30:15.565002,0.07,0.45,0.87,-5.68,31.25,-39.55,21.96,1.11,-18.07,1
l,2022-11-02 10:30:15.582724,0.07,0.39,0.88,4.64,34.97,-24.29,21.96,1.11,-18.07,1
l,2022-11-02 10:30:15.612452,0.07,0.34,0.86,10.68,33.39,-14.04,21.18,1.28,-19.52,1
l,2022-11-02 10:30:15.628092,0.05,0.30,0.81,20.87,29.05,-2.62,21.18,1.28,-19.52,1
l,2022-11-02 10:30:15.643774,0.04,0.20,0.80,20.63,18.55,11.23,21.18,1.28,-19.52,1
l,2022-11-02 10:30:15.659396,0.03,0.14,0.77,3.78,6.59,10.56,20.39,1.03,-19.69,1
l,2022-11-02 10:30:15.691122,0.03,0.20,0.67,-9.95,-1.04,-3.85,20.39,1.03,-19.69,1
l,2022-11-02 10:30:15.706844,0.04,0.51,0.53,4.52,14.47,-2.32,21.18,1.44,-17.85,1
l,2022-11-02 10:30:15.729540,0.06,0.50,0.86,31.92,28.56,23.62,21.18,1.44,-17.85,1
l,2022-11-02 10:30:15.738627,0.08,0.33,0.99,44.80,0.24,60.36,21.18,1.44,-17.85,1
l,2022-11-02 10:30:15.770513,0.05,0.12,0.88,38.27,-15.63,59.27,20.75,0.90,-19.58,1
l,2022-11-02 10:30:15.785758,0.03,0.13,0.93,19.59,-25.15,42.85,20.75,0.90,-19.58,1
l,2022-11-02 10:30:15.801439,0.03,0.25,0.99,-6.29,-39.92,24.72,20.75,0.90,-19.58,1
l,2022-11-02 10:30:15.817025,0.00,0.48,0.83,-16.91,-57.80,23.13,20.64,-0.28,-17.19,1
l,2022-11-02 10:30:15.848268,-0.02,0.51,0.80,-7.63,-56.15,25.51,20.64,-0.28,-17.19,1
l,2022-11-02 10:30:15.863890,-0.05,0.50,0.80,2.44,-40.95,23.07,20.83,-0.62,-17.97,1
l,2022-11-02 10:30:15.883528,-0.07,0.50,0.92,3.36,-32.29,16.85,20.83,-0.62,-17.97,1
l,2022-11-02 10:30:15.895546,-0.07,0.53,0.95,2.32,-24.84,10.80,20.83,-0.62,-17.97,1
l,2022-11-02 10:30:15.911188,-0.06,0.52,1.01,5.74,-16.78,5.37,22.53,-1.53,-18.15,1
l,2022-11-02 10:30:15.943240,-0.07,0.43,1.04,7.39,-11.90,4.58,22.53,-1.53,-18.15,1
l,2022-11-02 10:30:15.958880,-0.07,0.36,1.05,1.83,-14.04,-0.37,22.41,-1.07,-18.90,1
l,2022-11-02 10:30:15.983587,-0.09,0.30,1.00,-26.73,-18.13,-16.11,22.41,-1.07,-18.90,1
l,2022-11-02 10:30:15.991853,-0.07,0.36,0.92,-30.88,-16.36,-28.69,22.41,-1.07,-18.90,1
l,2022-11-02 10:30:16.023235,-0.05,0.33,0.94,-27.10,-12.21,-32.59,22.47,-0.15,-19.59,1
l,2022-11-02 10:30:16.038870,-0.06,0.29,0.90,-25.70,-10.38,-35.22,22.47,-0.15,-19.59,1
l,2022-11-02 10:30:16.054485,-0.07,0.27,0.82,-30.82,-5.07,-48.71,22.47,-0.15,-19.59,1
l,2022-11-02 10:30:16.070109,-0.30,0.59,0.77,-28.75,4.64,-52.37,22.90,0.95,-19.01,1
l,2022-11-02 10:30:16.086318,-0.41,0.78,0.80,-25.57,22.09,-25.15,22.90,0.95,-19.01,1
l,2022-11-02 10:30:16.119954,-0.17,0.44,0.85,4.70,53.41,6.47,22.68,1.25,-19.57,1
l,2022-11-02 10:30:16.136107,-0.01,0.47,0.98,6.71,49.68,0.67,22.68,1.25,-19.57,1
l,2022-11-02 10:30:16.151804,0.08,0.44,0.88,6.84,39.06,-3.72,22.68,1.25,-19.57,1
l,2022-11-02 10:30:16.167358,0.15,0.48,0.85,4.52,28.50,-14.95,22.64,1.55,-20.65,1
l,2022-11-02 10:30:16.183987,0.13,0.54,0.78,1.89,2.26,-18.80,22.64,1.55,-20.65,1
l,2022-11-02 10:30:16.214651,0.06,0.51,0.68,5.19,-6.65,-19.90,22.92,2.08,-22.46,1
l,2022-11-02 10:30:16.234814,0.08,0.54,0.68,8.18,-6.41,-20.02,22.92,2.08,-22.46,1
