a,2022-10-30 19:08:18.111757,-0.19,-0.70,0.81,4.70,2.93,-0.12,-24.00,-24.39,-90.20,1
a,2022-10-30 19:08:18.129967,-0.15,-0.74,0.77,-1.89,5.25,-0.06,-24.00,-24.39,-90.20,1
a,2022-10-30 19:08:18.148925,-0.17,-0.75,0.74,-3.60,1.28,8.97,-24.00,-24.39,-90.20,1
a,2022-10-30 19:08:18.167666,-0.21,-0.74,0.74,-6.59,0.43,12.39,-23.79,-25.48,-90.43,1
a,2022-10-30 19:08:18.185745,-0.22,-0.67,0.74,-11.54,2.69,12.88,-23.79,-25.48,-90.43,1
a,2022-10-30 19:08:18.203877,-0.24,-0.58,0.79,-17.09,2.87,9.09,-23.79,-25.48,-90.43,1
a,2022-10-30 19:08:18.222881,-0.20,-0.48,0.80,-17.33,6.04,4.52,-23.82,-26.72,-88.09,1
a,2022-10-30 19:08:18.240857,-0.18,-0.41,0.77,-4.21,13.55,-5.19,-23.82,-26.72,-88.09,1
a,2022-10-30 19:08:18.258889,-0.11,-0.61,0.65,-2.26,16.72,-13.12,-23.82,-26.72,-88.09,1
a,2022-10-30 19:08:18.277915,-0.13,-0.82,0.60,-0.49,14.59,-10.74,-23.03,-28.25,-87.70,1
a,2022-10-30 19:08:18.295861,-1.66,-0.70,0.20,-5.19,8.97,-2.44,-23.03,-28.25,-87.70,1
a,2022-10-30 19:08:18.314788,-0.30,-0.58,0.46,51.57,25.57,-9.22,-21.97,-29.76,-87.39,1
a,2022-10-30 19:08:18.332906,-0.31,-0.72,0.36,-9.34,16.54,-28.87,-21.97,-29.76,-87.39,1
a,2022-10-30 19:08:18.350889,-0.55,-0.96,0.09,-67.69,59.75,-19.47,-21.97,-29.76,-87.39,1
a,2022-10-30 19:08:18.369962,-0.31,-0.71,0.21,-2.26,-63.17,69.82,-22.55,-28.66,-88.33,1
a,2022-10-30 19:08:18.387856,-0.20,-0.42,0.36,-37.66,-75.38,58.59,-22.55,-28.66,-88.33,1
a,2022-10-30 19:08:18.405676,-0.11,0.08,0.64,-44.13,-83.25,32.41,-22.55,-28.66,-88.33,1
a,2022-10-30 19:08:18.424681,-0.11,0.18,0.86,-12.02,-82.89,2.81,-25.43,-25.51,-87.29,1
a,2022-10-30 19:08:18.442886,-0.16,-0.06,1.10,22.64,-70.31,-22.34,-25.43,-25.51,-87.29,1
a,2022-10-30 19:08:18.461781,-0.21,-0.31,1.20,49.38,-44.13,-36.25,-22.09,-26.37,-88.82,1
a,2022-10-30 19:08:18.479853,-0.35,-0.79,1.33,76.90,-3.17,-37.60,-22.09,-26.37,-88.82,1
a,2022-10-30 19:08:18.497886,-0.35,-1.18,1.30,73.06,14.53,-32.04,-22.09,-26.37,-88.82,1
a,2022-10-30 19:08:18.516586,-0.40,-1.21,1.28,61.10,22.46,-34.00,-15.12,-28.88,-90.94,1
a,2022-10-30 19:08:18.534774,-0.39,-1.15,1.13,40.65,44.68,-32.90,-15.12,-28.88,-90.94,1
a,2022-10-30 19:08:18.552886,-0.37,-1.16,0.92,26.55,56.70,-9.28,-15.12,-28.88,-90.94,1
a,2022-10-30 19:08:18.571912,-0.40,-1.06,0.68,-3.23,50.17,3.54,-14.28,-30.19,-91.43,1
a,2022-10-30 19:08:18.589705,-0.34,-0.95,0.50,-16.36,41.81,20.87,-14.28,-30.19,-91.43,1
a,2022-10-30 19:08:18.607763,-0.33,-0.79,0.36,-32.65,27.53,30.09,-14.28,-30.19,-91.43,1
a,2022-10-30 19:08:18.626759,-0.28,-0.54,0.25,-48.71,14.83,31.37,-18.86,-29.99,-88.37,1
a,2022-10-30 19:08:18.644867,-0.22,-0.10,0.26,-56.34,-4.03,21.67,-18.86,-29.99,-88.37,1
a,2022-10-30 19:08:18.663742,-0.17,0.07,0.30,-49.13,-9.03,9.28,-23.00,-29.71,-86.24,1
a,2022-10-30 19:08:18.681761,-0.29,-0.03,0.52,-25.39,7.08,5.62,-23.00,-29.71,-86.24,1
a,2022-10-30 19:08:18.699673,-0.06,-0.08,0.34,31.31,5.00,49.01,-23.00,-29.71,-86.24,1
a,2022-10-30 19:08:18.718867,-0.16,-0.12,0.33,29.42,-25.88,-18.55,-22.03,-29.05,-87.63,1
a,2022-10-30 19:08:18.737018,-0.17,-0.12,0.51,34.97,-28.81,-31.86,-22.03,-29.05,-87.63,1
a,2022-10-30 19:08:18.755986,-0.17,-0.05,0.54,68.97,-32.04,-33.02,-22.03,-29.05,-87.63,1
a,2022-10-30 19:08:18.775829,-0.18,-0.24,0.50,107.42,-33.14,-41.69,-16.13,-29.53,-90.81,1
a,2022-10-30 19:08:18.793864,-0.39,-1.00,0.81,95.64,-22.64,-65.31,-16.13,-29.53,-90.81,1
a,2022-10-30 19:08:18.812760,-0.46,-1.31,0.94,83.86,-11.23,-48.52,-3.87,-28.12,-94.25,1
a,2022-10-30 19:08:18.830699,-0.50,-1.52,1.04,66.83,2.20,-35.64,-3.87,-28.12,-94.25,1
a,2022-10-30 19:08:18.848835,-0.54,-1.66,1.02,53.28,15.56,-14.77,-3.87,-28.12,-94.25,1
a,2022-10-30 19:08:18.867446,-0.80,-1.56,1.00,13.61,43.52,3.36,1.26,-26.83,-95.89,1
a,2022-10-30 19:08:18.885794,-0.80,-1.29,0.92,6.96,71.17,7.51,1.26,-26.83,-95.89,1
a,2022-10-30 19:08:18.903772,-0.53,-1.13,0.72,-5.37,79.47,12.02,1.26,-26.83,-95.89,1
a,2022-10-30 19:08:18.922764,-0.34,-0.88,0.51,-4.15,75.74,28.63,-3.87,-25.85,-94.96,1
a,2022-10-30 19:08:18.940743,-0.28,-0.70,0.37,8.91,50.66,41.69,-3.87,-25.85,-94.96,1
a,2022-10-30 19:08:18.959594,-0.28,-0.73,0.18,9.64,35.03,44.74,-12.51,-24.05,-95.62,1
a,2022-10-30 19:08:18.977738,-0.22,-0.79,0.05,9.40,21.36,49.44,-12.51,-24.05,-95.62,1
a,2022-10-30 19:08:18.995881,-0.18,-0.85,-0.03,6.65,0.85,56.82,-12.51,-24.05,-95.62,1
a,2022-10-30 19:08:19.014879,-0.15,-0.87,-0.05,-1.95,-18.19,59.20,-20.72,-21.67,-95.39,1
a,2022-10-30 19:08:19.032880,-0.22,-0.71,0.06,-22.77,-38.45,57.50,-20.72,-21.67,-95.39,1
a,2022-10-30 19:08:19.050888,-0.15,-0.62,0.08,-18.80,-42.72,54.26,-20.72,-21.67,-95.39,1
a,2022-10-30 19:08:19.069835,-0.09,-0.61,0.10,-9.64,-52.80,48.34,-28.56,-18.25,-95.29,1
a,2022-10-30 19:08:19.087871,-0.12,-0.70,0.19,0.18,-62.62,43.88,-28.56,-18.25,-95.29,1
