g,2022-10-31 17:59:42.155696,0.33,0.38,0.92,-6.77,9.34,-9.28,-12.95,27.55,-46.70,1
g,2022-10-31 17:59:42.172360,0.37,0.43,0.92,24.96,6.84,3.54,-12.95,27.55,-46.70,1
g,2022-10-31 17:59:42.203059,0.40,0.34,0.94,64.27,-0.85,28.32,-12.95,27.55,-46.70,1
g,2022-10-31 17:59:42.218688,0.18,0.11,0.97,79.16,4.09,42.48,-13.39,29.37,-47.42,1
g,2022-10-31 17:59:42.234423,0.21,0.19,0.91,71.53,5.07,19.29,-13.39,29.37,-47.42,1
g,2022-10-31 17:59:42.250039,0.26,0.22,0.90,89.78,7.45,17.15,-13.66,32.04,-48.33,1
g,2022-10-31 17:59:42.282354,0.30,-0.04,0.84,77.27,4.88,9.46,-13.66,32.04,-48.33,1
g,2022-10-31 17:59:42.298482,0.23,0.01,0.83,37.11,8.85,-2.50,-13.66,32.04,-48.33,1
g,2022-10-31 17:59:42.313615,0.35,0.08,0.85,21.42,8.18,-7.26,-13.72,33.44,-48.68,1
g,2022-10-31 17:59:42.344871,0.41,0.09,0.81,13.92,1.53,-10.01,-13.72,33.44,-48.68,1
g,2022-10-31 17:59:42.360498,0.37,0.16,0.83,-5.25,-4.39,-8.54,-14.49,33.23,-49.41,1
g,2022-10-31 17:59:42.376244,0.27,0.12,0.83,-5.62,-3.66,-7.51,-14.49,33.23,-49.41,1
g,2022-10-31 17:59:42.391866,0.34,0.06,0.78,-33.20,5.74,-19.41,-14.49,33.23,-49.41,1
g,2022-10-31 17:59:42.423785,0.22,0.19,0.88,-36.44,10.74,-27.40,-15.22,32.78,-48.78,1
g,2022-10-31 17:59:42.438793,0.19,0.19,0.92,-33.51,11.29,-20.32,-15.22,32.78,-48.78,1
g,2022-10-31 17:59:42.457787,0.23,0.14,0.95,-18.25,6.84,-16.91,-15.11,31.21,-49.72,1
g,2022-10-31 17:59:42.470899,0.24,0.15,0.93,-6.10,6.41,-18.01,-15.11,31.21,-49.72,1
g,2022-10-31 17:59:42.486814,0.29,0.17,0.90,4.33,9.16,-17.40,-15.11,31.21,-49.72,1
g,2022-10-31 17:59:42.518536,0.35,0.11,0.90,2.44,12.57,-11.17,-15.83,31.43,-49.85,1
g,2022-10-31 17:59:42.534292,0.37,0.11,0.92,0.55,13.79,-3.42,-15.83,31.43,-49.85,1
g,2022-10-31 17:59:42.549915,0.42,0.03,0.89,-2.26,6.96,2.62,-15.83,31.43,-49.85,1
g,2022-10-31 17:59:42.581038,0.38,0.12,0.87,-25.82,0.92,-4.33,-15.59,30.96,-50.35,1
g,2022-10-31 17:59:42.596661,0.36,0.14,0.86,-20.63,2.56,-1.89,-15.59,30.96,-50.35,1
g,2022-10-31 17:59:42.612411,0.40,0.10,0.83,-17.03,0.98,6.71,-15.47,30.37,-50.87,1
g,2022-10-31 17:59:42.638867,0.38,0.13,0.80,-37.17,-2.44,11.72,-15.47,30.37,-50.87,1
g,2022-10-31 17:59:42.644003,0.31,0.18,0.81,-40.16,-2.62,15.01,-15.47,30.37,-50.87,1
g,2022-10-31 17:59:42.676461,0.15,0.11,0.79,-34.42,-1.22,15.50,-16.25,28.58,-49.50,1
g,2022-10-31 17:59:42.691049,0.26,0.43,0.92,-20.39,14.10,13.00,-16.25,28.58,-49.50,1
g,2022-10-31 17:59:42.706815,0.26,0.21,0.82,-5.37,2.01,24.29,-15.32,28.00,-50.35,1
g,2022-10-31 17:59:42.737936,0.24,0.33,0.80,1.10,-11.84,31.07,-15.32,28.00,-50.35,1
g,2022-10-31 17:59:42.753675,0.25,0.40,0.83,-4.15,-17.33,28.81,-15.32,28.00,-50.35,1
g,2022-10-31 17:59:42.769302,0.27,0.34,0.80,22.71,-24.48,35.46,-15.87,28.77,-49.17,1
g,2022-10-31 17:59:42.800430,0.27,0.28,0.83,22.28,-29.11,36.19,-15.87,28.77,-49.17,1
g,2022-10-31 17:59:42.818578,0.27,0.24,0.86,18.62,-30.03,23.32,-16.09,30.99,-47.92,1
g,2022-10-31 17:59:42.832913,0.27,0.35,0.92,5.49,-30.15,2.44,-16.09,30.99,-47.92,1
g,2022-10-31 17:59:42.849123,0.31,0.43,0.97,-13.37,-24.60,-13.31,-16.09,30.99,-47.92,1
g,2022-10-31 17:59:42.880976,0.33,0.51,0.99,-1.95,-17.03,-10.93,-16.33,30.92,-47.53,1
g,2022-10-31 17:59:42.896839,0.32,0.41,0.99,12.02,-10.38,-11.78,-16.33,30.92,-47.53,1
g,2022-10-31 17:59:42.915767,0.35,0.36,0.98,19.84,-4.94,-17.52,-17.19,31.52,-49.95,1
g,2022-10-31 17:59:42.937488,0.37,0.33,1.02,36.32,8.91,-17.40,-17.19,31.52,-49.95,1
g,2022-10-31 17:59:42.959745,0.35,0.21,1.03,47.73,15.32,-8.97,-17.19,31.52,-49.95,1
g,2022-10-31 17:59:42.976763,0.37,0.13,1.06,67.08,18.31,0.49,-17.40,32.43,-47.69,1
g,2022-10-31 17:59:42.991730,0.35,-0.05,1.02,81.18,13.98,8.67,-17.40,32.43,-47.69,1
g,2022-10-31 17:59:43.007793,0.35,-0.13,0.92,56.88,10.13,6.10,-17.26,34.85,-48.93,1
g,2022-10-31 17:59:43.023819,0.29,-0.07,0.91,26.06,8.42,4.27,-17.26,34.85,-48.93,1
g,2022-10-31 17:59:43.055709,0.20,-0.02,0.88,2.38,11.54,-0.73,-17.26,34.85,-48.93,1
g,2022-10-31 17:59:43.071678,0.21,0.07,0.78,-20.20,3.17,-4.09,-17.68,34.20,-49.08,1
g,2022-10-31 17:59:43.087585,0.24,0.15,0.74,-25.94,-1.65,-4.09,-17.68,34.20,-49.08,1
g,2022-10-31 17:59:43.103582,0.23,0.13,0.66,-16.72,-2.44,-2.14,-17.68,34.20,-49.08,1
g,2022-10-31 17:59:43.135217,0.21,0.30,0.85,-32.35,2.14,7.02,-17.88,33.31,-49.24,1
g,2022-10-31 17:59:43.150844,0.19,0.10,0.73,-0.73,-9.40,21.00,-17.88,33.31,-49.24,1
g,2022-10-31 17:59:43.167851,0.20,0.14,0.80,4.88,-17.40,21.85,-17.52,34.18,-48.75,1
g,2022-10-31 17:59:43.182499,0.19,0.05,0.80,-3.23,-20.08,15.38,-17.52,34.18,-48.75,1
g,2022-10-31 17:59:43.213755,0.25,0.15,0.87,-30.64,-20.14,-4.70,-17.52,34.18,-48.75,1
g,2022-10-31 17:59:43.233221,0.26,0.28,0.96,-19.04,-23.62,-7.87,-18.25,33.95,-47.90,1
g,2022-10-31 17:59:43.246331,0.26,0.26,0.96,4.76,-26.61,-1.28,-18.25,33.95,-47.90,1
g,2022-10-31 17:59:43.262599,0.28,0.10,0.94,22.89,-27.04,14.59,-18.07,34.47,-47.11,1
g,2022-10-31 17:59:43.293186,0.37,0.01,0.96,26.12,-25.63,23.44,-18.07,34.47,-47.11,1
g,2022-10-31 17:59:43.311072,0.34,-0.05,0.99,22.64,-10.62,23.01,-18.07,34.47,-47.11,1
g,2022-10-31 17:59:43.324693,0.37,0.00,0.99,15.38,11.90,28.08,-18.51,35.61,-46.75,1
g,2022-10-31 17:59:43.341380,0.32,-0.01,1.06,1.53,19.96,32.65,-18.51,35.61,-46.75,1
g,2022-10-31 17:59:43.373235,0.24,0.11,1.09,-1.59,22.40,20.94,-16.69,35.99,-43.66,1
g,2022-10-31 17:59:43.392428,0.26,0.31,1.10,-7.87,19.35,11.47,-16.69,35.99,-43.66,1
g,2022-10-31 17:59:43.404034,0.22,0.25,1.03,-3.30,11.78,16.54,-16.69,35.99,-43.66,1
g,2022-10-31 17:59:43.419789,0.18,0.36,1.00,-11.96,4.94,4.27,-15.98,34.11,-43.81,1
g,2022-10-31 17:59:43.450915,0.21,0.45,0.84,-25.88,-0.61,-8.12,-15.98,34.11,-43.81,1
g,2022-10-31 17:59:43.469805,0.04,0.41,0.83,-25.57,5.62,-2.20,-15.98,34.11,-43.81,1
g,2022-10-31 17:59:43.483856,0.01,0.47,0.81,-10.99,8.42,6.65,-16.14,33.64,-44.58,1
g,2022-10-31 17:59:43.499014,0.01,0.36,0.84,23.25,19.65,9.03,-16.14,33.64,-44.58,1
g,2022-10-31 17:59:43.530269,0.08,0.30,0.84,31.74,25.39,1.53,-15.08,34.12,-45.06,1
g,2022-10-31 17:59:43.548682,0.17,0.29,0.85,28.32,27.59,-8.42,-15.08,34.12,-45.06,1
g,2022-10-31 17:59:43.561812,0.22,0.29,0.86,17.21,29.48,-16.66,-15.08,34.12,-45.06,1
g,2022-10-31 17:59:43.577561,0.26,0.32,0.85,13.06,32.96,-26.61,-14.84,33.95,-45.53,1
g,2022-10-31 17:59:43.593216,0.33,0.34,0.88,19.10,36.87,-30.58,-14.84,33.95,-45.53,1
g,2022-10-31 17:59:43.625840,0.45,0.23,0.94,29.48,27.04,-27.95,-15.03,34.88,-47.83,1
g,2022-10-31 17:59:43.640980,0.49,0.17,0.94,29.85,16.54,-25.51,-15.03,34.88,-47.83,1
g,2022-10-31 17:59:43.656733,0.47,0.14,0.95,26.00,5.80,-24.66,-15.03,34.88,-47.83,1
g,2022-10-31 17:59:43.687858,0.45,0.07,0.95,21.61,1.89,-25.51,-16.35,35.69,-47.72,1
g,2022-10-31 17:59:43.703485,0.40,0.04,0.97,10.44,1.46,-31.19,-16.35,35.69,-47.72,1
