q,2022-10-13 18:19:13.645274,0.65,0.08,0.80,3.78,13.61,-2.50,9.50,-14.03,-41.08,1
q,2022-10-13 18:19:13.663452,0.47,0.18,0.70,-47.91,10.93,11.35,9.50,-14.03,-41.08,1
q,2022-10-13 18:19:13.681489,0.50,0.21,0.65,-50.96,0.06,22.71,9.50,-14.03,-41.08,1
q,2022-10-13 18:19:13.700515,0.47,0.27,0.57,-64.39,-5.00,24.60,4.46,-10.66,-44.25,1
q,2022-10-13 18:19:13.718639,0.40,0.30,0.46,-54.81,-0.79,39.43,4.46,-10.66,-44.25,1
q,2022-10-13 18:19:13.736556,0.32,0.56,0.40,-53.89,-2.87,33.20,4.46,-10.66,-44.25,1
q,2022-10-13 18:19:13.755503,0.27,0.66,0.40,-45.04,-1.83,18.19,-0.16,-10.23,-57.08,1
q,2022-10-13 18:19:13.773597,0.30,0.77,0.35,-18.80,-9.52,9.16,-0.16,-10.23,-57.08,1
q,2022-10-13 18:19:13.791620,0.41,0.97,0.41,-4.58,-14.83,6.53,-0.16,-10.23,-57.08,1
q,2022-10-13 18:19:13.810435,0.35,0.98,0.45,15.38,-18.31,4.58,-6.88,-9.13,-68.90,1
q,2022-10-13 18:19:13.828528,0.46,1.02,0.57,55.73,-22.77,11.66,-6.88,-9.13,-68.90,1
q,2022-10-13 18:19:13.847632,0.54,0.92,0.64,63.42,-12.82,-0.31,-15.26,-7.67,-75.21,1
q,2022-10-13 18:19:13.865640,0.70,0.80,0.83,61.95,4.15,-15.50,-15.26,-7.67,-75.21,1
q,2022-10-13 18:19:13.883601,0.72,0.64,0.87,65.49,16.42,-15.32,-15.26,-7.67,-75.21,1
q,2022-10-13 18:19:13.902459,0.75,0.62,0.94,59.51,16.30,-21.12,-12.93,-12.15,-75.37,1
q,2022-10-13 18:19:13.920635,0.79,0.44,0.93,21.42,14.04,-43.46,-12.93,-12.15,-75.37,1
q,2022-10-13 18:19:13.938510,0.77,0.33,0.96,-2.01,12.33,-36.38,-12.93,-12.15,-75.37,1
q,2022-10-13 18:19:13.957488,0.70,0.29,0.87,-23.19,14.83,-37.66,0.83,-19.19,-64.54,1
q,2022-10-13 18:19:13.975611,0.71,0.46,0.68,-20.32,8.97,-24.11,0.83,-19.19,-64.54,1
q,2022-10-13 18:19:13.994421,0.60,0.35,0.71,-37.90,5.98,-29.91,10.90,-18.70,-49.57,1
q,2022-10-13 18:19:14.012742,0.52,0.32,0.53,-14.04,-3.11,-13.98,10.90,-18.70,-49.57,1
q,2022-10-13 18:19:14.030589,0.37,0.16,0.49,2.93,-13.67,2.44,10.90,-18.70,-49.57,1
q,2022-10-13 18:19:14.049489,0.32,0.27,0.36,-6.16,-20.57,5.25,11.61,-16.02,-41.55,1
q,2022-10-13 18:19:14.067739,0.47,0.28,0.42,-46.81,-13.24,-11.84,11.61,-16.02,-41.55,1
q,2022-10-13 18:19:14.085498,-0.01,0.39,0.35,-82.70,4.64,11.47,11.61,-16.02,-41.55,1
q,2022-10-13 18:19:14.104317,0.29,0.43,0.46,23.86,-18.49,26.92,10.58,-18.90,-45.53,1
q,2022-10-13 18:19:14.122511,0.49,0.45,0.55,21.85,-17.46,18.80,10.58,-18.90,-45.53,1
q,2022-10-13 18:19:14.140486,0.40,0.41,0.64,15.56,-15.99,13.55,10.58,-18.90,-45.53,1
q,2022-10-13 18:19:14.159286,0.53,0.43,0.77,19.23,-16.36,13.61,3.30,-22.13,-61.51,1
q,2022-10-13 18:19:14.177725,0.62,0.57,0.73,-15.63,-2.69,-2.26,3.30,-22.13,-61.51,1
q,2022-10-13 18:19:14.196602,0.69,0.74,0.86,-20.81,3.66,-6.10,-9.97,-19.49,-70.90,1
q,2022-10-13 18:19:14.214650,0.75,0.79,0.88,-7.87,6.77,-4.70,-9.97,-19.49,-70.90,1
q,2022-10-13 18:19:14.232331,0.71,0.77,0.88,15.99,8.54,5.62,-9.97,-19.49,-70.90,1
q,2022-10-13 18:19:14.251288,0.69,0.69,0.91,46.14,4.82,26.18,-13.00,-17.49,-74.84,1
q,2022-10-13 18:19:14.269452,0.58,0.72,0.80,127.20,-11.54,44.07,-13.00,-17.49,-74.84,1
q,2022-10-13 18:19:14.287520,1.18,1.53,0.97,130.55,-15.08,15.75,-13.00,-17.49,-74.84,1
q,2022-10-13 18:19:14.306703,0.56,0.74,0.82,-118.23,19.59,-129.09,-2.00,-20.81,-69.75,1
q,2022-10-13 18:19:14.324637,0.54,0.71,0.66,1.71,13.43,-33.20,-2.00,-20.81,-69.75,1
q,2022-10-13 18:19:14.343491,0.09,0.34,0.75,63.72,-11.23,-23.07,21.12,-22.08,-51.05,1
q,2022-10-13 18:19:14.361512,0.42,0.01,0.69,18.13,-13.79,-27.59,21.12,-22.08,-51.05,1
q,2022-10-13 18:19:14.379500,0.38,0.05,0.63,11.05,-26.18,-12.45,21.12,-22.08,-51.05,1
q,2022-10-13 18:19:14.398510,-0.06,0.06,1.00,11.90,-8.73,1.95,29.10,-13.12,-36.12,1
q,2022-10-13 18:19:14.416175,0.30,0.21,0.66,48.58,43.09,19.10,29.10,-13.12,-36.12,1
q,2022-10-13 18:19:14.434437,0.50,0.31,0.60,22.95,38.70,-0.49,29.10,-13.12,-36.12,1
q,2022-10-13 18:19:14.453215,0.61,0.51,0.65,34.55,35.40,4.15,20.94,-3.38,-34.62,1
q,2022-10-13 18:19:14.471242,0.71,0.52,0.60,34.30,29.54,-5.19,20.94,-3.38,-34.62,1
q,2022-10-13 18:19:14.489295,0.72,0.42,0.57,39.55,1.53,-9.22,20.94,-3.38,-34.62,1
q,2022-10-13 18:19:14.508134,0.72,0.37,0.61,35.40,4.58,-12.51,17.08,4.24,-32.07,1
q,2022-10-13 18:19:14.526451,0.74,0.34,0.60,38.39,-2.62,-13.98,17.08,4.24,-32.07,1
q,2022-10-13 18:19:14.545457,0.75,0.19,0.56,28.99,-8.30,-16.66,17.27,8.87,-28.93,1
q,2022-10-13 18:19:14.563420,0.76,0.14,0.54,18.25,-17.58,-30.27,17.27,8.87,-28.93,1
q,2022-10-13 18:19:14.581505,0.67,0.14,0.60,-1.65,-28.44,-14.77,17.27,8.87,-28.93,1
q,2022-10-13 18:19:14.600337,0.60,0.25,0.69,-9.83,-26.55,-11.66,22.57,10.57,-25.76,1
