a,2022-10-29 17:28:04.177510,0.51,0.67,0.41,2.38,0.37,1.04,-3.28,21.98,-16.02,1
a,2022-10-29 17:28:04.195239,0.49,0.70,0.42,0.43,0.06,0.24,-3.28,21.98,-16.02,1
a,2022-10-29 17:28:04.213603,0.48,0.68,0.41,-0.79,1.04,1.04,-3.28,21.98,-16.02,1
a,2022-10-29 17:28:04.232470,0.51,0.70,0.39,-1.59,2.87,0.00,-3.05,22.35,-14.44,1
a,2022-10-29 17:28:04.250281,0.53,0.72,0.40,-5.55,1.77,2.69,-3.05,22.35,-14.44,1
a,2022-10-29 17:28:04.269596,0.49,0.74,0.38,-5.37,-0.49,2.44,-3.10,22.11,-14.12,1
a,2022-10-29 17:28:04.287382,0.50,0.73,0.38,-0.73,0.73,1.89,-3.10,22.11,-14.12,1
a,2022-10-29 17:28:04.305212,0.51,0.72,0.38,2.32,2.75,2.56,-3.10,22.11,-14.12,1
a,2022-10-29 17:28:04.324171,0.53,0.73,0.41,5.80,5.07,2.75,-3.21,22.30,-15.33,1
a,2022-10-29 17:28:04.342263,0.53,0.69,0.43,3.36,2.38,2.44,-3.21,22.30,-15.33,1
a,2022-10-29 17:28:04.360150,0.50,0.69,0.41,2.32,1.53,2.50,-3.21,22.30,-15.33,1
a,2022-10-29 17:28:04.379142,0.52,0.70,0.40,1.04,2.01,2.14,-2.70,22.18,-14.37,1
a,2022-10-29 17:28:04.397337,0.53,0.72,0.41,-0.85,1.53,1.40,-2.70,22.18,-14.37,1
a,2022-10-29 17:28:04.415310,0.51,0.70,0.41,-2.81,-0.12,3.17,-2.70,22.18,-14.37,1
a,2022-10-29 17:28:04.434289,0.49,0.70,0.39,-5.86,-1.28,2.87,-3.36,21.97,-14.31,1
a,2022-10-29 17:28:04.452396,0.50,0.73,0.39,-2.56,0.67,1.83,-3.36,21.97,-14.31,1
a,2022-10-29 17:28:04.471588,0.51,0.72,0.40,-2.50,-1.89,0.18,-3.25,21.87,-14.54,1
a,2022-10-29 17:28:04.489518,0.49,0.69,0.41,-3.48,-3.91,0.61,-3.25,21.87,-14.54,1
a,2022-10-29 17:28:04.507673,0.50,0.72,0.37,-1.77,-3.05,-0.79,-3.25,21.87,-14.54,1
a,2022-10-29 17:28:04.526331,0.56,0.70,0.39,0.31,-0.73,1.40,-2.83,21.80,-15.16,1
a,2022-10-29 17:28:04.544496,0.55,0.73,0.41,-1.89,-6.41,2.08,-2.83,21.80,-15.16,1
a,2022-10-29 17:28:04.562750,0.53,0.68,0.42,-0.61,-12.82,-0.61,-2.83,21.80,-15.16,1
a,2022-10-29 17:28:04.581649,0.55,0.72,0.42,-3.54,-15.93,-5.74,-3.54,22.01,-13.72,1
a,2022-10-29 17:28:04.599373,0.63,0.69,0.48,-4.58,-19.78,-1.16,-3.54,22.01,-13.72,1
a,2022-10-29 17:28:04.617357,0.51,0.73,0.44,-16.78,-35.83,5.07,-3.54,22.01,-13.72,1
a,2022-10-29 17:28:04.636358,0.36,0.78,0.33,-0.06,-22.46,12.94,-4.21,21.51,-13.24,1
a,2022-10-29 17:28:04.654440,0.45,0.65,0.37,3.11,-11.96,9.83,-4.21,21.51,-13.24,1
a,2022-10-29 17:28:04.673342,0.46,0.72,0.37,-5.86,-10.01,4.46,-4.63,22.20,-12.55,1
a,2022-10-29 17:28:04.691695,0.53,0.72,0.40,-5.19,-10.44,2.26,-4.63,22.20,-12.55,1
a,2022-10-29 17:28:04.709545,0.47,0.76,0.42,-9.16,-21.12,-0.55,-4.63,22.20,-12.55,1
a,2022-10-29 17:28:04.728654,0.40,0.81,0.39,10.01,-15.87,-1.53,-4.97,22.44,-13.40,1
a,2022-10-29 17:28:04.746566,0.48,0.67,0.45,25.88,-4.94,-1.89,-4.97,22.44,-13.40,1
a,2022-10-29 17:28:04.764560,0.48,0.70,0.47,13.85,-8.18,-4.15,-4.97,22.44,-13.40,1
a,2022-10-29 17:28:04.783459,0.48,0.64,0.44,10.13,-10.68,-5.98,-5.14,22.02,-12.89,1
a,2022-10-29 17:28:04.801360,0.48,0.67,0.48,11.47,-12.02,-11.11,-5.14,22.02,-12.89,1
a,2022-10-29 17:28:04.819560,0.48,0.67,0.45,-4.70,-15.50,-13.31,-5.14,22.02,-12.89,1
a,2022-10-29 17:28:04.838519,0.48,0.77,0.44,-11.66,-15.69,-11.96,-5.11,21.37,-11.63,1
a,2022-10-29 17:28:04.856690,0.48,0.77,0.44,-7.08,-15.50,-8.12,-5.11,21.37,-11.63,1
a,2022-10-29 17:28:04.875432,0.47,0.73,0.41,-6.35,-15.08,-4.33,-5.80,21.09,-11.56,1
a,2022-10-29 17:28:04.893785,0.48,0.65,0.39,-7.02,-12.57,-5.74,-5.80,21.09,-11.56,1
a,2022-10-29 17:28:04.911636,0.48,0.66,0.42,-21.67,-8.36,-7.87,-5.80,21.09,-11.56,1
a,2022-10-29 17:28:04.930484,0.48,0.68,0.41,-30.09,-7.63,-9.46,-5.18,20.95,-10.62,1
a,2022-10-29 17:28:04.948394,0.50,0.52,0.37,-21.06,15.56,-12.39,-5.18,20.95,-10.62,1
a,2022-10-29 17:28:04.966559,0.49,1.00,0.27,-59.69,37.66,-9.34,-5.18,20.95,-10.62,1
a,2022-10-29 17:28:04.985464,0.45,0.74,0.35,-21.36,40.10,8.00,-6.05,21.40,-12.43,1
a,2022-10-29 17:28:05.003550,0.47,0.64,0.49,-22.34,18.92,2.87,-6.05,21.40,-12.43,1
a,2022-10-29 17:28:05.021426,0.49,0.83,0.34,-29.30,4.09,-5.92,-6.05,21.40,-12.43,1
a,2022-10-29 17:28:05.040401,0.46,0.72,0.34,-17.27,25.02,14.89,-6.03,21.86,-10.63,1
a,2022-10-29 17:28:05.058385,0.50,0.69,0.37,-24.84,34.36,24.35,-6.03,21.86,-10.63,1
a,2022-10-29 17:28:05.077450,0.48,0.72,0.28,-22.77,28.81,19.65,-5.87,21.79,-10.30,1
a,2022-10-29 17:28:05.095351,0.41,0.60,0.24,-36.32,30.64,19.47,-5.87,21.79,-10.30,1
a,2022-10-29 17:28:05.113576,0.40,0.78,0.21,-55.48,24.84,17.64,-5.87,21.79,-10.30,1
a,2022-10-29 17:28:05.132589,0.45,0.84,0.21,-46.75,18.01,16.97,-4.92,22.38,-9.75,1
a,2022-10-29 17:28:05.150495,0.36,0.93,0.13,-36.50,12.82,18.25,-4.92,22.38,-9.75,1
a,2022-10-29 17:28:05.168240,0.39,0.84,0.15,-9.40,17.03,31.74,-4.92,22.38,-9.75,1
a,2022-10-29 17:28:05.187233,0.39,0.99,0.24,-4.21,7.14,39.49,-3.75,22.41,-9.81,1
a,2022-10-29 17:28:05.205441,0.53,0.97,0.21,22.52,-0.31,38.57,-3.75,22.41,-9.81,1
a,2022-10-29 17:28:05.223319,0.44,0.82,0.30,59.51,-7.45,28.14,-3.75,22.41,-9.81,1
a,2022-10-29 17:28:05.242456,0.36,0.97,0.32,47.49,-19.47,24.84,-2.00,22.20,-10.12,1
a,2022-10-29 17:28:05.260387,0.46,0.96,0.26,70.86,-28.14,29.91,-2.00,22.20,-10.12,1
a,2022-10-29 17:28:05.279462,0.54,1.01,0.25,111.88,-31.01,27.71,-1.22,21.84,-9.86,1
a,2022-10-29 17:28:05.297333,0.44,0.84,0.32,106.57,-36.62,16.72,-1.22,21.84,-9.86,1
a,2022-10-29 17:28:05.315422,0.61,0.49,0.46,96.13,-45.04,7.75,-1.22,21.84,-9.86,1
a,2022-10-29 17:28:05.334705,0.57,0.71,0.40,48.40,-47.73,-25.88,-1.44,21.20,-11.52,1
a,2022-10-29 17:28:05.352407,0.50,0.71,0.39,32.59,-37.66,-44.19,-1.44,21.20,-11.52,1
a,2022-10-29 17:28:05.370450,0.41,0.76,0.35,14.77,-30.76,-67.99,-1.44,21.20,-11.52,1
a,2022-10-29 17:28:05.389322,0.45,0.74,0.50,25.51,-10.68,-41.75,-1.83,20.67,-11.39,1
a,2022-10-29 17:28:05.407302,0.55,0.52,0.51,20.94,3.23,-30.09,-1.83,20.67,-11.39,1
a,2022-10-29 17:28:05.425661,0.29,0.74,0.48,-20.63,-0.12,-56.21,-1.83,20.67,-11.39,1
a,2022-10-29 17:28:05.444380,0.46,0.61,0.47,-10.13,4.21,-46.39,-3.22,20.96,-11.49,1
a,2022-10-29 17:28:05.462316,0.42,0.63,0.53,-19.78,6.96,-38.39,-3.22,20.96,-11.49,1
a,2022-10-29 17:28:05.481719,0.45,0.66,0.57,-22.95,15.81,-27.16,-3.74,21.34,-10.01,1
a,2022-10-29 17:28:05.499600,0.44,0.64,0.47,-13.73,21.06,-11.35,-3.74,21.34,-10.01,1
a,2022-10-29 17:28:05.517668,0.42,0.68,0.51,-8.79,18.31,-10.38,-3.74,21.34,-10.01,1
a,2022-10-29 17:28:05.536446,0.64,0.61,0.39,-5.62,10.86,-10.38,-4.55,21.35,-10.85,1
a,2022-10-29 17:28:05.554547,0.31,0.70,0.50,-17.58,8.12,-10.74,-4.55,21.35,-10.85,1
a,2022-10-29 17:28:05.572386,0.39,0.72,0.37,-4.21,0.00,2.14,-4.55,21.35,-10.85,1
a,2022-10-29 17:28:05.591517,0.51,0.67,0.36,-2.62,4.39,4.70,-4.90,22.44,-9.46,1
a,2022-10-29 17:28:05.609257,0.51,0.54,0.46,-8.54,7.63,4.52,-4.90,22.44,-9.46,1
a,2022-10-29 17:28:05.627534,0.51,0.56,0.45,-42.97,5.62,-1.22,-4.90,22.44,-9.46,1
a,2022-10-29 17:28:05.646650,-0.02,0.69,0.58,-88.38,1.71,-3.30,-4.63,21.70,-8.96,1
a,2022-10-29 17:28:05.664368,0.34,1.26,0.37,23.99,-20.69,63.54,-4.63,21.70,-8.96,1
a,2022-10-29 17:28:05.683349,0.49,0.74,0.31,60.67,-24.05,66.96,-3.30,21.68,-10.66,1
a,2022-10-29 17:28:05.701410,0.39,0.59,0.32,82.82,-28.38,67.57,-3.30,21.68,-10.66,1
a,2022-10-29 17:28:05.719486,0.48,0.80,0.30,76.54,-44.25,59.88,-3.30,21.68,-10.66,1
a,2022-10-29 17:28:05.738551,0.46,0.69,0.36,85.39,-45.29,51.15,-1.45,21.18,-11.49,1
a,2022-10-29 17:28:05.756401,0.53,0.67,0.44,59.51,-37.84,35.71,-1.45,21.18,-11.49,1
a,2022-10-29 17:28:05.774415,0.55,0.70,0.51,55.97,-12.88,28.69,-1.45,21.18,-11.49,1
a,2022-10-29 17:28:05.793505,0.64,0.81,0.68,45.96,13.79,27.59,-0.38,21.03,-11.94,1
a,2022-10-29 17:28:05.811299,0.44,0.85,0.74,24.96,27.04,33.81,-0.38,21.03,-11.94,1
a,2022-10-29 17:28:05.829236,0.30,1.10,0.48,20.26,25.82,46.14,-0.38,21.03,-11.94,1
a,2022-10-29 17:28:05.848202,0.22,0.59,-0.03,83.74,74.58,22.83,0.34,21.46,-11.44,1
a,2022-10-29 17:28:05.866344,0.33,0.54,0.48,80.26,123.23,-44.25,0.34,21.46,-11.44,1
a,2022-10-29 17:28:05.885112,0.53,0.48,0.66,22.46,111.94,-70.37,1.09,21.84,-14.84,1
a,2022-10-29 17:28:05.903393,0.81,0.47,1.08,-19.78,74.77,-76.48,1.09,21.84,-14.84,1
