h,2022-11-02 14:45:32.364206,0.48,-0.54,0.85,-15.38,1.46,-3.48,1.15,7.43,-32.07,1
h,2022-11-02 14:45:32.385590,0.35,-0.58,0.78,-17.27,-6.35,-1.59,3.12,5.64,-32.70,1
h,2022-11-02 14:45:32.407099,0.26,-0.48,0.77,-7.26,8.79,12.39,3.12,5.64,-32.70,1
h,2022-11-02 14:45:32.429350,0.37,-0.62,0.75,-2.20,11.72,20.57,4.88,5.38,-32.13,1
h,2022-11-02 14:45:32.447981,0.39,-0.48,0.81,-15.32,8.06,16.78,4.88,5.38,-32.13,1
h,2022-11-02 14:45:32.470150,0.40,-0.41,0.83,-13.85,8.24,17.27,4.88,5.38,-32.13,1
h,2022-11-02 14:45:32.492474,0.46,-0.46,0.74,-1.53,-1.71,20.57,4.30,5.20,-33.53,1
h,2022-11-02 14:45:32.513859,0.51,-0.46,0.69,-17.70,-14.83,-13.37,4.30,5.20,-33.53,1
h,2022-11-02 14:45:32.535605,0.47,-0.20,0.73,-19.96,-26.43,-26.86,4.65,4.39,-33.40,1
h,2022-11-02 14:45:32.556910,0.35,-0.32,0.61,-5.43,-67.50,-21.55,4.65,4.39,-33.40,1
h,2022-11-02 14:45:32.578002,0.34,-0.28,0.93,103.82,8.67,6.04,4.05,3.09,-34.22,1
h,2022-11-02 14:45:32.599439,0.20,-0.57,0.50,14.77,-38.57,-16.91,4.05,3.09,-34.22,1
h,2022-11-02 14:45:32.621275,0.14,-0.44,0.71,-17.88,-49.38,-33.26,4.05,3.09,-34.22,1
h,2022-11-02 14:45:32.644487,0.21,-0.25,0.46,2.44,-74.46,-33.20,3.91,4.31,-32.50,1
h,2022-11-02 14:45:32.664497,0.24,-0.23,0.69,25.45,-50.90,-17.15,3.91,4.31,-32.50,1
h,2022-11-02 14:45:32.684376,0.23,-0.28,0.85,30.27,-25.02,-9.28,2.71,4.77,-31.34,1
h,2022-11-02 14:45:32.706572,0.36,-0.37,0.93,25.76,-4.58,-3.36,2.71,4.77,-31.34,1
h,2022-11-02 14:45:32.727278,0.47,-0.50,1.01,13.06,9.34,3.42,3.67,4.68,-30.60,1
h,2022-11-02 14:45:32.746852,0.43,-0.67,1.12,-14.71,15.87,15.32,3.67,4.68,-30.60,1
h,2022-11-02 14:45:32.768737,0.33,-0.59,1.23,-24.66,14.65,14.10,3.67,4.68,-30.60,1
h,2022-11-02 14:45:32.789505,0.29,-0.52,1.14,-6.65,-4.64,0.00,3.65,4.54,-29.52,1
h,2022-11-02 14:45:32.811114,0.27,-0.45,1.01,19.35,-29.24,-6.65,3.65,4.54,-29.52,1
h,2022-11-02 14:45:32.834023,0.02,-0.58,1.85,-66.16,81.60,66.22,3.21,5.31,-29.94,1
h,2022-11-02 14:45:32.854407,0.39,-0.15,0.60,-9.89,38.88,44.25,3.21,5.31,-29.94,1
h,2022-11-02 14:45:32.875645,0.32,-0.47,1.00,-20.51,34.36,24.35,3.21,5.31,-29.94,1
h,2022-11-02 14:45:32.896368,0.40,-0.42,0.92,-8.79,23.01,11.17,4.50,3.47,-30.82,1
h,2022-11-02 14:45:32.914459,0.30,-0.41,0.79,-2.99,21.00,14.22,4.50,3.47,-30.82,1
h,2022-11-02 14:45:32.934376,0.17,-0.34,0.73,1.95,27.89,8.54,6.21,3.66,-31.10,1
h,2022-11-02 14:45:32.956087,0.24,-0.31,0.72,1.10,30.46,-5.62,6.21,3.66,-31.10,1
h,2022-11-02 14:45:32.977657,0.24,-0.45,0.67,19.78,37.54,-38.76,6.21,3.66,-31.10,1
h,2022-11-02 14:45:32.999515,0.12,-0.31,0.83,1.59,20.32,-59.20,7.51,2.99,-30.29,1
h,2022-11-02 14:45:33.019782,0.08,-0.35,0.77,14.95,-12.76,-52.31,7.51,2.99,-30.29,1
h,2022-11-02 14:45:33.041014,0.30,-0.40,0.63,24.90,-45.10,-29.24,9.28,3.37,-29.81,1
h,2022-11-02 14:45:33.061816,0.20,-0.63,0.50,8.00,-46.81,-29.30,9.28,3.37,-29.81,1
h,2022-11-02 14:45:33.084496,0.36,-0.48,0.80,-4.64,-23.80,-27.40,8.75,4.54,-28.96,1
h,2022-11-02 14:45:33.103732,0.34,-0.33,0.95,2.14,-14.59,-13.92,8.75,4.54,-28.96,1
h,2022-11-02 14:45:33.122740,0.45,-0.43,1.02,19.65,-0.31,9.03,8.75,4.54,-28.96,1
h,2022-11-02 14:45:33.142919,0.38,-0.50,1.15,12.82,7.63,19.47,9.12,4.99,-28.49,1
h,2022-11-02 14:45:33.163560,0.30,-0.56,1.11,16.66,-4.39,18.86,9.12,4.99,-28.49,1
h,2022-11-02 14:45:33.185399,0.27,-0.47,0.93,7.93,-28.69,11.17,9.74,5.38,-28.92,1
h,2022-11-02 14:45:33.205835,0.21,-0.32,0.76,-4.94,-32.65,13.79,9.74,5.38,-28.92,1
h,2022-11-02 14:45:33.225999,-0.23,-0.11,0.94,65.55,34.48,57.62,9.74,5.38,-28.92,1
h,2022-11-02 14:45:33.245839,0.35,-0.56,0.66,95.52,69.82,60.42,10.01,6.58,-26.95,1
h,2022-11-02 14:45:33.267041,0.44,-0.50,0.95,16.48,77.03,14.59,10.01,6.58,-26.95,1
h,2022-11-02 14:45:33.288028,0.53,-0.54,0.90,14.22,56.09,3.91,12.54,8.40,-25.54,1
