h,2022-11-02 14:45:39.810631,0.32,-0.60,0.69,-12.57,7.20,3.66,25.73,27.61,-6.75,1
h,2022-11-02 14:45:39.832296,0.35,-0.63,0.70,-11.35,6.29,5.68,25.73,27.61,-6.75,1
h,2022-11-02 14:45:39.854030,0.28,-0.60,0.74,-18.49,4.76,6.53,25.31,29.60,-7.08,1
h,2022-11-02 14:45:39.874896,0.32,-0.60,0.72,-4.46,0.31,10.38,25.31,29.60,-7.08,1
h,2022-11-02 14:45:39.898259,0.35,-0.64,0.70,-12.51,-5.92,5.74,23.94,30.99,-6.09,1
h,2022-11-02 14:45:39.918518,0.24,-0.53,0.72,-13.67,-17.64,17.76,23.94,30.99,-6.09,1
h,2022-11-02 14:45:39.938249,0.29,-0.63,0.68,1.53,-26.12,29.36,23.94,30.99,-6.09,1
h,2022-11-02 14:45:39.960075,0.29,-0.54,0.67,-15.32,-26.61,18.62,24.62,31.14,-6.87,1
h,2022-11-02 14:45:39.981354,0.34,-0.53,0.68,-24.29,-21.24,1.65,24.62,31.14,-6.87,1
h,2022-11-02 14:45:40.003380,-0.72,0.04,0.43,-30.40,-24.72,-15.08,25.10,31.63,-7.47,1
h,2022-11-02 14:45:40.023982,0.25,-0.43,0.77,32.71,11.11,9.83,25.10,31.63,-7.47,1
h,2022-11-02 14:45:40.046263,0.13,-0.60,0.75,-6.90,-2.20,-6.10,25.10,31.63,-7.47,1
h,2022-11-02 14:45:40.067550,0.03,-0.47,0.58,1.65,-39.67,-40.77,25.96,31.35,-5.70,1
h,2022-11-02 14:45:40.088153,0.10,-0.30,0.55,-2.81,-52.61,-41.81,25.96,31.35,-5.70,1
h,2022-11-02 14:45:40.109639,0.21,-0.20,0.64,13.98,-46.33,-23.80,25.95,30.93,-6.95,1
h,2022-11-02 14:45:40.130476,0.21,-0.36,0.78,34.55,-28.93,-10.99,25.95,30.93,-6.95,1
h,2022-11-02 14:45:40.152154,0.34,-0.53,0.94,31.98,-2.99,8.36,28.20,31.77,-6.57,1
h,2022-11-02 14:45:40.172349,0.36,-0.64,1.05,26.31,4.15,12.45,28.20,31.77,-6.57,1
h,2022-11-02 14:45:40.191790,0.39,-0.73,1.07,6.84,7.69,20.69,28.20,31.77,-6.57,1
h,2022-11-02 14:45:40.213662,0.37,-0.86,1.12,-10.44,8.24,20.51,29.58,31.48,-4.71,1
h,2022-11-02 14:45:40.234120,0.27,-0.72,1.05,-7.63,-12.51,-2.93,29.58,31.48,-4.71,1
h,2022-11-02 14:45:40.257614,0.23,-0.50,1.00,-0.24,-27.22,-14.22,29.71,31.76,-5.52,1
h,2022-11-02 14:45:40.278788,0.18,-0.31,0.80,41.38,-39.73,-10.86,29.71,31.76,-5.52,1
h,2022-11-02 14:45:40.300811,-0.30,0.14,1.06,10.13,34.55,43.21,28.23,32.20,-5.44,1
h,2022-11-02 14:45:40.322263,0.20,-0.59,0.85,-21.12,30.21,34.79,28.23,32.20,-5.44,1
h,2022-11-02 14:45:40.342922,0.15,-0.61,0.98,-23.93,18.68,15.26,28.23,32.20,-5.44,1
h,2022-11-02 14:45:40.363740,0.21,-0.57,0.77,-10.68,8.00,11.66,27.61,33.13,-5.05,1
h,2022-11-02 14:45:40.385845,0.33,-0.44,0.68,-19.96,17.88,5.31,27.61,33.13,-5.05,1
h,2022-11-02 14:45:40.407267,0.18,-0.32,0.79,-18.07,32.59,4.27,26.75,34.19,-6.10,1
h,2022-11-02 14:45:40.428206,0.19,-0.42,0.75,0.98,32.78,-6.53,26.75,34.19,-6.10,1
h,2022-11-02 14:45:40.449007,0.20,-0.54,0.73,7.26,40.53,-29.24,26.75,34.19,-6.10,1
h,2022-11-02 14:45:40.470750,0.14,-0.39,0.72,-1.83,19.17,-36.74,24.48,35.51,-3.56,1
h,2022-11-02 14:45:40.492992,0.06,-0.58,0.63,9.58,-4.46,-19.10,24.48,35.51,-3.56,1
h,2022-11-02 14:45:40.515057,0.13,-0.57,0.58,9.58,-25.94,-51.27,23.47,37.29,-4.68,1
h,2022-11-02 14:45:40.536802,0.13,-0.59,0.66,-9.70,-28.44,-57.92,23.47,37.29,-4.68,1
h,2022-11-02 14:45:40.558747,0.21,-0.33,0.81,-11.84,-22.64,-52.43,23.90,37.96,-5.53,1
h,2022-11-02 14:45:40.579133,0.32,-0.43,0.90,28.87,-7.69,-8.48,23.90,37.96,-5.53,1
h,2022-11-02 14:45:40.599436,0.36,-0.50,0.90,35.89,-2.01,9.09,23.90,37.96,-5.53,1
h,2022-11-02 14:45:40.618572,0.34,-0.82,0.93,19.47,9.52,21.18,24.66,37.59,-3.92,1
h,2022-11-02 14:45:40.638125,0.27,-0.81,1.07,-10.25,9.46,17.09,24.66,37.59,-3.92,1
h,2022-11-02 14:45:40.658134,0.23,-0.70,0.98,-10.38,-3.91,2.81,25.27,37.70,-3.69,1
h,2022-11-02 14:45:40.677288,0.20,-0.58,0.77,-10.31,-12.45,-6.84,25.27,37.70,-3.69,1
h,2022-11-02 14:45:40.698244,-0.12,-0.58,0.50,-28.14,0.31,-6.53,25.27,37.70,-3.69,1
h,2022-11-02 14:45:40.719307,-0.44,-0.46,0.88,58.84,64.27,34.06,24.69,38.46,-3.61,1
h,2022-11-02 14:45:40.739160,-0.15,-1.21,0.63,45.10,63.54,25.21,24.69,38.46,-3.61,1
h,2022-11-02 14:45:40.761592,-0.06,-1.04,0.51,17.88,47.24,21.97,25.33,34.92,-5.15,1
