H,2022-10-20 12:14:45.518615,0.25,-0.23,-0.87,-30.15,19.78,12.45,34.80,-40.23,-34.51,1
H,2022-10-20 12:14:45.537389,0.22,-0.24,-0.86,-33.81,27.65,12.88,35.24,-38.89,-35.08,1
H,2022-10-20 12:14:45.555314,-0.16,0.00,-1.15,-18.31,10.07,12.76,35.24,-38.89,-35.08,1
H,2022-10-20 12:14:45.576577,0.01,-0.13,-0.81,12.45,-9.16,-14.16,36.66,-39.01,-34.24,1
H,2022-10-20 12:14:45.595505,-0.01,-0.13,-0.80,-0.12,10.56,-1.34,36.66,-39.01,-34.24,1
H,2022-10-20 12:14:45.612819,0.02,-0.20,-0.72,-17.15,32.71,4.64,36.66,-39.01,-34.24,1
H,2022-10-20 12:14:45.632326,0.04,-0.22,-0.73,-21.85,39.73,11.96,35.36,-35.99,-31.16,1
H,2022-10-20 12:14:45.650254,0.17,-0.08,-0.84,-25.76,40.89,12.76,35.36,-35.99,-31.16,1
H,2022-10-20 12:14:45.668451,0.15,-0.13,-0.84,-2.26,30.27,-3.85,35.36,-35.99,-31.16,1
H,2022-10-20 12:14:45.686785,0.18,-0.16,-1.00,13.85,25.33,-19.23,30.80,-33.07,-23.40,1
H,2022-10-20 12:14:45.705098,0.26,-0.22,-1.21,28.14,19.10,-30.27,30.80,-33.07,-23.40,1
H,2022-10-20 12:14:45.725428,0.12,-0.35,-1.09,19.35,10.86,-32.10,25.01,-32.89,-16.53,1
H,2022-10-20 12:14:45.744543,0.15,-0.40,-1.22,-2.01,19.04,-20.32,25.01,-32.89,-16.53,1
H,2022-10-20 12:14:45.763244,0.13,-0.41,-1.26,-21.55,16.24,0.43,25.01,-32.89,-16.53,1
H,2022-10-20 12:14:45.782461,0.24,-0.34,-1.36,-36.44,24.35,10.50,19.41,-31.08,-14.44,1
H,2022-10-20 12:14:45.800077,0.13,-0.30,-1.53,-3.11,-12.45,8.06,19.41,-31.08,-14.44,1
H,2022-10-20 12:14:45.819685,0.18,-0.25,-1.40,55.42,-69.64,-0.67,19.41,-31.08,-14.44,1
H,2022-10-20 12:14:45.838696,0.36,-0.15,-1.19,100.46,-96.13,-18.19,22.19,-34.06,-16.87,1
H,2022-10-20 12:14:45.858074,0.39,-0.15,-0.74,57.13,-77.27,-13.18,22.19,-34.06,-16.87,1
H,2022-10-20 12:14:45.877498,0.41,-0.10,-0.76,-25.09,-32.65,8.12,31.12,-38.92,-20.98,1
H,2022-10-20 12:14:45.896889,0.32,-0.17,-0.81,-77.82,18.74,18.98,31.12,-38.92,-20.98,1
H,2022-10-20 12:14:45.915496,0.11,-0.24,-0.87,-81.18,31.07,11.29,31.12,-38.92,-20.98,1
H,2022-10-20 12:14:45.935386,0.06,-0.37,-0.80,-63.48,31.25,2.69,33.45,-33.06,-22.63,1
H,2022-10-20 12:14:45.952672,0.23,-0.46,-1.29,38.70,8.61,-8.18,33.45,-33.06,-22.63,1
H,2022-10-20 12:14:45.972346,-0.00,-0.52,-0.92,15.14,9.58,-3.97,33.87,-33.50,-22.63,1
H,2022-10-20 12:14:45.992084,0.06,-0.63,-0.91,-2.38,18.19,38.76,33.87,-33.50,-22.63,1
H,2022-10-20 12:14:46.010240,0.11,-0.54,-0.89,-6.84,22.09,65.55,33.87,-33.50,-22.63,1
H,2022-10-20 12:14:46.029340,0.19,-0.41,-0.94,10.44,24.78,65.37,28.80,-34.44,-24.33,1
H,2022-10-20 12:14:46.047575,0.26,-0.18,-1.00,30.03,16.91,49.99,28.80,-34.44,-24.33,1
H,2022-10-20 12:14:46.065392,0.27,-0.10,-1.03,43.46,3.97,24.66,28.80,-34.44,-24.33,1
H,2022-10-20 12:14:46.084797,0.23,-0.02,-1.11,46.88,-5.31,3.05,25.06,-37.87,-23.17,1
H,2022-10-20 12:14:46.103245,0.24,0.05,-1.13,37.96,-13.24,-0.37,25.06,-37.87,-23.17,1
H,2022-10-20 12:14:46.122159,0.23,0.13,-1.13,19.47,-18.19,-4.21,24.28,-39.78,-24.22,1
H,2022-10-20 12:14:46.139495,0.28,0.11,-1.10,8.48,-24.90,-11.47,24.28,-39.78,-24.22,1
H,2022-10-20 12:14:46.157625,0.33,0.03,-1.09,1.04,-31.98,-19.23,24.28,-39.78,-24.22,1
H,2022-10-20 12:14:46.177014,0.25,-0.05,-0.99,9.09,-39.49,-24.11,27.97,-42.13,-29.53,1
H,2022-10-20 12:14:46.194418,0.16,-0.20,-0.92,23.68,-39.98,-19.71,27.97,-42.13,-29.53,1
H,2022-10-20 12:14:46.212310,0.12,-0.18,-0.84,29.42,-35.83,-13.98,27.97,-42.13,-29.53,1
H,2022-10-20 12:14:46.232253,0.11,-0.14,-0.80,13.85,-23.44,-6.29,30.88,-45.20,-31.29,1
H,2022-10-20 12:14:46.251464,0.24,-0.21,-0.83,-26.98,0.43,12.27,30.88,-45.20,-31.29,1
H,2022-10-20 12:14:46.270528,-0.25,-0.10,-0.54,-55.66,-9.83,13.18,30.88,-45.20,-31.29,1
H,2022-10-20 12:14:46.291077,-0.07,-0.15,-0.62,-40.53,30.82,16.78,30.93,-43.30,-32.15,1
H,2022-10-20 12:14:46.309422,0.04,-0.02,-0.67,-19.65,51.94,9.83,30.93,-43.30,-32.15,1
H,2022-10-20 12:14:46.329386,0.21,-0.16,-0.73,-5.13,59.45,1.89,26.35,-38.98,-25.31,1
H,2022-10-20 12:14:46.348440,0.16,-0.19,-0.93,-1.16,49.56,-4.27,26.35,-38.98,-25.31,1
H,2022-10-20 12:14:46.367736,0.25,-0.25,-1.17,13.24,43.58,-2.69,26.35,-38.98,-25.31,1
H,2022-10-20 12:14:46.386997,0.19,-0.21,-1.21,16.60,42.36,-7.63,18.55,-36.00,-16.67,1
H,2022-10-20 12:14:46.406583,0.27,-0.29,-1.32,0.92,43.40,-16.78,18.55,-36.00,-16.67,1
H,2022-10-20 12:14:46.426852,0.18,-0.36,-1.35,-17.15,38.64,-18.68,9.44,-33.63,-14.50,1
H,2022-10-20 12:14:46.445613,0.25,-0.44,-1.42,-23.13,39.92,-12.08,9.44,-33.63,-14.50,1
H,2022-10-20 12:14:46.464318,0.09,-0.42,-1.58,22.28,-24.96,5.62,9.44,-33.63,-14.50,1
H,2022-10-20 12:14:46.483258,0.22,-0.38,-1.35,82.89,-64.27,2.87,8.45,-33.44,-16.47,1
H,2022-10-20 12:14:46.502331,0.31,-0.27,-1.14,86.79,-76.66,3.05,8.45,-33.44,-16.47,1
H,2022-10-20 12:14:46.522083,0.32,-0.21,-1.01,28.44,-54.93,15.50,16.48,-38.46,-19.98,1
H,2022-10-20 12:14:46.541734,0.27,-0.17,-1.02,-22.40,-41.32,21.42,16.48,-38.46,-19.98,1
H,2022-10-20 12:14:46.560356,0.25,-0.12,-1.00,-21.48,-35.34,17.82,16.48,-38.46,-19.98,1
H,2022-10-20 12:14:46.580448,0.23,-0.10,-0.96,-0.55,-31.37,9.95,20.06,-37.85,-26.92,1
H,2022-10-20 12:14:46.599590,0.23,-0.06,-0.81,13.18,-28.44,1.77,20.06,-37.85,-26.92,1
H,2022-10-20 12:14:46.618251,0.27,-0.05,-0.75,-0.67,-17.15,1.95,20.06,-37.85,-26.92,1
H,2022-10-20 12:14:46.636543,0.26,-0.04,-0.77,-20.87,-2.50,7.57,21.70,-39.32,-30.69,1
H,2022-10-20 12:14:46.654556,0.19,-0.12,-0.80,-32.10,10.56,11.11,21.70,-39.32,-30.69,1
H,2022-10-20 12:14:46.674798,0.15,-0.12,-0.80,-29.17,15.14,9.22,20.30,-38.12,-32.31,1
H,2022-10-20 12:14:46.693497,0.14,-0.10,-0.85,-20.20,18.19,5.13,20.30,-38.12,-32.31,1
H,2022-10-20 12:14:46.711993,0.15,-0.09,-0.82,-11.47,15.99,-5.86,20.30,-38.12,-32.31,1
H,2022-10-20 12:14:46.731583,0.24,-0.14,-0.76,-20.32,21.30,-4.94,19.18,-37.50,-33.46,1
H,2022-10-20 12:14:46.750586,0.22,-0.22,-0.75,-41.50,28.32,2.14,19.18,-37.50,-33.46,1
