H,2022-10-20 16:21:20.868940,0.60,-0.74,-0.26,-48.77,-0.73,-0.85,9.19,15.77,-38.65,1
H,2022-10-20 16:21:20.876982,0.61,-0.74,-0.31,-52.43,4.82,-1.71,9.19,15.77,-38.65,1
H,2022-10-20 16:21:20.908246,0.60,-0.77,-0.24,-60.18,16.66,2.87,9.19,15.77,-38.65,1
H,2022-10-20 16:21:20.923873,0.62,-0.78,-0.20,-56.46,23.07,7.75,8.80,17.90,-39.42,1
H,2022-10-20 16:21:20.939521,0.62,-0.81,-0.18,-45.72,20.81,-0.85,8.80,17.90,-39.42,1
H,2022-10-20 16:21:20.955143,0.54,-0.81,-0.22,-42.91,20.75,-2.81,8.80,17.90,-39.42,1
H,2022-10-20 16:21:20.971204,0.57,-0.80,-0.25,-33.94,28.87,-3.91,7.71,19.01,-40.64,1
H,2022-10-20 16:21:21.002463,0.55,-0.85,-0.25,-27.40,38.57,-3.42,7.71,19.01,-40.64,1
H,2022-10-20 16:21:21.018087,0.48,-0.86,-0.23,0.98,19.41,-2.99,7.15,20.79,-40.36,1
H,2022-10-20 16:21:21.033724,0.58,-0.70,-0.38,16.42,8.42,-8.24,7.15,20.79,-40.36,1
H,2022-10-20 16:21:21.049343,0.65,-0.65,-0.44,-10.56,11.11,-10.07,7.15,20.79,-40.36,1
H,2022-10-20 16:21:21.069519,0.61,-0.66,-0.35,-48.65,29.11,-21.24,6.13,22.81,-40.54,1
H,2022-10-20 16:21:21.081049,0.42,-0.75,-0.19,-68.85,37.66,-30.52,6.13,22.81,-40.54,1
H,2022-10-20 16:21:21.112310,0.20,-0.80,-0.17,-69.70,28.02,-18.25,6.13,22.81,-40.54,1
H,2022-10-20 16:21:21.127937,0.26,-0.87,-0.15,-56.70,16.24,-2.69,4.41,25.89,-42.26,1
H,2022-10-20 16:21:21.143584,0.39,-0.89,-0.20,-34.55,4.15,2.08,4.41,25.89,-42.26,1
H,2022-10-20 16:21:21.165663,0.48,-0.90,-0.19,-32.59,10.68,0.55,4.41,25.89,-42.26,1
H,2022-10-20 16:21:21.175220,0.42,-0.93,-0.18,-43.64,22.46,-0.92,3.69,28.59,-42.68,1
H,2022-10-20 16:21:21.190859,0.32,-0.94,-0.14,-34.85,31.01,-2.08,3.69,28.59,-42.68,1
H,2022-10-20 16:21:21.222109,0.30,-0.92,-0.13,-17.33,20.26,2.56,3.38,31.27,-42.40,1
H,2022-10-20 16:21:21.237760,0.30,-0.97,-0.17,-6.10,11.47,11.54,3.38,31.27,-42.40,1
H,2022-10-20 16:21:21.253381,0.36,-0.97,-0.27,6.71,3.36,8.12,3.38,31.27,-42.40,1
H,2022-10-20 16:21:21.270015,0.39,-0.94,-0.30,-7.57,12.39,1.16,4.36,32.06,-43.43,1
H,2022-10-20 16:21:21.285037,0.41,-0.91,-0.23,-21.24,25.45,3.48,4.36,32.06,-43.43,1
H,2022-10-20 16:21:21.307497,0.39,-0.93,-0.16,-27.34,28.75,5.19,4.36,32.06,-43.43,1
H,2022-10-20 16:21:21.332149,0.34,-0.93,-0.14,-23.56,25.70,5.13,4.75,33.19,-42.68,1
H,2022-10-20 16:21:21.347774,0.27,-0.95,-0.11,-6.65,-1.53,4.70,4.75,33.19,-42.68,1
H,2022-10-20 16:21:21.369912,0.33,-0.91,-0.20,25.09,-22.28,-3.72,4.75,33.19,-42.68,1
H,2022-10-20 16:21:21.379426,0.44,-0.83,-0.22,21.61,-2.01,-4.03,5.60,33.25,-42.98,1
H,2022-10-20 16:21:21.395063,0.48,-0.85,-0.17,0.73,12.94,2.32,5.60,33.25,-42.98,1
H,2022-10-20 16:21:21.426315,0.51,-0.84,-0.10,-4.46,16.97,2.75,5.93,33.39,-42.40,1
H,2022-10-20 16:21:21.441942,0.56,-0.86,-0.09,-6.04,14.77,-1.53,5.93,33.39,-42.40,1
H,2022-10-20 16:21:21.457571,0.60,-0.83,-0.11,14.65,26.86,-15.32,5.93,33.39,-42.40,1
H,2022-10-20 16:21:21.473624,0.46,-0.89,-0.12,17.33,19.59,-22.77,5.32,33.20,-42.69,1
H,2022-10-20 16:21:21.489260,0.51,-0.80,-0.22,21.30,18.13,-23.01,5.32,33.20,-42.69,1
H,2022-10-20 16:21:21.504909,0.50,-0.81,-0.22,5.37,30.15,-15.32,5.32,33.20,-42.69,1
H,2022-10-20 16:21:21.536137,0.29,-0.78,-0.15,-9.22,31.56,-11.96,4.59,33.73,-42.09,1
H,2022-10-20 16:21:21.551766,0.26,-1.15,-0.25,38.39,-17.82,4.64,4.59,33.73,-42.09,1
H,2022-10-20 16:21:21.570426,0.46,-0.96,-0.37,17.64,-25.88,-1.16,4.59,33.73,-42.09,1
H,2022-10-20 16:21:21.583445,0.41,-0.82,-0.32,29.42,-39.67,-24.72,5.18,33.76,-40.84,1
H,2022-10-20 16:21:21.599092,0.24,-0.93,-0.23,-4.46,-12.82,-10.80,5.18,33.76,-40.84,1
H,2022-10-20 16:21:21.614712,0.45,-0.89,-0.10,-1.16,14.95,-1.46,5.43,33.12,-39.90,1
H,2022-10-20 16:21:21.645969,0.44,-0.89,-0.13,-27.10,7.32,0.49,5.43,33.12,-39.90,1
H,2022-10-20 16:21:21.661590,0.44,-0.91,-0.09,-26.61,1.28,0.43,5.43,33.12,-39.90,1
H,2022-10-20 16:21:21.683794,0.43,-0.93,-0.17,-18.98,-3.97,-1.95,5.40,34.06,-42.08,1
H,2022-10-20 16:21:21.693319,0.32,-0.90,-0.30,-18.25,-1.65,-2.75,5.40,34.06,-42.08,1
H,2022-10-20 16:21:21.708972,0.29,-0.97,-0.19,-1.83,17.52,-11.60,5.40,34.06,-42.08,1
H,2022-10-20 16:21:21.740207,0.34,-0.94,-0.15,17.64,24.90,-30.27,4.91,33.64,-41.76,1
H,2022-10-20 16:21:21.755853,0.38,-0.93,-0.12,28.93,20.14,-38.21,4.91,33.64,-41.76,1
H,2022-10-20 16:21:21.771917,0.36,-0.89,-0.10,32.71,12.39,-47.00,1.73,32.13,-39.64,1
H,2022-10-20 16:21:21.787571,0.32,-0.84,-0.14,41.63,9.58,-49.26,1.73,32.13,-39.64,1
H,2022-10-20 16:21:21.803197,0.29,-0.78,-0.24,32.10,3.78,-48.22,1.73,32.13,-39.64,1
H,2022-10-20 16:21:21.834480,0.22,-0.80,-0.27,22.34,4.94,-47.49,-1.01,31.03,-39.25,1
H,2022-10-20 16:21:21.850117,0.36,-0.83,-0.26,30.58,9.77,-54.69,-1.01,31.03,-39.25,1
H,2022-10-20 16:21:21.870769,0.48,-0.81,-0.28,8.06,6.35,-41.44,-1.01,31.03,-39.25,1
H,2022-10-20 16:21:21.881781,0.38,-0.98,-0.27,-15.26,7.14,-10.74,-3.98,29.77,-39.67,1
H,2022-10-20 16:21:21.897438,0.33,-1.04,-0.27,-9.52,5.43,-5.80,-3.98,29.77,-39.67,1
H,2022-10-20 16:21:21.913068,0.35,-1.10,-0.27,-12.15,4.82,-10.68,-3.98,29.77,-39.67,1
H,2022-10-20 16:21:21.944294,0.37,-1.18,-0.26,-5.31,3.72,-14.34,-5.55,30.24,-40.80,1
H,2022-10-20 16:21:21.959920,0.39,-1.17,-0.34,2.01,3.78,-18.74,-5.55,30.24,-40.80,1
H,2022-10-20 16:21:21.975979,0.26,-1.05,-0.44,6.41,9.16,-17.52,-6.63,29.19,-40.25,1
H,2022-10-20 16:21:21.991614,0.09,-0.82,-0.22,16.91,14.34,-12.70,-6.63,29.19,-40.25,1
H,2022-10-20 16:21:22.007241,0.08,-0.95,-0.13,2.14,-24.96,62.07,-6.63,29.19,-40.25,1
H,2022-10-20 16:21:22.038490,0.34,-0.90,-0.26,36.38,-11.66,81.12,-3.93,29.17,-39.84,1
H,2022-10-20 16:21:22.054116,0.40,-0.99,-0.29,4.39,-8.36,66.16,-3.93,29.17,-39.84,1
H,2022-10-20 16:21:22.071285,0.43,-1.01,-0.28,2.62,-12.51,42.18,-3.93,29.17,-39.84,1
H,2022-10-20 16:21:22.085974,0.52,-0.89,-0.32,11.35,-5.37,16.85,-1.60,28.70,-38.06,1
H,2022-10-20 16:21:22.101611,0.54,-0.80,-0.29,3.30,9.89,6.04,-1.60,28.70,-38.06,1
H,2022-10-20 16:21:22.132866,0.51,-0.82,-0.25,-7.51,14.83,-7.69,-1.65,28.94,-39.76,1
H,2022-10-20 16:21:22.148491,0.36,-0.87,-0.21,-3.11,5.74,-16.42,-1.65,28.94,-39.76,1
H,2022-10-20 16:21:22.164133,0.33,-0.84,-0.24,5.98,-10.19,-15.69,-1.65,28.94,-39.76,1
H,2022-10-20 16:21:22.180203,0.35,-0.86,-0.29,2.38,-7.93,-3.05,-1.87,29.42,-38.90,1
H,2022-10-20 16:21:22.201700,0.36,-0.86,-0.30,-10.93,7.14,7.39,-1.87,29.42,-38.90,1
H,2022-10-20 16:21:22.211735,0.38,-0.96,-0.21,-25.82,10.80,-0.92,-1.87,29.42,-38.90,1
H,2022-10-20 16:21:22.242996,0.33,-0.95,-0.19,-17.46,-1.83,-17.15,-1.73,30.02,-39.51,1
H,2022-10-20 16:21:22.258627,0.33,-0.91,-0.19,-6.16,-1.83,-24.90,-1.73,30.02,-39.51,1
H,2022-10-20 16:21:22.274674,0.31,-0.90,-0.17,-18.55,23.01,-13.98,-2.71,31.01,-40.64,1
H,2022-10-20 16:21:22.295725,0.28,-1.12,-0.08,26.31,-16.17,3.30,-2.71,31.01,-40.64,1
H,2022-10-20 16:21:22.312278,0.22,-0.82,-0.53,-1.16,-10.86,12.21,-2.71,31.01,-40.64,1
H,2022-10-20 16:21:22.333698,0.20,-1.03,-0.25,-31.80,24.29,35.10,-2.49,31.54,-39.54,1
H,2022-10-20 16:21:22.343727,0.25,-1.03,-0.21,-10.19,29.24,11.90,-2.49,31.54,-39.54,1
H,2022-10-20 16:21:22.371891,0.23,-1.01,-0.14,-3.85,56.40,11.84,-2.49,31.54,-39.54,1
H,2022-10-20 16:21:22.391051,0.37,-0.96,-0.04,7.26,57.56,10.25,-3.45,30.81,-40.10,1
H,2022-10-20 16:21:22.406677,0.43,-0.93,-0.02,19.41,39.61,8.85,-3.45,30.81,-40.10,1
H,2022-10-20 16:21:22.422327,0.39,-0.96,-0.11,34.36,11.66,6.23,-3.45,30.81,-40.10,1
H,2022-10-20 16:21:22.437949,0.35,-0.88,-0.33,46.20,1.34,8.42,-3.54,30.51,-39.49,1
H,2022-10-20 16:21:22.453575,0.35,-0.83,-0.65,28.63,0.73,10.07,-3.54,30.51,-39.49,1
H,2022-10-20 16:21:22.485244,0.35,-0.85,-0.67,5.92,8.30,12.27,-2.95,29.22,-39.72,1
H,2022-10-20 16:21:22.500880,0.38,-0.87,-0.57,-4.09,2.87,3.54,-2.95,29.22,-39.72,1
H,2022-10-20 16:21:22.516508,0.32,-0.89,-0.47,-2.26,-0.18,-5.49,-2.95,29.22,-39.72,1
H,2022-10-20 16:21:22.532134,0.33,-0.95,-0.38,3.11,11.35,-5.43,-3.54,29.65,-39.93,1
H,2022-10-20 16:21:22.547760,0.35,-0.95,-0.26,8.42,15.44,-7.02,-3.54,29.65,-39.93,1
H,2022-10-20 16:21:22.579413,0.29,-0.69,-0.31,-45.96,-2.20,32.23,-3.54,29.65,-39.93,1
H,2022-10-20 16:21:22.595050,0.29,-1.06,-0.11,-25.94,-0.31,34.91,-2.73,30.65,-40.27,1
H,2022-10-20 16:21:22.610676,0.35,-0.93,-0.26,-4.46,-6.53,25.82,-2.73,30.65,-40.27,1
H,2022-10-20 16:21:22.626302,0.43,-0.89,-0.33,-13.55,-8.36,28.63,-1.38,30.86,-41.00,1
H,2022-10-20 16:21:22.641932,0.38,-0.94,-0.33,-21.55,-7.14,29.05,-1.38,30.86,-41.00,1
H,2022-10-20 16:21:22.673577,0.37,-0.99,-0.23,-7.81,-9.28,18.98,-1.38,30.86,-41.00,1
H,2022-10-20 16:21:22.689232,0.29,-0.91,-0.25,2.08,-9.16,8.97,0.01,30.70,-41.13,1
H,2022-10-20 16:21:22.710817,0.36,-0.86,-0.22,24.96,-2.08,-6.16,0.01,30.70,-41.13,1
H,2022-10-20 16:21:22.720849,0.29,-0.91,-0.26,12.15,-2.44,-2.87,0.01,30.70,-41.13,1
H,2022-10-20 16:21:22.736507,0.36,-0.86,-0.26,19.78,-5.80,-13.24,0.28,29.86,-39.54,1
H,2022-10-20 16:21:22.767736,0.36,-0.77,-0.30,-23.80,-4.58,-0.55,0.28,29.86,-39.54,1
H,2022-10-20 16:21:22.783791,0.29,-0.84,-0.34,-51.57,-3.36,10.50,0.06,31.05,-40.60,1
H,2022-10-20 16:21:22.799429,0.17,-1.02,-0.16,-24.41,12.82,-3.42,0.06,31.05,-40.60,1
H,2022-10-20 16:21:22.815059,0.30,-0.82,-0.22,7.69,15.56,-25.94,0.06,31.05,-40.60,1
H,2022-10-20 16:21:22.830700,0.25,-0.78,-0.21,9.09,7.63,-29.05,-1.90,30.08,-39.83,1
H,2022-10-20 16:21:22.861964,0.18,-0.87,-0.17,30.27,8.06,-44.43,-1.90,30.08,-39.83,1
H,2022-10-20 16:21:22.878081,0.34,-0.78,-0.25,46.75,4.64,-49.62,-1.90,30.08,-39.83,1
H,2022-10-20 16:21:22.893740,0.28,-0.79,-0.32,9.70,13.43,-26.67,-4.39,29.36,-39.87,1
H,2022-10-20 16:21:22.909359,0.34,-0.90,-0.30,6.59,14.47,-20.32,-4.39,29.36,-39.87,1
H,2022-10-20 16:21:22.924974,0.42,-0.97,-0.28,1.16,13.12,-7.93,-6.10,28.16,-40.47,1
H,2022-10-20 16:21:22.956221,0.43,-1.07,-0.28,9.52,4.27,-0.06,-6.10,28.16,-40.47,1
H,2022-10-20 16:21:22.972890,0.49,-1.04,-0.44,18.07,-7.32,20.20,-6.10,28.16,-40.47,1
H,2022-10-20 16:21:22.987923,0.37,-1.17,-0.46,-5.92,-5.07,19.23,-7.51,28.09,-40.37,1
H,2022-10-20 16:21:23.003580,0.33,-1.19,-0.43,-1.22,1.95,10.31,-7.51,28.09,-40.37,1
H,2022-10-20 16:21:23.019210,0.30,-1.15,-0.37,7.93,5.07,-6.35,-7.51,28.09,-40.37,1
H,2022-10-20 16:21:23.050439,0.30,-1.05,-0.35,18.92,8.54,-26.61,-7.07,27.89,-38.38,1
H,2022-10-20 16:21:23.066066,0.28,-0.92,-0.32,30.09,11.17,-31.13,-7.07,27.89,-38.38,1
H,2022-10-20 16:21:23.082110,0.27,-0.84,-0.32,29.42,11.47,-29.24,-8.02,26.89,-38.89,1
H,2022-10-20 16:21:23.097768,0.26,-0.78,-0.28,23.19,8.54,-22.28,-8.02,26.89,-38.89,1
H,2022-10-20 16:21:23.113397,0.25,-0.76,-0.26,4.58,3.17,-10.74,-8.02,26.89,-38.89,1
H,2022-10-20 16:21:23.146488,0.24,-0.76,-0.27,-16.78,-2.93,7.32,-8.26,26.53,-37.88,1
H,2022-10-20 16:21:23.163076,0.12,-0.80,-0.22,-38.02,-12.27,23.99,-8.26,26.53,-37.88,1
H,2022-10-20 16:21:23.178117,-0.19,-1.05,-0.09,-9.40,-43.33,33.69,-8.26,26.53,-37.88,1
H,2022-10-20 16:21:23.193773,0.07,-0.96,-0.25,67.14,-59.08,40.04,-7.08,26.77,-38.57,1
H,2022-10-20 16:21:23.209396,0.24,-0.90,-0.48,71.90,-35.64,58.59,-7.08,26.77,-38.57,1
H,2022-10-20 16:21:23.231981,0.40,-0.96,-0.43,30.09,-15.50,59.81,-7.08,26.77,-38.57,1
H,2022-10-20 16:21:23.256634,0.43,-1.01,-0.35,3.60,-5.68,48.28,-4.37,24.67,-35.42,1
H,2022-10-20 16:21:23.273270,0.48,-0.95,-0.34,13.98,-3.97,33.45,-4.37,24.67,-35.42,1
