H,2022-10-20 16:22:21.171109,0.01,-0.90,-0.50,-21.85,-7.57,5.19,-12.84,11.36,-38.59,1
H,2022-10-20 16:22:21.191296,0.02,-0.94,-0.41,-15.69,2.14,8.42,-13.23,11.58,-39.47,1
H,2022-10-20 16:22:21.209349,0.01,-0.88,-0.43,-1.28,0.49,5.00,-13.23,11.58,-39.47,1
H,2022-10-20 16:22:21.218877,-0.01,-0.87,-0.44,-1.53,3.66,6.65,-13.23,11.58,-39.47,1
H,2022-10-20 16:22:21.250136,-0.03,-0.86,-0.44,-7.75,6.10,8.54,-11.83,11.11,-37.94,1
H,2022-10-20 16:22:21.265781,-0.01,-0.85,-0.45,-9.70,9.16,7.87,-11.83,11.11,-37.94,1
H,2022-10-20 16:22:21.281407,0.00,-0.84,-0.38,-11.11,17.76,7.20,-11.83,11.11,-37.94,1
H,2022-10-20 16:22:21.297456,0.04,-0.81,-0.34,0.61,20.75,-2.75,-12.39,11.36,-37.61,1
H,2022-10-20 16:22:21.313114,-1.07,-0.56,0.03,8.48,20.63,-16.24,-12.39,11.36,-37.61,1
H,2022-10-20 16:22:21.344342,-0.10,-0.89,-0.57,17.15,-24.23,17.58,-12.39,11.36,-37.61,1
H,2022-10-20 16:22:21.359969,-0.08,-0.83,-0.69,14.53,-3.23,6.71,-12.74,11.62,-38.27,1
H,2022-10-20 16:22:21.375614,-0.08,-0.87,-0.47,-18.80,23.74,-0.24,-12.74,11.62,-38.27,1
H,2022-10-20 16:22:21.391752,-0.04,-0.88,-0.36,-8.30,29.91,-13.31,-13.76,11.62,-39.81,1
H,2022-10-20 16:22:21.407284,-0.04,-0.83,-0.35,6.10,26.73,-24.48,-13.76,11.62,-39.81,1
H,2022-10-20 16:22:21.422937,-0.07,-0.77,-0.37,12.63,21.67,-31.86,-13.76,11.62,-39.81,1
H,2022-10-20 16:22:21.454169,-0.09,-0.73,-0.46,10.62,21.73,-36.87,-15.63,10.53,-39.54,1
H,2022-10-20 16:22:21.469816,-0.09,-0.81,-0.43,4.39,29.79,-37.35,-15.63,10.53,-39.54,1
H,2022-10-20 16:22:21.491955,-0.08,-0.90,-0.41,3.54,32.65,-34.36,-15.63,10.53,-39.54,1
H,2022-10-20 16:22:21.501484,-0.09,-0.96,-0.42,8.73,31.31,-36.13,-17.46,10.02,-41.69,1
H,2022-10-20 16:22:21.517134,-0.08,-1.03,-0.46,21.48,28.81,-34.61,-17.46,10.02,-41.69,1
H,2022-10-20 16:22:21.548370,-0.08,-1.12,-0.60,21.73,14.65,-24.60,-19.41,9.28,-42.94,1
H,2022-10-20 16:22:21.563996,-0.09,-1.19,-0.65,17.46,6.29,-16.85,-19.41,9.28,-42.94,1
H,2022-10-20 16:22:21.579643,-0.12,-1.20,-0.71,3.91,-7.57,-2.93,-19.41,9.28,-42.94,1
H,2022-10-20 16:22:21.595436,-0.31,-1.14,-0.75,1.77,-11.72,1.22,-19.53,8.98,-43.32,1
H,2022-10-20 16:22:21.611483,-0.35,-1.09,-0.60,-10.56,-17.76,41.44,-19.53,8.98,-43.32,1
H,2022-10-20 16:22:21.626715,-0.12,-1.07,-0.64,2.01,-24.54,41.87,-19.53,8.98,-43.32,1
H,2022-10-20 16:22:21.657950,0.01,-1.02,-0.54,-5.13,-20.94,37.90,-17.97,9.74,-43.97,1
H,2022-10-20 16:22:21.677753,0.04,-0.94,-0.54,-1.46,-24.54,25.15,-17.97,9.74,-43.97,1
H,2022-10-20 16:22:21.692491,0.08,-0.84,-0.48,-2.99,-19.41,18.62,-17.97,9.74,-43.97,1
H,2022-10-20 16:22:21.705517,0.07,-0.80,-0.43,-5.07,-16.72,13.79,-16.36,10.10,-41.31,1
H,2022-10-20 16:22:21.727802,0.05,-0.74,-0.41,-11.66,-2.01,5.74,-16.36,10.10,-41.31,1
H,2022-10-20 16:22:21.752632,0.03,-0.79,-0.32,-13.85,6.71,1.16,-16.86,10.58,-40.78,1
H,2022-10-20 16:22:21.768259,-0.00,-0.79,-0.32,-10.01,11.17,-7.14,-16.86,10.58,-40.78,1
H,2022-10-20 16:22:21.783888,-0.04,-0.82,-0.33,-13.12,19.96,-10.07,-16.86,10.58,-40.78,1
H,2022-10-20 16:22:21.799925,-1.06,-1.13,0.32,-10.13,23.50,-22.40,-17.00,9.90,-41.50,1
H,2022-10-20 16:22:21.815579,-0.18,-0.78,-0.70,26.79,-6.10,-7.02,-17.00,9.90,-41.50,1
H,2022-10-20 16:22:21.831204,-0.09,-1.00,-0.40,-9.58,29.36,21.61,-17.00,9.90,-41.50,1
H,2022-10-20 16:22:21.862437,-0.06,-1.06,-0.25,-2.87,37.66,25.27,-17.99,9.55,-41.41,1
H,2022-10-20 16:22:21.878064,-0.06,-1.00,-0.34,24.84,30.27,17.21,-17.99,9.55,-41.41,1
H,2022-10-20 16:22:21.894126,-0.06,-0.96,-0.44,41.20,24.66,17.76,-17.99,9.55,-41.41,1
H,2022-10-20 16:22:21.909778,-0.06,-0.85,-0.68,39.31,11.47,9.34,-19.25,8.63,-41.83,1
H,2022-10-20 16:22:21.925404,-0.06,-0.87,-0.71,19.53,10.80,10.38,-19.25,8.63,-41.83,1
H,2022-10-20 16:22:21.941032,-0.07,-0.90,-0.68,9.16,12.21,12.15,-19.56,8.04,-42.58,1
H,2022-10-20 16:22:21.972262,-0.05,-0.88,-0.70,10.19,10.38,12.76,-19.56,8.04,-42.58,1
H,2022-10-20 16:22:21.987897,-0.06,-0.85,-0.71,9.46,3.72,13.43,-19.56,8.04,-42.58,1
H,2022-10-20 16:22:22.003951,-0.04,-0.81,-0.70,2.14,-0.61,16.24,-19.24,8.45,-42.14,1
H,2022-10-20 16:22:22.019588,-0.05,-0.84,-0.66,-9.09,-3.85,19.35,-19.24,8.45,-42.14,1
H,2022-10-20 16:22:22.035223,-0.04,-0.86,-0.61,-12.88,-10.31,17.21,-19.24,8.45,-42.14,1
H,2022-10-20 16:22:22.066462,-0.05,-0.83,-0.61,-10.80,-16.30,13.55,-19.60,8.45,-41.04,1
H,2022-10-20 16:22:22.082090,-0.05,-0.80,-0.55,-7.02,-9.28,11.23,-19.60,8.45,-41.04,1
H,2022-10-20 16:22:22.098123,-0.07,-0.79,-0.51,-6.04,-6.90,9.46,-18.86,8.30,-41.00,1
H,2022-10-20 16:22:22.113776,-0.09,-0.78,-0.43,-2.99,-2.01,4.09,-18.86,8.30,-41.00,1
H,2022-10-20 16:22:22.129384,-0.10,-0.78,-0.37,-0.24,3.30,0.24,-18.86,8.30,-41.00,1
H,2022-10-20 16:22:22.145012,-0.04,-0.76,-0.24,6.10,9.52,-4.70,-18.30,8.19,-41.04,1
H,2022-10-20 16:22:22.176260,-0.04,-0.67,-0.45,-0.61,-9.03,6.04,-18.30,8.19,-41.04,1
H,2022-10-20 16:22:22.196324,-0.16,-0.75,-0.62,-5.80,-1.77,13.18,-18.30,8.19,-41.04,1
H,2022-10-20 16:22:22.207599,-0.11,-0.74,-0.48,-6.53,22.16,-1.83,-18.57,8.59,-40.97,1
H,2022-10-20 16:22:22.223236,-0.10,-0.72,-0.39,-5.07,27.04,-13.37,-18.57,8.59,-40.97,1
H,2022-10-20 16:22:22.245836,-0.11,-0.72,-0.38,3.30,27.71,-32.10,-18.57,8.59,-40.97,1
H,2022-10-20 16:22:22.254846,-0.11,-0.63,-0.38,4.27,29.85,-43.64,-19.36,7.39,-41.43,1
H,2022-10-20 16:22:22.286110,-0.07,-0.71,-0.34,6.96,28.63,-41.69,-19.36,7.39,-41.43,1
H,2022-10-20 16:22:22.302148,-0.10,-0.88,-0.46,16.91,20.94,-24.23,-19.98,6.98,-44.12,1
H,2022-10-20 16:22:22.317785,-0.11,-1.05,-0.60,27.47,15.14,-21.79,-19.98,6.98,-44.12,1
H,2022-10-20 16:22:22.333412,-0.12,-1.15,-0.72,28.38,15.08,-25.70,-19.98,6.98,-44.12,1
H,2022-10-20 16:22:22.349037,-0.11,-1.20,-0.75,12.45,15.99,-30.46,-20.91,6.57,-45.03,1
H,2022-10-20 16:22:22.364680,-0.13,-1.14,-0.69,2.50,2.32,-25.70,-20.91,6.57,-45.03,1
H,2022-10-20 16:22:22.396317,-0.44,-1.01,-0.70,-1.10,-13.79,-15.75,-20.91,6.57,-45.03,1
H,2022-10-20 16:22:22.410357,-0.41,-0.97,-0.75,1.46,-32.90,11.17,-21.55,6.48,-45.20,1
H,2022-10-20 16:22:22.433157,-0.02,-1.13,-0.69,-7.14,-15.56,49.74,-21.55,6.48,-45.20,1
H,2022-10-20 16:22:22.449156,-0.07,-1.12,-0.58,0.37,-11.41,45.96,-21.55,6.48,-45.20,1
H,2022-10-20 16:22:22.465589,-0.06,-1.00,-0.58,17.70,-12.88,36.01,-19.69,7.63,-44.38,1
H,2022-10-20 16:22:22.481214,-0.07,-0.93,-0.51,19.53,-7.51,36.19,-19.69,7.63,-44.38,1
H,2022-10-20 16:22:22.497264,-0.04,-0.86,-0.53,15.75,-7.14,34.67,-18.88,7.28,-44.47,1
H,2022-10-20 16:22:22.528522,-0.04,-0.79,-0.54,7.08,-5.07,32.78,-18.88,7.28,-44.47,1
H,2022-10-20 16:22:22.544149,-0.03,-0.80,-0.54,5.74,-5.80,26.37,-18.88,7.28,-44.47,1
H,2022-10-20 16:22:22.559776,0.00,-0.76,-0.54,7.45,-3.91,21.06,-17.64,7.21,-44.18,1
