J,2022-10-20 16:25:30.578727,0.52,0.50,0.63,-9.34,-1.10,8.54,-0.10,-20.07,-87.76,1
J,2022-10-20 16:25:30.594353,0.50,0.46,0.66,-6.35,1.10,12.39,-0.10,-20.07,-87.76,1
J,2022-10-20 16:25:30.616489,0.50,0.49,0.64,-4.76,1.89,10.19,-0.89,-21.37,-89.47,1
J,2022-10-20 16:25:30.632628,0.50,0.51,0.64,-1.04,2.69,9.64,-0.89,-21.37,-89.47,1
J,2022-10-20 16:25:30.642152,0.53,0.49,0.64,-4.27,0.73,11.90,-0.89,-21.37,-89.47,1
J,2022-10-20 16:25:30.671701,0.50,0.49,0.63,-11.23,-1.40,14.34,-1.42,-22.12,-90.01,1
J,2022-10-20 16:25:30.689340,0.45,0.50,0.65,-18.49,0.12,14.77,-1.42,-22.12,-90.01,1
J,2022-10-20 16:25:30.704985,0.41,0.53,0.65,-18.92,2.14,11.90,-2.31,-23.32,-88.79,1
J,2022-10-20 16:25:30.721048,0.40,0.56,0.64,-11.11,5.31,7.26,-2.31,-23.32,-88.79,1
J,2022-10-20 16:25:30.736703,0.47,0.52,0.64,-9.83,4.03,7.51,-2.31,-23.32,-88.79,1
J,2022-10-20 16:25:30.752311,0.48,0.54,0.61,-15.69,0.92,9.16,-3.27,-24.06,-91.81,1
J,2022-10-20 16:25:30.783559,0.46,0.56,0.58,-18.43,-0.98,11.90,-3.27,-24.06,-91.81,1
J,2022-10-20 16:25:30.799182,0.43,0.59,0.55,-16.85,0.85,14.47,-3.27,-24.06,-91.81,1
J,2022-10-20 16:25:30.816846,0.39,0.61,0.57,-1.28,7.20,13.85,-3.75,-24.95,-90.70,1
J,2022-10-20 16:25:30.830879,0.43,0.55,0.61,-0.92,8.24,15.75,-3.75,-24.95,-90.70,1
J,2022-10-20 16:25:30.846534,0.46,0.54,0.62,-9.22,6.16,17.52,-3.75,-24.95,-90.70,1
J,2022-10-20 16:25:30.876327,0.41,0.59,0.59,-21.30,-0.43,13.18,-3.86,-25.72,-91.82,1
J,2022-10-20 16:25:30.893026,0.40,0.64,0.55,-21.79,-1.22,11.47,-3.86,-25.72,-91.82,1
J,2022-10-20 16:25:30.908671,0.40,0.65,0.53,-10.13,2.26,12.08,-5.19,-26.32,-91.87,1
J,2022-10-20 16:25:30.924723,0.44,0.62,0.54,-6.84,3.30,10.44,-5.19,-26.32,-91.87,1
J,2022-10-20 16:25:30.940376,0.44,0.63,0.54,-12.08,0.43,13.92,-5.19,-26.32,-91.87,1
J,2022-10-20 16:25:30.956005,0.46,0.60,0.52,-12.88,-2.20,19.10,-5.16,-26.62,-92.42,1
J,2022-10-20 16:25:30.987232,0.47,0.59,0.52,-16.42,-9.89,21.30,-5.16,-26.62,-92.42,1
J,2022-10-20 16:25:31.002859,0.34,0.87,0.25,11.90,14.10,-4.15,-5.16,-26.62,-92.42,1
J,2022-10-20 16:25:31.018915,0.46,0.67,0.75,36.74,27.71,8.24,-6.20,-25.92,-92.43,1
J,2022-10-20 16:25:31.034567,0.42,0.73,0.54,18.55,20.45,12.15,-6.20,-25.92,-92.43,1
J,2022-10-20 16:25:31.050175,0.41,0.51,0.82,13.79,13.92,11.17,-6.20,-25.92,-92.43,1
J,2022-10-20 16:25:31.073301,0.42,0.78,0.47,-17.09,-21.61,-16.78,-5.85,-25.61,-91.31,1
J,2022-10-20 16:25:31.097683,0.44,0.87,0.45,-24.54,-46.69,-41.38,-5.85,-25.61,-91.31,1
J,2022-10-20 16:25:31.117823,0.46,0.80,0.44,-4.88,-43.21,-34.55,-6.60,-26.49,-90.52,1
J,2022-10-20 16:25:31.129337,0.46,0.79,0.42,9.89,-39.37,-32.53,-6.60,-26.49,-90.52,1
J,2022-10-20 16:25:31.151770,0.38,0.79,0.44,36.87,-19.41,-17.58,-6.60,-26.49,-90.52,1
J,2022-10-20 16:25:31.160797,0.43,0.43,0.67,74.58,0.24,-1.59,-6.85,-26.79,-92.63,1
J,2022-10-20 16:25:31.176448,0.45,0.37,0.85,69.52,5.92,-2.14,-6.85,-26.79,-92.63,1
J,2022-10-20 16:25:31.207682,0.35,0.50,0.82,50.48,9.28,11.23,-6.85,-26.79,-92.63,1
J,2022-10-20 16:25:31.223716,0.46,0.12,0.92,44.31,7.14,22.83,-6.59,-24.27,-92.98,1
J,2022-10-20 16:25:31.239347,0.45,0.34,0.79,-24.17,-9.77,2.44,-6.59,-24.27,-92.98,1
J,2022-10-20 16:25:31.254995,0.43,0.48,0.68,-76.17,-21.73,-6.77,-6.59,-24.27,-92.98,1
J,2022-10-20 16:25:31.270623,0.41,0.53,0.39,-139.59,-21.61,-6.53,-7.37,-26.51,-91.85,1
J,2022-10-20 16:25:31.286240,0.12,0.81,0.46,-59.81,30.58,19.35,-7.37,-26.51,-91.85,1
J,2022-10-20 16:25:31.317991,0.34,0.61,0.65,27.10,64.15,9.34,-6.02,-27.89,-91.32,1
J,2022-10-20 16:25:31.333514,0.52,0.56,0.65,35.40,50.72,-3.60,-6.02,-27.89,-91.32,1
J,2022-10-20 16:25:31.349168,0.63,0.47,0.62,-4.27,24.29,2.81,-6.02,-27.89,-91.32,1
J,2022-10-20 16:25:31.364797,0.61,0.63,0.52,-34.67,10.07,9.52,-4.66,-27.27,-90.42,1
J,2022-10-20 16:25:31.380419,0.56,0.68,0.49,-32.84,3.05,16.60,-4.66,-27.27,-90.42,1
J,2022-10-20 16:25:31.396884,0.58,0.64,0.47,-15.93,0.31,22.52,-4.66,-27.27,-90.42,1
J,2022-10-20 16:25:31.428187,0.59,0.60,0.47,-6.04,-3.66,25.21,-5.11,-27.75,-90.33,1
J,2022-10-20 16:25:31.444389,0.52,0.62,0.49,-13.85,-10.56,22.16,-5.11,-27.75,-90.33,1
J,2022-10-20 16:25:31.466510,0.48,0.66,0.49,-15.50,-13.67,20.26,-5.11,-27.75,-90.33,1
J,2022-10-20 16:25:31.483899,-0.65,0.85,0.39,-5.37,-18.07,17.58,-6.62,-27.93,-90.53,1
J,2022-10-20 16:25:31.499714,0.39,0.78,0.21,39.92,16.72,-2.14,-6.62,-27.93,-90.53,1
J,2022-10-20 16:25:31.522463,0.44,0.44,0.83,65.73,26.86,6.29,-5.93,-27.03,-90.93,1
J,2022-10-20 16:25:31.540158,0.19,0.62,0.75,10.07,11.66,-2.20,-5.93,-27.03,-90.93,1
J,2022-10-20 16:25:31.554257,0.38,0.69,0.49,13.98,-15.50,3.36,-5.93,-27.03,-90.93,1
J,2022-10-20 16:25:31.570519,0.37,0.52,0.63,35.03,-13.98,6.10,-6.40,-26.32,-92.07,1
J,2022-10-20 16:25:31.592463,0.37,0.52,0.55,13.61,-17.52,6.04,-6.40,-26.32,-92.07,1
J,2022-10-20 16:25:31.611117,0.37,0.61,0.53,12.27,-14.89,8.85,-6.40,-26.32,-92.07,1
J,2022-10-20 16:25:31.631269,0.35,0.58,0.53,25.94,-6.35,15.38,-7.07,-23.86,-90.44,1
J,2022-10-20 16:25:31.651617,0.42,0.48,0.52,31.92,0.43,14.65,-7.07,-23.86,-90.44,1
J,2022-10-20 16:25:31.669910,0.44,0.56,0.64,19.23,4.46,6.59,-6.96,-22.62,-91.46,1
J,2022-10-20 16:25:31.682563,0.38,0.59,0.66,9.09,4.33,2.62,-6.96,-22.62,-91.46,1
J,2022-10-20 16:25:31.702810,0.43,0.62,0.62,-0.43,2.01,3.78,-6.96,-22.62,-91.46,1
J,2022-10-20 16:25:31.723077,0.37,0.63,0.68,5.13,1.28,5.19,-7.48,-21.75,-89.83,1
J,2022-10-20 16:25:31.743206,0.39,0.59,0.72,9.83,-1.65,5.86,-7.48,-21.75,-89.83,1
J,2022-10-20 16:25:31.763802,0.42,0.55,0.65,5.19,-6.29,4.33,-7.48,-21.75,-89.83,1
J,2022-10-20 16:25:31.775876,0.41,0.57,0.65,0.00,-7.39,2.32,-7.84,-21.12,-89.04,1
J,2022-10-20 16:25:31.794087,0.42,0.62,0.66,-1.46,-6.35,2.38,-7.84,-21.12,-89.04,1
J,2022-10-20 16:25:31.814186,0.41,0.63,0.66,0.67,-4.03,2.69,-7.84,-21.12,-89.04,1
J,2022-10-20 16:25:31.834488,0.46,0.58,0.62,1.95,-2.32,4.52,-7.92,-20.45,-87.29,1
J,2022-10-20 16:25:31.844585,0.42,0.61,0.68,1.77,1.16,2.93,-7.92,-20.45,-87.29,1
J,2022-10-20 16:25:31.870736,0.40,0.62,0.70,2.87,1.40,2.93,-7.40,-20.17,-88.24,1
J,2022-10-20 16:25:31.886362,0.43,0.59,0.68,5.43,1.71,4.52,-7.40,-20.17,-88.24,1
J,2022-10-20 16:25:31.902007,0.40,0.64,0.71,0.55,-0.85,5.74,-7.40,-20.17,-88.24,1
J,2022-10-20 16:25:31.919652,0.38,0.62,0.69,-4.64,-1.95,6.59,-7.63,-19.04,-87.30,1
J,2022-10-20 16:25:31.933687,0.41,0.53,0.65,-0.67,0.00,10.50,-7.63,-19.04,-87.30,1
J,2022-10-20 16:25:31.949344,0.41,0.58,0.62,-3.23,4.58,12.70,-7.63,-19.04,-87.30,1
J,2022-10-20 16:25:31.980574,0.40,0.56,0.66,-1.53,11.78,15.56,-8.30,-19.03,-87.22,1
J,2022-10-20 16:25:31.996271,0.42,0.59,0.64,-1.77,13.31,9.03,-8.30,-19.03,-87.22,1
J,2022-10-20 16:25:32.011847,0.44,0.60,0.68,-12.45,10.56,0.24,-8.30,-19.03,-87.22,1
J,2022-10-20 16:25:32.027895,0.44,0.79,0.55,-30.27,1.89,-11.29,-7.59,-19.09,-87.35,1
J,2022-10-20 16:25:32.043548,0.48,0.70,0.57,-17.40,18.13,0.31,-7.59,-19.09,-87.35,1
J,2022-10-20 16:25:32.059175,0.42,0.65,0.65,-14.28,35.22,8.67,-7.29,-19.92,-87.16,1
J,2022-10-20 16:25:32.090407,0.43,0.62,0.76,-14.53,15.63,0.55,-7.29,-19.92,-87.16,1
J,2022-10-20 16:25:32.110200,0.43,0.58,0.67,-2.01,22.40,1.77,-7.29,-19.92,-87.16,1
J,2022-10-20 16:25:32.122074,0.36,0.65,0.66,-15.08,17.88,-2.62,-7.21,-20.15,-88.05,1
J,2022-10-20 16:25:32.137727,0.41,0.67,0.59,-20.81,3.66,-6.35,-7.21,-20.15,-88.05,1
J,2022-10-20 16:25:32.153356,0.32,0.70,0.63,-24.41,-4.21,-4.82,-7.21,-20.15,-88.05,1
J,2022-10-20 16:25:32.185714,0.30,0.73,0.55,-19.29,-18.68,5.55,-6.79,-20.70,-88.12,1
J,2022-10-20 16:25:32.200374,0.36,0.65,0.38,-19.78,-14.47,11.54,-6.79,-20.70,-88.12,1
J,2022-10-20 16:25:32.220038,-0.07,0.86,0.29,-27.34,1.89,12.82,-6.79,-20.70,-88.12,1
J,2022-10-20 16:25:32.232072,0.06,0.67,0.52,46.81,45.53,16.85,-6.76,-21.63,-88.06,1
J,2022-10-20 16:25:32.247731,0.27,0.65,0.55,46.63,47.91,-19.65,-6.76,-21.63,-88.06,1
J,2022-10-20 16:25:32.263352,0.43,0.69,0.56,17.94,25.45,-50.11,-4.88,-20.21,-87.88,1
J,2022-10-20 16:25:32.294585,0.50,0.80,0.46,4.27,17.21,-50.60,-4.88,-20.21,-87.88,1
J,2022-10-20 16:25:32.310210,0.58,0.82,0.43,11.84,13.92,-48.40,-4.88,-20.21,-87.88,1
J,2022-10-20 16:25:32.326257,0.62,0.78,0.47,23.50,7.93,-45.78,-3.02,-20.57,-87.51,1
J,2022-10-20 16:25:32.341910,0.68,0.67,0.49,36.44,0.67,-37.72,-3.02,-20.57,-87.51,1
J,2022-10-20 16:25:32.357538,0.71,0.55,0.55,23.56,-12.94,-23.68,-3.02,-20.57,-87.51,1
J,2022-10-20 16:25:32.373158,0.62,0.56,0.56,12.63,-17.52,-12.70,-2.48,-20.52,-88.00,1
