J,2022-10-20 16:26:47.232578,-0.18,0.42,0.81,-11.72,5.92,-2.62,28.14,-16.58,-87.49,1
J,2022-10-20 16:26:47.263814,-0.16,0.40,0.80,-4.76,6.77,0.06,28.14,-16.58,-87.49,1
J,2022-10-20 16:26:47.279438,-0.15,0.38,0.83,-0.49,6.47,1.46,28.14,-16.58,-87.49,1
J,2022-10-20 16:26:47.295089,-0.18,0.35,0.84,-2.26,3.97,6.47,28.86,-15.69,-88.96,1
J,2022-10-20 16:26:47.311151,-0.18,0.36,0.84,-9.03,6.47,7.20,28.86,-15.69,-88.96,1
J,2022-10-20 16:26:47.326804,-0.17,0.37,0.85,-13.55,8.18,10.68,28.86,-15.69,-88.96,1
J,2022-10-20 16:26:47.342433,-0.17,0.36,0.85,-17.27,7.81,14.10,30.03,-15.89,-88.64,1
J,2022-10-20 16:26:47.373661,-0.18,0.40,0.84,-19.29,9.16,17.40,30.03,-15.89,-88.64,1
J,2022-10-20 16:26:47.389288,-0.15,0.39,0.86,-24.11,10.99,24.29,30.03,-15.89,-88.64,1
J,2022-10-20 16:26:47.407445,-0.16,0.44,0.82,-32.78,9.16,27.47,29.83,-17.36,-86.94,1
J,2022-10-20 16:26:47.420980,-0.15,0.47,0.81,-36.93,7.20,28.69,29.83,-17.36,-86.94,1
J,2022-10-20 16:26:47.436638,-0.15,0.50,0.74,-42.42,3.17,28.02,30.44,-19.52,-85.91,1
J,2022-10-20 16:26:47.452261,-0.19,0.55,0.72,-44.56,-0.43,22.58,30.44,-19.52,-85.91,1
J,2022-10-20 16:26:47.483492,-0.21,0.64,0.68,-36.25,-5.37,15.44,30.44,-19.52,-85.91,1
J,2022-10-20 16:26:47.499136,-0.25,0.98,0.55,14.22,6.65,0.24,30.69,-21.61,-86.58,1
J,2022-10-20 16:26:47.515199,-0.22,0.57,0.80,39.25,22.22,19.53,30.69,-21.61,-86.58,1
J,2022-10-20 16:26:47.530854,-0.20,0.46,0.82,27.65,19.41,18.49,30.69,-21.61,-86.58,1
J,2022-10-20 16:26:47.546479,-0.16,0.40,0.88,6.29,5.55,4.46,31.34,-20.30,-86.47,1
J,2022-10-20 16:26:47.577712,-0.18,0.65,0.67,-18.49,-18.31,-24.35,31.34,-20.30,-86.47,1
J,2022-10-20 16:26:47.593338,-0.16,0.65,0.67,-16.97,-24.96,-38.57,31.34,-20.30,-86.47,1
J,2022-10-20 16:26:47.609399,-0.16,0.70,0.64,-23.86,-39.37,-58.17,31.42,-19.62,-86.96,1
J,2022-10-20 16:26:47.625049,-0.18,0.81,0.57,-13.49,-44.49,-64.09,31.42,-19.62,-86.96,1
J,2022-10-20 16:26:47.640676,-0.18,0.51,0.72,43.03,-37.72,-46.20,32.56,-15.99,-90.33,1
J,2022-10-20 16:26:47.672333,-0.24,0.49,0.80,47.49,-36.50,-40.59,32.56,-15.99,-90.33,1
J,2022-10-20 16:26:47.687965,-0.34,0.40,0.94,61.40,-19.47,-17.33,32.56,-15.99,-90.33,1
J,2022-10-20 16:26:47.708121,-0.31,0.20,1.08,66.47,10.74,16.97,31.65,-11.71,-91.26,1
J,2022-10-20 16:26:47.719650,-0.17,-0.13,1.19,2.01,6.77,11.96,31.65,-11.71,-91.26,1
J,2022-10-20 16:26:47.735305,-0.35,0.47,0.84,-59.39,-12.51,-5.55,31.65,-11.71,-91.26,1
J,2022-10-20 16:26:47.750930,-0.49,0.67,0.67,-30.94,23.86,10.01,32.09,-11.95,-90.97,1
J,2022-10-20 16:26:47.782161,-0.15,0.28,1.06,18.43,46.63,23.07,32.09,-11.95,-90.97,1
J,2022-10-20 16:26:47.797810,-0.14,0.48,0.78,-17.64,22.28,11.66,31.79,-13.40,-90.00,1
J,2022-10-20 16:26:47.813867,-0.13,0.56,0.73,-12.15,17.52,18.37,31.79,-13.40,-90.00,1
J,2022-10-20 16:26:47.829520,-0.07,0.51,0.69,-8.54,14.10,21.67,31.79,-13.40,-90.00,1
J,2022-10-20 16:26:47.845149,-0.10,0.51,0.70,-6.41,11.23,19.90,31.73,-14.48,-89.61,1
J,2022-10-20 16:26:47.860771,-0.11,0.54,0.70,-2.44,10.07,13.73,31.73,-14.48,-89.61,1
J,2022-10-20 16:26:47.892004,-0.06,0.49,0.75,0.85,8.42,11.05,31.73,-14.48,-89.61,1
J,2022-10-20 16:26:47.908641,-0.10,0.52,0.75,-11.05,-1.46,9.03,31.49,-16.17,-89.71,1
J,2022-10-20 16:26:47.923677,-0.19,0.60,0.76,-12.82,0.06,7.57,31.49,-16.17,-89.71,1
J,2022-10-20 16:26:47.939338,-0.52,0.61,0.84,-3.97,0.85,2.26,31.49,-16.17,-89.71,1
J,2022-10-20 16:26:47.954960,-0.21,0.75,0.74,30.46,9.95,-6.35,32.81,-16.54,-88.42,1
J,2022-10-20 16:26:47.970589,-0.20,0.42,0.91,39.79,14.04,2.38,32.81,-16.54,-88.42,1
J,2022-10-20 16:26:48.001828,-0.19,0.51,0.82,13.92,6.16,-0.67,32.36,-15.44,-87.63,1
J,2022-10-20 16:26:48.017864,-0.18,0.44,0.85,5.62,2.32,-0.55,32.36,-15.44,-87.63,1
J,2022-10-20 16:26:48.033500,-0.18,0.50,0.73,-0.98,-8.79,-0.61,32.36,-15.44,-87.63,1
J,2022-10-20 16:26:48.049143,-0.18,0.46,0.71,6.53,-9.03,1.71,33.24,-15.58,-88.31,1
J,2022-10-20 16:26:48.064750,-0.19,0.46,0.74,7.69,-14.65,5.19,33.24,-15.58,-88.31,1
J,2022-10-20 16:26:48.080396,-0.21,0.44,0.72,11.17,-22.22,9.64,33.24,-15.58,-88.31,1
J,2022-10-20 16:26:48.112033,-0.21,0.44,0.72,13.61,-22.83,9.16,32.31,-16.03,-89.67,1
J,2022-10-20 16:26:48.127665,-0.22,0.45,0.73,16.24,-20.26,7.26,32.31,-16.03,-89.67,1
J,2022-10-20 16:26:48.143311,-0.23,0.42,0.75,18.92,-18.07,5.92,32.31,-16.03,-89.67,1
J,2022-10-20 16:26:48.158940,-0.23,0.40,0.79,16.30,-18.98,5.49,31.97,-15.54,-90.27,1
J,2022-10-20 16:26:48.183078,-0.24,0.43,0.82,5.55,-24.78,10.80,31.97,-15.54,-90.27,1
J,2022-10-20 16:26:48.190607,-0.24,0.43,0.83,-1.53,-24.41,15.32,31.03,-16.30,-92.00,1
J,2022-10-20 16:26:48.222267,-0.25,0.40,0.85,-5.37,-25.09,14.04,31.03,-16.30,-92.00,1
J,2022-10-20 16:26:48.237900,-0.28,0.44,0.83,-9.52,-26.25,12.45,31.03,-16.30,-92.00,1
J,2022-10-20 16:26:48.253546,-0.28,0.46,0.85,-6.71,-24.11,11.54,30.08,-17.52,-92.36,1
J,2022-10-20 16:26:48.269176,-0.30,0.50,0.83,-4.76,-21.85,14.53,30.08,-17.52,-92.36,1
J,2022-10-20 16:26:48.284797,-0.31,0.50,0.86,4.46,-16.66,13.98,30.08,-17.52,-92.36,1
J,2022-10-20 16:26:48.309485,-0.32,0.48,0.88,3.54,-13.67,12.45,29.93,-18.42,-93.86,1
J,2022-10-20 16:26:48.332137,-0.33,0.49,0.91,2.38,-10.19,8.61,29.93,-18.42,-93.86,1
J,2022-10-20 16:26:48.347775,-0.34,0.52,0.93,0.18,-5.92,4.64,29.93,-18.42,-93.86,1
J,2022-10-20 16:26:48.363413,-0.34,0.50,0.98,0.79,-3.42,2.93,29.28,-19.19,-93.08,1
J,2022-10-20 16:26:48.379035,-0.34,0.47,0.91,-3.60,-2.44,7.63,29.28,-19.19,-93.08,1
J,2022-10-20 16:26:48.394660,-0.33,0.42,0.90,-1.95,0.31,9.40,28.41,-19.41,-93.52,1
J,2022-10-20 16:26:48.426334,-0.33,0.44,0.84,-9.09,0.18,2.87,28.41,-19.41,-93.52,1
J,2022-10-20 16:26:48.441961,-0.33,0.48,0.78,-6.29,2.50,-1.34,28.41,-19.41,-93.52,1
J,2022-10-20 16:26:48.457606,-0.34,0.44,0.78,-0.55,7.39,-0.37,28.12,-21.53,-91.77,1
J,2022-10-20 16:26:48.473232,-0.33,0.47,0.78,-0.73,16.05,10.93,28.12,-21.53,-91.77,1
J,2022-10-20 16:26:48.488859,-0.33,0.49,0.77,-9.46,18.98,19.10,28.12,-21.53,-91.77,1
J,2022-10-20 16:26:48.510020,-0.31,0.42,0.82,-15.93,22.22,22.22,27.31,-22.88,-91.80,1
J,2022-10-20 16:26:48.536182,-0.31,0.45,0.80,-28.81,20.94,18.98,27.31,-22.88,-91.80,1
J,2022-10-20 16:26:48.551811,-0.29,0.43,0.82,-35.46,15.75,9.64,27.31,-22.88,-91.80,1
J,2022-10-20 16:26:48.567455,-0.30,0.62,0.71,-42.72,10.68,7.02,26.14,-24.69,-90.26,1
J,2022-10-20 16:26:48.583080,-0.29,0.74,0.65,-33.94,3.17,3.48,26.14,-24.69,-90.26,1
J,2022-10-20 16:26:48.610219,-0.31,0.82,0.54,-16.30,-5.00,0.85,26.00,-26.90,-88.79,1
J,2022-10-20 16:26:48.614933,-0.33,0.73,0.49,15.20,-0.37,13.79,26.00,-26.90,-88.79,1
J,2022-10-20 16:26:48.646192,-0.32,0.51,0.65,56.21,18.80,17.33,26.00,-26.90,-88.79,1
J,2022-10-20 16:26:48.661818,-0.30,0.29,0.89,47.12,18.19,10.99,26.64,-25.11,-88.54,1
J,2022-10-20 16:26:48.677463,-0.30,0.35,0.91,20.69,10.07,0.98,26.64,-25.11,-88.54,1
J,2022-10-20 16:26:48.702784,-0.30,0.48,0.87,0.00,1.89,-3.97,26.64,-25.11,-88.54,1
J,2022-10-20 16:26:48.710440,-0.30,0.54,0.81,-2.50,-2.75,-2.99,26.49,-24.52,-89.82,1
J,2022-10-20 16:26:48.724960,-0.31,0.54,0.78,8.36,-3.42,2.01,26.49,-24.52,-89.82,1
J,2022-10-20 16:26:48.756221,-0.31,0.49,0.76,12.63,-1.83,5.68,26.49,-24.52,-89.82,1
J,2022-10-20 16:26:48.771846,-0.31,0.40,0.77,13.31,0.24,5.86,25.89,-24.96,-89.55,1
J,2022-10-20 16:26:48.787494,-0.32,0.39,0.80,4.46,0.85,1.95,25.89,-24.96,-89.55,1
J,2022-10-20 16:26:48.810633,-0.33,0.43,0.82,-5.55,0.06,-2.08,26.50,-24.24,-88.87,1
J,2022-10-20 16:26:48.819165,-0.43,0.48,0.77,-5.19,8.48,3.60,26.50,-24.24,-88.87,1
J,2022-10-20 16:26:48.834817,-0.47,0.41,0.88,15.14,20.45,4.27,26.50,-24.24,-88.87,1
J,2022-10-20 16:26:48.866048,-0.45,0.41,0.88,17.70,22.52,-2.69,25.50,-23.97,-89.39,1
J,2022-10-20 16:26:48.881675,-0.43,0.40,0.89,18.01,23.44,-4.52,25.50,-23.97,-89.39,1
J,2022-10-20 16:26:48.897302,-0.42,0.35,0.85,13.49,21.79,-2.99,25.50,-23.97,-89.39,1
J,2022-10-20 16:26:48.913367,-0.42,0.32,0.84,11.29,20.08,1.46,24.56,-22.84,-88.81,1
J,2022-10-20 16:26:48.929018,-0.41,0.31,0.79,6.77,20.08,10.31,24.56,-22.84,-88.81,1
J,2022-10-20 16:26:48.960249,-0.41,0.27,0.78,7.81,21.55,19.29,22.34,-22.56,-89.66,1
J,2022-10-20 16:26:48.975875,-0.38,0.24,0.78,4.21,21.12,24.96,22.34,-22.56,-89.66,1
J,2022-10-20 16:26:48.991525,-0.34,0.26,0.79,-3.30,19.47,29.91,22.34,-22.56,-89.66,1
J,2022-10-20 16:26:49.011158,-0.32,0.28,0.79,-15.93,1.10,37.41,18.97,-22.94,-89.69,1
J,2022-10-20 16:26:49.023170,-0.29,0.41,0.78,-31.07,13.73,40.16,18.97,-22.94,-89.69,1
J,2022-10-20 16:26:49.038823,-0.27,0.48,0.78,-32.17,12.02,43.40,18.97,-22.94,-89.69,1
J,2022-10-20 16:26:49.070054,-0.23,0.52,0.79,-27.04,12.51,46.69,15.52,-23.65,-90.65,1
J,2022-10-20 16:26:49.085679,-0.22,0.56,0.80,-25.57,12.08,48.10,15.52,-23.65,-90.65,1
J,2022-10-20 16:26:49.101327,-0.22,0.60,0.79,-24.48,11.72,46.26,15.52,-23.65,-90.65,1
J,2022-10-20 16:26:49.117384,-0.22,0.63,0.83,-23.56,11.05,41.38,12.35,-23.85,-89.27,1
J,2022-10-20 16:26:49.133035,-0.25,0.67,0.81,-22.64,8.97,35.58,12.35,-23.85,-89.27,1
J,2022-10-20 16:26:49.148660,-0.27,0.68,0.81,-11.35,10.31,30.94,10.95,-23.91,-90.14,1
J,2022-10-20 16:26:49.179894,-0.25,0.62,0.83,2.38,13.24,27.34,10.95,-23.91,-90.14,1
J,2022-10-20 16:26:49.195519,-0.25,0.56,0.84,8.91,14.83,26.18,10.95,-23.91,-90.14,1
J,2022-10-20 16:26:49.217260,-0.24,0.49,0.83,7.26,15.01,26.37,10.02,-23.00,-89.87,1
J,2022-10-20 16:26:49.227246,-0.26,0.44,0.82,2.01,15.69,26.61,10.02,-23.00,-89.87,1
J,2022-10-20 16:26:49.242907,-0.25,0.42,0.79,-1.83,16.48,27.10,10.02,-23.00,-89.87,1
J,2022-10-20 16:26:49.258529,-0.24,0.40,0.76,-5.80,16.42,27.65,8.65,-22.90,-88.88,1
J,2022-10-20 16:26:49.289763,-0.27,0.40,0.75,-9.22,16.66,30.21,8.65,-22.90,-88.88,1
J,2022-10-20 16:26:49.305390,-0.27,0.38,0.75,-9.52,18.49,33.33,8.65,-22.90,-88.88,1
J,2022-10-20 16:26:49.321442,-0.26,0.39,0.74,-13.61,17.58,35.40,8.25,-22.81,-89.49,1
J,2022-10-20 16:26:49.337101,-0.27,0.40,0.74,-15.93,17.46,37.72,8.25,-22.81,-89.49,1
J,2022-10-20 16:26:49.352722,-0.29,0.41,0.75,-16.05,16.66,38.27,7.13,-23.50,-89.56,1
J,2022-10-20 16:26:49.368345,-0.31,0.43,0.76,-14.34,15.56,36.62,7.13,-23.50,-89.56,1
J,2022-10-20 16:26:49.399580,-0.33,0.43,0.80,-17.15,13.49,34.73,7.13,-23.50,-89.56,1
J,2022-10-20 16:26:49.415611,-0.36,0.47,0.81,-19.71,10.50,32.17,6.73,-23.54,-89.48,1
J,2022-10-20 16:26:49.431270,-0.37,0.49,0.82,-19.90,8.85,33.57,6.73,-23.54,-89.48,1
J,2022-10-20 16:26:49.446892,-0.39,0.51,0.83,-17.21,7.45,33.63,6.73,-23.54,-89.48,1
J,2022-10-20 16:26:49.462509,-0.41,0.52,0.86,-12.21,8.54,29.85,5.51,-23.61,-89.89,1
J,2022-10-20 16:26:49.493748,-0.40,0.50,0.91,-7.81,8.67,23.32,5.51,-23.61,-89.89,1
J,2022-10-20 16:26:49.512400,-0.40,0.53,0.92,-14.89,7.14,17.94,5.51,-23.61,-89.89,1
J,2022-10-20 16:26:49.525413,-0.40,0.56,0.88,-15.32,8.12,15.63,4.77,-23.57,-90.76,1
J,2022-10-20 16:26:49.541051,-0.38,0.53,0.88,-4.64,12.57,15.14,4.77,-23.57,-90.76,1
J,2022-10-20 16:26:49.556694,-0.36,0.50,0.90,-0.85,14.95,13.00,4.15,-23.11,-90.17,1
J,2022-10-20 16:26:49.572322,-0.33,0.48,0.85,-3.11,16.17,10.86,4.15,-23.11,-90.17,1
J,2022-10-20 16:26:49.603555,-0.33,0.47,0.86,-5.13,19.17,9.16,4.15,-23.11,-90.17,1
J,2022-10-20 16:26:49.619588,-0.29,0.48,0.84,-5.92,20.69,7.51,4.37,-23.17,-90.10,1
J,2022-10-20 16:26:49.635243,-0.28,0.55,0.80,-7.02,19.78,8.24,4.37,-23.17,-90.10,1
J,2022-10-20 16:26:49.650872,-0.26,0.46,0.83,-0.92,22.03,10.01,4.37,-23.17,-90.10,1
J,2022-10-20 16:26:49.666492,-0.28,0.50,0.83,-9.46,17.21,7.63,3.33,-22.09,-90.61,1
J,2022-10-20 16:26:49.682118,-0.27,0.50,0.82,-9.58,17.09,6.04,3.33,-22.09,-90.61,1
J,2022-10-20 16:26:49.712749,-0.26,0.50,0.83,-12.94,15.14,5.86,3.33,-22.09,-90.61,1
J,2022-10-20 16:26:49.734458,-0.27,0.54,0.82,-19.41,11.54,4.46,2.82,-22.36,-89.90,1
J,2022-10-20 16:26:49.745366,-0.26,0.56,0.80,-15.20,11.66,4.64,2.82,-22.36,-89.90,1
J,2022-10-20 16:26:49.761023,-0.26,0.57,0.81,-14.95,10.74,4.15,2.31,-22.23,-89.62,1
J,2022-10-20 16:26:49.776645,-0.29,0.55,0.81,-10.74,12.51,5.19,2.31,-22.23,-89.62,1
J,2022-10-20 16:26:49.792271,-0.25,0.51,0.80,-9.09,16.78,6.35,2.31,-22.23,-89.62,1
J,2022-10-20 16:26:49.823926,-0.24,0.52,0.81,-20.69,19.35,6.96,2.21,-22.68,-89.25,1
J,2022-10-20 16:26:49.839560,-0.23,0.54,0.78,-39.18,22.34,3.30,2.21,-22.68,-89.25,1
J,2022-10-20 16:26:49.855209,-0.21,0.63,0.74,-51.09,24.72,0.79,2.21,-22.68,-89.25,1
J,2022-10-20 16:26:49.870831,-0.20,0.68,0.70,-53.53,26.55,-2.38,2.76,-23.21,-88.71,1
J,2022-10-20 16:26:49.886437,-0.14,0.70,0.68,-49.93,28.44,-5.13,2.76,-23.21,-88.71,1
J,2022-10-20 16:26:49.913096,-0.13,0.72,0.69,-48.16,26.98,-11.05,2.76,-23.21,-88.71,1
J,2022-10-20 16:26:49.933751,-0.12,0.77,0.71,-48.58,23.01,-24.17,2.64,-24.66,-86.52,1
J,2022-10-20 16:26:49.949376,-0.12,0.91,0.75,-42.91,17.94,-31.56,2.64,-24.66,-86.52,1
J,2022-10-20 16:26:49.965021,-0.12,0.90,0.75,-27.77,16.91,-36.01,3.50,-26.10,-85.75,1
J,2022-10-20 16:26:49.980650,-0.16,0.85,0.77,-20.26,14.47,-43.33,3.50,-26.10,-85.75,1
J,2022-10-20 16:26:49.996279,-0.22,0.86,0.76,-16.42,13.67,-54.69,3.50,-26.10,-85.75,1
J,2022-10-20 16:26:50.013413,-0.21,0.82,0.77,-13.85,13.55,-72.57,4.16,-25.95,-86.04,1
J,2022-10-20 16:26:50.043576,-0.22,0.86,0.70,-19.53,13.49,-84.72,4.16,-25.95,-86.04,1
J,2022-10-20 16:26:50.059214,-0.19,0.83,0.65,-7.20,18.86,-92.83,4.16,-25.95,-86.04,1
J,2022-10-20 16:26:50.074840,-0.10,0.75,0.62,5.92,21.85,-95.34,5.49,-26.09,-84.33,1
J,2022-10-20 16:26:50.090466,-0.03,0.68,0.59,13.61,17.70,-95.28,5.49,-26.09,-84.33,1
J,2022-10-20 16:26:50.113602,0.00,0.66,0.56,14.16,9.40,-96.56,5.49,-26.09,-84.33,1
J,2022-10-20 16:26:50.137756,0.03,0.65,0.51,18.07,-0.67,-95.76,6.82,-25.90,-83.03,1
J,2022-10-20 16:26:50.153382,0.05,0.61,0.49,24.96,-3.60,-90.33,6.82,-25.90,-83.03,1
J,2022-10-20 16:26:50.169029,0.09,0.54,0.52,28.63,-7.02,-81.05,7.56,-24.52,-83.78,1
J,2022-10-20 16:26:50.184659,0.08,0.52,0.52,28.93,-15.20,-70.19,7.56,-24.52,-83.78,1
J,2022-10-20 16:26:50.200281,-0.02,0.45,0.57,40.41,-19.53,-41.38,7.56,-24.52,-83.78,1
J,2022-10-20 16:26:50.216341,-0.19,0.40,0.59,54.69,-6.41,-28.56,8.37,-23.52,-83.73,1
J,2022-10-20 16:26:50.248726,-0.14,0.20,0.61,72.14,8.30,-15.20,8.37,-23.52,-83.73,1
J,2022-10-20 16:26:50.263389,-0.11,0.08,0.72,59.27,10.80,1.65,8.37,-23.52,-83.73,1
J,2022-10-20 16:26:50.279046,-0.16,0.11,0.73,19.71,2.32,15.26,8.48,-22.18,-85.28,1
J,2022-10-20 16:26:50.294668,-0.24,0.24,0.61,-16.36,-0.73,20.94,8.48,-22.18,-85.28,1
J,2022-10-20 16:26:50.313827,-0.19,0.24,0.55,-11.17,5.19,25.57,8.48,-22.18,-85.28,1
J,2022-10-20 16:26:50.326359,-0.10,0.21,0.50,-7.39,5.13,33.75,8.09,-23.33,-82.86,1
J,2022-10-20 16:26:50.357619,-0.01,0.19,0.46,-13.31,-1.28,42.72,8.09,-23.33,-82.86,1
J,2022-10-20 16:26:50.373264,0.05,0.24,0.37,-24.11,-12.88,52.25,7.42,-23.10,-83.95,1
J,2022-10-20 16:26:50.388892,0.16,0.35,0.34,-25.02,-28.26,63.23,7.42,-23.10,-83.95,1
J,2022-10-20 16:26:50.414025,0.12,0.40,0.40,-16.85,-37.05,68.97,7.42,-23.10,-83.95,1
J,2022-10-20 16:26:50.420547,0.09,0.44,0.53,-9.89,-39.31,69.58,6.49,-24.04,-83.97,1
J,2022-10-20 16:26:50.436196,0.08,0.53,0.60,-13.00,-41.56,66.96,6.49,-24.04,-83.97,1
J,2022-10-20 16:26:50.467431,0.05,0.59,0.70,-12.76,-42.60,63.23,6.49,-24.04,-83.97,1
J,2022-10-20 16:26:50.483075,-0.08,0.67,0.79,-18.07,-42.11,55.30,5.46,-24.56,-83.80,1
J,2022-10-20 16:26:50.498702,-0.26,0.82,0.95,-19.71,-35.71,45.78,5.46,-24.56,-83.80,1
J,2022-10-20 16:26:50.514232,-0.28,0.87,0.97,-8.79,-26.92,35.46,5.46,-24.56,-83.80,1
J,2022-10-20 16:26:50.529871,-0.29,0.85,1.00,2.01,-20.94,29.17,4.25,-25.06,-83.98,1
J,2022-10-20 16:26:50.561121,-0.26,0.80,0.97,21.55,-15.26,29.30,4.25,-25.06,-83.98,1
J,2022-10-20 16:26:50.576749,-0.23,0.72,0.96,28.99,-11.60,28.69,3.85,-25.07,-84.81,1
J,2022-10-20 16:26:50.592378,-0.19,0.68,0.90,25.45,-10.80,26.43,3.85,-25.07,-84.81,1
J,2022-10-20 16:26:50.614528,-0.17,0.66,0.87,18.74,-10.86,21.85,3.85,-25.07,-84.81,1
J,2022-10-20 16:26:50.624515,-0.13,0.68,0.80,10.13,-10.74,16.60,3.19,-24.55,-85.61,1
J,2022-10-20 16:26:50.640168,-0.13,0.68,0.75,2.01,-10.93,13.92,3.19,-24.55,-85.61,1
J,2022-10-20 16:26:50.671401,-0.13,0.72,0.68,-8.42,-10.13,6.96,3.19,-24.55,-85.61,1
J,2022-10-20 16:26:50.687038,-0.16,0.76,0.72,-7.32,-9.77,2.69,3.05,-25.78,-85.50,1
J,2022-10-20 16:26:50.702678,-0.22,0.77,0.74,-4.33,-12.70,-1.16,3.05,-25.78,-85.50,1
J,2022-10-20 16:26:50.718719,-0.26,0.78,0.73,6.47,-12.21,-5.25,2.78,-25.72,-85.69,1
J,2022-10-20 16:26:50.734372,-0.24,0.72,0.78,22.46,-8.36,-7.45,2.78,-25.72,-85.69,1
J,2022-10-20 16:26:50.749997,-0.22,0.66,0.82,28.14,-8.61,-6.59,2.78,-25.72,-85.69,1
J,2022-10-20 16:26:50.781487,-0.24,0.60,0.83,19.17,-6.96,-7.20,3.37,-25.83,-85.77,1
J,2022-10-20 16:26:50.797120,-0.21,0.56,0.78,6.10,-2.56,-13.00,3.37,-25.83,-85.77,1
J,2022-10-20 16:26:50.814778,-0.18,0.58,0.75,-7.57,-0.98,-16.30,3.37,-25.83,-85.77,1
J,2022-10-20 16:26:50.828804,-0.14,0.58,0.71,-13.43,-0.12,-13.00,4.26,-26.27,-86.51,1
J,2022-10-20 16:26:50.844458,-0.16,0.59,0.71,-20.32,0.61,-10.38,4.26,-26.27,-86.51,1
J,2022-10-20 16:26:50.860087,-0.18,0.60,0.74,-19.04,-0.43,-10.68,4.26,-26.27,-86.51,1
J,2022-10-20 16:26:50.891316,-0.20,0.63,0.75,-18.07,-2.93,-11.23,4.70,-26.81,-86.15,1
J,2022-10-20 16:26:50.907003,-0.23,0.64,0.79,-16.54,-2.81,-13.61,4.70,-26.81,-86.15,1
J,2022-10-20 16:26:50.923041,-0.21,0.61,0.80,-14.10,-1.95,-16.97,5.38,-27.77,-84.91,1
J,2022-10-20 16:26:50.938695,-0.20,0.60,0.76,-13.24,2.87,-16.42,5.38,-27.77,-84.91,1
J,2022-10-20 16:26:50.954317,-0.19,0.58,0.74,-16.48,5.31,-13.18,5.38,-27.77,-84.91,1
J,2022-10-20 16:26:50.985551,-0.21,0.60,0.72,-20.75,4.58,-12.82,5.76,-28.94,-85.36,1
J,2022-10-20 16:26:51.001177,-0.20,0.61,0.69,-19.10,1.83,-15.50,5.76,-28.94,-85.36,1
J,2022-10-20 16:26:51.017215,-0.18,0.63,0.70,-14.47,-1.10,-18.13,5.76,-28.94,-85.36,1
J,2022-10-20 16:26:51.032866,-0.17,0.67,0.70,-5.80,-7.20,-9.46,6.88,-30.00,-84.84,1
J,2022-10-20 16:26:51.048492,-0.22,0.55,0.69,5.31,-4.58,-2.08,6.88,-30.00,-84.84,1
J,2022-10-20 16:26:51.064119,-0.23,0.53,0.65,1.28,-4.03,0.49,6.88,-30.00,-84.84,1
J,2022-10-20 16:26:51.095350,-0.21,0.49,0.64,-5.68,-5.68,1.53,7.82,-30.08,-83.96,1
J,2022-10-20 16:26:51.115494,-0.23,0.52,0.62,-18.49,-9.22,0.06,7.82,-30.08,-83.96,1
J,2022-10-20 16:26:51.127033,-0.23,0.60,0.66,-29.79,-10.99,-1.65,8.73,-31.29,-82.89,1
J,2022-10-20 16:26:51.142682,-0.30,0.75,0.71,-27.59,-13.06,4.52,8.73,-31.29,-82.89,1
J,2022-10-20 16:26:51.158314,-0.34,0.76,0.72,-13.61,-9.46,11.41,8.73,-31.29,-82.89,1
J,2022-10-20 16:26:51.188682,-0.34,0.69,0.74,-2.14,-4.94,12.63,8.73,-31.75,-83.09,1
J,2022-10-20 16:26:51.205042,-0.31,0.68,0.76,-9.16,-4.03,6.35,8.73,-31.75,-83.09,1
J,2022-10-20 16:26:51.220598,-0.29,0.70,0.72,-16.24,-6.23,2.75,8.73,-31.75,-83.09,1
J,2022-10-20 16:26:51.236249,-0.26,0.71,0.70,-18.19,-4.58,1.22,8.62,-32.60,-82.43,1
J,2022-10-20 16:26:51.251880,-0.28,0.74,0.71,-21.36,-3.78,2.14,8.62,-32.60,-82.43,1
J,2022-10-20 16:26:51.267501,-0.29,0.75,0.68,-12.33,-2.56,6.23,8.62,-32.60,-82.43,1
J,2022-10-20 16:26:51.299236,-0.30,0.72,0.69,-0.43,1.16,4.64,8.95,-32.52,-82.39,1
J,2022-10-20 16:26:51.315879,-0.25,0.69,0.69,-0.98,1.04,0.31,8.95,-32.52,-82.39,1
J,2022-10-20 16:26:51.330912,-0.22,0.70,0.68,-5.19,-0.31,-1.53,9.35,-33.15,-83.02,1
J,2022-10-20 16:26:51.346568,-0.23,0.71,0.68,-9.40,-1.22,-0.61,9.35,-33.15,-83.02,1
J,2022-10-20 16:26:51.362196,-0.23,0.74,0.65,-8.18,-0.49,3.11,9.35,-33.15,-83.02,1
J,2022-10-20 16:26:51.377817,-0.23,0.71,0.65,-5.19,2.93,4.52,9.68,-32.68,-83.36,1
J,2022-10-20 16:26:51.409049,-0.25,0.74,0.65,-7.02,2.44,3.72,9.68,-32.68,-83.36,1
J,2022-10-20 16:26:51.425086,-0.26,0.74,0.65,-1.71,3.23,2.62,9.68,-32.68,-83.36,1
J,2022-10-20 16:26:51.440737,-0.23,0.74,0.65,1.89,2.32,0.31,9.99,-33.03,-83.31,1
J,2022-10-20 16:26:51.456346,-0.21,0.74,0.66,-4.27,1.89,-1.28,9.99,-33.03,-83.31,1
J,2022-10-20 16:26:51.471992,-0.23,0.78,0.62,-3.60,-1.34,0.06,9.99,-33.03,-83.31,1
J,2022-10-20 16:26:51.487612,-0.24,0.73,0.61,3.05,-0.24,-1.77,9.56,-33.11,-82.06,1
J,2022-10-20 16:26:51.519260,-0.24,0.72,0.62,5.19,0.24,-3.23,9.56,-33.11,-82.06,1
J,2022-10-20 16:26:51.534892,-0.26,0.72,0.63,3.97,1.59,-2.93,9.84,-33.28,-81.05,1
J,2022-10-20 16:26:51.550540,-0.27,0.70,0.65,7.75,2.69,-1.71,9.84,-33.28,-81.05,1
J,2022-10-20 16:26:51.566157,-0.25,0.68,0.66,10.01,3.17,0.49,9.84,-33.28,-81.05,1
J,2022-10-20 16:26:51.581789,-0.27,0.66,0.68,5.68,2.75,0.61,10.03,-32.67,-81.63,1
J,2022-10-20 16:26:51.597397,-0.27,0.66,0.66,2.08,3.91,0.79,10.03,-32.67,-81.63,1
J,2022-10-20 16:26:51.629069,-0.26,0.67,0.66,-0.73,5.55,2.69,10.03,-32.67,-81.63,1
J,2022-10-20 16:26:51.644702,-0.27,0.69,0.64,-2.01,5.86,4.03,10.27,-32.51,-83.23,1
J,2022-10-20 16:26:51.660347,-0.26,0.69,0.65,1.65,6.41,6.77,10.27,-32.51,-83.23,1
J,2022-10-20 16:26:51.675974,-0.27,0.68,0.64,0.92,5.13,4.94,10.27,-32.51,-83.23,1
J,2022-10-20 16:26:51.691597,-0.26,0.70,0.65,1.16,5.37,3.72,11.01,-32.17,-82.29,1
J,2022-10-20 16:26:51.716778,-0.25,0.70,0.65,-0.31,6.59,3.05,11.01,-32.17,-82.29,1
J,2022-10-20 16:26:51.738937,-0.24,0.71,0.64,-1.04,5.86,1.71,10.50,-31.96,-81.01,1
J,2022-10-20 16:26:51.754561,-0.24,0.71,0.64,3.91,5.62,0.98,10.50,-31.96,-81.01,1
J,2022-10-20 16:26:51.770209,-0.23,0.71,0.65,5.25,5.07,2.26,10.50,-31.96,-81.01,1
J,2022-10-20 16:26:51.785837,-0.22,0.65,0.66,2.93,4.27,2.93,11.08,-32.63,-82.67,1
J,2022-10-20 16:26:51.812095,-0.22,0.70,0.62,-1.65,3.23,1.83,11.08,-32.63,-82.67,1
J,2022-10-20 16:26:51.817127,-0.22,0.66,0.64,3.05,5.86,2.32,11.08,-32.63,-82.67,1
J,2022-10-20 16:26:51.848393,-0.20,0.65,0.66,-3.48,5.37,0.12,10.55,-32.75,-82.17,1
J,2022-10-20 16:26:51.864039,-0.19,0.70,0.65,-7.14,4.70,0.61,10.55,-32.75,-82.17,1
J,2022-10-20 16:26:51.879658,-0.20,0.71,0.66,-1.46,5.49,3.78,10.55,-32.75,-82.17,1
J,2022-10-20 16:26:51.895285,-0.19,0.66,0.66,5.25,7.69,6.59,10.40,-32.53,-81.31,1
J,2022-10-20 16:26:51.917444,-0.20,0.62,0.67,3.11,6.53,7.57,10.40,-32.53,-81.31,1
J,2022-10-20 16:26:51.942602,-0.21,0.63,0.66,-4.58,7.08,4.58,10.38,-32.69,-82.08,1
J,2022-10-20 16:26:51.958228,-0.20,0.63,0.67,-6.84,8.61,4.82,10.38,-32.69,-82.08,1
J,2022-10-20 16:26:51.973873,-0.20,0.65,0.67,-11.90,8.61,5.00,10.38,-32.69,-82.08,1
J,2022-10-20 16:26:51.989501,-0.21,0.68,0.65,-13.98,7.63,5.25,11.30,-33.11,-81.84,1
J,2022-10-20 16:26:52.005130,-0.21,0.67,0.65,-10.25,8.97,7.02,11.30,-33.11,-81.84,1
