l,2022-10-30 16:09:26.935453,0.14,-0.33,0.84,-34.24,-23.56,26.73,19.74,16.32,-83.86,1
l,2022-10-30 16:09:26.955458,0.16,-0.29,0.90,-31.43,-22.03,25.88,19.74,16.32,-83.86,1
l,2022-10-30 16:09:26.975458,0.19,-0.27,0.95,-45.23,-12.57,21.42,19.74,16.32,-83.86,1
l,2022-10-30 16:09:26.988416,0.18,-0.22,1.09,-50.60,-9.58,14.16,25.85,12.26,-88.43,1
l,2022-10-30 16:09:27.009473,0.17,-0.15,1.15,-40.83,-9.16,13.00,25.85,12.26,-88.43,1
l,2022-10-30 16:09:27.030044,0.17,-0.17,1.10,-18.74,-4.88,15.26,29.65,5.05,-95.19,1
l,2022-10-30 16:09:27.050045,0.16,-0.18,1.06,-23.25,-2.01,11.66,29.65,5.05,-95.19,1
l,2022-10-30 16:09:27.070052,0.18,-0.04,1.12,-36.38,5.31,7.39,29.65,5.05,-95.19,1
l,2022-10-30 16:09:27.090055,0.19,0.02,1.15,-35.95,10.74,1.95,29.28,-2.19,-100.76,1
l,2022-10-30 16:09:27.109936,0.20,-0.02,1.07,-10.31,4.76,-1.65,29.28,-2.19,-100.76,1
l,2022-10-30 16:09:27.130044,0.20,-0.04,1.04,0.31,-4.21,-2.75,27.04,-6.99,-104.35,1
l,2022-10-30 16:09:27.150045,0.18,-0.05,1.07,-8.85,-6.23,-7.87,27.04,-6.99,-104.35,1
l,2022-10-30 16:09:27.179942,0.12,-0.02,1.11,-8.12,-4.15,-9.28,27.04,-6.99,-104.35,1
l,2022-10-30 16:09:27.199937,0.14,-0.06,1.02,-3.23,2.20,-13.12,25.57,-9.78,-108.59,1
l,2022-10-30 16:09:27.219936,0.17,-0.14,0.92,1.77,-2.81,-13.61,25.57,-9.78,-108.59,1
l,2022-10-30 16:09:27.240576,0.06,-0.19,1.00,-0.73,-11.35,-14.16,24.26,-11.00,-109.85,1
l,2022-10-30 16:09:27.259438,0.03,-0.20,1.03,0.31,-7.57,-10.56,24.26,-11.00,-109.85,1
l,2022-10-30 16:09:27.279508,0.10,-0.20,0.95,-5.62,1.34,-11.17,24.08,-12.12,-112.68,1
l,2022-10-30 16:09:27.299541,0.11,-0.19,0.94,-12.94,2.01,-14.40,24.08,-12.12,-112.68,1
l,2022-10-30 16:09:27.320180,0.13,-0.17,0.90,-6.96,-2.44,-12.15,24.08,-12.12,-112.68,1
l,2022-10-30 16:09:27.340294,0.12,-0.20,0.92,-6.96,-8.97,-12.82,23.13,-12.10,-113.57,1
l,2022-10-30 16:09:27.361369,0.07,-0.17,0.99,-4.27,-5.92,-12.45,23.13,-12.10,-113.57,1
l,2022-10-30 16:09:27.381498,0.09,-0.21,0.93,0.18,-5.00,-14.10,22.11,-12.89,-113.75,1
l,2022-10-30 16:09:27.409818,0.07,-0.22,0.95,1.04,-7.39,-12.94,22.11,-12.89,-113.75,1
l,2022-10-30 16:09:27.429823,0.07,-0.21,0.98,-0.31,-6.41,-12.27,21.75,-13.40,-114.39,1
l,2022-10-30 16:09:27.439914,0.12,-0.19,1.00,3.30,-6.47,-11.96,21.75,-13.40,-114.39,1
l,2022-10-30 16:09:27.469848,0.15,-0.21,0.92,5.62,-6.96,-10.80,21.75,-13.40,-114.39,1
l,2022-10-30 16:09:27.489823,0.14,-0.31,0.86,3.05,-15.99,-13.00,21.66,-13.24,-114.75,1
l,2022-10-30 16:09:27.510453,0.07,-0.27,0.97,-0.73,-24.11,-9.64,21.66,-13.24,-114.75,1
l,2022-10-30 16:09:27.530649,0.10,-0.15,1.09,-11.66,-8.79,-10.01,21.22,-13.28,-116.08,1
l,2022-10-30 16:09:27.541141,0.16,-0.12,1.02,-14.53,-0.18,-13.12,21.22,-13.28,-116.08,1
l,2022-10-30 16:09:27.561136,0.13,-0.14,1.03,-10.50,-5.25,-17.15,21.22,-13.28,-116.08,1
l,2022-10-30 16:09:27.581138,-0.57,-0.31,1.12,-11.96,-3.60,-20.75,22.62,-14.39,-118.60,1
l,2022-10-30 16:09:27.601141,0.12,-0.15,1.21,53.10,-2.99,14.40,22.62,-14.39,-118.60,1
l,2022-10-30 16:09:27.621786,0.08,-0.23,1.08,12.94,24.96,-12.08,22.62,-14.39,-118.60,1
l,2022-10-30 16:09:27.642670,0.12,-0.20,1.11,10.19,23.86,-17.88,24.43,-13.54,-116.75,1
l,2022-10-30 16:09:27.659428,0.12,-0.22,1.12,12.39,30.82,-18.25,24.43,-13.54,-116.75,1
l,2022-10-30 16:09:27.679980,0.13,-0.30,1.03,15.75,33.94,-16.91,29.16,-12.28,-115.31,1
l,2022-10-30 16:09:27.700092,0.12,-0.35,0.98,11.05,35.58,-13.98,29.16,-12.28,-115.31,1
l,2022-10-30 16:09:27.720556,0.13,-0.35,0.98,3.30,38.27,-7.87,29.16,-12.28,-115.31,1
l,2022-10-30 16:09:27.742774,0.13,-0.36,0.93,7.63,35.40,-2.99,35.77,-10.85,-111.33,1
l,2022-10-30 16:09:27.763251,0.14,-0.36,0.87,8.42,26.43,3.17,35.77,-10.85,-111.33,1
l,2022-10-30 16:09:27.783884,0.11,-0.38,0.80,-0.24,22.77,3.54,38.89,-9.99,-107.19,1
l,2022-10-30 16:09:27.803883,0.10,-0.36,0.75,-7.75,17.03,2.50,38.89,-9.99,-107.19,1
l,2022-10-30 16:09:27.826846,0.09,-0.31,0.73,-14.65,7.57,2.81,38.89,-9.99,-107.19,1
l,2022-10-30 16:09:27.836950,0.09,-0.24,0.70,-16.72,4.64,2.50,40.84,-10.16,-103.19,1
l,2022-10-30 16:09:27.859559,0.08,-0.18,0.70,-11.54,-0.98,-0.85,40.84,-10.16,-103.19,1
l,2022-10-30 16:09:27.879795,0.10,-0.19,0.74,-10.50,4.27,-1.46,41.09,-10.84,-103.06,1
l,2022-10-30 16:09:27.899812,0.09,-0.27,0.71,-1.16,-0.49,17.82,41.09,-10.84,-103.06,1
l,2022-10-30 16:09:27.919724,0.10,-0.25,0.73,-2.93,-15.44,13.37,39.45,-12.62,-104.05,1
l,2022-10-30 16:09:27.939724,0.11,-0.23,0.76,-7.75,-21.36,8.97,39.45,-12.62,-104.05,1
l,2022-10-30 16:09:27.960088,0.12,-0.16,0.82,-9.64,-26.25,5.43,39.45,-12.62,-104.05,1
l,2022-10-30 16:09:27.981017,0.12,-0.13,0.86,-10.31,-26.31,2.99,35.53,-14.36,-108.94,1
l,2022-10-30 16:09:28.001064,0.13,-0.14,0.91,-10.80,-23.62,-1.65,35.53,-14.36,-108.94,1
l,2022-10-30 16:09:28.021064,0.14,-0.19,0.95,-7.20,-22.40,-3.78,35.53,-14.36,-108.94,1
l,2022-10-30 16:09:28.042637,0.13,-0.22,0.95,-0.37,-23.56,-3.36,32.50,-13.73,-112.00,1
l,2022-10-30 16:09:28.052955,0.13,-0.21,0.99,0.61,-26.73,-1.89,32.50,-13.73,-112.00,1
l,2022-10-30 16:09:28.082949,0.15,-0.17,1.05,-3.85,-24.72,-2.62,28.71,-13.17,-115.33,1
l,2022-10-30 16:09:28.092947,0.14,-0.17,1.10,-2.81,-22.52,-4.46,28.71,-13.17,-115.33,1
l,2022-10-30 16:09:28.112953,0.14,-0.16,1.12,-1.53,-14.53,-5.25,28.71,-13.17,-115.33,1
l,2022-10-30 16:09:28.132956,0.14,-0.15,1.14,3.42,-12.08,-5.43,25.76,-12.76,-116.00,1
l,2022-10-30 16:09:28.152953,0.13,-0.15,1.14,8.79,-9.58,-4.76,25.76,-12.76,-116.00,1
l,2022-10-30 16:09:28.175945,0.13,-0.19,1.13,20.39,-6.23,-4.52,25.84,-12.26,-117.05,1
l,2022-10-30 16:09:28.195973,0.11,-0.26,1.05,16.85,-1.16,-10.38,25.84,-12.26,-117.05,1
l,2022-10-30 16:09:28.215973,0.10,-0.27,1.03,4.64,9.28,-16.66,25.84,-12.26,-117.05,1
l,2022-10-30 16:09:28.235981,0.09,-0.29,0.99,0.61,15.20,-13.92,27.50,-10.27,-116.06,1
l,2022-10-30 16:09:28.255974,0.06,-0.33,0.94,5.19,10.38,-6.53,27.50,-10.27,-116.06,1
l,2022-10-30 16:09:28.265973,-0.03,-0.32,1.01,14.16,5.07,4.27,27.50,-10.27,-116.06,1
l,2022-10-30 16:09:28.287748,-0.08,-0.22,1.07,62.38,8.12,43.58,28.94,-9.50,-114.93,1
l,2022-10-30 16:09:28.307777,0.06,-0.32,0.92,78.37,-1.83,51.15,28.94,-9.50,-114.93,1
l,2022-10-30 16:09:28.327766,0.11,-0.27,0.81,62.62,-6.35,51.70,28.49,-9.38,-114.43,1
l,2022-10-30 16:09:28.347766,0.10,-0.16,0.96,0.43,2.87,9.70,28.49,-9.38,-114.43,1
l,2022-10-30 16:09:28.367770,0.15,-0.07,0.94,0.12,12.45,-0.12,28.49,-9.38,-114.43,1
l,2022-10-30 16:09:28.387779,0.23,-0.05,0.85,23.99,7.14,-1.83,28.44,-7.73,-112.16,1
l,2022-10-30 16:09:28.407765,0.20,-0.08,0.84,19.04,3.42,-21.12,28.44,-7.73,-112.16,1
