c,2022-10-30 13:21:10.109442,0.07,0.42,-0.94,2.93,-26.00,18.43,-100.93,-8.37,-116.24,1
c,2022-10-30 13:21:10.128027,0.04,0.49,-0.94,3.05,-17.21,17.70,-100.93,-8.37,-116.24,1
c,2022-10-30 13:21:10.149833,0.03,0.53,-0.94,2.56,-13.49,11.23,-99.46,-9.02,-117.59,1
c,2022-10-30 13:21:10.168345,0.03,0.52,-0.92,-1.22,-7.75,6.77,-99.46,-9.02,-117.59,1
c,2022-10-30 13:21:10.179046,0.04,0.50,-0.90,-4.27,-8.54,6.90,-99.46,-9.02,-117.59,1
c,2022-10-30 13:21:10.198963,0.07,0.57,-0.85,-2.20,-6.35,4.64,-98.22,-9.96,-116.37,1
c,2022-10-30 13:21:10.218979,0.05,0.61,-0.82,-5.80,0.98,-2.14,-98.22,-9.96,-116.37,1
c,2022-10-30 13:21:10.238973,0.02,0.58,-0.80,-12.39,7.69,-9.52,-98.22,-9.96,-116.37,1
c,2022-10-30 13:21:10.258972,0.00,0.54,-0.81,-18.92,8.30,-13.55,-98.67,-10.07,-114.94,1
c,2022-10-30 13:21:10.278972,0.03,0.38,-0.91,12.45,-27.59,-25.09,-98.67,-10.07,-114.94,1
c,2022-10-30 13:21:10.299224,-0.01,0.56,-0.88,-0.92,-33.94,-26.37,-97.56,-10.96,-112.40,1
c,2022-10-30 13:21:10.319235,-0.04,0.44,-0.79,-18.25,-6.71,-27.40,-97.56,-10.96,-112.40,1
c,2022-10-30 13:21:10.339231,-0.05,0.42,-0.73,-29.17,4.70,-24.41,-97.56,-10.96,-112.40,1
c,2022-10-30 13:21:10.359372,-0.06,0.33,-0.74,-33.26,15.20,-27.83,-98.05,-11.66,-111.78,1
c,2022-10-30 13:21:10.379375,-0.03,0.30,-0.73,-27.28,26.86,-27.47,-98.05,-11.66,-111.78,1
c,2022-10-30 13:21:10.399376,-0.07,0.22,-0.76,-23.25,31.49,-29.79,-100.95,-9.61,-113.39,1
c,2022-10-30 13:21:10.409387,-0.05,0.16,-0.87,-27.04,41.63,-16.48,-100.95,-9.61,-113.39,1
c,2022-10-30 13:21:10.429388,-0.06,0.08,-0.98,-27.89,55.54,-0.85,-100.95,-9.61,-113.39,1
c,2022-10-30 13:21:10.449465,-0.01,0.00,-1.07,-25.09,56.46,9.70,-104.80,-6.70,-119.20,1
c,2022-10-30 13:21:10.469458,-0.02,0.01,-1.15,-14.89,47.97,25.33,-104.80,-6.70,-119.20,1
c,2022-10-30 13:21:10.489384,0.01,0.08,-1.25,6.04,39.98,27.53,-104.74,-4.20,-123.84,1
c,2022-10-30 13:21:10.509450,-0.01,0.20,-1.23,20.57,27.34,24.48,-104.74,-4.20,-123.84,1
c,2022-10-30 13:21:10.529491,-0.04,0.30,-1.19,30.27,6.35,22.64,-104.74,-4.20,-123.84,1
c,2022-10-30 13:21:10.551441,-0.05,0.48,-1.12,25.63,-5.49,22.40,-103.22,-3.72,-128.11,1
c,2022-10-30 13:21:10.570115,-0.09,0.55,-1.05,16.78,-8.85,18.49,-103.22,-3.72,-128.11,1
c,2022-10-30 13:21:10.590215,-0.08,0.55,-0.98,9.09,-8.12,12.70,-103.22,-3.72,-128.11,1
c,2022-10-30 13:21:10.610969,-0.09,0.54,-0.91,-0.18,-16.30,10.19,-101.59,-4.43,-127.37,1
c,2022-10-30 13:21:10.620557,-0.14,0.47,-0.94,-3.85,-6.59,1.40,-101.59,-4.43,-127.37,1
c,2022-10-30 13:21:10.641633,-0.08,0.35,-0.97,-8.91,8.91,-4.64,-100.96,-5.24,-127.20,1
c,2022-10-30 13:21:10.660780,-0.27,0.19,-1.02,0.67,5.37,-22.03,-100.96,-5.24,-127.20,1
c,2022-10-30 13:21:10.680701,-0.38,0.17,-1.08,27.83,0.49,-30.64,-100.96,-5.24,-127.20,1
c,2022-10-30 13:21:10.701440,-0.19,0.24,-1.05,47.97,6.77,-39.49,-100.54,-7.97,-125.81,1
c,2022-10-30 13:21:10.720973,-0.03,0.31,-0.98,54.63,-22.89,-27.28,-100.54,-7.97,-125.81,1
c,2022-10-30 13:21:10.740982,0.00,0.36,-0.94,39.06,-22.28,-12.51,-99.11,-11.18,-125.72,1
