E,2022-11-12 17:33:39.865075,-3.720779,7.489445,-2.174046,-0.121791,-0.236615,0.263128,-12.326037,-41.176399,-73.777580,1
E,2022-11-12 17:33:39.960682,-4.247530,7.704934,-1.427017,-0.056542,-0.453799,-0.316784,-12.326037,-41.176399,-73.777580,1
E,2022-11-12 17:33:40.057657,-4.735972,10.985157,-1.771800,-0.620742,-0.444744,-0.221175,-26.438453,-47.110115,-78.442672,1
E,2022-11-12 17:33:40.152547,-4.118237,12.618086,-2.059118,-0.023386,0.040625,-1.128394,-41.265426,-30.387823,-88.636764,1
E,2022-11-12 17:33:40.249066,-5.042446,7.834227,-1.158853,-0.095292,0.180309,-0.272308,-25.009347,-35.961921,-75.332611,1
E,2022-11-12 17:33:40.360110,0.517174,10.386577,-3.538810,-0.112603,-0.038473,-1.128661,-21.615222,-45.851448,-70.667518,1
E,2022-11-12 17:33:40.457190,-8.040140,7.029735,-0.421401,-0.304220,-0.703874,-1.095238,-21.615222,-45.851448,-70.667518,1
E,2022-11-12 17:33:40.553142,-6.641854,5.459058,-0.335205,-0.361479,0.629725,-0.384695,-12.861951,-17.980960,-44.577552,1
E,2022-11-12 17:33:40.649197,3.917114,10.008274,-6.598756,-0.597705,0.263668,0.521725,-19.650201,-29.488775,-60.473426,1
E,2022-11-12 17:33:40.744138,-3.854861,8.988291,-2.892343,-0.007406,-1.159414,-1.160886,-29.475303,-43.334114,-86.217826,1
E,2022-11-12 17:33:40.840211,-8.107180,6.910018,1.431806,-0.054012,-0.149794,-0.161652,-29.475303,-43.334114,-86.217826,1
E,2022-11-12 17:33:40.936765,-0.751818,8.083237,-4.965827,-0.689186,0.428254,0.567932,-26.081178,-25.532962,-59.436737,1
E,2022-11-12 17:33:41.032485,-2.121371,10.501504,-3.380785,-0.105678,-0.902681,-1.054224,-34.834449,-27.870487,-95.202445,1
E,2022-11-12 17:33:41.144531,-7.848593,10.563756,0.258587,-0.036568,-0.347004,-0.008651,-30.368494,-17.621341,-63.237922,1
