T,2022-10-26 19:19:52.644806,10.463195,8.586046,-2.073484,-0.862057,-0.135297,2.032344,0.000000,-28.409915,-42.849742,1
T,2022-10-26 19:19:52.743247,7.044100,8.059294,-2.585870,0.103753,-0.845973,-0.757626,-15.362886,-30.927251,-33.865116,1
T,2022-10-26 19:19:52.833361,6.263551,9.313920,0.296896,-0.408114,-0.462472,0.484491,-15.362886,-30.927251,-33.865116,1
T,2022-10-26 19:19:52.935418,3.768666,6.110314,-1.211528,-1.424791,0.474975,-0.797042,-8.931911,-28.050296,-27.644994,1
T,2022-10-26 19:19:53.025527,5.617084,13.954119,-2.796570,-0.206377,0.148334,0.355193,-5.895061,-45.851448,-47.514835,1
T,2022-10-26 19:19:53.126950,1.910670,7.839016,-3.275435,3.045792,-0.082566,-0.978938,-4.644593,-47.469734,-48.378738,1
T,2022-10-26 19:19:53.217568,3.040791,3.677681,-4.989770,0.180720,0.080955,1.941662,-4.644593,-47.469734,-48.378738,1
T,2022-10-26 19:19:53.317585,6.191721,6.991425,-2.700797,-0.051378,0.753280,-1.885625,-16.256076,-26.791629,-31.618961,1
T,2022-10-26 19:19:53.407582,-5.511733,10.554180,-3.237126,-0.583220,0.374972,-4.389434,-12.326037,-27.870487,-28.163337,1
T,2022-10-26 19:19:53.508746,10.463195,12.996390,6.349746,1.170232,0.299870,1.659895,10.361017,-32.365726,-35.247367,1
T,2022-10-26 19:19:53.608649,-0.239432,4.070350,-8.360979,0.646380,-0.548493,-1.707324,16.791992,-22.296390,-42.504177,1
