A,2022-10-19 17:56:50.897583,0.04,0.90,0.42,-26.55,0.31,21.48,2.00,20.03,-38.72,1
A,2022-10-19 17:56:50.915507,0.02,1.03,0.31,-26.67,-2.50,17.15,2.00,20.03,-38.72,1
A,2022-10-19 17:56:50.933501,0.10,1.02,0.33,-18.43,3.97,24.29,2.00,20.03,-38.72,1
A,2022-10-19 17:56:50.952524,0.13,1.00,0.37,-27.89,2.87,32.04,1.54,20.04,-39.01,1
A,2022-10-19 17:56:50.970439,-0.29,1.33,0.17,5.25,2.62,-10.44,1.54,20.04,-39.01,1
A,2022-10-19 17:56:50.988740,0.11,0.89,0.53,19.96,13.98,-9.89,1.54,20.04,-39.01,1
A,2022-10-19 17:56:51.007807,0.06,1.18,0.18,-5.13,-5.98,-42.66,1.09,20.04,-39.56,1
A,2022-10-19 17:56:51.025823,0.03,1.26,0.21,-5.43,3.30,-43.09,1.09,20.04,-39.56,1
A,2022-10-19 17:56:51.043469,0.05,1.12,0.29,18.13,8.54,-32.84,1.09,20.04,-39.56,1
A,2022-10-19 17:56:51.062477,0.08,1.03,0.27,21.06,3.91,-32.35,1.76,19.58,-39.06,1
A,2022-10-19 17:56:51.080434,0.00,0.94,0.31,7.63,-1.71,-37.23,1.76,19.58,-39.06,1
A,2022-10-19 17:56:51.099937,-0.01,0.94,0.35,6.77,-3.23,-29.60,2.14,18.43,-38.66,1
A,2022-10-19 17:56:51.117888,-0.01,0.89,0.26,6.71,-3.66,-17.27,2.14,18.43,-38.66,1
A,2022-10-19 17:56:51.135772,-0.03,0.82,0.27,6.53,-2.38,-8.85,2.14,18.43,-38.66,1
A,2022-10-19 17:56:51.154668,-0.06,0.78,0.27,-2.99,-0.37,2.14,1.76,17.99,-38.53,1
A,2022-10-19 17:56:51.172621,-0.13,0.69,0.26,5.13,5.68,25.33,1.76,17.99,-38.53,1
A,2022-10-19 17:56:51.190386,0.03,0.40,0.32,14.65,13.00,36.68,1.76,17.99,-38.53,1
A,2022-10-19 17:56:51.209467,-0.00,0.34,0.32,-9.89,12.15,4.64,1.68,17.94,-38.26,1
A,2022-10-19 17:56:51.228070,-0.07,0.86,0.27,-72.81,-14.40,-6.59,1.68,17.94,-38.26,1
A,2022-10-19 17:56:51.245927,-0.11,0.89,0.12,-47.79,-25.57,15.87,1.68,17.94,-38.26,1
A,2022-10-19 17:56:51.264715,-0.04,0.74,0.09,-22.46,-22.03,40.28,1.25,17.13,-37.39,1
A,2022-10-19 17:56:51.282674,-0.04,0.93,0.03,-12.88,-19.23,39.55,1.25,17.13,-37.39,1
A,2022-10-19 17:56:51.301820,-0.04,0.84,0.18,8.79,-11.11,43.76,-1.07,16.64,-37.87,1
A,2022-10-19 17:56:51.319966,-0.00,0.78,0.29,14.10,-14.83,45.78,-1.07,16.64,-37.87,1
A,2022-10-19 17:56:51.337660,-0.01,0.89,0.31,9.95,-22.64,34.18,-1.07,16.64,-37.87,1
A,2022-10-19 17:56:51.356714,-0.03,1.00,0.31,8.24,-17.58,19.71,-2.51,17.05,-37.77,1
A,2022-10-19 17:56:51.374608,-0.03,1.08,0.38,7.75,-10.68,13.12,-2.51,17.05,-37.77,1
A,2022-10-19 17:56:51.392815,-0.01,1.16,0.38,1.95,-8.85,10.31,-2.51,17.05,-37.77,1
A,2022-10-19 17:56:51.411746,-0.01,1.16,0.40,-1.89,-8.00,7.81,-3.78,17.52,-38.34,1
A,2022-10-19 17:56:51.430006,-0.02,1.14,0.39,-11.60,-2.62,0.73,-3.78,17.52,-38.34,1
A,2022-10-19 17:56:51.447631,-0.09,1.26,0.38,-31.19,1.83,1.46,-3.78,17.52,-38.34,1
A,2022-10-19 17:56:51.466937,-0.09,0.90,0.12,20.51,20.02,-5.55,-3.32,17.21,-37.71,1
A,2022-10-19 17:56:51.484657,-0.01,0.87,0.33,22.16,45.84,-35.52,-3.32,17.21,-37.71,1
A,2022-10-19 17:56:51.503728,0.02,1.08,0.49,-1.28,45.65,-43.15,-2.15,16.86,-38.65,1
A,2022-10-19 17:56:51.521595,-0.06,1.02,0.47,3.05,37.54,-24.78,-2.15,16.86,-38.65,1
A,2022-10-19 17:56:51.539597,-0.08,0.93,0.33,2.81,43.33,-12.51,-2.15,16.86,-38.65,1
A,2022-10-19 17:56:51.558458,0.03,0.90,0.35,-4.46,47.79,-10.01,0.24,16.60,-37.70,1
A,2022-10-19 17:56:51.576575,0.08,0.88,0.25,-12.33,45.04,-6.10,0.24,16.60,-37.70,1
A,2022-10-19 17:56:51.594471,0.17,0.80,0.25,-10.50,39.18,-2.14,0.24,16.60,-37.70,1
A,2022-10-19 17:56:51.613422,0.07,0.85,0.23,-25.15,21.55,3.66,1.46,16.02,-38.65,1
A,2022-10-19 17:56:51.631554,0.09,0.92,0.08,-25.27,12.33,28.14,1.46,16.02,-38.65,1
A,2022-10-19 17:56:51.649808,-0.02,1.16,-0.37,6.96,-15.44,-3.11,1.46,16.02,-38.65,1
A,2022-10-19 17:56:51.668628,-0.03,0.95,0.01,8.61,7.14,5.25,2.43,16.11,-39.61,1
A,2022-10-19 17:56:51.686461,-0.02,1.10,-0.03,20.51,12.82,12.82,2.43,16.11,-39.61,1
A,2022-10-19 17:56:51.705596,0.14,0.71,0.51,32.41,17.21,12.88,2.21,16.82,-40.52,1
A,2022-10-19 17:56:51.723575,0.06,1.03,0.09,1.34,-62.13,-31.86,2.21,16.82,-40.52,1
A,2022-10-19 17:56:51.741833,-0.05,1.11,0.02,14.83,-61.77,-21.55,2.21,16.82,-40.52,1
A,2022-10-19 17:56:51.760880,-0.09,0.97,0.13,41.81,-34.24,-1.46,-0.16,16.87,-39.12,1
A,2022-10-19 17:56:51.778713,-0.04,0.85,0.32,51.27,-5.07,13.06,-0.16,16.87,-39.12,1
A,2022-10-19 17:56:51.796734,-0.03,0.76,0.49,44.56,5.31,16.72,-0.16,16.87,-39.12,1
A,2022-10-19 17:56:51.815779,-0.01,0.67,0.62,33.75,9.03,15.08,-0.83,17.58,-38.57,1
A,2022-10-19 17:56:51.833533,0.01,0.75,0.52,-1.10,-4.70,-2.20,-0.83,17.58,-38.57,1
A,2022-10-19 17:56:51.852051,-0.01,0.92,0.36,-25.45,-10.50,-8.12,-0.83,17.58,-38.57,1
A,2022-10-19 17:56:51.871140,-0.01,0.98,0.32,-29.54,-11.41,-6.90,-1.18,17.42,-39.00,1
A,2022-10-19 17:56:51.888902,-0.06,1.08,0.16,-42.18,-9.58,-1.10,-1.18,17.42,-39.00,1
A,2022-10-19 17:56:51.907859,-0.27,1.22,-0.08,-45.29,4.15,20.08,-1.23,16.83,-38.33,1
A,2022-10-19 17:56:51.925629,-0.17,0.66,0.10,62.01,55.24,-8.54,-1.23,16.83,-38.33,1
A,2022-10-19 17:56:51.943636,0.22,0.78,0.33,37.66,43.88,-48.77,-1.23,16.83,-38.33,1
A,2022-10-19 17:56:51.962586,0.21,1.00,0.31,2.20,10.56,-43.70,0.82,16.49,-37.87,1
A,2022-10-19 17:56:51.980474,0.14,0.96,0.18,7.87,-13.92,-14.10,0.82,16.49,-37.87,1
