l,2022-10-29 18:25:28.494351,-0.29,0.41,0.80,5.86,2.50,-4.94,23.00,29.03,-39.84,1
l,2022-10-29 18:25:28.512336,-0.33,0.43,0.82,4.33,2.75,-16.97,23.00,29.03,-39.84,1
l,2022-10-29 18:25:28.531188,-0.23,0.48,0.88,4.82,-1.34,-11.54,23.27,29.79,-39.90,1
l,2022-10-29 18:25:28.549344,-0.19,0.48,0.91,10.25,-8.42,10.80,23.27,29.79,-39.90,1
l,2022-10-29 18:25:28.568245,-0.14,0.30,0.89,7.93,-16.30,29.17,23.52,30.60,-39.97,1
l,2022-10-29 18:25:28.586473,-0.15,0.27,0.87,-12.63,-24.84,25.27,23.52,30.60,-39.97,1
l,2022-10-29 18:25:28.604398,-0.22,0.41,0.84,-36.80,-31.31,11.84,23.52,30.60,-39.97,1
l,2022-10-29 18:25:28.623566,-0.29,0.57,0.79,-38.39,-35.22,-11.72,22.84,29.16,-43.36,1
l,2022-10-29 18:25:28.641501,-1.48,1.61,0.88,-28.81,-27.53,-8.00,22.84,29.16,-43.36,1
l,2022-10-29 18:25:28.659365,-0.34,-0.20,0.73,36.01,-13.85,47.30,22.84,29.16,-43.36,1
l,2022-10-29 18:25:28.678355,-0.46,0.55,0.83,3.60,2.87,-72.51,22.38,28.43,-43.04,1
l,2022-10-29 18:25:28.696343,-0.49,0.66,0.88,-17.94,25.63,-56.52,22.38,28.43,-43.04,1
l,2022-10-29 18:25:28.714348,-0.36,0.49,0.82,-22.46,46.88,-42.54,22.38,28.43,-43.04,1
l,2022-10-29 18:25:28.733510,-0.34,0.52,0.72,-32.17,64.03,-58.84,22.97,28.87,-43.35,1
l,2022-10-29 18:25:28.751343,-0.24,0.53,0.81,-35.22,80.93,-51.39,22.97,28.87,-43.35,1
l,2022-10-29 18:25:28.770612,-0.19,0.58,0.89,-31.43,67.69,-24.78,23.65,27.54,-42.48,1
l,2022-10-29 18:25:28.788372,-0.18,0.48,0.79,-10.74,38.51,7.32,23.65,27.54,-42.48,1
l,2022-10-29 18:25:28.806199,-0.20,0.32,0.61,-7.75,10.19,20.02,23.65,27.54,-42.48,1
l,2022-10-29 18:25:28.825190,-0.17,0.28,0.47,-17.27,-3.48,13.43,24.33,26.05,-41.59,1
l,2022-10-29 18:25:28.843370,-0.24,0.46,0.40,-12.51,-4.03,0.24,24.33,26.05,-41.59,1
l,2022-10-29 18:25:28.861279,-0.18,0.70,0.76,-7.14,1.53,18.19,24.33,26.05,-41.59,1
l,2022-10-29 18:25:28.880225,-0.10,0.22,0.57,-5.37,-37.96,67.08,24.12,24.80,-42.48,1
l,2022-10-29 18:25:28.898350,-0.07,0.39,0.61,-4.88,-90.94,48.10,24.12,24.80,-42.48,1
l,2022-10-29 18:25:28.916275,-0.18,0.48,0.51,10.99,-103.45,30.88,24.12,24.80,-42.48,1
l,2022-10-29 18:25:28.935395,-0.30,0.67,0.54,25.57,-103.33,7.45,22.03,24.46,-43.79,1
l,2022-10-29 18:25:28.953376,-0.42,0.71,0.61,39.25,-85.14,-3.97,22.03,24.46,-43.79,1
l,2022-10-29 18:25:28.972198,-0.53,0.79,0.66,38.82,-59.75,-9.58,19.78,27.72,-45.59,1
l,2022-10-29 18:25:28.990321,-0.71,0.83,0.67,32.35,2.87,-0.61,19.78,27.72,-45.59,1
l,2022-10-29 18:25:29.008279,-0.53,0.48,0.93,19.10,37.17,8.67,19.78,27.72,-45.59,1
l,2022-10-29 18:25:29.027182,-0.61,0.45,1.02,-5.92,45.65,4.09,20.47,29.02,-46.58,1
l,2022-10-29 18:25:29.045197,-0.83,0.49,0.90,9.89,52.43,0.37,20.47,29.02,-46.58,1
l,2022-10-29 18:25:29.063267,-0.46,0.30,0.96,36.44,67.69,-0.92,20.47,29.02,-46.58,1
l,2022-10-29 18:25:29.082279,-0.35,0.20,0.98,27.89,64.58,1.04,21.51,30.07,-43.46,1
