u,2022-10-17 11:06:12.497001,0.22,0.76,-0.72,-6.65,-7.63,4.58,61.56,-5.00,16.00,1
u,2022-10-17 11:06:12.515313,0.18,0.80,-0.71,-16.60,-6.23,2.20,61.56,-5.00,16.00,1
u,2022-10-17 11:06:12.534323,0.11,0.73,-0.72,-25.63,-8.06,2.56,62.29,-4.43,16.10,1
u,2022-10-17 11:06:12.552481,0.09,0.70,-0.76,-30.46,-9.34,-2.38,62.29,-4.43,16.10,1
u,2022-10-17 11:06:12.571361,0.12,0.69,-0.78,-30.09,-6.84,-8.06,63.11,-3.80,18.02,1
u,2022-10-17 11:06:12.589478,0.16,0.64,-0.78,-31.37,-4.46,-10.99,63.11,-3.80,18.02,1
u,2022-10-17 11:06:12.607373,0.17,0.60,-0.79,-28.56,-3.78,-11.41,63.11,-3.80,18.02,1
u,2022-10-17 11:06:12.626465,0.22,0.64,-0.78,-27.83,-2.50,-8.97,64.44,-2.91,19.69,1
u,2022-10-17 11:06:12.644340,0.19,0.58,-0.80,-31.98,-3.60,5.86,64.44,-2.91,19.69,1
u,2022-10-17 11:06:12.662394,0.18,0.45,-0.83,-24.35,-2.01,7.45,64.44,-2.91,19.69,1
u,2022-10-17 11:06:12.681238,0.22,0.49,-0.81,-17.88,1.10,7.08,64.72,-2.38,21.28,1
u,2022-10-17 11:06:12.699304,0.17,0.47,-0.80,-15.32,6.23,4.15,64.72,-2.38,21.28,1
u,2022-10-17 11:06:12.718290,0.14,0.55,-0.79,-11.47,11.29,0.67,64.93,-2.16,21.63,1
u,2022-10-17 11:06:12.736307,0.14,0.57,-0.75,-14.77,12.76,4.46,64.93,-2.16,21.63,1
u,2022-10-17 11:06:12.754291,0.11,0.52,-0.75,-17.03,8.18,13.92,64.93,-2.16,21.63,1
u,2022-10-17 11:06:12.773324,-0.45,0.41,-0.73,-19.29,3.11,16.91,64.76,-1.32,23.29,1
u,2022-10-17 11:06:12.791422,0.09,0.45,-1.00,36.62,-0.37,-9.52,64.76,-1.32,23.29,1
u,2022-10-17 11:06:12.809320,0.14,0.55,-0.79,21.97,9.34,-14.95,64.76,-1.32,23.29,1
u,2022-10-17 11:06:12.828315,0.13,0.64,-0.70,17.21,6.77,-13.24,65.34,-2.67,21.94,1
u,2022-10-17 11:06:12.846249,0.13,0.69,-0.84,4.58,8.79,29.42,65.34,-2.67,21.94,1
u,2022-10-17 11:06:12.864233,0.10,0.38,-0.81,1.83,15.32,15.38,65.34,-2.67,21.94,1
u,2022-10-17 11:06:12.883276,0.05,0.48,-0.83,16.42,21.12,5.62,63.12,-1.89,22.11,1
u,2022-10-17 11:06:12.901047,0.09,0.53,-0.80,26.25,24.54,8.06,63.12,-1.89,22.11,1
u,2022-10-17 11:06:12.920165,0.10,0.53,-0.80,24.84,22.34,9.40,61.74,-2.76,18.29,1
u,2022-10-17 11:06:12.938369,0.12,0.56,-0.84,19.35,14.04,8.30,61.74,-2.76,18.29,1
u,2022-10-17 11:06:12.956256,0.06,0.69,-0.90,13.06,10.93,7.39,61.74,-2.76,18.29,1
u,2022-10-17 11:06:12.975627,0.09,0.60,-0.87,20.02,17.21,15.75,60.27,-3.63,18.10,1
u,2022-10-17 11:06:12.993091,0.08,0.59,-0.89,22.09,19.10,14.34,60.27,-3.63,18.10,1
u,2022-10-17 11:06:13.011246,0.09,0.59,-0.82,20.81,17.88,12.57,60.27,-3.63,18.10,1
u,2022-10-17 11:06:13.030146,0.07,0.67,-0.82,12.57,9.64,15.81,58.44,-3.31,17.00,1
u,2022-10-17 11:06:13.048223,0.07,0.56,-0.85,10.25,4.64,16.60,58.44,-3.31,17.00,1
u,2022-10-17 11:06:13.066204,0.06,0.67,-0.83,11.23,5.80,10.13,58.44,-3.31,17.00,1
u,2022-10-17 11:06:13.085614,0.07,0.67,-0.77,13.43,2.75,10.99,57.36,-3.09,15.44,1
u,2022-10-17 11:06:13.103351,0.09,0.67,-0.74,10.44,-4.94,9.83,57.36,-3.09,15.44,1
u,2022-10-17 11:06:13.122322,0.10,0.64,-0.84,2.14,-18.98,5.19,57.02,-3.39,15.41,1
u,2022-10-17 11:06:13.140293,0.05,0.73,-0.86,-3.11,-21.67,6.90,57.02,-3.39,15.41,1
u,2022-10-17 11:06:13.158309,0.02,0.71,-0.92,2.81,-7.57,8.54,57.02,-3.39,15.41,1
u,2022-10-17 11:06:13.177154,0.08,0.74,-0.62,2.62,9.89,6.41,57.26,-2.86,15.87,1
u,2022-10-17 11:06:13.195435,0.10,0.59,-0.65,-5.19,-16.85,6.90,57.26,-2.86,15.87,1
u,2022-10-17 11:06:13.213497,0.09,0.66,-0.77,-12.45,-24.54,-0.85,57.26,-2.86,15.87,1
u,2022-10-17 11:06:13.232338,0.09,0.70,-0.83,-18.80,-27.59,-0.67,58.08,-2.37,17.22,1
u,2022-10-17 11:06:13.250774,0.04,0.64,-0.87,-16.72,-26.92,3.05,58.08,-2.37,17.22,1
u,2022-10-17 11:06:13.270442,0.04,0.54,-0.80,-3.97,-18.01,-0.61,59.73,-2.10,18.18,1
u,2022-10-17 11:06:13.288353,0.09,0.59,-0.77,5.00,-7.32,-6.59,59.73,-2.10,18.18,1
u,2022-10-17 11:06:13.306295,0.05,0.58,-0.74,1.83,-5.25,-8.48,59.73,-2.10,18.18,1
u,2022-10-17 11:06:13.325449,0.09,0.62,-0.74,-5.68,-6.84,-10.01,60.46,-2.45,17.14,1
u,2022-10-17 11:06:13.343516,0.04,0.63,-0.78,-11.96,-7.69,-6.71,60.46,-2.45,17.14,1
u,2022-10-17 11:06:13.361530,0.13,0.53,-0.76,-13.67,-5.31,-4.03,60.46,-2.45,17.14,1
u,2022-10-17 11:06:13.381076,0.10,0.57,-0.78,-36.93,-13.85,-14.40,61.67,-2.26,18.66,1
u,2022-10-17 11:06:13.399553,0.03,0.64,-0.88,-28.69,-9.95,-7.75,61.67,-2.26,18.66,1
u,2022-10-17 11:06:13.417475,0.08,0.56,-0.84,-9.52,-2.38,-0.73,61.67,-2.26,18.66,1
u,2022-10-17 11:06:13.436182,0.09,0.56,-0.80,0.49,4.46,0.18,62.11,-1.35,20.20,1
u,2022-10-17 11:06:13.454301,0.10,0.54,-0.76,-0.37,3.36,-0.85,62.11,-1.35,20.20,1
u,2022-10-17 11:06:13.473331,0.11,0.54,-0.72,-5.37,-0.49,-2.69,62.39,-1.51,18.87,1
u,2022-10-17 11:06:13.491500,0.11,0.52,-0.73,-8.00,-5.68,-4.27,62.39,-1.51,18.87,1
u,2022-10-17 11:06:13.509321,0.11,0.55,-0.77,-9.58,-10.50,-5.98,62.39,-1.51,18.87,1
u,2022-10-17 11:06:13.528352,0.11,0.59,-0.77,-6.04,-11.84,-5.25,62.08,-1.14,19.97,1
u,2022-10-17 11:06:13.546319,0.06,0.68,-0.96,-8.00,-3.72,6.04,62.08,-1.14,19.97,1
u,2022-10-17 11:06:13.564204,0.09,0.48,-0.86,8.54,11.60,11.05,62.08,-1.14,19.97,1
u,2022-10-17 11:06:13.583048,0.06,0.52,-0.80,8.12,20.51,5.31,61.28,-1.18,20.42,1
u,2022-10-17 11:06:13.601212,0.08,0.56,-0.75,16.91,24.90,5.86,61.28,-1.18,20.42,1
u,2022-10-17 11:06:13.620098,0.07,0.54,-0.77,13.61,23.01,11.11,59.63,-0.90,19.14,1
u,2022-10-17 11:06:13.638226,0.07,0.55,-0.82,14.59,16.72,12.63,59.63,-0.90,19.14,1
u,2022-10-17 11:06:13.656175,0.07,0.54,-0.85,15.81,12.88,16.66,59.63,-0.90,19.14,1
u,2022-10-17 11:06:13.675248,0.11,0.50,-0.89,17.70,7.45,16.91,57.91,-1.27,17.97,1
u,2022-10-17 11:06:13.693248,0.10,0.52,-0.89,21.12,2.08,9.70,57.91,-1.27,17.97,1
u,2022-10-17 11:06:13.711383,0.10,0.61,-0.87,20.87,-2.81,1.22,57.91,-1.27,17.97,1
u,2022-10-17 11:06:13.730240,0.07,0.79,-0.79,15.08,-3.11,3.60,57.28,-1.32,17.07,1
u,2022-10-17 11:06:13.748238,0.11,0.67,-0.82,12.82,-6.90,12.76,57.28,-1.32,17.07,1
u,2022-10-17 11:06:13.766298,0.09,0.74,-0.83,9.16,-4.70,4.21,57.28,-1.32,17.07,1
u,2022-10-17 11:06:13.785787,0.08,0.75,-0.80,9.28,0.24,2.56,56.67,-1.35,16.53,1
u,2022-10-17 11:06:13.804200,0.06,0.71,-0.71,3.17,6.23,6.96,56.67,-1.35,16.53,1
u,2022-10-17 11:06:13.823337,0.06,0.59,-0.74,-3.97,1.59,11.66,56.09,-1.49,16.81,1
u,2022-10-17 11:06:13.841292,0.05,0.55,-0.77,-7.75,-0.73,8.48,56.09,-1.49,16.81,1
u,2022-10-17 11:06:13.859264,0.05,0.53,-0.72,-11.54,-1.77,3.48,56.09,-1.49,16.81,1
u,2022-10-17 11:06:13.878322,0.04,0.52,-0.66,-24.17,-6.04,-2.56,56.05,-0.51,17.69,1
u,2022-10-17 11:06:13.896536,-0.22,0.47,-0.79,-24.96,-18.92,-27.65,56.05,-0.51,17.69,1
u,2022-10-17 11:06:13.914493,-0.17,0.89,-0.64,-4.52,-11.96,-51.33,56.05,-0.51,17.69,1
u,2022-10-17 11:06:13.933303,-0.03,0.89,-0.55,2.26,-18.49,-47.97,57.20,-0.63,17.91,1
u,2022-10-17 11:06:13.951439,0.04,0.88,-0.56,-13.37,-23.80,-49.99,57.20,-0.63,17.91,1
u,2022-10-17 11:06:13.970344,0.05,0.82,-0.63,-25.39,-15.01,-56.95,60.44,-1.27,19.56,1
