a,2022-09-29 17:25:05.078222,0.30,0.02,1.01,-3.60,8.48,-14.47,0.10,39.98,23.12,1
a,2022-09-29 17:25:05.086622,0.20,0.17,0.86,-23.56,6.84,-14.28,0.10,39.98,23.12,1
a,2022-09-29 17:25:05.094950,0.27,0.16,0.89,-24.05,6.35,-11.29,0.10,39.98,23.12,1
a,2022-09-29 17:25:05.103259,0.25,0.14,0.91,-21.42,5.13,-5.13,0.10,39.98,23.12,1
a,2022-09-29 17:25:05.111707,0.26,0.05,0.96,-21.42,5.13,-5.13,-1.23,39.67,22.03,1
a,2022-09-29 17:25:05.120241,0.20,-0.03,0.98,-13.31,9.95,17.09,-1.23,39.67,22.03,1
a,2022-09-29 17:25:05.127803,0.25,0.02,0.93,-13.31,9.95,17.09,-1.23,39.67,22.03,1
a,2022-09-29 17:25:05.135923,0.27,0.18,0.87,6.77,10.01,23.68,-1.23,39.67,22.03,1
a,2022-09-29 17:25:05.144205,0.31,0.18,0.87,1.34,7.51,19.71,-1.23,39.67,22.03,1
a,2022-09-29 17:25:05.152639,0.26,0.07,0.91,-6.16,5.68,11.60,-1.23,39.67,22.03,1
a,2022-09-29 17:25:05.161956,0.24,0.10,0.95,-8.91,4.88,11.90,-2.51,42.24,21.42,1
a,2022-09-29 17:25:05.170382,0.24,0.11,0.88,-14.59,8.73,11.54,-2.51,42.24,21.42,1
a,2022-09-29 17:25:05.178641,0.27,0.21,0.85,-18.80,9.46,7.87,-2.51,42.24,21.42,1
a,2022-09-29 17:25:05.187283,0.27,0.21,0.82,-22.89,8.36,4.64,-2.51,42.24,21.42,1
a,2022-09-29 17:25:05.195455,0.28,0.25,0.84,-26.67,6.16,0.85,-2.51,42.24,21.42,1
a,2022-09-29 17:25:05.201898,0.28,0.25,0.84,-26.67,6.16,0.85,-2.51,42.24,21.42,1
a,2022-09-29 17:25:05.210390,0.25,0.38,0.80,-24.35,3.97,1.10,-2.51,42.24,21.42,1
a,2022-09-29 17:25:05.219784,0.22,0.41,0.81,-23.50,0.67,-0.79,-5.49,43.75,20.41,1
a,2022-09-29 17:25:05.228220,0.21,0.35,0.80,1.10,-6.35,5.00,-5.49,43.75,20.41,1
a,2022-09-29 17:25:05.236672,0.23,0.31,0.83,15.44,-9.64,14.40,-5.49,43.75,20.41,1
a,2022-09-29 17:25:05.243122,0.23,0.31,0.83,15.44,-9.64,14.40,-5.49,43.75,20.41,1
a,2022-09-29 17:25:05.250963,0.28,0.31,0.85,21.06,-10.38,19.23,0.00,nan,0.00,1
a,2022-09-29 17:25:05.258921,0.27,0.28,0.86,18.62,-7.75,20.14,0.00,nan,0.00,1
a,2022-09-29 17:25:05.268268,0.22,0.20,0.86,10.86,-4.15,18.62,-5.13,46.26,21.75,1
a,2022-09-29 17:25:05.276732,0.20,0.15,0.87,12.39,-2.44,30.70,-5.13,46.26,21.75,1
a,2022-09-29 17:25:05.284196,0.24,0.13,0.87,12.39,-2.44,30.70,-5.13,46.26,21.75,1
a,2022-09-29 17:25:05.292412,0.28,0.22,0.85,22.03,-2.08,34.36,-5.13,46.26,21.75,1
a,2022-09-29 17:25:05.300760,0.28,0.29,0.85,8.79,-0.98,29.30,-5.13,46.26,21.75,1
a,2022-09-29 17:25:05.309161,0.24,0.20,0.83,-1.95,-0.73,21.55,-5.13,46.26,21.75,1
a,2022-09-29 17:25:05.318706,0.24,0.24,0.87,0.43,-3.78,22.52,-4.93,49.99,21.25,1
a,2022-09-29 17:25:05.327302,0.26,0.27,0.88,-2.99,-3.97,20.63,-4.93,49.99,21.25,1
a,2022-09-29 17:25:05.335633,0.26,0.24,0.87,-5.98,-3.48,19.23,-4.93,49.99,21.25,1
a,2022-09-29 17:25:05.342066,0.26,0.24,0.87,-5.98,-3.48,19.23,-4.93,49.99,21.25,1
a,2022-09-29 17:25:05.350477,0.26,0.26,0.86,-7.69,-3.54,18.68,-4.93,49.99,21.25,1
a,2022-09-29 17:25:05.358767,0.25,0.31,0.87,-11.78,-2.81,13.49,-4.93,49.99,21.25,1
a,2022-09-29 17:25:05.367226,0.26,0.37,0.86,-11.78,-2.81,13.49,-3.53,53.36,24.10,1
a,2022-09-29 17:25:05.375714,0.27,0.43,0.85,-13.06,-4.21,8.85,-3.53,53.36,24.10,1
a,2022-09-29 17:25:05.383225,0.26,0.43,0.87,-13.06,-4.21,8.85,-3.53,53.36,24.10,1
a,2022-09-29 17:25:05.391650,0.25,0.40,0.86,-7.57,-5.86,7.32,-3.53,53.36,24.10,1
a,2022-09-29 17:25:05.400097,0.26,0.39,0.85,-2.69,-7.39,8.91,-3.53,53.36,24.10,1
a,2022-09-29 17:25:05.407467,0.26,0.41,0.91,-2.69,-7.39,8.91,-3.53,53.36,24.10,1
a,2022-09-29 17:25:05.416609,0.27,0.39,0.88,2.75,-9.03,7.63,-0.63,55.03,25.68,1
a,2022-09-29 17:25:05.425000,0.25,0.38,0.86,-0.55,-8.42,2.56,-0.63,55.03,25.68,1
a,2022-09-29 17:25:05.432482,0.24,0.37,0.85,-0.55,-8.42,2.56,-0.63,55.03,25.68,1
a,2022-09-29 17:25:05.440818,0.26,0.36,0.88,-4.09,-10.38,2.75,-0.63,55.03,25.68,1
a,2022-09-29 17:25:05.449338,0.25,0.34,0.92,-2.81,-11.41,2.93,-0.63,55.03,25.68,1
a,2022-09-29 17:25:05.457898,0.26,0.35,0.96,-2.20,-10.80,4.88,-0.63,55.03,25.68,1
a,2022-09-29 17:25:05.466243,0.27,0.38,0.92,-2.20,-10.80,4.88,2.50,54.96,27.82,1
a,2022-09-29 17:25:05.474515,0.28,0.41,0.91,5.98,-10.19,2.87,2.50,54.96,27.82,1
a,2022-09-29 17:25:05.481670,0.27,0.42,0.93,5.98,-10.19,2.87,2.50,54.96,27.82,1
a,2022-09-29 17:25:05.490072,0.26,0.42,0.89,7.81,-10.25,0.06,2.50,54.96,27.82,1
a,2022-09-29 17:25:05.498237,0.24,0.39,0.87,8.12,-11.17,-3.91,2.50,54.96,27.82,1
a,2022-09-29 17:25:05.506670,0.23,0.35,0.93,7.87,-11.05,-7.14,2.50,54.96,27.82,1
a,2022-09-29 17:25:05.516004,0.26,0.34,0.91,8.73,-10.56,-8.91,4.66,54.50,28.99,1
a,2022-09-29 17:25:05.524414,0.25,0.31,0.93,8.91,-10.01,-9.89,4.66,54.50,28.99,1
a,2022-09-29 17:25:05.532693,0.24,0.28,0.97,11.17,-9.34,-7.39,4.66,54.50,28.99,1
a,2022-09-29 17:25:05.540931,0.25,0.31,0.92,13.79,-9.95,-6.16,0.00,0.00,ovf,1
a,2022-09-29 17:25:05.548921,0.26,0.37,0.93,13.00,-10.56,-8.85,0.00,0.00,ovf,1
a,2022-09-29 17:25:05.555890,0.25,0.37,0.95,13.00,-10.56,-8.85,0.00,0.00,ovf,1
a,2022-09-29 17:25:05.565500,0.26,0.31,0.96,10.74,-10.56,-12.82,7.95,52.00,30.48,1
a,2022-09-29 17:25:05.573696,0.26,0.27,0.95,7.69,-8.54,-15.44,7.95,52.00,30.48,1
a,2022-09-29 17:25:05.580988,0.27,0.29,0.96,7.69,-8.54,-15.44,7.95,52.00,30.48,1
a,2022-09-29 17:25:05.589278,0.24,0.22,0.99,1.04,-7.32,-18.98,7.95,52.00,30.48,1
a,2022-09-29 17:25:05.597700,0.22,0.17,1.04,1.46,-5.37,-3.30,7.95,52.00,30.48,1
a,2022-09-29 17:25:05.606342,0.24,0.18,1.00,8.61,-3.17,-7.14,7.95,52.00,30.48,1
a,2022-09-29 17:25:05.614585,0.29,0.26,0.94,8.61,-3.17,-7.14,9.00,50.09,31.74,1
a,2022-09-29 17:25:05.622715,0.24,0.26,1.02,18.25,-2.87,-7.08,9.00,50.09,31.74,1
a,2022-09-29 17:25:05.630164,0.28,0.34,0.96,18.25,-2.87,-7.08,9.00,50.09,31.74,1
a,2022-09-29 17:25:05.638595,0.25,0.26,0.97,12.15,-3.17,-13.12,9.00,50.09,31.74,1
a,2022-09-29 17:25:05.646907,0.24,0.20,0.99,4.15,-3.97,-17.82,9.00,50.09,31.74,1
a,2022-09-29 17:25:05.655225,0.24,0.19,1.00,0.49,-3.91,-18.49,9.00,50.09,31.74,1
a,2022-09-29 17:25:05.664687,0.25,0.22,0.98,-0.73,-3.78,-16.97,9.33,48.88,32.57,1
a,2022-09-29 17:25:05.673237,0.26,0.25,0.97,-4.21,-4.21,-17.76,9.33,48.88,32.57,1
a,2022-09-29 17:25:05.681590,0.24,0.17,1.04,-3.66,-3.66,-15.69,9.33,48.88,32.57,1
a,2022-09-29 17:25:05.690162,0.25,0.15,1.01,-1.77,-1.40,-11.90,9.33,48.88,32.57,1
a,2022-09-29 17:25:05.696723,0.25,0.15,1.01,-1.77,-1.40,-11.90,9.33,48.88,32.57,1
a,2022-09-29 17:25:05.704987,0.25,0.14,1.03,1.89,-0.55,-1.34,9.33,48.88,32.57,1
a,2022-09-29 17:25:05.713223,0.27,0.20,1.04,1.89,-0.55,-1.34,8.68,47.67,31.16,1
a,2022-09-29 17:25:05.721623,0.29,0.25,0.96,8.48,1.10,-8.91,8.68,47.67,31.16,1
a,2022-09-29 17:25:05.728992,0.27,0.25,0.98,8.48,1.10,-8.91,8.68,47.67,31.16,1
a,2022-09-29 17:25:05.737521,0.25,0.23,0.95,-5.19,5.92,-14.71,8.68,47.67,31.16,1
a,2022-09-29 17:25:05.745677,0.25,0.23,0.97,-7.69,6.47,-16.66,8.68,47.67,31.16,1
a,2022-09-29 17:25:05.753987,0.17,0.14,0.94,-6.53,6.29,-16.11,8.68,47.67,31.16,1
a,2022-09-29 17:25:05.763159,0.25,0.21,1.00,0.43,2.81,-8.91,7.31,46.28,30.68,1
a,2022-09-29 17:25:05.771486,0.24,0.20,0.98,4.15,1.89,-4.15,7.31,46.28,30.68,1
a,2022-09-29 17:25:05.778680,0.29,0.25,1.02,4.15,1.89,-4.15,7.31,46.28,30.68,1
a,2022-09-29 17:25:05.787178,0.26,0.21,0.91,0.98,5.07,-6.59,7.31,46.28,30.68,1
a,2022-09-29 17:25:05.795382,0.22,0.21,0.94,-6.29,5.86,-10.80,7.31,46.28,30.68,1
a,2022-09-29 17:25:05.803457,0.26,0.22,0.93,-7.93,4.88,-10.74,0.00,0.00,ovf,1
a,2022-09-29 17:25:05.812694,0.24,0.15,0.95,-10.62,5.19,-12.02,3.53,44.23,29.16,1
a,2022-09-29 17:25:05.821172,0.23,0.15,0.91,-7.39,5.55,-7.20,3.53,44.23,29.16,1
a,2022-09-29 17:25:05.828508,0.25,0.18,0.99,-7.39,5.55,-7.20,3.53,44.23,29.16,1
a,2022-09-29 17:25:05.836651,0.23,0.18,0.92,-1.28,6.10,-2.38,3.53,44.23,29.16,1
a,2022-09-29 17:25:05.843990,0.22,0.21,0.86,-1.28,6.10,-2.38,3.53,44.23,29.16,1
a,2022-09-29 17:25:05.852380,0.21,0.24,0.84,-5.00,6.77,-2.38,3.53,44.23,29.16,1
a,2022-09-29 17:25:05.861708,0.23,0.29,0.91,0.37,3.54,-1.16,1.37,44.04,28.15,1
a,2022-09-29 17:25:05.869826,0.22,0.25,0.86,6.53,1.89,0.37,1.37,44.04,28.15,1
a,2022-09-29 17:25:05.876977,0.24,0.25,0.90,6.53,1.89,0.37,1.37,44.04,28.15,1
a,2022-09-29 17:25:05.885067,0.22,0.24,0.84,5.13,2.01,0.24,1.37,44.04,28.15,1
a,2022-09-29 17:25:05.893227,0.23,0.24,0.88,2.62,0.43,-0.61,1.37,44.04,28.15,1
a,2022-09-29 17:25:05.901515,0.25,0.25,0.87,2.50,-0.43,-0.92,1.37,44.04,28.15,1
a,2022-09-29 17:25:05.910970,0.23,0.25,0.87,0.98,-0.31,-2.69,-0.45,42.11,25.94,1
a,2022-09-29 17:25:05.919277,0.21,0.23,0.81,-0.92,1.16,-5.98,-0.45,42.11,25.94,1
a,2022-09-29 17:25:05.926676,0.20,0.21,0.82,-0.92,1.16,-5.98,-0.45,42.11,25.94,1
a,2022-09-29 17:25:05.935133,0.18,0.18,0.83,-5.37,0.31,-5.92,-0.45,42.11,25.94,1
a,2022-09-29 17:25:05.943672,0.20,0.18,0.83,-6.65,-0.67,-4.94,-0.45,42.11,25.94,1
a,2022-09-29 17:25:05.952177,0.19,0.19,0.81,-5.68,-1.59,-3.30,-0.45,42.11,25.94,1
a,2022-09-29 17:25:05.961822,0.20,0.21,0.82,-4.64,-4.15,-0.06,-0.78,42.02,23.46,1
a,2022-09-29 17:25:05.970197,0.16,0.24,0.83,-1.89,-4.82,0.24,-0.78,42.02,23.46,1
a,2022-09-29 17:25:05.976583,0.16,0.24,0.83,0.00,0.00,0.00,0.00,0.00,0.00,1
a,2022-09-29 17:25:05.985077,0.22,0.19,0.83,0.49,-2.75,-0.24,0.00,0.00,0.00,1
a,2022-09-29 17:25:05.993526,0.23,0.19,0.83,-0.49,2.93,-6.29,0.00,0.00,0.00,1
a,2022-09-29 17:25:06.000934,0.22,0.20,0.81,-0.49,2.93,-6.29,0.00,0.00,0.00,1
a,2022-09-29 17:25:06.009274,0.19,0.21,0.78,-4.70,14.16,-8.36,0.00,0.00,0.00,1
a,2022-09-29 17:25:06.018653,0.13,0.24,0.73,-2.44,12.51,-6.23,-0.87,42.13,24.88,1
a,2022-09-29 17:25:06.027032,0.14,0.31,0.76,12.45,-3.23,6.84,-0.87,42.13,24.88,1
a,2022-09-29 17:25:06.034236,0.17,0.28,0.76,12.45,-3.23,6.84,-0.87,42.13,24.88,1
a,2022-09-29 17:25:06.042693,0.20,0.25,0.77,16.78,-7.32,11.23,-0.87,42.13,24.88,1
a,2022-09-29 17:25:06.050994,0.22,0.24,0.81,11.78,-8.48,6.65,-0.87,42.13,24.88,1
a,2022-09-29 17:25:06.058222,0.22,0.21,0.78,11.78,-8.48,6.65,-0.87,42.13,24.88,1
a,2022-09-29 17:25:06.067731,0.20,0.27,0.79,-9.46,-4.94,0.49,0.67,43.27,26.71,1
a,2022-09-29 17:25:06.076152,0.19,0.31,0.79,-14.89,-5.13,-6.10,0.67,43.27,26.71,1
a,2022-09-29 17:25:06.083611,0.18,0.31,0.79,-14.89,-5.13,-6.10,0.67,43.27,26.71,1
a,2022-09-29 17:25:06.092163,0.20,0.31,0.85,-7.51,-12.39,-4.82,0.67,43.27,26.71,1
a,2022-09-29 17:25:06.100439,0.23,0.32,0.81,0.55,-14.71,-2.32,0.67,43.27,26.71,1
a,2022-09-29 17:25:06.108781,0.25,0.32,0.85,3.36,-14.89,-2.32,0.67,43.27,26.71,1
a,2022-09-29 17:25:06.117164,0.22,0.33,0.88,3.36,-14.89,-2.32,4.65,44.35,30.32,1
a,2022-09-29 17:25:06.125420,0.27,0.36,0.90,7.93,-10.19,-1.46,4.65,44.35,30.32,1
a,2022-09-29 17:25:06.133000,0.27,0.35,0.91,7.93,-10.19,-1.46,4.65,44.35,30.32,1
a,2022-09-29 17:25:06.141155,0.29,0.40,0.94,11.35,-8.54,-3.11,4.65,44.35,30.32,1
a,2022-09-29 17:25:06.149579,0.29,0.39,0.96,12.33,-7.26,-5.31,4.65,44.35,30.32,1
a,2022-09-29 17:25:06.157923,0.27,0.38,0.97,12.82,-7.14,-7.87,4.65,44.35,30.32,1
a,2022-09-29 17:25:06.167228,0.28,0.36,0.96,15.44,-7.39,-9.95,11.04,44.56,34.29,1
a,2022-09-29 17:25:06.175633,0.29,0.31,1.01,21.48,-7.69,-10.38,11.04,44.56,34.29,1
a,2022-09-29 17:25:06.184155,0.30,0.24,1.01,21.42,-6.71,-7.75,11.04,44.56,34.29,1
a,2022-09-29 17:25:06.192417,0.28,0.21,1.04,18.43,-4.58,-6.71,11.04,44.56,34.29,1
a,2022-09-29 17:25:06.200882,0.28,0.21,1.01,17.33,-3.85,-6.23,11.04,44.56,34.29,1
a,2022-09-29 17:25:06.210240,0.30,0.13,1.08,14.59,-3.60,-7.26,16.38,43.42,36.50,1
a,2022-09-29 17:25:06.218693,0.27,0.15,1.04,13.85,-2.69,-6.59,16.38,43.42,36.50,1
a,2022-09-29 17:25:06.226990,0.27,0.08,1.06,10.86,-3.17,-6.16,16.38,43.42,36.50,1
a,2022-09-29 17:25:06.235420,0.25,0.04,1.07,6.16,-3.54,-6.10,16.38,43.42,36.50,1
a,2022-09-29 17:25:06.243637,0.26,0.06,1.06,2.44,-3.48,-4.64,16.38,43.42,36.50,1
a,2022-09-29 17:25:06.252040,0.26,0.08,1.05,-0.55,-4.09,-4.03,16.38,43.42,36.50,1
a,2022-09-29 17:25:06.261371,0.25,0.07,1.05,-4.70,-4.88,-4.94,18.65,44.26,36.84,1
a,2022-09-29 17:25:06.269761,0.21,-0.01,1.06,-5.74,-4.88,-4.82,18.65,44.26,36.84,1
a,2022-09-29 17:25:06.278228,0.21,0.03,0.98,-2.26,-4.58,-0.43,18.65,44.26,36.84,1
a,2022-09-29 17:25:06.286500,0.22,0.09,0.95,-5.80,-5.19,1.77,18.65,44.26,36.84,1
a,2022-09-29 17:25:06.294775,0.19,0.12,0.97,-21.12,-6.04,-5.43,18.65,44.26,36.84,1
a,2022-09-29 17:25:06.303142,0.12,0.15,1.16,-31.07,-3.54,-13.43,18.65,44.26,36.84,1
a,2022-09-29 17:25:06.312491,-0.12,0.05,1.23,-36.32,8.97,-20.94,18.01,44.36,36.10,1
a,2022-09-29 17:25:06.320878,-0.18,0.15,1.24,-32.78,25.15,-19.41,18.01,44.36,36.10,1
a,2022-09-29 17:25:06.329217,-0.12,0.14,1.15,-13.06,39.37,-12.63,18.01,44.36,36.10,1
a,2022-09-29 17:25:06.337682,-0.02,0.08,1.06,13.18,48.40,-5.55,18.01,44.36,36.10,1
a,2022-09-29 17:25:06.345788,0.08,0.00,0.99,33.39,49.99,0.55,18.01,44.36,36.10,1
a,2022-09-29 17:25:06.353990,0.16,-0.03,0.93,35.28,47.67,2.99,18.01,44.36,36.10,1
a,2022-09-29 17:25:06.363203,0.19,-0.04,0.93,28.26,43.70,1.95,17.03,46.23,29.26,1
a,2022-09-29 17:25:06.371459,0.15,-0.05,0.98,19.59,41.20,0.12,17.03,46.23,29.26,1
a,2022-09-29 17:25:06.379555,0.09,-0.08,1.02,18.25,41.81,2.50,17.03,46.23,29.26,1
a,2022-09-29 17:25:06.387940,0.07,-0.12,1.01,26.06,44.92,10.74,17.03,46.23,29.26,1
a,2022-09-29 17:25:06.395959,0.11,-0.15,0.98,36.74,49.44,21.36,17.03,46.23,29.26,1
a,2022-09-29 17:25:06.404151,0.21,-0.21,0.92,43.40,53.96,30.52,17.03,46.23,29.26,1
a,2022-09-29 17:25:06.413243,0.33,-0.31,0.83,41.75,56.46,35.89,15.33,49.52,22.84,1
a,2022-09-29 17:25:06.421393,0.42,-0.36,0.78,31.92,54.14,37.96,15.33,49.52,22.84,1
a,2022-09-29 17:25:06.429616,0.45,-0.41,0.75,14.59,47.00,36.68,15.33,49.52,22.84,1
a,2022-09-29 17:25:06.437950,0.42,-0.40,0.78,-7.51,37.72,34.36,15.33,49.52,22.84,1
a,2022-09-29 17:25:06.446145,0.37,-0.30,0.81,-26.31,29.48,34.30,15.33,49.52,22.84,1
a,2022-09-29 17:25:06.454510,0.32,-0.19,0.81,-36.19,23.38,36.50,15.33,49.52,22.84,1
a,2022-09-29 17:25:06.463654,0.27,-0.10,0.84,-41.56,19.53,38.76,14.86,54.55,19.40,1
a,2022-09-29 17:25:06.471955,0.24,-0.06,0.87,-34.36,22.77,46.14,14.86,54.55,19.40,1
a,2022-09-29 17:25:06.479586,0.25,-0.03,0.85,-34.36,22.77,46.14,14.86,54.55,19.40,1
a,2022-09-29 17:25:06.487645,0.28,-0.05,0.86,-24.23,26.43,53.04,14.86,54.55,19.40,1
a,2022-09-29 17:25:06.495960,0.30,-0.07,0.89,-12.94,29.48,76.60,14.86,54.55,19.40,1
a,2022-09-29 17:25:06.504241,0.32,-0.09,0.87,-10.56,31.92,70.37,14.86,54.55,19.40,1
a,2022-09-29 17:25:06.512492,0.35,-0.04,0.84,-10.56,31.92,70.37,16.31,59.92,17.49,1
a,2022-09-29 17:25:06.520666,0.37,0.02,0.80,-21.18,31.13,72.02,16.31,59.92,17.49,1
a,2022-09-29 17:25:06.528000,0.36,0.10,0.78,-21.18,31.13,72.02,16.31,59.92,17.49,1
a,2022-09-29 17:25:06.536401,0.36,0.18,0.76,-30.82,22.52,71.23,16.31,59.92,17.49,1
a,2022-09-29 17:25:06.544632,0.36,0.23,0.75,-32.84,18.92,69.64,16.31,59.92,17.49,1
a,2022-09-29 17:25:06.552875,0.36,0.26,0.76,-34.36,16.72,67.93,16.31,59.92,17.49,1
a,2022-09-29 17:25:06.562149,0.35,0.27,0.80,-32.96,15.99,67.26,18.32,61.93,20.75,1
a,2022-09-29 17:25:06.570466,0.33,0.35,0.86,-31.01,18.07,67.50,18.32,61.93,20.75,1
a,2022-09-29 17:25:06.577702,0.33,0.44,0.87,-31.01,18.07,67.50,18.32,61.93,20.75,1
a,2022-09-29 17:25:06.585894,0.37,0.46,0.85,-36.62,21.00,61.95,18.32,61.93,20.75,1
a,2022-09-29 17:25:06.594247,0.37,0.42,0.79,-49.13,23.50,52.31,18.32,61.93,20.75,1
a,2022-09-29 17:25:06.602614,0.37,0.42,0.80,-47.42,17.52,55.91,18.32,61.93,20.75,1
a,2022-09-29 17:25:06.612081,0.37,0.44,0.79,-37.17,13.79,62.32,17.05,63.39,23.46,1
a,2022-09-29 17:25:06.620295,0.41,0.50,0.74,-31.86,12.76,63.54,17.05,63.39,23.46,1
a,2022-09-29 17:25:06.627336,0.48,0.57,0.65,-31.86,12.76,63.54,17.05,63.39,23.46,1
a,2022-09-29 17:25:06.635802,0.51,0.71,0.58,-42.42,8.06,54.99,17.05,63.39,23.46,1
a,2022-09-29 17:25:06.644130,0.49,0.82,0.57,-58.47,-0.24,42.18,17.05,63.39,23.46,1
a,2022-09-29 17:25:06.652235,0.44,0.88,0.65,-67.81,-7.75,29.42,17.05,63.39,23.46,1
a,2022-09-29 17:25:06.661516,0.39,0.86,0.71,-68.91,-11.41,20.87,17.83,65.89,27.61,1
a,2022-09-29 17:25:06.669872,0.37,0.81,0.75,-46.88,-7.20,25.33,17.83,65.89,27.61,1
a,2022-09-29 17:25:06.677351,0.38,0.76,0.74,-46.88,-7.20,25.33,17.83,65.89,27.61,1
a,2022-09-29 17:25:06.685541,0.41,0.70,0.70,-32.84,-2.81,38.39,17.83,65.89,27.61,1
a,2022-09-29 17:25:06.692899,0.44,0.69,0.63,-32.84,-2.81,38.39,17.83,65.89,27.61,1
a,2022-09-29 17:25:06.701220,0.47,0.77,0.55,-23.25,-1.77,39.25,17.83,65.89,27.61,1
a,2022-09-29 17:25:06.710488,0.49,0.88,0.49,-30.88,-7.39,31.86,19.18,67.92,30.88,1
a,2022-09-29 17:25:06.718870,0.47,0.98,0.47,-43.70,-25.33,1.46,19.18,67.92,30.88,1
a,2022-09-29 17:25:06.726226,0.42,0.97,0.54,-43.70,-25.33,1.46,19.18,67.92,30.88,1
a,2022-09-29 17:25:06.734671,0.36,0.86,0.62,-59.51,-33.02,-11.84,19.18,67.92,30.88,1
a,2022-09-29 17:25:06.743243,0.29,0.74,0.70,-63.35,-35.16,-18.92,19.18,67.92,30.88,1
a,2022-09-29 17:25:06.751683,0.22,0.64,0.77,-58.72,-33.14,-6.35,19.18,67.92,30.88,1
a,2022-09-29 17:25:06.759980,0.19,0.61,0.78,-58.72,-33.14,-6.35,21.89,70.69,35.85,1
a,2022-09-29 17:25:06.768222,0.20,0.66,0.77,-30.46,-18.74,14.40,21.89,70.69,35.85,1
a,2022-09-29 17:25:06.775668,0.20,0.71,0.75,-30.46,-18.74,14.40,21.89,70.69,35.85,1
a,2022-09-29 17:25:06.783907,0.20,0.76,0.76,-9.64,-16.42,18.49,21.89,70.69,35.85,1
a,2022-09-29 17:25:06.792527,0.21,0.74,0.74,-6.84,-14.59,17.64,21.89,70.69,35.85,1
a,2022-09-29 17:25:06.800707,0.21,0.69,0.73,-7.93,-14.16,14.10,21.89,70.69,35.85,1
a,2022-09-29 17:25:06.810144,0.20,0.63,0.76,-11.54,-15.01,10.25,24.37,73.06,38.37,1
a,2022-09-29 17:25:06.818462,0.19,0.62,0.75,-19.17,-18.37,2.62,24.37,73.06,38.37,1
a,2022-09-29 17:25:06.826976,0.16,0.66,0.76,-23.32,-21.18,-2.20,24.37,73.06,38.37,1
a,2022-09-29 17:25:06.835476,0.12,0.72,0.80,-28.81,-21.18,-8.67,24.37,73.06,38.37,1
a,2022-09-29 17:25:06.843717,0.09,0.72,0.84,-28.99,-18.92,-13.73,24.37,73.06,38.37,1
a,2022-09-29 17:25:06.850141,0.09,0.72,0.84,-28.99,-18.92,-13.73,24.37,73.06,38.37,1
a,2022-09-29 17:25:06.859612,0.10,0.70,0.84,-22.64,-15.08,-13.79,28.31,75.18,42.61,1
a,2022-09-29 17:25:06.868059,0.13,0.68,0.80,-3.36,-7.32,-3.42,28.31,75.18,42.61,1
a,2022-09-29 17:25:06.876301,0.18,0.71,0.75,1.40,-5.86,0.67,28.31,75.18,42.61,1
a,2022-09-29 17:25:06.884337,0.21,0.69,0.72,4.21,-5.55,3.11,28.31,75.18,42.61,1
a,2022-09-29 17:25:06.892760,0.23,0.68,0.71,6.29,-5.86,4.46,28.31,75.18,42.61,1
a,2022-09-29 17:25:06.901096,0.25,0.67,0.69,4.82,-7.08,3.36,28.31,75.18,42.61,1
a,2022-09-29 17:25:06.910170,0.26,0.67,0.68,2.32,-9.09,1.10,29.82,76.49,45.48,1
a,2022-09-29 17:25:06.918466,0.22,0.60,0.75,2.08,-10.50,0.06,29.82,76.49,45.48,1
a,2022-09-29 17:25:06.925650,0.22,0.60,0.75,4.03,-10.74,1.46,29.82,76.49,45.48,1
a,2022-09-29 17:25:06.933899,0.21,0.60,0.78,5.80,-10.13,2.44,29.82,76.49,45.48,1
a,2022-09-29 17:25:06.942236,0.23,0.65,0.76,4.03,-9.83,-0.06,29.82,76.49,45.48,1
a,2022-09-29 17:25:06.950634,0.24,0.65,0.74,0.55,-10.19,-4.76,29.82,76.49,45.48,1
a,2022-09-29 17:25:06.960152,0.24,0.64,0.74,-2.01,-11.11,-8.12,32.34,78.65,47.25,1
