I,2022-10-20 17:53:08.600706,0.45,0.15,-1.05,0.98,3.54,-5.07,-6.82,-33.78,-34.99,1
I,2022-10-20 17:53:08.624628,0.44,0.23,-1.15,-53.41,-35.28,43.46,-6.13,-33.46,-34.74,1
I,2022-10-20 17:53:08.645976,0.46,-0.02,-1.18,13.18,-35.46,76.42,-6.13,-33.46,-34.74,1
I,2022-10-20 17:53:08.668843,0.38,0.15,-0.98,68.66,-16.66,49.87,-6.92,-32.98,-34.06,1
I,2022-10-20 17:53:08.690147,0.37,0.70,-0.58,87.89,-0.06,27.10,-6.92,-32.98,-34.06,1
I,2022-10-20 17:53:08.711213,0.31,0.80,-0.54,19.53,0.92,26.12,-6.92,-32.98,-34.06,1
I,2022-10-20 17:53:08.732732,0.33,0.70,-0.54,-2.32,14.16,12.63,-6.12,-33.75,-34.92,1
I,2022-10-20 17:53:08.752827,0.22,0.42,-0.72,-21.61,17.82,-10.68,-6.12,-33.75,-34.92,1
I,2022-10-20 17:53:08.773653,0.37,0.58,-0.56,6.47,30.46,-48.03,-6.40,-33.28,-34.85,1
I,2022-10-20 17:53:08.794943,0.44,0.44,-0.73,-15.26,25.82,-52.55,-6.40,-33.28,-34.85,1
I,2022-10-20 17:53:08.817453,0.52,0.44,-0.76,-23.13,28.14,-39.00,-5.42,-33.97,-34.84,1
I,2022-10-20 17:53:08.838374,0.42,0.21,-0.95,-22.34,37.54,-0.43,-5.42,-33.97,-34.84,1
I,2022-10-20 17:53:08.860213,0.19,0.12,-1.27,-10.74,-2.93,1.16,-5.42,-33.97,-34.84,1
I,2022-10-20 17:53:08.882061,0.22,0.38,-0.86,34.18,23.50,-1.40,-6.87,-33.47,-34.57,1
I,2022-10-20 17:53:08.901351,0.26,0.37,-0.77,14.83,26.92,13.43,-6.87,-33.47,-34.57,1
I,2022-10-20 17:53:08.924599,0.23,0.38,-0.82,12.76,27.16,25.39,-7.64,-33.46,-36.61,1
I,2022-10-20 17:53:08.943906,0.32,0.33,-0.67,27.77,31.92,36.32,-7.64,-33.46,-36.61,1
I,2022-10-20 17:53:08.965316,0.36,0.35,-0.75,28.56,21.30,34.97,-8.45,-33.04,-38.21,1
I,2022-10-20 17:53:08.986402,0.38,0.45,-0.80,23.13,10.44,29.72,-8.45,-33.04,-38.21,1
I,2022-10-20 17:53:09.007821,0.39,0.49,-0.88,13.12,6.23,22.95,-8.45,-33.04,-38.21,1
I,2022-10-20 17:53:09.028981,0.47,0.53,-0.86,8.36,5.62,10.50,-8.42,-32.13,-40.92,1
I,2022-10-20 17:53:09.051116,0.52,0.49,-0.85,3.54,-1.53,-3.17,-8.42,-32.13,-40.92,1
I,2022-10-20 17:53:09.073309,0.43,0.62,-0.89,-13.67,-13.31,-15.69,-8.45,-32.10,-42.14,1
I,2022-10-20 17:53:09.094469,0.47,0.44,-0.91,8.79,1.28,-37.23,-8.45,-32.10,-42.14,1
I,2022-10-20 17:53:09.112857,0.41,0.74,-0.76,-5.00,6.96,-55.30,-8.45,-32.10,-42.14,1
I,2022-10-20 17:53:09.132918,0.35,0.50,-0.86,-13.43,3.23,-43.21,-7.91,-32.68,-42.71,1
I,2022-10-20 17:53:09.154710,0.35,0.59,-0.80,-21.85,8.42,-37.84,-7.91,-32.68,-42.71,1
I,2022-10-20 17:53:09.176980,0.30,0.44,-0.89,-22.40,5.13,-22.03,-7.81,-32.37,-41.22,1
I,2022-10-20 17:53:09.199949,0.32,0.32,-0.94,-20.87,3.72,-7.57,-7.81,-32.37,-41.22,1
I,2022-10-20 17:53:09.222167,0.31,0.30,-0.91,-10.80,6.47,-2.44,-8.23,-32.30,-41.64,1
I,2022-10-20 17:53:09.243876,0.29,0.34,-0.89,-8.42,5.07,1.89,-8.23,-32.30,-41.64,1
I,2022-10-20 17:53:09.265373,0.25,0.27,-0.93,7.39,-6.59,2.14,-8.23,-32.30,-41.64,1
I,2022-10-20 17:53:09.287489,0.35,0.35,-0.85,15.93,-18.01,0.79,-7.90,-32.86,-40.10,1
I,2022-10-20 17:53:09.309281,0.51,0.40,-0.82,9.89,-16.36,3.30,-7.90,-32.86,-40.10,1
I,2022-10-20 17:53:09.331331,0.55,0.42,-0.83,-14.47,0.67,16.60,-7.32,-32.82,-41.31,1
I,2022-10-20 17:53:09.352305,0.54,0.34,-0.85,-28.02,23.01,43.03,-7.32,-32.82,-41.31,1
I,2022-10-20 17:53:09.375290,0.32,0.20,-1.21,66.53,9.64,-18.80,-7.93,-32.58,-41.19,1
I,2022-10-20 17:53:09.394291,0.43,0.58,-0.88,-33.02,-22.89,43.27,-7.93,-32.58,-41.19,1
I,2022-10-20 17:53:09.414287,0.36,-0.12,-1.38,-39.00,-43.09,81.12,-7.93,-32.58,-41.19,1
I,2022-10-20 17:53:09.437609,0.43,0.18,-1.06,19.90,-13.00,43.88,-8.36,-32.01,-40.77,1
I,2022-10-20 17:53:09.456683,0.36,0.38,-0.81,80.57,-8.42,37.90,-8.36,-32.01,-40.77,1
I,2022-10-20 17:53:09.479635,0.29,0.57,-0.63,85.02,-8.12,24.90,-7.58,-32.89,-40.26,1
I,2022-10-20 17:53:09.501242,0.30,0.80,-0.44,49.07,-6.47,21.55,-7.58,-32.89,-40.26,1
I,2022-10-20 17:53:09.524904,0.32,0.75,-0.54,-2.93,3.48,10.68,-7.67,-33.50,-42.10,1
I,2022-10-20 17:53:09.546223,0.30,0.65,-0.64,-64.88,-0.73,11.05,-7.67,-33.50,-42.10,1
I,2022-10-20 17:53:09.567196,0.19,0.25,-0.89,-8.73,13.85,-8.97,-7.67,-33.50,-42.10,1
I,2022-10-20 17:53:09.590432,0.29,0.45,-1.00,15.75,-13.92,-25.57,-6.92,-32.50,-40.53,1
I,2022-10-20 17:53:09.612135,0.41,0.32,-1.02,44.13,-29.30,-20.08,-6.92,-32.50,-40.53,1
I,2022-10-20 17:53:09.635907,0.50,0.39,-0.95,25.88,-33.94,-12.39,-5.58,-33.70,-40.53,1
I,2022-10-20 17:53:09.657365,0.55,0.43,-0.85,28.20,-32.90,-0.98,-5.58,-33.70,-40.53,1
I,2022-10-20 17:53:09.676895,0.60,0.50,-0.71,24.11,-26.86,6.35,-3.32,-34.45,-40.45,1
I,2022-10-20 17:53:09.695893,0.59,0.57,-0.67,2.08,-16.36,17.58,-3.32,-34.45,-40.45,1
