a,2022-10-31 13:59:10.426614,0.32,-0.61,0.72,6.35,-2.99,-9.58,-6.63,16.09,-56.02,1
a,2022-10-31 13:59:10.445926,0.25,-0.59,0.80,-9.16,1.22,-12.21,-6.51,16.83,-54.54,1
a,2022-10-31 13:59:10.466714,0.22,-0.53,0.84,-10.80,11.72,-14.53,-6.51,16.83,-54.54,1
a,2022-10-31 13:59:10.485061,0.25,-0.57,0.76,0.49,14.47,-13.85,-6.51,16.83,-54.54,1
a,2022-10-31 13:59:10.508342,0.33,-0.55,0.68,5.98,9.52,-8.36,-6.52,18.29,-54.09,1
a,2022-10-31 13:59:10.526173,0.35,-0.54,0.72,6.71,2.75,-7.26,-6.52,18.29,-54.09,1
a,2022-10-31 13:59:10.546704,0.35,-0.46,0.74,-13.92,5.13,-13.55,-7.31,19.08,-53.97,1
a,2022-10-31 13:59:10.568496,0.29,-0.51,0.68,-18.19,6.65,-20.02,-7.31,19.08,-53.97,1
a,2022-10-31 13:59:10.586481,0.32,-0.59,0.70,-5.92,-2.08,-14.10,-7.31,19.08,-53.97,1
a,2022-10-31 13:59:10.605381,0.01,-0.60,0.87,12.21,-8.85,5.37,-6.13,19.10,-51.92,1
a,2022-10-31 13:59:10.623250,0.30,-0.59,0.80,45.96,-7.02,11.05,-6.13,19.10,-51.92,1
a,2022-10-31 13:59:10.643386,0.18,-0.61,0.52,1.46,21.42,7.20,-6.52,19.03,-51.54,1
a,2022-10-31 13:59:10.662155,0.26,-0.56,0.66,-30.64,24.11,-5.37,-6.52,19.03,-51.54,1
a,2022-10-31 13:59:10.682327,0.34,-0.54,0.80,-19.53,15.63,-6.96,-6.52,19.03,-51.54,1
a,2022-10-31 13:59:10.703036,0.37,-0.52,0.74,-13.00,14.47,-5.80,-7.82,19.10,-50.48,1
a,2022-10-31 13:59:10.720753,0.33,-0.53,0.81,-17.58,11.41,6.59,-7.82,19.10,-50.48,1
a,2022-10-31 13:59:10.739649,0.32,-0.46,0.80,-13.49,8.85,13.24,-8.69,19.36,-50.33,1
a,2022-10-31 13:59:10.758838,0.34,-0.53,0.76,-13.92,3.48,6.77,-8.69,19.36,-50.33,1
a,2022-10-31 13:59:10.778669,0.35,-0.50,0.75,-19.35,2.01,7.08,-8.69,19.36,-50.33,1
a,2022-10-31 13:59:10.801758,0.30,-0.47,0.78,-21.61,-0.12,8.42,-9.79,18.75,-50.23,1
a,2022-10-31 13:59:10.820013,0.32,-0.45,0.82,-19.23,-0.55,5.98,-9.79,18.75,-50.23,1
a,2022-10-31 13:59:10.838729,0.34,-0.42,0.76,-12.39,-0.43,5.49,-11.06,18.08,-50.10,1
a,2022-10-31 13:59:10.858468,0.31,-0.38,0.82,-16.91,-0.79,-1.77,-11.06,18.08,-50.10,1
a,2022-10-31 13:59:10.877251,0.34,-0.45,0.77,-13.37,-4.58,4.88,-11.06,18.08,-50.10,1
a,2022-10-31 13:59:10.898626,0.33,-0.50,0.71,-5.19,-11.90,13.79,-11.23,17.59,-49.19,1
a,2022-10-31 13:59:10.918134,0.30,-0.37,0.86,-9.28,-13.31,9.22,-11.23,17.59,-49.19,1
a,2022-10-31 13:59:10.937686,0.36,-0.50,0.74,-6.29,-15.20,13.49,-10.72,17.18,-48.25,1
a,2022-10-31 13:59:10.957354,0.30,-0.30,0.86,-22.89,-9.58,9.77,-10.72,17.18,-48.25,1
a,2022-10-31 13:59:10.975429,0.31,-0.48,0.74,-10.68,-2.38,4.70,-10.72,17.18,-48.25,1
a,2022-10-31 13:59:10.995993,0.33,-0.38,0.83,-8.91,-12.57,13.06,-10.28,17.13,-47.64,1
a,2022-10-31 13:59:11.018477,0.30,-0.33,0.95,-9.52,-10.07,6.16,-10.28,17.13,-47.64,1
a,2022-10-31 13:59:11.036556,0.32,-0.38,0.78,-2.38,-15.99,8.67,-10.28,17.13,-47.64,1
a,2022-10-31 13:59:11.055404,0.28,-0.36,0.84,3.72,-21.24,8.79,-8.17,16.66,-45.68,1
a,2022-10-31 13:59:11.074227,0.32,-0.44,0.80,10.38,-24.29,6.77,-8.17,16.66,-45.68,1
a,2022-10-31 13:59:11.093854,0.31,-0.39,0.82,-0.06,-22.89,5.92,-5.88,16.06,-45.69,1
a,2022-10-31 13:59:11.112157,0.29,-0.36,0.86,-1.83,-21.24,6.04,-5.88,16.06,-45.69,1
a,2022-10-31 13:59:11.134896,0.29,-0.33,0.88,-12.88,-6.59,0.31,-5.88,16.06,-45.69,1
a,2022-10-31 13:59:11.151483,0.26,-0.33,0.84,-11.35,-6.90,-1.65,-3.58,15.48,-45.64,1
a,2022-10-31 13:59:11.169991,0.26,-0.32,0.86,-0.98,-9.83,-2.08,-3.58,15.48,-45.64,1
a,2022-10-31 13:59:11.189953,0.27,-0.37,0.85,6.59,-16.11,-4.82,-2.21,15.86,-46.26,1
a,2022-10-31 13:59:11.209370,0.27,-0.38,0.86,10.99,-17.94,-7.81,-2.21,15.86,-46.26,1
a,2022-10-31 13:59:11.229040,0.28,-0.36,0.88,2.69,-12.70,-8.79,-2.21,15.86,-46.26,1
a,2022-10-31 13:59:11.251530,0.26,-0.38,0.89,10.01,-11.66,-9.95,0.34,16.15,-46.44,1
a,2022-10-31 13:59:11.269464,0.27,-0.38,0.87,10.44,-9.70,-8.73,0.34,16.15,-46.44,1
a,2022-10-31 13:59:11.289322,0.26,-0.41,0.87,7.93,-6.59,-5.49,1.81,16.42,-46.98,1
a,2022-10-31 13:59:11.307243,0.25,-0.39,0.88,5.00,-5.55,-4.70,1.81,16.42,-46.98,1
a,2022-10-31 13:59:11.326150,0.24,-0.38,0.86,8.73,-7.39,-6.23,1.81,16.42,-46.98,1
a,2022-10-31 13:59:11.346191,0.20,-0.37,0.84,13.12,-9.03,-9.95,2.73,17.11,-47.49,1
a,2022-10-31 13:59:11.366029,0.24,-0.39,0.86,16.91,-8.79,-11.72,0.00,0.00,0.00,1
a,2022-10-31 13:59:11.385828,0.22,-0.37,0.84,17.88,-6.59,-13.18,0.00,0.00,0.00,1
a,2022-10-31 13:59:11.404704,0.25,-0.47,0.86,18.62,-5.25,-10.38,3.94,17.96,-47.53,1
a,2022-10-31 13:59:11.423438,0.23,-0.39,0.87,12.63,-5.00,-8.42,3.94,17.96,-47.53,1
a,2022-10-31 13:59:11.444369,0.22,-0.41,0.88,18.13,-5.80,-10.07,5.03,19.56,-47.90,1
a,2022-10-31 13:59:11.463330,0.24,-0.51,0.84,23.99,-3.36,-12.33,5.03,19.56,-47.90,1
a,2022-10-31 13:59:11.484853,0.23,-0.49,0.84,13.12,-0.73,-12.51,5.03,19.56,-47.90,1
a,2022-10-31 13:59:11.503354,0.24,-0.48,0.87,10.99,1.83,-11.72,5.35,20.73,-47.52,1
a,2022-10-31 13:59:11.522057,0.24,-0.47,0.87,13.31,0.06,-10.93,5.35,20.73,-47.52,1
a,2022-10-31 13:59:11.540528,0.22,-0.48,0.86,15.08,-0.24,-11.05,4.75,21.74,-48.62,1
a,2022-10-31 13:59:11.560361,0.22,-0.54,0.82,13.00,1.10,-13.43,4.75,21.74,-48.62,1
a,2022-10-31 13:59:11.579304,0.22,-0.52,0.83,1.83,3.72,-14.65,4.75,21.74,-48.62,1
a,2022-10-31 13:59:11.602574,0.24,-0.52,0.81,0.92,3.72,-11.54,4.21,22.84,-48.52,1
a,2022-10-31 13:59:11.619853,0.22,-0.45,0.91,8.61,-0.24,-3.42,4.21,22.84,-48.52,1
a,2022-10-31 13:59:11.638589,0.19,-0.39,0.99,-3.23,16.36,-8.79,2.94,23.74,-49.08,1
a,2022-10-31 13:59:11.656909,0.23,-0.47,0.86,-19.59,32.35,-20.32,2.94,23.74,-49.08,1
a,2022-10-31 13:59:11.676270,0.25,-0.49,0.83,-19.35,27.40,-16.05,2.94,23.74,-49.08,1
a,2022-10-31 13:59:11.698110,0.25,-0.54,0.77,-5.25,15.87,-8.12,-0.04,25.77,-49.24,1
a,2022-10-31 13:59:11.718397,0.27,-0.49,0.91,11.05,0.31,3.42,-0.04,25.77,-49.24,1
a,2022-10-31 13:59:11.738157,0.21,-0.52,0.77,3.05,10.62,4.21,-1.17,25.10,-50.42,1
a,2022-10-31 13:59:11.757385,0.27,-0.53,0.80,11.05,6.47,3.54,-1.17,25.10,-50.42,1
a,2022-10-31 13:59:11.775391,0.23,-0.58,0.76,-5.98,9.22,-0.49,-1.17,25.10,-50.42,1
a,2022-10-31 13:59:11.795668,0.27,-0.53,0.77,-13.37,13.37,-1.16,-3.66,25.10,-50.90,1
a,2022-10-31 13:59:11.815471,0.29,-0.51,0.87,-12.70,10.19,1.34,-3.66,25.10,-50.90,1
a,2022-10-31 13:59:11.836367,0.25,-0.43,0.84,-15.56,13.85,4.76,-5.75,24.43,-50.44,1
a,2022-10-31 13:59:11.855583,0.27,-0.46,0.79,-3.30,8.97,2.20,-5.75,24.43,-50.44,1
a,2022-10-31 13:59:11.874357,0.24,-0.48,0.78,-14.77,11.17,1.71,-5.75,24.43,-50.44,1
a,2022-10-31 13:59:11.894241,0.26,-0.47,0.79,-12.02,7.26,-0.12,-8.69,23.24,-51.54,1
a,2022-10-31 13:59:11.918547,0.26,-0.45,0.81,-10.25,4.39,0.06,-8.69,23.24,-51.54,1
a,2022-10-31 13:59:11.932389,0.22,-0.39,0.75,-6.77,3.72,-0.67,-8.69,23.24,-51.54,1
a,2022-10-31 13:59:11.952763,0.24,-0.40,0.73,2.93,-2.56,-3.97,-10.49,22.16,-51.32,1
a,2022-10-31 13:59:11.971399,0.24,-0.43,0.79,3.97,-5.19,-7.08,-10.49,22.16,-51.32,1
a,2022-10-31 13:59:11.990605,0.24,-0.46,0.76,-3.97,-1.34,-5.19,-11.10,22.56,-51.72,1
a,2022-10-31 13:59:12.009012,0.25,-0.44,0.79,-18.80,7.45,-2.32,-11.10,22.56,-51.72,1
a,2022-10-31 13:59:12.028120,0.28,-0.45,0.79,-28.38,13.85,2.20,-11.10,22.56,-51.72,1
a,2022-10-31 13:59:12.051537,-0.13,-0.18,0.41,-44.49,16.48,2.26,-10.42,22.95,-51.83,1
a,2022-10-31 13:59:12.067740,0.27,-0.49,0.80,18.25,-17.03,-9.34,-10.42,22.95,-51.83,1
a,2022-10-31 13:59:12.087308,0.28,-0.41,0.85,16.05,-14.47,-6.35,-8.06,23.55,-51.42,1
a,2022-10-31 13:59:12.105675,0.27,-0.41,0.83,6.84,-9.16,-5.43,-8.06,23.55,-51.42,1
a,2022-10-31 13:59:12.126016,0.28,-0.43,0.85,8.91,-9.52,-5.25,-8.06,23.55,-51.42,1
a,2022-10-31 13:59:12.147030,0.28,-0.41,0.83,-0.67,-7.45,-4.76,-6.19,24.94,-51.55,1
a,2022-10-31 13:59:12.168244,0.26,-0.40,0.88,0.61,-8.42,-6.04,-6.19,24.94,-51.55,1
a,2022-10-31 13:59:12.187564,0.29,-0.43,0.87,7.75,-6.23,-5.43,-3.82,25.95,-51.18,1
a,2022-10-31 13:59:12.206970,0.29,-0.44,0.87,7.63,-6.10,-6.04,-3.82,25.95,-51.18,1
a,2022-10-31 13:59:12.225402,0.27,-0.47,0.85,5.86,-3.91,-5.37,-3.82,25.95,-51.18,1
a,2022-10-31 13:59:12.246799,0.26,-0.44,0.82,1.34,-5.31,-7.81,-2.49,27.23,-52.48,1
a,2022-10-31 13:59:12.265751,0.22,-0.40,0.84,-2.44,-4.33,-6.96,-2.49,27.23,-52.48,1
a,2022-10-31 13:59:12.286527,0.24,-0.48,0.88,8.67,-5.31,-5.98,-1.17,28.23,-52.49,1
a,2022-10-31 13:59:12.305519,0.24,-0.43,0.82,6.04,-4.52,-5.98,-1.17,28.23,-52.49,1
a,2022-10-31 13:59:12.324493,0.23,-0.46,0.83,5.31,-4.94,-7.69,-1.17,28.23,-52.49,1
a,2022-10-31 13:59:12.343793,0.24,-0.48,0.86,-0.37,-3.54,-6.84,-0.33,30.36,-52.88,1
a,2022-10-31 13:59:12.363334,0.21,-0.43,0.85,-1.34,-4.58,-8.18,-0.33,30.36,-52.88,1
a,2022-10-31 13:59:12.385719,0.21,-0.41,0.83,6.71,-8.00,-11.05,-0.33,30.36,-52.88,1
a,2022-10-31 13:59:12.402720,0.23,-0.46,0.85,7.51,-8.30,-10.31,0.33,31.14,-53.32,1
a,2022-10-31 13:59:12.422931,0.24,-0.45,0.86,6.53,-6.84,-8.91,0.33,31.14,-53.32,1
a,2022-10-31 13:59:12.444567,0.21,-0.43,0.85,10.93,-6.41,-8.24,0.93,32.09,-52.51,1
a,2022-10-31 13:59:12.465286,0.21,-0.46,0.84,13.73,-5.98,-8.48,0.93,32.09,-52.51,1
a,2022-10-31 13:59:12.487357,0.22,-0.46,0.84,8.67,-3.36,-8.42,0.82,34.42,-53.13,1
a,2022-10-31 13:59:12.505032,0.21,-0.47,0.85,8.91,-2.75,-6.96,0.82,34.42,-53.13,1
a,2022-10-31 13:59:12.523753,0.22,-0.52,0.87,12.15,-3.36,-5.37,0.82,34.42,-53.13,1
a,2022-10-31 13:59:12.543527,0.21,-0.46,0.86,14.04,-3.85,-3.91,0.34,35.41,-54.33,1
a,2022-10-31 13:59:12.562377,0.20,-0.42,0.86,12.57,-1.10,-7.93,0.34,35.41,-54.33,1
a,2022-10-31 13:59:12.585106,0.20,-0.46,0.88,-1.28,10.07,-19.04,-0.55,37.07,-53.78,1
a,2022-10-31 13:59:12.603998,0.22,-0.47,0.85,-3.36,10.31,-17.46,-0.55,37.07,-53.78,1
a,2022-10-31 13:59:12.622471,0.22,-0.54,0.79,7.51,3.30,-6.96,-0.55,37.07,-53.78,1
a,2022-10-31 13:59:12.642381,0.22,-0.57,0.77,16.60,-2.87,2.08,-1.40,38.49,-55.80,1
a,2022-10-31 13:59:12.661553,0.22,-0.64,0.73,21.97,-8.73,10.31,-1.40,38.49,-55.80,1
a,2022-10-31 13:59:12.682194,0.18,-0.60,0.77,9.22,-4.76,3.30,-1.40,38.49,-55.80,1
a,2022-10-31 13:59:12.703771,0.19,-0.57,0.78,-6.16,2.50,-6.77,-1.33,38.90,-55.92,1
a,2022-10-31 13:59:12.722727,0.20,-0.51,0.81,-23.01,9.52,-15.75,-1.33,38.90,-55.92,1
a,2022-10-31 13:59:12.741229,0.21,-0.46,0.85,-28.08,9.16,-15.50,-2.01,39.33,-56.29,1
a,2022-10-31 13:59:12.760597,0.21,-0.42,0.88,-21.61,3.85,-9.77,-2.01,39.33,-56.29,1
a,2022-10-31 13:59:12.781843,0.19,-0.44,0.87,-1.16,-6.35,0.98,-2.01,39.33,-56.29,1
a,2022-10-31 13:59:12.803145,0.19,-0.45,0.85,8.30,-10.01,5.98,-1.92,39.34,-56.18,1
a,2022-10-31 13:59:12.821987,0.17,-0.49,0.84,7.93,-12.27,14.10,-1.92,39.34,-56.18,1
a,2022-10-31 13:59:12.840585,-0.07,-0.55,0.98,29.66,-9.40,15.26,-1.03,37.41,-57.58,1
a,2022-10-31 13:59:12.859294,0.01,-0.55,1.04,52.12,8.97,25.33,-1.03,37.41,-57.58,1
a,2022-10-31 13:59:12.878193,0.10,-0.49,0.99,18.55,39.37,18.01,-1.03,37.41,-57.58,1
a,2022-10-31 13:59:12.899092,0.23,-0.45,0.92,3.05,45.84,12.02,-3.08,33.85,-58.47,1
a,2022-10-31 13:59:12.918244,0.30,-0.39,0.91,0.55,43.88,6.71,-3.08,33.85,-58.47,1
a,2022-10-31 13:59:12.938170,0.36,-0.33,0.85,13.43,35.22,4.58,-7.02,33.28,-64.06,1
a,2022-10-31 13:59:12.956147,0.41,-0.40,0.78,26.43,26.98,2.08,-7.02,33.28,-64.06,1
