W,2022-10-30 15:01:14.786105,0.32,0.11,0.75,14.95,-10.68,-13.37,10.82,33.24,-101.83,1
W,2022-10-30 15:01:14.806004,0.05,-0.02,0.99,-2.01,-13.06,-14.47,8.40,34.09,-103.45,1
W,2022-10-30 15:01:14.828632,0.05,-0.03,1.02,-4.39,-5.49,-9.28,8.40,34.09,-103.45,1
W,2022-10-30 15:01:14.848529,0.16,-0.06,0.96,-8.12,-5.37,-4.88,8.40,34.09,-103.45,1
W,2022-10-30 15:01:14.867385,0.13,-0.04,0.95,-18.98,-10.07,-5.07,7.78,35.52,-105.10,1
W,2022-10-30 15:01:14.886377,0.02,0.05,1.05,-25.45,-18.55,-6.41,7.78,35.52,-105.10,1
W,2022-10-30 15:01:14.906646,-0.20,0.08,1.18,-21.36,-14.59,-8.73,7.78,35.52,-105.10,1
W,2022-10-30 15:01:14.926404,-0.23,0.09,1.19,-11.78,-3.85,-2.75,7.26,36.96,-107.56,1
W,2022-10-30 15:01:14.946072,-0.21,0.09,1.15,-8.61,16.05,1.22,7.26,36.96,-107.56,1
W,2022-10-30 15:01:14.966040,-0.13,0.08,1.08,-15.26,24.41,-0.92,9.70,36.72,-110.07,1
W,2022-10-30 15:01:14.984184,-0.08,0.10,1.06,-19.41,27.40,-4.27,9.70,36.72,-110.07,1
W,2022-10-30 15:01:15.003019,0.01,0.18,0.94,-20.32,30.15,-8.06,9.70,36.72,-110.07,1
W,2022-10-30 15:01:15.022802,0.12,0.21,0.82,-12.82,21.73,-5.80,11.80,36.57,-108.06,1
W,2022-10-30 15:01:15.041702,0.17,0.20,0.76,-7.57,2.26,-5.07,11.80,36.57,-108.06,1
W,2022-10-30 15:01:15.062192,0.06,0.27,0.76,-21.61,-19.41,-11.29,13.48,37.43,-107.57,1
W,2022-10-30 15:01:15.076443,-1.49,0.28,1.91,-16.60,-26.31,-14.71,13.48,37.43,-107.57,1
W,2022-10-30 15:01:15.096215,-0.12,0.06,0.83,88.56,-16.97,22.09,13.48,37.43,-107.57,1
W,2022-10-30 15:01:15.120094,-0.11,-0.01,0.83,10.86,12.02,9.64,14.89,37.79,-106.75,1
W,2022-10-30 15:01:15.138806,-0.07,0.27,0.82,-33.39,10.13,-19.23,14.89,37.79,-106.75,1
W,2022-10-30 15:01:15.159614,-0.05,0.12,0.72,-16.72,-24.96,-22.22,12.30,38.94,-109.58,1
W,2022-10-30 15:01:15.181173,-0.12,0.27,0.76,-1.16,-20.75,-3.17,12.30,38.94,-109.58,1
W,2022-10-30 15:01:15.205555,-0.12,0.21,0.80,18.62,-17.94,4.76,12.30,38.94,-109.58,1
W,2022-10-30 15:01:15.217533,-0.07,0.19,0.83,12.70,-13.61,-2.38,7.86,39.61,-111.55,1
W,2022-10-30 15:01:15.236826,-0.07,0.13,0.98,-3.48,-5.25,-8.36,7.86,39.61,-111.55,1
W,2022-10-30 15:01:15.272762,-0.04,0.10,1.08,2.62,-8.42,-9.83,7.86,39.61,-111.55,1
W,2022-10-30 15:01:15.276529,-0.02,0.07,1.16,2.01,-7.81,-8.61,1.40,40.19,-113.22,1
W,2022-10-30 15:01:15.294340,-0.02,0.14,1.17,-4.46,-4.15,-8.30,1.40,40.19,-113.22,1
W,2022-10-30 15:01:15.309540,-0.03,0.11,1.21,4.82,-1.95,-5.80,-3.00,40.00,-111.94,1
W,2022-10-30 15:01:15.333169,-0.01,0.15,1.15,22.16,-5.07,1.16,-3.00,40.00,-111.94,1
W,2022-10-30 15:01:15.350879,-0.03,0.08,1.15,15.20,-7.69,1.28,-3.00,40.00,-111.94,1
W,2022-10-30 15:01:15.372243,-0.04,0.11,1.10,12.39,-5.74,2.87,-3.70,40.55,-110.91,1
W,2022-10-30 15:01:15.389912,-0.06,0.19,1.23,31.19,-27.65,5.86,-3.70,40.55,-110.91,1
W,2022-10-30 15:01:15.410060,-0.06,0.25,1.08,-41.63,28.08,-20.02,-3.66,40.49,-111.57,1
W,2022-10-30 15:01:15.427738,-0.04,0.24,1.11,-27.04,32.10,-20.87,-3.66,40.49,-111.57,1
W,2022-10-30 15:01:15.450786,-0.03,0.29,1.07,-8.67,27.34,-12.82,-3.66,40.49,-111.57,1
W,2022-10-30 15:01:15.466961,-0.02,0.13,1.02,7.69,19.23,-8.06,-1.95,39.73,-114.06,1
W,2022-10-30 15:01:15.486733,-0.03,0.13,0.99,22.95,7.81,-1.59,-1.95,39.73,-114.06,1
W,2022-10-30 15:01:15.505607,-0.04,0.11,1.01,22.52,2.08,-1.04,1.12,39.16,-111.95,1
W,2022-10-30 15:01:15.525676,-0.07,0.09,0.79,12.70,0.49,-5.13,1.12,39.16,-111.95,1
W,2022-10-30 15:01:15.543039,-0.09,0.06,0.88,32.47,-23.74,5.68,1.12,39.16,-111.95,1
W,2022-10-30 15:01:15.563163,-0.08,0.06,0.88,3.54,-1.83,-1.71,2.67,38.16,-111.05,1
W,2022-10-30 15:01:15.582065,-0.08,0.06,0.78,-23.74,30.88,-12.45,2.67,38.16,-111.05,1
W,2022-10-30 15:01:15.601810,-0.07,0.00,0.80,0.31,3.48,-2.75,2.67,38.16,-111.05,1
W,2022-10-30 15:01:15.621039,-0.10,0.01,0.77,-0.85,-6.47,2.38,4.41,37.67,-110.57,1
W,2022-10-30 15:01:15.641685,-0.10,0.02,0.80,0.24,-9.28,4.46,4.41,37.67,-110.57,1
W,2022-10-30 15:01:15.659553,-0.09,0.06,0.83,-24.35,13.73,-2.44,4.02,37.39,-110.77,1
W,2022-10-30 15:01:15.675992,-0.09,0.16,0.75,-26.06,21.00,-8.91,4.02,37.39,-110.77,1
W,2022-10-30 15:01:15.697676,-0.09,0.14,0.80,14.04,-14.40,2.20,4.02,37.39,-110.77,1
W,2022-10-30 15:01:15.716221,-0.08,0.13,0.86,28.50,-28.26,13.92,3.27,37.40,-112.19,1
W,2022-10-30 15:01:15.732037,-0.09,0.17,0.88,24.41,-26.31,8.85,3.27,37.40,-112.19,1
W,2022-10-30 15:01:15.750593,-0.09,0.13,0.87,6.10,-14.10,0.79,3.27,37.40,-112.19,1
W,2022-10-30 15:01:15.766363,-0.09,0.11,0.95,7.63,-13.55,-0.98,1.07,38.33,-112.51,1
W,2022-10-30 15:01:15.792447,-0.07,0.13,0.99,-0.79,-5.00,-3.36,1.07,38.33,-112.51,1
W,2022-10-30 15:01:15.806186,-0.07,0.14,1.01,-10.74,2.62,-5.68,-3.76,38.60,-113.40,1
W,2022-10-30 15:01:15.826103,-0.04,0.10,1.06,-10.80,0.85,-7.75,-3.76,38.60,-113.40,1
W,2022-10-30 15:01:15.850643,-0.03,0.13,1.13,-3.78,-0.85,-4.46,-3.76,38.60,-113.40,1
W,2022-10-30 15:01:15.870947,-0.04,0.09,1.11,2.08,-4.09,-1.77,-6.21,38.16,-113.59,1
W,2022-10-30 15:01:15.885778,-0.04,0.11,1.10,-1.28,-3.48,-2.14,-6.21,38.16,-113.59,1
W,2022-10-30 15:01:15.910143,-0.05,0.12,1.10,-3.54,-6.71,-3.05,-7.69,38.46,-112.77,1
W,2022-10-30 15:01:15.929199,-0.05,0.13,1.07,-5.07,-7.08,-2.14,-7.69,38.46,-112.77,1
W,2022-10-30 15:01:15.946380,-0.06,0.15,1.04,-0.31,-10.01,-0.61,-7.69,38.46,-112.77,1
W,2022-10-30 15:01:15.966229,-0.06,0.18,1.03,14.65,-23.32,0.55,-7.76,38.22,-112.66,1
W,2022-10-30 15:01:15.986189,-0.09,0.17,1.02,30.82,-33.75,3.66,-7.76,38.22,-112.66,1
W,2022-10-30 15:01:16.005082,-0.11,0.16,1.01,45.78,-43.76,10.31,-6.64,38.23,-112.19,1
W,2022-10-30 15:01:16.027254,-0.12,0.13,1.00,66.41,-54.93,20.14,-6.64,38.23,-112.19,1
W,2022-10-30 15:01:16.040861,-0.16,0.06,1.00,75.50,-57.01,21.42,-6.64,38.23,-112.19,1
W,2022-10-30 15:01:16.063161,-0.36,0.11,1.15,7.39,-3.42,-0.73,-6.35,39.28,-111.13,1
W,2022-10-30 15:01:16.076255,-0.15,0.21,1.14,-82.82,71.78,-53.34,-6.35,39.28,-111.13,1
W,2022-10-30 15:01:16.096459,-0.08,0.18,1.05,-84.41,77.88,-56.76,-6.35,39.28,-111.13,1
W,2022-10-30 15:01:16.116517,-0.04,0.15,0.95,-82.28,74.89,-45.29,-5.14,37.32,-114.64,1
W,2022-10-30 15:01:16.136456,-0.06,0.11,0.92,-4.39,26.43,-9.70,-5.14,37.32,-114.64,1
W,2022-10-30 15:01:16.156195,-0.07,0.05,0.93,30.94,-0.67,4.03,-2.86,35.72,-113.38,1
W,2022-10-30 15:01:16.179349,-0.06,0.01,0.91,26.25,-2.44,0.43,-2.86,35.72,-113.38,1
W,2022-10-30 15:01:16.196031,-0.10,0.05,0.88,-3.05,2.14,-8.06,-2.86,35.72,-113.38,1
W,2022-10-30 15:01:16.216063,-0.10,0.06,0.80,-11.66,5.00,-8.54,-1.54,34.30,-112.23,1
W,2022-10-30 15:01:16.236175,-0.09,0.03,0.81,1.10,-2.38,-2.87,-1.54,34.30,-112.23,1
W,2022-10-30 15:01:16.257992,-0.10,0.06,0.80,12.76,-12.21,6.53,-0.72,33.61,-111.69,1
W,2022-10-30 15:01:16.276100,-0.11,0.05,0.87,18.49,-18.49,8.24,-0.72,33.61,-111.69,1
W,2022-10-30 15:01:16.294618,-0.10,0.07,0.88,0.31,-4.21,-2.08,-0.72,33.61,-111.69,1
W,2022-10-30 15:01:16.311268,-0.08,0.12,0.93,-17.46,12.02,-5.68,-0.10,34.45,-111.99,1
W,2022-10-30 15:01:16.334644,-0.06,0.15,0.96,-21.73,15.44,-5.80,-0.10,34.45,-111.99,1
W,2022-10-30 15:01:16.346276,-0.06,0.15,0.96,-20.87,16.54,-3.72,0.01,33.69,-113.53,1
W,2022-10-30 15:01:16.368003,-0.04,0.17,0.99,-22.89,13.79,-1.04,0.01,33.69,-113.53,1
W,2022-10-30 15:01:16.386079,-0.05,0.16,0.98,-26.43,9.09,1.34,0.01,33.69,-113.53,1
W,2022-10-30 15:01:16.410958,-0.05,0.15,0.98,-36.13,4.27,2.87,-0.18,32.95,-114.40,1
W,2022-10-30 15:01:16.428466,-0.08,0.11,0.91,-63.29,1.10,0.92,-0.18,32.95,-114.40,1
W,2022-10-30 15:01:16.447903,-0.21,-0.02,0.91,-76.42,-0.31,5.31,-0.18,32.95,-114.40,1
