k,2022-11-01 20:51:46.440820,0.27,0.54,-0.86,-3.48,-1.40,-28.32,-32.90,-88.75,-61.68,1
k,2022-11-01 20:51:46.458703,0.26,0.48,-0.83,0.24,-2.81,-29.66,-32.90,-88.75,-61.68,1
k,2022-11-01 20:51:46.478007,0.26,0.40,-0.83,-4.09,-7.57,-20.20,-31.43,-87.04,-61.23,1
k,2022-11-01 20:51:46.496881,0.20,0.32,-0.78,-11.96,-17.58,-4.39,-31.43,-87.04,-61.23,1
k,2022-11-01 20:51:46.514796,0.22,0.33,-0.72,-6.59,-15.75,3.05,-31.43,-87.04,-61.23,1
k,2022-11-01 20:51:46.533985,-0.33,0.40,-0.77,-2.32,-12.45,16.30,-29.13,-84.97,-60.88,1
k,2022-11-01 20:51:46.552682,0.25,0.49,-0.72,3.66,-7.32,-19.04,-29.13,-84.97,-60.88,1
k,2022-11-01 20:51:46.573270,0.27,0.44,-0.79,-39.12,-29.17,-8.06,-29.13,-84.97,-60.88,1
k,2022-11-01 20:51:46.589977,-0.73,0.22,-0.38,-72.27,-32.84,11.11,-28.49,-82.56,-62.05,1
k,2022-11-01 20:51:46.608829,0.14,0.24,-0.71,-10.25,21.85,61.71,-28.49,-82.56,-62.05,1
k,2022-11-01 20:51:46.627830,-0.03,0.28,-0.70,-16.17,73.06,67.69,-33.36,-82.40,-61.67,1
k,2022-11-01 20:51:46.645796,0.20,0.43,-0.94,-14.65,94.85,66.10,-33.36,-82.40,-61.67,1
k,2022-11-01 20:51:46.663795,0.36,0.59,-1.09,5.98,93.81,54.14,-33.36,-82.40,-61.67,1
k,2022-11-01 20:51:46.682388,0.25,0.69,-1.08,21.06,77.82,32.23,-40.39,-84.20,-60.28,1
k,2022-11-01 20:51:46.700776,0.23,0.61,-1.24,1.59,41.38,11.90,-40.39,-84.20,-60.28,1
k,2022-11-01 20:51:46.718590,0.16,0.61,-1.09,9.58,41.38,8.00,-40.39,-84.20,-60.28,1
k,2022-11-01 20:51:46.737750,0.12,0.60,-1.07,9.40,34.42,-1.16,-43.88,-86.16,-61.01,1
k,2022-11-01 20:51:46.755687,0.03,0.61,-1.03,18.80,24.05,-11.78,-43.88,-86.16,-61.01,1
k,2022-11-01 20:51:46.774793,0.18,0.54,-1.13,16.60,-17.52,-65.55,-43.42,-87.40,-60.97,1
k,2022-11-01 20:51:46.793005,0.23,0.44,-1.01,-6.10,-59.88,-57.43,-43.42,-87.40,-60.97,1
k,2022-11-01 20:51:46.811891,0.29,0.37,-0.88,-22.28,-73.67,-44.92,-43.42,-87.40,-60.97,1
k,2022-11-01 20:51:46.830793,0.18,0.24,-0.81,-22.89,-61.22,-25.02,-37.74,-86.57,-60.71,1
k,2022-11-01 20:51:46.848832,0.22,0.18,-0.88,-27.47,-34.42,31.80,-37.74,-86.57,-60.71,1
k,2022-11-01 20:51:46.866526,0.04,0.37,-1.32,0.06,5.62,-6.53,-37.74,-86.57,-60.71,1
k,2022-11-01 20:51:46.885759,0.06,0.37,-1.17,6.71,-45.72,2.14,-33.04,-84.05,-62.26,1
k,2022-11-01 20:51:46.903820,0.11,0.26,-1.03,-2.75,-83.80,39.73,-33.04,-84.05,-62.26,1
k,2022-11-01 20:51:46.921678,0.17,0.39,-0.90,-19.71,-97.35,58.65,-33.04,-84.05,-62.26,1
k,2022-11-01 20:51:46.940656,0.27,0.53,-0.77,22.83,-56.15,24.78,-23.56,-84.56,-68.30,1
k,2022-11-01 20:51:46.958685,0.20,0.71,-0.45,27.40,-31.43,8.61,-23.56,-84.56,-68.30,1
k,2022-11-01 20:51:46.977586,0.26,0.80,-0.43,34.36,1.10,-12.88,-18.70,-86.84,-72.05,1
k,2022-11-01 20:51:46.995677,0.08,0.75,-0.49,26.37,12.33,-22.46,-18.70,-86.84,-72.05,1
k,2022-11-01 20:51:47.013799,0.07,0.81,-0.52,27.83,46.69,-56.40,-18.70,-86.84,-72.05,1
k,2022-11-01 20:51:47.032678,0.10,0.66,-0.75,28.81,49.32,-62.32,-23.03,-87.45,-70.24,1
k,2022-11-01 20:51:47.050661,0.38,0.36,-0.83,31.31,53.47,-66.47,-23.03,-87.45,-70.24,1
k,2022-11-01 20:51:47.068878,0.48,0.24,-0.82,-5.19,42.24,-45.59,-23.03,-87.45,-70.24,1
k,2022-11-01 20:51:47.088746,0.47,0.20,-0.89,-41.08,26.55,-2.81,-29.82,-88.13,-66.58,1
k,2022-11-01 20:51:47.106889,0.34,0.23,-0.99,-43.03,15.99,17.88,-29.82,-88.13,-66.58,1
k,2022-11-01 20:51:47.126618,0.29,0.25,-0.94,-39.86,7.39,34.97,-32.18,-84.44,-62.11,1
k,2022-11-01 20:51:47.144842,-0.15,0.63,-1.30,-58.29,-52.55,-1.22,-32.18,-84.44,-62.11,1
k,2022-11-01 20:51:47.163487,0.19,0.54,-0.87,-16.91,-6.77,-25.39,-32.18,-84.44,-62.11,1
k,2022-11-01 20:51:47.181833,-0.19,0.21,-0.93,-49.01,-4.94,-0.92,-31.10,-81.14,-62.16,1
k,2022-11-01 20:51:47.199746,0.13,0.17,-0.94,-1.46,2.50,76.35,-31.10,-81.14,-62.16,1
k,2022-11-01 20:51:47.217881,-0.01,0.18,-0.91,-23.50,14.47,83.86,-31.10,-81.14,-62.16,1
k,2022-11-01 20:51:47.236444,0.17,0.34,-0.91,7.02,44.37,91.86,-30.53,-81.35,-64.65,1
k,2022-11-01 20:51:47.254481,0.18,0.47,-0.95,45.90,50.29,52.61,-30.53,-81.35,-64.65,1
k,2022-11-01 20:51:47.273432,0.22,0.55,-0.89,69.40,50.29,23.99,-30.90,-84.78,-67.63,1
k,2022-11-01 20:51:47.291738,0.17,0.61,-0.89,43.70,40.41,3.54,-30.90,-84.78,-67.63,1
k,2022-11-01 20:51:47.309588,0.15,0.64,-0.93,14.83,19.78,-10.13,-30.90,-84.78,-67.63,1
k,2022-11-01 20:51:47.328674,-0.11,0.70,-1.15,17.58,0.49,-51.45,-29.17,-87.38,-68.44,1
k,2022-11-01 20:51:47.346963,0.02,0.53,-1.23,59.33,-17.58,-104.98,-29.17,-87.38,-68.44,1
k,2022-11-01 20:51:47.365647,0.09,0.26,-1.14,90.15,-37.60,-122.68,-29.17,-87.38,-68.44,1
k,2022-11-01 20:51:47.384670,0.15,0.14,-0.81,67.69,-49.38,-62.56,-26.56,-92.54,-73.88,1
k,2022-11-01 20:51:47.402853,0.27,0.46,-0.80,42.42,-45.72,-21.97,-26.56,-92.54,-73.88,1
k,2022-11-01 20:51:47.422678,0.34,0.55,-0.76,44.68,-33.51,-6.77,-21.62,-95.89,-78.47,1
k,2022-11-01 20:51:47.440685,0.34,0.64,-0.66,41.75,-23.25,-4.94,-21.62,-95.89,-78.47,1
