k,2022-11-01 20:52:01.387160,-0.10,0.46,-1.23,-51.70,-20.63,-3.85,-9.58,-93.15,-74.24,1
k,2022-11-01 20:52:01.405230,-0.03,0.36,-1.15,-14.53,-15.56,-23.50,-9.58,-93.15,-74.24,1
k,2022-11-01 20:52:01.423075,0.02,0.29,-1.07,-6.53,-18.25,-24.48,-9.58,-93.15,-74.24,1
k,2022-11-01 20:52:01.442222,0.00,0.29,-1.05,-25.51,-25.57,-7.69,-9.75,-88.27,-75.93,1
k,2022-11-01 20:52:01.460229,-0.01,0.32,-1.07,-42.42,-34.55,5.07,-9.75,-88.27,-75.93,1
k,2022-11-01 20:52:01.477985,0.00,0.31,-1.02,-29.24,-29.72,-3.23,-9.75,-88.27,-75.93,1
k,2022-11-01 20:52:01.497112,0.04,0.24,-1.00,-14.40,-22.46,-8.91,-9.95,-83.03,-77.33,1
k,2022-11-01 20:52:01.515182,0.04,0.22,-1.00,-14.16,-22.46,-1.40,-9.95,-83.03,-77.33,1
k,2022-11-01 20:52:01.533905,0.03,0.22,-1.02,-26.49,-32.29,14.10,-9.52,-79.36,-79.50,1
k,2022-11-01 20:52:01.552087,0.01,0.14,-1.02,-20.51,-42.24,22.52,-9.52,-79.36,-79.50,1
k,2022-11-01 20:52:01.570178,-0.03,0.22,-0.90,-14.65,-47.91,23.32,-9.52,-79.36,-79.50,1
k,2022-11-01 20:52:01.588881,-0.10,0.52,-0.84,7.69,-27.59,8.85,-7.69,-77.53,-82.13,1
k,2022-11-01 20:52:01.606965,0.05,0.31,-0.68,4.27,-5.62,-2.69,-7.69,-77.53,-82.13,1
k,2022-11-01 20:52:01.625003,0.14,0.34,-0.82,-24.78,-19.65,3.66,-7.69,-77.53,-82.13,1
k,2022-11-01 20:52:01.643898,0.10,0.33,-0.87,-45.78,-27.22,6.10,-6.90,-76.29,-82.45,1
k,2022-11-01 20:52:01.662184,-0.28,0.23,-0.69,-34.97,-13.31,9.95,-6.90,-76.29,-82.45,1
k,2022-11-01 20:52:01.679732,0.09,0.29,-0.79,14.47,28.14,35.71,-6.90,-76.29,-82.45,1
k,2022-11-01 20:52:01.698889,0.03,0.28,-0.81,-28.38,39.00,40.28,-7.13,-78.05,-79.33,1
k,2022-11-01 20:52:01.716958,0.03,0.34,-0.96,-40.65,39.67,42.11,-7.13,-78.05,-79.33,1
k,2022-11-01 20:52:01.735889,0.06,0.51,-1.03,-21.79,58.47,43.88,-8.37,-80.81,-75.92,1
k,2022-11-01 20:52:01.753725,0.12,0.47,-0.99,7.45,76.48,37.41,-8.37,-80.81,-75.92,1
k,2022-11-01 20:52:01.771789,0.11,0.44,-1.11,0.49,64.39,22.52,-8.37,-80.81,-75.92,1
k,2022-11-01 20:52:01.790766,0.09,0.41,-1.21,4.88,61.34,11.84,-11.91,-83.67,-73.28,1
k,2022-11-01 20:52:01.808992,0.01,0.42,-1.19,-6.10,40.10,-1.22,-11.91,-83.67,-73.28,1
k,2022-11-01 20:52:01.827176,-0.14,0.42,-1.19,-0.24,17.40,-19.23,-11.91,-83.67,-73.28,1
k,2022-11-01 20:52:01.845837,0.05,0.42,-1.24,15.08,0.18,-37.17,-14.07,-84.30,-71.66,1
k,2022-11-01 20:52:01.863922,0.02,0.40,-1.04,16.91,-56.15,-58.41,-14.07,-84.30,-71.66,1
k,2022-11-01 20:52:01.883032,0.05,0.31,-0.91,9.34,-74.04,-43.09,-11.15,-83.59,-74.04,1
k,2022-11-01 20:52:01.901159,0.10,0.29,-0.79,-8.97,-50.90,-20.14,-11.15,-83.59,-74.04,1
k,2022-11-01 20:52:01.918992,0.19,0.20,-0.79,-20.57,-19.23,7.81,-11.15,-83.59,-74.04,1
k,2022-11-01 20:52:01.937898,0.18,0.06,-0.88,-39.86,-1.71,29.42,-8.47,-82.98,-76.90,1
k,2022-11-01 20:52:01.956182,-1.19,1.23,-0.90,-51.82,-3.05,37.90,-8.47,-82.98,-76.90,1
k,2022-11-01 20:52:01.974279,-0.34,-0.29,-1.36,35.28,41.56,-71.11,-8.47,-82.98,-76.90,1
k,2022-11-01 20:52:01.993072,0.02,0.17,-1.29,14.53,-55.30,48.40,-6.84,-82.79,-78.04,1
k,2022-11-01 20:52:02.010898,0.08,0.27,-1.05,32.96,-51.76,44.19,-6.84,-82.79,-78.04,1
k,2022-11-01 20:52:02.028969,0.08,0.41,-0.90,31.80,-44.68,31.49,-6.84,-82.79,-78.04,1
k,2022-11-01 20:52:02.047814,0.12,0.45,-0.78,51.76,-24.96,2.50,-3.39,-85.93,-80.96,1
k,2022-11-01 20:52:02.065990,0.06,0.54,-0.70,53.34,-19.10,-4.21,-3.39,-85.93,-80.96,1
k,2022-11-01 20:52:02.084996,-0.05,0.78,-0.58,45.90,-4.33,-9.70,-1.59,-86.80,-83.69,1
k,2022-11-01 20:52:02.102902,0.07,0.82,-0.52,30.88,28.87,-44.25,-1.59,-86.80,-83.69,1
k,2022-11-01 20:52:02.121032,0.17,0.65,-0.59,-3.78,36.99,-58.29,-1.59,-86.80,-83.69,1
k,2022-11-01 20:52:02.139909,0.23,0.47,-0.68,-45.29,33.02,-42.36,-6.20,-86.65,-81.27,1
k,2022-11-01 20:52:02.158103,0.21,0.31,-0.82,-65.37,32.84,-23.62,-6.20,-86.65,-81.27,1
k,2022-11-01 20:52:02.175999,0.21,0.16,-0.95,-58.96,31.74,-19.53,-6.20,-86.65,-81.27,1
k,2022-11-01 20:52:02.195172,0.21,0.01,-1.00,-47.36,26.31,-14.34,-9.16,-85.63,-78.09,1
k,2022-11-01 20:52:02.213092,0.22,-0.07,-0.99,-33.87,22.46,-1.46,-9.16,-85.63,-78.09,1
k,2022-11-01 20:52:02.231977,0.12,-0.13,-0.97,-27.95,20.51,20.81,-6.99,-83.70,-74.79,1
k,2022-11-01 20:52:02.251877,-1.05,1.34,-1.81,-72.14,-58.96,-37.05,-6.99,-83.70,-74.79,1
k,2022-11-01 20:52:02.269174,-0.28,0.57,-1.00,56.76,-1.89,-48.46,-6.99,-83.70,-74.79,1
k,2022-11-01 20:52:02.287846,0.02,0.16,-0.87,50.42,3.91,50.78,-5.99,-84.59,-73.30,1
k,2022-11-01 20:52:02.306001,-0.06,0.28,-0.99,-9.64,7.26,73.91,-5.99,-84.59,-73.30,1
k,2022-11-01 20:52:02.323865,-0.04,0.39,-1.03,21.24,31.43,77.09,-5.99,-84.59,-73.30,1
k,2022-11-01 20:52:02.342968,0.07,0.44,-0.96,29.66,37.72,51.88,-7.71,-90.49,-71.46,1
k,2022-11-01 20:52:02.360751,0.04,0.42,-0.97,24.48,38.88,27.95,-7.71,-90.49,-71.46,1
k,2022-11-01 20:52:02.378907,-0.05,0.46,-1.06,21.18,29.60,3.05,-7.71,-90.49,-71.46,1
k,2022-11-01 20:52:02.398026,-0.12,0.48,-1.15,23.62,10.19,-15.20,-10.67,-94.53,-70.78,1
k,2022-11-01 20:52:02.416112,-0.05,0.43,-1.16,41.26,-13.92,-43.03,-10.67,-94.53,-70.78,1
k,2022-11-01 20:52:02.434901,0.05,0.40,-1.13,48.52,-24.41,-49.19,-10.99,-96.40,-70.45,1
k,2022-11-01 20:52:02.452894,0.12,0.36,-1.06,49.07,-33.63,-42.66,-10.99,-96.40,-70.45,1
k,2022-11-01 20:52:02.471041,0.06,0.32,-1.01,39.79,-42.11,-26.43,-10.99,-96.40,-70.45,1
k,2022-11-01 20:52:02.489891,0.07,0.33,-0.99,19.84,-35.64,9.03,-8.86,-98.91,-74.30,1
k,2022-11-01 20:52:02.508000,0.14,0.40,-0.96,18.98,-28.20,13.12,-8.86,-98.91,-74.30,1
k,2022-11-01 20:52:02.525800,0.13,0.47,-0.91,19.59,-25.33,12.08,-8.86,-98.91,-74.30,1
