f,2022-10-31 11:43:07.838441,-0.08,-0.25,0.94,6.90,4.88,-18.13,-42.92,-5.22,-51.77,1
f,2022-10-31 11:43:07.857636,-0.06,-0.29,0.95,3.91,8.73,-11.17,-41.30,-7.07,-52.08,1
f,2022-10-31 11:43:07.875507,-0.06,-0.29,0.94,-0.85,7.32,-10.38,-41.30,-7.07,-52.08,1
f,2022-10-31 11:43:07.894560,-0.07,-0.28,0.93,-2.32,6.23,-7.81,-41.03,-8.06,-51.44,1
f,2022-10-31 11:43:07.912573,-0.04,-0.28,0.93,-3.85,6.53,-6.47,-41.03,-8.06,-51.44,1
f,2022-10-31 11:43:07.930529,-0.03,-0.26,0.93,-4.76,5.98,-5.74,-41.03,-8.06,-51.44,1
f,2022-10-31 11:43:07.949831,-0.05,-0.25,0.94,-2.01,4.94,-2.01,-39.67,-8.92,-51.86,1
f,2022-10-31 11:43:07.967435,-0.06,-0.28,0.97,1.71,4.52,1.89,-39.67,-8.92,-51.86,1
f,2022-10-31 11:43:07.985324,-0.04,-0.30,0.97,0.43,5.37,4.21,-39.67,-8.92,-51.86,1
f,2022-10-31 11:43:08.004542,-0.01,-0.29,0.98,-2.93,8.91,5.62,-39.72,-9.22,-52.69,1
f,2022-10-31 11:43:08.022397,0.03,-0.29,0.95,-4.33,14.71,4.39,-39.72,-9.22,-52.69,1
f,2022-10-31 11:43:08.040575,0.02,-0.26,0.95,-9.52,19.10,2.01,-39.72,-9.22,-52.69,1
f,2022-10-31 11:43:08.059394,0.06,-0.24,0.94,-9.95,17.82,2.62,-39.03,-9.85,-51.84,1
f,2022-10-31 11:43:08.077437,-0.04,-0.24,0.99,-11.41,15.01,4.03,-39.03,-9.85,-51.84,1
f,2022-10-31 11:43:08.096499,-0.11,-0.25,0.96,-11.17,14.04,9.40,-39.53,-10.49,-52.09,1
f,2022-10-31 11:43:08.114760,-0.04,-0.26,1.00,-10.74,20.57,14.59,-39.53,-10.49,-52.09,1
f,2022-10-31 11:43:08.132439,-0.07,-0.26,0.99,-16.11,22.40,18.43,-39.53,-10.49,-52.09,1
f,2022-10-31 11:43:08.151602,0.00,-0.09,0.93,-6.16,19.78,10.93,-39.12,-10.79,-53.59,1
f,2022-10-31 11:43:08.169387,-0.01,-0.25,0.92,0.00,29.66,28.69,-39.12,-10.79,-53.59,1
f,2022-10-31 11:43:08.187296,0.00,-0.31,0.90,3.66,20.45,23.13,-39.12,-10.79,-53.59,1
f,2022-10-31 11:43:08.206599,-0.04,-0.18,0.81,-6.29,14.04,22.40,-39.44,-9.45,-53.93,1
f,2022-10-31 11:43:08.224553,-0.02,-0.17,0.79,-19.96,5.49,44.86,-39.44,-9.45,-53.93,1
f,2022-10-31 11:43:08.242391,0.00,-0.26,0.86,-31.31,-7.02,39.25,-39.44,-9.45,-53.93,1
f,2022-10-31 11:43:08.261408,-0.02,-0.10,0.81,-44.43,-23.68,25.33,-41.48,-9.09,-52.60,1
f,2022-10-31 11:43:08.279352,-0.03,0.00,0.81,-42.85,-38.64,21.61,-41.48,-9.09,-52.60,1
f,2022-10-31 11:43:08.298522,-0.01,0.02,0.88,-27.47,-55.79,18.92,-44.53,-8.79,-48.79,1
f,2022-10-31 11:43:08.316560,0.00,-0.03,0.93,11.72,-81.24,0.98,-44.53,-8.79,-48.79,1
f,2022-10-31 11:43:08.334551,-0.02,-0.11,0.99,24.90,-90.09,-16.85,-44.53,-8.79,-48.79,1
f,2022-10-31 11:43:08.353790,-0.04,-0.13,1.11,32.59,-90.52,-34.48,-45.95,-9.57,-44.73,1
f,2022-10-31 11:43:08.371461,-0.09,-0.08,1.13,24.17,-84.96,-40.59,-45.95,-9.57,-44.73,1
f,2022-10-31 11:43:08.389549,-0.17,-0.01,1.15,8.91,-65.80,-29.11,-45.95,-9.57,-44.73,1
f,2022-10-31 11:43:08.408695,-0.21,-0.02,1.19,1.59,-43.58,-5.49,-46.36,-10.97,-40.61,1
f,2022-10-31 11:43:08.426377,-0.40,-0.15,1.13,8.73,-14.34,16.72,-46.36,-10.97,-40.61,1
f,2022-10-31 11:43:08.444492,-0.23,-0.19,1.11,22.89,15.14,22.64,-46.36,-10.97,-40.61,1
f,2022-10-31 11:43:08.463370,-0.11,-0.26,0.99,15.50,41.32,21.97,-47.33,-9.72,-40.67,1
f,2022-10-31 11:43:08.481565,-0.10,-0.21,0.93,-1.04,64.82,25.63,-47.33,-9.72,-40.67,1
f,2022-10-31 11:43:08.500469,-0.05,-0.18,0.93,-9.03,79.41,37.23,-46.48,-7.74,-44.37,1
f,2022-10-31 11:43:08.518361,0.03,-0.31,0.95,-8.67,72.39,42.30,-46.48,-7.74,-44.37,1
f,2022-10-31 11:43:08.536260,0.03,-0.23,0.96,-19.53,54.20,39.18,-46.48,-7.74,-44.37,1
f,2022-10-31 11:43:08.555350,0.06,-0.16,0.85,-23.74,36.38,38.09,-46.17,-6.38,-47.68,1
f,2022-10-31 11:43:08.573491,0.07,-0.16,0.88,-25.70,27.83,34.18,-46.17,-6.38,-47.68,1
f,2022-10-31 11:43:08.591481,0.03,-0.12,0.89,-35.03,16.72,25.21,-46.17,-6.38,-47.68,1
f,2022-10-31 11:43:08.610334,-0.01,0.00,0.90,-31.43,1.28,11.96,-46.89,-6.20,-47.68,1
f,2022-10-31 11:43:08.628541,-0.02,0.22,1.05,22.58,2.56,-10.99,-46.89,-6.20,-47.68,1
f,2022-10-31 11:43:08.646341,-0.04,0.25,0.85,26.31,2.14,12.94,-46.89,-6.20,-47.68,1
f,2022-10-31 11:43:08.665451,-0.04,-0.29,0.97,74.77,9.52,21.24,-47.05,-6.05,-48.27,1
f,2022-10-31 11:43:08.683438,-0.01,-0.34,1.06,43.27,9.34,-34.00,-47.05,-6.05,-48.27,1
f,2022-10-31 11:43:08.702235,0.01,0.03,0.98,18.01,7.39,-87.83,-44.74,-7.70,-49.56,1
f,2022-10-31 11:43:08.720634,-0.01,-0.06,0.98,31.74,13.37,-80.75,-44.74,-7.70,-49.56,1
f,2022-10-31 11:43:08.738462,-0.03,-0.12,1.03,31.25,11.72,-68.66,-44.74,-7.70,-49.56,1
f,2022-10-31 11:43:08.757340,-0.06,-0.18,1.01,24.60,2.01,-45.72,-41.86,-10.45,-49.26,1
f,2022-10-31 11:43:08.775410,-0.07,-0.31,0.99,21.79,-5.55,-24.84,-41.86,-10.45,-49.26,1
f,2022-10-31 11:43:08.793489,-0.07,-0.39,0.92,-8.97,-9.28,-6.71,-41.86,-10.45,-49.26,1
f,2022-10-31 11:43:08.812713,-0.21,-0.30,0.96,-17.58,-5.80,-1.59,-41.60,-10.42,-49.66,1
f,2022-10-31 11:43:08.830322,-0.23,-0.15,1.05,-11.60,2.32,6.59,-41.60,-10.42,-49.66,1
f,2022-10-31 11:43:08.848499,-0.10,-0.19,1.02,7.02,2.56,17.76,-41.60,-10.42,-49.66,1
f,2022-10-31 11:43:08.867328,-0.06,-0.19,0.99,8.85,1.89,21.06,-40.88,-9.99,-49.93,1
f,2022-10-31 11:43:08.885423,-0.02,-0.17,0.97,12.76,4.46,15.81,-40.88,-9.99,-49.93,1
f,2022-10-31 11:43:08.904228,0.02,-0.17,0.92,11.96,5.43,9.16,-39.84,-8.03,-50.39,1
