y,2022-10-21 12:00:31.726980,0.12,-0.72,0.76,-7.08,19.65,-9.22,-16.33,26.55,-48.08,1
y,2022-10-21 12:00:31.745062,0.12,-0.69,0.79,-2.08,18.86,-1.16,-16.33,26.55,-48.08,1
y,2022-10-21 12:00:31.762893,0.13,-0.69,0.76,2.69,20.51,3.11,-16.33,26.55,-48.08,1
y,2022-10-21 12:00:31.782011,0.15,-0.74,0.72,-3.05,23.50,3.23,-17.10,27.40,-46.79,1
y,2022-10-21 12:00:31.800170,0.17,-0.70,0.74,-18.49,27.10,0.12,-17.10,27.40,-46.79,1
y,2022-10-21 12:00:31.819091,0.16,-0.66,0.78,-22.34,24.54,-0.37,-17.68,29.27,-46.57,1
y,2022-10-21 12:00:31.837206,0.17,-0.62,0.73,-12.45,19.84,3.11,-17.68,29.27,-46.57,1
y,2022-10-21 12:00:31.855067,0.18,-0.59,0.71,-3.78,16.42,5.80,-17.68,29.27,-46.57,1
y,2022-10-21 12:00:31.874209,0.19,-0.64,0.67,-1.46,13.67,3.17,-18.86,29.16,-46.63,1
y,2022-10-21 12:00:31.892265,0.19,-0.64,0.66,-13.18,9.52,-1.95,-18.86,29.16,-46.63,1
y,2022-10-21 12:00:31.910233,0.18,-0.58,0.69,-29.72,10.13,-2.99,-18.86,29.16,-46.63,1
y,2022-10-21 12:00:31.929100,0.21,-0.48,0.66,-28.14,2.14,-4.58,-19.42,29.66,-44.43,1
y,2022-10-21 12:00:31.947402,0.20,-0.45,0.63,-26.00,-5.07,-6.16,-19.42,29.66,-44.43,1
y,2022-10-21 12:00:31.967148,0.19,-0.43,0.60,-26.98,-11.05,-10.93,-18.29,29.27,-44.46,1
y,2022-10-21 12:00:31.985402,0.12,-0.43,0.64,-36.32,-22.16,-22.52,-18.29,29.27,-44.46,1
y,2022-10-21 12:00:32.004266,-0.19,-0.44,1.05,-22.03,-26.86,-9.89,-18.29,29.27,-44.46,1
y,2022-10-21 12:00:32.022947,0.05,-0.51,0.87,56.03,-12.88,18.07,-15.28,26.76,-44.19,1
y,2022-10-21 12:00:32.041252,0.07,-0.46,0.72,47.30,-25.63,-0.92,-15.28,26.76,-44.19,1
y,2022-10-21 12:00:32.059602,0.10,-0.54,0.73,22.46,-53.53,-27.65,-15.28,26.76,-44.19,1
y,2022-10-21 12:00:32.078170,-0.00,-0.49,0.91,13.79,-65.06,-42.24,-12.76,26.48,-43.95,1
y,2022-10-21 12:00:32.096074,-0.03,-0.47,1.01,7.81,-55.42,-44.68,-12.76,26.48,-43.95,1
y,2022-10-21 12:00:32.115000,-0.01,-0.50,1.00,10.99,-23.74,-33.87,-11.41,28.89,-44.57,1
y,2022-10-21 12:00:32.133167,0.00,-0.54,1.04,22.40,6.41,-24.17,-11.41,28.89,-44.57,1
y,2022-10-21 12:00:32.151175,0.04,-0.74,0.99,22.22,21.12,-21.24,-11.41,28.89,-44.57,1
y,2022-10-21 12:00:32.169986,0.09,-0.79,0.98,5.68,33.63,-22.64,-13.51,32.10,-41.06,1
y,2022-10-21 12:00:32.188104,0.10,-0.79,0.93,-4.09,41.99,-19.53,-13.51,32.10,-41.06,1
y,2022-10-21 12:00:32.206087,0.13,-0.80,0.85,-8.91,46.20,-14.83,-13.51,32.10,-41.06,1
y,2022-10-21 12:00:32.225094,0.16,-0.81,0.69,-12.63,42.66,-4.21,-17.55,34.67,-41.15,1
y,2022-10-21 12:00:32.243178,0.14,-0.76,0.67,-15.81,39.86,3.30,-17.55,34.67,-41.15,1
y,2022-10-21 12:00:32.261173,0.14,-0.65,0.62,-18.74,31.80,10.62,-17.55,34.67,-41.15,1
y,2022-10-21 12:00:32.280012,0.12,-0.61,0.61,-11.17,11.66,9.22,-20.10,36.79,-40.67,1
y,2022-10-21 12:00:32.298258,0.08,-0.56,0.63,-9.40,-1.83,4.58,-20.10,36.79,-40.67,1
y,2022-10-21 12:00:32.317074,0.05,-0.48,0.64,-6.53,-5.00,0.18,-21.36,36.69,-41.69,1
y,2022-10-21 12:00:32.335187,0.04,-0.47,0.65,-6.41,-6.04,-5.37,-21.36,36.69,-41.69,1
y,2022-10-21 12:00:32.353052,0.07,-0.50,0.69,-13.79,2.56,-5.00,-21.36,36.69,-41.69,1
y,2022-10-21 12:00:32.371917,0.07,-0.35,0.34,-21.30,12.27,2.20,-20.78,36.88,-41.81,1
y,2022-10-21 12:00:32.390172,0.08,-0.48,0.49,0.92,-32.35,-7.32,-20.78,36.88,-41.81,1
y,2022-10-21 12:00:32.408095,0.06,-0.50,0.50,4.88,-53.71,-19.35,-20.78,36.88,-41.81,1
y,2022-10-21 12:00:32.426991,0.06,-0.53,0.54,12.82,-75.20,-28.75,-18.03,35.28,-40.28,1
y,2022-10-21 12:00:32.445225,0.06,-0.51,0.64,15.08,-88.62,-27.28,-18.03,35.28,-40.28,1
y,2022-10-21 12:00:32.463962,0.02,-0.50,0.87,39.98,-82.95,-3.78,-12.79,32.68,-41.58,1
y,2022-10-21 12:00:32.482000,-0.07,-0.63,0.91,52.80,-73.61,3.60,-12.79,32.68,-41.58,1
y,2022-10-21 12:00:32.500043,-0.10,-0.71,1.02,38.02,-56.82,0.06,-12.79,32.68,-41.58,1
y,2022-10-21 12:00:32.518999,-0.15,-0.72,1.11,9.46,-33.02,-3.42,-7.17,29.92,-45.95,1
y,2022-10-21 12:00:32.536982,-0.14,-0.73,1.17,-20.81,2.81,-1.89,-7.17,29.92,-45.95,1
y,2022-10-21 12:00:32.554998,-0.10,-0.63,1.03,-26.73,15.56,3.36,-7.17,29.92,-45.95,1
y,2022-10-21 12:00:32.574031,-0.22,-0.63,1.13,-16.78,17.21,1.77,-6.73,29.48,-44.65,1
y,2022-10-21 12:00:32.591923,-0.14,-0.62,1.02,16.48,22.95,11.05,-6.73,29.48,-44.65,1
y,2022-10-21 12:00:32.609955,-0.11,-0.70,0.95,25.70,25.76,11.96,-6.73,29.48,-44.65,1
y,2022-10-21 12:00:32.628800,-0.07,-0.60,0.95,18.01,28.81,12.15,-9.51,30.77,-42.68,1
y,2022-10-21 12:00:32.647054,-0.03,-0.56,0.91,25.02,35.16,18.86,-9.51,30.77,-42.68,1
y,2022-10-21 12:00:32.665814,0.03,-0.51,0.83,31.74,40.83,22.58,-14.86,32.75,-42.72,1
y,2022-10-21 12:00:32.683983,0.09,-0.47,0.77,37.29,43.27,23.13,-14.86,32.75,-42.72,1
y,2022-10-21 12:00:32.701958,0.11,-0.52,0.61,23.38,44.98,7.57,-14.86,32.75,-42.72,1
y,2022-10-21 12:00:32.720982,0.11,-0.60,0.62,-1.53,43.58,-5.68,-20.72,34.55,-41.85,1
y,2022-10-21 12:00:32.739237,0.11,-0.60,0.65,-8.12,38.02,-7.75,-20.72,34.55,-41.85,1
