T,2022-10-27 15:28:35.446221,0.39,1.04,0.37,-25.76,29.11,22.52,-6.38,-29.97,-42.30,1
T,2022-10-27 15:28:35.466301,0.41,1.03,0.33,-40.59,23.99,10.56,-6.38,-29.97,-42.30,1
T,2022-10-27 15:28:35.488745,0.37,1.09,0.35,-52.92,10.56,-6.23,-6.91,-33.47,-42.90,1
T,2022-10-27 15:28:35.508726,0.30,1.09,0.37,-35.64,4.58,-4.52,-6.91,-33.47,-42.90,1
T,2022-10-27 15:28:35.528655,0.22,1.10,0.46,12.15,9.16,21.00,-6.91,-33.47,-42.90,1
T,2022-10-27 15:28:35.545963,0.24,0.81,0.47,27.34,17.46,32.90,-7.17,-35.29,-42.85,1
T,2022-10-27 15:28:35.576921,0.21,0.75,0.48,12.33,20.94,29.48,-7.17,-35.29,-42.85,1
T,2022-10-27 15:28:35.596925,0.18,0.86,0.49,-3.66,16.54,19.23,-7.92,-34.99,-44.03,1
T,2022-10-27 15:28:35.617218,0.25,0.87,0.44,0.06,14.22,13.00,-7.92,-34.99,-44.03,1
T,2022-10-27 15:28:35.637261,0.34,0.86,0.39,1.10,12.15,0.00,-7.35,-35.29,-43.80,1
T,2022-10-27 15:28:35.657867,0.38,0.79,0.36,6.10,11.29,3.42,-7.35,-35.29,-43.80,1
T,2022-10-27 15:28:35.673998,0.41,0.70,0.37,-14.10,3.66,7.45,-7.35,-35.29,-43.80,1
T,2022-10-27 15:28:35.694414,0.33,0.79,0.39,-28.87,-5.43,10.62,-8.07,-35.99,-44.03,1
T,2022-10-27 15:28:35.714405,0.28,0.78,0.37,-36.38,-9.03,14.34,-8.07,-35.99,-44.03,1
T,2022-10-27 15:28:35.734694,0.22,0.87,0.32,-43.33,-14.16,7.81,-8.86,-38.21,-42.69,1
T,2022-10-27 15:28:35.754687,0.17,1.23,0.56,6.84,14.59,-8.73,-8.86,-38.21,-42.69,1
T,2022-10-27 15:28:35.774602,0.00,0.79,0.59,24.84,25.33,13.98,-8.86,-38.21,-42.69,1
T,2022-10-27 15:28:35.794694,0.37,1.29,0.31,59.69,-50.23,-25.57,-8.28,-37.90,-43.86,1
T,2022-10-27 15:28:35.814688,0.32,1.07,0.29,86.12,-93.44,-37.72,-8.28,-37.90,-43.86,1
T,2022-10-27 15:28:35.844569,0.27,0.90,0.46,98.69,-89.23,-28.14,-9.99,-34.38,-44.98,1
T,2022-10-27 15:28:35.862337,0.27,0.65,0.62,103.27,-55.66,-11.23,-9.99,-34.38,-44.98,1
T,2022-10-27 15:28:35.882417,0.28,0.44,0.77,108.15,-25.33,10.50,-9.99,-34.38,-44.98,1
T,2022-10-27 15:28:35.902409,0.29,0.18,0.96,47.85,5.00,26.06,-11.41,-28.93,-49.11,1
T,2022-10-27 15:28:35.922403,0.26,0.23,0.95,-43.58,0.18,10.56,-11.41,-28.93,-49.11,1
T,2022-10-27 15:28:35.952396,0.06,0.65,0.71,-91.25,-10.80,-4.64,-11.82,-30.08,-47.60,1
T,2022-10-27 15:28:35.972388,0.01,0.87,0.68,-39.79,74.10,-19.29,-11.82,-30.08,-47.60,1
T,2022-10-27 15:28:35.992819,0.31,0.59,0.63,11.35,87.83,-13.92,-8.76,-31.80,-45.12,1
T,2022-10-27 15:28:36.007430,0.50,0.55,0.62,6.23,59.57,3.05,-8.76,-31.80,-45.12,1
T,2022-10-27 15:28:36.032397,0.54,0.64,0.51,-10.93,26.92,13.00,-8.76,-31.80,-45.12,1
T,2022-10-27 15:28:36.052393,0.50,0.70,0.44,-22.22,6.04,22.83,-6.52,-31.36,-46.33,1
T,2022-10-27 15:28:36.072384,0.44,0.73,0.38,-30.70,-8.06,25.09,-6.52,-31.36,-46.33,1
T,2022-10-27 15:28:36.089359,0.39,0.74,0.34,-42.79,-20.63,13.67,-8.30,-33.52,-44.86,1
T,2022-10-27 15:28:36.113716,0.27,0.83,0.35,-56.52,-23.07,3.17,-8.30,-33.52,-44.86,1
T,2022-10-27 15:28:36.128188,0.27,0.81,0.34,-47.91,-24.72,-0.79,-8.30,-33.52,-44.86,1
T,2022-10-27 15:28:36.148707,0.24,0.77,0.38,-24.35,-43.58,8.85,-9.24,-36.01,-43.30,1
T,2022-10-27 15:28:36.178594,0.19,0.89,0.71,55.30,10.50,-22.09,-9.24,-36.01,-43.30,1
T,2022-10-27 15:28:36.198586,0.04,0.69,0.66,71.72,-5.80,16.30,-9.91,-36.08,-45.46,1
T,2022-10-27 15:28:36.218582,0.23,0.56,0.50,72.94,-28.81,35.22,-9.91,-36.08,-45.46,1
T,2022-10-27 15:28:36.239194,0.16,0.84,0.57,52.06,-37.05,30.52,-9.91,-36.08,-45.46,1
T,2022-10-27 15:28:36.259534,0.09,0.74,0.59,71.53,-37.60,27.77,-14.59,-32.21,-47.06,1
T,2022-10-27 15:28:36.279529,0.28,0.78,0.57,47.85,-24.78,18.86,-14.59,-32.21,-47.06,1
T,2022-10-27 15:28:36.299526,0.33,0.75,0.58,34.42,-7.26,3.30,-16.58,-29.48,-47.56,1
T,2022-10-27 15:28:36.322350,0.31,0.86,0.69,7.08,8.24,5.07,-16.58,-29.48,-47.56,1
T,2022-10-27 15:28:36.345471,0.23,0.88,0.80,1.59,5.74,13.06,-17.47,-29.32,-48.29,1
T,2022-10-27 15:28:36.365932,0.18,0.85,0.83,-0.73,-2.44,21.42,-17.47,-29.32,-48.29,1
T,2022-10-27 15:28:36.385965,0.19,0.80,0.75,12.39,-22.16,35.16,-17.47,-29.32,-48.29,1
T,2022-10-27 15:28:36.405985,0.15,0.72,0.68,5.55,-29.11,38.39,-18.44,-27.91,-47.83,1
T,2022-10-27 15:28:36.426082,0.13,0.72,0.57,-6.10,-30.76,36.19,-18.44,-27.91,-47.83,1
T,2022-10-27 15:28:36.446020,-0.10,0.72,0.53,-19.41,-17.52,22.83,-20.50,-27.06,-45.58,1
T,2022-10-27 15:28:36.466082,-0.17,1.19,0.53,14.34,62.56,-52.98,-20.50,-27.06,-45.58,1
T,2022-10-27 15:28:36.486067,0.20,0.92,0.48,83.74,80.69,-65.06,-20.50,-27.06,-45.58,1
T,2022-10-27 15:28:36.515328,0.32,0.78,0.52,73.12,59.94,-81.79,-14.82,-26.29,-48.69,1
T,2022-10-27 15:28:36.535322,0.44,0.58,0.59,56.70,39.92,-73.24,-14.82,-26.29,-48.69,1
T,2022-10-27 15:28:36.556445,0.54,0.41,0.60,6.04,10.86,-56.82,-8.81,-24.91,-49.74,1
