E,2022-10-19 18:15:38.218970,0.35,0.72,0.48,-3.17,-4.64,0.06,0.52,0.27,-31.85,1
E,2022-10-19 18:15:38.238530,0.35,0.76,0.44,-9.64,-6.77,-0.31,0.61,0.43,-31.95,1
E,2022-10-19 18:15:38.256346,0.39,0.78,0.36,-10.19,-4.70,-2.38,0.61,0.43,-31.95,1
E,2022-10-19 18:15:38.274022,0.43,0.78,0.41,-11.35,-1.53,-0.67,0.61,0.43,-31.95,1
E,2022-10-19 18:15:38.293127,0.44,0.81,0.37,-15.99,-6.90,3.60,0.55,-0.21,-31.52,1
E,2022-10-19 18:15:38.311083,0.40,0.86,0.32,-13.79,-10.99,9.77,0.55,-0.21,-31.52,1
E,2022-10-19 18:15:38.329681,0.40,0.69,0.63,29.05,11.29,17.64,0.84,0.83,-30.40,1
E,2022-10-19 18:15:38.348057,0.39,0.65,0.50,-1.34,-7.81,13.37,0.84,0.83,-30.40,1
E,2022-10-19 18:15:38.366106,0.38,0.74,0.30,-30.64,-17.64,4.88,0.84,0.83,-30.40,1
E,2022-10-19 18:15:38.385288,0.53,0.70,-0.00,-34.36,-14.28,-2.08,0.23,0.11,-30.18,1
E,2022-10-19 18:15:38.403161,0.37,0.87,0.26,-26.79,-3.78,-4.82,0.23,0.11,-30.18,1
E,2022-10-19 18:15:38.421029,0.37,0.85,0.24,-4.64,4.21,-2.20,0.23,0.11,-30.18,1
E,2022-10-19 18:15:38.439982,0.36,0.82,0.36,2.50,20.14,-0.31,0.12,0.05,-29.69,1
E,2022-10-19 18:15:38.457879,0.34,0.86,0.42,-0.67,33.39,10.44,0.12,0.05,-29.69,1
E,2022-10-19 18:15:38.475955,0.37,0.76,0.47,6.65,44.62,25.02,0.12,0.05,-29.69,1
E,2022-10-19 18:15:38.494862,0.37,0.74,0.43,3.11,47.61,30.46,0.31,-0.17,-29.38,1
E,2022-10-19 18:15:38.513230,0.36,0.66,0.40,-6.16,44.49,32.35,0.31,-0.17,-29.38,1
E,2022-10-19 18:15:38.532029,0.36,0.76,0.24,-23.50,27.10,20.75,1.00,-0.57,-30.16,1
E,2022-10-19 18:15:38.550501,0.35,0.84,0.23,-25.76,18.19,11.60,1.00,-0.57,-30.16,1
E,2022-10-19 18:15:38.568500,0.33,1.00,-0.10,-33.08,1.16,-0.06,1.00,-0.57,-30.16,1
E,2022-10-19 18:15:38.587270,0.40,0.89,-0.00,-26.73,-14.34,-10.19,0.76,-1.48,-29.75,1
E,2022-10-19 18:15:38.605417,0.34,1.08,-0.07,-5.00,1.40,-9.34,0.76,-1.48,-29.75,1
E,2022-10-19 18:15:38.622843,0.36,0.94,0.13,30.64,19.90,1.77,0.76,-1.48,-29.75,1
E,2022-10-19 18:15:38.642018,0.37,0.79,0.36,38.70,22.95,5.62,1.07,-1.57,-30.92,1
E,2022-10-19 18:15:38.660144,0.43,0.95,0.54,9.77,5.19,15.08,1.07,-1.57,-30.92,1
E,2022-10-19 18:15:38.678195,0.26,0.67,0.37,8.36,-12.57,22.34,1.07,-1.57,-30.92,1
E,2022-10-19 18:15:38.697207,0.28,0.71,0.17,-19.90,-17.09,16.66,0.70,-1.07,-30.05,1
E,2022-10-19 18:15:38.715156,0.27,0.79,0.13,-8.73,-12.76,16.91,0.70,-1.07,-30.05,1
E,2022-10-19 18:15:38.734116,0.31,0.78,0.13,-1.46,-8.12,18.49,-1.40,-1.33,-31.38,1
E,2022-10-19 18:15:38.752241,0.29,0.85,0.19,1.04,-4.03,16.54,-1.40,-1.33,-31.38,1
E,2022-10-19 18:15:38.770082,0.32,0.90,0.29,5.80,-1.46,18.62,-1.40,-1.33,-31.38,1
E,2022-10-19 18:15:38.789198,0.37,0.87,0.28,4.46,-4.64,20.94,-2.26,-2.00,-31.24,1
E,2022-10-19 18:15:38.807477,0.40,0.89,0.24,0.98,-3.30,15.87,-2.26,-2.00,-31.24,1
E,2022-10-19 18:15:38.825417,0.38,0.95,0.25,-0.24,-0.98,11.54,-2.26,-2.00,-31.24,1
E,2022-10-19 18:15:38.844029,0.37,0.96,0.22,1.65,0.67,10.56,-4.14,-2.91,-32.26,1
E,2022-10-19 18:15:38.862259,0.38,0.95,0.24,3.85,3.17,7.20,-4.14,-2.91,-32.26,1
E,2022-10-19 18:15:38.880252,0.35,0.99,0.25,1.40,3.72,4.58,-4.14,-2.91,-32.26,1
E,2022-10-19 18:15:38.898946,0.35,0.97,0.21,1.04,5.62,4.52,-4.48,-3.32,-32.29,1
E,2022-10-19 18:15:38.916901,0.34,0.98,0.17,4.58,9.16,5.68,-4.48,-3.32,-32.29,1
E,2022-10-19 18:15:38.936413,0.32,0.96,0.22,11.41,13.24,8.30,-4.35,-3.22,-33.23,1
E,2022-10-19 18:15:38.954179,0.27,0.94,0.27,16.36,12.94,12.45,-4.35,-3.22,-33.23,1
E,2022-10-19 18:15:38.972037,0.30,0.89,0.22,15.56,-7.63,12.51,-4.35,-3.22,-33.23,1
E,2022-10-19 18:15:38.991642,0.31,0.88,0.00,6.96,-26.92,-4.03,-4.26,-2.10,-33.47,1
E,2022-10-19 18:15:39.009436,0.29,0.95,0.05,8.06,-30.88,-15.63,-4.26,-2.10,-33.47,1
E,2022-10-19 18:15:39.027372,0.27,0.99,0.08,17.21,-35.89,-18.98,-4.26,-2.10,-33.47,1
E,2022-10-19 18:15:39.046264,0.26,0.98,0.15,29.17,-35.83,-15.32,-4.75,-2.73,-34.72,1
E,2022-10-19 18:15:39.064389,0.27,0.93,0.29,45.10,-28.99,-4.70,-4.75,-2.73,-34.72,1
E,2022-10-19 18:15:39.082016,0.32,0.82,0.56,40.22,-20.57,2.69,-4.75,-2.73,-34.72,1
E,2022-10-19 18:15:39.101178,0.33,0.75,0.64,21.00,-18.19,9.22,-4.61,-1.73,-34.35,1
E,2022-10-19 18:15:39.119224,0.32,0.73,0.64,2.26,-13.79,11.90,-4.61,-1.73,-34.35,1
E,2022-10-19 18:15:39.138106,0.28,0.75,0.59,-12.33,-4.15,15.75,-5.43,-1.42,-32.96,1
E,2022-10-19 18:15:39.156440,0.22,0.70,0.09,10.99,17.52,-6.29,-5.43,-1.42,-32.96,1
E,2022-10-19 18:15:39.174309,0.36,0.78,0.64,44.07,54.57,-17.82,-5.43,-1.42,-32.96,1
E,2022-10-19 18:15:39.193070,0.43,0.76,0.57,31.25,50.05,-21.36,-4.03,-1.49,-35.46,1
E,2022-10-19 18:15:39.211179,0.42,0.81,0.48,3.78,43.82,-24.29,-4.03,-1.49,-35.46,1
E,2022-10-19 18:15:39.229384,0.40,0.93,0.37,-14.77,38.39,-24.11,-4.03,-1.49,-35.46,1
E,2022-10-19 18:15:39.248102,0.42,0.91,0.32,-16.24,33.20,-6.77,-2.03,-0.44,-34.05,1
E,2022-10-19 18:15:39.266219,0.37,0.86,0.27,-13.06,28.14,-2.08,-2.03,-0.44,-34.05,1
E,2022-10-19 18:15:39.284211,0.40,0.82,0.24,-14.47,23.68,-1.89,-2.03,-0.44,-34.05,1
E,2022-10-19 18:15:39.303239,0.42,0.79,0.24,-22.22,16.72,2.87,-1.75,-0.52,-34.41,1
E,2022-10-19 18:15:39.321109,0.43,0.79,0.19,-29.17,7.14,11.17,-1.75,-0.52,-34.41,1
E,2022-10-19 18:15:39.340168,0.44,0.77,0.15,-26.18,-0.37,28.26,-1.75,-0.90,-32.60,1
E,2022-10-19 18:15:39.358327,0.33,0.74,0.10,-26.31,-4.09,34.42,-1.75,-0.90,-32.60,1
E,2022-10-19 18:15:39.376433,0.28,0.76,0.09,-22.22,-5.31,30.64,-1.75,-0.90,-32.60,1
E,2022-10-19 18:15:39.395138,0.20,1.15,-0.35,47.97,3.85,-13.06,-1.04,-0.95,-31.43,1
E,2022-10-19 18:15:39.413068,0.34,0.93,0.59,31.31,31.13,-14.04,-1.04,-0.95,-31.43,1
E,2022-10-19 18:15:39.431391,0.35,1.00,0.13,9.95,19.23,-5.31,-1.04,-0.95,-31.43,1
E,2022-10-19 18:15:39.449911,0.18,1.05,0.29,11.41,4.76,4.03,0.15,-0.66,-33.04,1
E,2022-10-19 18:15:39.468277,0.38,1.04,-0.30,-6.23,-61.16,-12.39,0.15,-0.66,-33.04,1
E,2022-10-19 18:15:39.486220,0.33,1.03,-0.12,0.37,-44.56,-18.37,0.15,-0.66,-33.04,1
E,2022-10-19 18:15:39.505205,0.34,0.97,0.09,24.60,-41.14,-19.53,-1.23,-1.17,-32.69,1
E,2022-10-19 18:15:39.523187,0.34,0.90,0.23,37.96,-33.02,-9.83,-1.23,-1.17,-32.69,1
E,2022-10-19 18:15:39.542402,0.36,0.76,0.59,44.92,-2.32,2.14,-0.50,-0.76,-33.63,1
E,2022-10-19 18:15:39.559926,0.38,0.61,0.79,15.44,4.39,13.37,-0.50,-0.76,-33.63,1
E,2022-10-19 18:15:39.578432,0.38,0.61,0.67,-19.04,4.09,15.63,-0.50,-0.76,-33.63,1
E,2022-10-19 18:15:39.597059,0.33,0.74,0.42,-42.30,3.42,9.28,-0.04,-1.26,-33.39,1
E,2022-10-19 18:15:39.615327,0.19,0.97,-0.14,-31.49,10.62,-8.85,-0.04,-1.26,-33.39,1
E,2022-10-19 18:15:39.633193,0.26,1.05,0.07,27.16,28.08,-26.73,-0.04,-1.26,-33.39,1
E,2022-10-19 18:15:39.652156,0.46,1.04,0.09,37.48,15.50,-31.86,1.20,-1.44,-34.46,1
E,2022-10-19 18:15:39.670176,0.49,0.99,0.22,34.85,1.95,-29.11,1.20,-1.44,-34.46,1
E,2022-10-19 18:15:39.688051,0.51,0.93,0.20,28.63,-13.00,-26.79,1.20,-1.44,-34.46,1
