s,2022-10-13 18:08:06.043834,-0.12,-0.02,0.99,-20.94,-33.57,38.09,-139.07,37.10,-143.14,1
s,2022-10-13 18:08:06.061740,-0.14,0.06,1.00,-29.11,-32.71,35.34,-139.07,37.10,-143.14,1
s,2022-10-13 18:08:06.079902,-0.21,0.13,1.03,-30.88,-32.47,31.19,-139.07,37.10,-143.14,1
s,2022-10-13 18:08:06.098726,-0.25,0.14,1.09,-30.70,-18.13,19.23,-145.79,56.18,-140.58,1
s,2022-10-13 18:08:06.116796,-0.24,0.11,1.09,-23.86,-13.24,17.88,-145.79,56.18,-140.58,1
s,2022-10-13 18:08:06.134826,-0.26,0.11,1.10,-22.95,-9.28,14.71,-145.79,56.18,-140.58,1
s,2022-10-13 18:08:06.153823,-0.26,0.15,1.07,-27.71,-5.07,8.61,-147.17,69.45,-138.81,1
s,2022-10-13 18:08:06.171822,-0.28,0.18,1.09,-34.30,-0.12,-4.58,-147.17,69.45,-138.81,1
s,2022-10-13 18:08:06.190835,-0.29,0.26,1.07,-33.45,7.26,-10.50,-145.73,74.46,-142.07,1
s,2022-10-13 18:08:06.208801,-0.25,0.24,1.00,-17.70,14.22,-12.51,-145.73,74.46,-142.07,1
s,2022-10-13 18:08:06.226677,-0.18,0.10,0.89,-6.16,15.93,-12.88,-145.73,74.46,-142.07,1
s,2022-10-13 18:08:06.245841,-0.17,-0.01,0.89,-11.17,4.21,-15.14,-146.46,78.71,-146.24,1
s,2022-10-13 18:08:06.263868,-0.26,0.15,1.05,-30.70,-3.91,-20.75,-146.46,78.71,-146.24,1
s,2022-10-13 18:08:06.281904,-0.28,0.25,1.04,-22.95,1.34,-21.30,-146.46,78.71,-146.24,1
s,2022-10-13 18:08:06.300723,-0.24,0.20,1.00,-6.84,7.20,-21.00,-150.39,79.70,-151.28,1
s,2022-10-13 18:08:06.318699,-0.17,0.10,0.94,-0.24,7.93,-20.57,-150.39,79.70,-151.28,1
s,2022-10-13 18:08:06.336723,-0.13,0.07,0.97,-11.35,2.99,-23.56,-150.39,79.70,-151.28,1
s,2022-10-13 18:08:06.355762,-0.19,0.16,1.08,-20.08,-0.92,-26.31,-157.21,81.52,-156.64,1
s,2022-10-13 18:08:06.373722,-0.20,0.22,1.12,-24.66,4.21,-33.94,-157.21,81.52,-156.64,1
s,2022-10-13 18:08:06.392796,-0.18,0.14,1.10,-21.73,10.31,-38.51,-166.76,78.39,-168.02,1
s,2022-10-13 18:08:06.410813,-0.08,-0.03,1.03,-13.43,12.02,-33.20,-166.76,78.39,-168.02,1
s,2022-10-13 18:08:06.428897,-0.10,-0.21,1.06,-22.34,7.81,-23.68,-166.76,78.39,-168.02,1
s,2022-10-13 18:08:06.447740,-1.83,0.01,0.83,-23.19,3.66,-14.22,-171.40,73.93,-181.51,1
s,2022-10-13 18:08:06.465922,-0.21,-0.12,0.80,91.74,-49.87,-0.85,-171.40,73.93,-181.51,1
s,2022-10-13 18:08:06.483920,-0.26,-0.23,0.72,36.13,-48.52,-10.07,-171.40,73.93,-181.51,1
s,2022-10-13 18:08:06.502819,-0.29,-0.48,0.73,-59.81,46.57,29.85,-174.24,76.56,-175.27,1
s,2022-10-13 18:08:06.520704,0.11,-0.50,0.52,-112.00,20.20,26.92,-174.24,76.56,-175.27,1
s,2022-10-13 18:08:06.539798,-0.16,-0.22,0.72,-137.51,-27.95,44.49,-167.54,75.76,-181.43,1
s,2022-10-13 18:08:06.557727,-0.25,0.21,0.79,-124.88,-30.94,44.31,-167.54,75.76,-181.43,1
s,2022-10-13 18:08:06.575793,-0.19,0.51,0.84,-67.50,-24.17,35.89,-167.54,75.76,-181.43,1
s,2022-10-13 18:08:06.594638,-0.28,0.95,0.84,-57.68,-22.22,21.30,-166.25,83.03,-181.04,1
s,2022-10-13 18:08:06.612793,-0.89,1.30,1.21,-46.69,-19.90,-7.14,-166.25,83.03,-181.04,1
s,2022-10-13 18:08:06.630653,-0.40,1.09,0.87,47.79,-0.67,-4.46,-166.25,83.03,-181.04,1
s,2022-10-13 18:08:06.649654,-0.39,0.64,0.95,112.00,-8.61,-7.87,-183.69,91.60,-177.14,1
s,2022-10-13 18:08:06.667867,-0.18,-0.25,0.89,94.36,-10.74,-37.17,-183.69,91.60,-177.14,1
s,2022-10-13 18:08:06.685774,-0.13,-0.47,0.89,49.38,-12.33,-39.86,-183.69,91.60,-177.14,1
s,2022-10-13 18:08:06.704774,-0.15,-0.44,0.94,16.42,-10.31,-35.28,-212.99,92.18,-168.79,1
s,2022-10-13 18:08:06.722941,-0.13,-0.35,0.90,-0.79,-7.02,-29.24,-212.99,92.18,-168.79,1
s,2022-10-13 18:08:06.741792,-0.11,-0.32,0.94,1.71,-10.62,-18.13,-229.69,93.49,-163.11,1
s,2022-10-13 18:08:06.759799,-0.07,-0.48,1.00,7.14,-18.68,16.72,-229.69,93.49,-163.11,1
s,2022-10-13 18:08:06.777816,-0.25,-0.11,1.23,-11.60,-18.55,38.76,-229.69,93.49,-163.11,1
s,2022-10-13 18:08:06.796735,-0.31,0.22,1.24,-13.24,-6.35,43.40,-226.65,111.63,-152.48,1
s,2022-10-13 18:08:06.814507,-0.35,0.33,1.21,-1.16,3.97,36.74,-226.65,111.63,-152.48,1
s,2022-10-13 18:08:06.832610,-0.38,0.51,0.98,3.23,0.61,27.71,-226.65,111.63,-152.48,1
s,2022-10-13 18:08:06.851540,-0.45,0.71,0.75,11.90,1.83,18.74,-207.86,120.79,-149.82,1
s,2022-10-13 18:08:06.869771,-0.36,0.40,0.80,16.97,-16.78,3.05,-207.86,120.79,-149.82,1
s,2022-10-13 18:08:06.888515,-0.77,0.37,1.25,25.57,3.48,35.58,-202.55,123.61,-151.93,1
s,2022-10-13 18:08:06.906631,-0.35,0.17,1.02,6.71,51.21,-22.89,-202.55,123.61,-151.93,1
s,2022-10-13 18:08:06.924518,-0.47,0.10,1.03,4.46,45.29,-39.79,-202.55,123.61,-151.93,1
s,2022-10-13 18:08:06.943456,-0.34,0.08,1.04,50.05,25.82,-13.67,-202.00,111.88,-156.56,1
s,2022-10-13 18:08:06.961746,-0.32,0.07,1.04,57.98,16.42,-5.31,-202.00,111.88,-156.56,1
s,2022-10-13 18:08:06.979743,-0.25,0.05,0.95,36.07,18.74,-8.79,-202.00,111.88,-156.56,1
s,2022-10-13 18:08:06.998475,-0.18,0.08,0.86,27.83,18.80,-9.70,-194.54,100.61,-154.63,1
s,2022-10-13 18:08:07.016637,-0.14,0.06,0.82,19.84,12.08,-15.20,-194.54,100.61,-154.63,1
s,2022-10-13 18:08:07.034521,-0.13,0.05,0.83,16.05,7.26,-19.71,-194.54,100.61,-154.63,1
s,2022-10-13 18:08:07.053600,-0.14,0.03,0.85,18.74,4.76,-20.81,-190.64,87.33,-151.27,1
s,2022-10-13 18:08:07.071744,-0.15,-0.00,0.88,19.53,0.67,-23.86,-190.64,87.33,-151.27,1
