s,2022-10-13 18:08:14.230361,-0.27,-0.07,0.94,15.01,12.51,-22.34,-236.08,-77.19,26.64,1
s,2022-10-13 18:08:14.248374,-0.24,-0.12,0.90,18.49,12.82,-23.80,-236.08,-77.19,26.64,1
s,2022-10-13 18:08:14.266494,-0.22,-0.16,0.85,16.97,11.29,-25.09,-236.08,-77.19,26.64,1
s,2022-10-13 18:08:14.285412,-0.19,-0.25,0.85,17.03,10.01,-27.10,-216.75,-88.89,8.30,1
s,2022-10-13 18:08:14.303306,-0.18,-0.29,0.82,13.18,8.00,-27.10,-216.75,-88.89,8.30,1
s,2022-10-13 18:08:14.321496,-0.22,-0.30,0.85,8.42,2.75,-27.40,-216.75,-88.89,8.30,1
s,2022-10-13 18:08:14.340477,-0.25,-0.36,0.91,9.46,1.95,-22.83,-195.42,-99.58,-1.09,1
s,2022-10-13 18:08:14.358504,-0.24,-0.43,0.89,5.62,4.33,-18.98,-195.42,-99.58,-1.09,1
s,2022-10-13 18:08:14.377637,-0.30,-0.38,0.94,-1.77,1.22,-17.40,-182.46,-108.83,-4.91,1
s,2022-10-13 18:08:14.395675,-0.34,-0.33,0.94,-4.15,4.82,-16.11,-182.46,-108.83,-4.91,1
s,2022-10-13 18:08:14.413601,-0.34,-0.31,0.93,3.11,7.20,-13.67,-182.46,-108.83,-4.91,1
s,2022-10-13 18:08:14.432587,-0.27,-0.30,0.86,3.66,8.06,-12.88,-176.59,-116.03,-11.01,1
s,2022-10-13 18:08:14.450676,-0.22,-0.35,0.85,3.97,4.15,-11.05,-176.59,-116.03,-11.01,1
s,2022-10-13 18:08:14.469601,-0.20,-0.36,0.84,-0.98,2.26,-6.04,-176.59,-116.03,-11.01,1
s,2022-10-13 18:08:14.488597,-0.21,-0.30,0.87,-8.36,0.37,-5.00,-176.18,-123.39,-11.74,1
s,2022-10-13 18:08:14.506634,-0.27,-0.26,0.94,-6.65,1.16,-4.15,-176.18,-123.39,-11.74,1
s,2022-10-13 18:08:14.524698,-0.27,-0.37,0.95,-4.46,5.49,-3.36,-176.18,-123.39,-11.74,1
s,2022-10-13 18:08:14.544461,-0.26,-0.60,0.94,-5.55,6.71,1.16,-182.97,-133.86,-5.76,1
s,2022-10-13 18:08:14.562464,-0.26,0.02,0.29,-15.44,3.54,23.86,-182.97,-133.86,-5.76,1
s,2022-10-13 18:08:14.581645,-0.46,-0.08,0.76,14.65,-31.25,-32.53,-209.46,-146.02,-2.82,1
s,2022-10-13 18:08:14.599797,-0.34,-0.42,0.72,-0.98,-10.01,5.55,-209.46,-146.02,-2.82,1
s,2022-10-13 18:08:14.618523,-0.25,-0.26,0.61,-54.02,0.31,21.79,-209.46,-146.02,-2.82,1
s,2022-10-13 18:08:14.637534,-0.23,-0.17,0.65,-70.19,-13.43,35.28,-236.90,-136.29,5.14,1
s,2022-10-13 18:08:14.655451,-0.25,0.11,0.68,-57.43,-18.13,37.66,-236.90,-136.29,5.14,1
s,2022-10-13 18:08:14.673450,-0.26,0.27,0.80,-40.16,-22.09,23.74,-236.90,-136.29,5.14,1
s,2022-10-13 18:08:14.692475,-0.23,0.34,0.91,-13.92,-21.00,10.56,-245.37,-125.13,37.10,1
s,2022-10-13 18:08:14.710614,-0.30,0.35,1.02,21.00,-20.75,-2.32,-245.37,-125.13,37.10,1
s,2022-10-13 18:08:14.729376,-0.35,0.26,1.09,36.80,-17.27,-10.44,-210.82,-133.09,52.69,1
s,2022-10-13 18:08:14.747367,-0.35,0.03,0.94,45.35,-11.60,-20.08,-210.82,-133.09,52.69,1
s,2022-10-13 18:08:14.765497,-0.32,-0.24,0.83,38.51,-11.11,-34.91,-210.82,-133.09,52.69,1
s,2022-10-13 18:08:14.784577,-0.36,-0.50,0.82,28.81,-14.40,-30.82,-153.20,-143.71,47.14,1
s,2022-10-13 18:08:14.802546,-0.33,-0.73,0.71,43.46,-22.34,-19.23,-153.20,-143.71,47.14,1
s,2022-10-13 18:08:14.820491,-0.42,-0.84,0.83,34.00,-29.66,-15.99,-153.20,-143.71,47.14,1
s,2022-10-13 18:08:14.839592,-0.45,-0.78,0.84,10.07,-33.57,-5.25,-113.98,-146.25,45.64,1
s,2022-10-13 18:08:14.857586,-0.47,-0.59,0.86,-11.41,-37.17,38.76,-113.98,-146.25,45.64,1
s,2022-10-13 18:08:14.876501,-0.50,-0.39,0.95,-44.43,-15.01,42.30,-110.50,-137.49,62.83,1
s,2022-10-13 18:08:14.894384,-0.51,-0.14,1.07,-56.27,-1.65,44.56,-110.50,-137.49,62.83,1
s,2022-10-13 18:08:14.912653,-0.52,-0.02,1.13,-51.88,10.13,40.83,-110.50,-137.49,62.83,1
s,2022-10-13 18:08:14.931357,-0.53,0.07,1.17,-26.37,19.23,42.97,-127.31,-121.68,76.81,1
s,2022-10-13 18:08:14.949313,-0.49,0.23,1.06,21.00,16.54,25.33,-127.31,-121.68,76.81,1
s,2022-10-13 18:08:14.967300,-0.40,0.22,1.02,41.08,16.60,7.32,-127.31,-121.68,76.81,1
s,2022-10-13 18:08:14.986358,-0.40,0.13,0.98,46.26,15.93,-4.33,-142.82,-120.61,69.43,1
s,2022-10-13 18:08:15.004373,-0.37,0.04,0.94,39.98,16.48,-14.10,-142.82,-120.61,69.43,1
s,2022-10-13 18:08:15.022381,-0.40,-0.03,0.94,35.34,15.32,-17.94,-142.82,-120.61,69.43,1
s,2022-10-13 18:08:15.041389,-0.42,-0.08,0.92,34.55,17.21,-22.22,-141.35,-121.98,45.91,1
s,2022-10-13 18:08:15.059455,-0.39,-0.15,0.90,31.31,16.05,-30.52,-141.35,-121.98,45.91,1
