F,2022-10-18 15:46:48.793883,0.19,-0.11,0.91,-44.80,19.17,4.39,75.15,-37.98,-189.73,1
F,2022-10-18 15:46:48.812914,0.20,-0.00,0.92,-44.13,15.69,0.92,77.58,-39.07,-188.95,1
F,2022-10-18 15:46:48.830715,0.18,0.02,0.86,-26.43,7.39,1.46,77.58,-39.07,-188.95,1
F,2022-10-18 15:46:48.849783,0.18,-0.04,0.83,-15.50,0.31,3.17,81.05,-40.88,-188.06,1
F,2022-10-18 15:46:48.867947,0.11,-0.06,0.84,-19.47,-2.56,1.53,81.05,-40.88,-188.06,1
F,2022-10-18 15:46:48.886098,0.05,-0.02,0.87,-24.48,-2.87,-3.30,81.05,-40.88,-188.06,1
F,2022-10-18 15:46:48.905112,-0.01,-0.08,0.91,-12.63,-5.25,-6.90,83.83,-42.48,-191.69,1
F,2022-10-18 15:46:48.922932,0.03,-0.08,0.84,-9.58,-2.93,-4.58,83.83,-42.48,-191.69,1
F,2022-10-18 15:46:48.940910,-0.68,-0.17,1.28,-1.83,-5.55,0.06,83.83,-42.48,-191.69,1
F,2022-10-18 15:46:48.959825,0.10,0.03,0.90,-22.40,19.90,-4.94,83.62,-44.62,-193.69,1
F,2022-10-18 15:46:48.977997,0.06,-0.03,0.80,-5.74,-3.91,-10.50,83.62,-44.62,-193.69,1
F,2022-10-18 15:46:48.995894,0.05,0.02,0.83,-7.45,-16.66,-5.68,83.62,-44.62,-193.69,1
F,2022-10-18 15:46:49.014977,0.07,0.02,0.83,-0.12,-26.18,-3.17,80.76,-44.67,-195.89,1
F,2022-10-18 15:46:49.032792,0.07,0.01,0.80,11.11,-39.37,-0.79,80.76,-44.67,-195.89,1
F,2022-10-18 15:46:49.051919,0.03,-0.08,0.76,26.31,-60.06,-1.95,74.40,-45.30,-200.22,1
F,2022-10-18 15:46:49.069906,0.03,-0.10,0.86,29.36,-71.04,-3.85,74.40,-45.30,-200.22,1
F,2022-10-18 15:46:49.087916,0.02,-0.07,0.99,37.41,-82.46,-2.38,74.40,-45.30,-200.22,1
F,2022-10-18 15:46:49.106917,-0.01,-0.09,1.16,40.77,-83.92,-1.40,64.12,-43.21,-209.80,1
F,2022-10-18 15:46:49.124860,-0.04,-0.13,1.25,30.82,-56.64,1.16,64.12,-43.21,-209.80,1
F,2022-10-18 15:46:49.143019,-0.08,-0.10,1.36,3.23,-35.83,-2.01,64.12,-43.21,-209.80,1
F,2022-10-18 15:46:49.162019,-0.11,-0.11,1.44,-4.94,-13.31,-4.03,56.82,-41.89,-213.00,1
F,2022-10-18 15:46:49.180075,-0.23,-0.13,1.52,-10.80,10.31,-3.91,56.82,-41.89,-213.00,1
F,2022-10-18 15:46:49.197915,-0.13,-0.09,1.44,-0.85,35.46,1.95,56.82,-41.89,-213.00,1
F,2022-10-18 15:46:49.216914,-0.03,-0.11,1.35,8.24,57.74,4.03,58.68,-41.65,-209.13,1
F,2022-10-18 15:46:49.234806,0.02,-0.04,1.16,6.53,61.58,3.05,58.68,-41.65,-209.13,1
F,2022-10-18 15:46:49.253885,0.07,-0.00,1.01,-0.49,62.68,-6.65,66.05,-40.49,-202.65,1
F,2022-10-18 15:46:49.271813,0.12,-0.09,0.89,9.83,52.00,-13.37,66.05,-40.49,-202.65,1
F,2022-10-18 15:46:49.289879,0.14,-0.12,0.82,-1.16,43.58,-10.99,66.05,-40.49,-202.65,1
F,2022-10-18 15:46:49.308787,0.13,-0.14,0.77,-10.19,36.44,-8.36,74.46,-39.67,-196.42,1
F,2022-10-18 15:46:49.326847,0.10,-0.11,0.74,-18.01,31.13,-2.87,74.46,-39.67,-196.42,1
F,2022-10-18 15:46:49.344918,0.12,-0.07,0.70,-20.69,23.32,-0.31,74.46,-39.67,-196.42,1
F,2022-10-18 15:46:49.363824,0.11,-0.03,0.76,-18.92,11.90,-1.34,80.53,-40.78,-193.08,1
F,2022-10-18 15:46:49.381952,0.12,-0.01,0.78,-19.04,5.00,-3.23,80.53,-40.78,-193.08,1
F,2022-10-18 15:46:49.401015,0.10,-0.01,0.81,-27.16,3.60,-5.37,84.14,-42.37,-192.15,1
F,2022-10-18 15:46:49.419038,-0.37,-0.04,1.18,-21.91,-3.85,-7.26,84.14,-42.37,-192.15,1
F,2022-10-18 15:46:49.436822,0.10,0.03,0.95,29.66,-4.52,0.85,84.14,-42.37,-192.15,1
F,2022-10-18 15:46:49.455709,0.09,0.11,0.99,-0.06,9.34,-21.42,85.97,-42.50,-194.02,1
F,2022-10-18 15:46:49.473688,0.15,0.32,1.00,10.62,4.70,-35.22,85.97,-42.50,-194.02,1
F,2022-10-18 15:46:49.491793,0.17,0.28,1.02,22.77,-0.31,-56.76,85.97,-42.50,-194.02,1
F,2022-10-18 15:46:49.510806,0.11,0.04,1.01,35.46,-4.76,-63.72,88.89,-38.00,-191.58,1
F,2022-10-18 15:46:49.528785,0.04,-0.16,0.94,45.35,-10.01,-37.48,88.89,-38.00,-191.58,1
F,2022-10-18 15:46:49.547044,-0.04,-0.48,0.86,28.93,-11.17,-23.62,88.89,-38.00,-191.58,1
F,2022-10-18 15:46:49.565922,-0.11,-0.65,0.84,15.08,-11.11,-6.35,94.06,-32.26,-189.44,1
F,2022-10-18 15:46:49.583910,-0.32,-0.63,0.85,1.65,-10.62,13.06,94.06,-32.26,-189.44,1
F,2022-10-18 15:46:49.602896,-0.37,-0.66,0.91,26.55,-17.88,40.22,91.80,-33.57,-189.71,1
F,2022-10-18 15:46:49.620757,0.05,-0.45,0.73,18.49,-24.11,65.61,91.80,-33.57,-189.71,1
F,2022-10-18 15:46:49.638936,0.29,-0.18,0.72,-8.48,-35.71,58.47,91.80,-33.57,-189.71,1
F,2022-10-18 15:46:49.657789,0.33,-0.02,0.79,-30.82,-43.82,41.93,81.45,-37.41,-194.90,1
F,2022-10-18 15:46:49.675847,0.36,0.19,0.83,-36.80,-52.61,35.83,81.45,-37.41,-194.90,1
F,2022-10-18 15:46:49.693809,0.24,0.33,0.98,-18.07,-63.42,16.97,81.45,-37.41,-194.90,1
F,2022-10-18 15:46:49.712778,0.08,0.34,1.20,-12.39,-43.70,-0.92,72.13,-42.37,-203.10,1
F,2022-10-18 15:46:49.730892,0.02,0.34,1.10,-26.06,-20.14,-21.97,72.13,-42.37,-203.10,1
F,2022-10-18 15:46:49.749825,-0.23,0.05,1.46,17.33,-7.75,-15.63,70.83,-42.22,-204.33,1
F,2022-10-18 15:46:49.767964,0.04,0.15,1.07,68.60,-6.77,-18.49,70.83,-42.22,-204.33,1
F,2022-10-18 15:46:49.785870,0.04,0.04,1.04,55.91,-4.94,-27.10,70.83,-42.22,-204.33,1
F,2022-10-18 15:46:49.805107,-0.03,-0.04,0.99,51.39,-2.69,-38.09,73.82,-37.93,-206.52,1
F,2022-10-18 15:46:49.822949,-0.05,-0.08,0.91,48.71,-1.77,-42.11,73.82,-37.93,-206.52,1
F,2022-10-18 15:46:49.840974,-0.05,-0.20,0.84,50.90,-5.98,-39.73,73.82,-37.93,-206.52,1
F,2022-10-18 15:46:49.859913,-0.09,-0.33,0.82,40.16,-13.00,-27.77,77.44,-34.09,-204.90,1
F,2022-10-18 15:46:49.877948,-0.13,-0.46,0.83,23.44,-9.34,-16.91,77.44,-34.09,-204.90,1
F,2022-10-18 15:46:49.895953,-0.16,-0.47,0.85,3.54,-4.15,-4.70,77.44,-34.09,-204.90,1
F,2022-10-18 15:46:49.914931,-0.31,-0.44,0.94,-8.36,-2.44,4.58,79.58,-32.35,-204.44,1
F,2022-10-18 15:46:49.932858,-0.37,-0.41,1.10,7.51,3.85,25.76,79.58,-32.35,-204.44,1
F,2022-10-18 15:46:49.951855,-0.08,-0.20,1.11,4.88,18.31,30.03,77.99,-32.29,-202.86,1
F,2022-10-18 15:46:49.969727,0.02,-0.15,1.13,8.36,26.49,17.33,77.99,-32.29,-202.86,1
F,2022-10-18 15:46:49.987880,0.08,-0.07,1.11,4.33,28.99,6.59,77.99,-32.29,-202.86,1
F,2022-10-18 15:46:50.006671,0.09,-0.05,1.05,8.42,25.88,-0.37,78.88,-30.35,-196.74,1
F,2022-10-18 15:46:50.024799,0.10,-0.13,0.96,25.45,14.10,-7.02,78.88,-30.35,-196.74,1
F,2022-10-18 15:46:50.042777,0.07,-0.18,0.96,28.14,9.95,-8.61,78.88,-30.35,-196.74,1
F,2022-10-18 15:46:50.061774,0.09,-0.26,0.92,22.34,13.79,-13.67,82.06,-26.38,-191.21,1
F,2022-10-18 15:46:50.079848,0.07,-0.30,0.88,6.10,18.37,-18.86,82.06,-26.38,-191.21,1
F,2022-10-18 15:46:50.098877,0.07,-0.35,0.87,-3.30,12.45,-17.82,86.38,-22.75,-185.62,1
