X,2022-10-29 16:20:36.470885,0.41,-0.84,0.49,-17.88,-51.57,2.56,29.26,23.00,-157.24,1
X,2022-10-29 16:20:36.483615,0.38,-0.75,0.59,-33.39,-51.21,4.76,29.26,23.00,-157.24,1
X,2022-10-29 16:20:36.501867,0.30,-0.70,0.60,-54.57,-40.28,-13.61,29.26,23.00,-157.24,1
X,2022-10-29 16:20:36.520898,0.22,-0.66,0.69,-72.45,-32.65,-26.61,28.72,20.57,-158.28,1
X,2022-10-29 16:20:36.540565,0.17,-0.47,0.71,-68.48,-25.88,-26.79,28.72,20.57,-158.28,1
X,2022-10-29 16:20:36.559972,0.26,-0.41,0.91,-81.73,-27.83,-41.75,28.09,18.47,-160.25,1
X,2022-10-29 16:20:36.578221,0.25,-0.08,0.81,-125.18,-3.60,-74.34,28.09,18.47,-160.25,1
X,2022-10-29 16:20:36.596486,0.23,0.08,0.84,-80.63,-8.24,-89.78,28.09,18.47,-160.25,1
X,2022-10-29 16:20:36.615006,0.18,0.25,0.92,-86.24,-14.89,-125.00,24.87,18.51,-162.81,1
X,2022-10-29 16:20:36.633689,0.10,0.20,0.93,-57.68,-20.39,-140.08,24.87,18.51,-162.81,1
X,2022-10-29 16:20:36.651923,-0.49,0.21,0.61,94.30,11.17,6.53,24.87,18.51,-162.81,1
X,2022-10-29 16:20:36.671393,0.05,-0.07,0.98,89.84,-31.31,-23.25,20.58,22.85,-162.41,1
X,2022-10-29 16:20:36.691038,0.02,-0.23,0.60,66.89,-53.53,-34.55,20.58,22.85,-162.41,1
X,2022-10-29 16:20:36.710553,0.08,-0.33,0.87,48.95,-82.15,-51.82,11.74,29.14,-162.48,1
X,2022-10-29 16:20:36.728205,0.06,-0.51,1.00,54.87,-75.74,-51.76,11.74,29.14,-162.48,1
X,2022-10-29 16:20:36.747538,0.17,-0.65,1.02,51.51,-52.49,-35.22,11.74,29.14,-162.48,1
X,2022-10-29 16:20:36.766507,0.14,-0.80,0.99,46.94,-29.72,-13.67,2.75,33.13,-162.16,1
X,2022-10-29 16:20:36.783792,0.16,-0.92,0.97,30.09,-10.07,12.51,2.75,33.13,-162.16,1
X,2022-10-29 16:20:36.803580,0.17,-0.96,0.94,2.75,19.29,9.09,2.75,33.13,-162.16,1
X,2022-10-29 16:20:36.823590,0.07,-0.91,1.00,-3.11,39.92,25.33,1.35,33.53,-161.96,1
X,2022-10-29 16:20:36.842258,0.00,-0.83,0.99,6.90,67.26,66.41,1.35,33.53,-161.96,1
X,2022-10-29 16:20:36.860630,0.18,-0.66,0.97,0.49,84.90,76.54,9.17,31.56,-163.31,1
X,2022-10-29 16:20:36.878867,0.21,-0.50,0.96,-11.11,97.60,84.23,9.17,31.56,-163.31,1
X,2022-10-29 16:20:36.898334,0.33,-0.37,0.92,3.60,105.22,87.52,9.17,31.56,-163.31,1
X,2022-10-29 16:20:36.917309,0.45,-0.32,0.71,8.48,112.43,43.76,20.50,26.29,-162.35,1
X,2022-10-29 16:20:36.936794,0.45,-0.29,0.56,0.67,92.59,-12.02,20.50,26.29,-162.35,1
X,2022-10-29 16:20:36.956101,0.45,-0.41,0.43,-8.67,66.77,-64.33,20.50,26.29,-162.35,1
X,2022-10-29 16:20:36.975480,0.37,-0.47,0.36,-27.95,16.66,-91.25,24.61,24.66,-161.89,1
X,2022-10-29 16:20:36.993202,0.15,-0.60,0.37,-30.94,-16.48,-85.57,24.61,24.66,-161.89,1
X,2022-10-29 16:20:37.012851,0.08,-0.54,0.19,6.23,30.21,-69.95,21.53,26.86,-162.81,1
X,2022-10-29 16:20:37.031562,0.25,-0.85,0.20,4.70,-4.52,-34.91,21.53,26.86,-162.81,1
X,2022-10-29 16:20:37.049432,0.20,-0.66,0.45,-16.36,-100.28,-30.76,21.53,26.86,-162.81,1
X,2022-10-29 16:20:37.068220,0.25,-0.66,0.46,-24.90,-131.96,-31.13,15.08,28.70,-161.21,1
X,2022-10-29 16:20:37.087206,0.26,-0.70,0.60,-21.24,-173.28,-5.68,15.08,28.70,-161.21,1
X,2022-10-29 16:20:37.106096,0.09,-0.57,0.79,-45.53,-176.09,21.12,15.08,28.70,-161.21,1
X,2022-10-29 16:20:37.125274,-0.11,-0.22,1.25,-74.10,-134.22,-7.39,10.19,30.07,-157.76,1
X,2022-10-29 16:20:37.143730,-0.14,-0.07,1.47,-66.28,-76.11,-27.71,10.19,30.07,-157.76,1
X,2022-10-29 16:20:37.163667,-0.11,0.02,1.48,-51.94,-14.10,-27.77,9.61,28.34,-158.30,1
X,2022-10-29 16:20:37.183195,-0.08,0.08,1.34,-8.97,28.56,8.48,9.61,28.34,-158.30,1
X,2022-10-29 16:20:37.201467,-0.27,-0.10,1.76,50.78,29.72,70.37,9.61,28.34,-158.30,1
X,2022-10-29 16:20:37.221721,-0.44,-0.13,1.37,74.89,88.01,111.94,12.21,29.48,-155.99,1
X,2022-10-29 16:20:37.240101,-0.16,-0.14,1.18,108.40,95.09,135.44,12.21,29.48,-155.99,1
