q,2022-10-16 18:13:05.245552,0.28,-0.52,0.76,6.65,-8.61,-3.54,-15.99,11.68,-13.50,1
q,2022-10-16 18:13:05.263654,0.34,-0.60,0.71,36.25,-11.84,3.97,-15.99,11.68,-13.50,1
q,2022-10-16 18:13:05.281748,0.34,-0.67,0.66,30.64,-6.71,-1.04,-15.99,11.68,-13.50,1
q,2022-10-16 18:13:05.300543,0.34,-0.68,0.67,17.21,-2.93,-10.19,-15.36,11.96,-15.36,1
q,2022-10-16 18:13:05.318720,0.33,-0.64,0.68,-10.25,3.66,-21.91,-15.36,11.96,-15.36,1
q,2022-10-16 18:13:05.336553,0.34,-0.58,0.71,-30.58,8.00,-20.57,-15.36,11.96,-15.36,1
q,2022-10-16 18:13:05.355510,0.19,-0.51,0.47,-43.82,26.12,10.74,-15.00,10.19,-16.69,1
q,2022-10-16 18:13:05.373550,0.36,-0.51,0.77,-41.63,18.13,1.53,-15.00,10.19,-16.69,1
q,2022-10-16 18:13:05.391500,0.57,-0.78,0.67,-37.90,19.04,29.97,-15.00,10.19,-16.69,1
q,2022-10-16 18:13:05.410551,0.37,-0.55,0.50,-40.71,12.45,33.45,-16.25,8.87,-17.59,1
q,2022-10-16 18:13:05.428690,0.30,-0.54,0.40,-33.08,-16.54,32.29,-16.25,8.87,-17.59,1
q,2022-10-16 18:13:05.447574,0.29,-0.40,0.45,-9.64,-68.79,20.08,-20.92,5.26,-16.56,1
q,2022-10-16 18:13:05.465705,0.31,-0.35,0.63,18.92,-118.59,-1.22,-20.92,5.26,-16.56,1
q,2022-10-16 18:13:05.483681,0.11,-0.30,0.86,31.92,-133.00,-13.79,-20.92,5.26,-16.56,1
q,2022-10-16 18:13:05.502739,0.07,-0.03,1.05,-12.70,-110.66,-32.84,-29.15,0.74,-5.20,1
q,2022-10-16 18:13:05.520702,0.15,-0.17,1.29,15.50,-88.01,-45.41,-29.15,0.74,-5.20,1
q,2022-10-16 18:13:05.538684,0.13,-0.27,1.26,46.69,-55.36,-34.97,-29.15,0.74,-5.20,1
q,2022-10-16 18:13:05.557617,0.11,-0.44,1.18,67.44,-13.49,-24.35,-26.42,-0.98,4.47,1
q,2022-10-16 18:13:05.575654,0.24,-0.76,0.95,64.88,18.19,-14.16,-26.42,-0.98,4.47,1
q,2022-10-16 18:13:05.594436,0.28,-0.78,0.88,45.47,47.91,-3.30,-19.98,6.95,5.52,1
q,2022-10-16 18:13:05.612428,0.32,-0.87,0.87,27.89,66.35,-3.54,-19.98,6.95,5.52,1
q,2022-10-16 18:13:05.630516,0.43,-0.88,0.50,-3.85,76.97,7.14,-19.98,6.95,5.52,1
q,2022-10-16 18:13:05.649534,0.43,-0.77,0.52,-44.01,99.37,28.50,-15.88,14.93,-1.50,1
q,2022-10-16 18:13:05.667598,0.34,-0.73,0.52,-44.43,86.36,48.46,-15.88,14.93,-1.50,1
q,2022-10-16 18:13:05.685527,0.33,-0.54,0.67,-52.37,70.80,47.97,-15.88,14.93,-1.50,1
q,2022-10-16 18:13:05.704582,0.17,-0.37,0.48,-53.41,61.89,32.59,-11.24,17.53,-12.13,1
q,2022-10-16 18:13:05.722638,0.29,-0.52,0.63,2.32,-7.63,-8.73,-11.24,17.53,-12.13,1
q,2022-10-16 18:13:05.740828,0.32,-0.49,0.66,-9.03,-2.14,-7.51,-11.24,17.53,-12.13,1
q,2022-10-16 18:13:05.759432,0.34,-0.47,0.72,-17.03,6.77,0.31,-9.81,16.56,-13.10,1
q,2022-10-16 18:13:05.777697,-0.03,-0.22,0.37,-16.30,7.93,8.73,-9.81,16.56,-13.10,1
q,2022-10-16 18:13:05.796582,0.26,-0.50,0.68,35.28,-74.34,-38.51,-12.65,17.72,-9.80,1
q,2022-10-16 18:13:05.814543,0.25,-0.45,0.74,2.08,-66.41,-46.39,-12.65,17.72,-9.80,1
q,2022-10-16 18:13:05.832592,0.21,-0.45,0.76,14.47,-67.02,-54.99,-12.65,17.72,-9.80,1
q,2022-10-16 18:13:05.851588,0.30,-0.46,0.76,54.32,-79.65,-60.91,-16.60,17.94,1.67,1
q,2022-10-16 18:13:05.869663,0.28,-0.62,0.85,81.85,-71.11,-33.63,-16.60,17.94,1.67,1
q,2022-10-16 18:13:05.887607,0.30,-0.79,0.78,67.69,-55.91,-10.80,-16.60,17.94,1.67,1
q,2022-10-16 18:13:05.906461,0.25,-0.91,0.85,53.59,-48.52,-0.12,-17.19,14.73,15.11,1
q,2022-10-16 18:13:05.924291,0.20,-0.83,0.84,23.86,-31.86,0.43,-17.19,14.73,15.11,1
q,2022-10-16 18:13:05.943568,0.17,-0.75,0.85,4.15,-17.52,-8.48,-16.70,11.60,20.68,1
q,2022-10-16 18:13:05.961571,0.20,-0.72,0.82,-5.19,-8.67,-15.75,-16.70,11.60,20.68,1
q,2022-10-16 18:13:05.979652,0.20,-0.70,0.79,-6.96,-2.44,-6.23,-16.70,11.60,20.68,1
q,2022-10-16 18:13:05.998555,0.17,-0.63,0.74,-1.40,-2.38,-2.44,-16.21,11.40,22.40,1
q,2022-10-16 18:13:06.016463,0.15,-0.65,0.73,5.13,-4.94,-4.82,-16.21,11.40,22.40,1
q,2022-10-16 18:13:06.034590,0.15,-0.63,0.74,7.87,-4.46,-5.31,-16.21,11.40,22.40,1
q,2022-10-16 18:13:06.053522,0.15,-0.62,0.74,9.89,-4.46,-3.42,-15.65,11.44,21.90,1
q,2022-10-16 18:13:06.071454,0.15,-0.62,0.73,16.48,-5.19,0.43,-15.65,11.44,21.90,1
q,2022-10-16 18:13:06.089442,0.15,-0.63,0.74,22.16,-5.68,5.00,-15.65,11.44,21.90,1
q,2022-10-16 18:13:06.108460,0.15,-0.65,0.75,29.97,-6.35,6.16,-15.75,10.93,21.85,1
q,2022-10-16 18:13:06.126475,0.08,-0.68,0.94,44.31,-4.46,3.48,-15.75,10.93,21.85,1
q,2022-10-16 18:13:06.145374,0.03,-0.58,1.09,17.64,51.21,2.26,-15.55,13.68,19.71,1
q,2022-10-16 18:13:06.163369,0.20,-0.62,0.81,12.08,91.13,6.71,-15.55,13.68,19.71,1
q,2022-10-16 18:13:06.181279,0.20,-0.74,0.75,30.40,86.06,10.74,-15.55,13.68,19.71,1
q,2022-10-16 18:13:06.200442,0.14,-0.74,0.62,-37.29,112.12,13.06,-17.02,23.14,12.78,1
q,2022-10-16 18:13:06.218489,0.33,-0.76,0.19,-59.75,93.81,1.53,-17.02,23.14,12.78,1
q,2022-10-16 18:13:06.236225,0.36,-0.73,0.09,-30.82,32.17,0.73,-17.02,23.14,12.78,1
q,2022-10-16 18:13:06.255695,0.25,-0.69,0.62,-20.45,-1.59,-3.91,-16.52,27.71,8.94,1
q,2022-10-16 18:13:06.273469,0.28,-0.67,0.70,-43.40,5.49,-3.60,-16.52,27.71,8.94,1
q,2022-10-16 18:13:06.292459,0.28,-0.57,0.60,-38.09,-2.99,4.15,-15.97,27.62,8.42,1
q,2022-10-16 18:13:06.310589,0.12,-0.73,0.88,4.03,-40.59,16.85,-15.97,27.62,8.42,1
q,2022-10-16 18:13:06.328285,0.06,-0.55,0.99,6.10,-20.94,30.76,-15.97,27.62,8.42,1
q,2022-10-16 18:13:06.347376,0.14,-0.53,0.95,16.66,0.12,37.29,-15.64,28.58,8.47,1
q,2022-10-16 18:13:06.365433,0.30,-0.64,0.84,29.30,15.75,37.35,-15.64,28.58,8.47,1
q,2022-10-16 18:13:06.383428,0.33,-0.61,0.81,14.16,27.83,29.05,-15.64,28.58,8.47,1
q,2022-10-16 18:13:06.402395,0.39,-0.58,0.75,10.31,34.67,21.00,-13.37,32.54,6.42,1
q,2022-10-16 18:13:06.420478,0.48,-0.56,0.67,2.62,39.92,9.40,-13.37,32.54,6.42,1
q,2022-10-16 18:13:06.438471,0.53,-0.55,0.62,-5.00,34.12,5.13,-13.37,32.54,6.42,1
q,2022-10-16 18:13:06.457472,0.45,-0.56,0.57,-7.81,23.01,-3.05,-11.49,37.77,3.20,1
q,2022-10-16 18:13:06.475479,0.36,-0.57,0.60,-11.84,14.89,-8.73,-11.49,37.77,3.20,1
q,2022-10-16 18:13:06.494477,0.36,-0.57,0.64,-15.44,9.64,-13.61,-11.18,42.90,0.01,1
q,2022-10-16 18:13:06.512460,0.33,-0.61,0.68,-4.52,1.28,-17.58,-11.18,42.90,0.01,1
q,2022-10-16 18:13:06.530583,0.38,-0.68,0.63,3.48,2.81,-13.12,-11.18,42.90,0.01,1
q,2022-10-16 18:13:06.549558,0.38,-0.72,0.57,-0.55,3.42,-8.67,-12.41,48.10,-0.94,1
q,2022-10-16 18:13:06.567583,0.33,-0.75,0.62,-5.92,1.22,-6.65,-12.41,48.10,-0.94,1
q,2022-10-16 18:13:06.585699,0.27,-0.73,0.69,-10.44,2.99,-5.74,-12.41,48.10,-0.94,1
q,2022-10-16 18:13:06.604694,0.25,-0.70,0.75,-14.40,16.24,-7.63,-11.87,51.33,-3.05,1
