T,2022-11-09 13:14:02.461070,0.57,-0.06,0.79,-5.00,-0.43,-4.58,66.11,18.73,-131.36,1
T,2022-11-09 13:14:02.480161,0.57,-0.08,0.80,-0.98,-5.92,-5.31,66.44,18.95,-132.71,1
T,2022-11-09 13:14:02.498152,0.60,-0.02,0.79,-4.27,-6.90,-7.93,66.44,18.95,-132.71,1
T,2022-11-09 13:14:02.516178,0.58,-0.03,0.80,-10.56,-9.58,-12.82,66.44,18.95,-132.71,1
T,2022-11-09 13:14:02.534850,0.52,-0.02,0.85,-10.50,-9.28,-12.08,65.50,18.38,-131.80,1
T,2022-11-09 13:14:02.553047,0.48,-0.03,0.84,-4.88,-3.85,-7.57,65.50,18.38,-131.80,1
T,2022-11-09 13:14:02.570893,0.55,-0.02,0.76,3.36,-4.39,-5.62,65.50,18.38,-131.80,1
T,2022-11-09 13:14:02.589821,0.58,-0.04,0.75,1.10,-6.53,-7.32,66.35,18.51,-130.15,1
T,2022-11-09 13:14:02.608032,0.48,-0.07,0.84,-8.24,-7.63,-8.85,66.35,18.51,-130.15,1
T,2022-11-09 13:14:02.626996,0.48,-0.04,0.85,-3.91,-2.56,-6.90,65.25,18.41,-130.88,1
T,2022-11-09 13:14:02.644802,0.50,-0.05,0.79,-15.87,1.40,-8.67,65.25,18.41,-130.88,1
T,2022-11-09 13:14:02.662831,0.54,0.02,0.81,-20.08,2.93,-8.67,65.25,18.41,-130.88,1
T,2022-11-09 13:14:02.681759,0.53,0.05,0.86,-9.34,1.10,-5.43,65.39,17.35,-131.26,1
T,2022-11-09 13:14:02.699869,0.48,0.06,0.85,7.32,-5.19,-2.75,65.39,17.35,-131.26,1
T,2022-11-09 13:14:02.717998,0.52,0.10,0.91,-5.43,-15.69,-20.08,65.39,17.35,-131.26,1
T,2022-11-09 13:14:02.736782,0.48,0.22,0.88,-6.29,-13.12,-24.23,65.14,17.30,-131.79,1
T,2022-11-09 13:14:02.754876,0.49,0.28,0.90,-12.51,-5.31,-38.39,65.14,17.30,-131.79,1
T,2022-11-09 13:14:02.773730,0.47,0.21,0.87,17.27,-1.16,-38.57,65.43,20.35,-128.87,1
T,2022-11-09 13:14:02.791837,0.45,0.05,0.86,39.25,-1.10,-40.53,65.43,20.35,-128.87,1
T,2022-11-09 13:14:02.809869,0.56,-0.02,0.69,60.55,-2.75,-28.81,65.43,20.35,-128.87,1
T,2022-11-09 13:14:02.828808,0.55,-0.24,0.78,54.08,2.14,-23.93,64.76,24.27,-127.28,1
T,2022-11-09 13:14:02.846783,0.59,-0.33,0.83,64.39,2.14,-8.54,64.76,24.27,-127.28,1
T,2022-11-09 13:14:02.864771,0.59,-0.41,0.76,43.95,5.00,-5.80,64.76,24.27,-127.28,1
T,2022-11-09 13:14:02.883922,0.54,-0.44,0.74,-5.86,5.92,-14.95,64.61,27.11,-126.70,1
T,2022-11-09 13:14:02.901993,0.55,-0.38,0.73,-32.23,3.60,-19.23,64.61,27.11,-126.70,1
T,2022-11-09 13:14:02.919857,0.53,-0.26,0.77,-47.73,0.55,-17.46,64.61,27.11,-126.70,1
T,2022-11-09 13:14:02.938816,0.51,-0.15,0.79,-34.79,-2.44,-9.89,63.72,27.08,-126.64,1
T,2022-11-09 13:14:02.957001,0.50,-0.13,0.78,-11.60,-5.55,-3.42,63.72,27.08,-126.64,1
T,2022-11-09 13:14:02.975792,0.49,-0.26,0.79,-10.19,-4.82,9.22,63.22,27.36,-125.39,1
T,2022-11-09 13:14:02.993793,0.46,-0.53,0.85,13.12,-2.01,42.79,63.22,27.36,-125.39,1
T,2022-11-09 13:14:03.011738,0.53,-0.61,0.69,16.17,9.77,89.66,63.22,27.36,-125.39,1
T,2022-11-09 13:14:03.030837,0.66,-0.27,0.53,-34.24,17.82,103.82,63.94,24.41,-126.45,1
T,2022-11-09 13:14:03.048757,0.62,0.07,0.75,-88.07,-2.69,47.18,63.94,24.41,-126.45,1
T,2022-11-09 13:14:03.066817,0.55,0.15,0.89,-76.66,-11.84,33.51,63.94,24.41,-126.45,1
T,2022-11-09 13:14:03.085755,0.56,0.34,0.87,-39.55,-20.39,30.21,65.36,19.27,-127.38,1
T,2022-11-09 13:14:03.103805,0.54,0.53,0.90,-48.46,-26.18,-5.86,65.36,19.27,-127.38,1
T,2022-11-09 13:14:03.122781,-0.05,0.01,1.68,15.81,-13.37,-12.21,65.64,17.40,-127.60,1
T,2022-11-09 13:14:03.140765,0.45,0.13,0.85,43.76,-17.76,-3.05,65.64,17.40,-127.60,1
T,2022-11-09 13:14:03.158828,0.40,-0.04,0.71,54.93,-20.32,-7.75,65.64,17.40,-127.60,1
T,2022-11-09 13:14:03.177793,0.33,-0.08,0.60,25.63,-22.46,-11.35,65.22,19.57,-129.11,1
T,2022-11-09 13:14:03.195956,0.29,-0.07,0.57,28.44,-40.16,-10.74,65.22,19.57,-129.11,1
T,2022-11-09 13:14:03.213811,0.32,-0.13,0.73,31.86,-43.15,-3.85,65.22,19.57,-129.11,1
T,2022-11-09 13:14:03.232714,0.44,-0.00,0.73,9.16,-32.53,1.16,65.58,18.90,-129.48,1
T,2022-11-09 13:14:03.250692,0.44,0.06,0.82,-1.59,-16.97,1.89,65.58,18.90,-129.48,1
T,2022-11-09 13:14:03.268724,0.52,0.03,0.94,2.62,-2.38,3.36,65.58,18.90,-129.48,1
T,2022-11-09 13:14:03.287709,0.51,-0.01,0.96,4.39,7.20,9.28,67.41,16.99,-131.36,1
T,2022-11-09 13:14:03.305797,0.63,-0.06,1.10,-15.56,10.13,4.27,67.41,16.99,-131.36,1
T,2022-11-09 13:14:03.324773,0.62,-0.03,1.10,-24.60,9.28,1.65,67.92,16.67,-132.53,1
T,2022-11-09 13:14:03.342872,0.59,-0.03,1.03,-18.07,-2.44,2.44,67.92,16.67,-132.53,1
T,2022-11-09 13:14:03.360716,0.57,-0.01,1.02,-18.31,-6.77,5.25,67.92,16.67,-132.53,1
T,2022-11-09 13:14:03.379759,0.49,0.03,0.91,-21.97,-11.11,2.81,67.80,16.04,-133.33,1
T,2022-11-09 13:14:03.397714,0.42,0.07,0.96,-10.50,-17.46,1.46,67.80,16.04,-133.33,1
T,2022-11-09 13:14:03.415772,0.16,0.14,1.27,25.88,-11.41,6.65,67.80,16.04,-133.33,1
T,2022-11-09 13:14:03.434690,0.03,0.32,1.34,26.86,30.82,-0.73,66.42,16.75,-132.13,1
T,2022-11-09 13:14:03.452698,0.39,0.39,1.06,93.63,88.32,15.93,66.42,16.75,-132.13,1
T,2022-11-09 13:14:03.471675,0.57,0.38,0.75,71.35,96.50,-1.95,66.24,23.24,-131.27,1
T,2022-11-09 13:14:03.489721,0.70,0.22,0.71,51.88,77.88,-12.94,66.24,23.24,-131.27,1
T,2022-11-09 13:14:03.507717,0.69,0.08,0.70,45.47,59.08,-17.46,66.24,23.24,-131.27,1
T,2022-11-09 13:14:03.526787,0.71,-0.01,0.64,62.68,29.91,-18.43,65.37,28.39,-128.93,1
T,2022-11-09 13:14:03.544790,0.76,-0.31,0.52,51.51,16.05,-21.79,65.37,28.39,-128.93,1
T,2022-11-09 13:14:03.562864,0.72,-0.41,0.56,33.33,3.66,-21.12,65.37,28.39,-128.93,1
T,2022-11-09 13:14:03.581878,0.68,-0.43,0.59,24.41,-5.25,-15.14,64.73,31.82,-127.32,1
T,2022-11-09 13:14:03.599976,0.70,-0.37,0.58,4.76,-12.39,-10.93,64.73,31.82,-127.32,1
