n,2022-11-04 13:31:03.009260,-2.542772,6.838189,-2.107005,0.313748,0.465763,-0.515971,21.436584,-71.204605,-153.775283,1
n,2022-11-04 13:31:03.106208,-5.937923,9.242090,-1.149275,0.564488,0.457108,0.257822,19.292926,-62.933361,-142.717285,1
n,2022-11-04 13:31:03.201419,-2.217144,8.183799,-2.863611,0.060477,0.735413,0.401368,19.292926,-62.933361,-142.717285,1
n,2022-11-04 13:31:03.297029,-2.566715,9.261244,-1.580254,-0.257775,0.250310,-0.078540,21.257946,-60.955455,-139.088882,1
n,2022-11-04 13:31:03.392091,0.268164,9.419270,-0.622524,0.329860,-0.365022,-0.229544,21.436584,-65.091072,-139.607223,1
n,2022-11-04 13:31:03.488475,-3.510078,8.609989,-0.996039,-2.493666,-1.553077,0.377133,15.184247,-64.911262,-138.397750,1
n,2022-11-04 13:31:03.584208,-0.665622,12.771323,1.450960,-0.487476,0.321285,-0.172285,-6.609613,-50.526496,-160.859313,1
n,2022-11-04 13:31:03.681824,-3.768666,4.434288,-0.814070,2.440181,0.518761,-1.039557,-6.609613,-50.526496,-160.859313,1
n,2022-11-04 13:31:03.777133,-1.747856,8.475907,-0.756606,-2.169022,-2.190114,-0.618105,15.362886,-70.485366,-131.659286,1
n,2022-11-04 13:31:03.873183,-3.534022,9.984331,0.186757,-0.034599,0.547657,0.131453,-5.716423,-61.494884,-148.591842,1
