b,2022-11-01 15:25:43.017692,0.26,-0.71,0.66,16.24,55.54,-5.86,-33.78,84.99,-54.27,1
b,2022-11-01 15:25:43.048945,0.24,-0.80,0.66,9.16,39.86,-4.58,-34.55,82.14,-56.53,1
b,2022-11-01 15:25:43.067441,0.25,-0.82,0.60,12.94,19.23,4.76,-34.55,82.14,-56.53,1
b,2022-11-01 15:25:43.082007,0.13,-0.95,0.52,-5.49,11.11,6.53,-34.29,80.40,-58.85,1
b,2022-11-01 15:25:43.111851,0.15,-0.89,0.56,-18.80,6.59,10.56,-34.29,80.40,-58.85,1
b,2022-11-01 15:25:43.129163,0.17,-0.89,0.61,-21.42,-11.17,19.29,-34.29,80.40,-58.85,1
b,2022-11-01 15:25:43.146017,0.17,-0.82,0.54,-19.10,-22.52,16.54,-34.18,80.14,-61.82,1
b,2022-11-01 15:25:43.159546,0.20,-0.76,0.57,-25.63,-41.50,11.41,-34.18,80.14,-61.82,1
b,2022-11-01 15:25:43.193513,0.05,-0.60,0.97,19.96,-31.86,15.75,-34.96,80.05,-61.76,1
b,2022-11-01 15:25:43.213103,0.09,-0.85,0.75,2.32,-29.24,6.96,-34.96,80.05,-61.76,1
b,2022-11-01 15:25:43.223356,0.12,-0.71,0.88,-12.82,-38.45,2.87,-34.96,80.05,-61.76,1
b,2022-11-01 15:25:43.239610,0.07,-0.80,0.77,-4.21,-47.79,-1.10,-35.40,78.92,-61.84,1
b,2022-11-01 15:25:43.271443,0.06,-0.67,0.61,10.25,-38.39,-16.30,-35.40,78.92,-61.84,1
b,2022-11-01 15:25:43.290394,-0.01,-0.64,0.61,4.58,-9.58,-17.15,-36.22,77.00,-59.75,1
b,2022-11-01 15:25:43.310187,0.02,-0.66,0.67,-6.71,42.60,-12.27,-36.22,77.00,-59.75,1
b,2022-11-01 15:25:43.324640,0.12,-0.68,0.86,-8.73,44.13,-5.00,-36.22,77.00,-59.75,1
b,2022-11-01 15:25:43.351913,0.12,-0.76,0.78,0.06,32.96,1.89,-33.58,74.32,-62.57,1
b,2022-11-01 15:25:43.370818,0.11,-0.84,0.55,4.46,21.24,6.90,-33.58,74.32,-62.57,1
b,2022-11-01 15:25:43.384307,0.10,-0.80,0.50,-13.18,23.07,8.67,-30.85,72.99,-63.17,1
b,2022-11-01 15:25:43.415560,0.09,-0.74,0.51,-52.43,36.50,13.31,-30.85,72.99,-63.17,1
b,2022-11-01 15:25:43.434519,0.10,-0.66,0.58,-64.03,40.89,13.18,-30.85,72.99,-63.17,1
b,2022-11-01 15:25:43.457124,0.07,-0.62,0.66,-52.37,28.63,11.11,-27.49,70.62,-67.24,1
b,2022-11-01 15:25:43.473660,0.07,-0.62,0.64,-28.56,10.25,-0.43,-27.49,70.62,-67.24,1
b,2022-11-01 15:25:43.493273,0.09,-0.45,0.69,-29.85,13.18,-3.97,-26.70,68.98,-68.77,1
b,2022-11-01 15:25:43.511342,0.07,-0.39,0.79,-21.24,17.40,4.46,-26.70,68.98,-68.77,1
b,2022-11-01 15:25:43.535066,0.08,-0.66,0.66,10.86,-3.42,5.07,-26.70,68.98,-68.77,1
b,2022-11-01 15:25:43.554450,0.09,-0.62,0.58,11.23,-10.19,-2.44,-27.80,69.41,-69.25,1
b,2022-11-01 15:25:43.562913,0.07,-0.65,0.65,-4.94,-8.42,-6.96,-27.80,69.41,-69.25,1
b,2022-11-01 15:25:43.595723,0.08,-0.51,0.76,-9.40,-4.33,-12.02,-30.66,69.75,-69.89,1
b,2022-11-01 15:25:43.613716,0.10,-0.48,0.82,23.62,-15.99,-8.00,-30.66,69.75,-69.89,1
b,2022-11-01 15:25:43.623416,0.09,-0.63,0.73,44.74,-26.92,-4.70,-30.66,69.75,-69.89,1
b,2022-11-01 15:25:43.657357,0.08,-0.72,0.63,34.67,-29.48,-7.45,-35.21,71.51,-68.13,1
b,2022-11-01 15:25:43.673954,0.09,-0.70,0.69,17.27,-22.52,-8.06,-35.21,71.51,-68.13,1
b,2022-11-01 15:25:43.688283,0.10,-0.64,0.83,12.70,-15.63,-6.29,-39.69,73.14,-65.39,1
b,2022-11-01 15:25:43.718992,0.12,-0.74,0.88,24.29,-13.12,3.60,-39.69,73.14,-65.39,1
b,2022-11-01 15:25:43.739935,0.11,-0.82,0.86,22.83,-9.64,5.43,-39.69,73.14,-65.39,1
b,2022-11-01 15:25:43.757763,0.12,-0.79,0.92,1.65,5.07,3.91,-42.80,74.62,-63.67,1
b,2022-11-01 15:25:43.777622,0.11,-0.74,1.10,-0.92,9.70,5.92,-42.80,74.62,-63.67,1
b,2022-11-01 15:25:43.799493,0.10,-0.79,0.92,16.11,-16.11,-3.85,-42.32,74.45,-64.86,1
b,2022-11-01 15:25:43.818931,0.10,-0.69,0.75,12.08,-10.44,7.57,-42.32,74.45,-64.86,1
b,2022-11-01 15:25:43.831155,0.05,-0.75,0.63,3.91,2.99,15.14,-42.32,74.45,-64.86,1
b,2022-11-01 15:25:43.850096,0.05,-0.74,0.79,-11.17,23.44,10.19,-41.32,75.11,-63.70,1
b,2022-11-01 15:25:43.877100,0.07,-0.62,0.82,-20.08,36.68,6.41,-41.32,75.11,-63.70,1
b,2022-11-01 15:25:43.896660,0.07,-0.60,0.84,-11.23,34.12,1.46,-38.35,73.63,-66.88,1
b,2022-11-01 15:25:43.914648,0.08,-0.64,0.73,10.56,17.52,-3.72,-38.35,73.63,-66.88,1
b,2022-11-01 15:25:43.935119,0.06,-0.60,0.64,12.21,15.63,-6.96,-38.35,73.63,-66.88,1
b,2022-11-01 15:25:43.958105,0.05,-0.60,0.65,13.49,11.47,-7.26,-36.66,72.34,-66.06,1
b,2022-11-01 15:25:43.978554,0.06,-0.71,0.57,17.33,0.00,-9.46,-36.66,72.34,-66.06,1
b,2022-11-01 15:25:43.992605,0.03,-0.69,0.58,10.50,0.31,-15.26,-36.85,71.51,-67.18,1
b,2022-11-01 15:25:44.020008,0.05,-0.61,0.67,8.54,5.98,-27.95,-36.85,71.51,-67.18,1
b,2022-11-01 15:25:44.041854,0.06,-0.57,0.71,16.66,0.00,-25.45,-36.85,71.51,-67.18,1
b,2022-11-01 15:25:44.053452,0.07,-0.72,0.62,31.01,-11.78,-23.32,-39.51,69.17,-66.64,1
b,2022-11-01 15:25:44.069383,0.08,-0.76,0.57,26.67,-13.43,-18.86,-39.51,69.17,-66.64,1
b,2022-11-01 15:25:44.100832,0.06,-0.85,0.58,16.48,-15.08,-10.56,-41.24,68.95,-65.08,1
b,2022-11-01 15:25:44.123177,0.06,-0.87,0.64,9.70,-16.30,-6.04,-41.24,68.95,-65.08,1
b,2022-11-01 15:25:44.137132,0.06,-0.83,0.62,4.88,-16.66,-3.17,-41.24,68.95,-65.08,1
b,2022-11-01 15:25:44.163516,0.06,-0.78,0.66,-1.34,-15.38,-0.61,-43.68,68.95,-63.60,1
b,2022-11-01 15:25:44.183412,0.04,-0.75,0.72,-0.06,-17.64,7.57,-43.68,68.95,-63.60,1
b,2022-11-01 15:25:44.203204,0.03,-0.78,0.71,7.45,-19.47,9.52,-44.70,70.06,-61.01,1
b,2022-11-01 15:25:44.215883,0.01,-0.76,0.70,10.38,-11.90,8.18,-44.70,70.06,-61.01,1
b,2022-11-01 15:25:44.244782,0.05,-0.70,0.77,8.24,-0.73,11.47,-44.70,70.06,-61.01,1
b,2022-11-01 15:25:44.264932,0.04,-0.71,0.77,13.67,-2.81,17.21,-45.68,72.03,-60.60,1
b,2022-11-01 15:25:44.276590,0.01,-0.79,0.65,21.00,-4.88,19.59,-45.68,72.03,-60.60,1
b,2022-11-01 15:25:44.292556,0.02,-0.78,0.64,15.08,-3.17,17.52,-44.64,74.61,-59.79,1
b,2022-11-01 15:25:44.323814,0.01,-0.79,0.64,4.27,-2.62,15.56,-44.64,74.61,-59.79,1
