e,2022-10-31 12:00:57.263431,-4.209221,7.532542,-2.547560,0.327112,-0.113711,-0.672923,69.847541,-59.516979,-140.471130,1
e,2022-10-31 12:00:57.359371,-5.981020,7.096776,-1.249837,0.008992,-0.187348,-0.149870,54.484653,-59.516979,-99.003639,1
e,2022-10-31 12:00:57.455271,-4.276262,8.231685,-0.780550,-0.004324,-0.055520,0.234563,48.768230,-70.305557,-94.511322,1
e,2022-10-31 12:00:57.551518,-2.288974,10.290803,-0.057464,-0.082622,0.015721,-0.341355,49.125507,-75.340225,-107.642700,1
e,2022-10-31 12:00:57.647395,-7.417615,7.867748,-1.326455,0.114189,-0.084682,-0.619260,49.125507,-75.340225,-107.642700,1
e,2022-10-31 12:00:57.743364,-5.937923,7.575640,-0.976884,0.334436,-0.002256,0.434170,26.617092,-69.226699,-91.055702,1
e,2022-10-31 12:00:57.839275,-4.616256,6.957905,-0.948152,-0.147737,0.270456,0.499551,32.869430,-72.643081,-70.494735,1
e,2022-10-31 12:00:57.935420,-1.235471,9.357017,-0.023943,-0.503940,-0.021830,0.393689,50.197334,-84.690322,-80.343261,1
e,2022-10-31 12:00:58.047068,-3.012059,10.410520,-0.459710,-0.277169,-0.168440,-0.294749,46.803211,-66.889167,-126.821411,1
e,2022-10-31 12:00:58.143022,-5.080755,9.792784,-0.651256,0.325248,-0.393214,-0.613134,46.803211,-66.889167,-126.821411,1
e,2022-10-31 12:00:58.239019,-5.765532,7.748032,-0.124505,-0.497282,0.008397,-0.269049,10.718293,-50.706306,-119.564598,1
e,2022-10-31 12:00:58.335027,-4.563581,8.801534,-0.339994,0.121379,0.080570,0.015914,3.036849,-51.245735,-106.951568,1
e,2022-10-31 12:00:58.431006,-4.774281,8.638720,-0.292108,-0.078760,-0.105854,0.009655,3.394126,-50.526496,-106.951568,1
