e,2022-10-31 12:01:02.381558,-1.225894,9.687434,-0.416612,0.416462,-0.116507,-0.185690,92.355949,-46.570686,-142.198944,1
e,2022-10-31 12:01:02.477816,-1.527578,9.787996,-1.216316,0.387966,-0.679774,-0.512332,81.101745,-60.056407,-128.894790,1
e,2022-10-31 12:01:02.573625,-6.196510,8.949982,-0.416612,0.054000,-0.248602,-0.386496,81.101745,-60.056407,-128.894790,1
e,2022-10-31 12:01:02.669781,-4.395978,8.648298,-0.665622,0.069580,0.187231,0.216986,80.744468,-65.450691,-120.601287,1
e,2022-10-31 12:01:02.765788,-1.699970,7.977887,-1.254626,-0.208724,0.153275,0.467060,87.175445,-74.800796,-93.647415,1
e,2022-10-31 12:01:02.861532,1.709547,5.267512,0.349571,0.068914,0.113460,-0.025099,87.711357,-95.838516,-97.966949,1
e,2022-10-31 12:01:02.957830,-3.165296,10.554180,0.114928,0.105533,-0.463789,-0.585304,87.711357,-95.838516,-97.966949,1
e,2022-10-31 12:01:03.069175,-5.751165,10.127989,-0.344783,0.264926,-0.169372,-0.043076,91.820037,-76.958511,-117.491226,1
e,2022-10-31 12:01:03.149600,-4.697663,6.847766,-0.105350,-0.059985,0.398290,0.336031,97.715095,-64.192024,-99.003639,1
e,2022-10-31 12:01:03.245542,-0.612947,8.447175,0.454922,-0.447214,0.284704,0.718733,91.820037,-88.106704,-66.002426,1
e,2022-10-31 12:01:03.357105,-1.235471,10.137567,0.747029,-0.409263,-0.070567,-0.273043,91.820037,-88.106704,-66.002426,1
e,2022-10-31 12:01:03.453059,-3.476558,11.267688,0.402246,0.093682,-0.293344,-0.765203,86.818168,-85.229751,-134.769348,1
e,2022-10-31 12:01:03.549129,-5.679336,7.537331,-0.158025,-0.103927,0.040089,-0.304336,77.528984,-53.583259,-161.032089,1
e,2022-10-31 12:01:03.644909,-3.553176,9.227724,0.435767,0.079700,-0.002788,0.023238,75.385322,-51.065925,-155.848648,1
e,2022-10-31 12:01:03.740791,-3.706413,9.198992,0.464499,-0.026828,-0.085614,0.073040,75.206687,-50.886116,-154.639190,1
e,2022-10-31 12:01:03.836960,-3.586697,10.688261,1.455749,-0.045603,0.086163,0.387963,75.206687,-50.886116,-154.639190,1
