g,2022-11-02 14:51:11.768553,-0.26,-0.26,0.90,0.61,0.12,6.65,-49.16,41.49,-3.15,1
g,2022-11-02 14:51:11.791161,-0.28,-0.29,0.90,0.37,-2.62,6.71,-50.09,41.56,-2.88,1
g,2022-11-02 14:51:11.812953,-0.32,-0.24,0.88,1.71,3.54,5.98,-50.09,41.56,-2.88,1
g,2022-11-02 14:51:11.832434,-0.28,-0.23,0.90,6.29,14.95,7.14,-50.09,41.56,-2.88,1
g,2022-11-02 14:51:11.854620,-0.24,-0.28,0.94,1.16,22.89,9.83,-51.27,41.50,-3.03,1
g,2022-11-02 14:51:11.876528,-0.23,-0.28,0.94,-2.69,20.14,14.10,-51.27,41.50,-3.03,1
g,2022-11-02 14:51:11.898917,-0.35,-0.28,0.99,7.93,-2.38,-6.84,-51.88,42.59,-3.81,1
g,2022-11-02 14:51:11.919660,-0.30,-0.25,0.78,8.06,5.13,3.23,-51.88,42.59,-3.81,1
g,2022-11-02 14:51:11.941565,-0.29,-0.29,0.87,-2.93,9.52,9.58,-50.95,43.53,-2.87,1
g,2022-11-02 14:51:11.961892,-0.28,-0.28,0.87,-3.72,-3.91,22.64,-50.95,43.53,-2.87,1
g,2022-11-02 14:51:11.982749,-0.27,-0.33,0.81,-3.66,-17.94,27.77,-50.95,43.53,-2.87,1
g,2022-11-02 14:51:12.004410,-0.25,-0.28,0.79,-8.18,-33.81,24.60,-48.61,45.45,-3.86,1
g,2022-11-02 14:51:12.023994,-0.24,-0.16,0.84,-14.53,-39.73,18.49,-48.61,45.45,-3.86,1
g,2022-11-02 14:51:12.046490,-0.21,-0.14,0.90,-18.31,-48.58,3.23,-44.45,47.13,0.15,1
g,2022-11-02 14:51:12.068422,-0.25,-0.00,0.98,-20.51,-53.59,-13.31,-44.45,47.13,0.15,1
g,2022-11-02 14:51:12.088183,-0.33,0.11,1.02,-1.22,-41.99,-25.21,-44.45,47.13,0.15,1
g,2022-11-02 14:51:12.109744,-0.35,0.01,1.01,12.63,-24.23,-25.33,-44.10,46.39,0.51,1
g,2022-11-02 14:51:12.130719,-0.41,-0.11,1.02,25.94,0.24,-25.27,-44.10,46.39,0.51,1
g,2022-11-02 14:51:12.151900,-0.44,-0.26,1.01,27.47,13.92,-18.80,-46.01,43.46,2.43,1
g,2022-11-02 14:51:12.173135,-0.43,-0.33,1.00,16.72,28.20,-5.13,-46.01,43.46,2.43,1
g,2022-11-02 14:51:12.194408,-0.41,-0.36,0.99,15.38,34.42,2.56,-49.43,41.36,1.94,1
g,2022-11-02 14:51:12.216476,-0.37,-0.41,0.92,15.93,37.35,12.51,-49.43,41.36,1.94,1
g,2022-11-02 14:51:12.237230,-0.36,-0.37,0.87,0.61,33.51,21.61,-49.43,41.36,1.94,1
g,2022-11-02 14:51:12.261647,-0.29,-0.39,0.86,-6.96,29.42,24.54,-51.67,42.19,-0.54,1
g,2022-11-02 14:51:12.283638,-0.25,-0.28,0.85,-15.50,11.54,12.02,-51.67,42.19,-0.54,1
g,2022-11-02 14:51:12.304225,-0.27,-0.11,0.82,-15.93,-0.67,2.69,-51.67,42.27,-1.14,1
g,2022-11-02 14:51:12.327405,-0.31,-0.01,0.72,-10.38,-6.41,0.61,-51.67,42.27,-1.14,1
g,2022-11-02 14:51:12.348442,-0.30,-0.19,0.75,5.00,9.46,15.99,-51.88,42.83,-3.17,1
g,2022-11-02 14:51:12.368889,-0.21,-0.47,0.86,-8.12,-4.76,4.52,-51.88,42.83,-3.17,1
g,2022-11-02 14:51:12.390505,-0.30,-0.11,0.74,-7.81,-34.42,-19.59,-51.88,42.83,-3.17,1
g,2022-11-02 14:51:12.412788,-0.31,-0.14,0.75,-2.62,-32.84,-14.10,-51.18,42.58,0.21,1
g,2022-11-02 14:51:12.434124,-0.32,-0.23,0.84,3.23,-31.74,-15.50,-51.18,42.58,0.21,1
g,2022-11-02 14:51:12.455892,-0.38,-0.18,0.85,7.81,-28.38,-14.16,-49.17,41.69,1.77,1
g,2022-11-02 14:51:12.477305,-0.38,-0.28,0.93,7.93,-22.89,-9.16,-49.17,41.69,1.77,1
g,2022-11-02 14:51:12.500509,-0.42,-0.23,0.99,3.78,-17.40,-4.03,-47.08,40.44,3.03,1
g,2022-11-02 14:51:12.522075,-0.42,-0.28,0.95,3.78,-14.47,3.30,-47.08,40.44,3.03,1
g,2022-11-02 14:51:12.542862,-0.42,-0.30,0.95,1.59,-8.06,3.11,-47.08,40.44,3.03,1
g,2022-11-02 14:51:12.565503,-0.41,-0.27,1.02,4.64,0.12,2.14,-44.76,40.87,3.78,1
g,2022-11-02 14:51:12.586083,-0.42,-0.26,1.03,6.23,-1.65,3.48,-44.76,40.87,3.78,1
g,2022-11-02 14:51:12.607230,-0.44,-0.26,0.96,7.57,-6.41,11.66,-42.37,40.77,1.97,1
g,2022-11-02 14:51:12.627326,-0.45,-0.29,0.89,7.26,-5.00,20.57,-42.37,40.77,1.97,1
g,2022-11-02 14:51:12.648999,-0.45,-0.28,0.80,2.44,4.76,35.52,-40.42,42.49,3.64,1
g,2022-11-02 14:51:12.670226,-0.49,-0.23,0.78,-9.22,20.63,45.04,-40.42,42.49,3.64,1
g,2022-11-02 14:51:12.692397,-0.58,-0.44,0.90,-17.46,50.54,49.99,-40.42,42.49,3.64,1
g,2022-11-02 14:51:12.714863,-0.49,-0.31,1.01,-11.47,35.77,16.97,-37.41,45.40,-1.23,1
g,2022-11-02 14:51:12.737311,-0.43,-0.15,0.91,4.33,39.12,21.61,-37.41,45.40,-1.23,1
g,2022-11-02 14:51:12.759479,-0.34,-0.33,0.81,18.49,31.86,30.76,-33.91,45.43,-5.14,1
g,2022-11-02 14:51:12.781059,-0.30,-0.39,0.75,22.34,24.84,43.95,-33.91,45.43,-5.14,1
g,2022-11-02 14:51:12.802883,-0.23,-0.57,0.64,17.52,4.03,56.46,-28.99,45.36,-8.03,1
g,2022-11-02 14:51:12.823849,-0.18,-0.69,0.59,4.21,-20.81,77.88,-28.99,45.36,-8.03,1
g,2022-11-02 14:51:12.844536,-0.21,-0.73,0.56,-12.57,-36.19,85.94,-28.99,45.36,-8.03,1
g,2022-11-02 14:51:12.865993,-0.20,-0.51,0.63,-44.80,-44.74,79.83,-19.37,45.73,-10.31,1
g,2022-11-02 14:51:12.887833,-0.19,-0.33,0.71,-55.18,-49.26,81.67,-19.37,45.73,-10.31,1
g,2022-11-02 14:51:12.910696,-0.19,-0.31,0.74,-51.94,-60.06,82.15,-8.92,43.95,-15.82,1
g,2022-11-02 14:51:12.931938,-0.26,-0.29,0.74,-68.48,-59.75,72.81,-8.92,43.95,-15.82,1
g,2022-11-02 14:51:12.953802,-0.49,-0.01,0.93,-92.59,-41.87,51.15,-2.14,37.96,-20.47,1
g,2022-11-02 14:51:12.975644,-0.34,0.29,1.13,-54.50,-15.14,39.92,-2.14,37.96,-20.47,1
g,2022-11-02 14:51:12.997188,-0.27,0.13,1.07,-22.16,-18.43,43.09,-2.14,37.96,-20.47,1
g,2022-11-02 14:51:13.018491,-0.31,0.08,1.02,-25.15,-18.80,29.97,-0.17,32.45,-22.20,1
