v,2022-11-04 13:46:53.437896,0.32,-0.06,0.96,-5.86,-9.77,-5.31,-15.03,9.03,-45.91,1
v,2022-11-04 13:46:53.458852,0.28,-0.04,0.97,-6.04,-10.31,-3.30,-15.03,9.03,-45.91,1
v,2022-11-04 13:46:53.480282,0.22,-0.05,0.99,-3.30,-8.73,-2.38,-15.00,8.57,-46.18,1
v,2022-11-04 13:46:53.497355,0.27,-0.12,0.97,3.54,-8.73,0.31,-15.00,8.57,-46.18,1
v,2022-11-04 13:46:53.517342,0.29,-0.14,0.96,-4.46,-9.46,-1.04,-15.00,8.57,-46.18,1
v,2022-11-04 13:46:53.537850,0.24,-0.04,0.97,-15.38,-6.96,-3.17,-15.95,9.07,-46.34,1
v,2022-11-04 13:46:53.560309,0.25,-0.01,0.94,1.71,-2.01,3.72,-15.95,9.07,-46.34,1
v,2022-11-04 13:46:53.576474,0.31,-0.10,0.90,7.14,-1.16,9.89,-16.50,8.90,-44.92,1
v,2022-11-04 13:46:53.596407,0.27,-0.15,0.93,-6.71,-0.31,8.97,-16.50,8.90,-44.92,1
v,2022-11-04 13:46:53.614750,0.14,0.24,1.17,2.44,-1.34,8.61,-16.50,8.90,-44.92,1
v,2022-11-04 13:46:53.638897,0.22,-0.05,0.81,64.70,-6.16,22.28,-16.42,10.19,-46.11,1
v,2022-11-04 13:46:53.653920,0.24,-0.47,0.82,75.26,-0.24,16.48,-16.42,10.19,-46.11,1
v,2022-11-04 13:46:53.672249,0.21,-0.14,0.73,-15.63,11.72,-4.52,-16.42,10.19,-46.11,1
v,2022-11-04 13:46:53.692194,0.22,-0.03,0.75,-49.74,25.33,-4.15,-17.10,10.33,-45.91,1
v,2022-11-04 13:46:53.711351,0.24,0.01,0.80,-67.38,36.99,-0.67,-17.10,10.33,-45.91,1
v,2022-11-04 13:46:53.732243,-0.05,-0.08,1.28,-89.90,10.13,-8.12,-16.15,7.96,-45.98,1
v,2022-11-04 13:46:53.749004,0.22,0.26,1.05,-53.16,-9.83,-24.48,-16.15,7.96,-45.98,1
v,2022-11-04 13:46:53.768151,0.22,0.25,0.89,-2.99,-18.68,-14.71,-16.15,7.96,-45.98,1
v,2022-11-04 13:46:53.788003,0.22,0.05,0.95,18.43,-21.61,-5.31,-16.33,6.63,-43.91,1
v,2022-11-04 13:46:53.810912,0.21,0.01,0.92,16.54,-30.58,-9.58,-16.33,6.63,-43.91,1
v,2022-11-04 13:46:53.826183,0.23,0.07,0.95,3.78,-29.66,-13.85,-16.33,6.63,-43.91,1
v,2022-11-04 13:46:53.844948,0.25,0.13,0.96,0.43,-18.43,-7.87,-17.08,6.04,-43.99,1
v,2022-11-04 13:46:53.863887,0.25,-0.16,1.09,15.50,-20.14,-4.70,-17.08,6.04,-43.99,1
v,2022-11-04 13:46:53.886119,0.25,0.17,0.98,-0.98,-14.16,-3.54,-17.71,6.41,-43.85,1
v,2022-11-04 13:46:53.902413,0.20,0.19,1.07,23.62,9.83,26.37,-17.71,6.41,-43.85,1
v,2022-11-04 13:46:53.920147,0.26,-0.50,1.25,60.73,10.93,42.54,-17.71,6.41,-43.85,1
v,2022-11-04 13:46:53.940264,0.22,-0.38,1.11,14.95,-14.71,4.88,-18.12,7.69,-43.29,1
v,2022-11-04 13:46:53.959941,0.60,-0.19,0.50,6.71,-16.60,-8.67,-18.12,7.69,-43.29,1
v,2022-11-04 13:46:53.980310,0.23,0.22,1.06,-59.69,45.59,-10.99,-18.12,7.69,-43.29,1
v,2022-11-04 13:46:53.997918,0.26,0.16,1.14,-31.43,34.36,3.17,-17.54,6.40,-44.27,1
v,2022-11-04 13:46:54.016929,0.22,-0.04,1.13,-40.47,39.31,-1.10,-17.54,6.40,-44.27,1
v,2022-11-04 13:46:54.036954,0.28,0.01,1.11,-36.74,30.70,-5.86,-16.41,5.63,-45.87,1
v,2022-11-04 13:46:54.058456,0.27,0.05,0.98,-27.83,22.83,-3.78,-16.41,5.63,-45.87,1
v,2022-11-04 13:46:54.074554,0.27,-0.00,0.91,-15.01,15.93,-12.15,-16.41,5.63,-45.87,1
v,2022-11-04 13:46:54.092832,0.18,0.07,0.91,-28.14,8.36,-18.19,-16.14,4.72,-45.58,1
v,2022-11-04 13:46:54.111912,0.19,0.09,0.86,-10.38,4.27,-15.44,-16.14,4.72,-45.58,1
v,2022-11-04 13:46:54.133638,0.18,0.02,0.85,7.08,-0.98,-11.29,-16.25,4.25,-44.34,1
v,2022-11-04 13:46:54.150287,0.19,0.09,0.82,18.13,-11.90,1.59,-16.25,4.25,-44.34,1
v,2022-11-04 13:46:54.169232,0.17,0.04,0.76,15.20,-7.08,11.90,-16.25,4.25,-44.34,1
v,2022-11-04 13:46:54.188914,-0.15,0.04,0.77,12.02,3.17,14.53,-16.77,4.79,-45.98,1
v,2022-11-04 13:46:54.208534,0.11,0.05,0.79,35.95,29.97,-5.37,-16.77,4.79,-45.98,1
v,2022-11-04 13:46:54.229245,0.34,0.03,0.85,18.01,36.32,-16.30,-16.77,4.79,-45.98,1
v,2022-11-04 13:46:54.247153,0.37,0.03,0.91,-2.62,29.54,-19.84,-14.71,4.60,-46.00,1
v,2022-11-04 13:46:54.265294,0.38,0.05,0.94,-6.41,17.76,-19.23,-14.71,4.60,-46.00,1
v,2022-11-04 13:46:54.285944,0.40,0.08,0.95,1.40,9.95,-15.20,-13.85,4.05,-46.02,1
