y,2022-10-20 18:33:52.501170,0.05,-0.37,0.94,0.00,6.71,-9.77,-17.25,34.46,-132.56,1
y,2022-10-20 18:33:52.520262,0.05,-0.42,0.94,-0.79,7.20,-7.51,-21.44,36.45,-134.02,1
y,2022-10-20 18:33:52.538264,-0.01,-0.44,0.97,-9.46,8.79,-6.10,-21.44,36.45,-134.02,1
y,2022-10-20 18:33:52.556514,-0.01,-0.40,1.02,-7.14,16.48,-2.75,-21.44,36.45,-134.02,1
y,2022-10-20 18:33:52.576298,0.03,-0.39,0.99,-2.62,21.91,-0.79,-23.39,37.37,-135.39,1
y,2022-10-20 18:33:52.594275,0.09,-0.41,0.95,2.50,22.22,4.94,-23.39,37.37,-135.39,1
y,2022-10-20 18:33:52.612250,0.11,-0.39,0.88,3.17,16.97,15.08,-23.39,37.37,-135.39,1
y,2022-10-20 18:33:52.631070,0.13,-0.35,0.88,5.62,2.44,14.40,-22.62,39.11,-138.00,1
y,2022-10-20 18:33:52.649132,0.07,-0.35,0.91,0.00,4.15,9.95,-22.62,39.11,-138.00,1
y,2022-10-20 18:33:52.668320,0.10,-0.31,0.95,-5.98,11.41,4.64,-19.58,39.99,-140.23,1
y,2022-10-20 18:33:52.686320,0.11,-0.27,0.93,-1.71,16.66,6.04,-19.58,39.99,-140.23,1
y,2022-10-20 18:33:52.704198,0.13,-0.29,0.89,1.34,15.93,8.97,-19.58,39.99,-140.23,1
y,2022-10-20 18:33:52.723353,0.12,-0.30,0.89,1.34,12.82,13.73,-16.76,41.97,-141.50,1
y,2022-10-20 18:33:52.741188,0.12,-0.28,0.88,-4.64,13.24,11.90,-16.76,41.97,-141.50,1
y,2022-10-20 18:33:52.759411,0.11,-0.25,0.89,-19.65,14.53,1.71,-16.76,41.97,-141.50,1
y,2022-10-20 18:33:52.778183,0.10,-0.24,0.85,-20.26,13.92,1.28,-13.05,42.92,-144.73,1
y,2022-10-20 18:33:52.796211,0.13,-0.22,0.79,-15.56,6.90,4.88,-13.05,42.92,-144.73,1
y,2022-10-20 18:33:52.815037,0.14,-0.17,0.76,-19.35,-2.99,1.95,-10.96,43.64,-146.37,1
y,2022-10-20 18:33:52.833407,-0.49,-0.18,1.01,-24.84,-10.31,-5.19,-10.96,43.64,-146.37,1
y,2022-10-20 18:33:52.851180,0.09,0.07,1.00,28.38,9.16,4.58,-10.96,43.64,-146.37,1
y,2022-10-20 18:33:52.870162,0.09,-0.31,0.85,24.48,7.93,7.14,-10.25,45.62,-146.87,1
y,2022-10-20 18:33:52.888452,-0.00,-0.09,0.74,-20.14,2.62,-2.99,-10.25,45.62,-146.87,1
y,2022-10-20 18:33:52.906571,0.02,-0.10,0.82,-21.91,-19.23,-18.07,-10.25,45.62,-146.87,1
y,2022-10-20 18:33:52.925315,0.07,-0.13,0.86,3.05,-39.43,-17.70,-14.94,43.87,-146.22,1
y,2022-10-20 18:33:52.943352,0.10,-0.14,1.06,18.86,-43.76,-15.26,-14.94,43.87,-146.22,1
y,2022-10-20 18:33:52.961270,0.09,-0.20,1.08,23.25,-25.57,-12.88,-14.94,43.87,-146.22,1
y,2022-10-20 18:33:52.980217,0.13,-0.23,1.11,22.28,-13.12,-12.21,-22.50,44.84,-140.56,1
y,2022-10-20 18:33:52.998164,0.10,-0.31,1.08,25.15,-6.23,-9.77,-22.50,44.84,-140.56,1
y,2022-10-20 18:33:53.017174,0.11,-0.32,1.09,16.48,0.61,-11.84,-27.59,45.67,-140.87,1
y,2022-10-20 18:33:53.035312,0.14,-0.39,1.08,13.98,6.96,-10.86,-27.59,45.67,-140.87,1
y,2022-10-20 18:33:53.053227,0.12,-0.41,1.05,17.64,11.96,-3.78,-27.59,45.67,-140.87,1
y,2022-10-20 18:33:53.072111,0.13,-0.39,1.06,12.15,18.92,0.24,-29.15,47.60,-142.09,1
y,2022-10-20 18:33:53.090387,0.11,-0.40,0.97,-14.34,33.87,-5.49,-29.15,47.60,-142.09,1
y,2022-10-20 18:33:53.108249,0.08,-0.36,0.83,-21.06,27.47,-5.37,-29.15,47.60,-142.09,1
y,2022-10-20 18:33:53.127314,0.08,-0.32,0.81,-23.44,16.24,-7.08,-27.76,46.69,-148.30,1
y,2022-10-20 18:33:53.145448,0.05,-0.27,0.80,-16.11,0.61,-7.93,-27.76,46.69,-148.30,1
y,2022-10-20 18:33:53.164230,0.05,-0.25,0.81,-7.20,-7.26,-1.89,-26.45,46.68,-149.88,1
y,2022-10-20 18:33:53.182333,0.03,-0.24,0.76,-0.73,-10.13,0.85,-26.45,46.68,-149.88,1
y,2022-10-20 18:33:53.200163,0.05,-0.27,0.83,-4.64,-4.82,1.89,-26.45,46.68,-149.88,1
y,2022-10-20 18:33:53.219008,0.01,-0.26,0.76,-16.17,10.74,2.69,-25.26,45.32,-151.28,1
y,2022-10-20 18:33:53.237354,-0.05,-0.10,0.63,-42.54,3.91,-11.60,-25.26,45.32,-151.28,1
y,2022-10-20 18:33:53.255353,0.01,-0.17,0.75,-6.77,-37.35,-21.24,-25.26,45.32,-151.28,1
y,2022-10-20 18:33:53.274269,0.03,-0.19,0.80,6.65,-53.34,-16.24,-30.43,42.21,-148.57,1
y,2022-10-20 18:33:53.292588,-0.00,-0.21,0.81,13.79,-54.57,-10.86,-30.43,42.21,-148.57,1
y,2022-10-20 18:33:53.311276,0.01,-0.24,0.87,13.85,-51.76,-9.28,-30.43,42.21,-148.57,1
y,2022-10-20 18:33:53.330012,0.02,-0.29,0.90,18.01,-48.52,-7.81,-39.14,40.31,-138.55,1
y,2022-10-20 18:33:53.348257,0.00,-0.32,0.96,19.59,-43.58,-4.09,-39.14,40.31,-138.55,1
y,2022-10-20 18:33:53.367342,-0.01,-0.33,0.99,18.86,-36.99,-2.50,-40.76,38.17,-130.87,1
y,2022-10-20 18:33:53.385238,0.00,-0.34,1.03,11.96,-30.88,-5.43,-40.76,38.17,-130.87,1
y,2022-10-20 18:33:53.403288,0.01,-0.34,1.14,15.81,-22.40,-1.59,-40.76,38.17,-130.87,1
y,2022-10-20 18:33:53.422007,0.00,-0.40,1.09,15.20,-14.77,3.48,-39.66,35.21,-124.01,1
y,2022-10-20 18:33:53.440219,-0.01,-0.43,1.05,11.05,-11.72,9.52,-39.66,35.21,-124.01,1
y,2022-10-20 18:33:53.458128,-0.00,-0.41,1.05,8.42,-13.00,15.81,-39.66,35.21,-124.01,1
y,2022-10-20 18:33:53.477295,-0.02,-0.34,1.09,6.35,-12.39,17.94,-36.34,36.34,-121.11,1
y,2022-10-20 18:33:53.495138,-0.04,-0.27,1.09,6.16,-1.83,15.93,-36.34,36.34,-121.11,1
y,2022-10-20 18:33:53.514009,-0.05,-0.26,1.01,12.08,2.50,16.91,-32.79,37.63,-121.02,1
y,2022-10-20 18:33:53.532303,-0.07,-0.21,0.98,10.13,6.71,17.64,-32.79,37.63,-121.02,1
y,2022-10-20 18:33:53.549996,-0.07,-0.20,0.96,7.39,5.25,12.21,-32.79,37.63,-121.02,1
y,2022-10-20 18:33:53.569302,-0.07,-0.20,0.94,5.37,-2.26,4.88,-31.03,39.18,-121.48,1
y,2022-10-20 18:33:53.587345,-0.06,-0.24,0.92,3.17,-5.74,-0.24,-31.03,39.18,-121.48,1
y,2022-10-20 18:33:53.605318,-0.06,-0.27,0.93,6.23,-6.71,2.26,-31.03,39.18,-121.48,1
y,2022-10-20 18:33:53.624241,-0.06,-0.31,0.91,9.58,-5.68,6.71,-31.20,39.51,-119.15,1
y,2022-10-20 18:33:53.642280,-0.06,-0.35,0.90,2.99,-2.75,7.87,-31.20,39.51,-119.15,1
