o,2022-10-13 17:12:05.739332,0.09,-0.43,1.30,33.33,1.04,15.63,-19.78,55.80,-69.48,1
o,2022-10-13 17:12:05.757310,0.62,-0.07,0.92,11.35,-6.53,4.33,-19.78,55.80,-69.48,1
o,2022-10-13 17:12:05.775752,0.57,-0.08,0.79,-26.73,-5.49,-18.37,-19.78,55.80,-69.48,1
o,2022-10-13 17:12:05.794593,0.61,0.04,0.82,-37.11,-15.32,-15.75,-18.86,53.27,-70.58,1
o,2022-10-13 17:12:05.812578,0.51,0.14,0.77,-37.29,-11.60,-2.50,-18.86,53.27,-70.58,1
o,2022-10-13 17:12:05.830517,0.48,0.13,0.72,-31.25,-6.10,11.11,-18.86,53.27,-70.58,1
o,2022-10-13 17:12:05.849429,0.44,0.05,0.67,-37.54,-0.18,17.40,-15.93,51.73,-72.19,1
o,2022-10-13 17:12:05.867462,0.33,-0.04,0.59,-33.69,-1.65,35.83,-15.93,51.73,-72.19,1
o,2022-10-13 17:12:05.885502,0.32,0.06,0.56,-11.60,-21.91,65.61,-15.93,51.73,-72.19,1
o,2022-10-13 17:12:05.904429,0.28,0.18,0.56,10.25,-50.17,80.99,-10.64,53.25,-72.66,1
o,2022-10-13 17:12:05.922430,0.24,0.52,0.82,23.38,-67.99,73.91,-10.64,53.25,-72.66,1
o,2022-10-13 17:12:05.941329,0.27,0.71,0.93,19.78,-67.44,43.40,-12.90,58.85,-65.01,1
o,2022-10-13 17:12:05.959324,0.24,0.70,0.93,26.86,-59.57,18.31,-12.90,58.85,-65.01,1
o,2022-10-13 17:12:05.977410,0.29,0.79,1.02,76.78,-65.12,4.03,-12.90,58.85,-65.01,1
o,2022-10-13 17:12:05.996474,0.44,0.62,1.19,98.21,-49.62,-10.31,-23.99,65.52,-55.37,1
o,2022-10-13 17:12:06.014445,0.49,0.43,1.18,95.58,-21.36,-27.04,-23.99,65.52,-55.37,1
o,2022-10-13 17:12:06.032481,0.54,0.17,1.13,52.06,24.96,-65.80,-23.99,65.52,-55.37,1
o,2022-10-13 17:12:06.051601,0.59,-0.05,1.02,27.59,51.09,-75.81,-33.33,65.10,-53.00,1
o,2022-10-13 17:12:06.069514,0.69,-0.16,0.95,-17.46,85.63,-81.42,-33.33,65.10,-53.00,1
o,2022-10-13 17:12:06.088582,0.58,-0.52,0.60,-36.62,87.16,-59.33,-30.87,56.20,-62.83,1
o,2022-10-13 17:12:06.106515,0.46,-0.56,0.52,-50.54,57.50,-8.18,-30.87,56.20,-62.83,1
o,2022-10-13 17:12:06.124283,0.50,-0.52,0.56,-81.79,38.15,16.78,-30.87,56.20,-62.83,1
o,2022-10-13 17:12:06.143395,0.32,-0.33,0.59,-147.46,7.20,50.96,-19.56,50.46,-72.35,1
o,2022-10-13 17:12:06.161427,0.17,0.48,0.68,-86.36,-36.38,104.61,-19.56,50.46,-72.35,1
o,2022-10-13 17:12:06.179470,0.08,0.81,0.72,-42.11,-46.26,74.04,-19.56,50.46,-72.35,1
o,2022-10-13 17:12:06.198419,-0.26,0.70,1.10,15.20,-31.43,46.57,-13.35,51.76,-69.03,1
o,2022-10-13 17:12:06.216291,0.05,0.93,0.91,36.25,39.98,15.69,-13.35,51.76,-69.03,1
o,2022-10-13 17:12:06.234531,0.35,0.88,0.77,33.39,46.69,-20.51,-13.35,51.76,-69.03,1
o,2022-10-13 17:12:06.253351,0.34,0.77,0.81,29.54,46.88,-40.77,-13.26,51.20,-65.06,1
o,2022-10-13 17:12:06.271427,0.40,0.73,0.83,58.29,44.98,-37.11,-13.26,51.20,-65.06,1
o,2022-10-13 17:12:06.290299,0.57,0.51,0.72,88.38,39.67,-41.20,-18.52,49.34,-61.98,1
o,2022-10-13 17:12:06.308426,0.60,0.14,0.74,70.56,24.11,-55.18,-18.52,49.34,-61.98,1
