c,2022-10-31 12:54:06.899264,0.32,0.39,0.82,17.21,1.65,30.21,5.77,30.87,-37.50,1
c,2022-10-31 12:54:06.915438,0.04,0.22,0.78,31.86,1.04,20.57,5.77,30.87,-37.50,1
c,2022-10-31 12:54:06.926283,-0.11,0.41,0.63,80.38,33.94,-2.26,4.77,31.99,-37.19,1
c,2022-10-31 12:54:06.947639,0.20,-0.08,0.83,115.48,77.03,1.53,4.77,31.99,-37.19,1
c,2022-10-31 12:54:06.968684,0.31,-0.37,1.05,47.18,79.22,-7.02,6.57,32.64,-38.02,1
c,2022-10-31 12:54:06.990090,0.37,-0.19,0.97,39.79,70.80,-10.25,6.57,32.64,-38.02,1
c,2022-10-31 12:54:07.001001,0.50,-0.24,0.90,60.91,69.40,1.04,6.57,32.64,-38.02,1
c,2022-10-31 12:54:07.022282,0.63,-0.30,0.83,74.40,66.65,18.49,8.59,31.98,-36.36,1
c,2022-10-31 12:54:07.043731,0.78,-0.39,0.74,74.40,59.75,38.94,8.59,31.98,-36.36,1
c,2022-10-31 12:54:07.059253,0.87,-0.44,0.66,46.57,41.44,68.97,8.59,31.98,-36.36,1
c,2022-10-31 12:54:07.080475,0.84,-0.54,0.65,-8.48,21.97,70.62,11.71,29.10,-35.79,1
c,2022-10-31 12:54:07.101284,0.87,-0.26,0.58,-48.10,7.39,83.44,11.71,29.10,-35.79,1
c,2022-10-31 12:54:07.118100,0.80,-0.13,0.62,-77.88,-7.20,101.01,11.71,29.10,-35.79,1
c,2022-10-31 12:54:07.139440,0.62,0.04,0.65,-119.51,-22.34,102.29,11.29,23.80,-34.17,1
c,2022-10-31 12:54:07.153685,0.43,0.42,0.60,-162.17,-36.74,80.44,11.29,23.80,-34.17,1
c,2022-10-31 12:54:07.171251,0.23,0.80,0.48,-151.00,-34.61,55.11,8.06,18.69,-36.43,1
c,2022-10-31 12:54:07.192768,0.25,0.99,0.38,-157.84,-27.71,26.98,8.06,18.69,-36.43,1
c,2022-10-31 12:54:07.203355,0.28,1.20,0.34,-159.85,-19.90,2.75,8.06,18.69,-36.43,1
c,2022-10-31 12:54:07.224655,0.29,1.42,0.29,-164.37,-18.25,-15.20,5.08,15.82,-38.51,1
c,2022-10-31 12:54:07.245955,0.19,1.58,0.30,-104.61,-15.44,-43.15,5.08,15.82,-38.51,1
c,2022-10-31 12:54:07.256722,0.32,1.48,0.33,-51.45,-14.47,-49.07,5.08,15.82,-38.51,1
c,2022-10-31 12:54:07.283176,0.34,1.23,0.51,-11.11,-16.66,-39.12,4.68,15.16,-38.82,1
c,2022-10-31 12:54:07.299430,0.23,0.98,0.71,0.73,-21.85,-19.47,4.68,15.16,-38.82,1
c,2022-10-31 12:54:07.320838,0.15,0.84,0.75,-3.36,-28.81,-0.37,4.68,15.16,-38.82,1
c,2022-10-31 12:54:07.342004,0.06,0.82,0.69,-3.48,-26.92,9.52,3.78,15.75,-40.19,1
c,2022-10-31 12:54:07.352802,0.13,0.72,0.60,23.01,-3.30,21.97,3.78,15.75,-40.19,1
c,2022-10-31 12:54:07.373870,0.30,0.56,0.64,27.10,6.84,25.45,3.66,16.27,-38.90,1
c,2022-10-31 12:54:07.384904,0.35,0.52,0.67,9.77,2.56,17.21,3.66,16.27,-38.90,1
c,2022-10-31 12:54:07.405983,0.29,0.56,0.68,-12.76,-7.69,3.42,3.66,16.27,-38.90,1
c,2022-10-31 12:54:07.427466,0.28,0.67,0.60,-29.48,-13.12,-15.75,3.66,16.44,-40.21,1
c,2022-10-31 12:54:07.448716,0.26,0.85,0.59,-34.00,-14.10,-36.87,3.66,16.44,-40.21,1
c,2022-10-31 12:54:07.459314,0.40,0.83,0.57,-12.02,-11.54,-28.44,3.66,16.44,-40.21,1
c,2022-10-31 12:54:07.481088,0.44,0.71,0.59,2.01,-15.38,-15.56,4.00,15.89,-38.94,1
c,2022-10-31 12:54:07.501822,0.46,0.61,0.62,0.67,-26.86,-6.71,4.00,15.89,-38.94,1
c,2022-10-31 12:54:07.523150,0.41,0.64,0.59,-10.31,-38.88,-1.95,4.00,15.89,-38.94,1
c,2022-10-31 12:54:07.538816,-0.36,1.02,0.54,-12.51,-39.55,2.81,3.64,15.47,-39.95,1
c,2022-10-31 12:54:07.555389,0.35,0.62,0.53,43.21,-7.26,14.47,3.64,15.47,-39.95,1
c,2022-10-31 12:54:07.576674,0.35,0.39,0.79,32.78,-9.64,10.99,3.30,15.97,-39.67,1
c,2022-10-31 12:54:07.587495,0.34,0.60,0.60,0.67,-18.49,1.53,3.30,15.97,-39.67,1
c,2022-10-31 12:54:07.608715,1.36,0.57,0.09,-14.34,24.11,3.91,3.30,15.97,-39.67,1
c,2022-10-31 12:54:07.630051,0.42,0.49,0.73,-18.86,35.22,17.09,3.45,16.35,-39.25,1
c,2022-10-31 12:54:07.651201,0.34,0.62,0.64,-30.70,30.76,18.25,3.45,16.35,-39.25,1
c,2022-10-31 12:54:07.662199,0.29,0.50,0.67,-22.77,30.64,27.16,3.45,16.35,-39.25,1
c,2022-10-31 12:54:07.683490,0.28,0.61,0.68,-46.57,20.94,27.53,3.58,16.02,-39.61,1
c,2022-10-31 12:54:07.704406,0.36,0.78,0.59,-51.33,14.34,41.87,3.58,16.02,-39.61,1
c,2022-10-31 12:54:07.715204,0.24,0.60,0.66,-45.96,5.62,33.81,3.58,16.02,-39.61,1
c,2022-10-31 12:54:07.743188,0.27,0.95,0.39,-70.50,-6.16,16.91,4.26,15.75,-39.86,1
c,2022-10-31 12:54:07.758179,0.22,0.90,0.47,-49.50,3.11,48.28,4.26,15.75,-39.86,1
c,2022-10-31 12:54:07.779462,0.15,0.76,0.59,-22.46,3.66,71.96,4.61,14.59,-38.98,1
c,2022-10-31 12:54:07.789834,0.22,0.71,0.51,-20.26,-14.65,65.37,4.61,14.59,-38.98,1
c,2022-10-31 12:54:07.811364,0.17,0.78,0.39,-18.37,-20.08,59.88,4.61,14.59,-38.98,1
c,2022-10-31 12:54:07.832826,0.14,0.76,0.39,-16.72,-20.94,58.04,3.93,14.10,-39.03,1
c,2022-10-31 12:54:07.853942,0.14,0.81,0.40,-18.31,-23.74,44.92,3.93,14.10,-39.03,1
c,2022-10-31 12:54:07.864719,0.12,0.91,0.42,-7.08,-26.06,28.50,3.93,14.10,-39.03,1
c,2022-10-31 12:54:07.886023,0.13,0.96,0.38,16.66,-28.26,15.81,3.37,14.01,-38.59,1
c,2022-10-31 12:54:07.907216,0.12,1.01,0.52,57.92,-29.11,0.73,3.37,14.01,-38.59,1
c,2022-10-31 12:54:07.928445,0.31,0.94,0.42,75.87,-31.74,-10.74,1.61,15.05,-37.35,1
c,2022-10-31 12:54:07.939644,0.25,0.90,0.44,72.08,-6.96,-0.12,1.61,15.05,-37.35,1
c,2022-10-31 12:54:07.960675,0.22,0.57,0.85,62.26,3.54,2.38,1.61,15.05,-37.35,1
c,2022-10-31 12:54:07.982196,0.25,0.83,0.50,52.98,-2.99,-28.38,1.07,16.05,-39.14,1
c,2022-10-31 12:54:07.992733,0.16,0.49,0.75,49.56,7.93,-41.02,1.07,16.05,-39.14,1
c,2022-10-31 12:54:08.013969,0.27,0.90,0.54,20.45,0.37,-63.35,1.07,16.05,-39.14,1
c,2022-10-31 12:54:08.038808,0.29,0.71,0.73,22.22,6.71,-38.15,1.23,15.45,-38.65,1
c,2022-10-31 12:54:08.056649,0.30,0.67,0.80,29.30,4.58,-20.32,1.23,15.45,-38.65,1
c,2022-10-31 12:54:08.067324,0.30,0.59,0.76,43.03,0.06,17.94,1.23,15.45,-38.65,1
c,2022-10-31 12:54:08.088802,0.23,0.27,0.77,51.27,-11.60,23.86,0.95,16.27,-38.12,1
c,2022-10-31 12:54:08.109820,0.21,0.40,0.63,21.55,-17.58,2.87,0.95,16.27,-38.12,1
c,2022-10-31 12:54:08.131440,0.19,0.63,0.52,-5.37,-14.53,-8.42,0.33,16.53,-38.22,1
c,2022-10-31 12:54:08.145971,0.19,0.73,0.51,-10.13,-5.43,-8.42,0.33,16.53,-38.22,1
c,2022-10-31 12:54:08.163382,0.20,0.78,0.59,-9.64,6.77,-1.22,0.33,16.53,-38.22,1
c,2022-10-31 12:54:08.184542,0.21,0.73,0.65,-2.81,11.17,4.70,0.85,16.31,-38.89,1
c,2022-10-31 12:54:08.195677,0.22,0.67,0.68,0.31,11.29,7.75,0.85,16.31,-38.89,1
c,2022-10-31 12:54:08.216761,0.22,0.62,0.70,-0.55,9.64,7.08,0.85,16.31,-38.89,1
c,2022-10-31 12:54:08.239478,0.22,0.60,0.67,-3.42,6.90,3.60,0.81,16.93,-39.42,1
c,2022-10-31 12:54:08.263320,0.22,0.70,0.66,-9.89,5.49,-0.18,0.81,16.93,-39.42,1
c,2022-10-31 12:54:08.270214,0.22,0.73,0.65,-6.35,5.25,1.59,0.81,16.93,-39.42,1
c,2022-10-31 12:54:08.291490,0.22,0.72,0.66,-1.22,5.43,4.58,0.84,16.50,-38.44,1
c,2022-10-31 12:54:08.312510,0.22,0.69,0.68,2.44,4.09,7.14,0.84,16.50,-38.44,1
c,2022-10-31 12:54:08.334102,0.22,0.67,0.63,5.74,2.62,7.26,0.87,16.20,-38.05,1
c,2022-10-31 12:54:08.344913,0.22,0.67,0.64,4.09,3.66,6.90,0.87,16.20,-38.05,1
c,2022-10-31 12:54:08.365936,0.21,0.65,0.64,2.81,3.78,6.77,0.87,16.20,-38.05,1
c,2022-10-31 12:54:08.387401,0.22,0.64,0.63,2.20,4.39,5.31,1.20,16.53,-39.49,1
c,2022-10-31 12:54:08.402960,0.22,0.63,0.65,-1.59,5.07,3.23,1.20,16.53,-39.49,1
c,2022-10-31 12:54:08.419768,0.22,0.64,0.66,-6.53,4.03,0.73,1.20,16.53,-39.49,1
c,2022-10-31 12:54:08.440712,0.22,0.67,0.64,-7.81,3.42,-1.71,0.22,16.58,-40.04,1
c,2022-10-31 12:54:08.462026,0.22,0.69,0.66,-7.87,3.48,-1.95,0.22,16.58,-40.04,1
c,2022-10-31 12:54:08.472875,0.23,0.70,0.65,-7.14,2.44,-1.71,0.22,16.58,-40.04,1
c,2022-10-31 12:54:08.499180,0.22,0.71,0.64,-4.76,1.22,-0.92,0.67,16.44,-38.61,1
c,2022-10-31 12:54:08.515346,0.22,0.70,0.63,-0.18,1.46,0.79,0.67,16.44,-38.61,1
c,2022-10-31 12:54:08.539517,0.23,0.68,0.64,-1.22,1.53,1.53,0.94,16.64,-38.81,1
