I,2022-10-20 11:53:21.645534,0.49,0.90,0.31,-81.79,-5.98,19.90,4.21,7.60,-35.14,1
I,2022-10-20 11:53:21.665446,0.39,1.00,0.26,-81.12,-2.01,12.21,2.78,4.68,-34.12,1
I,2022-10-20 11:53:21.686053,0.32,1.05,0.27,-64.88,2.20,1.34,2.78,4.68,-34.12,1
I,2022-10-20 11:53:21.703926,0.29,1.05,0.31,-55.48,-0.85,-7.87,2.78,4.68,-34.12,1
I,2022-10-20 11:53:21.722253,0.26,1.04,0.36,-42.30,-3.05,-13.43,2.10,1.88,-34.05,1
I,2022-10-20 11:53:21.741670,0.24,0.89,0.45,-17.40,-2.08,-11.05,2.10,1.88,-34.05,1
I,2022-10-20 11:53:21.762683,0.26,0.78,0.48,-5.68,0.31,-13.55,1.48,1.07,-33.64,1
I,2022-10-20 11:53:21.781392,0.30,0.70,0.50,-2.32,-2.01,-18.07,1.48,1.07,-33.64,1
I,2022-10-20 11:53:21.798736,0.34,0.69,0.47,-6.23,-9.89,-16.91,1.48,1.07,-33.64,1
I,2022-10-20 11:53:21.820628,0.43,0.66,0.47,-7.14,-9.52,-10.01,1.06,0.09,-34.51,1
I,2022-10-20 11:53:21.840354,0.46,0.64,0.50,-14.22,-8.91,-0.67,1.06,0.09,-34.51,1
I,2022-10-20 11:53:21.859732,0.45,0.59,0.53,-29.72,-10.74,22.77,1.06,0.09,-34.51,1
I,2022-10-20 11:53:21.880743,-0.72,0.40,0.69,-40.34,-25.09,17.76,-0.44,-0.52,-32.30,1
I,2022-10-20 11:53:21.900633,0.36,1.21,0.10,-79.35,-7.81,-39.61,-0.44,-0.52,-32.30,1
I,2022-10-20 11:53:21.921811,0.28,1.22,0.35,-28.14,12.57,-10.93,0.24,-2.26,-32.59,1
I,2022-10-20 11:53:21.940491,0.35,1.20,0.39,30.52,-7.14,-3.30,0.24,-2.26,-32.59,1
I,2022-10-20 11:53:21.957500,0.35,1.13,0.39,87.04,-35.83,-22.83,0.24,-2.26,-32.59,1
I,2022-10-20 11:53:21.977990,0.48,0.59,0.55,122.50,-28.69,-1.59,0.42,-0.59,-32.28,1
I,2022-10-20 11:53:21.998014,0.45,0.36,0.65,116.52,-17.76,7.69,0.42,-0.59,-32.28,1
I,2022-10-20 11:53:22.017887,0.48,0.18,0.76,51.94,-19.04,-3.72,-0.18,3.53,-34.68,1
I,2022-10-20 11:53:22.036764,0.52,0.15,0.77,22.77,-12.76,0.98,-0.18,3.53,-34.68,1
I,2022-10-20 11:53:22.055899,0.43,0.19,0.72,-20.51,-6.84,2.81,-0.18,3.53,-34.68,1
I,2022-10-20 11:53:22.076743,0.43,0.69,0.38,-51.70,6.04,24.05,-0.20,2.50,-33.84,1
I,2022-10-20 11:53:22.094578,0.41,0.28,0.65,-43.95,23.19,19.78,-0.20,2.50,-33.84,1
I,2022-10-20 11:53:22.114731,0.49,0.87,0.39,-43.03,2.38,-36.25,0.13,0.63,-33.86,1
I,2022-10-20 11:53:22.133371,0.33,0.68,0.53,-37.11,14.04,-15.75,0.13,0.63,-33.86,1
I,2022-10-20 11:53:22.153971,0.39,0.92,0.40,-52.06,2.14,-18.07,0.13,0.63,-33.86,1
I,2022-10-20 11:53:22.172798,0.10,0.89,0.47,-29.60,8.42,-1.22,0.95,-0.62,-32.80,1
I,2022-10-20 11:53:22.192555,0.12,0.77,0.63,-6.29,-2.75,49.68,0.95,-0.62,-32.80,1
I,2022-10-20 11:53:22.212537,0.30,0.55,0.56,57.19,-34.06,63.05,0.95,-0.62,-32.80,1
I,2022-10-20 11:53:22.232072,0.30,0.45,0.43,60.85,-44.13,63.78,-0.20,0.85,-31.82,1
I,2022-10-20 11:53:22.250603,0.33,0.48,0.44,56.76,-35.77,50.29,-0.20,0.85,-31.82,1
I,2022-10-20 11:53:22.270879,0.42,0.49,0.54,42.11,-35.46,40.83,-2.60,3.31,-32.87,1
I,2022-10-20 11:53:22.291611,0.49,0.62,0.57,31.37,-24.48,25.33,-2.60,3.31,-32.87,1
I,2022-10-20 11:53:22.310160,0.58,0.59,0.64,15.87,0.49,-0.79,-2.60,3.31,-32.87,1
I,2022-10-20 11:53:22.330649,0.55,0.60,0.69,-5.13,11.29,-15.93,-2.80,4.26,-33.46,1
I,2022-10-20 11:53:22.349691,0.49,0.71,0.77,-22.64,17.27,-35.64,-2.80,4.26,-33.46,1
I,2022-10-20 11:53:22.370990,0.39,0.78,0.81,-40.47,5.13,-40.22,-1.55,2.16,-32.96,1
I,2022-10-20 11:53:22.388763,0.48,1.02,0.52,-37.66,8.73,-11.72,-1.55,2.16,-32.96,1
I,2022-10-20 11:53:22.408023,0.43,0.40,0.80,2.56,32.84,30.94,-1.55,2.16,-32.96,1
I,2022-10-20 11:53:22.428504,0.38,0.56,0.67,-49.80,7.69,4.03,-1.62,0.99,-33.09,1
I,2022-10-20 11:53:22.448188,0.30,0.83,0.41,-49.26,3.42,2.93,-1.62,0.99,-33.09,1
I,2022-10-20 11:53:22.466339,0.30,0.80,0.36,-34.30,2.56,-5.31,-1.29,-0.72,-31.48,1
I,2022-10-20 11:53:22.486136,0.32,1.30,0.09,6.96,22.64,6.35,-1.29,-0.72,-31.48,1
I,2022-10-20 11:53:22.505164,0.14,0.89,0.76,56.82,34.12,31.37,-1.29,-0.72,-31.48,1
I,2022-10-20 11:53:22.525052,0.31,0.77,0.69,68.66,-10.38,10.31,-1.14,0.51,-33.29,1
I,2022-10-20 11:53:22.544359,0.40,0.66,0.57,83.98,-23.38,0.37,-1.14,0.51,-33.29,1
I,2022-10-20 11:53:22.563214,0.41,0.44,0.66,69.15,-14.71,0.73,-1.14,0.51,-33.29,1
I,2022-10-20 11:53:22.583549,0.41,0.33,0.73,53.96,-10.74,-5.25,-1.04,3.94,-33.19,1
I,2022-10-20 11:53:22.602108,0.40,0.45,0.69,21.12,-16.17,-35.95,-1.04,3.94,-33.19,1
I,2022-10-20 11:53:22.622915,0.38,0.58,0.64,0.73,-5.31,-14.34,-0.65,3.71,-33.50,1
I,2022-10-20 11:53:22.641702,0.29,0.56,0.67,-4.88,3.78,6.41,-0.65,3.71,-33.50,1
I,2022-10-20 11:53:22.662036,0.09,0.68,0.57,19.84,33.81,33.45,-0.65,3.71,-33.50,1
I,2022-10-20 11:53:22.683348,0.31,0.50,0.70,35.10,58.53,36.01,-0.49,5.33,-33.84,1
I,2022-10-20 11:53:22.701173,0.44,0.46,0.75,20.20,52.25,18.07,-0.49,5.33,-33.84,1
I,2022-10-20 11:53:22.721298,0.40,0.58,0.69,-8.48,33.33,-2.08,0.76,5.44,-35.16,1
I,2022-10-20 11:53:22.739014,0.45,0.74,0.62,-17.40,26.31,-4.39,0.76,5.44,-35.16,1
I,2022-10-20 11:53:22.757795,0.53,0.80,0.60,-12.76,14.40,-7.45,0.76,5.44,-35.16,1
