c,2022-09-30 10:24:07.811364,0.38,-0.51,0.74,-19.23,31.56,-7.02,-54.58,78.78,18.10,1
c,2022-09-30 10:24:07.829409,0.43,-0.45,0.79,-31.37,29.17,-10.80,-54.58,78.78,18.10,1
c,2022-09-30 10:24:07.848276,0.44,-0.41,0.81,-23.13,14.16,-13.61,-54.25,79.25,14.11,1
c,2022-09-30 10:24:07.866406,0.41,-0.41,0.76,-15.99,2.26,-16.42,-54.25,79.25,14.11,1
c,2022-09-30 10:24:07.884512,0.34,-0.46,0.72,-12.39,-2.50,-20.51,-54.25,79.25,14.11,1
c,2022-09-30 10:24:07.903330,0.21,-0.49,0.74,-20.02,0.73,-26.31,-55.46,78.60,12.87,1
c,2022-09-30 10:24:07.921392,0.22,-0.49,0.76,-20.69,-0.18,-19.53,-55.46,78.60,12.87,1
c,2022-09-30 10:24:07.939377,0.21,-0.54,0.77,-27.16,0.49,-9.46,-55.46,78.60,12.87,1
c,2022-09-30 10:24:07.958522,-0.85,-0.56,1.00,-22.64,-2.50,-0.37,-56.53,77.99,11.58,1
c,2022-09-30 10:24:07.976316,0.03,-0.67,0.82,-6.23,9.40,28.08,-56.53,77.99,11.58,1
c,2022-09-30 10:24:07.995343,0.20,-0.68,0.83,-45.53,15.93,6.23,-56.60,77.89,10.41,1
c,2022-09-30 10:24:08.013297,0.21,-0.40,0.80,-59.39,10.80,2.99,-56.60,77.89,10.41,1
c,2022-09-30 10:24:08.031281,0.18,-0.34,0.74,-50.11,-5.00,19.04,-56.60,77.89,10.41,1
c,2022-09-30 10:24:08.050311,0.14,-0.44,0.54,-27.77,-21.91,33.45,-56.01,77.92,8.92,1
c,2022-09-30 10:24:08.068325,0.09,-0.36,0.67,-10.93,-23.68,22.89,-56.01,77.92,8.92,1
c,2022-09-30 10:24:08.086279,0.05,-0.28,0.83,0.61,-32.23,6.71,-56.01,77.92,8.92,1
c,2022-09-30 10:24:08.105268,0.12,-0.18,0.90,25.94,-48.46,-9.64,-57.21,77.15,10.93,1
c,2022-09-30 10:24:08.123260,0.24,0.01,1.09,40.04,-55.18,-23.32,-57.21,77.15,10.93,1
c,2022-09-30 10:24:08.141394,0.21,-0.03,1.10,57.92,-47.30,-20.51,-57.21,77.15,10.93,1
c,2022-09-30 10:24:08.160282,0.20,-0.21,1.16,88.81,-48.83,-17.52,-59.28,75.12,18.19,1
c,2022-09-30 10:24:08.178494,0.12,-0.16,0.95,90.88,-31.86,-35.40,-59.28,75.12,18.19,1
c,2022-09-30 10:24:08.197334,0.27,-0.33,0.99,85.21,-14.22,-26.31,-59.39,74.32,23.32,1
c,2022-09-30 10:24:08.215257,0.22,-0.51,0.94,71.66,-1.34,-9.34,-59.39,74.32,23.32,1
c,2022-09-30 10:24:08.233310,0.26,-0.67,0.90,63.72,9.89,12.51,-59.39,74.32,23.32,1
c,2022-09-30 10:24:08.252232,0.26,-0.88,0.71,45.90,22.89,20.14,-58.56,75.57,26.04,1
c,2022-09-30 10:24:08.270214,0.19,-0.98,0.61,29.60,36.01,12.15,-58.56,75.57,26.04,1
c,2022-09-30 10:24:08.288283,0.17,-0.96,0.69,-2.26,40.77,-0.37,-58.56,75.57,26.04,1
c,2022-09-30 10:24:08.307333,0.14,-0.92,0.60,-20.02,21.55,-6.65,-58.06,75.84,25.37,1
c,2022-09-30 10:24:08.325338,0.19,-0.66,0.41,-62.93,19.84,-10.13,-58.06,75.84,25.37,1
c,2022-09-30 10:24:08.344280,-0.25,-0.51,0.61,-69.15,25.70,14.34,-58.73,76.18,22.29,1
c,2022-09-30 10:24:08.362330,-0.19,-0.48,0.62,-24.84,21.91,37.60,-58.73,76.18,22.29,1
c,2022-09-30 10:24:08.380268,0.03,-0.59,0.59,6.29,15.38,49.19,-58.73,76.18,22.29,1
c,2022-09-30 10:24:08.399019,0.13,-0.70,0.61,17.76,5.92,47.36,-56.52,77.16,22.01,1
c,2022-09-30 10:24:08.417216,0.21,-0.68,0.54,24.78,-8.24,45.29,-56.52,77.16,22.01,1
c,2022-09-30 10:24:08.435316,0.32,-0.74,0.48,23.13,-18.62,53.04,-56.52,77.16,22.01,1
c,2022-09-30 10:24:08.454232,0.38,-0.85,0.43,20.57,-33.26,57.92,-54.48,78.58,25.40,1
c,2022-09-30 10:24:08.472276,0.39,-0.94,0.42,5.19,-44.80,54.08,-54.48,78.58,25.40,1
c,2022-09-30 10:24:08.490379,0.29,-0.86,0.47,-20.81,-48.65,42.48,-54.48,78.58,25.40,1
c,2022-09-30 10:24:08.509320,0.22,-0.68,0.58,-43.21,-35.64,34.48,-54.52,78.54,29.76,1
c,2022-09-30 10:24:08.527333,0.34,-0.38,0.87,-31.56,-32.35,44.92,-54.52,78.54,29.76,1
c,2022-09-30 10:24:08.546298,0.45,-0.44,0.92,-8.18,-41.32,67.69,-52.72,81.29,34.68,1
