D,2022-10-19 20:30:32.649970,-0.37,0.35,0.92,-4.52,-4.82,-26.79,-57.85,-12.22,-44.02,1
D,2022-10-19 20:30:32.667768,-0.36,0.31,0.98,5.43,-0.06,-27.89,-57.85,-12.22,-44.02,1
D,2022-10-19 20:30:32.685794,-0.33,0.25,1.00,12.21,5.25,-27.10,-57.85,-12.22,-44.02,1
D,2022-10-19 20:30:32.704778,-0.30,0.21,1.01,10.50,8.12,-26.79,-59.06,-21.78,-49.88,1
D,2022-10-19 20:30:32.722901,-0.25,0.14,1.00,3.78,7.39,-23.68,-59.06,-21.78,-49.88,1
D,2022-10-19 20:30:32.740910,-0.19,0.14,0.91,-2.26,7.63,-19.59,-59.06,-21.78,-49.88,1
D,2022-10-19 20:30:32.759999,-0.20,0.18,0.87,-8.06,5.68,-16.85,-60.21,-30.36,-55.75,1
D,2022-10-19 20:30:32.778000,-0.22,0.19,0.87,-8.36,6.04,-16.24,-60.21,-30.36,-55.75,1
D,2022-10-19 20:30:32.795937,-0.22,0.16,0.89,-5.98,7.08,-15.01,-60.21,-30.36,-55.75,1
D,2022-10-19 20:30:32.814925,-0.22,0.12,0.92,-8.61,7.14,-11.23,-61.93,-36.54,-59.29,1
D,2022-10-19 20:30:32.832909,-0.23,0.18,0.95,-15.01,7.75,-8.18,-61.93,-36.54,-59.29,1
D,2022-10-19 20:30:32.851792,-0.25,0.24,0.95,-20.32,9.28,-7.81,-64.27,-41.48,-62.84,1
D,2022-10-19 20:30:32.869993,-0.28,0.28,0.97,-20.39,10.99,-10.56,-64.27,-41.48,-62.84,1
D,2022-10-19 20:30:32.887909,-0.23,0.27,0.93,-12.08,17.15,-10.31,-64.27,-41.48,-62.84,1
D,2022-10-19 20:30:32.906928,-0.11,0.17,0.84,-11.78,16.17,-7.08,-67.44,-46.92,-65.55,1
D,2022-10-19 20:30:32.924905,-0.10,0.13,0.80,-23.25,9.03,-6.47,-67.44,-46.92,-65.55,1
D,2022-10-19 20:30:32.942907,-0.04,0.08,0.70,-26.31,4.52,-3.42,-67.44,-46.92,-65.55,1
D,2022-10-19 20:30:32.961883,0.00,-0.04,0.51,-34.18,-2.01,3.48,-71.18,-49.12,-63.62,1
D,2022-10-19 20:30:32.980085,-0.01,-0.06,0.34,-46.51,-24.60,21.91,-71.18,-49.12,-63.62,1
D,2022-10-19 20:30:32.999917,-0.61,1.08,0.89,14.77,6.23,-12.39,-71.12,-43.12,-60.51,1
D,2022-10-19 20:30:33.017412,0.08,0.00,0.03,21.42,9.64,10.80,-71.12,-43.12,-60.51,1
D,2022-10-19 20:30:33.035873,-0.24,0.20,0.26,-23.93,-77.33,4.39,-71.12,-43.12,-60.51,1
D,2022-10-19 20:30:33.054932,-0.11,0.38,0.17,-34.55,-97.90,-7.57,-67.70,-31.45,-56.26,1
D,2022-10-19 20:30:33.073092,-0.52,0.40,0.86,-4.94,-101.50,-2.50,-67.70,-31.45,-56.26,1
D,2022-10-19 20:30:33.091911,-0.46,0.29,1.12,30.40,-45.53,20.20,-67.70,-31.45,-56.26,1
D,2022-10-19 20:30:33.110727,-0.55,0.12,1.51,8.91,-21.24,28.81,-68.76,-12.88,-38.59,1
D,2022-10-19 20:30:33.129053,-0.97,0.58,1.84,-15.63,-9.28,21.91,-68.76,-12.88,-38.59,1
D,2022-10-19 20:30:33.148714,-0.85,0.87,1.74,12.76,13.49,9.03,-58.80,-3.67,-30.65,1
D,2022-10-19 20:30:33.166887,-0.65,0.77,1.55,50.35,35.10,-7.39,-58.80,-3.67,-30.65,1
D,2022-10-19 20:30:33.184851,-0.42,0.48,1.30,41.08,51.33,-27.59,-58.80,-3.67,-30.65,1
D,2022-10-19 20:30:33.203735,-0.22,0.27,1.22,18.13,56.95,-33.57,-62.84,-18.47,-46.00,1
D,2022-10-19 20:30:33.221922,-0.12,0.16,1.14,18.86,59.94,-21.55,-62.84,-18.47,-46.00,1
D,2022-10-19 20:30:33.239697,-0.06,0.10,1.02,9.28,62.93,-11.41,-62.84,-18.47,-46.00,1
D,2022-10-19 20:30:33.258706,-0.06,0.14,0.97,-10.31,57.86,-5.49,-66.66,-32.56,-62.21,1
D,2022-10-19 20:30:33.276892,-0.07,0.17,0.92,-26.55,56.82,-2.69,-66.66,-32.56,-62.21,1
D,2022-10-19 20:30:33.294669,0.02,0.12,0.71,-31.43,54.93,6.23,-66.66,-32.56,-62.21,1
D,2022-10-19 20:30:33.313700,-0.79,0.23,0.32,-48.71,23.68,11.29,-71.25,-42.79,-68.47,1
D,2022-10-19 20:30:33.331995,-0.23,0.89,0.19,29.48,-58.11,-4.03,-71.25,-42.79,-68.47,1
D,2022-10-19 20:30:33.351592,-0.51,0.33,0.22,36.13,-31.86,85.21,-72.51,-49.77,-66.80,1
D,2022-10-19 20:30:33.369798,-0.41,0.90,0.12,56.15,82.21,93.38,-72.51,-49.77,-66.80,1
D,2022-10-19 20:30:33.387715,0.09,0.62,0.03,8.79,61.52,-50.78,-72.51,-49.77,-66.80,1
D,2022-10-19 20:30:33.406998,-0.16,-0.01,0.41,5.37,-55.42,-120.54,-71.61,-49.61,-74.29,1
D,2022-10-19 20:30:33.425983,-0.18,-0.12,0.80,2.69,-59.75,-30.52,-71.61,-49.61,-74.29,1
D,2022-10-19 20:30:33.444975,-0.28,-0.07,1.01,2.32,-60.91,-2.87,-71.61,-49.61,-74.29,1
D,2022-10-19 20:30:33.463804,-0.40,-0.08,1.33,8.12,-49.99,7.26,-72.71,-39.61,-65.15,1
D,2022-10-19 20:30:33.482096,-0.37,-0.06,1.33,17.82,-29.72,26.25,-72.71,-39.61,-65.15,1
D,2022-10-19 20:30:33.501709,-0.46,0.16,1.45,1.65,-26.73,25.45,-71.42,-27.39,-53.27,1
D,2022-10-19 20:30:33.520095,-0.14,0.23,1.37,-7.45,-7.63,23.93,-71.42,-27.39,-53.27,1
D,2022-10-19 20:30:33.538870,-0.48,0.19,1.09,-5.80,6.84,38.57,-71.42,-27.39,-53.27,1
D,2022-10-19 20:30:33.557616,-0.40,0.31,1.00,-10.38,9.77,41.81,-70.52,-16.72,-47.45,1
D,2022-10-19 20:30:33.575720,-0.41,0.51,0.92,6.53,14.95,22.71,-70.52,-16.72,-47.45,1
D,2022-10-19 20:30:33.593814,-0.37,0.56,0.85,17.46,22.58,18.92,-70.52,-16.72,-47.45,1
D,2022-10-19 20:30:33.612442,-0.45,0.56,0.87,38.82,20.94,17.03,-69.02,-12.51,-45.56,1
D,2022-10-19 20:30:33.630657,-0.42,0.56,0.92,40.71,12.82,-12.51,-69.02,-12.51,-45.56,1
D,2022-10-19 20:30:33.649794,-0.42,0.48,0.96,42.30,10.50,-24.41,-67.94,-17.96,-48.80,1
D,2022-10-19 20:30:33.667893,-0.33,0.37,0.93,48.34,13.85,-28.50,-67.94,-17.96,-48.80,1
D,2022-10-19 20:30:33.685803,-0.28,0.26,0.91,39.98,12.21,-31.56,-67.94,-17.96,-48.80,1
D,2022-10-19 20:30:33.704660,-0.21,0.14,0.92,25.21,0.49,-33.87,-68.16,-28.05,-56.10,1
D,2022-10-19 20:30:33.722885,-0.20,0.08,0.92,19.17,-3.85,-29.30,-68.16,-28.05,-56.10,1
D,2022-10-19 20:30:33.740893,-0.21,0.12,0.91,10.86,-5.13,-26.98,-68.16,-28.05,-56.10,1
