g,2022-11-02 13:31:15.148384,0.03,0.82,0.33,30.82,38.57,-14.65,18.09,-142.32,-114.64,1
g,2022-11-02 13:31:15.166161,0.06,0.82,0.38,5.37,19.35,-9.70,18.09,-142.32,-114.64,1
g,2022-11-02 13:31:15.185309,0.04,0.78,0.42,-8.18,19.96,-11.72,18.86,-141.98,-114.42,1
g,2022-11-02 13:31:15.203359,0.02,0.76,0.48,-45.84,19.65,-5.43,18.86,-141.98,-114.42,1
g,2022-11-02 13:31:15.222263,0.02,0.75,0.42,-34.91,29.42,7.63,14.43,-142.25,-109.44,1
g,2022-11-02 13:31:15.240267,0.02,0.78,0.37,-27.59,27.71,16.85,14.43,-142.25,-109.44,1
g,2022-11-02 13:31:15.258372,0.02,0.80,0.28,-17.03,28.08,26.79,14.43,-142.25,-109.44,1
g,2022-11-02 13:31:15.277503,0.02,0.83,0.21,-25.51,9.40,27.34,3.33,-143.08,-106.91,1
g,2022-11-02 13:31:15.295359,0.03,0.93,0.21,-24.29,-4.33,28.44,3.33,-143.08,-106.91,1
g,2022-11-02 13:31:15.313650,0.04,1.04,0.20,-16.66,-11.11,25.94,3.33,-143.08,-106.91,1
g,2022-11-02 13:31:15.332577,0.05,1.12,0.20,-0.06,-13.24,21.61,-7.20,-141.32,-106.05,1
g,2022-11-02 13:31:15.350246,0.07,1.14,0.28,21.24,-9.77,7.81,-7.20,-141.32,-106.05,1
g,2022-11-02 13:31:15.368374,0.06,1.15,0.42,35.22,0.79,0.49,-7.20,-141.32,-106.05,1
g,2022-11-02 13:31:15.387507,0.07,1.08,0.47,42.60,13.49,-1.16,-8.75,-140.00,-109.13,1
g,2022-11-02 13:31:15.405391,0.11,1.12,0.43,43.40,10.19,-4.82,-8.75,-140.00,-109.13,1
g,2022-11-02 13:31:15.424391,0.13,1.17,0.42,14.89,0.24,-23.32,-1.50,-140.39,-113.46,1
g,2022-11-02 13:31:15.442643,0.12,1.09,0.39,-42.18,-5.19,-48.28,-1.50,-140.39,-113.46,1
g,2022-11-02 13:31:15.460757,0.09,1.00,0.43,-60.79,-10.07,-48.65,-1.50,-140.39,-113.46,1
g,2022-11-02 13:31:15.479587,0.05,0.94,0.44,-54.69,-11.54,-43.21,15.77,-141.15,-109.51,1
g,2022-11-02 13:31:15.497472,0.03,0.86,0.45,-9.52,-11.11,-28.44,15.77,-141.15,-109.51,1
g,2022-11-02 13:31:15.515358,0.00,0.69,0.46,37.17,-4.15,-6.59,15.77,-141.15,-109.51,1
g,2022-11-02 13:31:15.534239,-0.03,0.51,0.43,42.11,-5.74,5.07,30.65,-138.55,-109.85,1
g,2022-11-02 13:31:15.552347,0.06,0.57,0.41,43.03,-16.30,14.71,30.65,-138.55,-109.85,1
g,2022-11-02 13:31:15.571247,0.04,0.68,0.27,-22.95,-18.07,-7.75,32.20,-138.32,-110.25,1
g,2022-11-02 13:31:15.589468,-0.03,0.65,0.27,-53.71,-31.25,1.16,32.20,-138.32,-110.25,1
g,2022-11-02 13:31:15.607539,-0.04,0.65,0.22,-53.04,-40.04,8.61,32.20,-138.32,-110.25,1
g,2022-11-02 13:31:15.626473,-0.03,0.71,0.20,-56.21,-37.41,15.20,23.24,-140.67,-110.46,1
g,2022-11-02 13:31:15.644660,-0.02,0.79,0.23,-47.55,-38.09,21.79,23.24,-140.67,-110.46,1
g,2022-11-02 13:31:15.662467,-0.00,0.84,0.27,-23.25,-33.45,24.05,23.24,-140.67,-110.46,1
g,2022-11-02 13:31:15.681313,0.01,0.87,0.31,-3.11,-29.72,21.36,6.63,-139.83,-112.22,1
g,2022-11-02 13:31:15.699373,0.01,1.02,0.40,-0.55,-31.80,20.75,6.63,-139.83,-112.22,1
g,2022-11-02 13:31:15.717331,0.01,1.07,0.44,10.25,-27.04,21.97,6.63,-139.83,-112.22,1
g,2022-11-02 13:31:15.736175,0.02,1.11,0.45,5.68,-21.79,21.73,-4.37,-134.50,-112.84,1
g,2022-11-02 13:31:15.754443,0.02,1.14,0.46,-10.86,-14.89,16.78,-4.37,-134.50,-112.84,1
g,2022-11-02 13:31:15.773445,0.00,1.21,0.46,-19.35,-10.44,12.45,-10.27,-131.20,-113.48,1
g,2022-11-02 13:31:15.791664,-0.02,1.21,0.46,-10.99,-2.01,13.92,-10.27,-131.20,-113.48,1
g,2022-11-02 13:31:15.809473,-0.02,1.18,0.43,5.13,12.82,16.17,-10.27,-131.20,-113.48,1
g,2022-11-02 13:31:15.828330,-0.03,1.19,0.41,11.47,27.95,14.28,-14.73,-131.01,-111.83,1
g,2022-11-02 13:31:15.846387,0.00,1.16,0.23,21.36,58.90,5.43,-14.73,-131.01,-111.83,1
g,2022-11-02 13:31:15.864553,0.02,1.17,0.03,-1.04,61.65,-7.57,-14.73,-131.01,-111.83,1
g,2022-11-02 13:31:15.883447,0.00,1.07,0.07,-3.91,49.68,-21.61,-20.46,-131.71,-108.11,1
g,2022-11-02 13:31:15.901605,-0.02,0.85,0.09,-7.45,35.03,-30.21,-20.46,-131.71,-108.11,1
g,2022-11-02 13:31:15.920475,-0.05,0.75,0.22,7.39,-0.67,-21.12,-17.09,-133.65,-107.62,1
g,2022-11-02 13:31:15.938473,-0.06,0.83,0.28,9.77,-6.47,-7.75,-17.09,-133.65,-107.62,1
g,2022-11-02 13:31:15.956279,-0.08,0.85,0.28,14.04,-4.03,3.11,-17.09,-133.65,-107.62,1
g,2022-11-02 13:31:15.975463,-0.16,0.91,0.30,17.21,-6.23,5.98,-16.09,-135.41,-108.09,1
g,2022-11-02 13:31:15.993420,-0.18,0.99,0.35,35.64,5.19,6.23,-16.09,-135.41,-108.09,1
g,2022-11-02 13:31:16.011398,-0.11,0.90,0.28,42.42,6.41,5.00,-16.09,-135.41,-108.09,1
g,2022-11-02 13:31:16.030280,-0.09,0.91,0.31,34.79,4.52,4.82,-14.60,-133.37,-112.79,1
g,2022-11-02 13:31:16.048321,-0.06,0.93,0.30,25.70,3.78,2.62,-14.60,-133.37,-112.79,1
g,2022-11-02 13:31:16.066374,-0.04,0.95,0.29,21.24,1.04,-1.40,-14.60,-133.37,-112.79,1
g,2022-11-02 13:31:16.085545,-0.02,0.91,0.31,28.14,-2.69,-0.85,-13.02,-131.18,-118.32,1
g,2022-11-02 13:31:16.103403,-0.00,0.95,0.35,31.56,-3.05,2.87,-13.02,-131.18,-118.32,1
g,2022-11-02 13:31:16.122281,0.02,0.92,0.33,42.05,-0.43,2.50,-11.18,-127.59,-125.98,1
g,2022-11-02 13:31:16.140362,0.06,0.84,0.32,37.48,-2.87,0.18,-11.18,-127.59,-125.98,1
g,2022-11-02 13:31:16.158468,0.05,0.83,0.34,21.73,-10.50,1.40,-11.18,-127.59,-125.98,1
g,2022-11-02 13:31:16.177486,-0.02,0.97,0.46,23.25,-10.07,-1.28,-9.58,-124.39,-130.57,1
