v,2022-10-13 11:10:38.960157,-0.11,-0.01,0.99,0.61,1.46,-2.32,13.05,44.68,24.06,1
v,2022-10-13 11:10:38.980053,-0.14,-0.06,0.97,8.54,-2.75,2.44,13.05,44.68,24.06,1
v,2022-10-13 11:10:39.000265,-0.12,-0.06,0.95,6.04,-0.98,3.60,13.48,44.80,25.68,1
v,2022-10-13 11:10:39.020844,-0.08,-0.03,0.97,-0.24,2.14,1.53,13.48,44.80,25.68,1
v,2022-10-13 11:10:39.051465,-0.05,-0.03,0.98,1.53,2.14,1.95,13.48,44.80,25.68,1
v,2022-10-13 11:10:39.071594,-0.12,-0.03,1.01,-0.12,5.62,0.98,14.54,44.58,25.94,1
v,2022-10-13 11:10:39.091882,-0.11,-0.03,1.00,1.04,6.41,2.01,14.54,44.58,25.94,1
v,2022-10-13 11:10:39.111882,-0.08,-0.08,0.97,3.72,4.33,5.31,14.72,43.90,25.95,1
v,2022-10-13 11:10:39.132596,-0.15,-0.08,1.02,-2.93,6.65,8.42,14.72,43.90,25.95,1
v,2022-10-13 11:10:39.148765,-0.12,-0.05,1.00,-12.33,11.35,6.47,14.72,43.90,25.95,1
v,2022-10-13 11:10:39.168846,-0.09,-0.05,0.97,-15.20,12.21,6.71,14.26,43.35,24.74,1
v,2022-10-13 11:10:39.188848,-0.08,-0.00,0.97,-10.56,7.63,8.54,14.26,43.35,24.74,1
v,2022-10-13 11:10:39.209128,-0.10,-0.02,0.96,-7.26,4.94,10.86,14.49,43.73,24.13,1
v,2022-10-13 11:10:39.229126,-0.03,-0.01,0.92,-5.62,4.39,11.11,14.49,43.73,24.13,1
v,2022-10-13 11:10:39.249238,-0.03,0.01,0.92,-14.40,2.81,10.93,14.90,43.80,22.89,1
v,2022-10-13 11:10:39.269241,-0.03,0.09,0.93,-13.31,4.46,4.15,14.90,43.80,22.89,1
v,2022-10-13 11:10:39.289612,0.00,0.13,0.89,-11.11,2.50,-2.14,14.90,43.80,22.89,1
v,2022-10-13 11:10:39.309748,-0.01,0.10,0.84,-12.21,-6.35,-11.84,13.51,44.53,25.21,1
v,2022-10-13 11:10:39.329833,-0.32,0.04,1.07,-8.06,-2.38,-11.72,13.51,44.53,25.21,1
v,2022-10-13 11:10:39.359751,-0.07,-0.23,0.99,9.77,11.05,8.97,12.81,47.41,27.11,1
v,2022-10-13 11:10:39.369863,-0.08,0.01,0.97,-18.01,4.88,-10.74,12.81,47.41,27.11,1
v,2022-10-13 11:10:39.389862,-0.11,0.12,0.79,-0.79,-21.48,-15.38,12.81,47.41,27.11,1
v,2022-10-13 11:10:39.409859,-0.14,0.11,0.75,12.76,-40.16,-15.81,12.49,49.48,29.50,1
v,2022-10-13 11:10:39.429835,-0.16,0.15,0.76,15.56,-45.29,-14.28,12.49,49.48,29.50,1
v,2022-10-13 11:10:39.459791,-0.16,0.09,0.87,24.54,-47.61,-16.91,12.59,52.01,35.97,1
v,2022-10-13 11:10:39.479960,-0.14,0.02,0.91,36.19,-50.29,-13.49,12.59,52.01,35.97,1
v,2022-10-13 11:10:39.490171,-0.19,-0.09,0.94,38.88,-55.36,-6.71,12.59,52.01,35.97,1
v,2022-10-13 11:10:39.520424,-0.22,-0.06,1.05,26.92,-48.65,-4.09,13.73,55.07,45.28,1
v,2022-10-13 11:10:39.530639,-0.21,-0.09,1.17,9.89,-25.76,-6.35,13.73,55.07,45.28,1
v,2022-10-13 11:10:39.550708,-0.19,-0.11,1.19,8.48,-14.40,-1.71,16.17,55.59,48.19,1
v,2022-10-13 11:10:39.570771,-0.20,-0.16,1.21,1.16,-4.76,6.71,16.17,55.59,48.19,1
v,2022-10-13 11:10:39.596762,-0.18,-0.13,1.12,-3.11,-6.53,7.81,16.17,55.59,48.19,1
v,2022-10-13 11:10:39.607269,-0.21,-0.06,1.06,0.73,-16.60,9.64,17.46,54.44,46.14,1
v,2022-10-13 11:10:39.636116,-0.32,-0.02,1.20,3.30,3.60,-4.82,17.46,54.44,46.14,1
v,2022-10-13 11:10:39.646474,-0.21,0.02,1.15,4.46,24.78,1.22,16.86,54.03,44.91,1
v,2022-10-13 11:10:39.667116,-0.26,-0.03,1.24,14.59,22.40,5.86,16.86,54.03,44.91,1
v,2022-10-13 11:10:39.687151,-0.25,0.01,1.26,7.45,41.69,3.36,16.86,54.03,44.91,1
v,2022-10-13 11:10:39.707150,-0.17,0.05,1.06,3.97,48.83,-5.25,13.59,53.93,38.84,1
v,2022-10-13 11:10:39.727149,-0.18,0.01,0.99,13.98,36.87,-9.09,13.59,53.93,38.84,1
v,2022-10-13 11:10:39.747151,-0.16,-0.02,0.84,20.20,29.79,-11.05,13.59,53.93,38.84,1
v,2022-10-13 11:10:39.767150,-0.13,-0.15,0.67,37.23,14.47,-6.90,8.08,54.98,37.08,1
v,2022-10-13 11:10:39.787151,-0.08,-0.29,0.53,50.35,-4.33,1.28,8.08,54.98,37.08,1
v,2022-10-13 11:10:39.807151,-0.25,-0.40,0.62,46.33,-37.17,12.82,4.54,56.29,38.55,1
v,2022-10-13 11:10:39.827772,-0.21,-0.22,0.82,-4.39,2.26,-7.69,4.54,56.29,38.55,1
v,2022-10-13 11:10:39.846512,-0.18,-0.06,0.95,-42.05,21.18,-3.91,4.54,56.29,38.55,1
v,2022-10-13 11:10:39.867145,-0.12,0.03,1.08,-47.00,12.82,11.23,5.74,55.68,37.77,1
v,2022-10-13 11:10:39.887139,-0.27,0.03,1.08,-36.25,-5.74,32.10,5.74,55.68,37.77,1
v,2022-10-13 11:10:39.907167,-0.43,-0.04,1.19,23.62,-7.45,22.40,9.35,53.50,32.47,1
v,2022-10-13 11:10:39.927136,-0.04,-0.09,1.04,27.59,9.64,15.93,9.35,53.50,32.47,1
v,2022-10-13 11:10:39.947866,-0.11,-0.07,0.93,-4.15,9.16,9.40,9.35,53.50,32.47,1
v,2022-10-13 11:10:39.971364,-0.12,0.01,0.91,-3.05,5.68,0.55,9.73,52.76,27.16,1
v,2022-10-13 11:10:39.981804,-0.08,-0.00,0.87,1.95,7.14,-2.99,9.73,52.76,27.16,1
v,2022-10-13 11:10:40.001880,-0.12,-0.04,0.87,4.21,4.76,-8.24,10.19,52.51,24.33,1
v,2022-10-13 11:10:40.021804,-0.04,-0.07,0.87,3.72,5.98,-9.95,10.19,52.51,24.33,1
v,2022-10-13 11:10:40.047062,-0.09,-0.12,0.85,0.98,-0.43,-7.14,10.19,52.51,24.33,1
v,2022-10-13 11:10:40.067106,-0.11,-0.13,0.85,-1.40,-3.11,-5.86,10.12,52.10,21.75,1
v,2022-10-13 11:10:40.077320,-0.14,-0.12,0.87,-10.44,-2.81,-6.71,10.12,52.10,21.75,1
v,2022-10-13 11:10:40.107952,-0.13,-0.07,0.90,-17.82,-2.69,-9.40,10.73,52.55,21.37,1
v,2022-10-13 11:10:40.118027,-0.14,-0.07,0.95,-15.38,-4.46,-11.23,10.73,52.55,21.37,1
v,2022-10-13 11:10:40.138242,-0.17,-0.07,0.97,-9.52,-5.07,-12.88,10.73,52.55,21.37,1
v,2022-10-13 11:10:40.159071,-0.16,-0.13,0.98,-5.31,-3.66,-12.94,12.67,53.82,21.11,1
v,2022-10-13 11:10:40.179069,-0.15,-0.14,0.98,-6.71,-2.93,-12.27,12.67,53.82,21.11,1
v,2022-10-13 11:10:40.199853,-0.15,-0.15,0.96,-7.20,-3.36,-8.30,13.65,53.92,21.96,1
v,2022-10-13 11:10:40.221130,-0.14,-0.13,0.96,-6.04,-2.32,-6.77,13.65,53.92,21.96,1
v,2022-10-13 11:10:40.241139,-0.11,-0.09,0.94,-3.23,-2.32,-5.37,13.65,53.92,21.96,1
v,2022-10-13 11:10:40.261143,-0.08,-0.11,0.90,4.58,-6.59,-3.11,15.41,54.64,20.92,1
v,2022-10-13 11:10:40.281139,-0.17,-0.10,0.99,2.44,-9.03,-1.53,15.41,54.64,20.92,1
v,2022-10-13 11:10:40.291437,-0.21,-0.10,1.02,-9.40,2.08,-4.76,15.41,54.64,20.92,1
v,2022-10-13 11:10:40.321469,-0.12,-0.06,1.00,-16.36,11.35,-10.99,17.54,53.78,22.24,1
v,2022-10-13 11:10:40.341941,-0.13,-0.04,1.00,-10.38,4.64,-8.18,17.54,53.78,22.24,1
v,2022-10-13 11:10:40.361993,-0.17,-0.05,1.07,4.82,2.44,-5.80,18.91,54.48,22.88,1
v,2022-10-13 11:10:40.381998,-0.14,-0.12,1.00,-1.16,8.91,-6.10,18.91,54.48,22.88,1
v,2022-10-13 11:10:40.402004,-0.14,-0.10,0.99,-11.47,11.17,-3.66,18.91,54.48,22.88,1
v,2022-10-13 11:10:40.421994,-0.10,-0.05,0.98,-10.74,12.27,-4.33,19.69,54.43,22.42,1
v,2022-10-13 11:10:40.442698,-0.11,-0.05,0.98,-4.39,6.53,1.53,19.69,54.43,22.42,1
v,2022-10-13 11:10:40.452941,-0.12,-0.06,0.95,-0.67,5.68,2.87,20.36,52.94,21.41,1
v,2022-10-13 11:10:40.483767,-0.10,-0.02,0.97,-3.48,5.31,0.85,20.36,52.94,21.41,1
v,2022-10-13 11:10:40.493872,-0.12,-0.03,0.95,-3.85,4.15,0.06,20.36,52.94,21.41,1
v,2022-10-13 11:10:40.523790,-0.11,-0.01,0.98,-2.08,2.32,-0.24,20.69,52.99,21.31,1
v,2022-10-13 11:10:40.533865,-0.11,-0.02,0.98,1.22,0.61,0.37,20.69,52.99,21.31,1
v,2022-10-13 11:10:40.563808,-0.11,-0.04,0.96,3.48,-0.49,0.06,20.69,52.95,21.28,1
v,2022-10-13 11:10:40.574050,-0.10,-0.02,0.99,1.65,0.06,-0.31,20.69,52.95,21.28,1
v,2022-10-13 11:10:40.594215,-0.11,-0.00,1.00,0.31,1.34,-2.50,20.69,52.95,21.28,1
v,2022-10-13 11:10:40.614211,-0.12,-0.03,0.97,1.95,3.11,-3.91,20.53,52.21,21.96,1
