E,2022-11-12 16:21:04.650715,6.028907,6.416788,1.580254,-0.365377,-1.189474,0.184951,23.222967,28.409915,-54.253299,1
E,2022-11-12 16:21:04.747403,7.757609,4.472597,1.877150,-0.588553,-0.511556,1.344909,32.512153,29.129156,-61.164550,1
E,2022-11-12 16:21:04.843355,5.631449,2.739106,2.667277,-0.659660,0.411110,1.582600,32.512153,29.129156,-61.164550,1
E,2022-11-12 16:21:04.938719,12.000350,4.558792,2.959384,-1.037569,1.303549,0.100395,33.048069,31.107061,-41.640274,1
E,2022-11-12 16:21:05.034957,11.215013,6.953116,3.912325,0.604828,-1.751276,0.345143,16.791992,24.813724,-21.770433,1
E,2022-11-12 16:21:05.130102,7.393671,-0.244221,1.857995,-0.236211,-1.049389,0.486825,35.370365,31.286870,-52.871051,1
E,2022-11-12 16:21:05.225896,8.404077,6.009752,3.495712,-0.526767,0.066093,-0.402418,35.370365,31.286870,-52.871051,1
E,2022-11-12 16:21:05.306778,4.731184,6.977059,1.101389,0.298027,0.552793,1.045166,37.335384,27.151248,-55.462768,1
E,2022-11-12 16:21:05.402495,12.421751,7.149451,10.731359,-0.741820,-0.183050,-0.225315,26.081178,25.532962,-36.629615,1
E,2022-11-12 16:21:05.498724,1.877150,7.637893,1.125332,0.261674,0.992621,0.182421,29.475303,23.914676,-36.111274,1
E,2022-11-12 16:21:05.594416,15.376347,3.261069,7.556486,-1.131180,0.010432,0.771921,29.475303,23.914676,-36.111274,1
E,2022-11-12 16:21:05.690481,8.231685,7.393671,5.765532,-0.268436,-0.666021,0.363918,11.611484,15.643436,-19.178714,1
