k,2022-10-01 12:06:11.240570,-0.20,0.30,0.94,-10.93,37.11,6.35,47.47,4.70,11.28,1
k,2022-10-01 12:06:11.256195,-0.06,0.31,0.78,-11.05,28.81,3.78,47.47,4.70,11.28,1
k,2022-10-01 12:06:11.287429,-0.07,0.33,0.79,-13.79,18.37,-3.54,47.47,4.70,11.28,1
k,2022-10-01 12:06:11.303055,-0.07,0.32,0.73,-7.08,12.76,-5.31,43.26,2.29,10.50,1
k,2022-10-01 12:06:11.318700,-0.07,0.25,0.71,-0.24,4.03,-6.59,43.26,2.29,10.50,1
k,2022-10-01 12:06:11.334325,-0.02,0.24,0.66,-4.15,-7.63,-10.62,43.26,2.29,10.50,1
k,2022-10-01 12:06:11.349955,-0.08,0.17,0.85,54.87,-3.54,-5.86,41.63,1.88,11.93,1
k,2022-10-01 12:06:11.365560,-0.13,0.12,0.86,22.28,9.28,-3.78,41.63,1.88,11.93,1
k,2022-10-01 12:06:11.396811,-0.15,0.13,0.88,2.32,27.28,-9.40,41.92,1.43,11.67,1
k,2022-10-01 12:06:11.412438,-0.13,0.15,0.86,-17.40,47.00,-15.08,41.92,1.43,11.67,1
k,2022-10-01 12:06:11.428084,-0.06,0.18,1.10,25.39,-36.44,-2.14,41.92,1.43,11.67,1
k,2022-10-01 12:06:11.443689,-0.11,0.12,0.52,29.85,-25.63,6.77,44.85,2.44,14.67,1
k,2022-10-01 12:06:11.459336,-0.14,0.06,0.57,37.29,-44.25,11.17,44.85,2.44,14.67,1
k,2022-10-01 12:06:11.490568,-0.14,0.04,0.76,23.99,-60.18,9.89,44.85,2.44,14.67,1
k,2022-10-01 12:06:11.506193,-0.15,0.07,0.83,3.30,-69.58,9.64,56.90,1.59,19.18,1
k,2022-10-01 12:06:11.521819,-0.17,0.12,1.04,-0.79,-84.96,11.84,56.90,1.59,19.18,1
k,2022-10-01 12:06:11.537446,-0.20,0.14,1.16,-8.85,-93.38,15.01,76.90,-0.24,16.82,1
k,2022-10-01 12:06:11.553089,-0.30,0.31,1.34,-12.39,-89.05,23.44,76.90,-0.24,16.82,1
k,2022-10-01 12:06:11.568715,-0.51,0.50,1.39,-9.70,-56.15,14.10,76.90,-0.24,16.82,1
k,2022-10-01 12:06:11.599948,-0.51,0.47,1.53,10.19,-17.94,-0.43,87.72,-2.16,8.61,1
k,2022-10-01 12:06:11.615574,-0.42,0.31,1.45,17.40,13.18,-13.43,87.72,-2.16,8.61,1
k,2022-10-01 12:06:11.631219,-0.35,0.15,1.36,15.63,31.62,-19.59,87.72,-2.16,8.61,1
k,2022-10-01 12:06:11.646848,-0.20,0.14,1.22,12.76,43.21,-18.43,80.36,0.38,8.17,1
k,2022-10-01 12:06:11.662470,-0.16,0.16,1.14,9.28,45.29,-24.05,80.36,0.38,8.17,1
k,2022-10-01 12:06:11.693707,-0.17,0.17,1.07,12.63,48.10,-25.94,80.36,0.38,8.17,1
k,2022-10-01 12:06:11.709330,-0.16,0.15,1.00,13.98,51.94,-30.03,67.54,3.77,11.73,1
k,2022-10-01 12:06:11.724956,-0.07,0.15,0.84,9.77,48.83,-37.54,67.54,3.77,11.73,1
k,2022-10-01 12:06:11.740600,0.08,0.15,0.66,9.70,38.15,-43.09,55.66,6.18,10.61,1
k,2022-10-01 12:06:11.756225,0.14,0.09,0.55,12.57,20.45,-41.87,55.66,6.18,10.61,1
k,2022-10-01 12:06:11.771855,0.16,0.04,0.46,18.49,-3.42,-33.75,55.66,6.18,10.61,1
k,2022-10-01 12:06:11.803085,0.07,0.09,0.51,20.69,-28.56,-25.45,51.34,8.37,12.35,1
k,2022-10-01 12:06:11.818710,-0.10,-0.12,0.81,137.94,-20.81,25.82,51.34,8.37,12.35,1
k,2022-10-01 12:06:11.834355,-0.19,-0.22,0.86,49.80,-8.79,0.06,51.34,8.37,12.35,1
k,2022-10-01 12:06:11.849985,-0.25,-0.06,0.90,-17.88,6.59,-37.72,51.37,8.87,11.11,1
k,2022-10-01 12:06:11.865607,-0.22,0.11,0.90,-37.84,23.50,-49.19,51.37,8.87,11.11,1
k,2022-10-01 12:06:11.896840,-0.09,0.11,0.90,-8.79,28.81,-36.44,52.83,9.11,12.88,1
k,2022-10-01 12:06:11.912466,-0.09,0.03,0.82,37.05,-18.68,35.22,52.83,9.11,12.88,1
k,2022-10-01 12:06:11.928096,-0.16,-0.27,0.81,42.42,-27.53,31.25,52.83,9.11,12.88,1
k,2022-10-01 12:06:11.943719,-0.20,-0.02,1.07,7.93,-37.54,36.80,57.65,6.36,13.96,1
k,2022-10-01 12:06:11.959366,-0.19,0.21,1.06,-27.89,-28.08,23.93,57.65,6.36,13.96,1
k,2022-10-01 12:06:11.974988,-0.21,0.34,1.06,-33.26,-12.82,4.03,57.65,6.36,13.96,1
k,2022-10-01 12:06:12.006222,-0.22,0.53,1.16,-25.51,1.95,-14.40,61.56,3.48,16.13,1
k,2022-10-01 12:06:12.021849,-0.18,0.24,1.00,-4.27,9.95,-6.23,61.56,3.48,16.13,1
k,2022-10-01 12:06:12.037496,-0.19,0.11,1.00,26.18,2.20,4.27,61.95,3.63,16.49,1
k,2022-10-01 12:06:12.053118,-0.18,0.06,0.98,24.90,-3.85,7.45,61.95,3.63,16.49,1
k,2022-10-01 12:06:12.068744,-0.18,0.05,0.96,17.33,-6.96,5.86,61.95,3.63,16.49,1
k,2022-10-01 12:06:12.099993,-0.19,0.05,0.93,7.26,-6.53,3.91,62.13,2.88,15.33,1
k,2022-10-01 12:06:12.115604,-0.20,0.05,0.92,-6.84,-0.31,1.34,62.13,2.88,15.33,1
k,2022-10-01 12:06:12.131229,-0.20,0.08,0.92,-9.70,6.29,1.40,62.13,2.88,15.33,1
k,2022-10-01 12:06:12.146874,-0.20,0.07,0.91,-7.57,14.10,3.17,61.80,2.55,15.81,1
k,2022-10-01 12:06:12.162503,-0.18,0.07,0.91,-9.70,21.61,3.60,61.80,2.55,15.81,1
k,2022-10-01 12:06:12.178124,-0.09,0.67,-0.63,-16.05,-38.94,-21.55,61.80,2.55,15.81,1
k,2022-10-01 12:06:12.209359,-0.13,0.67,0.14,3.30,-6.77,-7.14,64.48,4.27,15.56,1
k,2022-10-01 12:06:12.224987,-0.20,0.32,0.63,34.85,-42.66,-18.07,64.48,4.27,15.56,1
k,2022-10-01 12:06:12.240633,-0.22,0.22,0.72,56.64,-57.07,-15.75,73.84,6.88,13.37,1
k,2022-10-01 12:06:12.256255,-0.22,0.09,0.77,74.52,-74.16,-12.08,73.84,6.88,13.37,1
k,2022-10-01 12:06:12.271884,-0.34,-0.20,1.28,50.05,-70.98,0.24,73.84,6.88,13.37,1
k,2022-10-01 12:06:12.303115,-0.62,-0.15,1.41,9.89,-43.03,8.48,86.19,10.16,3.30,1
k,2022-10-01 12:06:12.318740,-0.81,-0.17,1.65,0.85,-0.79,12.63,86.19,10.16,3.30,1
k,2022-10-01 12:06:12.334366,-0.51,-0.26,1.45,-5.86,42.72,-3.36,86.19,10.16,3.30,1
k,2022-10-01 12:06:12.350014,-0.19,-0.57,0.99,-8.42,56.09,9.03,80.25,10.53,-0.48,1
k,2022-10-01 12:06:12.365636,0.01,-0.51,0.91,-8.00,36.25,31.92,80.25,10.53,-0.48,1
k,2022-10-01 12:06:12.381262,-0.03,-0.39,0.93,-7.32,18.86,50.05,70.97,6.24,-0.79,1
k,2022-10-01 12:06:12.412498,-0.00,-0.26,0.90,-10.86,10.74,53.71,70.97,6.24,-0.79,1
k,2022-10-01 12:06:12.428121,-0.09,-0.25,1.02,-41.38,3.36,36.01,70.97,6.24,-0.79,1
k,2022-10-01 12:06:12.443748,-0.24,-0.20,1.07,-61.04,11.54,31.19,65.56,-1.12,1.84,1
k,2022-10-01 12:06:12.459395,-0.21,-0.04,1.02,-71.72,21.24,32.53,65.56,-1.12,1.84,1
