g,2022-10-30 17:25:34.238965,0.03,-0.83,0.47,-12.21,-2.93,62.19,-31.65,-43.57,-122.92,1
g,2022-10-30 17:25:34.259839,0.03,-0.73,0.48,-20.45,-26.12,80.26,-31.65,-43.57,-122.92,1
g,2022-10-30 17:25:34.279805,-0.08,-0.43,0.65,-64.76,-26.92,76.35,-53.58,-45.97,-126.31,1
g,2022-10-30 17:25:34.300853,-0.12,-0.29,0.75,-81.97,-27.47,67.20,-53.58,-45.97,-126.31,1
g,2022-10-30 17:25:34.323488,-0.05,-0.09,0.88,-77.03,-33.20,69.64,-85.34,-40.48,-124.73,1
g,2022-10-30 17:25:34.343835,-0.07,0.03,0.94,-64.94,-36.87,79.10,-85.34,-40.48,-124.73,1
g,2022-10-30 17:25:34.364775,-0.11,0.21,1.02,-49.68,-31.43,87.65,-112.89,-22.99,-113.15,1
g,2022-10-30 17:25:34.386085,-0.15,0.30,1.00,-27.22,-26.18,72.69,-112.89,-22.99,-113.15,1
g,2022-10-30 17:25:34.405841,-0.10,0.28,1.00,-25.15,-25.39,51.82,-112.89,-22.99,-113.15,1
g,2022-10-30 17:25:34.426596,-0.16,0.25,1.02,-21.91,-23.38,39.43,-127.04,-7.58,-101.75,1
g,2022-10-30 17:25:34.448059,-0.31,0.15,1.12,-14.10,-24.17,37.35,-127.04,-7.58,-101.75,1
g,2022-10-30 17:25:34.468362,-0.27,0.14,1.09,-9.16,-16.48,30.03,-135.06,4.69,-90.69,1
g,2022-10-30 17:25:34.488988,-0.27,0.19,1.08,-25.45,-7.51,14.34,-135.06,4.69,-90.69,1
g,2022-10-30 17:25:34.509146,-0.30,0.23,1.07,-19.84,-6.10,6.10,-135.06,4.69,-90.69,1
g,2022-10-30 17:25:34.528464,-0.28,0.19,1.09,-3.85,-6.10,7.51,-139.25,11.84,-82.45,1
g,2022-10-30 17:25:34.547784,-0.28,0.15,1.04,2.14,-3.91,0.73,-139.25,11.84,-82.45,1
g,2022-10-30 17:25:34.567388,-0.25,0.22,1.01,-9.40,1.53,-13.43,-142.65,15.22,-77.45,1
g,2022-10-30 17:25:34.587707,-0.29,0.21,1.02,-15.69,3.72,-30.76,-142.65,15.22,-77.45,1
g,2022-10-30 17:25:34.606874,-0.33,0.09,1.07,-0.06,2.08,-28.93,-142.65,15.22,-77.45,1
g,2022-10-30 17:25:34.628058,-0.23,0.00,0.98,17.15,-1.89,-15.56,-146.51,12.34,-73.52,1
g,2022-10-30 17:25:34.649008,-0.20,0.06,0.92,4.09,-2.62,-21.67,-146.51,12.34,-73.52,1
g,2022-10-30 17:25:34.669019,-0.22,0.07,1.03,-3.42,1.28,-36.25,-150.18,8.28,-70.81,1
g,2022-10-30 17:25:34.689810,-0.24,-0.09,0.99,9.89,3.72,-32.78,-150.18,8.28,-70.81,1
g,2022-10-30 17:25:34.712468,-0.20,-0.16,0.94,16.85,0.92,-21.91,-150.18,8.28,-70.81,1
g,2022-10-30 17:25:34.732992,-0.21,-0.15,0.92,9.03,-2.50,-12.33,-154.53,3.63,-66.41,1
g,2022-10-30 17:25:34.753017,-0.26,-0.16,1.00,2.87,-0.79,-10.56,-154.53,3.63,-66.41,1
g,2022-10-30 17:25:34.774590,-0.23,-0.17,0.99,3.05,10.86,-3.48,-158.91,2.43,-64.01,1
g,2022-10-30 17:25:34.794525,-0.23,-0.19,0.87,-2.20,13.85,0.61,-158.91,2.43,-64.01,1
g,2022-10-30 17:25:34.815687,-0.21,-0.23,0.91,42.72,-19.29,16.42,-162.27,4.19,-62.70,1
g,2022-10-30 17:25:34.836614,-0.21,-0.29,0.84,12.63,-7.69,19.47,-162.27,4.19,-62.70,1
g,2022-10-30 17:25:34.856479,-0.22,-0.13,0.84,-29.05,7.51,21.73,-162.27,4.19,-62.70,1
g,2022-10-30 17:25:34.875870,-0.18,-0.04,0.79,-40.16,10.01,12.51,-161.18,9.58,-61.50,1
g,2022-10-30 17:25:34.896858,-0.14,0.01,0.70,-35.71,-14.10,13.67,-161.18,9.58,-61.50,1
g,2022-10-30 17:25:34.918864,-0.20,0.09,0.73,-31.62,-32.90,14.83,-156.92,15.22,-57.81,1
g,2022-10-30 17:25:34.939173,-0.28,0.22,0.81,-26.61,-47.91,5.31,-156.92,15.22,-57.81,1
g,2022-10-30 17:25:34.961695,-0.33,0.34,0.90,-27.28,-57.43,-9.03,-156.92,15.22,-57.81,1
g,2022-10-30 17:25:34.982669,-0.38,0.33,1.12,8.73,-67.99,-27.95,-148.95,16.37,-48.77,1
g,2022-10-30 17:25:35.001866,-0.41,0.02,1.23,58.90,-63.66,-25.21,-148.95,16.37,-48.77,1
g,2022-10-30 17:25:35.021797,-0.46,-0.14,1.22,58.78,-48.10,-18.92,-146.29,8.61,-40.25,1
g,2022-10-30 17:25:35.041700,-0.48,-0.18,1.21,41.56,-27.71,-15.26,-146.29,8.61,-40.25,1
g,2022-10-30 17:25:35.060732,-0.45,-0.17,1.18,23.50,13.31,-20.63,-146.29,8.61,-40.25,1
g,2022-10-30 17:25:35.082954,-0.38,-0.20,1.07,18.74,27.59,-20.94,-146.98,0.85,-37.96,1
g,2022-10-30 17:25:35.102008,-0.31,-0.18,0.97,19.59,39.25,-9.34,-146.98,0.85,-37.96,1
g,2022-10-30 17:25:35.123337,-0.31,-0.18,0.92,22.95,37.11,-5.37,-151.60,-3.12,-45.43,1
g,2022-10-30 17:25:35.143661,-0.30,-0.22,0.85,16.72,46.08,-3.78,-151.60,-3.12,-45.43,1
g,2022-10-30 17:25:35.163460,-0.19,-0.20,0.70,8.00,45.78,0.73,-158.03,-3.23,-53.36,1
g,2022-10-30 17:25:35.184377,-0.16,-0.16,0.63,-3.54,26.43,4.27,-158.03,-3.23,-53.36,1
g,2022-10-30 17:25:35.206340,-0.25,0.05,0.69,-11.41,8.91,-5.07,-158.03,-3.23,-53.36,1
g,2022-10-30 17:25:35.227625,-0.27,-0.07,0.86,-0.12,12.02,-11.84,-159.12,-2.93,-56.01,1
g,2022-10-30 17:25:35.248290,-0.16,-0.05,0.51,-6.77,1.40,-2.38,-159.12,-2.93,-56.01,1
g,2022-10-30 17:25:35.269555,-0.17,0.01,0.63,-28.81,-26.55,-14.28,-156.70,-3.37,-54.24,1
g,2022-10-30 17:25:35.289058,-0.19,0.03,0.67,-24.11,-48.34,-12.08,-156.70,-3.37,-54.24,1
g,2022-10-30 17:25:35.308931,-0.31,-0.03,0.86,-16.17,-70.07,-13.49,-156.70,-3.37,-54.24,1
g,2022-10-30 17:25:35.331523,-0.38,-0.04,0.97,-4.88,-60.85,-13.43,-148.69,-4.76,-43.33,1
g,2022-10-30 17:25:35.350030,-0.41,-0.16,1.15,4.76,-35.58,-9.52,-148.69,-4.76,-43.33,1
g,2022-10-30 17:25:35.372169,-0.42,-0.24,1.21,7.63,-26.86,-1.22,-145.03,-6.97,-34.08,1
g,2022-10-30 17:25:35.392515,-0.43,-0.24,1.16,-0.73,-18.19,10.07,-145.03,-6.97,-34.08,1
g,2022-10-30 17:25:35.412008,-0.41,-0.19,1.13,-3.91,-12.70,18.19,-144.43,-2.55,-28.67,1
g,2022-10-30 17:25:35.432874,-0.38,-0.07,1.04,5.25,-7.75,37.48,-144.43,-2.55,-28.67,1
g,2022-10-30 17:25:35.452907,-0.45,0.01,1.00,3.66,-14.59,27.22,-144.43,-2.55,-28.67,1
g,2022-10-30 17:25:35.473957,-0.42,-0.02,0.96,15.87,-5.43,21.06,-143.29,4.65,-28.75,1
g,2022-10-30 17:25:35.493067,-0.39,0.02,0.83,24.29,-0.85,28.14,-143.29,4.65,-28.75,1
g,2022-10-30 17:25:35.513212,-0.40,0.13,0.77,8.24,-4.58,6.41,-143.21,8.69,-28.71,1
g,2022-10-30 17:25:35.533972,-0.40,0.08,0.91,7.20,-6.77,-9.58,-143.21,8.69,-28.71,1
