p,2022-11-12 09:30:30.207202,7.024946,5.569197,-3.174873,-0.210960,0.122652,1.052367,-7.860081,58.258312,26.953868,1
p,2022-11-12 09:30:30.302226,5.971443,4.755127,-3.466981,-0.506043,0.022250,0.634777,2.679573,68.507453,29.545587,1
p,2022-11-12 09:30:30.379309,6.900441,4.558792,-1.661661,-0.377144,0.214266,1.099106,2.679573,68.507453,29.545587,1
p,2022-11-12 09:30:30.473953,10.123201,5.880459,-4.764704,-0.504445,2.497429,0.354208,4.287317,71.564224,39.048553,1
p,2022-11-12 09:30:30.582936,11.612470,5.497367,-3.668104,-0.098972,0.197222,0.678719,-25.723901,55.381355,30.755056,1
p,2022-11-12 09:30:30.676638,6.201298,3.567542,-5.521310,0.289322,-0.647279,0.148077,-6.430975,61.135265,34.556243,1
p,2022-11-12 09:30:30.770659,6.842977,3.720779,-2.236298,-0.520291,-0.215441,0.548489,-6.430975,61.135265,34.556243,1
p,2022-11-12 09:30:30.848749,7.403249,2.753472,-2.930652,-1.123373,0.424659,-0.334096,17.685182,73.901748,44.750335,1
p,2022-11-12 09:30:30.942526,6.033696,7.752820,-4.295417,-0.038118,1.229878,0.080165,19.471565,54.122688,52.698268,1
p,2022-11-12 09:30:31.036259,11.143183,0.900266,-4.290628,0.242983,0.428388,1.529346,-4.287317,57.898693,43.540866,1
p,2022-11-12 09:30:31.129995,15.692398,-1.518001,-1.848418,0.867104,0.046485,-1.524680,-4.287317,57.898693,43.540866,1
p,2022-11-12 09:30:31.239143,2.456576,5.760743,-6.665797,-0.652652,-0.068166,-0.622387,1.429106,60.056407,34.210681,1
