x,2022-10-13 12:28:26.596981,0.19,-0.54,0.92,-36.38,1.83,-7.39,59.24,-14.48,12.21,1
x,2022-10-13 12:28:26.617651,0.30,-0.45,0.91,-35.83,4.39,-1.65,59.89,-16.32,15.11,1
x,2022-10-13 12:28:26.637659,0.32,-0.34,0.92,-34.48,0.85,0.43,59.89,-16.32,15.11,1
x,2022-10-13 12:28:26.657599,0.28,-0.23,0.92,-34.73,2.14,-3.78,59.89,-16.32,15.11,1
x,2022-10-13 12:28:26.677643,0.26,-0.26,0.90,-28.56,6.23,-8.36,57.52,-19.36,16.71,1
x,2022-10-13 12:28:26.699061,0.28,-0.24,0.85,-22.89,2.20,-4.76,57.52,-19.36,16.71,1
x,2022-10-13 12:28:26.709169,-0.40,-0.30,0.95,-21.85,-0.79,-9.03,57.43,-21.55,18.19,1
x,2022-10-13 12:28:26.729852,0.22,-0.25,0.82,-11.96,9.95,-6.59,57.43,-21.55,18.19,1
x,2022-10-13 12:28:26.750842,0.22,-0.13,0.88,-8.12,2.50,-7.63,57.43,-21.55,18.19,1
x,2022-10-13 12:28:26.771102,0.19,-0.12,0.83,4.64,8.42,-14.04,56.86,-21.13,18.99,1
x,2022-10-13 12:28:26.791130,0.20,-0.18,0.80,35.10,6.41,-13.55,56.86,-21.13,18.99,1
x,2022-10-13 12:28:26.809805,0.19,-0.25,0.74,47.06,6.59,-11.17,59.00,-19.07,20.09,1
x,2022-10-13 12:28:26.829726,0.21,-0.42,0.72,42.97,3.91,-14.89,59.00,-19.07,20.09,1
x,2022-10-13 12:28:26.849728,0.26,-0.50,0.73,33.81,-1.65,-14.53,59.00,-19.07,20.09,1
x,2022-10-13 12:28:26.871145,0.25,-0.49,0.78,21.12,-7.57,-12.15,62.37,-16.58,18.16,1
x,2022-10-13 12:28:26.896856,0.26,-0.51,0.78,14.89,-11.96,-13.61,62.37,-16.58,18.16,1
x,2022-10-13 12:28:26.913409,0.27,-0.53,0.78,12.94,-18.19,-8.54,64.22,-15.15,15.36,1
x,2022-10-13 12:28:26.933503,0.30,-0.50,0.89,7.39,-28.69,8.24,64.22,-15.15,15.36,1
x,2022-10-13 12:28:26.953538,0.30,-0.39,1.01,-3.36,-15.38,7.14,64.22,-15.15,15.36,1
x,2022-10-13 12:28:26.974785,0.30,-0.30,1.09,-9.70,4.09,-6.10,65.11,-16.33,10.73,1
x,2022-10-13 12:28:26.995254,0.32,-0.26,1.11,-8.12,6.90,-7.63,65.11,-16.33,10.73,1
x,2022-10-13 12:28:27.015382,0.31,-0.27,1.08,1.77,0.98,-3.91,65.45,-16.06,10.38,1
x,2022-10-13 12:28:27.025396,0.27,-0.39,0.97,17.82,-21.42,3.11,65.45,-16.06,10.38,1
x,2022-10-13 12:28:27.047335,0.28,-0.34,1.07,14.16,-29.48,-0.73,65.45,-16.06,10.38,1
x,2022-10-13 12:28:27.069559,0.32,-0.30,1.13,-0.12,12.70,-19.41,64.94,-14.64,11.79,1
x,2022-10-13 12:28:27.089580,0.30,-0.27,1.10,11.11,11.78,-2.56,64.94,-14.64,11.79,1
x,2022-10-13 12:28:27.109651,0.24,-0.37,0.88,13.92,30.82,-4.64,64.81,-14.23,15.66,1
x,2022-10-13 12:28:27.130428,0.27,-0.43,0.94,14.95,15.01,0.12,64.81,-14.23,15.66,1
x,2022-10-13 12:28:27.150437,0.24,-0.38,0.91,-1.04,25.63,-11.78,64.81,-14.23,15.66,1
x,2022-10-13 12:28:27.172366,0.25,-0.35,0.83,-3.48,20.20,-16.54,63.20,-12.85,20.09,1
x,2022-10-13 12:28:27.192763,0.23,-0.45,0.70,7.14,16.48,-10.25,63.20,-12.85,20.09,1
x,2022-10-13 12:28:27.216212,0.21,-0.54,0.66,16.42,-3.54,4.64,60.84,-10.03,22.24,1
x,2022-10-13 12:28:27.226986,0.18,-0.55,0.60,10.93,-15.69,5.31,60.84,-10.03,22.24,1
x,2022-10-13 12:28:27.247008,0.18,-0.48,0.66,1.46,-24.66,0.55,60.84,-10.03,22.24,1
x,2022-10-13 12:28:27.267076,0.19,-0.40,0.73,-11.54,-12.33,-9.16,59.22,-10.27,22.13,1
x,2022-10-13 12:28:27.287076,0.21,-0.37,0.74,-14.22,3.66,-7.87,59.22,-10.27,22.13,1
x,2022-10-13 12:28:27.307130,0.09,-0.43,0.48,-9.58,12.70,-0.61,59.22,-10.27,22.13,1
x,2022-10-13 12:28:27.326999,0.18,-0.40,0.74,1.83,-23.56,12.33,59.50,-10.01,24.08,1
x,2022-10-13 12:28:27.347331,0.16,-0.39,0.70,-4.64,-23.93,7.20,59.50,-10.01,24.08,1
x,2022-10-13 12:28:27.367890,0.19,-0.30,0.85,-10.44,-25.57,-1.46,62.21,-11.02,19.64,1
x,2022-10-13 12:28:27.390642,0.20,-0.25,0.91,-9.95,-23.38,-4.52,62.21,-11.02,19.64,1
x,2022-10-13 12:28:27.408537,0.21,-0.20,1.03,-1.59,-16.72,-5.13,62.21,-11.02,19.64,1
x,2022-10-13 12:28:27.429149,0.22,-0.20,1.06,6.53,-8.61,-7.14,65.80,-10.64,15.39,1
x,2022-10-13 12:28:27.449227,0.24,-0.21,1.11,8.42,-4.52,-10.80,65.80,-10.64,15.39,1
x,2022-10-13 12:28:27.469167,0.29,-0.28,1.12,12.21,1.10,-18.25,68.64,-6.12,13.39,1
x,2022-10-13 12:28:27.479886,0.29,-0.40,1.05,24.96,2.01,-13.55,68.64,-6.12,13.39,1
x,2022-10-13 12:28:27.500702,0.29,-0.55,0.97,35.46,0.12,-8.06,68.64,-6.12,13.39,1
x,2022-10-13 12:28:27.530446,0.29,-0.80,0.78,33.26,-9.58,-0.55,69.85,-0.56,14.23,1
x,2022-10-13 12:28:27.547107,0.24,-0.84,0.69,20.02,-23.68,6.29,69.85,-0.56,14.23,1
x,2022-10-13 12:28:27.567358,0.17,-0.65,0.76,-1.59,-30.82,0.31,68.70,1.35,11.99,1
x,2022-10-13 12:28:27.584639,0.26,-0.52,0.92,-28.08,-18.49,-14.34,68.70,1.35,11.99,1
x,2022-10-13 12:28:27.605703,0.19,-0.41,0.81,-33.63,-8.12,15.01,68.70,1.35,11.99,1
x,2022-10-13 12:28:27.616225,0.00,-0.10,0.94,-20.14,-27.77,36.44,67.98,-0.42,13.21,1
x,2022-10-13 12:28:27.640320,-0.38,-0.03,1.30,22.71,11.66,34.30,67.98,-0.42,13.21,1
x,2022-10-13 12:28:27.660839,-0.00,-0.09,1.10,51.21,61.16,33.20,62.33,1.53,13.98,1
x,2022-10-13 12:28:27.680838,0.30,-0.24,0.97,54.50,67.38,17.82,62.33,1.53,13.98,1
x,2022-10-13 12:28:27.690839,0.35,-0.37,0.86,52.00,50.84,5.98,62.33,1.53,13.98,1
x,2022-10-13 12:28:27.721721,0.43,-0.46,0.73,55.91,43.76,2.32,54.83,7.21,14.88,1
