c,2022-09-30 11:15:58.901265,0.87,0.10,0.97,113.16,66.96,111.15,-31.45,69.30,-0.17,1
c,2022-09-30 11:15:58.920117,0.68,-0.23,0.95,101.81,48.77,48.40,-29.38,75.18,2.25,1
c,2022-09-30 11:15:58.938300,0.48,-0.39,0.87,35.22,16.91,-10.56,-29.38,75.18,2.25,1
c,2022-09-30 11:15:58.956263,0.59,-0.21,0.77,-26.55,9.22,-59.20,-29.38,75.18,2.25,1
c,2022-09-30 11:15:58.975348,0.70,-0.02,0.72,-56.82,4.46,-79.22,-31.64,73.68,3.85,1
c,2022-09-30 11:15:58.993498,0.56,0.04,0.67,-51.51,-3.85,-80.75,-31.64,73.68,3.85,1
c,2022-09-30 11:15:59.012238,0.44,0.02,0.68,-30.27,2.62,-75.13,-35.46,70.23,2.60,1
c,2022-09-30 11:15:59.030080,0.64,0.15,0.69,18.13,8.79,-48.52,-35.46,70.23,2.60,1
c,2022-09-30 11:15:59.048122,0.63,-0.02,0.71,51.45,4.09,0.43,-35.46,70.23,2.60,1
c,2022-09-30 11:15:59.067143,0.46,-0.36,0.77,56.34,-4.15,38.94,-37.18,71.80,3.64,1
c,2022-09-30 11:15:59.085360,0.29,-0.61,0.86,34.42,-4.58,36.25,-37.18,71.80,3.64,1
c,2022-09-30 11:15:59.103331,0.13,-0.57,1.07,-1.34,11.66,-12.45,-37.18,71.80,3.64,1
c,2022-09-30 11:15:59.122352,0.51,-0.19,0.94,-17.82,17.09,-26.06,-37.50,72.05,4.94,1
c,2022-09-30 11:15:59.140370,0.75,-0.05,0.92,-20.39,-0.24,-15.32,-37.50,72.05,4.94,1
c,2022-09-30 11:15:59.158376,0.72,-0.17,0.90,-22.16,-28.81,-10.93,-37.50,72.05,4.94,1
c,2022-09-30 11:15:59.177388,0.61,-0.17,0.88,-34.12,-45.65,-28.99,-38.33,71.55,4.76,1
c,2022-09-30 11:15:59.195429,-1.47,0.50,0.56,-0.37,-19.23,-31.37,-38.33,71.55,4.76,1
c,2022-09-30 11:15:59.214153,0.43,-0.30,0.66,58.29,-0.79,-5.49,-39.58,70.56,5.88,1
c,2022-09-30 11:15:59.232153,0.50,-0.51,0.92,22.22,7.75,-25.09,-39.58,70.56,5.88,1
c,2022-09-30 11:15:59.250519,0.48,-0.09,0.83,-30.64,3.48,-47.00,-39.58,70.56,5.88,1
c,2022-09-30 11:15:59.269281,0.46,0.05,0.81,-43.88,4.94,-46.69,-39.93,69.45,6.19,1
c,2022-09-30 11:15:59.287302,0.46,0.14,0.80,-44.86,9.89,-32.35,-39.93,69.45,6.19,1
c,2022-09-30 11:15:59.305294,0.99,0.71,0.41,-47.42,13.85,-18.25,-39.93,69.45,6.19,1
c,2022-09-30 11:15:59.324108,0.52,0.60,0.50,-7.51,66.71,101.50,-38.99,67.63,3.31,1
c,2022-09-30 11:15:59.342134,0.63,-0.12,0.92,72.02,83.50,183.11,-38.99,67.63,3.31,1
c,2022-09-30 11:15:59.360116,0.61,-1.01,1.28,61.22,59.63,160.22,-38.99,67.63,3.31,1
c,2022-09-30 11:15:59.379140,0.47,-0.74,0.99,-42.24,6.29,13.85,-33.46,74.08,2.73,1
c,2022-09-30 11:15:59.397415,0.46,0.27,0.78,-74.22,-1.46,-30.82,-33.46,74.08,2.73,1
c,2022-09-30 11:15:59.416157,0.42,0.62,0.91,-60.42,-5.68,-9.16,-32.23,71.64,1.00,1
c,2022-09-30 11:15:59.434280,0.44,0.40,0.92,-3.42,-20.20,41.02,-32.23,71.64,1.00,1
c,2022-09-30 11:15:59.452254,0.41,0.02,0.88,28.14,-37.11,45.78,-32.23,71.64,1.00,1
c,2022-09-30 11:15:59.471110,0.36,0.04,0.90,11.78,-59.39,21.12,-32.54,73.17,2.22,1
c,2022-09-30 11:15:59.489126,0.48,0.08,0.84,21.48,-74.58,0.12,-32.54,73.17,2.22,1
c,2022-09-30 11:15:59.507294,0.41,-0.04,1.00,20.26,-83.44,-7.32,-32.54,73.17,2.22,1
c,2022-09-30 11:15:59.526315,0.54,-0.01,0.85,9.16,-97.53,-18.25,-35.12,72.90,4.59,1
c,2022-09-30 11:15:59.544427,0.48,0.11,0.72,-10.56,-75.26,-25.09,-35.12,72.90,4.59,1
c,2022-09-30 11:15:59.563376,0.48,0.17,0.81,-14.89,-60.36,-17.64,-38.50,71.51,7.30,1
c,2022-09-30 11:15:59.581397,0.42,0.09,0.91,-6.96,-44.13,-16.85,-38.50,71.51,7.30,1
c,2022-09-30 11:15:59.599509,0.46,0.19,0.91,-2.81,-37.23,-20.14,-38.50,71.51,7.30,1
c,2022-09-30 11:15:59.618106,0.42,0.14,0.95,27.71,-20.63,-17.21,-38.75,71.41,7.63,1
c,2022-09-30 11:15:59.636348,0.41,-0.48,0.99,24.66,-15.38,-72.81,-38.75,71.41,7.63,1
c,2022-09-30 11:15:59.654460,0.39,0.41,0.92,-17.15,-15.14,-130.13,-38.75,71.41,7.63,1
c,2022-09-30 11:15:59.673122,0.31,0.59,0.85,11.35,-14.65,-88.56,-41.52,68.05,7.91,1
c,2022-09-30 11:15:59.691119,0.38,0.09,0.86,60.61,-2.20,-23.62,-41.52,68.05,7.91,1
c,2022-09-30 11:15:59.709279,0.40,-0.21,0.89,72.94,11.23,-16.30,-41.52,68.05,7.91,1
c,2022-09-30 11:15:59.728138,0.22,-0.21,0.95,47.79,18.01,-18.19,-42.26,68.07,10.21,1
c,2022-09-30 11:15:59.746098,0.32,-0.64,0.90,35.58,-7.81,7.32,-42.26,68.07,10.21,1
c,2022-09-30 11:15:59.765330,0.31,-0.31,0.79,-3.85,-8.85,-19.71,-43.33,68.48,11.51,1
c,2022-09-30 11:15:59.783476,0.31,-0.01,0.79,-18.07,-0.85,-30.40,-43.33,68.48,11.51,1
c,2022-09-30 11:15:59.801231,0.31,0.06,0.88,-6.35,7.51,-24.48,-43.33,68.48,11.51,1
c,2022-09-30 11:15:59.820456,0.86,-0.11,0.50,-14.47,34.06,-21.61,-43.14,67.65,9.56,1
c,2022-09-30 11:15:59.838134,0.40,0.31,1.11,-28.38,42.66,-12.21,-43.14,67.65,9.56,1
