B,2022-10-21 10:57:39.296505,0.22,0.01,0.81,22.28,0.73,3.66,-17.75,76.04,-107.73,1
B,2022-10-21 10:57:39.312127,0.22,-0.05,0.85,10.99,2.26,4.82,-17.75,76.04,-107.73,1
B,2022-10-21 10:57:39.327757,0.11,0.08,0.63,-24.29,14.47,-4.27,-17.75,76.04,-107.73,1
B,2022-10-21 10:57:39.343379,0.12,0.03,0.64,-17.58,-8.42,-11.05,-16.56,76.75,-107.82,1
B,2022-10-21 10:57:39.374611,0.15,0.00,0.66,-11.84,-21.97,-8.00,-16.56,76.75,-107.82,1
B,2022-10-21 10:57:39.390257,0.16,0.05,0.73,-10.38,-30.33,-4.21,-12.85,75.94,-103.28,1
B,2022-10-21 10:57:39.405886,0.20,0.08,0.86,6.47,-30.58,-2.38,-12.85,75.94,-103.28,1
B,2022-10-21 10:57:39.421508,0.23,0.05,0.98,19.65,-29.85,-0.37,-12.85,75.94,-103.28,1
B,2022-10-21 10:57:39.452741,0.26,0.00,1.05,20.69,-24.05,-1.16,-6.45,76.54,-95.62,1
B,2022-10-21 10:57:39.468366,0.29,-0.02,1.14,13.43,-19.35,0.67,-6.45,76.54,-95.62,1
B,2022-10-21 10:57:39.483992,0.30,-0.02,1.19,7.14,-20.20,2.44,-6.45,76.54,-95.62,1
B,2022-10-21 10:57:39.499637,0.32,0.03,1.29,-0.18,-20.32,1.95,-1.34,77.42,-91.69,1
B,2022-10-21 10:57:39.515268,0.33,0.08,1.33,-6.77,-7.57,-2.56,-1.34,77.42,-91.69,1
B,2022-10-21 10:57:39.546497,0.28,0.11,1.17,6.77,-14.16,-3.48,-0.31,77.23,-91.83,1
B,2022-10-21 10:57:39.562121,0.33,-0.08,1.34,22.83,-6.53,13.61,-0.31,77.23,-91.83,1
B,2022-10-21 10:57:39.577768,0.28,0.01,1.14,-3.48,24.29,17.76,-0.31,77.23,-91.83,1
B,2022-10-21 10:57:39.593397,0.25,0.06,1.11,-5.31,26.49,14.65,-2.45,78.88,-93.16,1
B,2022-10-21 10:57:39.609023,0.24,0.11,1.05,-4.64,31.07,11.05,-2.45,78.88,-93.16,1
B,2022-10-21 10:57:39.640251,0.23,0.16,0.99,-5.37,36.13,5.43,-2.45,78.88,-93.16,1
B,2022-10-21 10:57:39.655877,0.21,0.16,0.92,1.89,38.15,-0.31,-7.96,78.63,-97.79,1
B,2022-10-21 10:57:39.671526,0.15,0.14,0.77,5.37,31.86,-1.65,-7.96,78.63,-97.79,1
B,2022-10-21 10:57:39.687152,0.15,0.16,0.77,9.77,22.77,-3.48,-13.83,78.74,-104.81,1
B,2022-10-21 10:57:39.702775,0.14,0.17,0.75,-1.04,21.18,-11.66,-13.83,78.74,-104.81,1
B,2022-10-21 10:57:39.734007,0.14,0.18,0.71,-7.63,19.17,-24.96,-13.83,78.74,-104.81,1
B,2022-10-21 10:57:39.749632,0.14,0.09,0.66,1.40,15.14,-28.81,-19.12,76.06,-112.10,1
B,2022-10-21 10:57:39.765278,0.16,0.04,0.67,9.58,9.58,-31.25,-19.12,76.06,-112.10,1
B,2022-10-21 10:57:39.780904,0.16,-0.03,0.66,12.33,4.15,-37.23,-19.12,76.06,-112.10,1
B,2022-10-21 10:57:39.796528,0.19,-0.19,0.68,4.94,-10.38,-40.89,-21.91,73.14,-111.96,1
B,2022-10-21 10:57:39.812156,0.26,-0.33,0.79,4.03,-17.70,-26.61,-21.91,73.14,-111.96,1
B,2022-10-21 10:57:39.843388,0.28,-0.29,0.88,4.76,-21.97,-11.72,-20.81,72.45,-108.85,1
B,2022-10-21 10:57:39.859032,0.29,-0.24,0.94,-4.03,-23.99,-2.38,-20.81,72.45,-108.85,1
B,2022-10-21 10:57:39.874663,0.31,-0.28,1.00,-10.74,-25.88,2.62,-20.81,72.45,-108.85,1
B,2022-10-21 10:57:39.890285,0.33,-0.28,1.04,-15.50,-27.40,15.01,-15.23,73.13,-102.22,1
B,2022-10-21 10:57:39.921516,0.34,-0.14,1.10,-18.49,-19.78,34.85,-15.23,73.13,-102.22,1
B,2022-10-21 10:57:39.937143,0.29,0.25,1.16,-28.50,-8.00,29.91,-15.23,73.13,-102.22,1
B,2022-10-21 10:57:39.952787,0.27,0.43,1.16,-25.82,-0.18,19.41,-7.92,76.07,-97.86,1
B,2022-10-21 10:57:39.968417,0.24,0.48,1.10,-3.78,3.54,10.62,-7.92,76.07,-97.86,1
B,2022-10-21 10:57:39.984039,0.21,0.25,0.99,45.41,-5.31,12.27,-6.18,76.95,-96.72,1
B,2022-10-21 10:57:40.015273,0.25,0.11,1.05,66.89,-9.64,23.38,-6.18,76.95,-96.72,1
B,2022-10-21 10:57:40.030899,0.21,0.19,1.05,41.26,4.03,16.97,-6.18,76.95,-96.72,1
B,2022-10-21 10:57:40.046525,0.18,0.24,0.94,0.73,16.17,-26.00,-7.80,78.67,-97.62,1
B,2022-10-21 10:57:40.062170,0.19,0.13,0.86,2.20,12.57,-29.60,-7.80,78.67,-97.62,1
B,2022-10-21 10:57:40.077795,0.18,0.07,0.81,14.28,9.64,-27.77,-12.33,76.46,-100.74,1
B,2022-10-21 10:57:40.109028,0.18,-0.03,0.79,26.43,4.52,-26.06,-12.33,76.46,-100.74,1
B,2022-10-21 10:57:40.124655,0.18,-0.12,0.77,18.68,-5.07,-29.97,-12.33,76.46,-100.74,1
B,2022-10-21 10:57:40.140282,0.21,-0.16,0.82,12.15,-10.01,-31.74,-15.59,73.95,-100.56,1
B,2022-10-21 10:57:40.164405,0.19,-0.23,0.81,10.68,-14.65,-31.92,-15.59,73.95,-100.56,1
B,2022-10-21 10:57:40.171913,0.24,-0.28,0.88,5.43,-20.02,-28.20,-15.59,73.95,-100.56,1
B,2022-10-21 10:57:40.203173,0.26,-0.33,0.93,9.34,-15.44,-13.92,-16.47,72.94,-99.39,1
B,2022-10-21 10:57:40.218800,0.24,-0.35,0.93,2.01,-14.77,-7.45,-16.47,72.94,-99.39,1
B,2022-10-21 10:57:40.234448,0.24,-0.42,0.92,-2.14,-18.25,-0.73,-16.47,72.94,-99.39,1
B,2022-10-21 10:57:40.250074,0.26,-0.38,1.00,-7.14,-23.74,28.81,-12.84,73.08,-95.54,1
B,2022-10-21 10:57:40.265678,0.25,-0.20,1.05,-8.67,-16.60,32.10,-12.84,73.08,-95.54,1
B,2022-10-21 10:57:40.296930,0.24,-0.13,1.06,-11.60,-13.73,37.41,-6.53,75.33,-92.40,1
B,2022-10-21 10:57:40.312556,0.23,0.02,1.09,-18.01,-11.23,42.42,-6.53,75.33,-92.40,1
B,2022-10-21 10:57:40.328182,0.19,0.23,1.13,-35.40,-4.46,38.64,-6.53,75.33,-92.40,1
B,2022-10-21 10:57:40.343829,0.14,0.47,1.11,-30.40,-3.23,30.52,-1.10,77.93,-90.87,1
B,2022-10-21 10:57:40.375060,0.06,0.47,1.19,-9.64,2.44,24.72,-1.10,77.93,-90.87,1
B,2022-10-21 10:57:40.390688,-0.04,0.42,1.20,27.53,27.28,9.70,-1.21,78.45,-91.52,1
B,2022-10-21 10:57:40.406335,0.06,0.27,1.07,37.23,40.16,-5.07,-1.21,78.45,-91.52,1
B,2022-10-21 10:57:40.432284,0.14,0.15,0.94,24.96,42.85,-19.84,-1.21,78.45,-91.52,1
B,2022-10-21 10:57:40.437796,0.22,0.10,0.89,18.37,36.01,-26.12,-6.37,75.99,-99.82,1
B,2022-10-21 10:57:40.453439,0.28,0.04,0.78,22.09,28.75,-26.43,-6.37,75.99,-99.82,1
B,2022-10-21 10:57:40.484687,0.30,-0.00,0.72,20.75,19.29,-27.53,-6.37,75.99,-99.82,1
B,2022-10-21 10:57:40.500313,0.29,-0.09,0.72,11.84,8.42,-31.13,-10.72,72.41,-106.27,1
B,2022-10-21 10:57:40.515941,0.26,-0.15,0.80,-1.22,-15.56,-25.09,-10.72,72.41,-106.27,1
B,2022-10-21 10:57:40.531584,0.27,-0.14,0.83,-1.46,-2.69,-16.91,-14.14,69.14,-109.88,1
B,2022-10-21 10:57:40.547212,0.28,-0.12,0.86,-4.27,-5.13,-14.04,-14.14,69.14,-109.88,1
B,2022-10-21 10:57:40.578445,0.29,-0.12,0.86,-6.71,-5.98,-14.22,-14.14,69.14,-109.88,1
B,2022-10-21 10:57:40.594074,0.28,-0.12,0.88,-14.22,-7.87,-17.52,-16.30,66.75,-113.32,1
B,2022-10-21 10:57:40.610136,0.24,-0.14,0.95,-13.37,-9.03,-13.31,-16.30,66.75,-113.32,1
