T,2022-11-08 13:01:42.640179,0.55,-0.39,0.70,29.42,10.25,-0.24,6.29,30.97,-64.37,1
T,2022-11-08 13:01:42.653801,0.48,-0.51,0.65,31.19,4.39,-4.88,6.34,31.21,-64.29,1
T,2022-11-08 13:01:42.669553,0.49,-0.51,0.63,12.02,3.30,-11.47,6.34,31.21,-64.29,1
T,2022-11-08 13:01:42.685057,0.48,-0.40,0.70,-1.89,4.03,-10.80,6.34,31.21,-64.29,1
T,2022-11-08 13:01:42.716304,0.45,-0.41,0.69,17.58,3.78,-4.27,6.27,30.74,-64.95,1
T,2022-11-08 13:01:42.732808,0.46,-0.44,0.67,20.87,5.49,-1.53,6.27,30.74,-64.95,1
T,2022-11-08 13:01:42.747802,0.47,-0.48,0.68,26.86,3.60,1.95,6.53,30.88,-64.50,1
T,2022-11-08 13:01:42.763442,0.51,-0.57,0.64,25.45,-0.85,-0.73,6.53,30.88,-64.50,1
T,2022-11-08 13:01:42.779148,0.49,-0.55,0.66,21.06,-6.90,-3.72,6.53,30.88,-64.50,1
T,2022-11-08 13:01:42.810313,0.50,-0.55,0.64,18.13,-16.36,-1.77,6.75,31.25,-64.01,1
T,2022-11-08 13:01:42.826005,0.23,-0.75,0.65,19.65,-22.28,17.94,6.75,31.25,-64.01,1
T,2022-11-08 13:01:42.842035,0.46,-0.70,0.42,-34.79,-1.40,11.78,6.75,31.25,-64.01,1
T,2022-11-08 13:01:42.857750,0.47,-0.45,0.87,-29.36,5.19,22.71,6.08,30.20,-64.64,1
T,2022-11-08 13:01:42.888917,0.42,-0.56,0.68,4.76,-19.10,71.47,6.08,30.20,-64.64,1
T,2022-11-08 13:01:42.904544,0.43,-0.73,0.69,0.61,-31.07,89.29,6.38,30.75,-64.18,1
T,2022-11-08 13:01:42.920232,0.53,-0.67,0.69,-8.67,-46.14,99.24,6.38,30.75,-64.18,1
T,2022-11-08 13:01:42.940795,0.50,-0.68,0.60,-24.11,-52.55,94.54,6.38,30.75,-64.18,1
T,2022-11-08 13:01:42.951803,0.53,-0.48,0.64,-82.28,-37.17,50.78,5.49,30.64,-64.40,1
T,2022-11-08 13:01:42.983059,0.56,-0.15,0.75,-72.08,-26.37,37.35,5.49,30.64,-64.40,1
T,2022-11-08 13:01:43.002838,0.56,-0.07,0.81,-59.14,-18.13,28.56,5.49,30.64,-64.40,1
T,2022-11-08 13:01:43.018978,0.59,-0.05,0.83,-38.94,-13.43,23.99,4.82,28.74,-64.81,1
T,2022-11-08 13:01:43.040632,0.57,-0.12,0.75,-26.73,0.67,-5.19,4.82,28.74,-64.81,1
T,2022-11-08 13:01:43.050652,0.52,0.27,0.90,-25.88,9.95,-19.96,4.33,28.15,-67.27,1
T,2022-11-08 13:01:43.066361,0.50,0.07,0.82,38.21,5.74,14.28,4.33,28.15,-67.27,1
T,2022-11-08 13:01:43.099592,0.58,-0.31,0.74,73.49,10.19,8.54,4.33,28.15,-67.27,1
T,2022-11-08 13:01:43.115225,0.49,-0.39,0.72,0.31,34.85,-44.01,4.87,29.79,-65.45,1
T,2022-11-08 13:01:43.130932,0.46,-0.16,0.88,-36.62,48.58,-68.66,4.87,29.79,-65.45,1
T,2022-11-08 13:01:43.147118,0.48,-0.08,0.92,4.94,33.63,-39.31,6.59,28.16,-65.19,1
T,2022-11-08 13:01:43.162860,0.62,-0.38,0.73,32.35,22.95,-19.78,6.59,28.16,-65.19,1
T,2022-11-08 13:01:43.182491,0.74,-0.54,0.63,28.87,16.85,-20.81,6.59,28.16,-65.19,1
T,2022-11-08 13:01:43.201562,0.75,-0.39,0.72,10.86,-8.61,-28.08,6.18,29.35,-64.55,1
T,2022-11-08 13:01:43.233492,0.54,-0.36,0.77,34.48,-35.16,-13.24,6.18,29.35,-64.55,1
T,2022-11-08 13:01:43.249274,0.44,-1.07,0.65,37.11,-7.87,17.46,6.18,29.35,-64.55,1
T,2022-11-08 13:01:43.265062,0.42,-0.16,0.69,-5.68,6.96,-4.15,5.20,29.66,-65.03,1
T,2022-11-08 13:01:43.280680,0.34,-0.43,0.92,25.76,-15.69,2.32,5.20,29.66,-65.03,1
T,2022-11-08 13:01:43.311781,0.35,-0.36,0.75,23.56,-43.40,1.34,4.22,29.93,-64.31,1
T,2022-11-08 13:01:43.328293,0.41,-0.44,0.72,17.82,-62.07,-19.71,4.22,29.93,-64.31,1
T,2022-11-08 13:01:43.343709,0.40,-0.35,0.73,-6.59,-74.52,-36.99,4.22,29.93,-64.31,1
T,2022-11-08 13:01:43.374970,0.39,-0.47,0.82,-24.11,-86.36,-44.68,0.18,30.80,-63.23,1
T,2022-11-08 13:01:43.390590,0.42,-0.40,0.77,-18.37,-92.35,-46.45,0.18,30.80,-63.23,1
T,2022-11-08 13:01:43.406337,0.42,-0.47,0.71,-18.98,-85.82,-47.67,-4.55,28.83,-62.99,1
T,2022-11-08 13:01:43.421944,0.46,-0.37,0.79,-23.80,-67.44,-43.40,-4.55,28.83,-62.99,1
T,2022-11-08 13:01:43.453213,0.41,-0.36,0.73,-23.68,-45.41,-30.15,-4.55,28.83,-62.99,1
T,2022-11-08 13:01:43.468846,0.41,-0.35,0.77,-22.71,-3.91,-9.34,-7.13,27.19,-60.61,1
T,2022-11-08 13:01:43.484594,0.30,-0.43,0.87,-7.69,21.73,2.69,-7.13,27.19,-60.61,1
T,2022-11-08 13:01:43.515721,0.31,-0.36,0.98,-3.48,25.63,1.53,-6.86,26.62,-61.07,1
T,2022-11-08 13:01:43.531343,0.30,-0.39,0.92,21.48,11.35,1.71,-6.86,26.62,-61.07,1
T,2022-11-08 13:01:43.547123,0.28,-0.47,0.79,29.72,9.34,-1.16,-6.86,26.62,-61.07,1
T,2022-11-08 13:01:43.562878,0.05,-0.72,0.56,14.83,31.49,-20.94,-6.10,27.36,-62.11,1
T,2022-11-08 13:01:43.594004,0.05,-0.60,0.59,-35.22,70.07,-34.36,-6.10,27.36,-62.11,1
T,2022-11-08 13:01:43.609756,0.16,-0.31,0.72,-58.78,90.88,-19.47,-4.00,25.88,-64.40,1
T,2022-11-08 13:01:43.625374,0.12,-0.32,0.80,-19.17,85.08,17.76,-4.00,25.88,-64.40,1
T,2022-11-08 13:01:43.642152,0.11,-0.46,0.73,2.38,72.20,28.56,-4.00,25.88,-64.40,1
T,2022-11-08 13:01:43.672414,0.08,-0.60,0.65,2.44,63.72,27.95,-0.10,25.61,-64.37,1
T,2022-11-08 13:01:43.688148,0.19,-0.61,0.59,-24.41,55.42,22.16,-0.10,25.61,-64.37,1
T,2022-11-08 13:01:43.703659,0.29,-0.50,0.60,-43.76,48.83,24.05,2.15,24.07,-64.70,1
T,2022-11-08 13:01:43.719278,0.41,-0.42,0.61,-41.69,35.95,32.10,2.15,24.07,-64.70,1
