v,2022-10-16 15:18:17.258729,0.40,0.93,0.30,68.66,11.41,-12.27,-57.09,1.88,49.61,1
v,2022-10-16 15:18:17.267140,0.33,0.93,0.33,100.65,27.59,-19.04,-57.09,1.88,49.61,1
v,2022-10-16 15:18:17.274476,0.25,0.94,0.39,100.65,27.59,-19.04,-57.09,1.88,49.61,1
v,2022-10-16 15:18:17.282804,0.20,0.94,0.48,93.75,28.44,-23.93,-57.09,1.88,49.61,1
v,2022-10-16 15:18:17.291006,0.19,0.93,0.54,81.24,25.51,-31.19,-57.09,1.88,49.61,1
v,2022-10-16 15:18:17.299328,0.18,0.94,0.57,64.70,22.40,-39.79,-57.09,1.88,49.61,1
v,2022-10-16 15:18:17.308824,0.17,0.92,0.57,52.12,21.91,-46.08,-55.75,1.64,45.54,1
v,2022-10-16 15:18:17.317096,0.20,0.91,0.53,42.05,27.47,-46.02,-55.75,1.64,45.54,1
v,2022-10-16 15:18:17.324295,0.25,0.92,0.49,42.05,27.47,-46.02,-55.75,1.64,45.54,1
v,2022-10-16 15:18:17.332899,0.28,0.91,0.47,27.28,31.74,-43.46,-55.75,1.64,45.54,1
v,2022-10-16 15:18:17.341178,0.30,0.89,0.45,25.88,35.34,-41.93,-55.75,1.64,45.54,1
v,2022-10-16 15:18:17.349602,0.34,0.86,0.43,23.99,37.78,-40.71,-55.75,1.64,45.54,1
v,2022-10-16 15:18:17.358810,0.36,0.83,0.42,21.91,39.92,-38.39,-54.35,0.94,43.20,1
v,2022-10-16 15:18:17.367133,0.38,0.79,0.39,26.55,43.46,-33.45,-54.35,0.94,43.20,1
v,2022-10-16 15:18:17.374448,0.35,0.78,0.38,26.55,43.46,-33.45,-54.35,0.94,43.20,1
v,2022-10-16 15:18:17.382789,0.30,0.76,0.46,34.91,43.27,-34.42,-54.35,0.94,43.20,1
v,2022-10-16 15:18:17.391073,0.25,0.71,0.51,38.57,39.37,-37.54,-54.35,0.94,43.20,1
v,2022-10-16 15:18:17.399286,0.21,0.72,0.50,30.70,30.15,-41.87,-54.35,0.94,43.20,1
v,2022-10-16 15:18:17.408729,0.23,0.75,0.51,17.21,19.78,-42.72,-52.17,-0.17,40.92,1
v,2022-10-16 15:18:17.417112,0.27,0.78,0.49,-16.48,4.94,-22.16,-52.17,-0.17,40.92,1
v,2022-10-16 15:18:17.424806,0.30,0.81,0.47,-16.48,4.94,-22.16,-52.17,-0.17,40.92,1
v,2022-10-16 15:18:17.433360,0.32,0.79,0.46,-24.41,1.04,-8.18,-52.17,-0.17,40.92,1
v,2022-10-16 15:18:17.441811,0.33,0.78,0.44,-26.92,-1.34,11.29,-52.17,-0.17,40.92,1
v,2022-10-16 15:18:17.449243,0.36,0.77,0.42,-26.92,-1.34,11.29,-52.17,-0.17,40.92,1
v,2022-10-16 15:18:17.458724,0.43,0.77,0.41,-23.50,-3.23,15.38,-52.08,0.65,41.56,1
v,2022-10-16 15:18:17.466842,0.43,0.76,0.42,1.89,11.84,20.14,-52.08,0.65,41.56,1
v,2022-10-16 15:18:17.473984,0.44,0.76,0.46,1.89,11.84,20.14,-52.08,0.65,41.56,1
v,2022-10-16 15:18:17.482156,0.42,0.74,0.48,11.60,20.02,19.47,-52.08,0.65,41.56,1
v,2022-10-16 15:18:17.490382,0.36,0.76,0.46,17.21,25.70,16.30,-52.08,0.65,41.56,1
v,2022-10-16 15:18:17.498568,0.33,0.78,0.45,24.11,30.70,14.59,-52.08,0.65,41.56,1
v,2022-10-16 15:18:17.507740,0.29,0.78,0.47,30.64,34.85,14.59,-52.86,0.68,40.98,1
v,2022-10-16 15:18:17.515795,0.26,0.76,0.48,25.45,32.23,14.40,-52.86,0.68,40.98,1
v,2022-10-16 15:18:17.524106,0.27,0.82,0.46,-1.34,19.53,15.32,-52.86,0.68,40.98,1
v,2022-10-16 15:18:17.532367,0.31,0.87,0.38,-29.66,3.23,19.59,-52.86,0.68,40.98,1
v,2022-10-16 15:18:17.540800,0.36,0.85,0.38,-40.65,-8.42,28.81,-52.86,0.68,40.98,1
v,2022-10-16 15:18:17.549364,0.43,0.83,0.40,-42.48,-14.59,37.84,-52.86,0.68,40.98,1
v,2022-10-16 15:18:17.558787,0.43,0.81,0.38,-31.49,-11.90,41.14,-54.21,1.23,41.88,1
v,2022-10-16 15:18:17.567024,0.39,0.80,0.40,-0.18,5.74,44.13,-54.21,1.23,41.88,1
v,2022-10-16 15:18:17.574491,0.22,0.73,0.54,-0.18,5.74,44.13,-54.21,1.23,41.88,1
v,2022-10-16 15:18:17.582799,-0.05,1.14,0.53,1.10,-0.67,16.85,-54.21,1.23,41.88,1
v,2022-10-16 15:18:17.591229,0.24,1.11,0.40,-70.74,-6.29,-10.99,-54.21,1.23,41.88,1
v,2022-10-16 15:18:17.599692,0.29,0.91,0.10,-54.14,-7.26,-2.99,-54.21,1.23,41.88,1
v,2022-10-16 15:18:17.609277,0.28,0.86,0.06,-28.69,-1.71,-2.14,-54.20,1.34,43.14,1
v,2022-10-16 15:18:17.617552,0.34,0.74,0.19,38.45,15.26,-6.96,-54.20,1.34,43.14,1
v,2022-10-16 15:18:17.625812,0.32,0.80,0.36,43.70,16.78,-8.73,-54.20,1.34,43.14,1
v,2022-10-16 15:18:17.634110,0.33,0.90,0.47,42.11,14.04,-7.32,-54.20,1.34,43.14,1
v,2022-10-16 15:18:17.642387,0.30,0.89,0.54,36.87,8.85,-5.92,-54.20,1.34,43.14,1
v,2022-10-16 15:18:17.650702,0.32,0.91,0.57,24.90,2.08,-4.21,-54.20,1.34,43.14,1
v,2022-10-16 15:18:17.660021,0.36,0.90,0.52,13.92,-2.75,-1.46,-54.17,0.85,41.49,1
v,2022-10-16 15:18:17.668382,0.33,0.87,0.43,8.42,-5.00,0.31,-54.17,0.85,41.49,1
v,2022-10-16 15:18:17.675836,0.33,0.87,0.43,7.08,-6.29,1.40,-54.17,0.85,41.49,1
v,2022-10-16 15:18:17.684277,0.29,0.84,0.39,9.70,-6.77,1.04,-54.17,0.85,41.49,1
v,2022-10-16 15:18:17.692614,0.30,0.83,0.35,16.42,-5.80,0.49,-54.17,0.85,41.49,1
v,2022-10-16 15:18:17.700786,0.24,0.82,0.28,10.31,-8.24,6.53,-54.17,0.85,41.49,1
v,2022-10-16 15:18:17.710135,-0.32,0.91,0.30,-88.44,-39.00,43.95,-53.48,0.45,41.50,1
v,2022-10-16 15:18:17.718543,0.32,0.72,0.25,-120.30,-58.53,63.23,-53.48,0.45,41.50,1
v,2022-10-16 15:18:17.726056,0.32,0.72,0.25,-93.63,-60.55,60.00,-53.48,0.45,41.50,1
v,2022-10-16 15:18:17.734514,0.31,0.79,0.23,-77.45,-63.78,59.57,-53.48,0.45,41.50,1
v,2022-10-16 15:18:17.743001,0.27,0.74,0.33,-71.47,-66.10,59.45,-53.48,0.45,41.50,1
v,2022-10-16 15:18:17.749369,0.27,0.74,0.33,-71.47,-66.10,59.45,-53.48,0.45,41.50,1
v,2022-10-16 15:18:17.758908,0.35,0.79,0.28,-71.29,-64.88,57.62,-55.55,3.06,46.81,1
v,2022-10-16 15:18:17.767142,0.30,0.80,0.24,-20.45,-36.32,31.62,-55.55,3.06,46.81,1
v,2022-10-16 15:18:17.775356,0.30,0.82,0.30,4.15,-21.06,16.05,-55.55,3.06,46.81,1
v,2022-10-16 15:18:17.782767,0.32,0.80,0.25,4.15,-21.06,16.05,-55.55,3.06,46.81,1
v,2022-10-16 15:18:17.791056,0.25,0.84,0.30,26.31,-7.26,2.20,-55.55,3.06,46.81,1
v,2022-10-16 15:18:17.799366,0.22,0.86,0.29,34.91,-0.37,-3.97,-55.55,3.06,46.81,1
v,2022-10-16 15:18:17.808858,0.20,0.90,0.31,29.72,-0.43,-2.93,-55.37,3.47,46.37,1
v,2022-10-16 15:18:17.817058,0.22,0.91,0.30,18.86,-5.37,1.10,-55.37,3.47,46.37,1
v,2022-10-16 15:18:17.824483,0.28,0.92,0.34,18.86,-5.37,1.10,-55.37,3.47,46.37,1
v,2022-10-16 15:18:17.832803,0.28,0.94,0.39,21.48,-5.25,15.50,-55.37,3.47,46.37,1
v,2022-10-16 15:18:17.841159,0.26,0.95,0.42,16.48,-8.36,0.85,-55.37,3.47,46.37,1
v,2022-10-16 15:18:17.849561,0.30,0.94,0.45,9.83,-12.76,-12.63,-55.37,3.47,46.37,1
v,2022-10-16 15:18:17.858049,0.30,0.94,0.49,9.83,-12.76,-12.63,-55.42,3.96,47.16,1
v,2022-10-16 15:18:17.866261,0.32,0.92,0.47,19.65,11.60,-18.74,-55.42,3.96,47.16,1
v,2022-10-16 15:18:17.873563,0.27,0.95,0.46,19.65,11.60,-18.74,-55.42,3.96,47.16,1
v,2022-10-16 15:18:17.881868,0.26,0.96,0.43,35.34,13.98,-21.85,-55.42,3.96,47.16,1
v,2022-10-16 15:18:17.890182,0.24,0.97,0.39,23.01,12.82,-18.49,-55.42,3.96,47.16,1
v,2022-10-16 15:18:17.898379,0.23,0.97,0.37,14.59,11.78,-14.71,-55.42,3.96,47.16,1
v,2022-10-16 15:18:17.907773,0.24,1.00,0.37,6.04,10.99,-10.99,-55.19,3.88,46.57,1
v,2022-10-16 15:18:17.916167,0.25,1.01,0.36,-0.06,10.50,-7.08,-55.19,3.88,46.57,1
v,2022-10-16 15:18:17.923514,0.26,1.00,0.38,-0.06,10.50,-7.08,-55.19,3.88,46.57,1
v,2022-10-16 15:18:17.931798,0.25,0.99,0.42,-3.42,9.95,1.53,-55.19,3.88,46.57,1
v,2022-10-16 15:18:17.940020,0.25,0.97,0.48,-7.32,8.85,5.92,-55.19,3.88,46.57,1
v,2022-10-16 15:18:17.948309,0.25,0.98,0.49,-19.71,5.68,9.64,-55.19,3.88,46.57,1
v,2022-10-16 15:18:17.957590,0.26,0.95,0.49,-34.48,1.71,13.79,-55.98,4.19,47.46,1
v,2022-10-16 15:18:17.965955,0.26,0.94,0.45,-48.28,-2.26,17.46,-55.98,4.19,47.46,1
v,2022-10-16 15:18:17.974473,0.26,0.93,0.40,-60.49,-5.31,20.32,-55.98,4.19,47.46,1
v,2022-10-16 15:18:17.982885,0.25,0.93,0.36,-72.02,-7.63,24.05,-55.98,4.19,47.46,1
v,2022-10-16 15:18:17.990363,0.84,0.83,0.45,-72.02,-7.63,24.05,-55.98,4.19,47.46,1
v,2022-10-16 15:18:17.998917,0.71,0.41,0.19,-28.81,-24.90,-3.54,-55.98,4.19,47.46,1
v,2022-10-16 15:18:18.008507,-0.17,1.41,-0.27,68.97,-40.89,-57.98,-54.50,3.12,47.34,1
v,2022-10-16 15:18:18.017078,0.12,1.03,0.39,60.42,-12.57,-21.24,-54.50,3.12,47.34,1
v,2022-10-16 15:18:18.025298,0.26,0.89,0.51,21.12,-14.95,-20.02,-54.50,3.12,47.34,1
v,2022-10-16 15:18:18.033614,0.40,0.99,0.46,23.44,-12.76,-24.60,-54.50,3.12,47.34,1
v,2022-10-16 15:18:18.041893,0.06,1.05,0.25,7.75,-7.02,-17.09,-54.50,3.12,47.34,1
v,2022-10-16 15:18:18.050299,0.35,0.95,0.35,21.42,-2.81,-18.86,-54.50,3.12,47.34,1
v,2022-10-16 15:18:18.059573,0.43,0.94,0.32,39.43,3.30,-24.60,-52.80,1.77,46.08,1
v,2022-10-16 15:18:18.067883,0.17,0.90,0.31,52.12,8.00,-24.35,-52.80,1.77,46.08,1
v,2022-10-16 15:18:18.074196,0.17,0.90,0.31,52.12,8.00,-24.35,-52.80,1.77,46.08,1
v,2022-10-16 15:18:18.082467,0.21,0.92,0.38,39.49,6.90,-19.78,-52.80,1.77,46.08,1
v,2022-10-16 15:18:18.090872,0.52,0.90,0.45,29.11,4.76,-16.48,-52.80,1.77,46.08,1
v,2022-10-16 15:18:18.099091,0.22,0.91,0.39,47.49,5.31,-20.08,-52.80,1.77,46.08,1
v,2022-10-16 15:18:18.108375,0.22,0.96,0.45,34.91,3.97,-12.94,-52.88,0.83,43.53,1
v,2022-10-16 15:18:18.116793,0.21,0.87,0.48,22.77,0.61,-4.64,-52.88,0.83,43.53,1
v,2022-10-16 15:18:18.124056,0.28,0.96,0.47,22.77,0.61,-4.64,-52.88,0.83,43.53,1
v,2022-10-16 15:18:18.132453,0.23,0.86,0.41,11.66,-1.22,0.79,-52.88,0.83,43.53,1
v,2022-10-16 15:18:18.140822,0.23,0.77,0.45,4.76,-2.32,5.19,-52.88,0.83,43.53,1
v,2022-10-16 15:18:18.149120,0.38,0.81,0.42,12.21,-2.14,3.23,-52.88,0.83,43.53,1
v,2022-10-16 15:18:18.158288,0.17,0.71,0.38,12.57,0.12,1.89,-52.21,0.61,41.67,1
v,2022-10-16 15:18:18.166539,0.17,0.80,0.41,-4.70,2.01,0.67,-52.21,0.61,41.67,1
v,2022-10-16 15:18:18.173849,0.33,0.76,0.38,-4.70,2.01,0.67,-52.21,0.61,41.67,1
v,2022-10-16 15:18:18.181981,0.09,0.73,0.30,8.61,4.52,-3.91,-52.21,0.61,41.67,1
v,2022-10-16 15:18:18.190291,0.17,0.81,0.35,18.86,7.75,-4.58,-52.21,0.61,41.67,1
v,2022-10-16 15:18:18.198286,0.05,0.74,0.34,5.00,6.47,1.95,0.00,0.00,0.00,1
v,2022-10-16 15:18:18.207630,0.17,0.75,0.38,-7.45,5.55,9.46,-52.87,1.01,40.91,1
v,2022-10-16 15:18:18.215899,-0.03,0.75,0.33,-4.52,6.77,18.07,-52.87,1.01,40.91,1
v,2022-10-16 15:18:18.223294,0.18,0.77,0.40,-4.52,6.77,18.07,-52.87,1.01,40.91,1
v,2022-10-16 15:18:18.231509,0.28,0.66,0.42,-2.99,11.66,21.61,-52.87,1.01,40.91,1
v,2022-10-16 15:18:18.239872,0.27,0.68,0.42,21.24,12.21,15.56,-52.87,1.01,40.91,1
v,2022-10-16 15:18:18.248081,0.25,0.71,0.47,46.51,12.76,8.06,-52.87,1.01,40.91,1
v,2022-10-16 15:18:18.257377,-0.05,0.72,0.58,66.22,11.41,1.22,-55.15,2.77,39.37,1
v,2022-10-16 15:18:18.265852,-0.25,0.78,0.77,39.00,1.71,39.49,-55.15,2.77,39.37,1
v,2022-10-16 15:18:18.273278,-0.27,0.60,0.91,39.00,1.71,39.49,-55.15,2.77,39.37,1
v,2022-10-16 15:18:18.281590,-0.36,0.49,0.96,-100.28,-54.87,5.86,-55.15,2.77,39.37,1
v,2022-10-16 15:18:18.290060,-0.41,0.67,0.60,-148.32,-81.85,-47.85,-55.15,2.77,39.37,1
v,2022-10-16 15:18:18.298649,-0.37,0.82,0.27,-170.53,-92.83,-83.13,-55.15,2.77,39.37,1
v,2022-10-16 15:18:18.308050,-0.29,0.79,0.11,-156.43,-82.15,-93.93,-52.73,2.58,47.58,1
v,2022-10-16 15:18:18.316539,-0.18,0.71,0.07,-114.20,-36.56,-76.11,-52.73,2.58,47.58,1
v,2022-10-16 15:18:18.324129,-0.07,0.69,0.13,-114.20,-36.56,-76.11,-52.73,2.58,47.58,1
v,2022-10-16 15:18:18.332493,0.03,0.75,0.17,-101.99,-8.30,-50.66,-52.73,2.58,47.58,1
v,2022-10-16 15:18:18.339926,0.11,0.81,0.21,-101.99,-8.30,-50.66,-52.73,2.58,47.58,1
v,2022-10-16 15:18:18.348483,0.11,0.89,0.26,-74.89,25.70,-41.02,-52.73,2.58,47.58,1
v,2022-10-16 15:18:18.357840,0.19,0.87,0.27,-52.73,30.58,-30.58,-50.51,3.67,51.09,1
v,2022-10-16 15:18:18.366126,0.32,0.74,0.30,-27.59,19.10,-1.83,-50.51,3.67,51.09,1
v,2022-10-16 15:18:18.373484,0.44,0.64,0.31,-27.59,19.10,-1.83,-50.51,3.67,51.09,1
v,2022-10-16 15:18:18.381903,0.50,0.61,0.31,-18.19,7.08,11.41,-50.51,3.67,51.09,1
v,2022-10-16 15:18:18.390297,0.51,0.61,0.33,-4.27,-0.79,21.61,-50.51,3.67,51.09,1
v,2022-10-16 15:18:18.398511,0.48,0.67,0.37,9.40,-2.87,31.92,-50.51,3.67,51.09,1
