v,2022-10-16 21:28:05.460112,0.47,-0.32,0.79,1.40,-6.16,-12.21,31.31,37.81,-34.53,1
v,2022-10-16 21:28:05.479053,0.40,-0.32,0.85,-4.94,-6.96,-20.51,30.40,38.92,-33.59,1
v,2022-10-16 21:28:05.497149,0.41,-0.39,0.80,-0.24,-3.05,-6.29,30.40,38.92,-33.59,1
v,2022-10-16 21:28:05.516152,0.47,-0.39,0.80,-0.61,-4.88,0.73,30.92,38.34,-32.13,1
v,2022-10-16 21:28:05.534152,0.44,-0.37,0.80,-4.88,-5.68,1.65,30.92,38.34,-32.13,1
v,2022-10-16 21:28:05.552124,0.44,-0.36,0.81,-5.80,-6.47,0.85,30.92,38.34,-32.13,1
v,2022-10-16 21:28:05.571109,0.42,-0.37,0.84,-7.51,-6.47,1.65,30.26,37.92,-32.42,1
v,2022-10-16 21:28:05.589163,0.37,-0.39,0.84,-9.28,-3.72,6.10,30.26,37.92,-32.42,1
v,2022-10-16 21:28:05.607280,0.39,-0.31,0.84,-9.95,-3.36,9.46,30.26,37.92,-32.42,1
v,2022-10-16 21:28:05.626215,0.39,-0.21,0.86,-7.32,-4.21,3.91,29.70,37.52,-32.06,1
v,2022-10-16 21:28:05.644258,0.38,-0.26,0.91,-5.00,1.53,-2.81,29.70,37.52,-32.06,1
v,2022-10-16 21:28:05.663214,0.42,-0.33,0.88,-3.66,5.92,-0.98,29.48,37.63,-31.88,1
v,2022-10-16 21:28:05.681203,0.45,-0.27,0.83,-8.54,7.69,2.01,29.48,37.63,-31.88,1
v,2022-10-16 21:28:05.699350,0.40,-0.23,0.86,-15.38,5.25,-3.36,29.48,37.63,-31.88,1
v,2022-10-16 21:28:05.718393,0.40,-0.25,0.85,-17.52,4.21,-6.35,29.53,37.32,-33.79,1
v,2022-10-16 21:28:05.736463,0.44,-0.19,0.85,-18.43,4.58,-5.49,29.53,37.32,-33.79,1
v,2022-10-16 21:28:05.754411,0.01,-0.33,1.17,-17.58,5.74,-10.68,29.53,37.32,-33.79,1
v,2022-10-16 21:28:05.773072,0.36,-0.19,0.87,4.33,15.14,0.37,29.87,36.94,-32.21,1
v,2022-10-16 21:28:05.791449,0.43,-0.27,0.86,-6.10,16.36,-3.23,29.87,36.94,-32.21,1
v,2022-10-16 21:28:05.809399,0.43,-0.30,0.80,-18.98,12.21,1.46,29.87,36.94,-32.21,1
v,2022-10-16 21:28:05.828423,0.34,-0.19,0.77,-18.31,6.04,1.10,30.11,36.78,-34.77,1
v,2022-10-16 21:28:05.846738,0.39,-0.20,0.82,-13.24,-2.50,-1.77,30.11,36.78,-34.77,1
v,2022-10-16 21:28:05.865571,0.42,-0.19,0.82,-11.96,-2.32,0.49,30.15,36.40,-34.08,1
v,2022-10-16 21:28:05.883447,0.42,-0.19,0.83,-13.06,4.21,5.80,30.15,36.40,-34.08,1
v,2022-10-16 21:28:05.901617,0.32,-0.11,0.80,-9.95,-11.35,-2.81,30.15,36.40,-34.08,1
v,2022-10-16 21:28:05.920444,0.30,-0.14,0.82,7.57,-20.75,-8.18,30.38,35.99,-34.23,1
v,2022-10-16 21:28:05.938685,0.40,-0.13,0.80,17.27,-30.82,-13.85,30.38,35.99,-34.23,1
v,2022-10-16 21:28:05.956719,0.34,-0.16,0.80,28.63,-32.96,-14.16,30.38,35.99,-34.23,1
v,2022-10-16 21:28:05.975783,0.35,-0.18,0.89,47.55,-35.22,-13.43,29.59,35.34,-32.58,1
v,2022-10-16 21:28:05.993756,0.42,-0.32,0.90,44.80,-29.48,-8.48,29.59,35.34,-32.58,1
v,2022-10-16 21:28:06.012762,0.42,-0.36,0.84,32.23,-22.09,-0.61,30.00,36.05,-30.21,1
v,2022-10-16 21:28:06.030722,0.40,-0.33,0.84,27.95,-16.54,3.48,30.00,36.05,-30.21,1
v,2022-10-16 21:28:06.048626,0.38,-0.35,0.90,21.67,-12.39,0.06,30.00,36.05,-30.21,1
v,2022-10-16 21:28:06.067673,0.35,-0.29,0.86,18.13,-10.13,-3.11,31.12,35.40,-30.30,1
v,2022-10-16 21:28:06.085878,0.38,-0.34,0.91,13.37,-7.81,-4.88,31.12,35.40,-30.30,1
v,2022-10-16 21:28:06.103898,0.36,-0.32,0.84,6.65,-8.30,-4.76,31.12,35.40,-30.30,1
v,2022-10-16 21:28:06.122741,0.36,-0.30,0.88,7.51,-10.31,-2.99,30.62,35.28,-28.59,1
v,2022-10-16 21:28:06.141041,0.41,-0.31,1.00,18.01,-13.49,-2.56,30.62,35.28,-28.59,1
v,2022-10-16 21:28:06.158890,0.40,-0.34,0.95,24.29,-8.54,-1.34,30.62,35.28,-28.59,1
v,2022-10-16 21:28:06.177882,0.39,-0.38,0.90,22.95,-5.55,1.22,30.98,35.79,-28.48,1
v,2022-10-16 21:28:06.196114,0.32,-0.34,0.88,18.37,-6.90,2.08,30.98,35.79,-28.48,1
v,2022-10-16 21:28:06.214836,0.27,-0.33,0.87,5.19,-11.96,-11.72,30.02,35.95,-27.77,1
v,2022-10-16 21:28:06.233130,0.38,-0.37,0.93,-4.82,-10.07,-20.14,30.02,35.95,-27.77,1
v,2022-10-16 21:28:06.251192,0.38,-0.34,0.89,-3.30,-7.63,-13.79,30.02,35.95,-27.77,1
v,2022-10-16 21:28:06.269991,0.34,-0.31,0.96,10.13,-6.65,-5.07,29.97,36.77,-28.11,1
v,2022-10-16 21:28:06.288261,0.31,-0.30,0.96,7.87,11.96,-2.50,29.97,36.77,-28.11,1
v,2022-10-16 21:28:06.306101,0.37,-0.34,0.98,4.46,21.79,-5.13,29.97,36.77,-28.11,1
v,2022-10-16 21:28:06.324958,0.36,-0.33,0.90,3.05,31.62,-4.21,29.68,37.77,-26.55,1
v,2022-10-16 21:28:06.343040,0.35,-0.33,0.89,4.39,29.54,-2.26,29.68,37.77,-26.55,1
v,2022-10-16 21:28:06.361268,0.33,-0.33,0.92,-1.53,30.03,-5.98,29.68,37.77,-26.55,1
v,2022-10-16 21:28:06.380250,0.38,-0.40,0.89,-15.93,33.08,-12.94,29.94,39.65,-26.12,1
v,2022-10-16 21:28:06.398288,0.40,-0.38,0.81,-15.56,32.41,-9.58,29.94,39.65,-26.12,1
v,2022-10-16 21:28:06.417408,0.42,-0.36,0.84,-4.76,25.02,-4.15,29.83,40.49,-29.03,1
v,2022-10-16 21:28:06.434999,0.38,-0.35,0.77,1.59,24.48,0.24,29.83,40.49,-29.03,1
v,2022-10-16 21:28:06.453207,0.38,-0.33,0.82,3.97,22.40,2.56,29.83,40.49,-29.03,1
v,2022-10-16 21:28:06.472109,0.40,-0.34,0.85,2.87,23.86,-0.18,29.13,42.64,-27.88,1
v,2022-10-16 21:28:06.490509,0.33,-0.34,0.69,-5.37,26.98,-4.39,29.13,42.64,-27.88,1
v,2022-10-16 21:28:06.508228,0.35,-0.37,0.70,2.69,10.38,-4.21,29.13,42.64,-27.88,1
v,2022-10-16 21:28:06.527218,0.36,-0.41,0.67,1.83,0.00,-2.69,28.53,43.87,-29.28,1
v,2022-10-16 21:28:06.545560,0.38,-0.36,0.75,-7.02,-11.23,0.12,28.53,43.87,-29.28,1
v,2022-10-16 21:28:06.564375,0.39,-0.35,0.78,-19.04,-3.36,1.28,28.75,43.76,-30.42,1
v,2022-10-16 21:28:06.582545,0.40,-0.28,0.83,-28.99,3.36,4.64,28.75,43.76,-30.42,1
v,2022-10-16 21:28:06.600589,0.32,-0.24,0.85,-26.31,4.88,13.73,28.75,43.76,-30.42,1
v,2022-10-16 21:28:06.619513,-0.26,-0.32,1.37,52.49,17.33,49.62,29.17,44.17,-30.79,1
v,2022-10-16 21:28:06.637193,0.27,0.11,0.84,115.11,45.78,72.51,29.17,44.17,-30.79,1
v,2022-10-16 21:28:06.655481,0.35,-0.18,0.82,92.77,44.86,29.11,29.17,44.17,-30.79,1
v,2022-10-16 21:28:06.674339,0.52,-0.29,0.91,90.82,31.68,22.40,31.48,47.92,-28.72,1
v,2022-10-16 21:28:06.692372,0.61,-0.23,0.79,54.26,28.93,4.82,31.48,47.92,-28.72,1
v,2022-10-16 21:28:06.710613,0.65,-0.27,0.71,34.73,27.71,-12.76,31.48,47.92,-28.72,1
v,2022-10-16 21:28:06.729612,0.79,-0.42,0.61,25.09,26.61,-24.23,31.92,51.40,-25.66,1
v,2022-10-16 21:28:06.747586,0.85,-0.50,0.52,2.32,16.05,-34.06,31.92,51.40,-25.66,1
