I,2022-10-18 15:53:05.435889,0.07,0.32,0.85,21.48,2.87,-3.85,-1.26,-122.57,-182.07,1
I,2022-10-18 15:53:05.454022,0.05,0.29,0.88,-7.32,10.74,-7.93,-1.26,-122.57,-182.07,1
I,2022-10-18 15:53:05.472029,0.05,0.27,0.87,-24.48,16.97,-6.35,-1.26,-122.57,-182.07,1
I,2022-10-18 15:53:05.491037,0.05,0.33,0.85,-43.27,24.60,-5.80,-0.84,-123.49,-181.79,1
I,2022-10-18 15:53:05.509009,0.06,0.31,0.83,-63.90,35.52,-4.76,-0.84,-123.49,-181.79,1
I,2022-10-18 15:53:05.527292,-0.05,0.29,0.39,-15.75,-42.48,-7.08,-0.84,-123.49,-181.79,1
I,2022-10-18 15:53:05.547052,-0.03,0.23,0.52,23.86,-79.59,7.51,-2.56,-125.44,-174.49,1
I,2022-10-18 15:53:05.565071,-0.04,0.22,0.52,23.74,-95.40,14.83,-2.56,-125.44,-174.49,1
I,2022-10-18 15:53:05.583865,-0.04,0.23,0.58,37.60,-135.31,23.93,-11.67,-120.48,-156.91,1
I,2022-10-18 15:53:05.601980,-0.08,0.21,0.81,24.48,-139.10,26.49,-11.67,-120.48,-156.91,1
I,2022-10-18 15:53:05.620018,-0.10,0.29,0.93,3.72,-132.14,21.79,-11.67,-120.48,-156.91,1
I,2022-10-18 15:53:05.639122,-0.18,0.37,1.13,-22.77,-121.52,16.42,-7.36,-109.08,-127.94,1
I,2022-10-18 15:53:05.657191,-0.26,0.45,1.34,-51.57,-75.99,13.61,-7.36,-109.08,-127.94,1
I,2022-10-18 15:53:05.675026,-0.38,0.53,1.49,-55.42,-36.80,14.34,-7.36,-109.08,-127.94,1
I,2022-10-18 15:53:05.694138,-0.55,0.60,1.57,-30.82,-9.83,20.14,8.44,-97.29,-111.47,1
I,2022-10-18 15:53:05.712010,-0.48,0.62,1.65,-7.14,15.87,15.26,8.44,-97.29,-111.47,1
I,2022-10-18 15:53:05.729918,-0.32,0.54,1.54,21.12,44.56,12.51,8.44,-97.29,-111.47,1
I,2022-10-18 15:53:05.748845,-0.19,0.45,1.38,26.92,75.32,4.03,11.16,-94.86,-118.46,1
I,2022-10-18 15:53:05.766975,-0.06,0.45,1.23,26.92,84.84,-2.26,11.16,-94.86,-118.46,1
I,2022-10-18 15:53:05.785891,-0.03,0.38,1.07,26.79,99.00,-5.98,2.91,-98.85,-141.20,1
I,2022-10-18 15:53:05.803992,0.04,0.35,0.85,23.86,100.34,-13.55,2.91,-98.85,-141.20,1
I,2022-10-18 15:53:05.821953,0.07,0.23,0.74,5.49,84.11,-11.41,2.91,-98.85,-141.20,1
I,2022-10-18 15:53:05.841030,0.09,0.20,0.70,-11.96,74.10,-9.16,-2.23,-104.27,-160.89,1
I,2022-10-18 15:53:05.859001,0.04,0.23,0.75,-23.44,66.47,-6.96,-2.23,-104.27,-160.89,1
I,2022-10-18 15:53:05.877013,0.03,0.30,0.73,-16.72,57.07,-3.11,-2.23,-104.27,-160.89,1
I,2022-10-18 15:53:05.896022,0.11,0.30,0.68,-13.06,49.01,-1.10,-6.45,-106.86,-172.23,1
I,2022-10-18 15:53:05.914007,0.13,0.35,0.61,-17.88,31.62,-0.55,-6.45,-106.86,-172.23,1
I,2022-10-18 15:53:05.933003,0.15,0.40,0.71,-20.75,22.40,-0.49,-10.46,-110.97,-178.99,1
I,2022-10-18 15:53:05.951159,0.06,0.45,0.71,-36.62,25.21,-4.82,-10.46,-110.97,-178.99,1
I,2022-10-18 15:53:05.969188,-0.71,0.35,0.69,-37.78,13.12,-9.70,-10.46,-110.97,-178.99,1
I,2022-10-18 15:53:05.987809,0.05,0.46,0.98,44.74,2.32,-4.09,-13.73,-113.38,-183.96,1
I,2022-10-18 15:53:06.005960,0.19,0.74,0.84,-44.68,72.69,-51.33,-13.73,-113.38,-183.96,1
I,2022-10-18 15:53:06.024006,0.08,0.64,0.53,-10.25,45.72,-57.01,-13.73,-113.38,-183.96,1
I,2022-10-18 15:53:06.042897,0.08,0.71,0.51,42.60,0.37,-52.92,-0.32,-121.94,-185.71,1
I,2022-10-18 15:53:06.061117,-0.02,0.43,0.49,87.52,-63.96,-70.13,-0.32,-121.94,-185.71,1
I,2022-10-18 15:53:06.079162,-0.06,-0.06,0.61,106.87,-98.88,-45.17,-0.32,-121.94,-185.71,1
I,2022-10-18 15:53:06.098164,-0.11,-0.22,0.71,75.26,-106.63,-23.80,11.45,-127.83,-181.96,1
I,2022-10-18 15:53:06.116235,-0.21,-0.25,0.81,51.57,-109.44,-0.43,11.45,-127.83,-181.96,1
I,2022-10-18 15:53:06.134870,-0.48,-0.20,1.27,31.68,-95.28,20.45,7.97,-127.91,-176.86,1
I,2022-10-18 15:53:06.153160,-0.21,-0.15,1.03,-8.18,-20.20,44.86,7.97,-127.91,-176.86,1
I,2022-10-18 15:53:06.171160,-0.02,-0.13,0.81,-30.09,-7.51,55.24,7.97,-127.91,-176.86,1
I,2022-10-18 15:53:06.189895,0.08,0.04,0.70,-47.42,-16.66,67.50,1.53,-115.59,-169.40,1
I,2022-10-18 15:53:06.207867,0.10,0.31,0.69,-55.91,-33.20,69.52,1.53,-115.59,-169.40,1
I,2022-10-18 15:53:06.225999,0.10,0.56,0.76,-47.79,-58.17,45.53,1.53,-115.59,-169.40,1
I,2022-10-18 15:53:06.245062,0.02,0.59,1.07,-36.68,-56.21,26.43,-7.35,-101.49,-157.13,1
I,2022-10-18 15:53:06.263002,0.00,0.61,0.97,-24.72,-39.31,23.86,-7.35,-101.49,-157.13,1
I,2022-10-18 15:53:06.282006,0.06,0.58,0.84,-7.39,-37.60,22.89,-8.20,-93.87,-144.34,1
I,2022-10-18 15:53:06.300002,0.10,0.48,0.74,-1.77,-55.73,20.57,-8.20,-93.87,-144.34,1
I,2022-10-18 15:53:06.318207,-0.11,0.38,0.96,-10.99,-71.66,17.70,-8.20,-93.87,-144.34,1
I,2022-10-18 15:53:06.338228,-0.49,0.43,1.31,-34.00,-43.82,15.38,-10.00,-93.16,-123.86,1
I,2022-10-18 15:53:06.357220,-1.25,0.36,1.27,-55.30,-2.62,-7.26,-10.00,-93.16,-123.86,1
I,2022-10-18 15:53:06.374888,-0.33,0.37,1.26,2.99,29.85,4.39,-10.00,-93.16,-123.86,1
I,2022-10-18 15:53:06.393919,-0.22,0.29,0.92,12.76,23.07,5.62,-7.19,-93.81,-118.53,1
I,2022-10-18 15:53:06.411986,-0.19,0.37,0.88,6.04,11.78,1.28,-7.19,-93.81,-118.53,1
I,2022-10-18 15:53:06.430038,-0.16,0.43,0.72,7.45,1.28,-2.32,-7.19,-93.81,-118.53,1
I,2022-10-18 15:53:06.449197,-0.15,0.45,0.62,3.60,-21.00,-17.52,-4.38,-94.45,-117.02,1
I,2022-10-18 15:53:06.467239,-0.13,0.63,0.53,2.87,-34.42,-23.01,-4.38,-94.45,-117.02,1
I,2022-10-18 15:53:06.486909,-0.14,0.68,0.64,33.81,-64.21,-38.15,6.92,-98.07,-111.72,1
I,2022-10-18 15:53:06.504873,-0.27,0.47,0.99,48.03,-73.06,-54.93,6.92,-98.07,-111.72,1
I,2022-10-18 15:53:06.522911,-0.34,0.42,1.22,33.26,-32.78,-61.52,6.92,-98.07,-111.72,1
I,2022-10-18 15:53:06.542043,-0.47,-0.02,1.43,10.38,6.53,-53.89,27.16,-107.07,-109.50,1
I,2022-10-18 15:53:06.559995,-0.63,0.15,1.43,-14.34,41.26,-24.60,27.16,-107.07,-109.50,1
I,2022-10-18 15:53:06.578007,-0.75,0.11,1.29,21.12,43.40,-12.70,27.16,-107.07,-109.50,1
I,2022-10-18 15:53:06.596913,-0.49,-0.03,1.30,78.55,25.45,12.45,32.20,-113.26,-119.47,1
I,2022-10-18 15:53:06.614910,-0.38,-0.08,1.09,79.22,31.19,36.32,32.20,-113.26,-119.47,1
I,2022-10-18 15:53:06.633923,-0.32,-0.08,0.98,68.97,31.07,46.20,29.77,-108.51,-144.13,1
I,2022-10-18 15:53:06.651901,-0.29,-0.01,0.91,49.13,29.72,49.56,29.77,-108.51,-144.13,1
I,2022-10-18 15:53:06.669907,-0.25,0.06,0.87,33.39,27.34,45.53,29.77,-108.51,-144.13,1
I,2022-10-18 15:53:06.688766,-0.26,0.11,0.88,26.55,22.09,40.10,24.84,-93.58,-164.54,1
I,2022-10-18 15:53:06.706920,-0.37,0.18,0.92,27.65,19.71,37.29,24.84,-93.58,-164.54,1
I,2022-10-18 15:53:06.724906,-0.31,0.21,0.86,27.40,20.39,33.75,24.84,-93.58,-164.54,1
I,2022-10-18 15:53:06.743810,-0.25,0.22,0.88,22.64,23.01,32.41,26.22,-75.34,-180.07,1
I,2022-10-18 15:53:06.761913,-0.22,0.32,0.92,42.97,8.97,36.01,26.22,-75.34,-180.07,1
I,2022-10-18 15:53:06.780988,-0.22,0.30,0.87,79.41,-1.83,38.82,26.98,-55.90,-192.66,1
I,2022-10-18 15:53:06.798995,-0.24,0.23,0.69,115.17,-15.14,35.58,26.98,-55.90,-192.66,1
I,2022-10-18 15:53:06.817164,-0.25,-0.14,0.76,151.86,-30.46,24.78,26.98,-55.90,-192.66,1
I,2022-10-18 15:53:06.835982,-0.38,-0.12,0.71,123.29,-35.10,36.62,24.22,-35.28,-200.82,1
I,2022-10-18 15:53:06.854169,-0.15,-0.02,0.68,133.00,-59.88,42.54,24.22,-35.28,-200.82,1
I,2022-10-18 15:53:06.872058,-0.23,-0.10,0.77,135.07,-85.27,36.74,24.22,-35.28,-200.82,1
I,2022-10-18 15:53:06.890921,-0.36,-0.22,0.93,132.39,-95.70,29.72,18.35,-14.00,-204.96,1
I,2022-10-18 15:53:06.908915,-0.39,-0.32,0.92,138.12,-88.01,34.55,18.35,-14.00,-204.96,1
I,2022-10-18 15:53:06.926899,-0.40,-0.44,0.74,95.52,-89.72,41.87,18.35,-14.00,-204.96,1
I,2022-10-18 15:53:06.945784,-0.37,-0.35,0.89,51.88,-67.08,21.18,10.85,2.72,-196.12,1
I,2022-10-18 15:53:06.964053,-0.33,-0.26,0.99,25.02,-58.11,6.53,10.85,2.72,-196.12,1
I,2022-10-18 15:53:06.982909,-0.47,-0.32,1.14,21.00,-45.10,-4.76,0.16,10.71,-187.81,1
