L,2022-10-27 14:55:09.861250,-0.06,0.35,1.36,-2.99,14.10,-7.93,-3.50,44.92,-37.68,1
L,2022-10-27 14:55:09.884896,0.06,-0.27,0.83,12.88,21.24,13.24,-3.50,44.92,-37.68,1
L,2022-10-27 14:55:09.905344,-0.29,-0.09,1.07,-22.58,26.00,2.75,-3.72,45.21,-39.81,1
L,2022-10-27 14:55:09.925341,-0.02,-0.17,0.70,45.41,-78.19,-7.81,-3.72,45.21,-39.81,1
L,2022-10-27 14:55:09.945455,0.03,0.07,0.81,31.86,-76.84,-15.14,-6.88,45.56,-37.90,1
L,2022-10-27 14:55:09.965427,-0.03,-0.28,0.59,52.12,-93.44,13.18,-6.88,45.56,-37.90,1
L,2022-10-27 14:55:09.985742,-0.11,-0.09,0.85,17.76,-54.57,-0.55,-6.88,45.56,-37.90,1
L,2022-10-27 14:55:10.013705,-0.14,-0.13,0.96,-0.79,-4.76,-13.24,-9.84,47.51,-35.21,1
L,2022-10-27 14:55:10.033699,-0.04,0.03,1.17,-55.73,24.41,-22.46,-9.84,47.51,-35.21,1
L,2022-10-27 14:55:10.053704,0.02,0.23,1.34,-75.74,47.79,-18.80,-10.86,46.83,-38.48,1
L,2022-10-27 14:55:10.073728,0.02,0.26,1.37,-53.96,41.38,-8.42,-10.86,46.83,-38.48,1
L,2022-10-27 14:55:10.093682,0.02,0.24,1.30,-1.04,15.01,10.01,-10.86,46.83,-38.48,1
L,2022-10-27 14:55:10.113672,0.01,0.09,1.18,29.91,-4.03,18.43,-10.85,46.19,-37.79,1
L,2022-10-27 14:55:10.136328,-0.02,-0.01,1.05,45.78,-20.08,20.69,-10.85,46.19,-37.79,1
L,2022-10-27 14:55:10.156725,-0.02,-0.00,0.97,41.44,-24.29,19.35,-10.84,48.22,-37.57,1
L,2022-10-27 14:55:10.176718,-0.06,-0.01,0.91,34.18,-23.19,19.29,-10.84,48.22,-37.57,1
L,2022-10-27 14:55:10.198677,-0.07,-0.00,0.87,28.20,-18.74,19.78,-10.97,49.04,-35.91,1
L,2022-10-27 14:55:10.219383,-0.13,0.28,0.72,34.73,-40.28,-68.79,-10.97,49.04,-35.91,1
L,2022-10-27 14:55:10.239371,-0.12,0.08,0.84,30.40,-7.14,-65.86,-10.97,49.04,-35.91,1
L,2022-10-27 14:55:10.259484,-0.09,0.26,0.81,18.13,9.16,-56.21,-14.28,47.91,-36.63,1
L,2022-10-27 14:55:10.280791,-0.07,0.33,0.92,27.22,21.36,-36.93,-14.28,47.91,-36.63,1
L,2022-10-27 14:55:10.300888,-0.05,0.08,0.95,57.19,24.11,0.12,-15.65,48.44,-34.07,1
L,2022-10-27 14:55:10.321632,-0.04,-0.20,1.00,56.34,22.22,8.42,-15.65,48.44,-34.07,1
L,2022-10-27 14:55:10.347089,-0.04,-0.40,1.00,57.19,14.47,20.57,-15.65,48.44,-34.07,1
L,2022-10-27 14:55:10.367579,0.07,-0.40,0.96,46.08,8.79,25.15,-15.39,49.11,-34.02,1
L,2022-10-27 14:55:10.387577,0.07,-0.49,0.89,27.47,5.62,41.44,-15.39,49.11,-34.02,1
L,2022-10-27 14:55:10.407597,-0.02,-0.62,0.90,5.00,10.86,26.98,-15.00,50.71,-33.24,1
L,2022-10-27 14:55:10.430310,-0.02,-0.54,0.94,-32.10,14.34,-10.99,-15.00,50.71,-33.24,1
L,2022-10-27 14:55:10.450268,-0.01,-0.26,1.03,-57.37,12.21,-28.08,-15.00,50.71,-33.24,1
L,2022-10-27 14:55:10.470262,-0.01,-0.04,1.07,-67.32,5.74,-32.59,-15.01,48.84,-34.74,1
L,2022-10-27 14:55:10.490253,-0.07,0.31,1.08,-52.12,-4.64,-14.40,-15.01,48.84,-34.74,1
L,2022-10-27 14:55:10.510250,-0.24,0.74,0.91,-12.15,5.98,45.17,-15.66,47.53,-36.34,1
L,2022-10-27 14:55:10.530241,-0.21,0.16,1.08,26.37,33.14,37.96,-15.66,47.53,-36.34,1
L,2022-10-27 14:55:10.550344,-0.06,-0.03,1.10,47.12,43.21,22.03,-12.83,48.95,-34.62,1
L,2022-10-27 14:55:10.570231,0.07,-0.04,1.02,35.28,33.33,2.26,-12.83,48.95,-34.62,1
L,2022-10-27 14:55:10.590358,0.14,-0.05,1.00,35.52,30.82,-4.88,-12.83,48.95,-34.62,1
L,2022-10-27 14:55:10.620464,0.18,-0.14,0.94,34.85,28.02,-11.78,-12.46,48.90,-34.69,1
L,2022-10-27 14:55:10.640458,0.19,-0.19,0.93,25.63,22.77,-15.32,-12.46,48.90,-34.69,1
L,2022-10-27 14:55:10.660454,0.18,-0.23,0.92,20.08,18.55,-11.72,-12.23,49.12,-33.45,1
L,2022-10-27 14:55:10.681742,0.17,-0.30,0.91,12.39,14.28,-4.39,-12.23,49.12,-33.45,1
L,2022-10-27 14:55:10.701825,0.18,-0.35,0.91,6.96,9.89,-2.08,-12.23,49.12,-33.45,1
L,2022-10-27 14:55:10.722650,0.08,-0.35,0.93,-2.38,5.07,0.79,-12.15,48.65,-34.02,1
L,2022-10-27 14:55:10.742645,0.02,-0.34,0.95,-2.81,7.81,8.54,-12.15,48.65,-34.02,1
L,2022-10-27 14:55:10.762800,0.01,-0.36,0.93,-2.62,13.18,22.03,-11.82,48.83,-34.12,1
