M,2022-11-09 16:02:57.621621,-0.02,-0.43,0.82,-67.69,-19.29,-17.70,-11.60,40.06,-50.84,1
M,2022-11-09 16:02:57.642462,0.05,-0.06,1.17,-59.69,1.40,-19.78,-13.43,37.77,-50.70,1
M,2022-11-09 16:02:57.662037,0.19,-0.30,1.13,18.19,-11.17,-14.71,-13.43,37.77,-50.70,1
M,2022-11-09 16:02:57.682425,0.22,-0.28,0.96,30.88,-21.00,-19.59,-14.27,37.08,-50.90,1
M,2022-11-09 16:02:57.700226,0.21,0.25,0.97,1.34,58.84,23.80,-14.27,37.08,-50.90,1
M,2022-11-09 16:02:57.718938,0.35,0.01,0.91,34.85,76.42,69.70,-14.27,37.08,-50.90,1
M,2022-11-09 16:02:57.739107,0.33,-0.26,0.89,55.24,92.10,93.93,-11.18,38.79,-52.06,1
M,2022-11-09 16:02:57.758736,0.27,-0.55,0.96,57.13,99.91,58.59,-11.18,38.79,-52.06,1
M,2022-11-09 16:02:57.776472,0.24,-0.46,0.88,-15.50,105.65,30.33,-11.18,38.79,-52.06,1
M,2022-11-09 16:02:57.796508,0.05,-0.29,1.05,-51.39,69.34,15.14,-6.45,39.97,-52.64,1
M,2022-11-09 16:02:57.815230,0.25,-0.48,0.86,-12.88,0.31,14.59,-6.45,39.97,-52.64,1
M,2022-11-09 16:02:57.834169,0.31,-0.25,0.64,-52.43,-5.43,10.99,-6.15,38.92,-55.15,1
M,2022-11-09 16:02:57.854706,0.31,-0.34,0.82,-87.40,1.53,17.03,-6.15,38.92,-55.15,1
M,2022-11-09 16:02:57.873679,0.02,-0.73,1.30,-82.89,-28.87,-15.69,-6.15,38.92,-55.15,1
M,2022-11-09 16:02:57.894029,0.25,-0.10,0.77,-34.79,-73.30,-96.50,-7.50,35.49,-55.57,1
M,2022-11-09 16:02:57.914859,0.33,-0.09,0.96,-24.17,-78.67,-111.82,-7.50,35.49,-55.57,1
M,2022-11-09 16:02:57.933437,0.39,0.20,0.87,-16.78,-83.07,-104.06,-12.22,32.91,-55.13,1
M,2022-11-09 16:02:57.952352,0.28,-0.05,0.96,33.57,-72.45,-43.40,-12.22,32.91,-55.13,1
M,2022-11-09 16:02:57.970877,0.36,0.04,0.74,50.42,-35.40,-10.68,-12.22,32.91,-55.13,1
M,2022-11-09 16:02:57.990956,0.34,-0.39,0.87,75.07,3.66,20.94,-13.44,34.74,-53.31,1
M,2022-11-09 16:02:58.010238,0.23,-0.89,1.09,41.81,17.70,21.48,-13.44,34.74,-53.31,1
M,2022-11-09 16:02:58.028643,0.21,-0.42,1.08,34.18,8.85,-2.38,-13.44,34.74,-53.31,1
M,2022-11-09 16:02:58.047906,0.19,0.01,1.04,64.82,0.55,-10.38,-12.78,35.86,-52.49,1
M,2022-11-09 16:02:58.065561,0.21,0.04,0.95,146.97,-3.05,0.85,-12.78,35.86,-52.49,1
M,2022-11-09 16:02:58.086882,0.63,0.28,-0.20,40.22,182.62,63.78,-11.15,40.08,-52.69,1
M,2022-11-09 16:02:58.104834,0.18,-0.43,1.33,-1.16,190.80,87.59,-11.15,40.08,-52.69,1
M,2022-11-09 16:02:58.123918,0.30,-0.58,1.37,-33.02,124.39,72.75,-11.15,40.08,-52.69,1
M,2022-11-09 16:02:58.144183,0.32,-0.90,0.91,8.30,57.86,11.11,-5.04,39.55,-55.33,1
M,2022-11-09 16:02:58.163066,0.42,-0.48,0.67,-29.24,55.66,-14.16,-5.04,39.55,-55.33,1
M,2022-11-09 16:02:58.183055,0.35,-0.30,0.75,-42.66,64.39,-16.97,-2.95,38.39,-57.24,1
M,2022-11-09 16:02:58.200444,0.30,-0.28,0.87,-43.46,57.37,-12.70,-2.95,38.39,-57.24,1
M,2022-11-09 16:02:58.219228,0.38,-0.58,0.71,-18.86,10.93,15.20,-2.95,38.39,-57.24,1
M,2022-11-09 16:02:58.239907,0.40,-0.67,0.49,-58.17,7.32,8.42,-2.14,36.58,-59.02,1
M,2022-11-09 16:02:58.260018,0.40,-0.42,0.86,-137.88,19.23,-5.37,-2.14,36.58,-59.02,1
M,2022-11-09 16:02:58.278126,0.19,0.00,0.89,-97.23,-107.06,-49.62,-2.14,36.58,-59.02,1
M,2022-11-09 16:02:58.297616,0.43,-0.23,1.21,-63.66,-119.75,-42.42,-4.82,31.74,-58.64,1
M,2022-11-09 16:02:58.316403,0.34,0.12,0.94,-5.62,-133.00,-43.70,-4.82,31.74,-58.64,1
M,2022-11-09 16:02:58.336667,0.44,0.08,0.83,55.24,-144.04,-26.43,-11.11,32.30,-57.68,1
M,2022-11-09 16:02:58.357621,0.41,-0.10,0.73,51.21,-110.78,-6.29,-11.11,32.30,-57.68,1
M,2022-11-09 16:02:58.375918,0.34,-0.22,0.74,43.03,-68.30,0.12,-11.11,32.30,-57.68,1
M,2022-11-09 16:02:58.395377,0.33,-0.06,0.80,36.80,0.79,36.19,-13.20,33.35,-54.31,1
M,2022-11-09 16:02:58.414813,0.21,-0.29,1.07,22.77,14.40,50.60,-13.20,33.35,-54.31,1
M,2022-11-09 16:02:58.433149,0.19,-0.16,1.07,29.54,5.98,53.04,-13.20,33.35,-54.31,1
M,2022-11-09 16:02:58.452373,0.28,0.21,0.56,44.01,7.69,80.63,-11.77,34.86,-54.61,1
M,2022-11-09 16:02:58.471712,0.17,-0.57,1.01,96.68,59.94,109.50,-11.77,34.86,-54.61,1
M,2022-11-09 16:02:58.492084,0.29,-0.76,1.06,63.90,47.97,76.11,-7.31,38.27,-54.17,1
M,2022-11-09 16:02:58.511868,0.28,-0.62,1.00,7.20,15.75,10.25,-7.31,38.27,-54.17,1
