d,2022-10-31 14:18:44.591958,0.35,-0.96,-0.26,-30.64,65.86,-27.40,-1.86,45.91,8.36,1
d,2022-10-31 14:18:44.611975,0.21,-1.00,-0.36,0.73,29.97,-25.21,-1.86,45.91,8.36,1
d,2022-10-31 14:18:44.631978,0.18,-0.92,-0.48,20.08,-13.12,-15.44,-1.86,45.91,8.36,1
d,2022-10-31 14:18:44.652493,0.17,-0.85,-0.72,5.31,-25.09,-6.10,-1.31,46.61,7.67,1
d,2022-10-31 14:18:44.672502,0.09,-0.86,-0.63,-23.93,-7.81,6.04,-1.31,46.61,7.67,1
d,2022-10-31 14:18:44.692478,0.17,-0.87,-0.58,-11.84,3.11,2.62,-1.18,47.47,4.93,1
d,2022-10-31 14:18:44.712492,0.26,-0.86,-0.57,-9.34,7.08,1.53,-1.18,47.47,4.93,1
d,2022-10-31 14:18:44.732495,0.35,-0.87,-0.50,-24.29,14.65,4.58,-1.18,47.47,4.93,1
d,2022-10-31 14:18:44.754963,0.40,-0.93,-0.45,-25.21,17.21,-1.34,-0.72,47.86,5.15,1
d,2022-10-31 14:18:44.771544,0.25,-1.06,-0.37,52.67,-5.80,-16.36,-0.72,47.86,5.15,1
d,2022-10-31 14:18:44.799059,0.55,-0.69,-0.68,23.13,-9.64,-10.74,-0.92,47.17,4.75,1
d,2022-10-31 14:18:44.815524,-0.10,-0.70,-0.65,-19.78,-0.31,13.24,-0.92,47.17,4.75,1
d,2022-10-31 14:18:44.831877,-0.02,-0.76,-0.65,-43.70,-17.33,21.48,-0.92,47.17,4.75,1
d,2022-10-31 14:18:44.851874,0.53,-0.97,-0.18,-47.61,-9.95,18.49,-0.46,48.25,3.83,1
d,2022-10-31 14:18:44.871859,0.17,-0.84,-0.31,-76.90,-54.57,-0.85,-0.46,48.25,3.83,1
d,2022-10-31 14:18:44.891860,0.10,-0.86,-0.30,-61.28,-52.92,-15.93,0.44,50.95,2.06,1
d,2022-10-31 14:18:44.911844,0.07,-0.83,-0.39,-32.90,-54.32,-42.42,0.44,50.95,2.06,1
d,2022-10-31 14:18:44.931842,0.02,-0.94,-0.30,-9.16,-18.31,-40.95,0.44,50.95,2.06,1
d,2022-10-31 14:18:44.954509,-0.08,-1.00,-0.25,30.64,3.30,-61.22,-0.89,51.71,2.54,1
d,2022-10-31 14:18:44.971949,0.22,-0.98,-0.43,88.07,23.50,-96.62,-0.89,51.71,2.54,1
d,2022-10-31 14:18:44.992498,0.11,-1.07,-0.32,83.80,61.58,-64.39,-4.58,48.67,5.43,1
d,2022-10-31 14:18:45.012555,0.29,-1.17,-0.33,107.18,61.40,-45.47,-4.58,48.67,5.43,1
d,2022-10-31 14:18:45.033260,0.18,-1.15,-0.55,127.08,61.52,-40.41,-4.58,48.67,5.43,1
d,2022-10-31 14:18:45.054659,0.23,-1.08,-0.51,117.31,66.65,-5.80,-6.84,44.02,7.36,1
d,2022-10-31 14:18:45.075113,0.26,-1.02,-0.60,90.70,52.43,17.09,-6.84,44.02,7.36,1
d,2022-10-31 14:18:45.085289,0.27,-0.96,-0.56,26.86,21.00,46.51,-7.04,42.20,8.58,1
d,2022-10-31 14:18:45.105496,0.23,-1.01,-0.56,-22.83,3.11,77.33,-7.04,42.20,8.58,1
d,2022-10-31 14:18:45.131577,0.25,-1.00,-0.71,-12.88,-19.96,66.10,-7.04,42.20,8.58,1
d,2022-10-31 14:18:45.151658,0.12,-0.83,-0.69,-23.44,-33.08,45.29,-4.28,42.55,7.21,1
d,2022-10-31 14:18:45.171658,-0.12,-0.80,-0.65,-38.88,-40.53,44.43,-4.28,42.55,7.21,1
d,2022-10-31 14:18:45.191722,0.08,-0.65,-0.58,-47.42,-32.84,30.52,-1.25,42.59,4.05,1
d,2022-10-31 14:18:45.211726,0.26,-0.62,-0.48,-45.96,-26.67,28.63,-1.25,42.59,4.05,1
d,2022-10-31 14:18:45.231713,-0.23,-0.72,-0.41,-89.42,-25.70,45.65,-1.25,42.59,4.05,1
d,2022-10-31 14:18:45.251700,-0.03,-0.70,-0.36,-77.39,-24.60,57.43,-0.40,43.04,2.97,1
d,2022-10-31 14:18:45.271615,-0.08,-0.93,-0.30,-9.22,-6.90,14.71,-0.40,43.04,2.97,1
d,2022-10-31 14:18:45.292301,0.25,-0.57,-0.39,-34.85,-9.22,14.83,0.82,45.28,2.59,1
d,2022-10-31 14:18:45.312301,0.21,-0.66,-0.38,-87.28,-11.78,40.65,0.82,45.28,2.59,1
d,2022-10-31 14:18:45.332580,0.10,-1.10,-0.33,25.45,9.70,-26.61,0.82,45.28,2.59,1
d,2022-10-31 14:18:45.352689,-0.15,-0.91,-0.38,58.53,9.77,-64.76,0.31,47.75,0.95,1
d,2022-10-31 14:18:45.372679,0.17,-0.86,-0.33,90.15,32.84,-108.34,0.31,47.75,0.95,1
d,2022-10-31 14:18:45.392678,0.16,-0.96,-0.41,80.75,39.43,-89.42,-3.04,45.75,4.04,1
d,2022-10-31 14:18:45.412684,0.20,-0.96,-0.52,82.58,47.18,-58.90,-3.04,45.75,4.04,1
d,2022-10-31 14:18:45.437763,0.29,-1.03,-0.61,76.35,48.83,-35.71,-3.04,45.75,4.04,1
d,2022-10-31 14:18:45.458025,0.41,-1.07,-0.58,71.59,53.59,-19.10,-5.02,43.58,6.09,1
d,2022-10-31 14:18:45.478182,0.30,-1.16,-0.56,40.83,59.20,2.01,-5.02,43.58,6.09,1
d,2022-10-31 14:18:45.503227,0.28,-1.10,-0.53,21.61,53.83,22.46,-6.34,43.16,5.51,1
