U,2022-11-09 19:45:53.479372,-0.22,0.28,1.03,-6.77,14.77,-0.98,28.22,-25.84,-78.94,1
U,2022-11-09 19:45:53.497559,-0.22,0.21,0.99,-10.56,16.78,-4.33,28.22,-25.84,-78.94,1
U,2022-11-09 19:45:53.516387,-0.26,0.24,1.04,-12.33,16.36,-5.62,27.23,-27.27,-78.33,1
U,2022-11-09 19:45:53.534628,-0.26,0.22,0.97,-16.72,21.61,-7.45,27.23,-27.27,-78.33,1
U,2022-11-09 19:45:53.553426,-0.23,0.19,0.94,-14.65,23.50,-3.91,25.38,-29.28,-79.17,1
U,2022-11-09 19:45:53.571523,-0.17,0.23,0.78,-16.17,22.83,-0.43,25.38,-29.28,-79.17,1
U,2022-11-09 19:45:53.589398,-0.15,0.28,0.73,-20.02,11.54,-4.82,25.38,-29.28,-79.17,1
U,2022-11-09 19:45:53.608396,-0.16,0.29,0.77,-18.92,2.44,-6.84,22.73,-31.64,-80.52,1
U,2022-11-09 19:45:53.626436,-0.17,0.25,0.72,-17.03,-0.55,-7.87,22.73,-31.64,-80.52,1
U,2022-11-09 19:45:53.644353,-0.36,0.36,0.88,41.56,-22.22,0.79,22.73,-31.64,-80.52,1
U,2022-11-09 19:45:53.663274,-0.24,0.16,0.84,37.29,-6.59,12.51,21.81,-32.60,-80.73,1
U,2022-11-09 19:45:53.681328,-0.23,0.24,0.83,16.48,5.43,10.19,21.81,-32.60,-80.73,1
U,2022-11-09 19:45:53.699176,-0.05,0.32,0.39,6.77,13.49,8.36,21.81,-32.60,-80.73,1
U,2022-11-09 19:45:53.718479,-0.27,0.11,0.83,10.99,-36.44,-1.22,21.90,-32.75,-79.70,1
U,2022-11-09 19:45:53.736487,-0.17,0.11,0.58,9.22,-15.99,6.04,21.90,-32.75,-79.70,1
U,2022-11-09 19:45:53.755346,-0.22,0.10,0.71,5.68,-30.40,7.75,22.60,-30.83,-78.44,1
U,2022-11-09 19:45:53.773364,-0.22,0.14,0.73,0.37,-32.71,10.68,22.60,-30.83,-78.44,1
U,2022-11-09 19:45:53.791355,-0.22,0.17,0.74,0.85,-41.44,20.75,22.60,-30.83,-78.44,1
U,2022-11-09 19:45:53.810421,-0.26,0.34,0.81,17.64,-50.48,26.98,24.16,-26.73,-73.68,1
U,2022-11-09 19:45:53.828412,-0.35,0.39,0.95,14.34,-55.73,18.62,24.16,-26.73,-73.68,1
U,2022-11-09 19:45:53.846427,-0.41,0.40,1.06,15.14,-48.10,9.89,24.16,-26.73,-73.68,1
U,2022-11-09 19:45:53.865343,-0.39,0.39,1.00,15.99,-40.34,1.10,27.12,-23.49,-72.49,1
U,2022-11-09 19:45:53.883331,-0.37,0.47,0.92,18.68,-38.94,-7.32,27.12,-23.49,-72.49,1
U,2022-11-09 19:45:53.902371,-0.43,0.45,1.03,20.02,-48.83,-23.56,32.58,-22.92,-74.48,1
U,2022-11-09 19:45:53.920365,-0.53,0.31,1.20,26.00,-44.68,-29.54,32.58,-22.92,-74.48,1
U,2022-11-09 19:45:53.938465,-0.52,0.21,1.14,36.93,-30.70,-23.80,32.58,-22.92,-74.48,1
U,2022-11-09 19:45:53.957410,-0.54,0.08,1.16,37.29,-16.54,-10.74,39.06,-25.29,-80.22,1
U,2022-11-09 19:45:53.975444,-0.52,0.06,1.15,35.71,-12.27,-4.58,39.06,-25.29,-80.22,1
U,2022-11-09 19:45:53.993501,-0.54,0.10,1.16,32.53,-9.34,-5.25,39.06,-25.29,-80.22,1
U,2022-11-09 19:45:54.012453,-0.64,0.09,1.28,13.18,2.32,-16.42,43.02,-28.44,-83.90,1
U,2022-11-09 19:45:54.030530,-0.60,0.05,1.20,-10.50,45.10,-20.57,43.02,-28.44,-83.90,1
U,2022-11-09 19:45:54.048539,-0.39,0.11,0.92,-17.40,57.43,-17.21,43.02,-28.44,-83.90,1
U,2022-11-09 19:45:54.067474,-0.37,0.18,0.92,-18.13,55.36,-14.40,42.11,-32.03,-82.64,1
U,2022-11-09 19:45:54.085416,-0.37,0.22,0.94,-17.82,57.01,-17.09,42.11,-32.03,-82.64,1
U,2022-11-09 19:45:54.104376,-0.36,0.19,0.96,-17.52,63.84,-22.16,39.76,-34.20,-85.61,1
U,2022-11-09 19:45:54.122432,-0.25,0.15,0.82,-35.28,78.00,-32.59,39.76,-34.20,-85.61,1
U,2022-11-09 19:45:54.140421,-0.18,0.07,0.68,-38.45,68.85,-32.47,39.76,-34.20,-85.61,1
U,2022-11-09 19:45:54.159373,-0.14,0.09,0.59,-18.92,41.75,-14.65,38.62,-36.90,-87.65,1
U,2022-11-09 19:45:54.177339,-0.15,0.13,0.55,2.62,10.31,1.89,38.62,-36.90,-87.65,1
U,2022-11-09 19:45:54.195374,-0.20,0.18,0.64,14.65,-18.68,12.15,38.62,-36.90,-87.65,1
U,2022-11-09 19:45:54.214266,-0.25,0.21,0.72,18.37,-24.17,14.59,37.82,-38.83,-90.88,1
U,2022-11-09 19:45:54.232418,-0.30,0.20,0.80,17.64,-15.38,16.97,37.82,-38.83,-90.88,1
U,2022-11-09 19:45:54.251262,-0.30,0.16,0.84,10.62,-0.37,16.17,37.32,-39.25,-91.06,1
U,2022-11-09 19:45:54.269373,-0.35,0.25,0.96,-9.89,21.61,2.14,37.32,-39.25,-91.06,1
U,2022-11-09 19:45:54.287534,-0.36,0.33,0.71,-26.18,28.38,-27.53,37.32,-39.25,-91.06,1
U,2022-11-09 19:45:54.306353,-0.29,0.27,0.86,3.11,6.35,-21.91,39.28,-37.73,-93.20,1
U,2022-11-09 19:45:54.324293,-0.24,0.29,0.82,18.13,1.71,-11.96,39.28,-37.73,-93.20,1
U,2022-11-09 19:45:54.342423,-0.25,0.28,0.86,27.95,0.85,-8.54,39.28,-37.73,-93.20,1
U,2022-11-09 19:45:54.361247,-0.19,0.25,0.87,27.83,1.34,-12.15,43.74,-36.18,-94.75,1
U,2022-11-09 19:45:54.379377,-0.12,0.22,0.88,13.06,1.10,-25.63,43.74,-36.18,-94.75,1
