z,2022-10-20 11:43:32.814234,0.28,0.74,0.45,-9.22,34.30,28.87,14.79,10.00,-34.44,1
z,2022-10-20 11:43:32.831516,0.34,0.81,0.32,-23.68,19.17,28.08,14.79,10.00,-34.44,1
z,2022-10-20 11:43:32.853299,0.33,0.97,0.14,-33.94,-0.92,29.85,16.02,9.12,-36.08,1
z,2022-10-20 11:43:32.872386,-0.03,1.03,0.03,-26.49,7.39,18.74,16.02,9.12,-36.08,1
z,2022-10-20 11:43:32.892239,0.69,0.63,-0.02,86.30,31.68,19.78,16.02,9.12,-36.08,1
z,2022-10-20 11:43:32.911307,0.44,0.74,0.41,11.54,-25.76,-19.35,15.61,11.11,-38.59,1
z,2022-10-20 11:43:32.931605,0.25,1.32,-0.02,-35.52,-53.53,-21.00,15.61,11.11,-38.59,1
z,2022-10-20 11:43:32.950676,0.24,0.80,0.24,5.86,-47.73,6.29,15.61,11.11,-38.59,1
z,2022-10-20 11:43:32.971998,0.03,0.77,0.21,21.61,-41.20,13.00,12.98,10.79,-38.65,1
z,2022-10-20 11:43:32.990285,0.04,0.38,0.68,54.75,-4.64,13.98,12.98,10.79,-38.65,1
z,2022-10-20 11:43:33.010041,0.08,0.43,0.87,19.78,-6.96,-2.81,10.17,12.35,-39.28,1
z,2022-10-20 11:43:33.030999,-0.03,0.61,0.83,-18.74,-14.16,-9.70,10.17,12.35,-39.28,1
z,2022-10-20 11:43:33.048478,-0.04,0.87,0.52,-24.11,3.30,14.65,10.17,12.35,-39.28,1
z,2022-10-20 11:43:33.068528,0.08,0.85,0.44,-8.00,28.63,40.22,10.69,10.28,-39.29,1
z,2022-10-20 11:43:33.088392,0.17,0.66,0.49,-6.77,29.79,45.04,10.69,10.28,-39.29,1
z,2022-10-20 11:43:33.110031,0.28,0.78,0.29,-17.64,19.53,36.68,12.90,9.27,-37.02,1
z,2022-10-20 11:43:33.127966,0.40,0.75,0.24,-29.48,8.30,18.68,12.90,9.27,-37.02,1
z,2022-10-20 11:43:33.146565,0.41,1.08,-0.05,-50.11,-6.41,-4.21,12.90,9.27,-37.02,1
z,2022-10-20 11:43:33.167201,0.46,1.19,-0.22,-19.04,1.16,-9.95,13.51,6.85,-36.23,1
z,2022-10-20 11:43:33.186885,0.33,1.46,-0.50,-1.53,17.09,-11.11,13.51,6.85,-36.23,1
z,2022-10-20 11:43:33.206588,0.24,1.55,-0.35,51.45,66.71,15.93,13.89,7.02,-36.27,1
z,2022-10-20 11:43:33.225198,1.01,0.11,1.09,56.82,-7.14,28.44,13.89,7.02,-36.27,1
z,2022-10-20 11:43:33.245502,0.44,1.38,-0.34,-23.93,-119.69,-24.72,13.89,7.02,-36.27,1
z,2022-10-20 11:43:33.266540,0.24,1.24,-0.21,20.26,-82.52,-3.91,11.04,8.65,-36.84,1
z,2022-10-20 11:43:33.285190,-0.03,1.04,0.34,35.64,-69.15,8.18,11.04,8.65,-36.84,1
z,2022-10-20 11:43:33.304347,-0.13,0.56,0.71,43.58,-37.60,25.02,11.04,8.65,-36.84,1
z,2022-10-20 11:43:33.323708,-0.16,0.46,0.92,11.84,-4.39,25.88,6.34,10.36,-38.28,1
z,2022-10-20 11:43:33.343899,-0.16,0.41,0.80,-48.16,21.73,17.27,6.34,10.36,-38.28,1
z,2022-10-20 11:43:33.363294,-0.16,0.93,0.32,-30.64,35.58,-9.95,5.47,9.31,-39.34,1
z,2022-10-20 11:43:33.382295,0.11,0.99,0.35,-2.62,61.28,-40.10,5.47,9.31,-39.34,1
z,2022-10-20 11:43:33.401694,0.33,1.16,0.16,9.70,34.48,-42.60,5.47,9.31,-39.34,1
z,2022-10-20 11:43:33.422621,0.46,1.17,0.06,26.73,20.26,-46.14,7.34,8.45,-37.16,1
z,2022-10-20 11:43:33.440466,0.53,1.05,0.07,42.66,3.72,-48.65,7.34,8.45,-37.16,1
