z,2022-10-20 11:44:04.462213,-0.16,1.15,-0.06,12.88,-34.36,15.38,-15.06,10.30,-4.00,1
z,2022-10-20 11:44:04.480722,-0.30,1.06,-0.11,18.49,-29.60,21.24,-15.06,10.30,-4.00,1
z,2022-10-20 11:44:04.500933,-0.32,1.00,0.10,18.55,-21.85,13.43,-16.03,10.75,-0.95,1
z,2022-10-20 11:44:04.519216,-0.31,0.93,0.14,5.49,-19.96,5.92,-16.03,10.75,-0.95,1
z,2022-10-20 11:44:04.540147,-0.28,0.95,0.14,-16.85,-13.37,5.68,-16.03,10.75,-0.95,1
z,2022-10-20 11:44:04.558935,-0.24,0.96,0.11,-25.27,-7.93,16.72,-16.26,12.16,-0.32,1
z,2022-10-20 11:44:04.578604,-0.21,0.99,0.07,-28.63,-7.08,21.67,-16.26,12.16,-0.32,1
z,2022-10-20 11:44:04.597593,-0.22,1.03,0.04,-28.75,-11.96,11.96,-16.26,12.16,-0.32,1
z,2022-10-20 11:44:04.619898,-0.27,1.06,0.03,-18.07,-11.11,8.42,-15.82,12.98,2.95,1
z,2022-10-20 11:44:04.639189,-0.26,1.02,0.08,-10.25,-3.97,7.14,-15.82,12.98,2.95,1
z,2022-10-20 11:44:04.659927,-0.30,1.00,0.09,-8.06,7.81,13.73,-15.88,14.15,2.72,1
z,2022-10-20 11:44:04.680014,-0.26,0.94,0.11,-10.80,16.30,15.20,-15.88,14.15,2.72,1
z,2022-10-20 11:44:04.698614,-0.24,0.97,0.13,-17.64,14.10,12.39,-16.10,14.42,3.72,1
z,2022-10-20 11:44:04.717521,-0.22,0.94,0.09,-17.82,10.44,15.20,-16.10,14.42,3.72,1
z,2022-10-20 11:44:04.737179,-0.17,0.91,0.06,-18.80,8.06,16.72,-16.10,14.42,3.72,1
z,2022-10-20 11:44:04.759603,-0.18,0.92,-0.00,-20.75,3.85,20.45,-15.87,15.75,3.49,1
z,2022-10-20 11:44:04.776427,-0.24,0.97,-0.05,-11.90,2.20,19.41,-15.87,15.75,3.49,1
z,2022-10-20 11:44:04.795871,-0.22,0.93,-0.06,-5.43,-4.09,12.94,-15.87,15.75,3.49,1
z,2022-10-20 11:44:04.816005,-0.26,1.03,-0.15,-12.33,-13.92,6.41,-15.92,16.47,5.32,1
z,2022-10-20 11:44:04.835706,-0.79,1.03,-0.33,4.15,-20.87,12.15,-15.92,16.47,5.32,1
z,2022-10-20 11:44:04.855161,-0.25,1.33,0.18,66.53,19.17,6.23,-14.15,16.63,4.52,1
z,2022-10-20 11:44:04.875663,-0.22,0.64,0.36,24.17,-29.66,-2.50,-14.15,16.63,4.52,1
z,2022-10-20 11:44:04.893684,-0.27,0.95,0.12,10.19,-31.31,-1.16,-14.15,16.63,4.52,1
z,2022-10-20 11:44:04.914619,-0.25,0.78,0.19,11.78,-20.87,8.30,-12.66,15.72,4.00,1
z,2022-10-20 11:44:04.933394,-0.26,0.84,0.16,1.28,-13.18,8.48,-12.66,15.72,4.00,1
z,2022-10-20 11:44:04.954028,-0.26,0.87,0.20,0.61,-7.20,7.81,-11.88,15.92,3.61,1
z,2022-10-20 11:44:04.972837,-0.27,0.86,0.22,-5.55,-6.53,6.35,-11.88,15.92,3.61,1
z,2022-10-20 11:44:04.994198,-0.27,0.92,0.21,-16.91,-6.53,5.00,-11.88,15.92,3.61,1
z,2022-10-20 11:44:05.012022,-0.29,0.93,0.16,-22.89,-3.60,11.29,-11.98,15.81,3.96,1
z,2022-10-20 11:44:05.030372,-0.29,0.87,0.13,-21.91,8.24,22.22,-11.98,15.81,3.96,1
z,2022-10-20 11:44:05.050201,-0.27,0.82,0.13,-27.95,19.53,25.82,-11.98,15.81,3.96,1
z,2022-10-20 11:44:05.071609,-0.28,0.91,0.03,-32.71,17.64,22.34,-11.98,17.66,4.88,1
z,2022-10-20 11:44:05.090676,-0.30,0.97,-0.02,-31.80,17.21,22.16,-11.98,17.66,4.88,1
z,2022-10-20 11:44:05.111207,-0.30,0.94,-0.12,-29.36,15.50,21.24,-13.42,18.60,3.80,1
z,2022-10-20 11:44:05.129065,-0.32,1.06,-0.23,-28.56,6.84,11.96,-13.42,18.60,3.80,1
z,2022-10-20 11:44:05.148206,-0.35,1.22,-0.53,-13.85,2.26,-1.53,-13.42,18.60,3.80,1
z,2022-10-20 11:44:05.167245,-0.31,1.48,-0.27,39.12,27.71,29.91,-13.48,19.68,4.16,1
z,2022-10-20 11:44:05.187941,-0.33,0.93,-0.11,37.84,-11.11,26.67,-13.48,19.68,4.16,1
z,2022-10-20 11:44:05.207156,-0.32,0.97,-0.10,44.80,-33.94,10.07,-12.05,18.95,4.63,1
z,2022-10-20 11:44:05.227939,-0.32,0.79,0.05,34.91,-47.30,4.82,-12.05,18.95,4.63,1
z,2022-10-20 11:44:05.246042,-0.33,0.80,0.11,13.98,-44.37,7.08,-12.05,18.95,4.63,1
z,2022-10-20 11:44:05.266008,-0.34,0.79,0.14,2.87,-34.36,8.48,-10.69,17.80,3.96,1
z,2022-10-20 11:44:05.285989,-0.42,0.86,0.13,-14.65,-23.80,6.65,-10.69,17.80,3.96,1
z,2022-10-20 11:44:05.309264,-0.63,1.12,0.02,-17.40,-14.22,-4.52,-9.97,17.90,4.31,1
z,2022-10-20 11:44:05.325291,-0.70,1.29,-0.04,45.35,23.86,-17.46,-9.97,17.90,4.31,1
z,2022-10-20 11:44:05.343120,-0.43,1.18,0.12,66.41,34.55,-19.71,-9.97,17.90,4.31,1
z,2022-10-20 11:44:05.363332,-0.32,1.12,0.02,77.33,26.43,-23.01,-9.75,15.82,1.45,1
z,2022-10-20 11:44:05.383219,-0.09,0.94,-0.01,81.18,19.96,-22.89,-9.75,15.82,1.45,1
z,2022-10-20 11:44:05.402251,-0.02,0.92,-0.06,40.47,-8.36,-30.46,-9.75,15.82,1.45,1
z,2022-10-20 11:44:05.422307,-0.03,0.90,-0.18,42.11,-22.52,-26.92,-8.86,13.43,-0.48,1
z,2022-10-20 11:44:05.442498,-0.04,0.81,-0.10,50.11,-37.48,-24.23,-8.86,13.43,-0.48,1
