n,2022-10-14 14:33:08.940445,0.41,0.18,0.88,-6.90,1.22,-13.49,65.82,72.25,-38.84,1
n,2022-10-14 14:33:08.958189,0.31,0.23,0.87,-16.05,7.93,-22.09,65.82,72.25,-38.84,1
n,2022-10-14 14:33:08.976871,0.29,0.20,0.90,-5.00,10.25,-20.75,66.97,71.24,-38.35,1
n,2022-10-14 14:33:08.994208,0.36,0.11,0.84,-5.92,4.70,-12.39,66.97,71.24,-38.35,1
n,2022-10-14 14:33:09.014187,0.41,0.10,0.82,-10.25,-1.71,-10.44,68.37,68.95,-37.23,1
n,2022-10-14 14:33:09.032036,0.39,0.11,0.79,-17.09,-9.58,-17.52,68.37,68.95,-37.23,1
n,2022-10-14 14:33:09.050147,0.32,0.17,0.79,-12.21,-15.08,-19.71,68.37,68.95,-37.23,1
n,2022-10-14 14:33:09.069090,0.29,0.16,0.81,-6.71,-15.32,-11.90,69.35,67.35,-35.63,1
n,2022-10-14 14:33:09.087031,0.31,0.06,0.82,-2.44,-14.53,-6.47,69.35,67.35,-35.63,1
n,2022-10-14 14:33:09.105209,0.31,-0.02,0.82,-8.06,-13.24,-10.93,69.35,67.35,-35.63,1
n,2022-10-14 14:33:09.124073,0.28,0.07,0.86,-16.60,-9.89,-14.83,70.36,66.82,-36.77,1
n,2022-10-14 14:33:09.142405,0.26,0.17,0.90,-13.92,-6.29,-10.68,70.36,66.82,-36.77,1
n,2022-10-14 14:33:09.161137,0.28,0.14,0.93,-2.32,-3.97,-5.68,70.32,66.10,-35.42,1
n,2022-10-14 14:33:09.179360,0.32,0.08,0.90,5.43,-2.01,-2.50,70.32,66.10,-35.42,1
n,2022-10-14 14:33:09.196950,0.33,0.07,0.89,0.49,2.99,-10.80,70.32,66.10,-35.42,1
n,2022-10-14 14:33:09.216039,0.37,0.14,0.91,-2.99,7.51,-19.90,70.74,65.83,-35.35,1
n,2022-10-14 14:33:09.234204,0.47,0.08,0.83,2.62,-2.44,-8.30,70.74,65.83,-35.35,1
n,2022-10-14 14:33:09.252134,0.54,0.02,0.79,-6.84,-13.98,-9.89,70.74,65.83,-35.35,1
n,2022-10-14 14:33:09.271305,-0.00,0.56,1.03,-4.94,-16.05,-7.26,71.39,64.76,-34.36,1
n,2022-10-14 14:33:09.290220,0.36,-0.21,0.90,53.53,2.20,23.38,71.39,64.76,-34.36,1
n,2022-10-14 14:33:09.308250,0.39,-0.22,0.86,-0.92,4.15,-1.10,71.39,64.76,-34.36,1
n,2022-10-14 14:33:09.327409,0.38,-0.07,0.78,-27.71,6.10,-15.32,71.29,65.22,-34.68,1
n,2022-10-14 14:33:09.345312,0.02,0.09,1.29,-26.86,1.40,-24.29,71.29,65.22,-34.68,1
n,2022-10-14 14:33:09.363617,0.24,0.17,0.79,22.46,-39.79,-15.99,70.13,65.21,-35.46,1
n,2022-10-14 14:33:09.382059,0.28,0.10,0.74,25.02,-43.70,-1.46,70.13,65.21,-35.46,1
n,2022-10-14 14:33:09.399967,0.26,0.01,0.79,24.23,-40.77,6.29,70.13,65.21,-35.46,1
n,2022-10-14 14:33:09.418872,0.34,0.01,0.79,23.68,-32.41,1.83,68.49,67.30,-35.63,1
n,2022-10-14 14:33:09.436946,0.44,0.03,0.80,15.99,-19.35,-0.12,68.49,67.30,-35.63,1
n,2022-10-14 14:33:09.454921,0.44,0.11,0.92,10.74,-4.21,0.24,68.49,67.30,-35.63,1
n,2022-10-14 14:33:09.473940,0.44,0.07,1.05,7.63,3.42,2.62,67.53,67.81,-36.33,1
n,2022-10-14 14:33:09.491765,0.49,0.05,1.06,6.59,9.09,5.74,67.53,67.81,-36.33,1
n,2022-10-14 14:33:09.509872,0.41,0.03,1.19,-1.89,15.26,5.68,67.53,67.81,-36.33,1
n,2022-10-14 14:33:09.528942,0.37,0.07,1.12,4.70,0.73,6.71,67.63,68.57,-37.46,1
n,2022-10-14 14:33:09.546971,0.36,0.10,1.05,11.66,-11.72,10.99,67.63,68.57,-37.46,1
n,2022-10-14 14:33:09.565939,1.21,0.24,0.34,21.97,-18.43,16.78,67.80,68.75,-37.19,1
n,2022-10-14 14:33:09.584066,0.47,0.17,0.94,-17.15,30.27,26.92,67.80,68.75,-37.19,1
n,2022-10-14 14:33:09.601960,0.36,0.04,1.05,-10.80,30.58,17.21,67.80,68.75,-37.19,1
n,2022-10-14 14:33:09.621395,0.44,-0.02,0.97,-8.97,19.59,6.47,69.59,67.86,-36.21,1
n,2022-10-14 14:33:09.638951,0.35,0.13,1.02,-20.57,22.89,-6.53,69.59,67.86,-36.21,1
n,2022-10-14 14:33:09.657377,0.34,0.17,0.94,-9.52,18.25,-8.30,69.59,67.86,-36.21,1
n,2022-10-14 14:33:09.676139,0.29,0.05,0.84,-6.90,18.13,-22.40,71.08,67.20,-35.07,1
n,2022-10-14 14:33:09.693533,0.32,0.07,0.85,5.19,12.02,-32.71,71.08,67.20,-35.07,1
n,2022-10-14 14:33:09.713026,0.23,0.11,0.83,18.19,3.72,-36.25,71.92,66.77,-34.59,1
n,2022-10-14 14:33:09.731191,0.28,-0.24,0.65,34.36,-5.25,-29.42,71.92,66.77,-34.59,1
n,2022-10-14 14:33:09.749512,0.24,-0.03,0.73,1.53,-7.81,-37.11,71.92,66.77,-34.59,1
n,2022-10-14 14:33:09.769162,0.23,-0.17,0.78,7.14,-19.04,-20.81,71.87,68.12,-34.63,1
n,2022-10-14 14:33:09.787187,0.31,-0.07,0.84,-10.25,-30.88,-17.03,71.87,68.12,-34.63,1
n,2022-10-14 14:33:09.805193,0.37,0.09,0.81,-15.63,-34.61,-8.67,71.87,68.12,-34.63,1
n,2022-10-14 14:33:09.824227,0.41,0.07,0.77,-1.34,-31.19,1.34,69.23,68.54,-36.04,1
n,2022-10-14 14:33:09.842068,0.33,-0.00,0.88,7.57,-17.09,0.49,69.23,68.54,-36.04,1
n,2022-10-14 14:33:09.860896,0.42,-0.04,0.94,10.86,-14.59,-1.22,69.23,68.54,-36.04,1
n,2022-10-14 14:33:09.879391,0.39,-0.01,1.01,4.39,-10.07,-2.81,68.93,69.90,-36.44,1
n,2022-10-14 14:33:09.896872,0.43,0.02,0.95,9.83,-11.29,-3.17,68.93,69.90,-36.44,1
n,2022-10-14 14:33:09.915873,0.46,0.08,1.00,9.52,-6.53,2.75,67.87,70.18,-37.56,1
n,2022-10-14 14:33:09.933960,0.41,0.12,1.05,24.48,-2.32,19.78,67.87,70.18,-37.56,1
n,2022-10-14 14:33:09.951382,0.32,0.10,0.99,44.07,0.12,31.25,67.87,70.18,-37.56,1
n,2022-10-14 14:33:09.971388,-0.14,0.26,0.74,69.58,8.36,39.49,68.51,72.20,-37.12,1
n,2022-10-14 14:33:09.988762,0.12,-0.10,0.97,116.39,56.52,47.49,68.51,72.20,-37.12,1
n,2022-10-14 14:33:10.006934,0.27,-0.29,0.97,64.39,68.18,19.29,68.51,72.20,-37.12,1
n,2022-10-14 14:33:10.025939,0.37,-0.15,1.00,33.69,68.85,1.83,69.42,76.39,-35.63,1
n,2022-10-14 14:33:10.043536,0.52,-0.11,0.96,17.88,57.07,-2.44,69.42,76.39,-35.63,1
n,2022-10-14 14:33:10.063040,0.70,-0.17,0.84,9.16,38.21,-5.13,69.63,77.60,-36.02,1
n,2022-10-14 14:33:10.081465,0.85,-0.13,0.80,-10.50,14.65,-12.51,69.63,77.60,-36.02,1
n,2022-10-14 14:33:10.099468,0.84,-0.10,0.76,-29.91,-18.37,-21.79,69.63,77.60,-36.02,1
n,2022-10-14 14:33:10.118361,0.48,0.03,0.77,-27.59,-21.85,-26.00,68.95,77.48,-36.28,1
n,2022-10-14 14:33:10.135872,0.47,-0.09,0.79,-3.23,-12.45,-20.51,68.95,77.48,-36.28,1
n,2022-10-14 14:33:10.154524,0.50,-0.19,0.89,-1.83,-9.34,-20.39,68.95,77.48,-36.28,1
