F,2022-11-12 17:35:22.591706,-3.615429,8.533370,-2.423056,-0.299413,-0.315914,0.114029,58.950607,-33.444583,-140.989471,1
F,2022-11-12 17:35:22.687028,-2.667277,9.012235,-2.509251,0.200204,0.031767,-0.177059,38.228576,-53.583259,-137.533843,1
F,2022-11-12 17:35:22.783218,-1.273780,9.342652,-1.235471,-0.736844,-0.169039,0.195523,36.263557,-69.945938,-144.617874,1
F,2022-11-12 17:35:22.878535,-3.787820,14.121722,-3.160507,-0.416328,-0.179692,-0.028186,41.265426,-62.393932,-194.033309,1
F,2022-11-12 17:35:22.975786,-3.677681,7.858170,-3.045580,0.878920,-0.007649,0.253181,36.620830,-60.955455,-177.791870,1
F,2022-11-12 17:35:23.070755,0.067041,6.431153,-3.150930,0.035484,-0.324703,0.758790,29.653942,-70.125747,-142.026153,1
F,2022-11-12 17:35:23.167485,-1.862784,8.164645,-3.984155,0.581707,-0.867597,0.634152,29.653942,-70.125747,-142.026153,1
F,2022-11-12 17:35:23.277355,-7.422403,7.216492,-1.312089,0.306998,-0.231358,-0.067069,29.653942,-70.125747,-142.026153,1
F,2022-11-12 17:35:23.374692,-0.775761,6.435942,-5.085544,-0.234830,0.921276,0.873574,-1.250467,-76.419082,-119.391815,1
F,2022-11-12 17:35:23.470779,3.059946,9.835883,-4.233164,-0.014317,-0.285554,-1.512255,42.515892,-75.879653,-164.487716,1
F,2022-11-12 17:35:23.566850,-6.699318,7.776763,-1.326455,-0.376513,-0.005252,-0.906110,42.515892,-75.879653,-164.487716,1
