i,2022-10-31 12:26:27.699859,-1.154064,10.712204,0.809281,-0.159516,-0.188504,0.213807,53.055545,-13.845339,-161.895996,1
i,2022-10-31 12:26:27.795898,0.421401,9.941232,1.350399,-0.264313,-0.047221,0.079981,53.055545,-13.845339,-161.895996,1
i,2022-10-31 12:26:27.907255,-0.100562,12.191897,2.016021,-0.093735,0.140002,-0.614848,52.340995,-12.766482,-165.697189,1
i,2022-10-31 12:26:28.003275,-0.751818,10.784034,1.201951,0.561146,-0.032041,0.083310,44.480911,-14.204958,-169.843933,1
i,2022-10-31 12:26:28.083551,0.100562,7.441558,1.134909,0.150880,0.166234,0.250426,45.195465,-24.993534,-172.953994,1
i,2022-10-31 12:26:28.179513,0.924209,7.652258,0.924209,-0.204658,0.166900,0.136308,45.195465,-24.993534,-172.953994,1
i,2022-10-31 12:26:28.275328,0.885900,8.988291,1.139698,-0.537558,-0.028046,-0.135339,46.267295,-25.353153,-171.917312,1
i,2022-10-31 12:26:28.387050,-0.397458,12.244572,1.508424,-0.327964,-0.155880,-0.285011,46.803211,-14.384768,-171.053405,1
i,2022-10-31 12:26:28.483321,-0.656045,14.600586,3.806975,-0.290679,-0.123256,0.001417,45.016826,-15.104007,-173.817901,1
i,2022-10-31 12:26:28.579230,-0.292108,10.716994,1.245048,0.867680,-0.112203,0.084109,45.016826,-15.104007,-173.817901,1
i,2022-10-31 12:26:28.675165,-0.617735,7.704934,-0.517174,0.626128,-0.086237,0.300228,40.014957,-18.700199,-169.325592,1
i,2022-10-31 12:26:28.771304,6.052850,20.006969,32.869274,-0.619185,-0.126185,0.569744,39.300403,-33.804203,-160.340972,1
i,2022-10-31 12:26:28.867339,0.239432,9.811939,0.852379,-0.145934,-0.170794,0.323265,49.840057,-35.062873,-166.388305,1
i,2022-10-31 12:26:28.963114,0.086196,10.080103,0.541117,0.045816,-0.002213,0.288776,46.981849,-36.501350,-167.079437,1
i,2022-10-31 12:26:29.059097,1.336033,9.021812,0.407035,0.290165,0.110041,-0.326024,46.981849,-36.501350,-167.079437,1
i,2022-10-31 12:26:29.155134,-0.019155,7.843804,-0.430978,-0.300133,-0.337643,-0.180480,44.838188,-37.580207,-158.785934,1
