i,2022-10-31 12:26:54.873234,2.102216,9.380961,4.941884,-0.041936,-0.031375,0.243369,67.525238,63.292980,-79.479354,1
i,2022-10-31 12:26:54.969057,2.379958,11.186281,5.775109,0.258340,-0.385315,-0.117362,67.346603,65.270881,-81.034385,1
i,2022-10-31 12:26:55.064932,0.177180,9.510254,4.247530,0.559148,-0.270398,0.025119,68.597068,73.002700,-103.668731,1
i,2022-10-31 12:26:55.160757,1.192373,6.661008,3.079100,0.321458,0.021090,0.324996,68.597068,73.002700,-103.668731,1
i,2022-10-31 12:26:55.256666,1.561099,6.641854,3.194028,-0.549942,0.320833,0.035639,68.597068,66.529548,-119.564598,1
i,2022-10-31 12:26:55.352425,2.964173,8.600411,4.458231,-0.875651,0.219099,-0.228018,72.169837,67.248786,-107.815475,1
i,2022-10-31 12:26:55.448594,1.091812,11.076142,5.593140,-0.299201,-0.224058,-0.216034,64.309753,65.091072,-81.207168,1
i,2022-10-31 12:26:55.528820,1.087023,11.717821,5.832572,0.551558,0.109908,-0.312308,64.309753,65.091072,-81.207168,1
i,2022-10-31 12:26:55.624763,1.733490,9.692223,3.955423,0.946778,-0.128715,0.188107,64.845664,69.226699,-84.835578,1
i,2022-10-31 12:26:55.720727,1.288146,6.215664,1.154064,0.661282,-0.154681,0.212742,64.845664,61.674694,-119.046257,1
i,2022-10-31 12:26:55.816395,-1.383919,9.189414,3.629795,-0.423173,0.503928,-2.215166,65.738861,65.091072,-129.240341,1
i,2022-10-31 12:26:55.912460,0.694354,9.486311,3.524445,0.306677,-0.072122,0.219533,65.738861,65.091072,-129.240341,1
i,2022-10-31 12:26:56.008358,2.509251,9.558140,5.679336,0.209470,-0.050683,0.146428,65.738861,65.091072,-129.240341,1
i,2022-10-31 12:26:56.104261,0.933786,7.235646,2.868400,-0.263381,-0.248559,-0.189268,64.131118,65.990119,-127.685317,1
i,2022-10-31 12:26:56.200270,-0.124505,9.802362,3.921902,-0.660598,-0.255617,-0.206712,58.593330,63.652599,-116.454536,1
i,2022-10-31 12:26:56.296208,-0.253798,10.764880,4.870054,-0.377366,-0.046822,0.134843,61.451541,69.046890,-98.485290,1
i,2022-10-31 12:26:56.392206,0.780550,9.912501,4.640199,-0.125161,-0.035636,0.319803,61.451541,69.046890,-98.485290,1
i,2022-10-31 12:26:56.488180,2.288974,10.223763,5.296244,0.096284,-0.372664,0.158679,62.702011,69.226699,-85.526702,1
i,2022-10-31 12:26:56.568345,0.268164,9.591661,5.425538,-0.075892,0.003380,-0.434416,68.775711,78.936416,-83.798889,1
i,2022-10-31 12:26:56.664283,0.000000,9.586873,4.611467,0.620668,-0.367604,0.318338,68.775711,78.936416,-83.798889,1
i,2022-10-31 12:26:56.760285,-0.249010,8.341824,4.046407,0.286836,0.024685,-0.092461,66.989326,71.744033,-103.495948,1
i,2022-10-31 12:26:56.855849,1.527578,8.231685,3.835706,0.144887,-0.218199,0.187441,61.451541,65.091072,-118.527915,1
i,2022-10-31 12:26:56.952003,1.221105,8.542947,3.931479,-0.354729,-0.012600,0.253223,60.022438,63.652599,-121.637977,1
i,2022-10-31 12:26:57.047846,2.308128,9.198992,4.582736,-0.684034,0.009904,-0.111370,67.346603,69.226699,-107.988258,1
i,2022-10-31 12:26:57.143818,0.723086,8.954771,4.946673,-0.463388,-0.261209,-0.051714,67.346603,69.226699,-107.988258,1
i,2022-10-31 12:26:57.239837,-0.363937,13.144838,8.341824,0.120386,-0.082908,0.034041,84.317230,75.160415,-90.191795,1
i,2022-10-31 12:26:57.335683,0.474076,10.875019,5.104698,0.787784,0.027881,0.034840,83.602676,73.362319,-96.411918,1
i,2022-10-31 12:26:57.415929,0.565060,7.613949,2.648122,0.858759,-0.004077,0.227922,58.414691,62.034313,-123.538566,1
i,2022-10-31 12:26:57.511854,2.245876,5.219625,0.033521,0.112530,0.026017,0.643382,58.414691,62.034313,-123.538566,1
i,2022-10-31 12:26:57.607810,-0.919420,9.280399,3.629795,-0.437422,-0.060138,-0.324692,54.841930,63.832408,-132.868759,1
i,2022-10-31 12:26:57.703506,2.250664,9.184626,4.065562,0.069386,-0.240303,0.762826,55.199203,68.147834,-130.104248,1
