g,2022-11-02 12:32:24.176356,0.59,0.41,1.01,-30.46,-4.76,20.63,67.44,-6.36,-122.45,1
g,2022-11-02 12:32:24.195168,0.48,0.46,1.05,-24.96,-12.02,12.70,62.19,1.93,-135.21,1
g,2022-11-02 12:32:24.213507,0.31,0.36,1.03,-12.45,-10.07,-12.33,62.19,1.93,-135.21,1
g,2022-11-02 12:32:24.231073,0.30,0.22,0.94,1.10,-7.32,-22.77,62.19,1.93,-135.21,1
g,2022-11-02 12:32:24.250173,0.29,0.02,0.84,16.91,-14.89,-21.06,63.18,5.44,-146.18,1
g,2022-11-02 12:32:24.268144,0.29,-0.01,0.85,21.67,-25.39,-15.14,63.18,5.44,-146.18,1
g,2022-11-02 12:32:24.287126,0.29,-0.01,0.85,10.31,-27.10,-28.02,61.98,8.83,-163.12,1
g,2022-11-02 12:32:24.305259,0.40,-0.22,0.84,3.23,-27.28,-36.80,61.98,8.83,-163.12,1
g,2022-11-02 12:32:24.323498,-2.41,-0.77,3.31,3.42,-23.50,-29.30,61.98,8.83,-163.12,1
g,2022-11-02 12:32:24.342010,0.25,-0.24,1.03,82.34,60.24,19.78,64.07,14.37,-178.63,1
g,2022-11-02 12:32:24.360114,0.78,-0.90,1.25,-14.71,38.70,-5.43,64.07,14.37,-178.63,1
g,2022-11-02 12:32:24.378492,0.39,-0.50,0.92,-84.66,36.32,-3.97,64.07,14.37,-178.63,1
g,2022-11-02 12:32:24.397025,0.28,-0.32,0.72,-79.90,10.19,16.54,70.35,8.26,-177.75,1
g,2022-11-02 12:32:24.415261,0.19,-0.28,0.58,-47.67,-8.24,37.48,70.35,8.26,-177.75,1
g,2022-11-02 12:32:24.433148,0.12,-0.16,0.60,-12.02,-18.55,54.81,70.35,8.26,-177.75,1
g,2022-11-02 12:32:24.451884,0.09,0.01,0.67,2.69,-32.10,41.20,65.82,5.66,-177.80,1
g,2022-11-02 12:32:24.470117,0.03,0.38,0.78,-20.57,-32.71,8.85,65.82,5.66,-177.80,1
g,2022-11-02 12:32:24.489358,0.13,0.50,0.89,-14.10,-39.12,-11.47,43.55,10.61,-182.64,1
g,2022-11-02 12:32:24.507143,0.25,0.46,1.10,13.67,-39.98,-17.70,43.55,10.61,-182.64,1
g,2022-11-02 12:32:24.525071,0.35,0.26,1.19,60.49,-18.13,-14.89,43.55,10.61,-182.64,1
g,2022-11-02 12:32:24.544115,0.46,-0.24,1.25,66.53,-5.00,-18.37,25.94,19.68,-182.56,1
g,2022-11-02 12:32:24.562000,0.54,-0.55,1.20,37.72,10.93,-30.94,25.94,19.68,-182.56,1
g,2022-11-02 12:32:24.580125,0.54,-0.67,1.15,2.20,18.25,-30.76,25.94,19.68,-182.56,1
g,2022-11-02 12:32:24.599358,0.53,-0.46,1.21,-16.54,16.60,-24.41,28.88,19.92,-183.97,1
g,2022-11-02 12:32:24.617180,0.41,-0.38,0.99,-43.46,41.38,-19.71,28.88,19.92,-183.97,1
g,2022-11-02 12:32:24.636129,0.32,-0.36,0.84,-35.58,30.40,-2.99,48.33,10.12,-182.51,1
g,2022-11-02 12:32:24.653999,0.24,-0.28,0.73,-30.64,23.32,6.84,48.33,10.12,-182.51,1
g,2022-11-02 12:32:24.672134,0.17,-0.20,0.67,-24.23,13.92,8.85,48.33,10.12,-182.51,1
g,2022-11-02 12:32:24.691100,0.12,-0.06,0.62,-17.76,3.60,3.17,61.06,3.91,-179.58,1
g,2022-11-02 12:32:24.709189,0.25,-0.12,0.70,-14.59,3.85,-3.11,61.06,3.91,-179.58,1
g,2022-11-02 12:32:24.727412,-0.04,-0.03,0.45,-28.38,28.81,-1.53,61.06,3.91,-179.58,1
g,2022-11-02 12:32:24.746109,0.06,0.01,0.60,3.17,-10.99,-4.33,58.42,2.65,-181.42,1
g,2022-11-02 12:32:24.764191,0.10,-0.06,0.58,8.36,-28.08,-21.00,58.42,2.65,-181.42,1
g,2022-11-02 12:32:24.782399,0.12,-0.14,0.63,15.14,-39.79,-24.72,58.42,2.65,-181.42,1
g,2022-11-02 12:32:24.801355,0.25,-0.15,0.79,36.62,-48.10,-16.60,30.40,9.24,-183.45,1
g,2022-11-02 12:32:24.819416,0.28,-0.30,0.85,50.66,-44.86,-12.21,30.40,9.24,-183.45,1
g,2022-11-02 12:32:24.838116,0.47,-0.52,1.12,62.93,-41.99,0.37,-12.49,23.94,-175.88,1
g,2022-11-02 12:32:24.856231,0.63,-0.76,1.33,35.77,-16.72,20.87,-12.49,23.94,-175.88,1
g,2022-11-02 12:32:24.874230,0.58,-0.61,1.39,-4.33,-5.74,30.40,-12.49,23.94,-175.88,1
g,2022-11-02 12:32:24.893354,0.52,-0.19,1.42,-33.87,-7.69,33.69,-30.21,32.14,-166.05,1
g,2022-11-02 12:32:24.911201,0.41,0.22,1.44,-27.59,-8.79,36.32,-30.21,32.14,-166.05,1
g,2022-11-02 12:32:24.929170,0.29,0.50,1.28,28.56,-2.99,43.46,-30.21,32.14,-166.05,1
g,2022-11-02 12:32:24.948139,0.13,0.34,1.17,14.71,21.79,15.32,-22.91,34.94,-169.53,1
g,2022-11-02 12:32:24.966130,-0.49,0.10,1.17,-36.38,74.65,-33.02,-22.91,34.94,-169.53,1
g,2022-11-02 12:32:24.984893,-0.11,0.06,1.03,38.51,63.90,-12.21,7.07,26.11,-173.85,1
g,2022-11-02 12:32:25.003246,-0.02,-0.19,0.83,53.71,47.67,-15.87,7.07,26.11,-173.85,1
g,2022-11-02 12:32:25.021005,0.23,-0.26,0.54,58.41,32.59,-11.47,7.07,26.11,-173.85,1
g,2022-11-02 12:32:25.040050,0.38,-0.33,0.48,51.88,19.59,-15.99,23.74,21.22,-158.84,1
g,2022-11-02 12:32:25.058086,0.38,-0.46,0.55,28.02,12.33,-20.94,23.74,21.22,-158.84,1
g,2022-11-02 12:32:25.076135,0.54,-0.37,0.59,9.89,9.52,-18.37,23.74,21.22,-158.84,1
g,2022-11-02 12:32:25.095322,0.59,-0.23,0.80,-6.47,-0.55,-20.08,26.43,14.88,-150.22,1
g,2022-11-02 12:32:25.113084,0.66,-0.18,0.89,2.44,-3.48,-17.52,26.43,14.88,-150.22,1
