x,2022-11-04 13:25:06.534700,0.35,0.12,1.07,-62.26,-2.32,11.96,9.28,27.44,-33.19,1
x,2022-11-04 13:25:06.553171,0.30,0.13,1.09,-51.27,2.99,10.68,9.28,27.44,-33.19,1
x,2022-11-04 13:25:06.573957,0.22,0.13,1.08,-38.57,0.61,20.20,9.28,27.44,-33.19,1
x,2022-11-04 13:25:06.593161,0.27,0.14,1.04,-20.32,-6.41,25.94,10.73,26.83,-33.59,1
x,2022-11-04 13:25:06.608817,0.27,-0.03,1.03,-2.20,-7.14,33.02,10.73,26.83,-33.59,1
x,2022-11-04 13:25:06.628232,0.25,-0.05,1.00,-2.87,-7.63,26.49,11.13,25.20,-32.59,1
x,2022-11-04 13:25:06.647428,0.22,-0.03,0.96,-3.36,-11.66,24.60,11.13,25.20,-32.59,1
x,2022-11-04 13:25:06.670110,0.35,-0.07,0.87,1.71,-20.20,24.11,11.13,25.20,-32.59,1
x,2022-11-04 13:25:06.686880,0.33,-0.02,0.84,-18.37,-12.27,-2.75,11.35,24.28,-33.01,1
x,2022-11-04 13:25:06.705455,0.28,0.05,0.83,-32.84,3.85,-44.92,11.35,24.28,-33.01,1
x,2022-11-04 13:25:06.724461,0.19,0.25,1.15,31.37,15.69,-6.84,11.35,24.28,-33.01,1
x,2022-11-04 13:25:06.746222,0.32,0.01,0.83,76.72,15.14,25.09,11.15,24.28,-31.21,1
x,2022-11-04 13:25:06.761676,0.28,-0.24,0.81,65.86,16.54,30.46,11.15,24.28,-31.21,1
x,2022-11-04 13:25:06.782450,0.03,-0.33,0.84,26.12,21.85,7.87,11.73,25.22,-31.49,1
x,2022-11-04 13:25:06.800441,0.14,0.04,0.92,-16.78,9.52,-43.21,11.73,25.22,-31.49,1
x,2022-11-04 13:25:06.823042,0.21,-0.08,0.85,3.23,-8.73,-55.97,11.73,25.22,-31.49,1
x,2022-11-04 13:25:06.840926,0.29,-0.04,0.87,7.81,-24.35,-54.69,10.90,25.34,-31.03,1
x,2022-11-04 13:25:06.858669,0.30,-0.12,0.93,19.53,-28.38,-37.48,10.90,25.34,-31.03,1
x,2022-11-04 13:25:06.877467,0.31,-0.09,1.02,22.03,-28.56,-25.63,10.90,25.34,-31.03,1
x,2022-11-04 13:25:06.900510,0.37,-0.20,1.04,32.96,-26.61,-15.14,10.69,25.83,-29.87,1
x,2022-11-04 13:25:06.916027,0.35,-0.41,1.11,26.31,-16.78,-8.30,10.69,25.83,-29.87,1
x,2022-11-04 13:25:06.935461,0.36,-0.45,1.12,9.09,-15.50,-9.28,9.91,26.88,-29.71,1
x,2022-11-04 13:25:06.954656,0.27,-0.41,1.05,-6.59,-7.39,-10.13,9.91,26.88,-29.71,1
x,2022-11-04 13:25:06.972454,0.14,-0.20,1.06,-2.69,24.54,8.18,9.91,26.88,-29.71,1
x,2022-11-04 13:25:06.994570,0.33,-0.30,0.99,22.95,66.77,43.76,9.66,27.03,-29.99,1
x,2022-11-04 13:25:07.009863,0.37,-0.37,0.95,15.32,83.50,43.33,9.66,27.03,-29.99,1
x,2022-11-04 13:25:07.027991,0.46,-0.29,0.94,-0.43,78.06,30.82,9.66,27.03,-29.99,1
x,2022-11-04 13:25:07.047677,0.54,-0.26,0.90,-6.16,56.76,22.28,10.72,27.29,-31.90,1
x,2022-11-04 13:25:07.066934,0.51,-0.17,0.76,-10.38,19.53,1.83,10.72,27.29,-31.90,1
x,2022-11-04 13:25:07.090416,0.52,-0.13,0.70,-7.75,1.40,-10.50,10.34,27.44,-31.03,1
x,2022-11-04 13:25:07.105173,0.51,-0.21,0.68,-5.62,-17.70,-20.14,10.34,27.44,-31.03,1
x,2022-11-04 13:25:07.123846,0.39,-0.20,0.66,-11.35,-60.30,-24.66,10.34,27.44,-31.03,1
x,2022-11-04 13:25:07.143521,0.25,-0.26,0.64,-13.06,-84.35,-7.02,9.77,27.33,-31.09,1
x,2022-11-04 13:25:07.161691,0.28,-0.08,1.08,-10.62,32.96,-29.24,9.77,27.33,-31.09,1
x,2022-11-04 13:25:07.183772,0.11,0.27,1.05,-30.15,19.90,12.63,9.77,27.33,-31.09,1
x,2022-11-04 13:25:07.200082,0.26,-0.78,0.64,8.61,-36.19,32.23,10.52,27.28,-30.70,1
x,2022-11-04 13:25:07.219065,0.21,-0.18,0.87,-24.35,-31.37,13.85,10.52,27.28,-30.70,1
x,2022-11-04 13:25:07.238443,0.26,-0.12,0.97,-14.28,-33.94,16.85,11.04,26.06,-31.19,1
x,2022-11-04 13:25:07.260495,0.25,-0.20,0.87,-7.26,-38.51,19.65,11.04,26.06,-31.19,1
x,2022-11-04 13:25:07.275935,0.33,-0.10,1.01,-23.19,-18.19,8.36,11.04,26.06,-31.19,1
x,2022-11-04 13:25:07.295836,0.28,-0.09,1.08,-27.53,-3.42,-0.61,10.93,23.39,-31.51,1
x,2022-11-04 13:25:07.315886,0.29,-0.04,1.12,-34.85,3.54,-4.64,10.93,23.39,-31.51,1
x,2022-11-04 13:25:07.338148,0.15,0.25,1.25,-40.53,6.41,-3.17,10.88,22.47,-30.42,1
x,2022-11-04 13:25:07.353784,-0.17,0.29,1.11,7.14,12.15,32.17,10.88,22.47,-30.42,1
x,2022-11-04 13:25:07.372025,0.07,0.17,1.06,50.84,47.30,49.62,10.88,22.47,-30.42,1
x,2022-11-04 13:25:07.391698,0.21,0.03,1.01,67.87,66.65,39.31,11.57,23.57,-31.60,1
x,2022-11-04 13:25:07.412040,0.37,-0.12,0.96,47.00,62.93,10.38,11.57,23.57,-31.60,1
x,2022-11-04 13:25:07.429942,0.39,-0.14,0.96,31.98,52.55,-6.90,11.57,23.57,-31.60,1
x,2022-11-04 13:25:07.449141,0.42,-0.09,0.92,21.67,39.37,-21.36,11.54,25.78,-29.77,1
x,2022-11-04 13:25:07.468191,0.44,-0.11,0.87,25.33,18.74,-28.38,11.54,25.78,-29.77,1
x,2022-11-04 13:25:07.488442,0.45,-0.16,0.84,26.00,6.04,-30.09,10.63,27.51,-30.42,1
x,2022-11-04 13:25:07.508215,0.42,-0.20,0.79,25.70,-2.56,-34.12,10.63,27.51,-30.42,1
x,2022-11-04 13:25:07.524930,0.38,-0.22,0.79,16.97,2.01,-35.64,10.63,27.51,-30.42,1
