l,2022-10-31 15:33:44.102901,0.26,1.22,-0.63,18.92,-40.22,-57.31,18.81,-24.37,-14.98,1
l,2022-10-31 15:33:44.123537,0.22,1.16,-0.69,-25.82,-22.46,-18.80,18.81,-24.37,-14.98,1
l,2022-10-31 15:33:44.134285,0.16,1.09,-0.41,30.46,5.68,18.37,18.81,-24.37,-14.98,1
l,2022-10-31 15:33:44.154733,0.30,0.79,-0.35,52.67,1.65,42.91,18.51,-24.52,-16.42,1
l,2022-10-31 15:33:44.174687,0.32,0.53,-0.49,56.88,0.49,34.85,18.51,-24.52,-16.42,1
l,2022-10-31 15:33:44.194714,0.31,0.93,-0.52,37.35,20.63,9.09,18.51,-24.52,-16.42,1
l,2022-10-31 15:33:44.216446,0.30,1.07,-0.51,71.84,42.91,11.05,17.68,-24.46,-18.29,1
l,2022-10-31 15:33:44.233763,0.38,0.85,0.07,110.72,35.64,4.88,17.68,-24.46,-18.29,1
l,2022-10-31 15:33:44.253752,0.39,0.95,-0.59,0.18,-51.39,-16.72,17.48,-23.25,-22.47,1
l,2022-10-31 15:33:44.273725,0.42,0.90,-0.34,31.92,-36.62,-33.75,17.48,-23.25,-22.47,1
l,2022-10-31 15:33:44.293658,0.39,0.92,-0.25,21.42,-44.31,-46.45,17.48,-23.25,-22.47,1
l,2022-10-31 15:33:44.314429,0.35,0.92,-0.09,-15.99,-54.93,-58.90,19.76,-21.75,-23.28,1
l,2022-10-31 15:33:44.334429,0.41,0.93,0.02,-26.12,-40.34,-49.56,19.76,-21.75,-23.28,1
l,2022-10-31 15:33:44.354450,0.39,0.91,0.09,-40.16,-5.74,-21.36,21.20,-19.31,-22.02,1
l,2022-10-31 15:33:44.374419,0.32,0.81,0.11,-44.86,9.52,-4.52,21.20,-19.31,-22.02,1
l,2022-10-31 15:33:44.394579,0.43,0.65,0.14,-46.51,19.29,7.20,21.20,-19.31,-22.02,1
l,2022-10-31 15:33:44.424635,0.31,0.59,-0.10,-82.40,7.57,7.69,21.89,-19.84,-22.80,1
l,2022-10-31 15:33:44.440229,0.13,0.83,-0.33,-88.81,20.81,6.96,21.89,-19.84,-22.80,1
l,2022-10-31 15:33:44.460402,0.22,0.76,-0.11,-37.90,62.74,31.74,21.40,-20.31,-19.43,1
l,2022-10-31 15:33:44.480684,0.30,0.66,-0.13,-16.05,72.45,44.37,21.40,-20.31,-19.43,1
l,2022-10-31 15:33:44.501169,0.26,0.74,-0.09,-25.76,72.39,48.95,19.54,-21.24,-17.82,1
l,2022-10-31 15:33:44.521161,0.26,0.78,-0.25,-41.50,56.15,56.46,19.54,-21.24,-17.82,1
l,2022-10-31 15:33:44.541329,0.42,0.78,-0.44,-62.19,2.08,54.63,19.54,-21.24,-17.82,1
l,2022-10-31 15:33:44.561320,0.21,0.97,-0.91,-70.37,-28.75,38.39,17.03,-23.08,-13.10,1
l,2022-10-31 15:33:44.581313,0.34,0.90,-0.91,36.19,2.87,28.26,17.03,-23.08,-13.10,1
l,2022-10-31 15:33:44.601485,0.24,1.00,-0.69,76.29,19.78,12.15,17.03,-23.08,-13.10,1
l,2022-10-31 15:33:44.621485,0.29,1.08,-0.30,106.08,24.23,8.30,16.37,-23.39,-14.33,1
l,2022-10-31 15:33:44.640098,0.37,0.98,-0.22,128.42,1.71,9.16,16.37,-23.39,-14.33,1
l,2022-10-31 15:33:44.657016,0.38,0.85,-0.21,114.01,-8.61,3.66,15.72,-24.06,-20.57,1
l,2022-10-31 15:33:44.677151,0.40,0.88,-0.02,82.95,-2.75,-3.91,15.72,-24.06,-20.57,1
l,2022-10-31 15:33:44.697200,0.36,0.76,-0.00,26.49,-18.37,-14.83,15.72,-24.06,-20.57,1
l,2022-10-31 15:33:44.727099,0.30,0.82,-0.10,-28.32,-24.78,-19.71,15.48,-23.88,-22.39,1
l,2022-10-31 15:33:44.747093,0.21,0.99,-0.28,-80.99,-28.63,-9.70,15.48,-23.88,-22.39,1
l,2022-10-31 15:33:44.767738,0.03,0.96,-0.65,-56.46,-30.58,-8.36,15.88,-24.00,-18.53,1
l,2022-10-31 15:33:44.777744,0.26,0.88,-0.58,48.95,20.02,-48.65,15.88,-24.00,-18.53,1
