S,2022-11-08 19:19:54.889080,0.35,-0.15,0.86,28.50,22.28,-34.61,3.78,26.42,-64.78,1
S,2022-11-08 19:19:54.907150,0.34,-0.29,0.87,28.38,12.76,-27.16,3.78,26.42,-64.78,1
S,2022-11-08 19:19:54.926084,0.35,-0.28,0.87,20.45,6.77,-25.70,3.78,26.65,-65.92,1
S,2022-11-08 19:19:54.944353,0.34,-0.29,0.89,9.77,2.50,-24.72,3.78,26.65,-65.92,1
S,2022-11-08 19:19:54.962212,0.33,-0.26,0.89,-0.37,-3.54,-9.95,3.78,26.65,-65.92,1
S,2022-11-08 19:19:54.981438,0.32,-0.22,0.90,-5.13,-3.11,-2.38,3.86,26.20,-65.65,1
S,2022-11-08 19:19:54.999274,0.33,-0.21,0.91,-16.36,-1.95,-3.48,3.86,26.20,-65.65,1
S,2022-11-08 19:19:55.017455,0.24,-0.11,0.94,-27.47,1.71,-5.74,3.86,26.20,-65.65,1
S,2022-11-08 19:19:55.036236,0.28,-0.04,0.94,-24.84,9.95,-4.15,3.97,25.12,-65.77,1
S,2022-11-08 19:19:55.054227,0.36,-0.04,0.94,-18.74,4.09,-0.73,3.97,25.12,-65.77,1
S,2022-11-08 19:19:55.072347,0.41,-0.05,0.92,-23.01,-7.08,-1.77,3.97,25.12,-65.77,1
S,2022-11-08 19:19:55.091121,0.37,-0.03,0.89,-30.52,-13.00,-6.65,3.60,24.06,-66.26,1
S,2022-11-08 19:19:55.109159,0.36,0.07,0.89,-33.14,-13.18,-6.04,3.60,24.06,-66.26,1
S,2022-11-08 19:19:55.128182,0.33,0.07,0.89,-26.18,-11.90,-1.65,3.22,22.24,-66.24,1
S,2022-11-08 19:19:55.146254,-0.07,-0.08,1.12,25.33,-1.53,-16.85,3.22,22.24,-66.24,1
S,2022-11-08 19:19:55.164215,0.26,0.01,0.93,27.10,-7.87,-9.03,3.22,22.24,-66.24,1
S,2022-11-08 19:19:55.183391,0.28,-0.04,0.92,-2.14,-8.24,-9.40,2.81,22.89,-66.16,1
S,2022-11-08 19:19:55.201212,1.07,0.37,0.37,-21.97,-2.62,-8.61,2.81,22.89,-66.16,1
S,2022-11-08 19:19:55.219300,-0.01,-0.22,0.94,-87.89,59.39,59.33,2.81,22.89,-66.16,1
S,2022-11-08 19:19:55.237902,0.36,0.04,0.87,-39.12,27.95,10.31,3.85,20.73,-67.81,1
S,2022-11-08 19:19:55.256050,0.32,0.19,0.89,-41.56,26.98,16.85,3.85,20.73,-67.81,1
S,2022-11-08 19:19:55.274181,0.30,-0.02,0.93,-27.53,24.17,22.64,3.85,20.73,-67.81,1
S,2022-11-08 19:19:55.293005,0.29,0.18,0.97,-39.43,15.75,21.36,4.66,18.82,-68.68,1
S,2022-11-08 19:19:55.310924,0.30,0.12,0.95,-18.74,5.31,26.06,4.66,18.82,-68.68,1
S,2022-11-08 19:19:55.330135,0.32,0.08,0.88,-23.50,1.59,20.14,5.92,18.07,-68.57,1
S,2022-11-08 19:19:55.348293,0.25,0.18,0.87,-40.89,-1.77,14.95,5.92,18.07,-68.57,1
S,2022-11-08 19:19:55.366116,0.28,0.23,0.89,-39.31,-6.84,13.67,5.92,18.07,-68.57,1
S,2022-11-08 19:19:55.384993,0.25,0.29,0.86,-33.33,-11.47,12.33,5.15,16.46,-69.01,1
S,2022-11-08 19:19:55.403009,0.23,0.32,0.88,-20.20,-16.72,8.91,5.15,16.46,-69.01,1
S,2022-11-08 19:19:55.421093,0.23,0.32,0.83,-4.52,-24.72,4.70,5.15,16.46,-69.01,1
S,2022-11-08 19:19:55.440085,0.26,0.34,0.86,-10.62,-25.27,0.37,3.36,16.20,-69.45,1
S,2022-11-08 19:19:55.458052,0.22,0.37,0.90,-0.92,-23.01,-2.50,3.36,16.20,-69.45,1
S,2022-11-08 19:19:55.475901,0.25,0.39,0.96,8.48,-26.06,-5.55,3.36,16.20,-69.45,1
S,2022-11-08 19:19:55.495091,0.26,0.33,0.95,22.83,-27.89,-8.18,0.99,16.44,-68.63,1
S,2022-11-08 19:19:55.513096,0.28,0.30,0.95,31.92,-25.02,-14.53,0.99,16.44,-68.63,1
S,2022-11-08 19:19:55.532098,0.26,0.27,0.94,41.20,-19.41,-18.55,-0.68,17.80,-66.76,1
S,2022-11-08 19:19:55.550239,0.23,0.19,0.96,43.21,-15.26,-20.57,-0.68,17.80,-66.76,1
S,2022-11-08 19:19:55.568114,0.25,0.08,0.93,39.98,-14.53,-28.75,-0.68,17.80,-66.76,1
S,2022-11-08 19:19:55.587222,0.24,0.10,0.93,27.22,-15.20,-28.93,-2.00,18.91,-67.90,1
S,2022-11-08 19:19:55.605185,0.22,0.02,0.95,27.77,-17.27,-16.48,-2.00,18.91,-67.90,1
S,2022-11-08 19:19:55.623354,0.22,-0.08,0.93,20.14,-24.23,-16.48,-2.00,18.91,-67.90,1
S,2022-11-08 19:19:55.642401,0.22,-0.13,0.87,3.60,-23.19,-16.11,-3.74,19.53,-68.59,1
S,2022-11-08 19:19:55.660323,0.21,-0.07,0.91,-16.05,-20.45,-14.22,-3.74,19.53,-68.59,1
S,2022-11-08 19:19:55.678329,0.20,-0.01,0.94,-26.49,-21.61,-8.97,-3.74,19.53,-68.59,1
S,2022-11-08 19:19:55.697145,0.20,0.06,0.96,-27.34,-21.55,-0.06,-5.15,18.77,-67.15,1
S,2022-11-08 19:19:55.715151,0.21,0.12,0.89,-15.14,-17.27,35.10,-5.15,18.77,-67.15,1
S,2022-11-08 19:19:55.734028,0.19,0.01,0.90,-19.35,-7.57,42.85,-6.57,18.46,-67.41,1
S,2022-11-08 19:19:55.752036,0.21,0.13,0.92,-25.57,5.86,37.72,-6.57,18.46,-67.41,1
S,2022-11-08 19:19:55.770029,0.23,0.22,0.95,-26.92,24.23,37.05,-6.57,18.46,-67.41,1
S,2022-11-08 19:19:55.789140,0.24,0.19,1.02,-31.43,40.77,38.21,-5.76,18.15,-67.88,1
S,2022-11-08 19:19:55.807160,0.18,0.12,1.01,-45.47,38.33,27.95,-5.76,18.15,-67.88,1
S,2022-11-08 19:19:55.825131,0.20,0.44,0.99,-38.15,28.56,5.25,-5.76,18.15,-67.88,1
S,2022-11-08 19:19:55.844083,0.15,0.54,0.91,-22.71,30.21,10.68,-3.81,16.39,-68.54,1
S,2022-11-08 19:19:55.862003,0.11,0.50,1.00,1.04,18.49,10.86,-3.81,16.39,-68.54,1
S,2022-11-08 19:19:55.880032,0.13,0.69,0.96,22.95,-2.26,8.48,-3.81,16.39,-68.54,1
