p,2022-10-14 17:20:17.483734,0.33,-0.03,0.85,-36.07,-11.35,9.89,-39.93,63.49,25.81,1
p,2022-10-14 17:20:17.501581,0.26,0.06,0.81,-28.02,-21.06,4.52,-39.93,63.49,25.81,1
p,2022-10-14 17:20:17.519186,0.34,0.22,0.94,22.40,5.13,-2.81,-39.93,63.49,25.81,1
p,2022-10-14 17:20:17.538219,0.35,-0.15,0.85,6.41,10.07,7.08,-39.26,63.57,26.00,1
p,2022-10-14 17:20:17.556580,0.38,0.15,0.94,16.66,-27.34,-0.12,-39.26,63.57,26.00,1
p,2022-10-14 17:20:17.574221,0.26,0.02,0.85,49.01,-42.05,0.73,-39.26,63.57,26.00,1
p,2022-10-14 17:20:17.593577,0.23,-0.04,0.78,59.14,-52.37,-2.01,-38.94,62.95,26.97,1
p,2022-10-14 17:20:17.611681,0.21,-0.10,0.77,60.36,-60.42,-3.97,-38.94,62.95,26.97,1
p,2022-10-14 17:20:17.630467,0.25,-0.08,0.78,58.35,-63.90,-7.02,-37.43,62.10,29.74,1
p,2022-10-14 17:20:17.648614,0.38,-0.13,0.67,42.11,-55.36,-9.34,-37.43,62.10,29.74,1
p,2022-10-14 17:20:17.666494,0.34,0.01,0.92,35.28,-58.23,-10.13,-37.43,62.10,29.74,1
p,2022-10-14 17:20:17.685414,0.33,-0.17,0.95,68.60,-56.27,1.89,-34.81,61.04,30.44,1
p,2022-10-14 17:20:17.703336,0.37,-0.19,0.97,58.90,-44.80,4.33,-34.81,61.04,30.44,1
p,2022-10-14 17:20:17.721207,0.40,-0.17,1.00,14.28,-26.00,5.92,-34.81,61.04,30.44,1
p,2022-10-14 17:20:17.740491,0.42,-0.17,1.20,-38.09,3.97,3.91,-33.12,60.67,30.80,1
p,2022-10-14 17:20:17.758423,0.26,0.10,1.08,-56.46,15.75,0.98,-33.12,60.67,30.80,1
p,2022-10-14 17:20:17.777111,0.30,0.05,1.24,-47.24,63.60,22.64,-33.12,60.67,30.80,1
p,2022-10-14 17:20:17.795525,0.45,-0.04,1.11,-19.59,76.11,28.38,-33.23,61.62,30.00,1
p,2022-10-14 17:20:17.813259,0.48,-0.23,1.08,-23.99,80.57,17.27,-33.23,61.62,30.00,1
p,2022-10-14 17:20:17.832683,0.44,-0.16,1.02,-45.65,69.09,2.93,-35.95,62.02,27.91,1
p,2022-10-14 17:20:17.850737,0.44,-0.07,0.93,-41.93,48.52,-2.32,-35.95,62.02,27.91,1
p,2022-10-14 17:20:17.867684,0.47,-0.08,0.87,-48.95,25.94,0.43,-35.95,62.02,27.91,1
p,2022-10-14 17:20:17.887058,0.45,0.00,0.81,-54.26,3.11,4.39,-37.82,62.89,26.04,1
p,2022-10-14 17:20:17.905592,0.31,0.02,0.79,-56.03,-12.33,5.31,-37.82,62.89,26.04,1
p,2022-10-14 17:20:17.923456,0.22,0.12,0.76,-45.47,-6.77,-1.95,-37.82,62.89,26.04,1
p,2022-10-14 17:20:17.942462,0.26,0.18,0.79,-36.74,4.58,-11.23,-39.97,63.57,24.48,1
p,2022-10-14 17:20:17.960455,0.29,0.24,0.86,-23.19,7.81,-17.94,-39.97,63.57,24.48,1
p,2022-10-14 17:20:17.979818,0.28,0.28,0.87,-3.30,0.06,-21.42,-39.97,63.57,24.48,1
p,2022-10-14 17:20:17.997246,0.26,0.23,0.98,42.72,2.32,-6.84,-41.91,63.95,24.95,1
p,2022-10-14 17:20:18.015562,0.19,-0.05,0.86,38.21,2.69,-31.98,-41.91,63.95,24.95,1
p,2022-10-14 17:20:18.034405,0.24,0.06,0.88,32.90,-10.44,-39.98,-42.80,64.15,24.68,1
p,2022-10-14 17:20:18.051961,0.26,-0.04,0.83,44.80,-23.99,-26.49,-42.80,64.15,24.68,1
p,2022-10-14 17:20:18.070311,0.28,-0.14,0.78,49.44,-28.69,-23.50,-42.80,64.15,24.68,1
p,2022-10-14 17:20:18.089397,0.27,-0.20,0.77,36.74,-26.86,-22.22,-42.91,63.56,26.56,1
p,2022-10-14 17:20:18.107643,0.26,-0.17,0.83,22.09,-27.83,-19.41,-42.91,63.56,26.56,1
p,2022-10-14 17:20:18.125726,0.26,-0.23,0.89,22.28,-28.93,-9.46,-42.91,63.56,26.56,1
p,2022-10-14 17:20:18.144492,0.27,-0.24,0.91,23.38,-35.10,-0.43,-42.25,62.30,28.03,1
p,2022-10-14 17:20:18.162479,0.31,-0.26,0.86,23.50,-39.92,11.78,-42.25,62.30,28.03,1
p,2022-10-14 17:20:18.180615,0.38,-0.36,0.84,0.85,-23.74,16.48,-42.25,62.30,28.03,1
p,2022-10-14 17:20:18.199479,0.35,-0.06,1.01,-19.78,-8.54,14.47,-39.69,61.99,28.83,1
p,2022-10-14 17:20:18.217523,0.35,-0.03,1.04,-10.74,-7.81,34.79,-39.69,61.99,28.83,1
p,2022-10-14 17:20:18.236417,0.39,-0.04,1.01,-5.07,-5.86,53.41,-37.49,62.28,28.72,1
p,2022-10-14 17:20:18.254544,0.36,-0.22,1.03,-10.19,0.92,34.91,-37.49,62.28,28.72,1
p,2022-10-14 17:20:18.272917,0.32,0.09,1.15,-31.25,9.52,1.65,-37.49,62.28,28.72,1
p,2022-10-14 17:20:18.292470,0.28,0.47,1.20,-29.17,-0.06,-20.45,-36.23,61.74,28.36,1
p,2022-10-14 17:20:18.310433,0.27,0.49,1.06,7.39,-15.01,1.28,-36.23,61.74,28.36,1
p,2022-10-14 17:20:18.329540,0.25,0.25,0.91,43.46,-20.20,30.21,-36.23,61.74,28.36,1
p,2022-10-14 17:20:18.347095,0.23,-0.12,0.76,35.95,14.83,28.99,-36.85,63.34,29.63,1
p,2022-10-14 17:20:18.365201,0.08,0.04,0.95,28.50,30.58,-4.58,-36.85,63.34,29.63,1
p,2022-10-14 17:20:18.384352,0.21,-0.03,1.00,34.00,39.98,-14.65,-36.89,62.68,28.08,1
p,2022-10-14 17:20:18.402278,0.32,-0.03,0.98,32.53,37.54,-24.90,-36.89,62.68,28.08,1
p,2022-10-14 17:20:18.419796,0.38,0.09,0.94,27.40,31.43,-30.33,-36.89,62.68,28.08,1
p,2022-10-14 17:20:18.439448,0.46,-0.02,0.87,26.25,25.45,-32.78,-37.74,61.93,26.51,1
p,2022-10-14 17:20:18.457351,0.50,-0.10,0.84,21.73,20.69,-33.69,-37.74,61.93,26.51,1
p,2022-10-14 17:20:18.475557,0.49,-0.17,0.86,8.54,13.67,-37.35,-37.74,61.93,26.51,1
p,2022-10-14 17:20:18.493747,0.45,-0.13,0.88,-0.79,4.82,-38.09,-40.11,61.07,27.71,1
p,2022-10-14 17:20:18.512818,0.42,-0.14,0.87,-0.06,-2.44,-26.61,-40.11,61.07,27.71,1
