p,2022-10-14 17:21:16.536281,-0.01,1.08,0.12,21.97,-88.20,-138.79,-10.67,28.27,47.75,1
p,2022-10-14 17:21:16.554981,0.14,1.01,0.24,46.33,-71.11,-128.23,-10.67,28.27,47.75,1
p,2022-10-14 17:21:16.572979,0.18,1.05,-0.04,2.99,-73.85,-126.71,-10.67,28.27,47.75,1
p,2022-10-14 17:21:16.592103,0.14,1.12,-0.10,-23.74,-67.99,-113.65,-6.85,28.47,50.11,1
p,2022-10-14 17:21:16.610907,0.09,1.19,-0.12,-22.71,-53.96,-91.98,-6.85,28.47,50.11,1
p,2022-10-14 17:21:16.628709,0.07,1.24,-0.12,10.50,-29.60,-51.82,-6.85,28.47,50.11,1
p,2022-10-14 17:21:16.647978,0.09,1.12,-0.09,70.43,-9.46,-16.72,-5.64,27.80,52.31,1
p,2022-10-14 17:21:16.665548,0.12,1.00,-0.03,104.31,4.64,3.91,-5.64,27.80,52.31,1
p,2022-10-14 17:21:16.683476,0.15,0.85,0.03,109.07,12.27,13.92,-5.64,27.80,52.31,1
p,2022-10-14 17:21:16.702580,0.19,0.79,0.09,89.78,11.84,18.07,-8.24,23.47,50.51,1
p,2022-10-14 17:21:16.720911,0.16,0.75,0.14,54.38,3.85,22.22,-8.24,23.47,50.51,1
p,2022-10-14 17:21:16.739784,0.18,0.80,0.20,34.30,-0.85,24.48,-11.23,20.61,49.49,1
p,2022-10-14 17:21:16.757630,0.20,0.87,0.23,28.02,-4.64,28.02,-11.23,20.61,49.49,1
p,2022-10-14 17:21:16.775725,0.19,0.89,0.20,23.32,-4.58,26.43,-11.23,20.61,49.49,1
p,2022-10-14 17:21:16.794427,0.21,0.95,0.25,10.01,-1.71,17.82,-14.25,18.88,48.14,1
p,2022-10-14 17:21:16.812909,0.15,0.99,0.32,-8.24,-0.85,13.06,-14.25,18.88,48.14,1
p,2022-10-14 17:21:16.831457,0.20,0.98,0.32,-0.67,-3.60,18.13,-14.25,18.88,48.14,1
p,2022-10-14 17:21:16.849827,0.26,0.97,0.34,8.12,-9.28,24.05,-16.10,18.02,46.45,1
p,2022-10-14 17:21:16.867479,0.26,0.92,0.29,18.43,-17.27,27.89,-16.10,18.02,46.45,1
p,2022-10-14 17:21:16.885836,0.25,0.89,0.27,24.23,-19.78,23.80,-16.10,18.02,46.45,1
p,2022-10-14 17:21:16.904918,0.22,0.84,0.22,29.54,-8.48,7.69,-18.40,17.25,45.02,1
p,2022-10-14 17:21:16.923158,0.20,0.79,0.27,20.45,1.83,-2.14,-18.40,17.25,45.02,1
p,2022-10-14 17:21:16.942648,0.20,0.82,0.35,1.53,7.26,-6.59,-19.68,15.92,44.89,1
p,2022-10-14 17:21:16.960672,0.22,0.89,0.38,-14.47,3.78,-5.37,-19.68,15.92,44.89,1
p,2022-10-14 17:21:16.978974,0.24,0.94,0.38,-13.00,-6.71,6.41,-19.68,15.92,44.89,1
p,2022-10-14 17:21:16.997910,0.19,0.92,0.36,1.53,-9.64,12.57,-20.61,15.70,45.07,1
p,2022-10-14 17:21:17.015686,0.20,0.84,0.33,10.07,-9.03,13.92,-20.61,15.70,45.07,1
p,2022-10-14 17:21:17.033908,0.18,0.77,0.31,10.07,-3.97,2.69,-20.61,15.70,45.07,1
p,2022-10-14 17:21:17.052803,0.19,0.77,0.33,-3.85,0.24,-15.81,-21.90,15.26,46.34,1
p,2022-10-14 17:21:17.070908,0.23,0.81,0.34,-19.78,-2.01,-37.41,-21.90,15.26,46.34,1
p,2022-10-14 17:21:17.089996,0.23,0.85,0.32,-28.93,-6.59,-43.46,-21.37,15.11,48.06,1
p,2022-10-14 17:21:17.106932,0.25,1.00,0.33,-40.89,-15.75,-41.99,-21.37,15.11,48.06,1
p,2022-10-14 17:21:17.125808,0.26,0.87,0.34,-14.59,-24.78,-39.49,-21.37,15.11,48.06,1
p,2022-10-14 17:21:17.144908,0.27,0.74,0.33,7.69,-33.14,-52.61,-19.20,13.81,48.00,1
p,2022-10-14 17:21:17.162728,0.23,0.57,0.30,6.90,-37.84,-88.99,-19.20,13.81,48.00,1
p,2022-10-14 17:21:17.180996,0.31,0.65,0.31,-25.15,-36.62,-117.80,-19.20,13.81,48.00,1
p,2022-10-14 17:21:17.199695,0.40,0.80,0.32,-71.17,-39.12,-141.11,-15.25,13.22,50.48,1
p,2022-10-14 17:21:17.217742,0.48,0.98,0.25,-113.95,-49.07,-151.06,-15.25,13.22,50.48,1
p,2022-10-14 17:21:17.236044,0.49,1.16,0.24,-123.23,-54.87,-131.47,-15.25,13.22,50.48,1
p,2022-10-14 17:21:17.254655,0.48,1.02,0.24,-45.72,-53.83,-115.11,-8.92,16.05,56.79,1
p,2022-10-14 17:21:17.272979,0.64,0.90,0.12,-16.85,-54.93,-102.48,-8.92,16.05,56.79,1
p,2022-10-14 17:21:17.291674,0.70,0.76,0.07,-5.98,-51.21,-101.38,-4.37,17.36,59.22,1
p,2022-10-14 17:21:17.309991,0.76,0.96,0.02,-38.21,-45.53,-103.39,-4.37,17.36,59.22,1
p,2022-10-14 17:21:17.328069,0.74,1.05,0.10,-45.65,-28.20,-90.45,-4.37,17.36,59.22,1
p,2022-10-14 17:21:17.347652,0.65,1.09,0.19,-29.42,-17.40,-77.64,0.74,20.21,61.95,1
p,2022-10-14 17:21:17.365973,0.52,1.06,0.13,-4.76,-10.07,-54.57,0.74,20.21,61.95,1
p,2022-10-14 17:21:17.383048,0.44,1.01,0.14,21.00,-1.04,-28.69,0.74,20.21,61.95,1
p,2022-10-14 17:21:17.402660,0.47,0.92,0.14,28.81,2.93,-6.04,1.98,19.85,63.23,1
p,2022-10-14 17:21:17.420993,0.48,0.78,0.11,33.14,8.36,16.30,1.98,19.85,63.23,1
p,2022-10-14 17:21:17.439744,0.49,0.73,0.15,40.10,14.77,25.45,0.29,17.18,61.91,1
p,2022-10-14 17:21:17.457367,0.47,0.66,0.19,43.70,18.68,30.21,0.29,17.18,61.91,1
p,2022-10-14 17:21:17.475716,0.41,0.62,0.19,30.94,18.98,29.48,0.29,17.18,61.91,1
p,2022-10-14 17:21:17.494695,0.50,0.64,0.28,14.34,18.92,19.10,-2.45,14.47,61.44,1
p,2022-10-14 17:21:17.512667,0.50,0.78,0.19,1.34,7.32,18.37,-2.45,14.47,61.44,1
p,2022-10-14 17:21:17.530508,0.46,0.76,0.16,2.81,6.96,19.17,-2.45,14.47,61.44,1
p,2022-10-14 17:21:17.549441,0.51,0.76,0.16,-5.13,7.02,19.35,-4.38,13.44,62.55,1
p,2022-10-14 17:21:17.567835,0.56,0.75,0.11,-19.71,6.35,17.82,-4.38,13.44,62.55,1
p,2022-10-14 17:21:17.584884,0.58,0.73,0.07,-11.47,8.73,11.11,-4.38,13.44,62.55,1
p,2022-10-14 17:21:17.605206,0.59,0.75,0.07,-15.69,8.48,6.47,-6.13,12.57,64.16,1
p,2022-10-14 17:21:17.622456,0.56,0.74,0.07,-16.36,9.46,5.31,-6.13,12.57,64.16,1
p,2022-10-14 17:21:17.641697,0.60,0.75,0.10,-15.50,11.96,6.23,-7.43,13.62,62.62,1
p,2022-10-14 17:21:17.659728,0.68,0.77,0.12,-20.20,11.41,10.74,-7.43,13.62,62.62,1
p,2022-10-14 17:21:17.677850,0.76,0.83,0.15,-22.09,5.68,16.85,-7.43,13.62,62.62,1
p,2022-10-14 17:21:17.696907,0.73,0.84,0.20,-15.63,-0.98,26.31,-8.40,13.78,62.62,1
p,2022-10-14 17:21:17.714750,0.66,0.84,0.23,-10.74,-7.93,33.45,-8.40,13.78,62.62,1
p,2022-10-14 17:21:17.733013,0.57,0.84,0.26,-13.92,-13.12,35.16,-8.40,13.78,62.62,1
p,2022-10-14 17:21:17.751977,0.53,0.85,0.25,-21.55,-16.30,34.48,-8.87,15.32,63.32,1
p,2022-10-14 17:21:17.770874,0.54,0.83,0.26,-22.95,-16.05,34.00,-8.87,15.32,63.32,1
p,2022-10-14 17:21:17.787909,0.49,0.82,0.22,-19.23,-15.99,33.87,-8.87,15.32,63.32,1
p,2022-10-14 17:21:17.806623,0.43,0.78,0.15,-17.09,-20.32,33.02,-9.39,16.04,62.90,1
p,2022-10-14 17:21:17.824761,0.43,0.78,0.08,-28.44,-29.85,29.60,-9.39,16.04,62.90,1
p,2022-10-14 17:21:17.843511,0.53,0.82,0.05,-37.84,-36.01,30.52,-9.12,16.71,64.49,1
p,2022-10-14 17:21:17.861475,0.50,0.87,0.13,-16.24,-27.65,38.70,-9.12,16.71,64.49,1
p,2022-10-14 17:21:17.880011,0.38,0.86,0.21,-5.37,-20.14,45.90,-9.12,16.71,64.49,1
p,2022-10-14 17:21:17.898198,0.30,0.82,0.25,-6.47,-16.42,48.46,-8.40,18.64,65.97,1
p,2022-10-14 17:21:17.916833,0.28,0.79,0.23,-15.38,-17.88,44.07,-8.40,18.64,65.97,1
p,2022-10-14 17:21:17.935006,0.30,0.79,0.19,-25.15,-20.39,18.98,-8.40,18.64,65.97,1
p,2022-10-14 17:21:17.953201,0.31,0.84,0.16,-35.22,-24.41,15.44,-7.23,19.65,67.08,1
p,2022-10-14 17:21:17.971979,0.24,0.89,0.09,-31.25,-23.01,10.25,-7.23,19.65,67.08,1
p,2022-10-14 17:21:17.991063,0.26,0.90,0.07,-27.65,-19.17,10.13,-6.62,22.16,69.82,1
p,2022-10-14 17:21:18.009910,0.28,0.90,0.03,-22.71,-16.48,6.96,-6.62,22.16,69.82,1
p,2022-10-14 17:21:18.027978,0.31,0.95,0.02,-22.16,-16.97,-0.73,-6.62,22.16,69.82,1
p,2022-10-14 17:21:18.046084,0.36,1.05,0.01,-20.45,-18.98,-5.68,-5.86,22.69,70.75,1
p,2022-10-14 17:21:18.065442,0.32,1.05,0.02,-17.40,-20.51,-5.25,-5.86,22.69,70.75,1
p,2022-10-14 17:21:18.083173,0.28,1.09,0.00,-24.35,-21.73,-0.79,-5.86,22.69,70.75,1
p,2022-10-14 17:21:18.101562,0.26,1.05,0.00,-20.32,-18.13,9.77,-5.16,24.29,71.12,1
p,2022-10-14 17:21:18.119680,0.24,0.94,0.02,-11.35,-8.73,18.49,-5.16,24.29,71.12,1
p,2022-10-14 17:21:18.137715,0.27,0.92,0.03,-4.82,-2.56,13.18,-5.16,24.29,71.12,1
p,2022-10-14 17:21:18.156498,0.32,0.90,0.05,3.54,4.39,2.56,-6.03,24.35,71.79,1
p,2022-10-14 17:21:18.174910,0.32,0.88,0.07,10.13,11.41,-7.87,-6.03,24.35,71.79,1
p,2022-10-14 17:21:18.193507,0.32,0.89,0.04,13.43,17.64,-16.11,-7.97,22.77,71.01,1
p,2022-10-14 17:21:18.211804,0.37,0.89,0.03,8.85,24.60,-15.26,-7.97,22.77,71.01,1
p,2022-10-14 17:21:18.229711,0.38,0.91,0.06,11.11,25.02,-11.47,-7.97,22.77,71.01,1
p,2022-10-14 17:21:18.248260,0.42,0.94,0.10,14.83,22.58,-12.39,-10.35,22.03,70.37,1
p,2022-10-14 17:21:18.266816,0.44,0.94,0.14,17.15,18.37,-15.87,-10.35,22.03,70.37,1
p,2022-10-14 17:21:18.284695,0.43,0.92,0.11,13.12,10.80,-19.59,-10.35,22.03,70.37,1
p,2022-10-14 17:21:18.303541,0.42,0.98,0.10,0.31,4.33,-18.62,-10.51,20.85,70.81,1
p,2022-10-14 17:21:18.321707,0.43,1.00,0.10,-3.91,0.18,-11.23,-10.51,20.85,70.81,1
p,2022-10-14 17:21:18.340721,0.44,0.97,0.07,-3.91,-2.20,-4.21,-11.52,20.01,71.13,1
p,2022-10-14 17:21:18.358909,0.44,0.94,0.04,1.40,-1.89,-1.53,-11.52,20.01,71.13,1
p,2022-10-14 17:21:18.376088,0.45,0.92,0.03,5.07,2.62,0.00,-11.52,20.01,71.13,1
p,2022-10-14 17:21:18.395739,0.47,0.89,0.04,7.63,6.23,-1.34,-12.70,19.34,70.36,1
p,2022-10-14 17:21:18.413483,0.49,0.83,0.06,9.95,7.08,-4.27,-12.70,19.34,70.36,1
p,2022-10-14 17:21:18.431602,0.48,0.86,0.05,8.06,5.68,-7.93,-12.70,19.34,70.36,1
p,2022-10-14 17:21:18.450832,0.47,0.85,0.06,10.74,2.50,-8.18,-13.68,18.74,70.74,1
p,2022-10-14 17:21:18.468923,0.52,0.90,0.08,7.14,-4.21,-7.45,-13.68,18.74,70.74,1
p,2022-10-14 17:21:18.486911,0.47,0.89,0.07,2.62,-7.57,-6.04,-13.68,18.74,70.74,1
p,2022-10-14 17:21:18.505748,0.47,0.88,0.05,-0.24,-12.33,-3.78,-13.11,18.43,72.66,1
p,2022-10-14 17:21:18.523972,0.46,0.88,0.05,-1.53,-14.77,-0.67,-13.11,18.43,72.66,1
p,2022-10-14 17:21:18.542978,0.44,0.87,0.06,-1.46,-15.99,-0.43,-12.21,18.69,73.08,1
p,2022-10-14 17:21:18.560506,0.42,0.90,0.08,-2.26,-14.65,-2.14,-12.21,18.69,73.08,1
p,2022-10-14 17:21:18.578799,0.44,0.90,0.10,1.04,-13.06,-1.77,-12.21,18.69,73.08,1
p,2022-10-14 17:21:18.597923,0.44,0.88,0.12,3.42,-12.70,-2.69,-10.89,19.21,72.18,1
p,2022-10-14 17:21:18.615837,0.41,0.87,0.11,0.98,-13.79,-2.81,-10.89,19.21,72.18,1
p,2022-10-14 17:21:18.633909,0.42,0.87,0.10,-1.22,-14.89,-1.83,-10.89,19.21,72.18,1
p,2022-10-14 17:21:18.652722,0.45,0.86,0.12,1.71,-17.52,-0.43,-8.89,20.09,73.62,1
p,2022-10-14 17:21:18.670736,0.43,0.87,0.13,-0.55,-20.81,-0.31,-8.89,20.09,73.62,1
p,2022-10-14 17:21:18.688725,0.42,0.90,0.13,-1.40,-24.41,-0.12,-8.89,20.09,73.62,1
p,2022-10-14 17:21:18.707976,0.40,0.89,0.10,-3.42,-26.86,1.34,-7.36,20.57,73.45,1
p,2022-10-14 17:21:18.725981,0.38,0.86,0.09,-2.87,-26.79,2.20,-7.36,20.57,73.45,1
p,2022-10-14 17:21:18.744910,0.37,0.85,0.08,-5.55,-23.38,0.00,-5.46,21.15,74.56,1
p,2022-10-14 17:21:18.762545,0.37,0.90,0.06,-5.92,-18.68,-3.42,-5.46,21.15,74.56,1
