d,2022-10-02 17:58:33.853252,0.41,-0.32,0.75,-11.11,2.56,2.50,-50.98,128.81,-51.04,1
d,2022-10-02 17:58:33.882219,0.48,-0.33,0.75,-13.24,0.55,0.98,-49.37,126.98,-54.59,1
d,2022-10-02 17:58:33.900624,0.51,-0.40,0.73,-12.45,-1.53,10.50,-49.37,126.98,-54.59,1
d,2022-10-02 17:58:33.916246,0.50,-0.36,0.76,-13.31,-2.14,14.59,-47.24,126.90,-56.92,1
d,2022-10-02 17:58:33.936484,0.52,-0.36,0.78,-14.10,-1.34,7.08,-47.24,126.90,-56.92,1
d,2022-10-02 17:58:33.964106,0.55,-0.40,0.73,-18.55,-2.08,13.12,-47.24,126.90,-56.92,1
d,2022-10-02 17:58:33.979974,0.46,-0.31,0.74,-15.81,-5.49,12.27,-46.96,125.82,-57.90,1
d,2022-10-02 17:58:33.996571,0.43,-0.30,0.74,-12.51,-9.52,15.14,-46.96,125.82,-57.90,1
d,2022-10-02 17:58:34.028655,0.45,-0.23,0.74,-15.08,-9.46,9.77,-45.00,124.40,-58.72,1
d,2022-10-02 17:58:34.048868,0.41,-0.24,0.71,-12.51,-6.90,8.48,-45.00,124.40,-58.72,1
d,2022-10-02 17:58:34.060718,0.43,-0.16,0.75,-7.45,-10.56,10.13,-44.86,122.71,-56.40,1
d,2022-10-02 17:58:34.076919,0.43,-0.16,0.79,5.74,-12.45,13.79,-44.86,122.71,-56.40,1
d,2022-10-02 17:58:34.109146,0.43,-0.16,0.80,13.79,-15.56,15.69,-44.86,122.71,-56.40,1
d,2022-10-02 17:58:34.133973,0.44,-0.21,0.79,24.17,-21.48,16.36,-43.84,124.71,-50.99,1
d,2022-10-02 17:58:34.141146,0.41,-0.24,0.77,20.45,-28.20,14.95,-43.84,124.71,-50.99,1
d,2022-10-02 17:58:34.173821,0.45,-0.26,0.76,14.83,-33.63,10.62,-44.70,124.90,-44.20,1
d,2022-10-02 17:58:34.190154,0.48,-0.25,0.84,18.31,-33.45,10.56,-44.70,124.90,-44.20,1
d,2022-10-02 17:58:34.206159,0.46,-0.19,0.88,10.74,-22.40,11.35,-46.11,126.38,-37.24,1
d,2022-10-02 17:58:34.238168,0.52,-0.16,1.04,8.12,-22.40,-5.62,-46.11,126.38,-37.24,1
d,2022-10-02 17:58:34.254001,0.48,-0.09,1.03,-0.37,-8.06,-13.06,-46.11,126.38,-37.24,1
d,2022-10-02 17:58:34.270978,0.49,-0.09,1.07,5.00,4.82,-30.70,-47.68,125.46,-36.01,1
d,2022-10-02 17:58:34.302659,0.55,-0.39,0.89,16.17,7.63,-14.22,-47.68,125.46,-36.01,1
d,2022-10-02 17:58:34.318871,0.53,-0.42,0.86,17.46,12.33,-8.79,-50.61,127.49,-37.08,1
d,2022-10-02 17:58:34.337655,0.56,-0.41,0.95,6.53,14.95,-9.09,-50.61,127.49,-37.08,1
d,2022-10-02 17:58:34.351362,0.53,-0.43,0.80,-15.50,27.47,-20.51,-50.61,127.49,-37.08,1
d,2022-10-02 17:58:34.383095,0.50,-0.45,0.84,-19.59,32.53,-13.18,-51.81,129.02,-43.24,1
d,2022-10-02 17:58:34.408226,0.45,-0.45,0.73,-22.83,28.44,-2.81,-51.81,129.02,-43.24,1
d,2022-10-02 17:58:34.424813,0.40,-0.40,0.74,-16.72,24.29,8.18,-50.76,128.94,-49.28,1
d,2022-10-02 17:58:34.441722,0.72,-0.29,0.92,-26.06,26.18,8.06,-50.76,128.94,-49.28,1
d,2022-10-02 17:58:34.458376,0.35,-0.30,0.78,-18.49,13.85,3.72,-49.15,128.86,-57.95,1
d,2022-10-02 17:58:34.475957,0.55,-0.31,0.77,-18.25,8.18,2.93,-49.15,128.86,-57.95,1
d,2022-10-02 17:58:34.492390,0.56,-0.31,0.83,-25.82,9.58,3.05,-49.15,128.86,-57.95,1
d,2022-10-02 17:58:34.524424,0.48,-0.17,0.79,-38.64,13.18,4.46,-47.25,126.39,-64.83,1
d,2022-10-02 17:58:34.540621,0.47,-0.16,0.81,-15.14,15.08,0.67,-47.25,126.39,-64.83,1
d,2022-10-02 17:58:34.566092,0.47,-0.24,0.76,-20.20,16.36,-2.14,-46.50,125.78,-71.67,1
d,2022-10-02 17:58:34.588719,0.43,-0.23,0.75,-4.70,2.50,-1.16,-46.50,125.78,-71.67,1
d,2022-10-02 17:58:34.605218,0.47,-0.26,0.72,-19.53,1.28,-5.19,-46.50,125.78,-71.67,1
d,2022-10-02 17:58:34.621823,0.45,-0.20,0.73,-14.47,-5.62,-3.36,-45.95,125.24,-76.68,1
d,2022-10-02 17:58:34.654619,0.38,-0.13,0.71,-13.79,-8.30,-3.23,-45.95,125.24,-76.68,1
d,2022-10-02 17:58:34.670599,0.50,-0.18,0.76,-12.45,-10.13,-0.98,-46.88,123.18,-77.73,1
d,2022-10-02 17:58:34.686502,0.25,-0.15,0.57,-15.69,-5.31,5.74,-46.88,123.18,-77.73,1
d,2022-10-02 17:58:34.719163,0.30,-0.17,0.65,17.27,-17.82,11.54,-47.90,124.28,-74.85,1
d,2022-10-02 17:58:34.738230,0.46,-0.19,0.77,31.13,-27.47,4.58,-47.90,124.28,-74.85,1
d,2022-10-02 17:58:34.751465,0.42,-0.18,0.70,33.02,-25.76,6.59,-47.90,124.28,-74.85,1
d,2022-10-02 17:58:34.772224,0.42,-0.16,0.78,39.61,-29.54,11.29,-50.09,127.66,-64.56,1
d,2022-10-02 17:58:34.788260,0.37,-0.17,0.78,52.55,-39.12,12.08,-50.09,127.66,-64.56,1
d,2022-10-02 17:58:34.820715,0.55,-0.21,0.94,55.24,-32.96,11.05,-51.38,132.29,-53.80,1
d,2022-10-02 17:58:34.838376,0.56,-0.18,0.88,65.92,-27.89,13.00,-51.38,132.29,-53.80,1
d,2022-10-02 17:58:34.853914,0.53,-0.25,1.00,81.67,-18.80,17.52,-53.76,139.36,-43.42,1
d,2022-10-02 17:58:34.883244,0.52,-0.29,1.00,72.39,-9.64,15.01,-53.76,139.36,-43.42,1
d,2022-10-02 17:58:34.899663,0.62,-0.48,0.93,42.66,0.55,7.20,-53.76,139.36,-43.42,1
d,2022-10-02 17:58:34.915395,0.56,-0.52,0.86,22.03,1.28,3.48,-55.66,145.00,-39.04,1
d,2022-10-02 17:58:34.947054,0.53,-0.57,0.74,5.43,-1.28,-0.85,-55.66,145.00,-39.04,1
d,2022-10-02 17:58:34.964030,0.45,-0.47,0.80,-7.39,-6.10,-4.94,-56.90,146.13,-41.13,1
d,2022-10-02 17:58:34.979906,0.44,-0.36,0.81,-30.58,-7.08,-22.89,-56.90,146.13,-41.13,1
d,2022-10-02 17:58:34.995555,0.43,-0.30,0.83,-37.96,-8.36,-22.95,-56.90,146.13,-41.13,1
d,2022-10-02 17:58:35.032004,0.42,-0.26,0.85,-38.82,-11.35,-8.79,-57.82,140.88,-41.54,1
d,2022-10-02 17:58:35.044506,0.30,-0.12,1.09,-47.91,25.76,-7.14,-57.82,140.88,-41.54,1
d,2022-10-02 17:58:35.060982,0.15,0.04,1.18,19.23,52.06,27.34,-56.21,138.99,-47.39,1
d,2022-10-02 17:58:35.086346,0.26,-0.06,1.01,52.73,69.15,11.84,-56.21,138.99,-47.39,1
d,2022-10-02 17:58:35.109707,0.63,-0.19,0.75,70.56,62.87,3.91,-56.21,138.99,-47.39,1
d,2022-10-02 17:58:35.125527,0.79,-0.18,0.66,45.47,53.77,-12.21,-53.41,139.27,-55.32,1
d,2022-10-02 17:58:35.142954,0.77,-0.31,0.61,6.53,36.99,-45.35,-53.41,139.27,-55.32,1
d,2022-10-02 17:58:35.175052,0.66,-0.37,0.54,-12.70,26.67,-56.27,-57.93,132.75,-67.74,1
d,2022-10-02 17:58:35.192679,0.51,-0.54,0.68,-27.53,10.93,-42.48,-57.93,132.75,-67.74,1
d,2022-10-02 17:58:35.209527,0.57,-0.46,0.63,-23.19,1.77,-30.88,-66.20,124.79,-79.96,1
d,2022-10-02 17:58:35.238609,0.53,-0.40,0.69,-26.12,-2.26,-35.22,-66.20,124.79,-79.96,1
d,2022-10-02 17:58:35.256859,0.42,-0.53,0.72,-30.46,-3.05,-39.18,-66.20,124.79,-79.96,1
d,2022-10-02 17:58:35.273201,0.42,-0.53,0.73,-11.54,5.13,-17.09,-74.24,115.60,-91.67,1
