l,2022-10-30 16:38:16.155434,0.06,0.08,0.90,-16.48,-9.22,-7.69,17.79,27.82,-91.91,1
l,2022-10-30 16:38:16.175433,0.04,0.09,0.92,-12.08,-18.37,-4.64,17.79,27.82,-91.91,1
l,2022-10-30 16:38:16.195470,0.01,0.16,0.93,-11.35,-20.39,-6.35,18.55,28.19,-92.47,1
l,2022-10-30 16:38:16.218239,-0.21,0.03,1.22,-18.31,-21.18,-14.40,18.55,28.19,-92.47,1
l,2022-10-30 16:38:16.228746,-0.14,0.15,1.06,60.79,-9.64,15.93,20.02,28.22,-90.55,1
l,2022-10-30 16:38:16.248751,-0.06,-0.01,0.99,62.56,-22.16,22.52,20.02,28.22,-90.55,1
l,2022-10-30 16:38:16.268793,-0.15,0.19,1.14,46.81,-21.79,10.99,20.02,28.22,-90.55,1
l,2022-10-30 16:38:16.288826,-0.08,0.08,1.02,-7.20,13.55,-31.01,19.70,28.64,-90.71,1
l,2022-10-30 16:38:16.314212,-0.06,0.11,1.07,-8.97,15.99,-30.15,19.70,28.64,-90.71,1
l,2022-10-30 16:38:16.324790,-0.05,0.09,0.99,3.05,15.38,-20.02,19.70,28.64,-90.71,1
l,2022-10-30 16:38:16.355226,-0.07,0.06,1.08,32.53,8.12,-4.64,17.74,31.26,-88.90,1
l,2022-10-30 16:38:16.375216,-0.07,0.04,1.03,15.14,22.71,-15.01,17.74,31.26,-88.90,1
l,2022-10-30 16:38:16.395212,-0.01,-0.10,0.99,14.89,16.54,-16.85,14.37,34.17,-88.05,1
l,2022-10-30 16:38:16.415211,-0.04,-0.07,0.99,5.49,17.88,-11.72,14.37,34.17,-88.05,1
l,2022-10-30 16:38:16.435212,-0.01,-0.05,0.98,8.54,16.17,-7.08,11.61,36.96,-86.05,1
l,2022-10-30 16:38:16.455220,-0.02,-0.08,0.99,3.85,18.86,-10.31,11.61,36.96,-86.05,1
l,2022-10-30 16:38:16.475211,-0.01,-0.09,0.93,-9.52,23.93,-15.32,11.61,36.96,-86.05,1
l,2022-10-30 16:38:16.495211,-0.01,-0.12,0.90,-11.90,19.96,-16.11,6.75,38.96,-85.94,1
l,2022-10-30 16:38:16.505212,0.02,-0.11,0.93,-8.30,15.69,-10.68,6.75,38.96,-85.94,1
l,2022-10-30 16:38:16.525283,0.01,-0.09,0.85,-12.33,17.82,-4.58,3.45,40.44,-84.55,1
l,2022-10-30 16:38:16.545286,0.01,-0.08,0.85,-6.41,9.46,-2.38,3.45,40.44,-84.55,1
l,2022-10-30 16:38:16.565290,0.00,-0.08,0.87,-3.78,3.78,-1.40,3.45,40.44,-84.55,1
l,2022-10-30 16:38:16.586187,0.01,-0.09,0.84,-4.52,3.97,1.53,2.73,41.38,-86.40,1
l,2022-10-30 16:38:16.606187,-0.00,-0.10,0.84,-9.09,2.62,1.83,2.73,41.38,-86.40,1
l,2022-10-30 16:38:16.626428,0.00,-0.05,0.87,-23.86,5.68,-4.15,2.73,41.38,-86.40,1
l,2022-10-30 16:38:16.646427,0.01,-0.12,0.80,-36.25,9.58,2.69,1.92,40.99,-86.72,1
l,2022-10-30 16:38:16.667867,0.02,-0.11,0.71,-29.17,-2.99,22.83,1.92,40.99,-86.72,1
l,2022-10-30 16:38:16.688307,-0.01,-0.04,0.79,-10.25,-25.09,33.57,5.26,39.36,-87.65,1
l,2022-10-30 16:38:16.698381,-0.03,0.00,0.83,-9.70,-23.56,26.25,5.26,39.36,-87.65,1
l,2022-10-30 16:38:16.718305,-0.01,0.04,0.84,-15.99,-22.09,19.23,5.26,39.36,-87.65,1
l,2022-10-30 16:38:16.738377,-0.01,0.13,0.85,-20.63,-22.34,14.47,9.19,35.71,-88.32,1
l,2022-10-30 16:38:16.758313,0.00,0.21,0.87,-20.51,-32.23,12.94,9.19,35.71,-88.32,1
l,2022-10-30 16:38:16.778380,-0.07,0.27,0.98,-15.26,-32.23,8.36,14.11,32.32,-88.81,1
l,2022-10-30 16:38:16.798307,-0.09,0.28,0.98,-7.81,-27.65,-0.49,14.11,32.32,-88.81,1
l,2022-10-30 16:38:16.818395,-0.08,0.24,1.00,0.79,-29.17,-2.01,14.11,32.32,-88.81,1
l,2022-10-30 16:38:16.838405,-0.06,0.29,1.04,3.85,-21.42,-2.08,16.74,31.13,-89.62,1
l,2022-10-30 16:38:16.858405,-0.04,0.26,0.96,7.81,-4.15,0.24,16.74,31.13,-89.62,1
l,2022-10-30 16:38:16.878405,-0.04,0.23,1.12,39.12,-23.93,2.44,18.63,30.30,-90.95,1
l,2022-10-30 16:38:16.901477,-0.07,0.19,1.13,38.51,-17.33,-0.37,18.63,30.30,-90.95,1
l,2022-10-30 16:38:16.913772,-0.10,0.17,1.13,33.45,-15.26,-8.54,18.63,30.30,-90.95,1
l,2022-10-30 16:38:16.933972,-0.07,0.15,1.10,34.24,-11.60,-14.16,19.64,31.74,-90.05,1
l,2022-10-30 16:38:16.953968,-0.08,0.10,1.09,31.80,-5.19,-18.43,19.64,31.74,-90.05,1
l,2022-10-30 16:38:16.973907,-0.04,0.03,1.04,28.26,1.04,-22.64,19.64,31.74,-90.05,1
l,2022-10-30 16:38:16.993898,-0.11,-0.04,1.07,32.71,3.78,-21.85,17.59,34.90,-88.75,1
l,2022-10-30 16:38:17.019643,-0.07,-0.24,0.92,35.64,4.88,-11.17,17.59,34.90,-88.75,1
l,2022-10-30 16:38:17.037420,-0.06,-0.34,0.91,34.91,-1.04,-4.58,14.82,37.74,-86.46,1
l,2022-10-30 16:38:17.047873,-0.05,-0.46,0.84,19.71,-3.91,-3.97,14.82,37.74,-86.46,1
l,2022-10-30 16:38:17.069173,-0.10,-0.25,0.90,-14.47,-6.29,-17.46,14.82,37.74,-86.46,1
l,2022-10-30 16:38:17.092613,-0.10,-0.11,0.93,-40.41,0.00,-36.44,13.42,38.46,-85.44,1
l,2022-10-30 16:38:17.111752,-0.12,-0.00,0.95,-52.86,3.91,-41.56,13.42,38.46,-85.44,1
l,2022-10-30 16:38:17.131751,-0.30,-0.13,1.06,-6.71,9.03,-8.97,12.89,38.79,-87.45,1
l,2022-10-30 16:38:17.151773,-0.23,-0.11,0.87,24.48,27.16,26.06,12.89,38.79,-87.45,1
l,2022-10-30 16:38:17.171751,-0.24,-0.39,0.95,34.18,25.51,8.54,12.89,38.79,-87.45,1
l,2022-10-30 16:38:17.191753,-0.19,-0.51,0.90,5.49,40.47,-0.37,13.79,35.88,-90.09,1
l,2022-10-30 16:38:17.201753,-0.07,-0.61,0.79,9.83,36.56,12.27,13.79,35.88,-90.09,1
l,2022-10-30 16:38:17.221752,0.02,-0.60,0.77,11.05,28.20,29.30,13.79,35.88,-90.09,1
l,2022-10-30 16:38:17.241758,0.06,-0.58,0.73,1.53,20.63,48.58,15.27,29.83,-92.09,1
l,2022-10-30 16:38:17.268335,0.10,-0.52,0.69,-12.63,14.71,55.05,15.27,29.83,-92.09,1
l,2022-10-30 16:38:17.288376,0.12,-0.43,0.70,-25.82,8.54,60.42,19.46,21.73,-98.65,1
l,2022-10-30 16:38:17.308368,0.08,-0.19,0.80,-40.77,-1.40,67.50,19.46,21.73,-98.65,1
l,2022-10-30 16:38:17.318427,0.07,-0.06,0.85,-39.73,-3.85,72.08,19.46,21.73,-98.65,1
