K,2022-10-28 17:06:22.790835,6.775936,11.109663,-3.112621,-0.811423,-0.371003,1.280527,39.657680,7.192384,-57.363361,1
K,2022-10-28 17:06:22.888651,5.530888,7.182971,-4.209221,0.034410,-1.094062,2.463122,35.549003,23.195438,-37.493522,1
K,2022-10-28 17:06:22.980884,7.321842,5.214837,-3.122198,-0.003408,-0.373932,1.012210,21.079307,47.829353,-35.247367,1
K,2022-10-28 17:06:23.079028,7.470290,6.105525,-1.915459,0.043598,-0.055280,-0.026439,21.079307,47.829353,-35.247367,1
K,2022-10-28 17:06:23.174090,5.976232,4.668931,-3.874016,-0.596236,0.291868,-0.095150,13.040590,62.034313,-41.294712,1
K,2022-10-28 17:06:23.252480,4.453442,5.909191,-3.653738,-0.053476,0.198523,-1.221018,8.574634,73.721939,-39.048553,1
K,2022-10-28 17:06:23.351310,5.162162,5.612295,-2.083062,-0.503424,0.204515,-0.152275,5.895061,83.611465,-34.729022,1
K,2022-10-28 17:06:23.448651,7.182971,6.977059,-3.538810,-0.515009,0.401992,-0.457212,5.895061,83.611465,-34.729022,1
K,2022-10-28 17:06:23.541043,7.977887,7.604372,-2.772627,0.049990,0.364307,-0.208735,-2.679573,74.620986,-29.891149,1
K,2022-10-28 17:06:23.640859,7.666625,6.215664,-3.601063,0.744553,-1.220564,-0.896906,-4.823232,71.744033,-30.927837,1
K,2022-10-28 17:06:23.735083,1.144487,4.865266,-5.224414,-0.500627,-0.520941,0.275568,23.580242,64.012214,-29.718368,1
K,2022-10-28 17:06:23.831193,4.855689,7.374517,-2.609813,0.010175,-0.415478,0.256127,32.869430,74.441177,-12.785810,1
K,2022-10-28 17:06:23.926097,7.039312,7.139873,-3.208394,-0.038162,0.443671,0.617523,32.869430,74.441177,-12.785810,1
K,2022-10-28 17:06:24.007852,7.872536,6.780725,-2.375169,0.091935,-0.081113,-0.188894,1.250467,74.620986,-27.817775,1
K,2022-10-28 17:06:24.104594,5.799052,5.698491,-1.685604,-0.871611,-0.606962,0.308858,-1.786382,76.958511,-30.409494,1
K,2022-10-28 17:06:24.200284,4.975405,9.189414,-2.782204,-0.236704,0.050582,-0.639242,13.040590,68.507453,-13.304154,1
K,2022-10-28 17:06:24.293686,6.234819,7.767186,-2.466153,-0.317133,0.025814,-0.299151,13.040590,68.507453,-13.304154,1
K,2022-10-28 17:06:24.390876,8.744071,10.281227,5.870882,0.285150,0.441673,-0.544831,17.506544,61.854503,-8.984623,1
K,2022-10-28 17:06:24.486878,3.687258,6.785513,-4.673720,0.666787,-0.769551,-0.508212,20.722032,55.740974,-21.079307,1
K,2022-10-28 17:06:24.582385,4.779070,8.121546,-3.715990,-0.506620,0.066029,-0.173847,30.725770,42.794685,-30.063930,1
