W,2022-10-30 14:28:09.463276,0.37,-0.18,0.92,-4.33,0.31,17.33,28.10,36.07,-36.08,1
W,2022-10-30 14:28:09.478899,0.35,-0.15,0.91,-10.68,-4.88,13.98,28.10,36.07,-36.08,1
W,2022-10-30 14:28:09.494636,0.34,-0.09,0.90,-10.93,-9.28,12.88,28.10,36.07,-36.08,1
W,2022-10-30 14:28:09.520278,0.33,-0.08,0.85,-4.15,-12.15,13.37,27.58,35.45,-36.49,1
W,2022-10-30 14:28:09.526408,0.33,-0.08,0.84,-2.32,-14.47,13.73,27.58,35.45,-36.49,1
W,2022-10-30 14:28:09.557670,0.21,0.02,0.96,12.51,-4.58,0.79,27.51,35.44,-37.05,1
W,2022-10-30 14:28:09.573293,0.27,0.22,0.95,48.46,0.24,8.30,27.51,35.44,-37.05,1
W,2022-10-30 14:28:09.589033,0.28,-0.29,0.78,18.86,3.42,17.70,27.51,35.44,-37.05,1
W,2022-10-30 14:28:09.604661,0.29,-0.40,0.79,-7.14,10.25,11.66,27.89,35.41,-36.45,1
W,2022-10-30 14:28:09.620290,0.41,-0.30,0.98,-44.19,-10.38,-14.89,27.89,35.41,-36.45,1
W,2022-10-30 14:28:09.651542,0.21,0.01,0.92,-36.99,-24.29,-27.16,27.89,35.41,-36.45,1
W,2022-10-30 14:28:09.667165,0.21,0.06,0.81,-9.89,-35.95,-20.08,26.93,35.46,-36.79,1
W,2022-10-30 14:28:09.682804,0.27,0.04,0.80,14.83,-34.55,-12.45,26.93,35.46,-36.79,1
W,2022-10-30 14:28:09.698541,0.22,0.07,0.83,26.79,-30.15,-5.74,26.28,36.43,-38.31,1
W,2022-10-30 14:28:09.720687,0.28,-0.02,0.83,42.79,-22.71,0.24,26.28,36.43,-38.31,1
W,2022-10-30 14:28:09.745361,0.33,-0.14,0.93,44.13,-5.31,6.71,26.28,36.43,-38.31,1
W,2022-10-30 14:28:09.761103,0.34,-0.27,1.02,35.10,4.27,7.93,26.99,36.58,-38.00,1
W,2022-10-30 14:28:09.776720,0.39,-0.30,1.06,20.08,11.11,6.96,26.99,36.58,-38.00,1
W,2022-10-30 14:28:09.792353,0.42,-0.27,1.07,6.84,16.42,8.30,26.99,36.58,-38.00,1
W,2022-10-30 14:28:09.820887,0.30,-0.31,1.23,10.62,3.05,0.06,27.60,36.98,-38.43,1
W,2022-10-30 14:28:09.839538,0.28,-0.08,1.16,45.17,-13.92,-4.58,27.60,36.98,-38.43,1
W,2022-10-30 14:28:09.855161,0.25,-0.01,1.10,74.46,-27.71,-2.20,27.60,36.98,-38.43,1
W,2022-10-30 14:28:09.870907,0.24,-0.02,1.02,116.70,-36.62,3.91,26.77,38.20,-37.50,1
W,2022-10-30 14:28:09.886523,-0.35,-0.51,0.40,-33.33,77.03,-1.89,26.77,38.20,-37.50,1
W,2022-10-30 14:28:09.902143,0.42,-0.07,0.95,-99.98,64.27,-20.57,27.55,36.88,-37.08,1
W,2022-10-30 14:28:09.933705,0.35,-0.21,1.06,-77.51,63.42,-21.91,27.55,36.88,-37.08,1
W,2022-10-30 14:28:09.949333,0.49,-0.04,1.11,-57.56,44.80,-20.87,27.55,36.88,-37.08,1
W,2022-10-30 14:28:09.965070,0.29,-0.08,1.04,-26.18,28.63,-3.48,26.62,35.89,-35.95,1
W,2022-10-30 14:28:09.980690,0.25,-0.09,0.95,-0.12,15.87,4.39,26.62,35.89,-35.95,1
W,2022-10-30 14:28:09.996203,0.20,-0.09,0.93,15.99,4.58,10.01,26.62,35.89,-35.95,1
W,2022-10-30 14:28:10.027486,0.27,-0.12,0.85,27.04,-4.88,13.92,25.98,35.16,-35.84,1
W,2022-10-30 14:28:10.043114,0.12,-0.13,0.91,55.66,-26.00,13.55,25.98,35.16,-35.84,1
W,2022-10-30 14:28:10.058849,0.24,-0.31,0.58,56.58,-34.67,15.75,25.78,35.77,-35.67,1
W,2022-10-30 14:28:10.074474,0.24,-0.35,0.56,-10.07,-12.94,14.04,25.78,35.77,-35.67,1
W,2022-10-30 14:28:10.090095,0.25,-0.32,0.63,-53.28,8.79,7.08,25.78,35.77,-35.67,1
W,2022-10-30 14:28:10.121733,-0.02,-0.36,1.13,-84.05,16.42,-4.52,25.42,34.50,-36.24,1
W,2022-10-30 14:28:10.137236,0.18,-0.03,0.95,-17.82,-9.22,-16.05,25.42,34.50,-36.24,1
W,2022-10-30 14:28:10.152986,0.25,0.10,0.79,-5.31,-15.99,-9.89,25.42,34.50,-36.24,1
W,2022-10-30 14:28:10.168610,0.15,0.02,0.92,15.08,-16.48,-2.01,25.76,34.20,-37.07,1
W,2022-10-30 14:28:10.199754,0.25,-0.10,0.83,58.35,-26.43,-1.22,25.76,34.20,-37.07,1
W,2022-10-30 14:28:10.215359,0.23,-0.16,0.90,49.50,-21.06,-2.99,25.28,35.23,-37.48,1
W,2022-10-30 14:28:10.231124,0.28,-0.13,0.93,42.11,-14.53,-4.15,25.28,35.23,-37.48,1
W,2022-10-30 14:28:10.246885,0.34,-0.11,0.95,41.81,-5.62,-0.12,25.28,35.23,-37.48,1
W,2022-10-30 14:28:10.262517,0.37,-0.26,1.04,41.02,9.70,9.40,26.46,36.02,-36.08,1
W,2022-10-30 14:28:10.278026,0.41,-0.46,1.08,29.48,17.82,11.60,26.46,36.02,-36.08,1
W,2022-10-30 14:28:10.309258,0.36,-0.40,1.17,10.13,18.19,8.67,26.46,36.02,-36.08,1
W,2022-10-30 14:28:10.324925,0.31,-0.31,1.22,15.26,4.09,-1.10,26.76,36.46,-35.88,1
W,2022-10-30 14:28:10.340668,0.29,-0.13,1.21,78.12,-24.17,-9.64,26.76,36.46,-35.88,1
W,2022-10-30 14:28:10.356294,0.26,-0.07,1.06,123.47,-38.94,-5.07,25.28,37.82,-36.43,1
W,2022-10-30 14:28:10.371814,-0.18,-0.35,0.13,55.05,-5.80,8.73,25.28,37.82,-36.43,1
W,2022-10-30 14:28:10.403046,0.38,-0.37,1.01,-40.04,54.87,0.85,25.28,37.82,-36.43,1
W,2022-10-30 14:28:10.422335,0.28,-0.38,1.04,-70.98,65.25,-14.71,26.27,37.18,-36.71,1
W,2022-10-30 14:28:10.434983,0.33,-0.14,1.17,-69.70,50.05,-25.82,26.27,37.18,-36.71,1
W,2022-10-30 14:28:10.450686,0.34,-0.17,1.03,-32.35,32.35,-19.10,26.27,37.18,-36.71,1
W,2022-10-30 14:28:10.481871,0.35,-0.20,0.92,-15.50,24.66,-12.33,25.50,36.19,-34.42,1
W,2022-10-30 14:28:10.497494,0.31,-0.19,0.88,-15.75,20.14,-5.49,25.50,36.19,-34.42,1
W,2022-10-30 14:28:10.513234,0.21,-0.18,0.84,-6.04,9.46,-0.18,24.79,35.85,-34.84,1
W,2022-10-30 14:28:10.529396,0.21,-0.18,0.87,9.46,-5.00,4.46,24.79,35.85,-34.84,1
W,2022-10-30 14:28:10.545152,0.19,-0.22,0.79,44.37,-29.24,7.32,24.79,35.85,-34.84,1
W,2022-10-30 14:28:10.576283,0.21,-0.27,0.72,39.86,-33.51,6.29,24.40,35.84,-33.76,1
W,2022-10-30 14:28:10.591907,0.24,-0.32,0.55,-1.53,-10.93,8.24,24.40,35.84,-33.76,1
W,2022-10-30 14:28:10.607674,0.26,-0.28,0.66,-36.13,10.99,7.87,24.40,35.84,-33.76,1
W,2022-10-30 14:28:10.622808,0.29,-0.24,0.78,-61.71,26.18,6.90,24.68,35.08,-34.58,1
W,2022-10-30 14:28:10.638570,0.29,0.06,1.06,-54.50,17.64,4.88,24.68,35.08,-34.58,1
W,2022-10-30 14:28:10.669697,0.24,-0.06,0.97,-5.37,6.41,10.80,25.05,34.29,-35.75,1
W,2022-10-30 14:28:10.685321,0.13,-0.14,0.83,10.80,2.87,5.80,25.05,34.29,-35.75,1
W,2022-10-30 14:28:10.701065,0.03,0.15,0.84,12.57,27.53,4.70,25.05,34.29,-35.75,1
W,2022-10-30 14:28:10.723130,0.24,0.06,0.91,52.98,51.27,26.25,27.09,33.86,-35.34,1
W,2022-10-30 14:28:10.732634,0.40,-0.30,0.97,72.51,45.84,29.48,27.09,33.86,-35.34,1
W,2022-10-30 14:28:10.748354,0.46,-0.37,0.98,54.14,32.17,20.81,27.09,33.86,-35.34,1
W,2022-10-30 14:28:10.779509,0.51,-0.31,0.97,34.48,15.26,11.90,29.22,34.00,-32.93,1
