F,2022-10-20 18:52:05.399098,0.40,-0.42,0.94,8.67,23.25,-10.50,75.52,64.95,-133.54,1
F,2022-10-20 18:52:05.418191,0.43,-0.40,0.80,-8.67,26.98,-9.16,70.51,71.61,-131.10,1
F,2022-10-20 18:52:05.436148,0.38,-0.41,0.76,-5.13,18.55,-0.18,70.51,71.61,-131.10,1
F,2022-10-20 18:52:05.455341,0.35,-0.43,0.74,-2.99,10.56,7.57,70.04,74.57,-131.20,1
F,2022-10-20 18:52:05.473087,0.34,-0.41,0.73,-18.86,6.23,7.08,70.04,74.57,-131.20,1
F,2022-10-20 18:52:05.491052,0.25,-0.40,0.77,-31.13,7.45,9.58,70.04,74.57,-131.20,1
F,2022-10-20 18:52:05.510074,0.30,-0.33,0.79,-31.80,6.35,21.67,72.63,74.33,-131.54,1
F,2022-10-20 18:52:05.528126,0.36,-0.19,0.68,-26.00,0.12,34.00,72.63,74.33,-131.54,1
F,2022-10-20 18:52:05.546138,0.38,-0.10,0.75,-29.66,-14.16,5.00,72.63,74.33,-131.54,1
F,2022-10-20 18:52:05.565159,0.34,-0.07,0.73,-48.65,-17.09,-6.04,78.58,73.06,-134.39,1
F,2022-10-20 18:52:05.583380,-0.05,-0.10,0.94,-47.00,-22.28,-7.87,78.58,73.06,-134.39,1
F,2022-10-20 18:52:05.601086,0.25,-0.11,0.76,35.40,33.02,17.88,78.58,73.06,-134.39,1
F,2022-10-20 18:52:05.620084,0.26,-0.19,0.79,20.57,-7.39,-1.16,81.92,74.04,-134.01,1
F,2022-10-20 18:52:05.638128,0.18,-0.11,0.61,21.12,-48.65,-24.29,81.92,74.04,-134.01,1
F,2022-10-20 18:52:05.657196,0.21,-0.12,0.70,17.46,-57.25,-30.94,75.11,80.54,-139.07,1
F,2022-10-20 18:52:05.675168,0.22,-0.13,0.72,20.75,-65.37,-35.40,75.11,80.54,-139.07,1
F,2022-10-20 18:52:05.693271,0.23,-0.22,0.78,41.50,-73.61,-25.39,75.11,80.54,-139.07,1
F,2022-10-20 18:52:05.712205,0.22,-0.28,0.83,62.50,-79.41,-10.44,61.98,89.33,-142.30,1
F,2022-10-20 18:52:05.730401,0.22,-0.32,1.18,55.73,-79.10,-8.48,61.98,89.33,-142.30,1
F,2022-10-20 18:52:05.748143,0.20,-0.36,1.24,24.66,-50.84,-10.86,61.98,89.33,-142.30,1
F,2022-10-20 18:52:05.767280,0.20,-0.33,1.30,-2.14,-23.62,-8.79,49.63,95.35,-141.89,1
F,2022-10-20 18:52:05.785182,0.20,-0.31,1.28,-7.45,-7.32,0.18,49.63,95.35,-141.89,1
F,2022-10-20 18:52:05.804008,0.17,-0.32,1.37,8.54,13.00,19.41,47.63,96.12,-141.50,1
F,2022-10-20 18:52:05.822124,0.15,-0.37,1.22,14.59,38.64,24.23,47.63,96.12,-141.50,1
F,2022-10-20 18:52:05.839932,0.21,-0.40,1.18,13.06,46.81,26.06,47.63,96.12,-141.50,1
F,2022-10-20 18:52:05.859047,0.23,-0.34,1.13,6.29,52.61,27.34,55.32,92.66,-140.23,1
F,2022-10-20 18:52:05.877104,0.28,-0.28,1.06,-0.43,61.16,22.16,55.32,92.66,-140.23,1
F,2022-10-20 18:52:05.895154,0.32,-0.33,0.85,-12.57,62.74,15.26,55.32,92.66,-140.23,1
F,2022-10-20 18:52:05.913988,0.37,-0.34,0.76,-21.24,55.24,13.31,64.48,87.71,-137.12,1
F,2022-10-20 18:52:05.932097,0.36,-0.32,0.69,-25.39,41.63,18.86,64.48,87.71,-137.12,1
F,2022-10-20 18:52:05.950272,0.38,-0.29,0.66,-27.65,25.76,26.43,64.48,87.71,-137.12,1
F,2022-10-20 18:52:05.969057,0.39,-0.15,0.66,-43.46,4.76,15.44,74.32,81.81,-135.22,1
F,2022-10-20 18:52:05.987145,0.27,-0.05,0.77,-52.92,-4.88,3.54,74.32,81.81,-135.22,1
F,2022-10-20 18:52:06.005891,0.33,0.01,1.05,16.48,6.29,11.35,82.12,78.48,-133.62,1
F,2022-10-20 18:52:06.024074,0.23,-0.08,0.92,16.17,7.93,6.90,82.12,78.48,-133.62,1
F,2022-10-20 18:52:06.041934,0.22,0.01,0.97,0.85,13.85,-15.56,82.12,78.48,-133.62,1
F,2022-10-20 18:52:06.061063,0.26,0.09,0.91,-0.61,20.87,-31.49,80.00,80.37,-132.02,1
F,2022-10-20 18:52:06.079040,0.27,0.03,0.85,8.36,22.03,-45.84,80.00,80.37,-132.02,1
F,2022-10-20 18:52:06.097225,0.27,-0.10,0.84,21.97,18.49,-51.03,80.00,80.37,-132.02,1
F,2022-10-20 18:52:06.116019,0.31,-0.34,0.81,22.03,17.03,-44.92,69.76,87.77,-131.82,1
F,2022-10-20 18:52:06.134129,0.33,-0.55,0.76,15.32,7.57,-22.22,69.76,87.77,-131.82,1
F,2022-10-20 18:52:06.153102,0.32,-0.50,0.79,14.65,-3.36,-0.37,62.71,92.22,-132.71,1
F,2022-10-20 18:52:06.171119,0.29,-0.39,0.78,2.87,-5.43,1.89,62.71,92.22,-132.71,1
F,2022-10-20 18:52:06.189324,0.27,-0.37,0.74,-7.93,-10.31,-5.86,62.71,92.22,-132.71,1
F,2022-10-20 18:52:06.208150,0.28,-0.43,0.74,-0.73,-24.84,5.13,61.58,93.05,-134.57,1
F,2022-10-20 18:52:06.226147,0.12,-0.45,0.79,3.72,-29.17,17.40,61.58,93.05,-134.57,1
F,2022-10-20 18:52:06.244114,0.13,-0.48,0.76,25.33,-29.11,34.36,61.58,93.05,-134.57,1
F,2022-10-20 18:52:06.263055,0.25,-0.42,0.73,45.29,-39.61,49.13,65.28,90.11,-134.86,1
F,2022-10-20 18:52:06.281120,0.41,-0.25,0.95,22.09,-52.86,32.84,65.28,90.11,-134.86,1
F,2022-10-20 18:52:06.299203,0.37,-0.13,0.94,7.14,-43.46,26.55,65.28,90.11,-134.86,1
F,2022-10-20 18:52:06.317970,0.48,0.04,0.96,6.65,-41.44,22.64,69.14,86.18,-134.06,1
F,2022-10-20 18:52:06.336045,0.36,0.15,1.04,-17.15,-32.53,-8.42,69.14,86.18,-134.06,1
F,2022-10-20 18:52:06.355203,0.16,0.11,1.21,-26.43,-6.84,-38.09,69.20,86.93,-138.21,1
F,2022-10-20 18:52:06.372837,0.16,0.01,1.17,67.32,16.30,7.39,69.20,86.93,-138.21,1
F,2022-10-20 18:52:06.391119,0.19,-0.14,1.08,54.75,15.14,-21.06,69.20,86.93,-138.21,1
F,2022-10-20 18:52:06.410051,0.21,-0.28,0.99,36.87,15.08,-40.16,63.34,96.31,-134.37,1
F,2022-10-20 18:52:06.428128,0.21,-0.38,0.93,20.08,16.78,-47.61,63.34,96.31,-134.37,1
F,2022-10-20 18:52:06.446098,0.24,-0.46,0.83,2.75,13.31,-34.48,63.34,96.31,-134.37,1
F,2022-10-20 18:52:06.464944,0.23,-0.45,0.82,1.65,6.04,-17.58,54.13,102.51,-132.93,1
F,2022-10-20 18:52:06.483023,0.21,-0.39,0.82,0.85,0.67,-6.29,54.13,102.51,-132.93,1
F,2022-10-20 18:52:06.501160,0.16,-0.34,0.88,-3.05,-0.06,-6.16,54.13,102.51,-132.93,1
F,2022-10-20 18:52:06.519884,0.11,-0.33,0.94,6.16,4.94,-1.95,48.68,104.13,-136.07,1
F,2022-10-20 18:52:06.538070,0.22,-0.31,0.92,13.92,6.90,2.87,48.68,104.13,-136.07,1
F,2022-10-20 18:52:06.556942,0.29,-0.32,0.92,7.02,5.25,0.24,43.92,104.20,-135.51,1
F,2022-10-20 18:52:06.575141,0.27,-0.33,0.91,-9.70,7.08,-5.07,43.92,104.20,-135.51,1
F,2022-10-20 18:52:06.593129,0.23,-0.27,0.95,-15.63,5.68,-9.64,43.92,104.20,-135.51,1
F,2022-10-20 18:52:06.612046,0.24,-0.24,0.96,-4.21,11.17,-5.68,38.50,103.44,-139.15,1
F,2022-10-20 18:52:06.630045,0.26,-0.27,0.94,0.06,11.96,-6.84,38.50,103.44,-139.15,1
F,2022-10-20 18:52:06.648160,0.26,-0.28,0.94,-0.31,11.78,-10.50,38.50,103.44,-139.15,1
F,2022-10-20 18:52:06.667075,0.23,-0.32,0.93,0.12,12.82,-10.99,31.76,101.49,-140.70,1
F,2022-10-20 18:52:06.685175,0.34,-0.32,0.88,-6.77,19.04,-13.55,31.76,101.49,-140.70,1
F,2022-10-20 18:52:06.703973,0.29,-0.37,0.89,-22.22,22.09,-21.30,25.55,98.80,-142.94,1
F,2022-10-20 18:52:06.722200,0.36,-0.33,0.91,-16.30,21.42,-14.71,25.55,98.80,-142.94,1
