F,2022-10-20 18:52:06.795144,0.39,-0.38,0.77,-30.52,10.25,7.32,22.41,95.46,-148.30,1
F,2022-10-20 18:52:06.813977,0.37,-0.34,0.82,-28.20,2.93,11.05,22.99,95.03,-152.47,1
F,2022-10-20 18:52:06.832116,0.28,-0.29,0.92,-40.77,4.88,2.56,22.99,95.03,-152.47,1
F,2022-10-20 18:52:06.850080,0.18,-0.27,0.94,-48.03,14.16,0.55,22.99,95.03,-152.47,1
F,2022-10-20 18:52:06.868899,0.26,-0.26,0.81,-34.73,14.16,5.25,24.95,94.29,-156.32,1
F,2022-10-20 18:52:06.887168,-0.15,-0.22,0.80,-31.98,3.60,5.07,24.95,94.29,-156.32,1
F,2022-10-20 18:52:06.905964,0.22,-0.11,0.77,8.36,1.10,4.70,26.60,93.73,-157.42,1
F,2022-10-20 18:52:06.924154,0.28,-0.20,0.78,0.43,8.36,-2.69,26.60,93.73,-157.42,1
F,2022-10-20 18:52:06.942322,0.14,-0.13,0.53,-3.11,-4.09,-13.37,26.60,93.73,-157.42,1
F,2022-10-20 18:52:06.961115,0.15,-0.14,0.52,16.30,-33.20,-23.56,25.12,96.02,-158.68,1
F,2022-10-20 18:52:06.979051,0.17,-0.18,0.54,33.39,-54.75,-29.60,25.12,96.02,-158.68,1
F,2022-10-20 18:52:06.997148,0.18,-0.27,0.62,54.87,-75.50,-20.94,25.12,96.02,-158.68,1
F,2022-10-20 18:52:07.016062,0.18,-0.22,0.79,68.24,-89.23,-14.71,13.13,104.92,-155.85,1
F,2022-10-20 18:52:07.034134,0.22,-0.29,1.14,72.88,-84.41,-11.23,13.13,104.92,-155.85,1
F,2022-10-20 18:52:07.053031,0.22,-0.39,1.19,47.55,-53.28,-5.86,-2.38,115.00,-148.46,1
F,2022-10-20 18:52:07.071190,0.22,-0.50,1.20,9.34,-19.41,-5.31,-2.38,115.00,-148.46,1
F,2022-10-20 18:52:07.089140,0.22,-0.40,1.26,-19.96,-16.11,-2.50,-2.38,115.00,-148.46,1
F,2022-10-20 18:52:07.108151,0.20,-0.31,1.30,-18.25,-8.91,3.72,-7.93,114.65,-149.55,1
F,2022-10-20 18:52:07.126123,0.15,-0.32,1.31,-6.71,2.99,10.01,-7.93,114.65,-149.55,1
F,2022-10-20 18:52:07.144083,0.09,-0.34,1.43,7.87,20.02,17.58,-7.93,114.65,-149.55,1
F,2022-10-20 18:52:07.162811,0.14,-0.36,1.31,21.85,58.59,30.09,-4.24,112.23,-149.52,1
F,2022-10-20 18:52:07.180932,0.30,-0.39,1.07,3.78,65.37,24.35,-4.24,112.23,-149.52,1
F,2022-10-20 18:52:07.199013,0.36,-0.37,0.98,-7.51,59.94,20.51,-4.24,112.23,-149.52,1
F,2022-10-20 18:52:07.217846,0.37,-0.29,0.93,-18.49,58.04,16.05,7.70,105.83,-151.32,1
F,2022-10-20 18:52:07.235958,0.32,-0.29,0.87,-33.63,61.40,6.84,7.70,105.83,-151.32,1
F,2022-10-20 18:52:07.254969,0.26,-0.30,0.80,-21.79,52.49,10.93,19.17,98.16,-156.07,1
F,2022-10-20 18:52:07.273081,0.32,-0.32,0.69,-13.31,43.52,14.47,19.17,98.16,-156.07,1
F,2022-10-20 18:52:07.290994,0.38,-0.32,0.59,-9.03,29.79,18.62,19.17,98.16,-156.07,1
F,2022-10-20 18:52:07.309963,0.43,-0.24,0.58,-14.53,11.11,19.47,27.29,93.82,-154.93,1
F,2022-10-20 18:52:07.328075,0.38,-0.11,0.59,-35.64,-7.63,3.91,27.29,93.82,-154.93,1
F,2022-10-20 18:52:07.346104,0.31,-0.02,0.74,-47.24,-17.46,-7.75,27.29,93.82,-154.93,1
F,2022-10-20 18:52:07.364922,0.20,0.09,0.91,-41.44,-14.04,-12.51,28.56,94.65,-157.46,1
F,2022-10-20 18:52:07.382832,0.20,0.16,0.97,28.26,-1.89,7.32,28.56,94.65,-157.46,1
F,2022-10-20 18:52:07.401760,0.23,0.05,0.90,29.66,37.35,-21.55,24.96,97.39,-156.43,1
F,2022-10-20 18:52:07.419789,0.33,-0.23,0.85,20.69,29.72,-34.85,24.96,97.39,-156.43,1
F,2022-10-20 18:52:07.437821,0.31,-0.23,0.86,3.97,21.42,-40.10,24.96,97.39,-156.43,1
F,2022-10-20 18:52:07.456921,0.31,-0.22,0.86,-8.12,19.47,-47.97,15.01,94.54,-165.27,1
F,2022-10-20 18:52:07.474868,0.27,-0.38,0.80,-9.03,11.60,-46.08,15.01,94.54,-165.27,1
F,2022-10-20 18:52:07.492936,0.31,-0.57,0.69,-4.94,-0.55,-25.27,15.01,94.54,-165.27,1
F,2022-10-20 18:52:07.511888,0.29,-0.56,0.69,0.55,-9.64,-4.82,5.99,87.81,-173.13,1
F,2022-10-20 18:52:07.529884,0.22,-0.55,0.59,7.02,-23.07,5.13,5.99,87.81,-173.13,1
F,2022-10-20 18:52:07.547774,0.15,-0.63,0.70,26.37,-46.57,18.25,5.99,87.81,-173.13,1
F,2022-10-20 18:52:07.566996,0.18,-0.62,0.78,31.13,-39.67,38.82,2.47,91.69,-169.38,1
F,2022-10-20 18:52:07.584904,0.31,-0.51,0.78,19.29,-36.25,47.06,2.47,91.69,-169.38,1
F,2022-10-20 18:52:07.603908,0.36,-0.37,0.81,6.10,-38.64,49.26,10.52,97.81,-160.46,1
F,2022-10-20 18:52:07.621833,0.43,-0.09,0.86,0.37,-42.60,43.09,10.52,97.81,-160.46,1
F,2022-10-20 18:52:07.639875,0.48,0.05,0.99,-12.02,-34.18,9.34,10.52,97.81,-160.46,1
F,2022-10-20 18:52:07.658961,0.36,-0.01,1.01,-12.94,-27.16,0.61,16.77,101.99,-155.92,1
F,2022-10-20 18:52:07.676841,0.34,-0.05,0.96,0.73,-23.50,4.15,16.77,101.99,-155.92,1
F,2022-10-20 18:52:07.695063,0.36,-0.07,0.96,-4.52,-18.74,-2.44,16.77,101.99,-155.92,1
F,2022-10-20 18:52:07.714012,-0.82,-0.29,2.34,-15.87,-9.16,-12.15,16.47,108.15,-156.02,1
F,2022-10-20 18:52:07.731937,0.23,-0.23,1.03,26.61,20.75,7.75,16.47,108.15,-156.02,1
F,2022-10-20 18:52:07.750803,0.23,-0.18,1.03,4.21,5.37,-22.46,14.71,110.30,-154.94,1
F,2022-10-20 18:52:07.769002,0.22,-0.11,1.05,-6.65,8.12,-37.90,14.71,110.30,-154.94,1
F,2022-10-20 18:52:07.786956,0.25,-0.11,0.98,-3.36,13.73,-46.63,14.71,110.30,-154.94,1
F,2022-10-20 18:52:07.805889,0.24,-0.17,0.92,12.08,13.73,-47.49,3.48,107.09,-159.86,1
F,2022-10-20 18:52:07.823865,0.25,-0.43,0.82,13.98,10.44,-36.32,3.48,107.09,-159.86,1
F,2022-10-20 18:52:07.842070,0.24,-0.55,0.81,14.71,2.26,-18.25,3.48,107.09,-159.86,1
F,2022-10-20 18:52:07.860989,0.23,-0.54,0.83,7.20,-4.88,-2.50,-6.07,103.65,-163.87,1
F,2022-10-20 18:52:07.879143,0.23,-0.43,0.86,-6.47,-7.26,3.42,-6.07,103.65,-163.87,1
F,2022-10-20 18:52:07.897114,0.11,-0.29,0.98,-8.85,-8.24,-0.55,-6.07,103.65,-163.87,1
F,2022-10-20 18:52:07.916065,0.07,-0.21,1.12,7.81,-0.98,3.91,-8.72,102.71,-163.95,1
F,2022-10-20 18:52:07.933883,0.22,-0.24,1.02,15.87,14.22,3.05,-8.72,102.71,-163.95,1
F,2022-10-20 18:52:07.953080,0.31,-0.24,0.98,5.62,16.60,-5.07,-7.97,95.19,-164.88,1
F,2022-10-20 18:52:07.970841,0.35,-0.16,0.93,-9.28,18.01,-11.84,0.00,0.00,0.00,1
F,2022-10-20 18:52:07.988774,0.35,-0.14,0.89,-9.95,15.14,-18.25,0.00,0.00,0.00,1
F,2022-10-20 18:52:08.008080,0.36,-0.16,0.89,-5.31,11.29,-20.57,-9.09,84.95,-168.38,1
F,2022-10-20 18:52:08.026345,0.34,-0.24,0.84,1.16,11.29,-19.35,-9.09,84.95,-168.38,1
