D,2022-10-21 13:00:51.519894,0.18,-0.51,0.84,-13.31,11.11,13.12,2.75,37.27,-82.34,1
D,2022-10-21 13:00:51.537904,0.21,-0.54,0.87,-12.21,18.01,14.71,2.75,37.27,-82.34,1
D,2022-10-21 13:00:51.555813,0.26,-0.51,0.80,-8.00,20.02,21.42,2.75,37.27,-82.34,1
D,2022-10-21 13:00:51.574904,0.27,-0.44,0.75,-17.15,20.94,14.40,2.21,40.66,-84.99,1
D,2022-10-21 13:00:51.592967,0.25,-0.38,0.69,-15.08,16.54,10.99,2.21,40.66,-84.99,1
D,2022-10-21 13:00:51.610912,0.22,-0.32,0.63,-41.63,16.85,-4.21,2.21,40.66,-84.99,1
D,2022-10-21 13:00:51.629960,0.19,-0.18,0.66,-57.01,14.04,-16.48,0.32,43.73,-86.23,1
D,2022-10-21 13:00:51.647946,0.14,-0.08,0.71,-51.45,2.38,-46.08,0.32,43.73,-86.23,1
D,2022-10-21 13:00:51.667005,0.06,-0.20,0.74,64.45,10.68,28.50,-2.03,43.36,-83.78,1
D,2022-10-21 13:00:51.684907,0.16,-0.40,0.63,84.78,-12.94,17.15,-2.03,43.36,-83.78,1
D,2022-10-21 13:00:51.703212,0.13,-0.48,0.50,78.12,-39.79,-1.77,-2.03,43.36,-83.78,1
D,2022-10-21 13:00:51.722005,0.15,-0.48,0.48,50.29,-64.45,-29.54,-1.12,37.77,-75.27,1
D,2022-10-21 13:00:51.740214,0.13,-0.45,0.83,22.89,-82.82,-48.65,-1.12,37.77,-75.27,1
D,2022-10-21 13:00:51.758011,0.09,-0.48,0.94,30.94,-75.44,-42.72,-1.12,37.77,-75.27,1
D,2022-10-21 13:00:51.776847,0.12,-0.64,0.93,35.64,-62.68,-35.22,3.94,28.00,-68.82,1
D,2022-10-21 13:00:51.794921,0.15,-0.77,1.03,24.78,-54.44,-28.38,3.94,28.00,-68.82,1
D,2022-10-21 13:00:51.814179,0.06,-0.83,1.23,-14.83,-28.08,-18.98,9.68,20.95,-68.01,1
D,2022-10-21 13:00:51.832152,-0.00,-0.67,1.15,-43.95,-0.31,-13.43,9.68,20.95,-68.01,1
D,2022-10-21 13:00:51.849963,-0.02,-0.70,1.33,-33.81,18.80,0.43,9.68,20.95,-68.01,1
D,2022-10-21 13:00:51.868823,0.12,-0.55,1.21,-11.29,41.69,30.82,8.09,24.57,-70.98,1
D,2022-10-21 13:00:51.886757,0.21,-0.55,0.96,2.69,54.50,43.03,8.09,24.57,-70.98,1
D,2022-10-21 13:00:51.904850,0.37,-0.61,0.71,-21.91,62.38,48.89,8.09,24.57,-70.98,1
D,2022-10-21 13:00:51.923912,0.30,-0.41,0.67,-60.12,62.01,39.79,3.47,34.17,-75.57,1
D,2022-10-21 13:00:51.941984,0.18,-0.22,0.75,-72.02,56.15,22.52,3.47,34.17,-75.57,1
D,2022-10-21 13:00:51.959855,-0.44,-0.09,0.71,-56.52,46.02,10.62,3.47,34.17,-75.57,1
D,2022-10-21 13:00:51.978857,-0.04,-0.13,0.76,82.15,3.36,21.06,0.52,42.38,-80.60,1
D,2022-10-21 13:00:51.996985,-0.03,-0.43,0.74,79.16,12.39,7.51,0.52,42.38,-80.60,1
D,2022-10-21 13:00:52.016031,0.07,-0.47,0.77,22.95,30.58,-5.55,-2.81,43.57,-76.53,1
D,2022-10-21 13:00:52.034233,0.07,-0.34,0.81,-11.60,34.00,-14.65,-2.81,43.57,-76.53,1
D,2022-10-21 13:00:52.051963,0.10,-0.31,0.75,8.00,33.26,-23.86,-2.81,43.57,-76.53,1
D,2022-10-21 13:00:52.071055,0.16,-0.37,0.59,37.54,22.40,-30.03,-6.77,41.00,-77.78,1
D,2022-10-21 13:00:52.089055,0.25,-0.52,0.54,50.66,8.12,-32.59,-6.77,41.00,-77.78,1
D,2022-10-21 13:00:52.107070,0.26,-0.59,0.53,52.31,-6.29,-34.36,-6.77,41.00,-77.78,1
D,2022-10-21 13:00:52.125963,0.27,-0.70,0.46,47.67,-25.94,-45.96,-8.46,33.31,-70.91,1
D,2022-10-21 13:00:52.144127,0.39,-0.92,0.55,6.53,-53.16,-61.95,-8.46,33.31,-70.91,1
D,2022-10-21 13:00:52.163089,0.41,-0.94,0.63,-18.98,-56.52,-53.47,-4.13,24.48,-67.80,1
D,2022-10-21 13:00:52.181235,0.41,-0.91,0.66,-23.99,-64.03,-33.87,-4.13,24.48,-67.80,1
D,2022-10-21 13:00:52.199200,0.22,-0.80,0.84,-23.50,-72.45,-11.47,-4.13,24.48,-67.80,1
D,2022-10-21 13:00:52.218140,0.11,-0.66,1.04,-31.13,-59.39,-0.61,5.96,20.21,-67.80,1
D,2022-10-21 13:00:52.236088,-0.04,-0.39,1.11,-20.32,-49.80,9.22,5.96,20.21,-67.80,1
D,2022-10-21 13:00:52.254089,-0.22,-0.22,1.24,-1.04,-40.83,8.12,5.96,20.21,-67.80,1
D,2022-10-21 13:00:52.272975,-0.36,-0.14,1.37,12.76,-17.46,-0.98,11.10,19.75,-68.91,1
D,2022-10-21 13:00:52.291186,0.02,-0.39,0.95,49.19,-22.40,26.43,11.10,19.75,-68.91,1
D,2022-10-21 13:00:52.308959,-0.16,-0.47,1.04,2.81,17.09,0.24,11.10,19.75,-68.91,1
D,2022-10-21 13:00:52.327939,-0.04,-0.60,0.96,-25.94,35.28,-2.99,9.28,19.69,-67.58,1
D,2022-10-21 13:00:52.346062,-0.13,-0.67,0.84,-28.26,38.02,10.44,9.28,19.69,-67.58,1
D,2022-10-21 13:00:52.364817,0.10,-0.69,0.81,53.22,12.88,45.96,6.24,21.77,-68.73,1
D,2022-10-21 13:00:52.382840,0.03,-0.54,0.79,53.34,8.12,37.78,6.24,21.77,-68.73,1
D,2022-10-21 13:00:52.400832,0.13,-0.51,0.80,25.45,21.12,14.59,6.24,21.77,-68.73,1
D,2022-10-21 13:00:52.419984,0.18,-0.50,0.80,5.62,26.92,-1.53,3.49,23.40,-69.48,1
D,2022-10-21 13:00:52.437852,0.07,-0.53,0.86,2.69,27.10,-1.89,3.49,23.40,-69.48,1
D,2022-10-21 13:00:52.455811,0.17,-0.48,0.83,0.24,33.87,3.66,3.49,23.40,-69.48,1
D,2022-10-21 13:00:52.474929,0.15,-0.50,0.77,-6.84,36.87,-3.48,-0.67,26.22,-71.44,1
D,2022-10-21 13:00:52.493078,0.17,-0.57,0.71,-23.56,39.49,-15.26,-0.67,26.22,-71.44,1
D,2022-10-21 13:00:52.512149,0.20,-0.62,0.74,-41.08,37.54,-25.15,-6.16,28.96,-76.57,1
D,2022-10-21 13:00:52.530224,0.27,-0.54,0.80,-34.55,30.46,-17.27,-6.16,28.96,-76.57,1
D,2022-10-21 13:00:52.547942,0.28,-0.57,0.75,-23.01,26.86,-13.49,-6.16,28.96,-76.57,1
