d,2022-11-02 10:45:22.671049,0.43,0.84,0.47,12.57,-27.22,-9.52,-62.54,-87.16,-118.79,1
d,2022-11-02 10:45:22.689964,0.45,0.80,0.44,16.11,-14.89,-1.46,-68.98,-90.39,-119.51,1
d,2022-11-02 10:45:22.707720,0.43,0.79,0.44,7.93,-7.81,4.94,-68.98,-90.39,-119.51,1
d,2022-11-02 10:45:22.726963,0.41,0.83,0.41,-5.19,-5.98,8.12,-75.68,-91.56,-120.09,1
d,2022-11-02 10:45:22.744757,0.32,0.91,0.43,-10.01,-6.41,7.63,-75.68,-91.56,-120.09,1
d,2022-11-02 10:45:22.762674,0.27,0.99,0.46,0.79,1.04,7.63,-75.68,-91.56,-120.09,1
d,2022-11-02 10:45:22.781703,0.32,0.95,0.33,23.56,14.89,8.54,-82.01,-92.87,-122.64,1
d,2022-11-02 10:45:22.799749,0.34,0.90,0.26,25.21,7.20,3.23,-82.01,-92.87,-122.64,1
d,2022-11-02 10:45:22.817916,0.35,0.83,0.33,22.46,-4.39,-2.81,-82.01,-92.87,-122.64,1
d,2022-11-02 10:45:22.836899,0.35,0.77,0.41,6.04,-12.94,-5.31,-88.17,-96.18,-122.17,1
d,2022-11-02 10:45:22.854759,0.34,0.76,0.49,0.55,-11.41,-2.56,-88.17,-96.18,-122.17,1
d,2022-11-02 10:45:22.873601,0.37,0.70,0.44,3.91,-0.73,4.76,-95.19,-98.22,-125.02,1
d,2022-11-02 10:45:22.892130,-0.24,1.21,0.86,-5.07,-14.10,11.47,-95.19,-98.22,-125.02,1
d,2022-11-02 10:45:22.910697,0.28,0.94,0.27,49.56,-20.57,1.04,-95.19,-98.22,-125.02,1
d,2022-11-02 10:45:22.929738,0.31,0.81,0.40,54.75,-8.61,8.61,-96.18,-97.55,-125.23,1
d,2022-11-02 10:45:22.947818,0.23,0.61,0.08,-63.54,99.55,-31.80,-96.18,-97.55,-125.23,1
d,2022-11-02 10:45:22.965742,0.27,0.73,0.45,-58.41,56.70,-8.42,-96.18,-97.55,-125.23,1
d,2022-11-02 10:45:22.984621,0.15,0.74,0.50,-23.25,58.11,11.05,-94.71,-100.18,-130.98,1
d,2022-11-02 10:45:23.002556,0.24,0.58,0.53,78.00,82.15,50.66,-94.71,-100.18,-130.98,1
d,2022-11-02 10:45:23.020799,0.33,0.61,0.38,85.21,79.96,73.24,-94.71,-100.18,-130.98,1
d,2022-11-02 10:45:23.039502,0.33,0.68,0.18,-11.90,66.65,47.36,-84.51,-86.98,-135.52,1
d,2022-11-02 10:45:23.057637,0.24,0.97,0.06,-52.67,31.92,16.05,-84.51,-86.98,-135.52,1
d,2022-11-02 10:45:23.076585,0.15,0.88,0.15,-61.04,9.22,6.90,-73.75,-78.87,-134.91,1
d,2022-11-02 10:45:23.094923,0.19,0.91,0.22,-50.54,-5.37,17.58,-73.75,-78.87,-134.91,1
d,2022-11-02 10:45:23.112996,0.17,0.91,0.20,-44.98,-25.70,39.79,-73.75,-78.87,-134.91,1
d,2022-11-02 10:45:23.131730,0.26,1.09,0.10,-16.91,-36.56,50.29,-67.70,-73.01,-131.07,1
d,2022-11-02 10:45:23.150014,0.27,1.21,0.03,-6.71,-45.72,43.15,-67.70,-73.01,-131.07,1
d,2022-11-02 10:45:23.167730,0.25,1.19,0.09,-7.02,-52.06,23.56,-67.70,-73.01,-131.07,1
d,2022-11-02 10:45:23.186636,0.32,1.13,0.15,-3.30,-64.03,4.76,-67.18,-71.83,-125.40,1
d,2022-11-02 10:45:23.204738,0.31,1.08,0.28,3.30,-43.70,-9.77,-67.18,-71.83,-125.40,1
d,2022-11-02 10:45:23.223842,0.29,1.08,0.34,13.37,-24.29,-10.38,-74.88,-74.56,-121.91,1
d,2022-11-02 10:45:23.241795,0.29,1.04,0.35,30.88,-3.42,-10.62,-74.88,-74.56,-121.91,1
d,2022-11-02 10:45:23.259923,0.36,1.04,0.34,30.88,-1.46,-15.87,-74.88,-74.56,-121.91,1
d,2022-11-02 10:45:23.278754,0.33,1.00,0.43,29.91,6.35,-22.89,-84.37,-81.38,-123.65,1
d,2022-11-02 10:45:23.296729,0.32,0.92,0.47,13.79,10.01,-26.06,-84.37,-81.38,-123.65,1
d,2022-11-02 10:45:23.314939,0.36,0.94,0.48,17.94,16.97,-20.14,-84.37,-81.38,-123.65,1
d,2022-11-02 10:45:23.333697,0.32,0.95,0.38,6.04,23.62,-25.82,-91.86,-90.70,-123.11,1
d,2022-11-02 10:45:23.351744,0.31,0.98,0.37,-7.14,31.49,-24.17,-91.86,-90.70,-123.11,1
d,2022-11-02 10:45:23.369956,0.27,0.88,0.23,-16.30,31.98,-29.85,-91.86,-90.70,-123.11,1
d,2022-11-02 10:45:23.388558,0.24,0.80,0.27,-7.57,26.55,-30.03,-97.85,-102.60,-128.30,1
d,2022-11-02 10:45:23.406637,0.26,0.74,0.30,-8.61,12.57,-26.06,-97.85,-102.60,-128.30,1
d,2022-11-02 10:45:23.425741,0.21,0.69,0.32,-23.25,3.36,-23.80,-102.64,-114.97,-129.83,1
d,2022-11-02 10:45:23.443739,0.19,0.60,0.29,-12.27,6.53,-9.83,-102.64,-114.97,-129.83,1
d,2022-11-02 10:45:23.461716,0.16,0.64,0.25,-8.85,2.87,-0.12,-102.64,-114.97,-129.83,1
d,2022-11-02 10:45:23.481040,0.16,0.79,0.30,-14.89,-8.91,-0.85,-103.19,-118.68,-130.62,1
d,2022-11-02 10:45:23.499128,0.08,0.67,0.31,-9.34,-6.41,-5.31,-103.19,-118.68,-130.62,1
d,2022-11-02 10:45:23.516737,0.11,0.68,0.35,5.43,-17.40,-4.82,-103.19,-118.68,-130.62,1
d,2022-11-02 10:45:23.536022,0.13,0.73,0.46,2.69,-23.99,-13.06,-97.18,-113.76,-128.12,1
d,2022-11-02 10:45:23.554062,0.16,0.69,0.60,13.61,-27.28,-21.73,-97.18,-113.76,-128.12,1
d,2022-11-02 10:45:23.572631,0.24,0.59,0.69,18.98,-19.35,-27.10,-82.64,-103.97,-122.52,1
d,2022-11-02 10:45:23.590756,0.32,0.47,0.73,24.72,1.40,-13.24,-82.64,-103.97,-122.52,1
d,2022-11-02 10:45:23.608798,0.39,0.42,0.73,-0.67,10.25,-1.89,-82.64,-103.97,-122.52,1
d,2022-11-02 10:45:23.627598,0.37,0.46,0.73,-23.38,19.84,7.02,-59.52,-88.46,-116.92,1
