M,2022-10-26 13:06:55.471033,0.12,-0.23,1.23,-17.27,65.86,-12.63,44.47,64.93,-135.24,1
M,2022-10-26 13:06:55.490254,0.15,-0.25,1.15,-4.94,71.78,-5.62,44.47,64.93,-135.24,1
M,2022-10-26 13:06:55.509678,0.21,-0.29,1.03,0.37,80.87,-6.96,49.22,65.66,-140.88,1
M,2022-10-26 13:06:55.527098,0.25,-0.35,0.85,-14.83,95.21,-39.43,49.22,65.66,-140.88,1
M,2022-10-26 13:06:55.545725,0.34,-0.41,0.74,-28.93,93.63,-56.21,49.22,65.66,-140.88,1
M,2022-10-26 13:06:55.564726,0.34,-0.44,0.71,-23.32,66.10,-47.55,53.70,61.96,-146.30,1
M,2022-10-26 13:06:55.582913,0.36,-0.37,0.67,-8.00,34.61,-31.07,53.70,61.96,-146.30,1
M,2022-10-26 13:06:55.601665,0.41,-0.44,0.63,6.96,1.89,-28.81,53.70,61.96,-146.30,1
M,2022-10-26 13:06:55.621423,0.40,-0.47,0.66,4.58,-15.14,-31.13,53.20,60.23,-148.38,1
M,2022-10-26 13:06:55.639989,0.35,-0.45,0.74,-8.00,-22.58,-31.80,53.20,60.23,-148.38,1
M,2022-10-26 13:06:55.659264,0.33,-0.53,0.88,-3.72,-24.72,-10.93,47.18,60.21,-153.60,1
M,2022-10-26 13:06:55.677088,0.23,-0.56,0.92,9.95,-17.70,7.57,47.18,60.21,-153.60,1
M,2022-10-26 13:06:55.694905,0.37,-0.56,0.93,-4.52,-1.53,-6.59,47.18,60.21,-153.60,1
M,2022-10-26 13:06:55.714457,0.42,-0.53,0.94,-27.28,7.08,-28.20,43.85,59.99,-156.05,1
M,2022-10-26 13:06:55.732786,0.49,-0.51,0.91,-47.06,15.01,-49.80,43.85,59.99,-156.05,1
M,2022-10-26 13:06:55.750624,0.36,-0.48,0.97,-53.10,15.87,-48.77,43.85,59.99,-156.05,1
M,2022-10-26 13:06:55.769609,0.52,-0.42,1.10,-2.87,13.67,-19.71,43.77,55.54,-160.49,1
M,2022-10-26 13:06:55.789244,0.47,-0.49,1.00,-10.93,28.14,1.89,43.77,55.54,-160.49,1
M,2022-10-26 13:06:55.808613,0.44,-0.43,0.97,-11.41,10.31,16.36,52.50,54.36,-159.23,1
M,2022-10-26 13:06:55.827914,0.42,-0.43,0.99,0.12,0.92,18.49,52.50,54.36,-159.23,1
M,2022-10-26 13:06:55.845571,0.41,-0.44,0.83,-3.42,2.50,13.85,52.50,54.36,-159.23,1
M,2022-10-26 13:06:55.864576,0.41,-0.48,0.80,-16.60,2.01,10.19,64.70,52.19,-153.03,1
M,2022-10-26 13:06:55.882392,0.34,-0.49,0.75,-20.94,-1.65,2.99,64.70,52.19,-153.03,1
M,2022-10-26 13:06:55.900655,0.28,-0.42,0.69,-34.18,-1.89,-5.00,64.70,52.19,-153.03,1
M,2022-10-26 13:06:55.920338,0.35,-0.36,0.68,-26.86,-6.04,-4.64,73.28,49.43,-146.17,1
M,2022-10-26 13:06:55.939324,0.34,-0.32,0.68,-25.63,-15.75,-9.28,73.28,49.43,-146.17,1
M,2022-10-26 13:06:55.958877,0.23,-0.25,0.67,-15.01,-21.73,-14.59,75.67,48.27,-142.69,1
M,2022-10-26 13:06:55.977503,0.11,-0.14,0.63,-9.28,-25.88,-14.89,75.67,48.27,-142.69,1
M,2022-10-26 13:06:55.996503,0.28,-0.28,0.74,10.62,-22.09,-5.74,75.67,48.27,-142.69,1
M,2022-10-26 13:06:56.015005,0.29,-0.30,0.75,12.57,-2.62,11.54,75.06,48.34,-141.74,1
M,2022-10-26 13:06:56.033560,-0.21,-0.09,0.50,12.70,10.07,18.92,75.06,48.34,-141.74,1
M,2022-10-26 13:06:56.051429,0.30,-0.29,0.79,4.09,-15.32,-29.17,75.06,48.34,-141.74,1
M,2022-10-26 13:06:56.069722,0.25,-0.26,0.71,7.26,-6.96,-18.25,73.39,48.01,-142.70,1
M,2022-10-26 13:06:56.089325,0.26,-0.28,0.81,12.88,-5.86,-18.13,73.39,48.01,-142.70,1
M,2022-10-26 13:06:56.109464,0.29,-0.24,0.79,24.90,-7.63,-15.32,68.49,47.94,-145.25,1
M,2022-10-26 13:06:56.127639,0.28,-0.35,0.87,38.64,-4.82,-8.91,68.49,47.94,-145.25,1
M,2022-10-26 13:06:56.144539,0.31,-0.44,0.87,33.87,2.32,-7.14,68.49,47.94,-145.25,1
M,2022-10-26 13:06:56.164281,0.33,-0.45,0.83,27.16,4.39,-4.33,62.62,48.68,-146.57,1
M,2022-10-26 13:06:56.182260,0.34,-0.52,0.83,20.51,6.10,-9.95,62.62,48.68,-146.57,1
M,2022-10-26 13:06:56.200430,0.36,-0.52,0.81,10.99,5.74,-9.40,62.62,48.68,-146.57,1
M,2022-10-26 13:06:56.219453,0.37,-0.51,0.82,7.63,-0.98,-6.23,57.70,46.64,-146.61,1
M,2022-10-26 13:06:56.237584,0.42,-0.58,0.88,12.94,-2.44,3.91,57.70,46.64,-146.61,1
M,2022-10-26 13:06:56.256557,0.44,-0.64,0.91,16.11,-4.70,8.79,54.42,46.56,-145.52,1
M,2022-10-26 13:06:56.275750,0.44,-0.64,0.90,9.03,-0.43,17.94,54.42,46.56,-145.52,1
M,2022-10-26 13:06:56.293877,0.35,-0.58,0.89,4.39,-3.97,14.95,54.42,46.56,-145.52,1
M,2022-10-26 13:06:56.312495,0.34,-0.52,0.88,0.67,-17.15,-2.87,54.98,46.97,-144.64,1
M,2022-10-26 13:06:56.330557,0.33,-0.47,0.88,-0.06,-29.36,-12.45,54.98,46.97,-144.64,1
M,2022-10-26 13:06:56.349373,0.64,-0.70,1.57,-15.75,21.18,-1.65,54.98,46.97,-144.64,1
M,2022-10-26 13:06:56.368275,0.29,-0.36,1.00,-1.28,31.80,4.21,55.63,46.40,-145.08,1
M,2022-10-26 13:06:56.387440,0.32,-0.39,0.96,6.16,28.93,5.98,55.63,46.40,-145.08,1
M,2022-10-26 13:06:56.407981,0.30,-0.43,0.90,8.97,31.13,3.78,61.43,46.81,-139.27,1
M,2022-10-26 13:06:56.424812,0.30,-0.45,0.86,7.20,33.63,-0.67,61.43,46.81,-139.27,1
M,2022-10-26 13:06:56.443299,0.35,-0.48,0.81,7.32,35.46,-6.29,61.43,46.81,-139.27,1
M,2022-10-26 13:06:56.463106,0.30,-0.49,0.78,0.31,30.82,-13.31,63.40,47.85,-133.68,1
M,2022-10-26 13:06:56.481633,0.35,-0.50,0.70,4.64,10.56,-9.28,63.40,47.85,-133.68,1
M,2022-10-26 13:06:56.499288,0.38,-0.50,0.64,8.30,-2.44,-2.99,63.40,47.85,-133.68,1
M,2022-10-26 13:06:56.518852,0.30,-0.51,0.60,7.81,-7.14,0.79,62.29,48.22,-125.84,1
M,2022-10-26 13:06:56.536285,0.25,-0.50,0.53,8.73,-11.05,4.88,62.29,48.22,-125.84,1
M,2022-10-26 13:06:56.555318,0.28,-0.53,0.56,10.31,-21.18,2.44,60.24,48.91,-122.68,1
M,2022-10-26 13:06:56.573796,0.28,-0.50,0.62,-5.74,-13.12,-6.29,60.24,48.91,-122.68,1
M,2022-10-26 13:06:56.592434,0.28,-0.46,0.65,-20.26,12.15,-5.31,60.24,48.91,-122.68,1
M,2022-10-26 13:06:56.611502,0.23,-0.40,0.60,-24.60,10.31,-16.78,61.78,47.12,-125.48,1
M,2022-10-26 13:06:56.629576,0.23,-0.41,0.61,-18.01,-6.90,-23.80,61.78,47.12,-125.48,1
M,2022-10-26 13:06:56.647675,0.25,-0.35,0.69,-10.99,-17.40,-26.00,61.78,47.12,-125.48,1
M,2022-10-26 13:06:56.667481,0.25,-0.35,0.74,0.85,-20.20,-24.66,60.03,43.85,-128.06,1
M,2022-10-26 13:06:56.685678,0.28,-0.40,0.74,14.59,-20.81,-21.00,60.03,43.85,-128.06,1
M,2022-10-26 13:06:56.705344,0.29,-0.44,0.78,21.42,-17.88,-13.85,57.25,42.60,-134.02,1
M,2022-10-26 13:06:56.724534,0.30,-0.52,0.86,21.12,-14.04,-6.23,57.25,42.60,-134.02,1
M,2022-10-26 13:06:56.742070,0.29,-0.49,0.88,16.30,-8.48,-2.99,57.25,42.60,-134.02,1
M,2022-10-26 13:06:56.761876,0.32,-0.53,0.97,13.31,-4.82,-2.50,52.26,41.46,-136.80,1
M,2022-10-26 13:06:56.780735,0.35,-0.59,0.95,10.01,9.58,-0.92,52.26,41.46,-136.80,1
M,2022-10-26 13:06:56.798673,0.45,-0.59,0.98,9.77,0.37,-1.40,52.26,41.46,-136.80,1
M,2022-10-26 13:06:56.817088,0.42,-0.60,0.99,9.70,-2.20,6.96,50.62,40.56,-138.35,1
M,2022-10-26 13:06:56.835095,0.38,-0.57,0.92,8.00,-2.32,17.70,50.62,40.56,-138.35,1
M,2022-10-26 13:06:56.854034,0.39,-0.57,0.92,-1.16,-16.05,27.10,48.45,42.42,-140.48,1
M,2022-10-26 13:06:56.873636,0.22,-0.50,0.94,-10.25,-22.83,37.96,48.45,42.42,-140.48,1
M,2022-10-26 13:06:56.892229,0.06,-0.34,1.01,4.94,-7.63,58.47,48.45,42.42,-140.48,1
M,2022-10-26 13:06:56.911088,0.22,-0.35,1.00,68.60,-0.67,95.09,48.11,48.54,-136.35,1
M,2022-10-26 13:06:56.929614,0.34,-0.40,0.80,85.63,-10.80,76.72,48.11,48.54,-136.35,1
M,2022-10-26 13:06:56.948035,0.37,-0.39,0.75,87.40,-13.98,61.71,48.11,48.54,-136.35,1
M,2022-10-26 13:06:56.966088,0.39,-0.50,0.65,78.43,-9.89,38.94,49.54,53.52,-127.93,1
