y,2022-10-17 18:24:22.981135,0.01,-0.38,0.96,-5.31,9.46,10.07,13.99,11.87,-83.75,1
y,2022-10-17 18:24:22.999091,0.07,-0.27,0.88,-13.37,7.57,7.93,13.99,11.87,-83.75,1
y,2022-10-17 18:24:23.017505,0.06,-0.10,0.85,-24.66,5.00,1.34,14.94,10.71,-83.00,1
y,2022-10-17 18:24:23.035991,0.10,-0.08,0.79,-23.86,0.55,-5.13,14.94,10.71,-83.00,1
y,2022-10-17 18:24:23.055861,0.02,-0.07,0.77,-16.97,-8.97,-5.74,17.46,11.12,-82.75,1
y,2022-10-17 18:24:23.074525,-0.18,0.04,1.21,40.65,-1.77,10.50,17.46,11.12,-82.75,1
y,2022-10-17 18:24:23.091684,-0.06,-0.30,0.82,33.14,-0.43,5.37,17.46,11.12,-82.75,1
y,2022-10-17 18:24:23.111612,-0.04,-0.20,0.41,-3.91,14.95,-0.37,18.33,10.73,-82.80,1
y,2022-10-17 18:24:23.130326,-0.06,-0.19,0.81,-27.34,-35.58,-13.55,18.33,10.73,-82.80,1
y,2022-10-17 18:24:23.149173,-0.05,0.04,0.88,-26.31,-37.41,-14.40,18.33,10.73,-82.80,1
y,2022-10-17 18:24:23.169343,-0.07,0.08,0.98,-0.98,-35.40,-14.65,18.25,12.81,-84.56,1
y,2022-10-17 18:24:23.188332,-0.08,0.00,1.13,25.02,-30.88,-14.34,18.25,12.81,-84.56,1
y,2022-10-17 18:24:23.208583,-0.08,-0.18,1.26,37.11,-14.34,-20.45,14.84,17.30,-84.92,1
y,2022-10-17 18:24:23.226867,-0.05,-0.26,1.26,31.19,-1.89,-22.16,14.84,17.30,-84.92,1
y,2022-10-17 18:24:23.245896,-0.05,-0.29,1.28,34.85,7.20,-15.69,14.84,17.30,-84.92,1
y,2022-10-17 18:24:23.265208,-0.04,-0.31,1.22,40.65,21.97,-9.83,9.03,19.68,-85.06,1
y,2022-10-17 18:24:23.284829,-0.04,-0.47,1.00,33.87,30.94,-11.72,9.03,19.68,-85.06,1
y,2022-10-17 18:24:23.304415,-0.01,-0.49,0.81,19.65,31.19,-8.79,4.80,20.02,-83.42,1
y,2022-10-17 18:24:23.322846,-0.02,-0.40,0.64,1.65,16.91,-3.60,4.80,20.02,-83.42,1
y,2022-10-17 18:24:23.341887,-0.06,-0.31,0.56,-2.44,2.56,-1.04,4.80,20.02,-83.42,1
y,2022-10-17 18:24:23.361661,-0.10,-0.24,0.70,-10.99,-8.12,-7.75,3.94,19.73,-85.47,1
y,2022-10-17 18:24:23.380391,-0.01,-0.19,0.13,-29.48,29.54,-6.96,3.94,19.73,-85.47,1
y,2022-10-17 18:24:23.399602,-0.08,-0.25,0.60,-9.77,-39.67,-10.99,3.94,19.73,-85.47,1
y,2022-10-17 18:24:23.419916,-0.11,-0.09,0.64,-12.76,-49.32,-13.92,4.54,19.74,-85.71,1
y,2022-10-17 18:24:23.438234,-0.10,-0.14,0.84,-0.12,-50.60,-17.58,4.54,19.74,-85.71,1
y,2022-10-17 18:24:23.458309,-0.09,-0.27,0.96,19.04,-45.41,-11.90,3.43,21.59,-83.74,1
y,2022-10-17 18:24:23.477908,-0.08,-0.45,1.12,31.43,-40.89,2.81,3.43,21.59,-83.74,1
y,2022-10-17 18:24:23.496131,-0.11,-0.58,1.35,15.38,-35.03,6.16,3.43,21.59,-83.74,1
y,2022-10-17 18:24:23.518014,-0.12,-0.52,1.43,-7.63,-23.80,8.24,3.71,21.78,-79.47,1
y,2022-10-17 18:24:23.536155,-0.12,-0.52,1.41,-16.54,-8.24,23.38,3.71,21.78,-79.47,1
y,2022-10-17 18:24:23.556393,-0.15,-0.46,1.28,-21.79,8.85,37.35,10.67,21.00,-80.97,1
y,2022-10-17 18:24:23.574982,-0.19,-0.34,1.16,-35.34,29.66,41.81,10.67,21.00,-80.97,1
y,2022-10-17 18:24:23.594138,-0.25,-0.02,1.06,-31.43,39.25,36.80,10.67,21.00,-80.97,1
y,2022-10-17 18:24:23.614684,-0.27,0.00,1.01,-9.52,44.56,27.77,19.34,14.86,-83.69,1
y,2022-10-17 18:24:23.633428,-0.16,0.03,0.83,8.61,42.60,26.61,19.34,14.86,-83.69,1
y,2022-10-17 18:24:23.652357,-0.11,0.06,0.74,18.01,25.27,14.40,19.45,8.64,-82.81,1
y,2022-10-17 18:24:23.670214,-0.10,0.03,0.68,15.56,16.78,2.75,19.45,8.64,-82.81,1
y,2022-10-17 18:24:23.688767,-0.09,-0.03,0.65,12.76,9.16,-5.80,19.45,8.64,-82.81,1
y,2022-10-17 18:24:23.708186,-0.10,-0.05,0.68,5.19,2.20,-13.12,16.77,7.36,-84.09,1
y,2022-10-17 18:24:23.728028,-0.06,-0.12,0.77,5.74,-5.37,-19.17,16.77,7.36,-84.09,1
y,2022-10-17 18:24:23.746642,-0.04,-0.14,0.83,14.10,-8.79,-17.64,16.77,7.36,-84.09,1
y,2022-10-17 18:24:23.766761,0.01,-0.21,0.86,15.56,-9.64,-19.78,13.17,9.45,-83.98,1
y,2022-10-17 18:24:23.785842,-0.05,-0.22,1.03,8.18,-10.74,-22.16,13.17,9.45,-83.98,1
y,2022-10-17 18:24:23.805101,-0.04,-0.23,1.12,4.94,-4.82,-24.35,8.98,11.32,-84.17,1
y,2022-10-17 18:24:23.824328,-0.05,-0.22,1.16,17.52,4.27,-19.90,8.98,11.32,-84.17,1
