a,2022-10-31 14:54:15.767591,-0.23,0.59,1.05,-27.89,-13.85,36.32,16.89,11.61,-127.33,1
a,2022-10-31 14:54:15.785462,-0.28,0.54,1.05,-18.86,-7.14,27.34,16.89,11.61,-127.33,1
a,2022-10-31 14:54:15.803703,-0.22,0.47,0.90,5.13,-0.43,26.55,16.89,11.61,-127.33,1
a,2022-10-31 14:54:15.822263,-0.14,0.40,0.74,-1.65,3.85,24.23,20.59,6.24,-125.77,1
a,2022-10-31 14:54:15.839858,-0.25,0.52,0.86,-41.63,-9.95,4.76,20.59,6.24,-125.77,1
a,2022-10-31 14:54:15.858824,-0.35,0.63,1.00,-61.40,-11.41,-9.40,20.59,6.24,-125.77,1
a,2022-10-31 14:54:15.877802,-0.39,0.68,1.08,-48.95,-3.17,-10.93,22.53,-2.00,-123.80,1
a,2022-10-31 14:54:15.895505,-0.34,0.61,1.06,-14.59,6.23,-5.31,22.53,-2.00,-123.80,1
a,2022-10-31 14:54:15.914103,-0.29,0.52,1.03,10.38,11.35,3.48,26.25,-7.62,-123.95,1
a,2022-10-31 14:54:15.932265,-0.23,0.49,1.00,-1.53,6.59,-13.00,26.25,-7.62,-123.95,1
a,2022-10-31 14:54:15.950796,-0.30,0.40,1.04,-13.00,2.62,-23.56,26.25,-7.62,-123.95,1
a,2022-10-31 14:54:15.969866,-0.32,0.44,1.04,-14.77,7.69,-22.52,29.13,-11.77,-121.17,1
a,2022-10-31 14:54:15.987431,-0.27,0.36,0.95,-6.16,13.85,-17.88,29.13,-11.77,-121.17,1
a,2022-10-31 14:54:16.005901,-0.12,0.31,0.76,3.11,6.23,-23.68,29.13,-11.77,-121.17,1
a,2022-10-31 14:54:16.024927,-0.11,0.39,0.78,-5.00,1.28,-26.25,31.52,-14.61,-118.92,1
a,2022-10-31 14:54:16.042320,-0.12,0.47,0.83,-13.24,-1.10,-30.64,31.52,-14.61,-118.92,1
a,2022-10-31 14:54:16.061763,-0.10,0.44,0.84,-23.44,-1.89,-40.59,34.09,-15.95,-117.29,1
a,2022-10-31 14:54:16.079939,-0.16,0.28,0.90,-27.40,-7.39,-37.11,34.09,-15.95,-117.29,1
a,2022-10-31 14:54:16.097703,-0.18,0.30,0.92,-24.72,-4.09,-27.89,34.09,-15.95,-117.29,1
a,2022-10-31 14:54:16.116918,-0.14,0.35,0.96,-28.26,2.62,-22.40,37.39,-16.69,-117.53,1
a,2022-10-31 14:54:16.134176,-0.10,0.43,0.95,-31.86,4.94,-23.93,37.39,-16.69,-117.53,1
a,2022-10-31 14:54:16.153052,-0.05,0.37,0.89,-21.42,-4.46,-27.71,37.39,-16.69,-117.53,1
a,2022-10-31 14:54:16.171831,-0.05,0.30,0.84,-19.53,-11.41,-20.75,40.77,-18.35,-117.55,1
a,2022-10-31 14:54:16.189958,-0.74,0.36,1.43,-14.95,-13.18,-10.86,40.77,-18.35,-117.55,1
a,2022-10-31 14:54:16.207367,-0.12,0.32,0.86,45.96,7.75,15.75,40.77,-18.35,-117.55,1
a,2022-10-31 14:54:16.225901,-0.12,0.18,0.86,18.55,9.70,15.14,41.94,-19.47,-117.76,1
a,2022-10-31 14:54:16.244316,-0.06,0.27,0.84,-16.85,3.30,10.86,41.94,-19.47,-117.76,1
a,2022-10-31 14:54:16.263680,-0.10,0.25,0.82,-21.48,-0.98,19.41,41.50,-22.66,-115.72,1
a,2022-10-31 14:54:16.281937,-0.10,0.25,0.77,-16.54,-7.75,30.64,41.50,-22.66,-115.72,1
a,2022-10-31 14:54:16.299269,-0.11,0.27,0.72,-14.28,-14.34,33.87,41.50,-22.66,-115.72,1
a,2022-10-31 14:54:16.318623,-0.17,0.31,0.74,-11.41,-20.94,37.66,38.54,-26.75,-112.99,1
a,2022-10-31 14:54:16.336925,-0.21,0.45,0.70,-1.59,-29.85,37.90,38.54,-26.75,-112.99,1
a,2022-10-31 14:54:16.354259,-0.29,0.51,0.78,3.48,-41.32,32.90,38.54,-26.75,-112.99,1
a,2022-10-31 14:54:16.373862,-0.29,0.55,0.84,2.87,-49.32,17.09,35.85,-29.03,-114.45,1
a,2022-10-31 14:54:16.391706,-0.26,0.57,0.89,-22.83,-43.95,-6.29,35.85,-29.03,-114.45,1
a,2022-10-31 14:54:16.410939,-0.27,0.59,0.89,-17.70,-37.90,-7.57,33.29,-27.09,-115.97,1
a,2022-10-31 14:54:16.429842,-0.26,0.54,0.86,-3.72,-33.57,-3.60,33.29,-27.09,-115.97,1
a,2022-10-31 14:54:16.446265,-0.29,0.52,0.85,-2.69,-33.39,0.00,33.29,-27.09,-115.97,1
a,2022-10-31 14:54:16.465550,-0.32,0.59,1.00,-3.91,-28.14,-4.52,32.17,-23.52,-120.91,1
a,2022-10-31 14:54:16.483813,-0.27,0.61,1.09,-1.40,-10.80,-19.29,32.17,-23.52,-120.91,1
a,2022-10-31 14:54:16.501267,-0.26,0.51,1.08,5.92,-1.53,-20.45,32.17,-23.52,-120.91,1
a,2022-10-31 14:54:16.520005,-0.24,0.48,1.08,0.67,8.06,-26.31,32.03,-18.75,-124.34,1
a,2022-10-31 14:54:16.538804,-0.22,0.49,1.06,-15.26,17.21,-37.84,32.03,-18.75,-124.34,1
a,2022-10-31 14:54:16.556228,-0.19,0.47,1.03,-11.90,25.82,-41.02,32.03,-18.75,-124.34,1
a,2022-10-31 14:54:16.575505,-0.16,0.45,0.98,-7.87,29.79,-40.16,33.40,-17.35,-125.11,1
a,2022-10-31 14:54:16.593849,-0.15,0.41,0.94,0.61,32.71,-39.67,33.40,-17.35,-125.11,1
a,2022-10-31 14:54:16.612794,-0.11,0.30,0.85,11.60,33.45,-34.00,37.04,-16.87,-124.99,1
a,2022-10-31 14:54:16.630176,-0.07,0.15,0.79,24.29,21.36,-9.28,37.04,-16.87,-124.99,1
a,2022-10-31 14:54:16.648018,-0.11,0.19,0.80,21.97,14.65,7.93,37.04,-16.87,-124.99,1
a,2022-10-31 14:54:16.667806,-0.13,0.26,0.81,7.75,16.97,10.25,40.22,-18.54,-122.14,1
a,2022-10-31 14:54:16.685705,-0.16,0.30,0.75,-3.60,18.07,9.09,40.22,-18.54,-122.14,1
a,2022-10-31 14:54:16.703819,-0.18,0.40,0.73,-13.37,13.92,5.13,40.22,-18.54,-122.14,1
a,2022-10-31 14:54:16.722369,-0.17,0.42,0.74,-8.30,4.76,-4.09,41.08,-21.00,-118.52,1
a,2022-10-31 14:54:16.740491,-0.18,0.52,0.80,-3.23,1.04,-0.49,41.08,-21.00,-118.52,1
a,2022-10-31 14:54:16.759416,-0.16,0.46,0.79,-0.12,-1.59,1.34,40.94,-22.19,-117.75,1
a,2022-10-31 14:54:16.777648,-0.15,0.43,0.84,-4.09,0.85,2.44,40.94,-22.19,-117.75,1
a,2022-10-31 14:54:16.795998,-0.15,0.41,0.84,-7.02,4.76,3.05,40.94,-22.19,-117.75,1
a,2022-10-31 14:54:16.814246,-0.15,0.41,0.76,-2.93,-3.66,-7.93,41.32,-22.33,-119.10,1
a,2022-10-31 14:54:16.832573,-0.15,0.38,0.74,-0.24,-5.68,-4.82,41.32,-22.33,-119.10,1
a,2022-10-31 14:54:16.850924,-0.15,0.35,0.72,3.97,-11.54,0.31,41.32,-22.33,-119.10,1
a,2022-10-31 14:54:16.869141,-0.17,0.38,0.72,12.08,-18.62,3.48,39.78,-20.92,-121.18,1
a,2022-10-31 14:54:16.887289,-0.17,0.39,0.77,19.65,-29.24,8.61,39.78,-20.92,-121.18,1
a,2022-10-31 14:54:16.905592,-0.17,0.33,0.78,23.25,-36.38,13.18,39.78,-20.92,-121.18,1
a,2022-10-31 14:54:16.923956,-0.21,0.36,0.82,10.56,-40.53,12.08,37.05,-17.58,-124.76,1
a,2022-10-31 14:54:16.942582,-0.22,0.41,0.86,-3.48,-38.70,7.32,37.05,-17.58,-124.76,1
a,2022-10-31 14:54:16.961762,-0.25,0.53,0.90,-16.97,-28.44,-0.92,33.64,-15.11,-129.49,1
a,2022-10-31 14:54:16.979957,-0.23,0.50,0.95,-6.77,-21.30,-1.22,33.64,-15.11,-129.49,1
a,2022-10-31 14:54:16.997475,-0.21,0.45,0.96,2.99,-16.24,2.99,33.64,-15.11,-129.49,1
a,2022-10-31 14:54:17.015999,-0.24,0.48,1.02,3.60,-10.44,6.47,30.88,-12.57,-133.08,1
a,2022-10-31 14:54:17.035434,-0.26,0.53,1.02,-8.42,-1.40,-7.45,30.88,-12.57,-133.08,1
a,2022-10-31 14:54:17.053624,-0.22,0.44,0.97,-8.30,-0.85,-14.10,30.88,-12.57,-133.08,1
a,2022-10-31 14:54:17.072343,-0.20,0.36,0.91,-8.12,-1.46,-14.65,29.44,-10.75,-134.84,1
a,2022-10-31 14:54:17.090631,-0.19,0.35,0.90,-12.21,-1.65,-8.54,29.44,-10.75,-134.84,1
a,2022-10-31 14:54:17.108962,-0.22,0.39,0.89,-16.30,1.28,1.34,29.22,-10.85,-135.24,1
a,2022-10-31 14:54:17.127146,-0.49,0.44,1.08,-12.51,12.57,6.59,29.22,-10.85,-135.24,1
a,2022-10-31 14:54:17.145473,-0.53,0.50,1.05,25.82,30.15,25.51,29.22,-10.85,-135.24,1
a,2022-10-31 14:54:17.164104,-0.49,0.47,0.98,45.04,47.30,29.91,29.06,-11.33,-133.78,1
a,2022-10-31 14:54:17.181958,-0.41,0.45,0.88,33.57,47.79,14.95,29.06,-11.33,-133.78,1
a,2022-10-31 14:54:17.200264,-0.33,0.54,0.86,18.68,46.08,-1.04,29.06,-11.33,-133.78,1
a,2022-10-31 14:54:17.218984,-0.23,0.57,0.76,19.23,45.41,-10.74,27.59,-9.50,-127.87,1
a,2022-10-31 14:54:17.237377,-0.08,0.55,0.67,31.62,41.87,-12.08,27.59,-9.50,-127.87,1
a,2022-10-31 14:54:17.255627,-0.02,0.44,0.62,33.20,24.72,-20.08,27.59,-9.50,-127.87,1
