H,2022-10-17 15:35:42.666494,0.05,0.99,-0.15,-65.49,53.41,18.19,-8.87,-75.27,-104.96,1
H,2022-10-17 15:35:42.686018,0.14,1.00,-0.31,-86.06,45.72,20.75,-8.87,-75.27,-104.96,1
H,2022-10-17 15:35:42.707016,0.13,1.02,-0.56,-106.38,41.81,22.46,-14.07,-70.78,-106.59,1
H,2022-10-17 15:35:42.727010,0.02,0.98,-0.66,-135.86,13.61,13.49,-14.07,-70.78,-106.59,1
H,2022-10-17 15:35:42.748008,0.01,0.99,-0.78,-140.81,4.33,9.16,-17.76,-66.55,-104.76,1
H,2022-10-17 15:35:42.767007,-0.03,1.02,-0.86,-120.97,3.48,-6.41,-17.76,-66.55,-104.76,1
H,2022-10-17 15:35:42.786013,-0.07,1.02,-0.97,-96.86,11.47,-19.04,-17.76,-66.55,-104.76,1
H,2022-10-17 15:35:42.807014,-0.11,1.00,-1.13,-84.29,-3.42,-32.23,-19.32,-61.95,-105.25,1
H,2022-10-17 15:35:42.826013,-0.20,1.00,-1.16,-87.04,-28.26,-39.55,-19.32,-61.95,-105.25,1
H,2022-10-17 15:35:42.845006,-0.17,0.84,-1.05,-77.09,-48.10,-47.42,-19.32,-61.95,-105.25,1
H,2022-10-17 15:35:42.865008,-0.16,0.67,-0.84,-56.40,-45.84,-32.41,-19.78,-56.76,-103.83,1
H,2022-10-17 15:35:42.884008,-0.22,0.84,-0.87,-35.03,-25.76,-25.51,-19.78,-56.76,-103.83,1
H,2022-10-17 15:35:42.904020,-0.25,0.82,-0.83,-12.94,-23.74,-29.60,-20.74,-52.15,-103.22,1
H,2022-10-17 15:35:42.925041,-0.18,0.88,-0.71,10.13,-21.48,-32.10,-20.74,-52.15,-103.22,1
H,2022-10-17 15:35:42.946023,-0.12,0.81,-0.63,7.93,-24.05,-36.13,-20.74,-52.15,-103.22,1
H,2022-10-17 15:35:42.967011,-0.11,0.80,-0.54,-17.64,-29.54,-27.22,-23.33,-47.83,-101.81,1
H,2022-10-17 15:35:42.988010,-0.09,0.69,-0.67,-30.03,-30.70,-26.31,-23.33,-47.83,-101.81,1
H,2022-10-17 15:35:43.008021,-0.09,0.59,-0.74,-34.18,-45.59,-16.30,-25.33,-44.43,-100.98,1
H,2022-10-17 15:35:43.030032,-0.06,0.69,-0.78,-19.35,-45.41,-10.44,-25.33,-44.43,-100.98,1
H,2022-10-17 15:35:43.050014,-0.08,0.73,-0.73,13.55,-39.98,-17.58,-28.11,-41.06,-99.32,1
H,2022-10-17 15:35:43.069019,-0.03,0.70,-0.65,28.69,-42.36,-22.77,-28.11,-41.06,-99.32,1
H,2022-10-17 15:35:43.088011,0.02,0.76,-0.43,18.25,-34.06,-6.04,-28.11,-41.06,-99.32,1
H,2022-10-17 15:35:43.109013,0.07,0.74,-0.37,-2.56,-21.73,1.04,-31.52,-39.36,-98.41,1
H,2022-10-17 15:35:43.129065,0.07,0.60,-0.28,-13.00,-6.65,9.95,-31.52,-39.36,-98.41,1
H,2022-10-17 15:35:43.152015,0.09,0.65,-0.52,75.87,6.35,-8.12,-34.14,-38.12,-97.77,1
H,2022-10-17 15:35:43.173143,0.06,0.71,-0.42,-0.85,-24.41,-14.34,-34.14,-38.12,-97.77,1
H,2022-10-17 15:35:43.192845,-0.34,0.27,-0.21,-26.49,-52.43,-19.35,-34.14,-38.12,-97.77,1
H,2022-10-17 15:35:43.214646,-0.10,0.61,-0.27,48.71,18.68,94.42,-31.65,-35.84,-98.41,1
H,2022-10-17 15:35:43.235529,-0.19,0.49,-0.28,79.65,49.80,111.08,-31.65,-35.84,-98.41,1
H,2022-10-17 15:35:43.254537,-0.05,0.64,-0.61,101.32,71.78,117.43,-19.13,-34.45,-99.19,1
H,2022-10-17 15:35:43.274724,-0.03,0.80,-0.66,99.18,61.89,95.15,-19.13,-34.45,-99.19,1
H,2022-10-17 15:35:43.297199,-0.14,0.99,-0.59,82.03,56.88,50.35,-19.13,-34.45,-99.19,1
H,2022-10-17 15:35:43.320324,-0.11,1.28,-0.75,70.98,68.42,11.72,-7.20,-40.41,-96.18,1
H,2022-10-17 15:35:43.343483,-0.10,1.27,-0.72,38.39,51.45,-43.52,-7.20,-40.41,-96.18,1
H,2022-10-17 15:35:43.364193,-0.25,1.65,-0.75,-9.52,-14.28,-58.53,-4.08,-47.52,-96.00,1
H,2022-10-17 15:35:43.388375,-0.16,1.42,-0.51,-38.57,-76.17,-89.90,-4.08,-47.52,-96.00,1
H,2022-10-17 15:35:43.413393,0.13,1.33,-0.24,-56.03,-64.03,-73.30,-3.58,-48.58,-97.64,1
H,2022-10-17 15:35:43.437859,0.19,1.21,-0.36,-43.40,-25.15,-53.22,-3.58,-48.58,-97.64,1
H,2022-10-17 15:35:43.458146,0.19,1.02,-0.53,-45.65,-12.08,-48.46,-9.57,-44.17,-99.29,1
H,2022-10-17 15:35:43.481899,0.09,0.75,-0.64,-71.78,-42.11,-44.56,-9.57,-44.17,-99.29,1
H,2022-10-17 15:35:43.503078,0.04,0.40,-0.30,-76.72,-47.24,-20.45,-16.98,-38.93,-101.17,1
H,2022-10-17 15:35:43.521074,0.14,0.20,-0.31,-60.18,-12.08,25.02,-16.98,-38.93,-101.17,1
H,2022-10-17 15:35:43.541048,-0.25,0.70,-0.80,60.00,39.43,47.06,-16.98,-38.93,-101.17,1
H,2022-10-17 15:35:43.565176,-0.04,0.83,-0.57,91.43,65.00,9.28,-19.48,-35.39,-100.50,1
H,2022-10-17 15:35:43.584169,0.01,0.62,-1.01,79.96,-12.70,12.21,-19.48,-35.39,-100.50,1
H,2022-10-17 15:35:43.604167,-0.03,0.78,-0.76,47.42,-69.03,29.48,-19.37,-37.84,-99.85,1
H,2022-10-17 15:35:43.625168,-0.01,1.13,-0.22,41.93,-63.29,7.20,-19.37,-37.84,-99.85,1
H,2022-10-17 15:35:43.645181,-0.04,1.10,-0.10,68.91,-4.33,-23.93,-19.37,-37.84,-99.85,1
H,2022-10-17 15:35:43.665177,0.09,1.03,-0.26,66.53,29.79,-30.52,-19.48,-42.24,-97.34,1
H,2022-10-17 15:35:43.685169,0.13,1.24,-0.33,10.31,1.71,-27.16,-19.48,-42.24,-97.34,1
H,2022-10-17 15:35:43.705164,-0.30,1.26,0.02,-20.75,-31.01,-50.11,-22.13,-46.61,-95.37,1
H,2022-10-17 15:35:43.725174,0.03,0.92,-0.11,-3.30,-21.85,-65.06,-22.13,-46.61,-95.37,1
H,2022-10-17 15:35:43.745165,0.55,0.73,-0.16,0.49,-12.82,-51.39,-22.13,-46.61,-95.37,1
H,2022-10-17 15:35:43.765171,0.47,0.32,-0.15,-33.26,17.46,20.87,-24.62,-51.01,-92.21,1
H,2022-10-17 15:35:43.785166,0.36,0.21,-0.32,-48.03,27.59,66.83,-24.62,-51.01,-92.21,1
H,2022-10-17 15:35:43.805177,-0.06,0.59,-0.67,37.35,-28.14,-9.16,-27.73,-47.49,-90.80,1
H,2022-10-17 15:35:43.824179,0.02,0.76,-0.30,2.81,-32.41,-21.00,-27.73,-47.49,-90.80,1
H,2022-10-17 15:35:43.843164,-0.32,0.29,-0.09,-21.30,-47.24,47.00,-27.73,-47.49,-90.80,1
H,2022-10-17 15:35:43.864164,-0.14,0.56,-0.20,7.51,-5.43,131.29,-25.85,-45.07,-91.98,1
H,2022-10-17 15:35:43.883173,-0.18,0.58,-0.24,34.18,28.69,135.56,-25.85,-45.07,-91.98,1
H,2022-10-17 15:35:43.903426,-0.14,0.56,-0.44,105.47,79.35,127.87,-13.62,-41.72,-98.14,1
H,2022-10-17 15:35:43.922430,-0.11,0.79,-0.36,125.18,92.47,101.81,-13.62,-41.72,-98.14,1
H,2022-10-17 15:35:43.942424,-0.13,1.05,-0.43,127.20,105.10,70.07,-13.62,-41.72,-98.14,1
H,2022-10-17 15:35:43.961436,-0.14,1.18,-0.47,61.34,68.85,14.16,-1.29,-52.08,-99.67,1
H,2022-10-17 15:35:43.981428,-0.91,1.82,-0.42,30.09,17.21,-36.87,-1.29,-52.08,-99.67,1
H,2022-10-17 15:35:44.000422,-0.69,1.67,-0.15,40.83,-27.47,-91.61,0.02,-61.68,-101.31,1
H,2022-10-17 15:35:44.019425,-0.10,1.43,0.13,9.09,-10.56,-79.35,0.02,-61.68,-101.31,1
H,2022-10-17 15:35:44.038446,0.16,1.27,-0.12,-6.04,19.96,-43.76,0.02,-61.68,-101.31,1
H,2022-10-17 15:35:44.058424,0.26,1.01,-0.17,-8.61,28.14,-20.32,-7.36,-65.01,-102.66,1
H,2022-10-17 15:35:44.077423,0.21,0.81,-0.14,2.14,44.68,9.09,-7.36,-65.01,-102.66,1
H,2022-10-17 15:35:44.098439,0.00,0.86,-0.24,15.26,52.73,10.07,-11.28,-65.19,-103.65,1
H,2022-10-17 15:35:44.118424,0.10,0.78,-0.24,25.70,27.04,5.68,-11.28,-65.19,-103.65,1
