J,2022-10-19 16:15:47.946459,0.34,0.06,0.88,22.09,11.90,7.32,16.80,23.60,-30.11,1
J,2022-10-19 16:15:47.966674,0.33,0.05,0.86,9.40,14.95,6.23,16.32,25.63,-30.98,1
J,2022-10-19 16:15:47.985648,0.41,0.09,0.81,-9.03,21.97,14.40,16.32,25.63,-30.98,1
J,2022-10-19 16:15:48.005588,0.38,0.14,0.82,-28.99,22.89,26.06,16.41,26.12,-31.46,1
J,2022-10-19 16:15:48.024180,0.42,0.17,0.76,-35.28,22.95,34.30,16.41,26.12,-31.46,1
J,2022-10-19 16:15:48.042721,0.44,0.15,0.76,-44.43,18.98,30.94,16.41,26.12,-31.46,1
J,2022-10-19 16:15:48.062932,0.48,0.27,0.72,-77.58,1.28,16.36,16.81,24.66,-31.46,1
J,2022-10-19 16:15:48.080971,0.41,0.46,0.63,-101.75,-10.50,4.39,16.81,24.66,-31.46,1
J,2022-10-19 16:15:48.100238,0.38,0.57,0.60,-99.06,-15.93,-1.22,16.81,24.66,-31.46,1
J,2022-10-19 16:15:48.121292,0.31,0.67,0.60,-81.91,-24.48,-6.71,16.27,22.17,-30.43,1
J,2022-10-19 16:15:48.144153,0.29,0.79,0.61,-48.71,-32.41,-16.54,16.27,22.17,-30.43,1
J,2022-10-19 16:15:48.163069,-0.09,0.94,0.42,26.00,-22.34,-31.07,15.30,21.20,-31.60,1
J,2022-10-19 16:15:48.183103,0.41,0.61,0.75,93.38,-6.04,-23.56,15.30,21.20,-31.60,1
J,2022-10-19 16:15:48.201504,0.37,0.50,0.88,82.21,-19.53,-36.19,15.30,21.20,-31.60,1
J,2022-10-19 16:15:48.220832,0.37,0.55,0.76,80.26,-25.15,-23.19,14.50,24.39,-32.17,1
J,2022-10-19 16:15:48.240775,0.40,0.30,0.85,80.08,-20.08,-14.83,14.50,24.39,-32.17,1
J,2022-10-19 16:15:48.260412,0.37,0.21,0.85,62.81,-18.86,-12.76,12.18,26.99,-32.24,1
J,2022-10-19 16:15:48.279109,0.37,0.02,0.87,41.75,-12.51,-6.23,12.18,26.99,-32.24,1
J,2022-10-19 16:15:48.297857,0.35,-0.03,0.87,19.29,-7.14,-0.67,12.18,26.99,-32.24,1
J,2022-10-19 16:15:48.318671,0.34,-0.01,0.86,-0.85,0.79,7.87,10.83,27.53,-31.01,1
J,2022-10-19 16:15:48.343434,0.34,0.11,0.80,-16.11,16.97,18.13,10.83,27.53,-31.01,1
J,2022-10-19 16:15:48.359824,0.36,0.08,0.86,-17.33,27.95,26.98,11.89,27.95,-32.51,1
J,2022-10-19 16:15:48.377437,0.40,0.21,0.85,-42.36,26.31,20.32,11.89,27.95,-32.51,1
J,2022-10-19 16:15:48.395900,0.46,0.36,0.79,-51.76,22.16,17.40,11.89,27.95,-32.51,1
J,2022-10-19 16:15:48.416284,0.48,0.42,0.77,-61.46,13.79,10.74,12.99,25.84,-32.36,1
J,2022-10-19 16:15:48.434437,0.43,0.54,0.74,-71.72,1.83,2.26,12.99,25.84,-32.36,1
J,2022-10-19 16:15:48.452691,0.27,0.58,0.81,-53.28,-5.19,-30.76,12.99,25.84,-32.36,1
J,2022-10-19 16:15:48.473618,0.35,0.88,0.50,-35.40,1.59,-27.34,14.81,23.38,-30.21,1
J,2022-10-19 16:15:48.492346,0.29,0.68,0.73,3.05,12.08,-1.46,14.81,23.38,-30.21,1
J,2022-10-19 16:15:48.512349,0.27,0.49,0.76,22.34,5.25,13.92,15.09,23.54,-30.08,1
J,2022-10-19 16:15:48.531369,0.26,0.31,0.78,37.78,-17.58,14.89,15.09,23.54,-30.08,1
J,2022-10-19 16:15:48.549775,0.25,0.30,0.71,37.35,-30.15,12.33,15.09,23.54,-30.08,1
J,2022-10-19 16:15:48.570084,0.26,0.34,0.70,32.17,-35.34,13.06,14.26,24.26,-30.74,1
J,2022-10-19 16:15:48.589492,0.28,0.35,0.75,37.84,-38.57,22.71,14.26,24.26,-30.74,1
J,2022-10-19 16:15:48.609144,0.30,0.30,0.74,36.44,-39.73,27.22,13.54,23.97,-31.23,1
J,2022-10-19 16:15:48.628402,0.36,0.28,0.84,30.52,-33.39,26.00,13.54,23.97,-31.23,1
J,2022-10-19 16:15:48.645840,0.37,0.22,0.92,6.35,-31.13,19.96,13.54,23.97,-31.23,1
J,2022-10-19 16:15:48.665924,0.37,0.33,0.89,-21.42,-28.32,7.57,13.53,23.14,-30.46,1
J,2022-10-19 16:15:48.686141,0.35,0.41,0.89,-31.37,-21.79,1.16,13.53,23.14,-30.46,1
J,2022-10-19 16:15:48.706738,0.36,0.51,0.86,-18.37,-10.68,9.40,13.53,23.14,-30.46,1
J,2022-10-19 16:15:48.724532,0.37,0.47,0.85,-8.79,-1.59,10.68,13.40,21.69,-30.83,1
J,2022-10-19 16:15:48.743181,0.42,0.48,0.85,-11.35,8.67,1.28,13.40,21.69,-30.83,1
J,2022-10-19 16:15:48.761492,0.36,0.62,0.83,-24.05,16.42,-13.24,14.70,20.36,-31.21,1
J,2022-10-19 16:15:48.779601,0.36,0.66,0.78,-2.81,35.16,0.43,14.70,20.36,-31.21,1
J,2022-10-19 16:15:48.798221,0.40,0.61,0.79,-2.26,49.26,14.59,14.70,20.36,-31.21,1
J,2022-10-19 16:15:48.817447,0.28,0.61,0.84,-30.76,59.39,21.30,15.82,19.67,-29.96,1
J,2022-10-19 16:15:48.837258,0.30,0.58,0.89,-31.86,55.97,25.02,15.82,19.67,-29.96,1
J,2022-10-19 16:15:48.860928,0.26,0.65,0.85,-57.01,23.25,15.32,15.82,19.67,-29.96,1
J,2022-10-19 16:15:48.878639,0.13,0.70,0.71,-38.15,2.99,0.12,17.26,18.96,-28.64,1
J,2022-10-19 16:15:48.897696,0.12,0.84,0.54,9.64,2.62,-23.93,17.26,18.96,-28.64,1
