D,2022-10-18 15:42:34.334201,0.47,0.04,0.70,-30.27,4.21,6.84,-39.36,-3.52,-188.33,1
D,2022-10-18 15:42:34.352323,0.46,0.10,0.72,-18.31,-13.31,1.95,-39.36,-3.52,-188.33,1
D,2022-10-18 15:42:34.370369,0.39,0.10,0.98,-1.10,-12.70,-6.53,-39.36,-3.52,-188.33,1
D,2022-10-18 15:42:34.389323,0.44,0.03,0.86,10.07,-9.34,-4.64,-40.52,-3.48,-188.96,1
D,2022-10-18 15:42:34.407325,0.44,0.04,0.85,2.08,-6.90,-1.28,-40.52,-3.48,-188.96,1
D,2022-10-18 15:42:34.426317,0.41,0.05,0.84,-5.62,-2.08,1.34,-40.52,-3.00,-188.48,1
D,2022-10-18 15:42:34.444397,0.43,0.05,0.83,-10.86,2.93,3.78,-40.52,-3.00,-188.48,1
D,2022-10-18 15:42:34.462265,0.43,0.02,0.83,-23.25,6.77,5.07,-40.52,-3.00,-188.48,1
D,2022-10-18 15:42:34.481247,0.43,0.04,0.84,-36.25,11.17,3.30,-39.67,-4.42,-189.94,1
D,2022-10-18 15:42:34.499542,0.43,0.06,0.30,-42.30,11.54,-1.71,-39.67,-4.42,-189.94,1
D,2022-10-18 15:42:34.517410,0.36,0.02,0.73,54.02,-54.75,-4.03,-39.67,-4.42,-189.94,1
D,2022-10-18 15:42:34.536182,0.28,0.03,0.68,45.17,-50.48,0.61,-37.96,-3.96,-187.01,1
D,2022-10-18 15:42:34.554391,0.26,0.07,0.69,48.77,-58.90,-1.65,-37.96,-3.96,-187.01,1
D,2022-10-18 15:42:34.572451,0.29,0.00,0.71,55.85,-64.03,-4.76,-37.96,-3.96,-187.01,1
D,2022-10-18 15:42:34.591188,0.37,0.02,0.82,21.91,-47.67,-1.22,-34.79,-2.93,-181.15,1
D,2022-10-18 15:42:34.609294,0.33,0.00,0.90,22.46,-42.60,2.20,-34.79,-2.93,-181.15,1
D,2022-10-18 15:42:34.628212,0.39,0.02,1.02,29.42,-41.93,6.29,-28.20,-0.29,-180.20,1
D,2022-10-18 15:42:34.646181,0.45,0.00,1.15,22.64,-31.68,0.18,-28.20,-0.29,-180.20,1
D,2022-10-18 15:42:34.664348,0.41,0.00,1.23,6.59,-12.33,0.00,-28.20,-0.29,-180.20,1
D,2022-10-18 15:42:34.683303,0.46,0.04,1.24,-12.39,6.84,-0.43,-26.76,1.61,-182.76,1
D,2022-10-18 15:42:34.701309,0.48,0.01,1.26,-2.93,2.87,0.67,-26.76,1.61,-182.76,1
D,2022-10-18 15:42:34.719096,0.37,0.03,1.09,2.99,-0.85,5.13,-26.76,1.61,-182.76,1
D,2022-10-18 15:42:34.738262,0.33,-0.01,1.07,41.26,-27.16,1.59,-26.05,2.45,-181.09,1
D,2022-10-18 15:42:34.756429,0.17,-0.07,1.28,-27.89,43.21,1.77,-26.05,2.45,-181.09,1
D,2022-10-18 15:42:34.775218,0.27,0.02,1.25,-21.42,64.27,13.06,-27.64,1.04,-181.86,1
D,2022-10-18 15:42:34.793261,0.48,0.07,1.04,-0.43,69.03,14.77,-27.64,1.04,-181.86,1
D,2022-10-18 15:42:34.811138,0.45,0.00,0.90,-5.00,57.68,0.00,-27.64,1.04,-181.86,1
D,2022-10-18 15:42:34.830418,0.47,-0.08,0.75,-9.70,43.88,-3.11,-29.74,-2.17,-184.27,1
D,2022-10-18 15:42:34.848606,0.50,-0.08,0.70,-20.51,33.14,-2.44,-29.74,-2.17,-184.27,1
D,2022-10-18 15:42:34.866327,0.47,-0.10,0.65,-29.97,23.86,-2.01,-29.74,-2.17,-184.27,1
D,2022-10-18 15:42:34.885344,0.50,-0.02,0.57,-33.14,11.90,2.93,-33.13,-4.21,-186.50,1
D,2022-10-18 15:42:34.903347,0.48,0.05,0.54,-35.89,-8.61,2.62,-33.13,-4.21,-186.50,1
D,2022-10-18 15:42:34.921489,0.44,0.11,0.57,-52.31,-15.50,1.53,-33.13,-4.21,-186.50,1
D,2022-10-18 15:42:34.940467,0.30,0.17,0.72,-60.30,-25.76,-2.44,-34.91,-3.14,-186.06,1
D,2022-10-18 15:42:34.958591,-0.12,0.72,1.29,-54.63,-16.72,-5.80,-34.91,-3.14,-186.06,1
D,2022-10-18 15:42:34.977321,0.39,0.24,0.88,21.36,-7.63,-0.73,-37.70,-1.97,-185.69,1
D,2022-10-18 15:42:34.995175,0.44,0.14,0.84,7.26,-5.25,5.62,-37.70,-1.97,-185.69,1
D,2022-10-18 15:42:35.013386,0.40,0.56,1.06,-21.18,8.97,-14.16,-37.70,-1.97,-185.69,1
D,2022-10-18 15:42:35.032366,0.34,0.47,0.95,-20.87,20.63,-46.88,-38.34,-3.69,-187.72,1
D,2022-10-18 15:42:35.050379,0.39,0.53,0.88,19.59,2.08,-58.78,-38.34,-3.69,-187.72,1
D,2022-10-18 15:42:35.068352,0.30,0.31,0.82,76.42,-4.58,-62.07,-38.34,-3.69,-187.72,1
D,2022-10-18 15:42:35.087324,0.31,0.14,0.71,109.62,-13.43,-54.26,-43.43,-9.72,-189.18,1
D,2022-10-18 15:42:35.105457,0.26,-0.09,0.66,124.51,-24.78,-48.22,-43.43,-9.72,-189.18,1
D,2022-10-18 15:42:35.124519,0.30,-0.28,0.71,110.60,-28.26,-41.56,-47.68,-16.11,-187.65,1
D,2022-10-18 15:42:35.142474,0.33,-0.44,0.67,64.70,-20.94,-33.63,-47.68,-16.11,-187.65,1
D,2022-10-18 15:42:35.160382,0.34,-0.50,0.71,45.72,-21.97,-24.78,-47.68,-16.11,-187.65,1
D,2022-10-18 15:42:35.179395,0.33,-0.53,0.71,35.89,-26.12,-16.17,-45.76,-23.08,-185.01,1
D,2022-10-18 15:42:35.197499,0.33,-0.54,0.73,28.38,-33.63,-7.63,-45.76,-23.08,-185.01,1
D,2022-10-18 15:42:35.215358,0.32,-0.48,0.75,1.22,-41.20,2.56,-45.76,-23.08,-185.01,1
D,2022-10-18 15:42:35.234342,0.42,-0.42,0.96,4.27,-35.16,4.33,-41.72,-23.38,-183.46,1
D,2022-10-18 15:42:35.252378,0.37,-0.37,0.96,-17.64,-17.40,7.87,-41.72,-23.38,-183.46,1
D,2022-10-18 15:42:35.270482,0.39,-0.34,0.91,-20.69,-10.07,12.15,-41.72,-23.38,-183.46,1
D,2022-10-18 15:42:35.289448,0.36,-0.34,0.94,-23.62,-11.29,22.09,-37.34,-17.55,-183.37,1
D,2022-10-18 15:42:35.307480,0.39,-0.29,0.95,-32.71,-5.25,36.13,-37.34,-17.55,-183.37,1
D,2022-10-18 15:42:35.326271,0.37,-0.19,0.95,-44.80,0.79,41.56,-32.20,-9.79,-181.88,1
D,2022-10-18 15:42:35.344376,0.32,-0.05,0.99,-58.11,7.14,39.86,-32.20,-9.79,-181.88,1
D,2022-10-18 15:42:35.362260,0.36,0.07,1.03,-59.45,8.42,37.48,-32.20,-9.79,-181.88,1
D,2022-10-18 15:42:35.381290,0.32,0.22,1.05,-54.08,6.71,24.54,-25.96,-1.65,-181.21,1
D,2022-10-18 15:42:35.399320,0.18,1.03,1.29,-46.69,5.74,-2.01,-25.96,-1.65,-181.21,1
D,2022-10-18 15:42:35.417470,0.36,0.37,1.11,-16.54,-2.26,-33.63,-25.96,-1.65,-181.21,1
D,2022-10-18 15:42:35.436182,0.33,0.27,0.99,13.98,-24.90,13.00,-25.68,-0.51,-180.92,1
D,2022-10-18 15:42:35.454028,0.35,0.20,1.32,3.30,1.16,36.50,-25.68,-0.51,-180.92,1
D,2022-10-18 15:42:35.472504,-0.15,0.38,1.17,-3.11,48.83,-1.04,-25.68,-0.51,-180.92,1
D,2022-10-18 15:42:35.491182,0.11,0.33,1.09,71.78,44.98,-3.91,-27.75,-1.72,-183.13,1
D,2022-10-18 15:42:35.509233,0.46,0.20,0.93,89.36,53.83,-18.07,-27.75,-1.72,-183.13,1
D,2022-10-18 15:42:35.528197,0.63,0.07,0.88,78.49,53.83,-26.92,-35.68,-7.30,-187.40,1
D,2022-10-18 15:42:35.546347,0.50,-0.12,0.71,24.84,60.30,-39.00,-35.68,-7.30,-187.40,1
D,2022-10-18 15:42:35.564322,0.52,-0.21,0.70,11.84,49.13,-38.88,-35.68,-7.30,-187.40,1
D,2022-10-18 15:42:35.583268,0.51,-0.22,0.71,3.30,37.29,-36.13,-41.82,-16.78,-193.52,1
D,2022-10-18 15:42:35.601451,0.49,-0.26,0.69,-2.87,27.04,-35.40,-41.82,-16.78,-193.52,1
