V,2022-11-08 17:42:22.968831,0.35,-0.42,0.85,9.09,10.99,-0.31,8.26,31.70,-17.91,1
V,2022-11-08 17:42:22.987646,0.37,-0.43,0.82,10.31,11.29,1.53,7.23,31.71,-17.54,1
V,2022-11-08 17:42:23.005751,0.35,-0.42,0.83,9.03,11.23,3.23,7.23,31.71,-17.54,1
V,2022-11-08 17:42:23.023789,0.38,-0.46,0.78,13.61,11.35,3.78,7.23,31.71,-17.54,1
V,2022-11-08 17:42:23.042705,0.38,-0.46,0.76,8.18,10.86,1.22,6.60,31.46,-17.90,1
V,2022-11-08 17:42:23.060684,0.38,-0.45,0.74,4.52,8.18,0.61,6.60,31.46,-17.90,1
V,2022-11-08 17:42:23.079798,0.37,-0.47,0.73,2.50,3.11,-0.18,5.59,32.39,-19.14,1
V,2022-11-08 17:42:23.097975,0.39,-0.46,0.74,-15.20,-7.20,-3.72,5.59,32.39,-19.14,1
V,2022-11-08 17:42:23.116098,0.34,-0.43,0.73,-3.91,-10.62,-4.03,5.59,32.39,-19.14,1
V,2022-11-08 17:42:23.134992,0.27,-0.41,0.73,-1.59,-7.81,-4.64,4.79,31.76,-18.26,1
V,2022-11-08 17:42:23.152959,0.29,-0.42,0.72,1.34,-3.11,-5.98,4.79,31.76,-18.26,1
V,2022-11-08 17:42:23.171004,0.28,-0.44,0.75,-1.28,-1.95,-7.69,4.79,31.76,-18.26,1
V,2022-11-08 17:42:23.189792,-0.02,-0.11,0.84,4.88,-0.31,5.13,4.35,31.40,-17.85,1
V,2022-11-08 17:42:23.207528,0.27,-0.80,0.74,14.59,1.59,7.39,4.35,31.40,-17.85,1
V,2022-11-08 17:42:23.225832,0.30,-0.39,0.79,-28.26,1.77,-17.15,4.35,31.40,-17.85,1
V,2022-11-08 17:42:23.244942,0.26,-0.35,0.76,-21.85,-1.77,-18.49,5.15,31.74,-18.55,1
V,2022-11-08 17:42:23.263035,0.25,-0.34,0.76,-28.32,-3.54,-21.91,5.15,31.74,-18.55,1
V,2022-11-08 17:42:23.282130,0.28,-0.25,0.80,-22.28,-8.12,-24.35,4.61,31.57,-17.29,1
V,2022-11-08 17:42:23.299829,0.29,-0.26,0.75,12.39,-15.69,-12.94,4.61,31.57,-17.29,1
V,2022-11-08 17:42:23.317870,0.26,-0.37,0.76,23.80,-15.75,-5.19,4.61,31.57,-17.29,1
V,2022-11-08 17:42:23.337055,0.33,-0.48,0.77,23.32,-11.29,-1.71,6.25,32.19,-16.17,1
V,2022-11-08 17:42:23.354885,0.32,-0.54,0.82,12.33,-5.74,-2.50,6.25,32.19,-16.17,1
V,2022-11-08 17:42:23.372885,0.29,-0.55,0.85,3.30,-1.83,-6.84,6.25,32.19,-16.17,1
V,2022-11-08 17:42:23.392020,0.36,-0.51,0.88,-0.85,-1.95,-8.06,7.25,32.34,-16.43,1
V,2022-11-08 17:42:23.410083,0.34,-0.45,0.94,3.05,-2.08,-3.05,7.25,32.34,-16.43,1
V,2022-11-08 17:42:23.428121,0.35,-0.54,0.92,13.61,-3.66,3.42,7.25,32.34,-16.43,1
V,2022-11-08 17:42:23.446797,0.35,-0.55,0.93,15.50,-3.54,9.52,8.09,32.42,-15.84,1
V,2022-11-08 17:42:23.464878,0.34,-0.58,0.93,16.11,-3.05,14.04,8.09,32.42,-15.84,1
V,2022-11-08 17:42:23.483754,0.34,-0.61,0.92,18.07,-6.10,15.99,8.58,32.58,-16.50,1
V,2022-11-08 17:42:23.501831,0.29,-0.73,0.89,7.02,-11.96,4.15,8.58,32.58,-16.50,1
V,2022-11-08 17:42:23.520298,0.29,-0.59,0.88,-5.13,-16.85,-9.22,8.58,32.58,-16.50,1
V,2022-11-08 17:42:23.538988,0.41,-0.30,0.53,-7.45,-12.21,-15.08,8.54,33.02,-16.58,1
V,2022-11-08 17:42:23.556916,0.33,-0.45,0.90,-18.74,22.16,-2.56,8.54,33.02,-16.58,1
V,2022-11-08 17:42:23.574873,0.32,-0.45,0.97,-21.00,26.92,-1.83,8.54,33.02,-16.58,1
V,2022-11-08 17:42:23.593791,0.29,-0.40,0.98,-7.20,17.33,-4.76,6.81,32.58,-17.70,1
V,2022-11-08 17:42:23.611833,0.33,-0.46,0.88,7.20,12.27,-5.00,6.81,32.58,-17.70,1
V,2022-11-08 17:42:23.629709,0.25,-0.41,0.86,7.87,12.57,-6.47,6.81,32.58,-17.70,1
V,2022-11-08 17:42:23.648671,0.35,-0.42,0.82,17.82,15.20,-2.87,5.83,33.36,-17.55,1
V,2022-11-08 17:42:23.666755,0.29,-0.46,0.81,20.08,18.68,-2.44,5.83,33.36,-17.55,1
V,2022-11-08 17:42:23.685566,0.27,-0.46,0.82,15.69,15.20,1.71,4.42,33.84,-18.26,1
V,2022-11-08 17:42:23.703914,0.25,-0.53,0.82,16.72,5.68,3.30,4.42,33.84,-18.26,1
V,2022-11-08 17:42:23.721823,0.28,-0.50,0.76,15.87,-1.77,-0.92,4.42,33.84,-18.26,1
V,2022-11-08 17:42:23.740794,0.28,-0.46,0.73,11.60,-0.55,-2.26,3.06,33.67,-19.21,1
V,2022-11-08 17:42:23.758741,0.25,-0.42,0.70,10.93,-1.83,2.75,3.06,33.67,-19.21,1
V,2022-11-08 17:42:23.776808,0.19,-0.49,0.69,26.37,-6.84,10.31,3.06,33.67,-19.21,1
V,2022-11-08 17:42:23.795790,0.18,-0.62,0.57,33.94,-13.49,13.24,3.20,33.79,-18.80,1
V,2022-11-08 17:42:23.813691,0.11,-0.67,0.46,20.20,-9.46,6.04,3.20,33.79,-18.80,1
V,2022-11-08 17:42:23.831734,-0.20,-0.35,0.63,1.89,7.08,11.17,3.20,33.79,-18.80,1
V,2022-11-08 17:42:23.850823,-0.16,-0.67,0.59,36.80,5.55,44.98,2.66,34.23,-16.67,1
V,2022-11-08 17:42:23.868754,0.03,-0.65,0.49,64.45,22.09,44.19,2.66,34.23,-16.67,1
V,2022-11-08 17:42:23.887732,0.25,-0.73,0.43,62.44,28.56,45.59,5.69,33.80,-17.91,1
V,2022-11-08 17:42:23.905800,0.40,-0.80,0.44,39.67,21.85,46.39,5.69,33.80,-17.91,1
V,2022-11-08 17:42:23.923557,0.46,-0.75,0.46,19.59,6.84,44.80,5.69,33.80,-17.91,1
V,2022-11-08 17:42:23.942637,0.50,-0.74,0.46,15.26,-13.67,46.14,9.02,33.54,-16.53,1
V,2022-11-08 17:42:23.960709,0.49,-0.75,0.47,7.02,-45.84,49.01,9.02,33.54,-16.53,1
V,2022-11-08 17:42:23.978972,0.45,-0.75,0.51,-4.46,-57.80,46.63,9.02,33.54,-16.53,1
V,2022-11-08 17:42:23.997965,0.42,-0.67,0.53,-22.46,-60.24,40.16,12.90,31.45,-17.90,1
V,2022-11-08 17:42:24.016141,0.37,-0.56,0.63,-38.70,-55.11,37.35,12.90,31.45,-17.90,1
