N,2022-10-26 10:47:03.752779,0.26,-0.19,0.71,3.17,10.07,-15.01,-16.91,22.99,-107.39,1
N,2022-10-26 10:47:03.776381,0.27,-0.27,0.73,-14.83,-5.43,-15.26,-16.91,22.99,-107.39,1
N,2022-10-26 10:47:03.792392,0.21,-0.28,0.75,-21.61,-13.18,-13.55,-18.85,21.31,-103.61,1
N,2022-10-26 10:47:03.808390,0.17,-0.30,0.84,-16.91,-20.39,-7.14,-18.85,21.31,-103.61,1
N,2022-10-26 10:47:03.833855,0.16,-0.29,0.85,-21.48,-20.45,-7.32,-18.85,21.31,-103.61,1
N,2022-10-26 10:47:03.850814,0.15,-0.32,0.90,-27.40,-21.48,-8.24,-22.89,19.14,-101.56,1
N,2022-10-26 10:47:03.866912,0.07,-0.32,0.97,-30.94,-23.19,-0.31,-22.89,19.14,-101.56,1
N,2022-10-26 10:47:03.882984,0.05,-0.21,0.99,-36.32,-19.10,-1.28,-22.89,19.14,-101.56,1
N,2022-10-26 10:47:03.909479,0.02,-0.18,1.07,-42.72,-12.33,-12.08,-26.73,18.23,-98.05,1
N,2022-10-26 10:47:03.928403,0.02,-0.16,1.05,-29.54,-2.56,-16.17,-26.73,18.23,-98.05,1
N,2022-10-26 10:47:03.944414,0.03,-0.24,1.03,-0.06,-3.60,-6.84,-29.13,16.64,-92.72,1
N,2022-10-26 10:47:03.969014,0.02,-0.31,1.01,9.95,-6.23,1.53,-29.13,16.64,-92.72,1
N,2022-10-26 10:47:03.986278,0.09,-0.27,0.96,6.53,-8.91,8.85,-29.13,16.64,-92.72,1
N,2022-10-26 10:47:04.004092,0.07,-0.28,1.00,-5.55,-11.23,5.07,-29.26,16.03,-89.11,1
N,2022-10-26 10:47:04.025589,0.09,-0.23,1.00,-9.22,-10.19,7.45,-29.26,16.03,-89.11,1
N,2022-10-26 10:47:04.044645,0.09,-0.32,0.99,-7.87,-8.42,9.28,-30.20,16.65,-86.90,1
N,2022-10-26 10:47:04.062821,0.07,-0.29,1.03,-18.86,-5.68,11.66,-30.20,16.65,-86.90,1
N,2022-10-26 10:47:04.082027,0.02,-0.16,1.10,-14.77,5.19,4.52,-30.20,16.65,-86.90,1
N,2022-10-26 10:47:04.098693,-0.02,-0.06,1.07,-9.09,11.23,0.43,-30.04,16.78,-86.22,1
N,2022-10-26 10:47:04.116918,0.07,-0.12,1.02,23.80,3.30,8.18,-30.04,16.78,-86.22,1
N,2022-10-26 10:47:04.132911,0.06,-0.19,0.99,41.56,-3.17,12.45,-30.04,16.78,-86.22,1
N,2022-10-26 10:47:04.158880,0.07,-0.29,1.05,21.42,2.38,11.17,-29.91,16.81,-85.01,1
N,2022-10-26 10:47:04.176801,0.06,-0.24,1.02,-25.57,42.30,15.50,-29.91,16.81,-85.01,1
N,2022-10-26 10:47:04.194633,0.13,-0.26,0.96,-35.40,44.07,5.98,-29.32,16.75,-90.14,1
N,2022-10-26 10:47:04.210760,0.10,-0.30,1.00,-22.95,26.00,8.97,-29.32,16.75,-90.14,1
N,2022-10-26 10:47:04.234760,0.13,-0.21,1.02,-28.44,21.85,11.11,-29.32,16.75,-90.14,1
N,2022-10-26 10:47:04.257229,0.12,-0.12,0.98,-22.83,22.16,13.61,-29.63,16.97,-93.41,1
N,2022-10-26 10:47:04.275093,0.17,-0.18,1.08,-11.47,16.60,13.12,-29.63,16.97,-93.41,1
N,2022-10-26 10:47:04.291796,0.20,-0.20,0.98,-19.35,24.48,13.73,-28.72,17.53,-97.20,1
N,2022-10-26 10:47:04.313730,0.17,-0.16,0.99,-35.16,18.86,4.64,-28.72,17.53,-97.20,1
N,2022-10-26 10:47:04.326090,0.14,-0.07,0.95,-42.11,19.78,5.43,-28.72,17.53,-97.20,1
N,2022-10-26 10:47:04.350271,0.14,-0.03,0.98,-27.47,11.60,2.56,-26.99,16.50,-104.21,1
N,2022-10-26 10:47:04.366600,0.16,-0.05,0.96,-19.29,12.88,5.74,-26.99,16.50,-104.21,1
N,2022-10-26 10:47:04.387362,0.14,-0.06,0.91,-9.58,9.28,6.65,-24.21,16.33,-109.31,1
N,2022-10-26 10:47:04.410323,0.14,-0.06,0.89,-11.35,7.75,6.71,-24.21,16.33,-109.31,1
N,2022-10-26 10:47:04.428581,0.13,-0.07,0.85,-7.75,-5.00,3.23,-24.21,16.33,-109.31,1
N,2022-10-26 10:47:04.444581,0.13,-0.06,0.86,-11.11,-7.69,4.21,-21.57,16.93,-113.77,1
N,2022-10-26 10:47:04.468581,0.13,-0.06,0.84,-13.37,-8.54,6.16,-21.57,16.93,-113.77,1
N,2022-10-26 10:47:04.484582,0.12,-0.01,0.82,0.06,-18.01,7.14,-21.57,16.93,-113.77,1
N,2022-10-26 10:47:04.502369,0.13,-0.04,0.88,1.22,-3.05,14.47,-20.54,16.89,-113.21,1
N,2022-10-26 10:47:04.525396,0.08,0.22,0.59,-3.36,4.76,16.48,-20.54,16.89,-113.21,1
N,2022-10-26 10:47:04.542643,0.09,0.11,0.86,0.98,-16.85,-12.82,-20.80,16.80,-114.67,1
N,2022-10-26 10:47:04.558650,0.13,0.10,0.84,20.32,-19.96,-10.68,-20.80,16.80,-114.67,1
N,2022-10-26 10:47:04.582641,0.11,0.09,0.89,22.64,-22.16,-15.01,-20.80,16.80,-114.67,1
N,2022-10-26 10:47:04.598642,0.10,0.07,0.90,28.99,-20.81,-20.75,-24.28,17.13,-109.23,1
N,2022-10-26 10:47:04.615377,0.08,-0.04,0.91,34.12,-19.17,-23.50,-24.28,17.13,-109.23,1
N,2022-10-26 10:47:04.642360,0.08,-0.10,0.89,31.80,-18.49,-25.09,-27.20,17.47,-104.05,1
N,2022-10-26 10:47:04.658898,0.15,-0.22,1.00,34.79,-20.87,-21.97,-27.20,17.47,-104.05,1
N,2022-10-26 10:47:04.678738,0.10,-0.21,0.98,33.51,-17.82,-18.37,-27.20,17.47,-104.05,1
N,2022-10-26 10:47:04.701401,0.12,-0.24,0.99,34.55,-13.43,-12.63,-28.77,17.26,-97.81,1
N,2022-10-26 10:47:04.716683,0.09,-0.31,1.05,28.08,-3.36,-5.92,-28.77,17.26,-97.81,1
N,2022-10-26 10:47:04.734434,0.10,-0.36,1.04,16.54,-3.30,-8.00,-28.77,17.26,-97.81,1
N,2022-10-26 10:47:04.750436,0.10,-0.33,1.06,11.72,1.59,-2.81,-28.37,16.22,-93.77,1
N,2022-10-26 10:47:04.775619,0.10,-0.33,1.06,8.42,1.59,0.98,-28.37,16.22,-93.77,1
N,2022-10-26 10:47:04.792527,0.11,-0.25,1.02,3.78,-0.24,-0.61,-28.22,16.26,-92.19,1
N,2022-10-26 10:47:04.814522,0.10,-0.22,1.01,0.37,-3.23,-3.60,-28.22,16.26,-92.19,1
N,2022-10-26 10:47:04.833366,0.10,-0.25,1.03,10.62,-1.34,2.87,-28.22,16.26,-92.19,1
N,2022-10-26 10:47:04.850749,0.11,-0.27,0.98,15.14,-2.87,5.31,-28.15,16.28,-91.50,1
N,2022-10-26 10:47:04.866797,0.08,-0.24,0.98,6.96,-7.57,-3.36,-28.15,16.28,-91.50,1
N,2022-10-26 10:47:04.890859,0.08,-0.22,0.98,2.14,-10.56,-8.24,-28.22,16.66,-91.22,1
N,2022-10-26 10:47:04.908753,0.06,-0.16,0.99,3.30,-16.78,-10.38,-28.22,16.66,-91.22,1
N,2022-10-26 10:47:04.925746,0.07,-0.16,1.00,16.78,-22.03,-7.69,-28.22,16.66,-91.22,1
N,2022-10-26 10:47:04.941773,0.06,-0.21,0.99,27.53,-28.50,-5.49,-29.28,16.35,-91.46,1
N,2022-10-26 10:47:04.965773,0.05,-0.22,1.02,17.46,-43.33,-2.62,-29.28,16.35,-91.46,1
N,2022-10-26 10:47:04.981771,0.03,-0.22,1.00,14.22,-56.70,-1.10,-29.28,16.35,-91.46,1
N,2022-10-26 10:47:05.005779,0.00,-0.24,0.99,15.63,-63.29,-1.04,-29.30,16.74,-90.59,1
N,2022-10-26 10:47:05.021773,-0.20,-0.19,1.23,-13.61,-15.63,6.23,-29.30,16.74,-90.59,1
N,2022-10-26 10:47:05.045846,-0.08,-0.17,1.04,-7.20,98.21,46.02,-29.08,18.02,-94.03,1
N,2022-10-26 10:47:05.065315,0.18,-0.31,0.78,-29.11,134.58,-9.46,-29.08,18.02,-94.03,1
N,2022-10-26 10:47:05.083175,0.13,-0.23,0.97,-34.18,54.69,-36.99,-29.08,18.02,-94.03,1
N,2022-10-26 10:47:05.100475,0.11,-0.23,1.10,-10.74,5.13,-17.33,-27.58,18.03,-100.34,1
N,2022-10-26 10:47:05.122799,0.10,-0.20,0.99,2.69,9.34,1.59,-27.58,18.03,-100.34,1
N,2022-10-26 10:47:05.143697,0.08,-0.24,0.94,-0.43,17.09,0.18,-25.33,18.93,-103.53,1
N,2022-10-26 10:47:05.174917,0.10,-0.26,0.87,-14.53,19.71,-6.10,-25.33,18.93,-103.53,1
N,2022-10-26 10:47:05.183145,0.10,-0.20,0.85,-12.02,12.21,-5.98,-25.33,18.93,-103.53,1
N,2022-10-26 10:47:05.200086,0.09,-0.16,0.89,-4.64,2.26,-7.57,-24.56,18.99,-105.90,1
N,2022-10-26 10:47:05.224110,0.09,-0.14,0.84,6.04,4.70,-0.37,-24.56,18.99,-105.90,1
N,2022-10-26 10:47:05.240177,0.09,-0.14,0.83,10.74,-2.32,-1.04,-23.16,19.75,-109.17,1
N,2022-10-26 10:47:05.256144,0.07,-0.16,0.91,12.51,-6.90,-0.37,-23.16,19.75,-109.17,1
N,2022-10-26 10:47:05.278493,0.10,-0.23,0.83,10.99,-3.11,0.55,-23.16,19.75,-109.17,1
N,2022-10-26 10:47:05.300443,0.08,-0.22,0.92,8.00,-12.02,-4.46,-22.89,20.43,-109.25,1
N,2022-10-26 10:47:05.318626,0.09,-0.22,0.92,2.32,-3.36,-3.36,-22.89,20.43,-109.25,1
N,2022-10-26 10:47:05.336727,0.10,-0.20,0.92,-4.09,0.24,-2.87,-23.00,19.89,-108.76,1
N,2022-10-26 10:47:05.356214,0.10,-0.19,0.94,-2.56,4.70,0.00,-23.00,19.89,-108.76,1
N,2022-10-26 10:47:05.375809,0.10,-0.20,0.95,0.18,5.80,3.17,-23.00,19.89,-108.76,1
N,2022-10-26 10:47:05.392964,0.12,-0.21,0.95,1.53,5.62,3.23,-22.52,19.85,-108.87,1
N,2022-10-26 10:47:05.408960,0.12,-0.22,0.97,0.98,3.85,3.05,-22.52,19.85,-108.87,1
N,2022-10-26 10:47:05.433599,0.13,-0.22,0.97,0.24,0.31,1.83,-22.52,19.85,-108.87,1
N,2022-10-26 10:47:05.449906,0.10,-0.25,0.98,-3.60,-4.46,-0.61,-22.73,19.26,-108.24,1
N,2022-10-26 10:47:05.475172,0.07,-0.28,0.96,-16.30,-6.71,-4.64,-22.73,19.26,-108.24,1
