U,2022-10-25 16:43:09.092680,0.12,-1.02,0.71,-42.60,-3.36,5.49,9.73,63.12,-73.02,1
U,2022-10-25 16:43:09.110282,0.02,-0.97,0.79,-47.85,-2.26,19.90,9.73,63.12,-73.02,1
U,2022-10-25 16:43:09.129847,0.01,-0.68,0.80,-66.04,12.02,23.99,9.73,63.12,-73.02,1
U,2022-10-25 16:43:09.147876,0.16,-0.39,0.70,-74.04,21.55,12.45,9.48,62.48,-71.40,1
U,2022-10-25 16:43:09.167628,0.29,-0.26,0.61,-71.53,15.93,-7.63,9.48,62.48,-71.40,1
U,2022-10-25 16:43:09.186416,0.41,-0.14,0.55,-72.81,-6.47,-30.88,9.28,62.12,-70.79,1
U,2022-10-25 16:43:09.203914,0.24,-0.11,0.54,-58.11,-37.66,-38.82,9.28,62.12,-70.79,1
U,2022-10-25 16:43:09.222110,-0.17,-0.24,0.72,-23.44,-61.89,-21.24,9.28,62.12,-70.79,1
U,2022-10-25 16:43:09.241530,0.01,-0.13,0.82,53.77,0.61,35.95,11.91,62.19,-70.03,1
U,2022-10-25 16:43:09.259874,0.00,-0.98,0.62,24.05,24.54,23.80,11.91,62.19,-70.03,1
U,2022-10-25 16:43:09.280044,-0.08,-0.69,0.53,43.33,-53.83,-25.33,11.91,62.19,-70.03,1
U,2022-10-25 16:43:09.298547,-0.00,-0.36,0.66,-36.93,-24.78,-39.79,13.16,61.85,-72.25,1
U,2022-10-25 16:43:09.316820,-0.01,-0.25,0.73,-20.94,-29.48,-28.50,13.16,61.85,-72.25,1
U,2022-10-25 16:43:09.337063,-0.01,-0.30,0.91,34.79,-38.27,-10.93,14.33,63.15,-75.22,1
U,2022-10-25 16:43:09.357782,-0.04,-0.37,0.98,56.88,-40.04,-5.80,14.33,63.15,-75.22,1
U,2022-10-25 16:43:09.374853,-0.09,-0.40,1.05,67.50,-42.05,-17.94,14.33,63.15,-75.22,1
U,2022-10-25 16:43:09.393216,-0.08,-0.50,1.16,62.56,-34.42,-31.37,14.01,66.33,-77.92,1
U,2022-10-25 16:43:09.411421,-0.11,-0.53,1.10,67.63,-23.07,-28.56,14.01,66.33,-77.92,1
U,2022-10-25 16:43:09.430967,0.01,-0.80,1.09,87.28,-22.22,-25.45,14.01,66.33,-77.92,1
U,2022-10-25 16:43:09.453218,-0.02,-0.94,0.96,93.93,-29.24,-10.86,11.63,67.93,-78.09,1
U,2022-10-25 16:43:09.469701,-0.02,-1.08,0.83,82.76,-32.78,-5.07,11.63,67.93,-78.09,1
U,2022-10-25 16:43:09.489655,-0.10,-1.08,0.85,56.27,-25.82,-5.92,9.27,67.74,-76.92,1
U,2022-10-25 16:43:09.509397,-0.04,-0.83,0.64,-23.07,47.97,-2.81,9.27,67.74,-76.92,1
U,2022-10-25 16:43:09.527980,-0.10,-1.10,0.89,-31.98,44.62,-14.28,9.27,67.74,-76.92,1
U,2022-10-25 16:43:09.547165,0.00,-0.75,0.62,-68.36,65.61,-6.23,8.87,65.06,-73.88,1
U,2022-10-25 16:43:09.565579,0.01,-0.86,0.68,-50.84,40.95,-7.87,8.87,65.06,-73.88,1
U,2022-10-25 16:43:09.586253,0.04,-0.71,0.53,-50.54,40.04,10.01,7.02,63.11,-71.94,1
U,2022-10-25 16:43:09.605905,0.00,-0.52,0.43,-33.45,21.00,15.01,7.02,63.11,-71.94,1
U,2022-10-25 16:43:09.624164,-0.05,-0.58,0.57,-1.83,0.12,2.99,7.02,63.11,-71.94,1
U,2022-10-25 16:43:09.643432,-0.07,-0.67,0.60,-4.03,0.73,-5.25,5.27,61.22,-67.65,1
U,2022-10-25 16:43:09.661598,-0.13,0.36,0.36,-19.47,3.11,-12.39,5.27,61.22,-67.65,1
U,2022-10-25 16:43:09.680045,-0.10,-0.54,0.64,-28.63,-7.81,-32.29,5.27,61.22,-67.65,1
U,2022-10-25 16:43:09.698152,-0.07,-0.45,0.76,-40.04,0.55,-5.49,4.82,61.71,-67.69,1
U,2022-10-25 16:43:09.717931,-0.05,-0.46,0.79,-28.63,3.97,19.84,4.82,61.71,-67.69,1
U,2022-10-25 16:43:09.736687,-0.19,-0.14,0.65,-20.08,6.10,37.23,4.68,61.72,-69.62,1
U,2022-10-25 16:43:09.755302,-0.64,-0.66,1.14,25.39,-3.60,3.66,4.68,61.72,-69.62,1
U,2022-10-25 16:43:09.772995,-0.44,-0.51,1.01,71.41,30.21,44.86,4.68,61.72,-69.62,1
