D,2022-11-05 15:05:17.890637,3.103044,8.183799,2.130948,0.658061,-0.326008,0.248316,54.484653,-112.021377,-58.227268,1
D,2022-11-05 15:05:17.986595,3.270646,7.958732,1.283357,0.402394,-0.140383,0.393993,54.484653,-112.021377,-58.227268,1
D,2022-11-05 15:05:18.082621,5.171739,7.283533,1.374342,0.079214,0.064551,0.855659,59.665161,-112.201187,-67.039108,1
D,2022-11-05 15:05:18.163577,4.175701,5.899613,0.766184,0.266171,-0.352507,0.551654,65.202941,-122.809959,-80.343261,1
D,2022-11-05 15:05:18.258688,4.712029,8.265206,1.896304,-0.804835,0.172410,-0.066475,59.129245,-110.223281,-83.107765,1
D,2022-11-05 15:05:18.354279,6.009752,11.871057,2.791781,-0.219064,0.270549,0.166822,59.129245,-110.223281,-83.107765,1
D,2022-11-05 15:05:18.450991,4.678508,9.543775,1.082234,0.824644,-0.220012,-0.041308,33.048069,-150.860260,-64.101829,1
D,2022-11-05 15:05:18.546654,3.677681,7.360151,0.493231,0.601734,-0.104296,0.370557,46.088657,-121.551292,-59.091175,1
D,2022-11-05 15:05:18.643029,5.037657,7.451135,1.029559,0.310247,-0.033988,0.467231,58.950607,-120.112815,-62.201236,1
D,2022-11-05 15:05:18.738399,5.966655,8.447175,1.063080,0.217967,0.286928,0.053236,62.166095,-125.866722,-67.384674,1
D,2022-11-05 15:05:18.834452,5.114275,7.757609,0.790127,-0.374728,-0.302439,-0.307228,62.166095,-125.866722,-67.384674,1
D,2022-11-05 15:05:18.930457,3.778243,8.236474,1.379130,-0.524933,-0.175137,-0.325338,40.729511,-106.806900,-90.537353,1
D,2022-11-05 15:05:19.026446,3.912325,9.505466,1.829263,-0.553962,0.072407,-0.218677,26.617092,-92.601943,-86.908950,1
D,2022-11-05 15:05:19.122327,3.888382,9.634759,2.135737,-0.185242,0.363229,-0.001892,27.153007,-120.112815,-73.259231,1
D,2022-11-05 15:05:19.218313,6.210875,8.700973,1.996866,0.166301,0.261761,0.196783,27.153007,-120.112815,-73.259231,1
D,2022-11-05 15:05:19.314913,5.645815,9.414482,3.452615,0.117564,0.316223,-0.330265,40.014957,-145.645782,-58.745613,1
D,2022-11-05 15:05:19.410220,4.472597,8.696185,2.571504,0.117964,0.092914,-0.409096,50.197334,-135.037002,-59.955081,1
D,2022-11-05 15:05:19.506336,3.280223,7.666625,2.044752,0.063635,0.085723,-0.148768,43.944999,-115.437767,-63.929050,1
D,2022-11-05 15:05:19.602132,3.280223,7.340996,2.039964,-0.274059,0.380673,-0.029989,43.944999,-115.437767,-63.929050,1
