L,2022-10-26 18:14:29.653646,0.33,0.03,0.67,-19.35,-14.71,-12.08,34.66,74.60,-170.43,1
L,2022-10-26 18:14:29.672571,0.31,0.12,0.67,-20.14,-36.99,-12.88,34.08,72.27,-171.11,1
L,2022-10-26 18:14:29.690521,0.17,0.17,0.80,-20.69,-43.40,-14.28,34.08,72.27,-171.11,1
L,2022-10-26 18:14:29.708520,0.07,0.09,0.86,-14.22,-39.61,-12.94,34.08,72.27,-171.11,1
L,2022-10-26 18:14:29.727464,0.11,0.05,0.80,-10.80,-32.10,-10.99,33.07,69.80,-170.25,1
L,2022-10-26 18:14:29.745607,0.12,0.01,0.75,-22.03,-35.28,-11.78,33.07,69.80,-170.25,1
L,2022-10-26 18:14:29.763505,0.13,0.08,0.71,-29.79,-48.10,-13.98,33.07,69.80,-170.25,1
L,2022-10-26 18:14:29.782491,0.05,0.15,0.79,-27.10,-61.22,-13.67,33.22,66.46,-170.13,1
L,2022-10-26 18:14:29.800565,-0.06,0.47,1.08,-36.74,20.51,-11.23,33.22,66.46,-170.13,1
L,2022-10-26 18:14:29.819493,0.16,-0.10,1.13,54.08,-3.48,15.75,33.06,66.78,-171.13,1
L,2022-10-26 18:14:29.837537,0.03,0.18,0.89,-17.58,-14.16,-11.11,33.06,66.78,-171.13,1
L,2022-10-26 18:14:29.855509,0.02,0.05,0.92,-14.83,-19.29,-15.63,33.06,66.78,-171.13,1
L,2022-10-26 18:14:29.874483,0.06,0.03,0.82,-18.98,-22.77,-17.94,33.64,66.92,-173.32,1
L,2022-10-26 18:14:29.892599,0.04,-0.05,0.77,-10.68,-30.64,-7.26,33.64,66.92,-173.32,1
L,2022-10-26 18:14:29.910385,0.01,0.04,0.87,-6.29,-34.61,7.81,33.64,66.92,-173.32,1
L,2022-10-26 18:14:29.929435,0.04,0.12,0.92,4.39,-37.11,16.36,30.92,68.19,-176.04,1
L,2022-10-26 18:14:29.947516,0.17,0.26,0.67,-19.78,-13.37,0.79,30.92,68.19,-176.04,1
L,2022-10-26 18:14:29.965328,0.01,0.13,1.04,6.65,-31.07,2.50,30.92,68.19,-176.04,1
L,2022-10-26 18:14:29.984572,-0.02,0.45,1.16,-26.49,-11.72,-8.73,28.06,69.41,-178.56,1
L,2022-10-26 18:14:30.002549,0.02,0.37,1.17,-0.73,-1.89,-4.21,28.06,69.41,-178.56,1
L,2022-10-26 18:14:30.021305,0.01,0.35,1.10,15.08,-4.76,4.27,26.66,70.53,-180.71,1
L,2022-10-26 18:14:30.039467,0.01,0.28,1.07,30.21,-10.44,9.89,26.66,70.53,-180.71,1
L,2022-10-26 18:14:30.057461,-0.04,0.34,1.03,37.66,-16.60,7.57,26.66,70.53,-180.71,1
L,2022-10-26 18:14:30.076579,-0.06,0.38,1.08,25.57,-16.85,-17.33,27.62,72.52,-181.77,1
L,2022-10-26 18:14:30.094591,-0.08,0.44,1.02,8.18,-8.61,-36.74,27.62,72.52,-181.77,1
L,2022-10-26 18:14:30.112565,-0.05,0.35,0.98,12.88,-5.49,-41.56,27.62,72.52,-181.77,1
L,2022-10-26 18:14:30.131516,-0.03,0.23,0.96,31.19,-5.25,-32.47,31.20,73.68,-180.31,1
L,2022-10-26 18:14:30.149565,0.00,0.01,0.91,60.18,-6.53,-3.17,31.20,73.68,-180.31,1
L,2022-10-26 18:14:30.168511,-0.02,-0.23,0.92,63.05,-11.23,10.07,37.07,78.98,-182.17,1
L,2022-10-26 18:14:30.186579,-0.02,-0.21,0.92,45.41,-12.15,4.64,37.07,78.98,-182.17,1
L,2022-10-26 18:14:30.204642,-0.04,-0.20,0.95,23.50,-12.08,-3.36,37.07,78.98,-182.17,1
L,2022-10-26 18:14:30.223671,-0.02,-0.18,0.97,-10.93,-8.91,-13.67,37.78,82.54,-181.88,1
L,2022-10-26 18:14:30.241634,-0.10,0.00,1.03,-37.84,-7.57,-5.07,37.78,82.54,-181.88,1
L,2022-10-26 18:14:30.259510,-0.47,-0.06,1.31,-27.71,1.22,8.91,37.78,82.54,-181.88,1
L,2022-10-26 18:14:30.278249,-0.45,0.34,1.29,17.09,35.28,56.82,37.01,83.01,-182.31,1
L,2022-10-26 18:14:30.296352,-0.14,0.62,1.07,94.85,49.62,83.13,37.01,83.01,-182.31,1
L,2022-10-26 18:14:30.314361,-0.03,0.19,0.93,111.08,41.99,52.73,37.01,83.01,-182.31,1
L,2022-10-26 18:14:30.333248,0.06,0.08,0.96,62.07,41.02,12.02,36.47,91.11,-179.21,1
