W,2022-11-03 10:25:46.003798,3.366419,10.027428,-0.943364,0.211525,0.086143,0.204249,10.718293,20.138675,-54.253299,1
W,2022-11-03 10:25:46.094913,3.285012,9.687434,-1.024770,0.369319,0.103720,0.281215,10.718293,20.138675,-54.253299,1
W,2022-11-03 10:25:46.195201,2.672065,8.787168,-1.273780,0.299011,0.170300,0.292534,10.003740,20.857913,-54.598865,1
W,2022-11-03 10:25:46.285193,2.705586,6.814245,-1.934614,-0.092347,0.136743,0.448997,11.254207,23.195438,-60.300643,1
W,2022-11-03 10:25:46.370437,3.936268,8.514216,-0.521963,-0.329238,-0.168726,0.328620,9.110548,25.353153,-58.227268,1
W,2022-11-03 10:25:46.467269,3.198817,8.442386,-0.464499,-0.196078,0.110777,-0.295235,9.110548,25.353153,-58.227268,1
W,2022-11-03 10:25:46.563112,3.371208,11.435291,-0.967307,-0.099537,0.052187,0.155379,0.357276,23.734867,-52.871051,1
W,2022-11-03 10:25:46.651605,7.613949,19.283884,0.392669,-0.342155,0.378163,-0.589119,-0.893191,24.633914,-49.242645,1
W,2022-11-03 10:25:46.752474,3.103044,9.649125,-0.689565,0.433902,0.001186,0.101849,-1.786382,27.690677,-44.577552,1
W,2022-11-03 10:25:46.849506,2.154891,8.212531,-0.225066,0.325643,0.048591,0.401326,-1.786382,27.690677,-44.577552,1
W,2022-11-03 10:25:46.926776,3.294589,7.503810,-0.378303,0.253204,-0.077245,0.600533,2.858211,37.400398,-47.342052,1
W,2022-11-03 10:25:47.019241,3.217971,9.529409,-0.756606,-0.207796,0.099725,-0.026118,1.250467,35.422492,-43.368083,1
W,2022-11-03 10:25:47.122770,2.825302,12.057815,-1.149275,0.014182,0.124226,0.007172,-1.786382,30.567632,-33.519554,1
W,2022-11-03 10:25:47.218426,1.767011,12.393020,0.296896,0.036419,0.433690,-0.792987,-1.786382,30.567632,-33.519554,1
W,2022-11-03 10:25:47.312908,2.925864,10.089680,-0.828436,0.399014,-0.136901,0.253518,-1.607744,28.589725,-30.236713,1
W,2022-11-03 10:25:47.406093,1.743068,8.475907,-0.306473,0.238956,0.074025,0.367104,5.716423,39.198493,-22.461557,1
W,2022-11-03 10:25:47.484995,2.911498,8.111969,-0.536328,0.474782,-0.018921,0.417438,6.609613,46.930305,-25.744400,1
W,2022-11-03 10:25:47.579200,2.212355,9.084065,-1.450960,0.387030,0.223431,-0.290840,9.646464,37.040779,-26.953868,1
W,2022-11-03 10:25:47.682407,1.245048,9.131951,-1.307301,-0.005393,0.336350,-0.074988,9.646464,37.040779,-26.953868,1
