p,2022-11-03 10:49:26.428952,-0.665622,8.428020,-1.321667,0.012424,0.192656,-0.070054,49.840057,13.126101,-148.073501,1
p,2022-11-03 10:49:26.521323,-0.407035,7.451135,-0.167603,0.371956,0.111428,0.538088,49.840057,13.126101,-148.073501,1
p,2022-11-03 10:49:26.622105,-0.172391,9.486311,0.268164,-0.257359,0.071081,-0.103344,52.340995,12.766482,-153.602493,1
p,2022-11-03 10:49:26.712142,-0.751818,10.314747,0.373515,-0.236053,-0.209088,0.165506,49.661422,45.671638,-148.246276,1
p,2022-11-03 10:49:26.809929,0.881111,10.894173,-0.014366,0.434009,0.099710,-0.102013,42.158615,71.204605,-125.439163,1
p,2022-11-03 10:49:26.905921,-0.387880,9.673069,-0.086196,0.852131,0.404114,-0.079509,44.659549,68.687263,-127.512535,1
p,2022-11-03 10:49:26.999831,0.670411,10.329113,-0.086196,0.540137,0.037524,0.014502,44.659549,68.687263,-127.512535,1
p,2022-11-03 10:49:27.096170,0.320839,9.189414,-0.292108,0.235067,-0.098831,-0.428521,50.911888,39.737922,-147.036819,1
p,2022-11-03 10:49:27.197084,0.608158,9.002657,-0.205912,0.255175,0.017018,-0.100281,50.375972,12.227053,-158.267593,1
p,2022-11-03 10:49:27.292935,-0.483653,10.156722,-0.167603,-0.109950,0.041786,-0.356082,51.983718,13.485720,-162.932678,1
p,2022-11-03 10:49:27.387680,-0.909843,10.281227,-0.311262,-0.095170,0.112227,-0.113065,51.269165,38.299446,-162.932678,1
p,2022-11-03 10:49:27.479027,-0.445344,10.434463,-0.090984,-0.107820,0.201311,-0.119590,51.269165,38.299446,-162.932678,1
p,2022-11-03 10:49:27.579133,-0.028732,10.319536,0.028732,0.028803,0.174014,-0.132773,49.840057,52.324592,-151.874694,1
p,2022-11-03 10:49:27.671301,0.047886,10.286015,0.124505,-0.018469,0.252445,-0.086965,48.053676,59.157360,-143.926757,1
p,2022-11-03 10:49:27.770925,0.019155,9.955598,0.430978,-0.052825,-0.002956,-0.119457,45.195465,59.516979,-143.581192,1
p,2022-11-03 10:49:27.862355,-0.057464,10.151933,0.747029,0.022943,0.400519,-0.159138,45.195465,59.516979,-143.581192,1
p,2022-11-03 10:49:27.962454,0.234644,9.855037,0.565060,0.461839,0.491467,-0.995250,48.589591,60.416027,-143.062850,1
p,2022-11-03 10:49:28.054545,-0.488442,9.141529,-0.416612,0.242658,-0.168075,-0.371129,50.375972,42.075447,-140.298339,1
p,2022-11-03 10:49:28.154193,-2.360803,9.371383,-0.684777,0.129871,-0.038776,-0.451824,49.125507,33.624393,-143.926757,1
