U,2022-10-28 20:26:55.741393,-0.02,-0.68,1.14,2.50,-0.55,-9.22,-11.44,14.95,-114.05,1
U,2022-10-28 20:26:55.761482,-0.04,-0.71,1.18,-8.30,12.70,-3.91,-11.44,14.95,-114.05,1
U,2022-10-28 20:26:55.782483,-0.00,-0.66,1.05,-25.21,27.40,1.04,-11.58,16.54,-115.00,1
U,2022-10-28 20:26:55.799392,0.03,-0.54,0.97,-33.75,27.77,4.21,-11.58,16.54,-115.00,1
U,2022-10-28 20:26:55.819390,0.06,-0.50,0.89,-32.53,17.40,8.42,-10.24,16.25,-116.74,1
U,2022-10-28 20:26:55.839389,0.09,-0.36,0.79,-25.09,9.58,16.48,-10.24,16.25,-116.74,1
U,2022-10-28 20:26:55.857624,0.15,-0.28,0.71,-17.15,1.34,15.69,-10.24,16.25,-116.74,1
U,2022-10-28 20:26:55.877625,0.16,-0.22,0.67,-26.49,-8.48,-2.08,-7.96,16.00,-117.46,1
U,2022-10-28 20:26:55.897625,-0.98,-0.14,1.47,-20.39,-20.57,-8.48,-7.96,16.00,-117.46,1
U,2022-10-28 20:26:55.915634,0.01,-0.25,0.78,40.89,-13.79,11.41,-7.96,16.00,-117.46,1
U,2022-10-28 20:26:55.935637,-0.00,-0.49,0.78,24.54,7.93,18.37,-7.73,15.53,-116.99,1
U,2022-10-28 20:26:55.954623,-0.08,-0.15,0.41,-6.29,14.95,10.74,-7.73,15.53,-116.99,1
U,2022-10-28 20:26:55.975627,-0.06,-0.21,0.47,-6.90,-17.33,-12.33,-8.57,15.97,-116.66,1
U,2022-10-28 20:26:55.994661,-0.01,-0.22,0.63,16.11,-57.25,-19.59,-8.57,15.97,-116.66,1
U,2022-10-28 20:26:56.014646,-0.00,-0.23,0.82,29.11,-70.07,-13.49,-8.57,15.97,-116.66,1
U,2022-10-28 20:26:56.035670,-0.06,-0.24,0.86,59.81,-66.04,-5.00,-12.00,18.19,-115.39,1
U,2022-10-28 20:26:56.055696,-0.08,-0.29,1.09,69.03,-53.77,-6.10,-12.00,18.19,-115.39,1
U,2022-10-28 20:26:56.075665,-0.07,-0.36,1.23,68.42,-18.37,-11.05,-17.96,20.51,-110.46,1
U,2022-10-28 20:26:56.095668,-0.04,-0.59,1.21,66.41,-3.66,-8.85,-17.96,20.51,-110.46,1
U,2022-10-28 20:26:56.114769,-0.02,-0.78,1.18,61.22,4.58,-7.93,-17.96,20.51,-110.46,1
U,2022-10-28 20:26:56.134660,-0.01,-0.84,1.11,37.90,6.04,-8.91,-22.75,21.48,-106.12,1
U,2022-10-28 20:26:56.152667,-0.01,-0.89,1.08,21.79,1.83,-10.68,-22.75,21.48,-106.12,1
U,2022-10-28 20:26:56.172664,-0.09,-0.81,1.36,5.68,5.49,-18.31,-26.48,22.81,-107.70,1
U,2022-10-28 20:26:56.191665,-0.02,-0.78,1.07,-38.70,60.18,-23.86,-26.48,22.81,-107.70,1
U,2022-10-28 20:26:56.212759,0.03,-0.71,0.88,-48.52,62.81,-17.09,-26.48,22.81,-107.70,1
U,2022-10-28 20:26:56.233666,0.01,-0.60,0.92,-54.02,44.62,-8.36,-25.68,23.97,-112.85,1
U,2022-10-28 20:26:56.253011,0.01,-0.59,0.85,-49.93,45.41,-3.17,-25.68,23.97,-112.85,1
U,2022-10-28 20:26:56.274011,0.02,-0.48,0.82,-66.65,43.09,-1.95,-20.65,24.18,-118.10,1
U,2022-10-28 20:26:56.292028,0.00,-0.42,0.77,-58.84,39.12,-2.32,-20.65,24.18,-118.10,1
U,2022-10-28 20:26:56.313388,-0.01,-0.39,0.73,-67.57,42.30,-5.31,-20.65,24.18,-118.10,1
U,2022-10-28 20:26:56.333431,-0.02,-0.27,0.53,-90.88,30.33,-20.45,-15.23,22.39,-119.71,1
U,2022-10-28 20:26:56.352505,-0.14,-0.41,0.59,-68.54,14.40,-23.38,-15.23,22.39,-119.71,1
U,2022-10-28 20:26:56.373494,-0.45,-0.46,0.72,-6.71,15.08,4.94,-12.21,19.43,-121.61,1
U,2022-10-28 20:26:56.392968,-0.24,-0.45,0.54,29.11,17.21,6.04,-12.21,19.43,-121.61,1
U,2022-10-28 20:26:56.413970,-0.15,-0.68,0.53,33.14,10.68,-1.22,-12.21,19.43,-121.61,1
U,2022-10-28 20:26:56.435956,0.01,-0.65,0.47,18.25,10.86,14.71,-10.84,16.24,-118.81,1
