k,2022-10-30 17:50:38.510928,0.14,-0.08,1.12,-36.50,35.16,3.36,-39.60,5.92,-117.26,1
k,2022-10-30 17:50:38.531934,0.33,-0.00,1.21,-68.60,79.41,-26.61,-39.60,5.92,-117.26,1
k,2022-10-30 17:50:38.554107,0.41,-0.12,1.00,-140.01,129.39,-50.84,-41.38,4.32,-118.82,1
k,2022-10-30 17:50:38.574773,0.34,-0.20,0.68,-174.68,119.57,-26.06,-41.38,4.32,-118.82,1
k,2022-10-30 17:50:38.596602,0.49,-0.00,0.35,-126.95,49.32,-2.56,-43.60,-1.00,-123.49,1
k,2022-10-30 17:50:38.618244,0.47,0.01,0.16,-89.60,-10.13,-16.66,-43.60,-1.00,-123.49,1
k,2022-10-30 17:50:38.637483,-1.56,0.35,3.42,-7.20,-90.09,-39.31,-43.60,-1.00,-123.49,1
k,2022-10-30 17:50:38.659163,-0.48,0.23,0.09,78.19,31.13,-9.03,-49.10,-2.31,-119.34,1
k,2022-10-30 17:50:38.679552,0.15,-0.25,0.57,269.47,-141.11,-67.02,-49.10,-2.31,-119.34,1
k,2022-10-30 17:50:38.699542,0.19,-0.42,0.61,217.96,-192.08,-97.11,-43.44,1.23,-115.26,1
k,2022-10-30 17:50:38.717929,0.20,-0.39,0.74,139.77,-200.13,-92.10,-43.44,1.23,-115.26,1
k,2022-10-30 17:50:38.737914,0.08,-0.69,1.34,108.95,-209.05,-78.55,-43.44,1.23,-115.26,1
k,2022-10-30 17:50:38.758842,0.08,-0.64,1.79,55.85,-108.89,-17.94,-38.82,3.34,-108.58,1
k,2022-10-30 17:50:38.779626,-0.01,-0.54,1.60,46.94,-6.59,26.12,-38.82,3.34,-108.58,1
k,2022-10-30 17:50:38.800917,0.00,-0.51,1.33,10.74,133.91,38.02,-38.57,5.33,-108.61,1
k,2022-10-30 17:50:38.820018,0.29,-0.65,1.17,-52.80,192.87,39.61,-38.57,5.33,-108.61,1
k,2022-10-30 17:50:38.841740,0.40,-0.43,0.90,-138.79,257.14,32.78,-36.58,0.13,-117.24,1
k,2022-10-30 17:50:38.861436,0.47,-0.29,0.22,-218.02,229.43,7.51,-36.58,0.13,-117.24,1
k,2022-10-30 17:50:38.882744,0.42,-0.22,0.07,-182.25,67.44,-27.47,-36.58,0.13,-117.24,1
k,2022-10-30 17:50:38.903916,0.23,-0.26,0.84,57.98,1.28,2.20,-37.59,-7.08,-119.19,1
k,2022-10-30 17:50:38.925809,0.21,-0.62,0.59,-4.21,20.63,-22.89,-37.59,-7.08,-119.19,1
k,2022-10-30 17:50:38.944331,0.11,-0.51,0.51,15.32,-55.91,5.31,-38.82,-5.35,-119.30,1
k,2022-10-30 17:50:38.965151,0.43,-0.25,0.83,124.51,-142.88,47.55,-38.82,-5.35,-119.30,1
k,2022-10-30 17:50:38.986258,0.46,0.01,1.33,89.60,-114.87,31.49,-38.82,-5.35,-119.30,1
k,2022-10-30 17:50:39.006594,0.35,0.04,1.39,-8.48,15.75,-11.41,-39.05,1.10,-113.84,1
k,2022-10-30 17:50:39.027124,0.27,-0.17,0.91,-10.44,28.08,4.46,-39.05,1.10,-113.84,1
k,2022-10-30 17:50:39.050704,-0.19,0.70,0.71,0.55,-3.48,-43.70,-37.60,0.05,-115.56,1
k,2022-10-30 17:50:39.070431,0.15,0.21,0.93,132.63,-53.10,-133.36,-37.60,0.05,-115.56,1
k,2022-10-30 17:50:39.090620,0.17,-0.63,0.79,133.12,-79.71,-186.71,-32.29,1.20,-115.48,1
k,2022-10-30 17:50:39.111901,0.11,-0.82,0.71,100.83,-73.18,-156.19,-32.29,1.20,-115.48,1
k,2022-10-30 17:50:39.132064,-0.28,-1.36,0.69,92.10,-70.43,-44.31,-32.29,1.20,-115.48,1
k,2022-10-30 17:50:39.152039,-0.06,-1.46,0.63,79.96,-47.30,41.81,-31.26,4.88,-115.28,1
k,2022-10-30 17:50:39.171976,0.12,-1.46,0.49,-21.73,17.40,86.67,-31.26,4.88,-115.28,1
k,2022-10-30 17:50:39.190659,0.05,-1.23,0.73,-112.43,62.68,89.54,-31.74,5.71,-115.76,1
k,2022-10-30 17:50:39.211147,0.17,-0.91,0.82,-154.79,102.60,121.22,-31.74,5.71,-115.76,1
k,2022-10-30 17:50:39.233101,0.42,-0.40,0.80,-154.66,94.12,133.06,-31.74,5.71,-115.76,1
