p,2022-10-17 11:08:17.435135,0.27,0.84,0.10,-11.17,-0.12,-14.53,-59.08,51.53,-66.15,1
p,2022-10-17 11:08:17.455448,0.24,0.77,0.09,-15.69,-1.83,-9.83,-59.08,51.53,-66.15,1
p,2022-10-17 11:08:17.476131,0.28,0.79,0.08,-17.15,-5.31,-1.10,-59.08,51.53,-66.15,1
p,2022-10-17 11:08:17.496755,0.26,0.70,0.01,-44.62,-16.05,7.57,-64.18,51.22,-67.85,1
p,2022-10-17 11:08:17.516887,-0.03,1.30,0.26,-59.20,-15.14,6.35,-64.18,51.22,-67.85,1
p,2022-10-17 11:08:17.527823,0.09,1.02,0.03,10.19,8.18,-27.95,-64.18,51.22,-67.85,1
p,2022-10-17 11:08:17.548355,0.23,0.83,0.13,-1.10,9.40,-20.63,-67.55,51.27,-68.30,1
p,2022-10-17 11:08:17.568659,0.02,0.79,0.21,-23.56,-13.06,10.01,-67.55,51.27,-68.30,1
p,2022-10-17 11:08:17.590196,0.03,0.73,0.12,4.94,0.00,40.16,-66.19,54.90,-67.77,1
p,2022-10-17 11:08:17.600678,0.06,0.77,0.03,13.67,4.09,55.11,-66.19,54.90,-67.77,1
p,2022-10-17 11:08:17.621432,0.06,0.85,0.02,24.11,8.00,64.76,-66.19,54.90,-67.77,1
p,2022-10-17 11:08:17.643302,0.08,0.96,0.06,32.96,9.09,67.87,-61.04,65.38,-66.22,1
p,2022-10-17 11:08:17.663474,0.07,1.02,0.05,51.82,8.79,73.79,-61.04,65.38,-66.22,1
p,2022-10-17 11:08:17.683678,0.10,1.12,0.01,45.47,3.05,69.15,-61.04,65.38,-66.22,1
p,2022-10-17 11:08:17.703105,0.12,1.23,0.06,13.12,-3.60,38.57,-51.40,74.48,-62.62,1
p,2022-10-17 11:08:17.722016,0.08,1.38,0.08,-0.24,0.61,17.76,-51.40,74.48,-62.62,1
p,2022-10-17 11:08:17.736045,-0.01,1.41,0.06,-3.85,2.50,-2.38,-46.36,76.95,-60.93,1
p,2022-10-17 11:08:17.756680,-0.12,1.48,0.13,-0.67,-1.28,-29.24,-46.36,76.95,-60.93,1
p,2022-10-17 11:08:17.777808,0.11,1.08,0.12,12.45,4.27,-58.17,-46.36,76.95,-60.93,1
p,2022-10-17 11:08:17.788248,0.31,0.91,0.21,17.27,1.16,-44.49,-50.28,70.23,-62.06,1
p,2022-10-17 11:08:17.808447,0.35,0.86,0.24,3.23,4.46,-28.26,-50.28,70.23,-62.06,1
p,2022-10-17 11:08:17.829024,0.25,0.81,0.31,-16.48,12.02,-17.94,-50.28,70.23,-62.06,1
p,2022-10-17 11:08:17.849646,0.18,0.88,0.23,-31.86,20.32,-9.28,-56.18,67.27,-62.32,1
p,2022-10-17 11:08:17.869804,-0.95,1.22,0.42,-50.23,18.25,-18.25,-56.18,67.27,-62.32,1
p,2022-10-17 11:08:17.890394,0.12,1.20,-0.13,-21.67,19.35,-42.48,-61.11,63.59,-67.72,1
p,2022-10-17 11:08:17.907634,0.10,1.09,-0.05,-24.72,3.91,-45.41,-61.11,63.59,-67.72,1
p,2022-10-17 11:08:17.921777,0.10,1.05,-0.07,-0.67,4.82,-39.06,-61.11,63.59,-67.72,1
p,2022-10-17 11:08:17.942084,0.11,0.95,-0.12,15.75,3.42,-36.01,-64.99,56.40,-69.86,1
p,2022-10-17 11:08:17.952116,0.10,0.87,-0.14,-10.50,-18.25,-41.93,-64.99,56.40,-69.86,1
p,2022-10-17 11:08:17.977874,0.07,0.75,0.00,-14.65,-30.58,-35.28,-64.99,56.40,-69.86,1
p,2022-10-17 11:08:17.998166,0.06,0.73,0.08,-14.89,-31.43,-29.36,-68.93,48.52,-68.33,1
p,2022-10-17 11:08:18.018364,0.06,0.72,0.13,1.16,-28.44,-16.85,-68.93,48.52,-68.33,1
p,2022-10-17 11:08:18.038826,0.09,0.71,0.19,17.94,-25.33,-3.30,-70.64,46.50,-62.94,1
p,2022-10-17 11:08:18.059072,0.11,0.68,0.32,21.12,-20.08,3.91,-70.64,46.50,-62.94,1
p,2022-10-17 11:08:18.069230,0.06,0.63,0.35,14.95,-12.21,15.81,-70.64,46.50,-62.94,1
p,2022-10-17 11:08:18.089952,0.13,0.80,0.36,18.98,-5.00,35.28,-70.46,51.84,-60.95,1
p,2022-10-17 11:08:18.110474,0.18,0.93,0.32,22.64,1.89,49.74,-70.46,51.84,-60.95,1
p,2022-10-17 11:08:18.131073,0.24,1.09,0.33,28.32,11.11,53.47,-70.46,51.84,-60.95,1
p,2022-10-17 11:08:18.153105,0.20,1.04,0.33,16.30,27.83,43.21,-65.55,62.72,-60.83,1
p,2022-10-17 11:08:18.163632,0.15,1.09,0.25,-1.77,43.52,42.11,-65.55,62.72,-60.83,1
p,2022-10-17 11:08:18.183515,0.18,1.26,-0.13,1.83,48.71,40.77,-57.54,68.81,-65.37,1
p,2022-10-17 11:08:18.204245,0.05,1.43,-0.40,-26.06,7.45,4.46,-57.54,68.81,-65.37,1
p,2022-10-17 11:08:18.225266,-0.16,1.60,-0.27,-3.97,0.12,-9.70,-57.54,68.81,-65.37,1
p,2022-10-17 11:08:18.246152,-0.12,1.32,-0.15,19.84,-4.76,-47.06,-57.17,65.67,-66.27,1
p,2022-10-17 11:08:18.266384,0.12,0.94,-0.07,45.84,-10.62,-54.93,-57.17,65.67,-66.27,1
p,2022-10-17 11:08:18.277738,0.11,0.82,0.01,34.36,-20.32,-46.14,-57.17,65.67,-66.27,1
p,2022-10-17 11:08:18.298348,0.20,0.71,0.08,30.46,-22.40,-33.08,-58.90,57.09,-62.33,1
p,2022-10-17 11:08:18.318567,0.20,0.64,0.20,17.88,-18.55,-13.31,-58.90,57.09,-62.33,1
p,2022-10-17 11:08:18.341274,0.19,0.76,0.19,2.81,-15.20,-4.39,-58.67,53.15,-58.46,1
p,2022-10-17 11:08:18.361826,0.18,0.86,0.17,-5.86,-11.23,5.43,-58.67,53.15,-58.46,1
