b,2022-10-31 14:22:41.803327,-0.21,-0.98,0.19,-42.48,26.43,25.94,-9.16,53.55,7.51,1
b,2022-10-31 14:22:41.818175,-0.26,-0.99,0.11,-29.91,5.37,13.85,-9.16,53.55,7.51,1
b,2022-10-31 14:22:41.841571,-0.32,-0.98,0.08,-29.66,-4.27,11.29,-9.78,54.57,6.26,1
b,2022-10-31 14:22:41.858080,-0.34,-0.97,0.09,-23.74,-14.83,11.23,-9.78,54.57,6.26,1
b,2022-10-31 14:22:41.874563,-0.29,-0.92,0.05,-21.73,-21.36,11.11,-9.78,54.57,6.26,1
b,2022-10-31 14:22:41.895055,-0.27,-0.89,0.04,-29.60,-24.29,5.49,-8.80,55.32,5.21,1
b,2022-10-31 14:22:41.918687,-0.26,-0.84,0.12,-37.66,-18.68,-1.71,-8.80,55.32,5.21,1
b,2022-10-31 14:22:41.942328,-0.25,-0.79,0.25,-41.69,-5.62,-3.36,-8.45,57.01,7.02,1
b,2022-10-31 14:22:41.957649,-0.25,-0.75,0.33,-35.77,3.60,-1.71,-8.45,57.01,7.02,1
b,2022-10-31 14:22:41.974336,-0.23,-0.79,0.23,-23.44,2.44,0.49,-8.45,57.01,7.02,1
b,2022-10-31 14:22:41.995106,-2.02,-0.58,0.05,-32.41,-0.24,-7.20,-8.65,57.90,5.41,1
b,2022-10-31 14:22:42.015121,-0.20,-0.68,0.81,17.09,36.50,17.88,-8.65,57.90,5.41,1
b,2022-10-31 14:22:42.035115,-0.24,-0.92,0.07,33.20,12.02,-13.85,-8.65,57.90,5.41,1
b,2022-10-31 14:22:42.055187,-0.26,-0.83,0.36,7.14,10.56,-36.13,-8.74,57.50,4.32,1
b,2022-10-31 14:22:42.075173,-0.29,-0.80,0.38,14.47,-6.29,-43.70,-8.74,57.50,4.32,1
b,2022-10-31 14:22:42.095174,-0.27,-0.83,0.28,14.10,-8.54,-45.17,-10.96,57.32,5.44,1
b,2022-10-31 14:22:42.115094,-0.32,-0.89,0.30,13.00,-6.84,-46.63,-10.96,57.32,5.44,1
b,2022-10-31 14:22:42.135080,-0.35,-0.93,0.34,9.64,-5.98,-42.11,-10.96,57.32,5.44,1
b,2022-10-31 14:22:42.157587,-0.40,-1.00,0.34,6.84,-6.29,-30.64,-13.38,56.67,6.10,1
b,2022-10-31 14:22:42.177791,-0.40,-1.08,0.35,-11.66,-8.30,-17.27,-13.38,56.67,6.10,1
b,2022-10-31 14:22:42.198103,-0.42,-1.12,0.37,-9.09,-6.23,-6.41,-14.38,56.40,5.07,1
b,2022-10-31 14:22:42.218104,-0.42,-1.14,0.42,-10.19,-5.37,2.62,-14.38,56.40,5.07,1
b,2022-10-31 14:22:42.240859,-0.35,-1.13,0.46,-6.96,-8.54,1.71,-14.38,56.40,5.07,1
b,2022-10-31 14:22:42.258241,-0.38,-1.11,0.35,3.78,-17.21,-14.89,-14.61,57.07,5.58,1
b,2022-10-31 14:22:42.278550,-0.48,-0.98,0.31,11.96,-21.79,-20.08,-14.61,57.07,5.58,1
b,2022-10-31 14:22:42.298653,-0.45,-0.92,0.36,-1.71,5.19,38.15,-14.07,56.41,5.82,1
b,2022-10-31 14:22:42.318973,-0.36,-1.03,0.22,5.25,13.43,58.53,-14.07,56.41,5.82,1
b,2022-10-31 14:22:42.341020,-0.32,-0.98,0.29,-5.92,21.67,46.94,-14.07,56.41,5.82,1
b,2022-10-31 14:22:42.357628,-0.29,-0.92,0.34,-5.25,20.94,36.13,-13.11,56.95,5.07,1
b,2022-10-31 14:22:42.378037,-0.28,-0.85,0.34,1.71,20.02,23.25,-13.11,56.95,5.07,1
b,2022-10-31 14:22:42.397990,-0.28,-0.81,0.31,2.26,20.14,9.64,-12.29,56.96,5.90,1
b,2022-10-31 14:22:42.417986,-0.26,-0.74,0.32,-1.71,25.09,2.62,-12.29,56.96,5.90,1
b,2022-10-31 14:22:42.441452,-0.26,-0.72,0.28,1.46,30.03,-4.88,-12.29,56.96,5.90,1
b,2022-10-31 14:22:42.461179,-0.29,-0.72,0.26,10.80,32.29,-16.60,-12.68,55.49,4.54,1
b,2022-10-31 14:22:42.481236,-0.32,-0.73,0.25,26.79,27.16,-26.73,-12.68,55.49,4.54,1
b,2022-10-31 14:22:42.501226,-0.38,-0.77,0.15,38.21,14.47,-30.76,-15.39,54.57,4.13,1
b,2022-10-31 14:22:42.521219,-0.41,-0.85,0.07,32.78,6.16,-26.61,-15.39,54.57,4.13,1
b,2022-10-31 14:22:42.541212,-0.43,-0.89,0.08,12.39,0.37,-24.48,-15.39,54.57,4.13,1
b,2022-10-31 14:22:42.558008,-0.45,-0.93,0.12,7.87,-5.07,-25.51,-16.75,53.05,6.43,1
b,2022-10-31 14:22:42.574457,-0.44,-0.95,0.15,2.20,-12.33,-24.84,-16.75,53.05,6.43,1
b,2022-10-31 14:22:42.591343,-0.45,-0.96,0.16,1.16,-20.81,-30.58,-17.79,53.14,4.82,1
b,2022-10-31 14:22:42.611849,-0.44,-0.98,0.24,6.59,-35.03,-32.04,-17.79,53.14,4.82,1
b,2022-10-31 14:22:42.631984,-0.46,-0.97,0.23,10.38,-44.19,-32.29,-17.79,53.14,4.82,1
b,2022-10-31 14:22:42.657376,-0.47,-0.92,0.29,-0.24,-42.66,-14.65,-17.40,52.38,6.81,1
