i,2022-09-30 11:03:17.046071,0.46,0.57,0.55,-72.39,-4.58,10.13,-68.15,50.54,21.67,1
i,2022-09-30 11:03:17.064985,0.40,0.61,0.50,-43.82,5.31,20.51,-67.20,51.07,22.02,1
i,2022-09-30 11:03:17.083041,0.46,0.55,0.54,-40.47,6.35,20.63,-67.20,51.07,22.02,1
i,2022-09-30 11:03:17.101073,0.51,0.67,0.58,-64.15,-2.08,12.82,-67.20,51.07,22.02,1
i,2022-09-30 11:03:17.120068,0.56,0.86,0.55,-61.28,-9.03,12.21,-66.42,52.76,22.86,1
i,2022-09-30 11:03:17.138052,0.56,0.88,0.55,-19.10,-13.98,26.92,-66.42,52.76,22.86,1
i,2022-09-30 11:03:17.156097,0.57,0.71,0.64,-11.84,-22.46,33.51,-66.42,52.76,22.86,1
i,2022-09-30 11:03:17.175047,0.57,0.69,0.66,-23.13,-37.54,30.82,-66.47,54.27,22.64,1
i,2022-09-30 11:03:17.193066,0.55,0.84,0.56,-21.73,-48.95,31.68,-66.47,54.27,22.64,1
i,2022-09-30 11:03:17.211070,-0.36,0.77,0.09,22.64,-40.28,39.55,-66.47,54.27,22.64,1
i,2022-09-30 11:03:17.229950,0.37,0.59,0.62,29.97,2.26,13.92,-67.50,55.43,24.90,1
i,2022-09-30 11:03:17.248056,0.52,0.50,0.60,45.04,-5.86,-5.43,-67.50,55.43,24.90,1
i,2022-09-30 11:03:17.267029,0.48,0.87,0.58,54.26,-7.39,-27.47,-67.86,54.77,24.51,1
i,2022-09-30 11:03:17.285208,0.56,0.81,0.59,106.32,-3.42,-22.09,-67.86,54.77,24.51,1
i,2022-09-30 11:03:17.303005,0.53,0.76,0.51,130.74,6.23,-24.41,-67.86,54.77,24.51,1
i,2022-09-30 11:03:17.322019,0.50,0.62,0.62,109.31,35.52,-19.78,-68.86,52.54,24.05,1
i,2022-09-30 11:03:17.340062,0.51,0.58,0.70,94.73,50.11,-25.09,-68.86,52.54,24.05,1
i,2022-09-30 11:03:17.358086,0.42,0.48,0.76,120.36,57.56,-17.33,-68.86,52.54,24.05,1
i,2022-09-30 11:03:17.376933,0.29,0.36,0.78,112.18,50.23,-6.16,-69.92,50.77,20.83,1
i,2022-09-30 11:03:17.395052,0.34,0.18,0.78,77.39,31.86,2.08,-69.92,50.77,20.83,1
i,2022-09-30 11:03:17.413111,0.20,0.23,0.82,-32.71,-9.16,-0.06,-69.92,50.77,20.83,1
i,2022-09-30 11:03:17.432136,0.45,0.41,0.47,-45.90,-11.41,-8.06,-70.37,50.54,17.93,1
i,2022-09-30 11:03:17.450227,0.45,0.57,0.48,-19.59,4.94,-10.80,-70.37,50.54,17.93,1
i,2022-09-30 11:03:17.468839,0.06,0.57,0.70,0.61,14.71,4.09,-70.20,50.60,18.36,1
i,2022-09-30 11:03:17.487070,0.43,0.28,0.62,-22.83,-0.79,27.95,-70.20,50.60,18.36,1
i,2022-09-30 11:03:17.505077,0.51,0.44,0.80,-33.20,-6.23,13.85,-70.20,50.60,18.36,1
i,2022-09-30 11:03:17.524047,0.44,0.41,0.87,-46.14,-27.71,10.07,-69.27,52.56,20.01,1
i,2022-09-30 11:03:17.542246,0.41,0.41,0.78,-76.72,-49.56,-0.49,-69.27,52.56,20.01,1
i,2022-09-30 11:03:17.560219,0.56,0.62,0.66,-114.62,-65.00,-5.80,-69.27,52.56,20.01,1
i,2022-09-30 11:03:17.579230,0.55,0.79,0.61,-94.42,-62.62,-6.47,-68.59,54.00,25.29,1
i,2022-09-30 11:03:17.597054,0.59,0.68,0.72,0.92,-37.54,-6.10,-68.59,54.00,25.29,1
i,2022-09-30 11:03:17.616045,0.55,0.58,0.78,36.62,-24.17,-11.96,-68.52,54.19,27.49,1
i,2022-09-30 11:03:17.634244,0.46,0.48,1.00,39.55,-10.93,-11.84,-68.52,54.19,27.49,1
i,2022-09-30 11:03:17.652042,0.88,0.27,0.64,-1.46,-25.02,-20.57,-68.52,54.19,27.49,1
i,2022-09-30 11:03:17.671026,0.53,1.39,0.54,12.51,-22.95,-43.27,-69.29,50.96,27.44,1
i,2022-09-30 11:03:17.689116,-0.02,0.51,0.55,94.97,18.62,-23.25,-69.29,50.96,27.44,1
i,2022-09-30 11:03:17.707020,0.29,0.29,0.75,26.25,49.07,-32.29,-69.29,50.96,27.44,1
i,2022-09-30 11:03:17.726045,0.41,0.23,0.82,-17.33,55.05,-21.97,-69.97,46.94,24.94,1
i,2022-09-30 11:03:17.744109,0.58,0.10,0.89,-7.26,53.65,-11.41,-69.97,46.94,24.94,1
i,2022-09-30 11:03:17.762058,0.51,0.45,0.90,-52.37,26.73,-5.31,-69.97,46.94,24.94,1
i,2022-09-30 11:03:17.781053,0.55,0.35,0.53,-36.19,22.16,9.64,-69.01,45.26,22.90,1
i,2022-09-30 11:03:17.799025,0.68,0.51,0.42,-20.02,33.94,8.24,-69.01,45.26,22.90,1
i,2022-09-30 11:03:17.817944,0.75,0.74,0.57,27.22,45.04,16.42,-69.41,45.63,19.71,1
i,2022-09-30 11:03:17.836071,0.62,0.70,0.60,91.67,34.91,29.17,-69.41,45.63,19.71,1
i,2022-09-30 11:03:17.854034,0.36,0.59,0.66,106.38,6.90,18.80,-69.41,45.63,19.71,1
i,2022-09-30 11:03:17.872966,0.47,0.60,0.63,93.69,1.10,11.47,-70.21,46.61,18.74,1
i,2022-09-30 11:03:17.891056,0.68,0.61,0.60,106.45,-1.83,23.93,-70.21,46.61,18.74,1
i,2022-09-30 11:03:17.909054,-0.54,0.30,0.64,121.89,-12.63,44.37,-70.21,46.61,18.74,1
i,2022-09-30 11:03:17.927970,0.26,0.08,1.08,87.10,24.23,8.48,-71.48,48.47,16.72,1
i,2022-09-30 11:03:17.946050,0.46,0.19,0.81,-19.96,-10.19,5.13,-71.48,48.47,16.72,1
i,2022-09-30 11:03:17.964234,0.49,0.39,0.63,-20.26,-10.50,-2.56,-71.48,48.47,16.72,1
i,2022-09-30 11:03:17.983113,0.45,0.36,0.63,-0.37,-2.93,-2.93,-71.23,48.40,16.76,1
i,2022-09-30 11:03:18.001043,0.47,0.20,0.76,11.66,3.97,-8.12,-71.23,48.40,16.76,1
i,2022-09-30 11:03:18.020046,0.05,0.11,0.85,-13.18,-8.00,-15.81,-71.39,47.66,17.76,1
i,2022-09-30 11:03:18.038221,0.43,0.45,0.67,-72.33,21.00,-51.21,-71.39,47.66,17.76,1
i,2022-09-30 11:03:18.056065,0.68,0.45,0.72,-54.50,27.59,-43.09,-71.39,47.66,17.76,1
i,2022-09-30 11:03:18.075124,0.71,0.36,0.79,-48.03,17.64,-39.12,-68.82,46.19,18.55,1
i,2022-09-30 11:03:18.093105,0.66,0.55,0.73,-56.03,-1.83,-34.97,-68.82,46.19,18.55,1
i,2022-09-30 11:03:18.111212,0.56,0.56,0.63,-41.56,-9.58,-21.42,-68.82,46.19,18.55,1
i,2022-09-30 11:03:18.130120,0.54,0.48,0.63,-26.12,-2.81,-12.33,-68.59,44.42,19.82,1
i,2022-09-30 11:03:18.148133,0.62,0.50,0.69,-26.61,-0.06,-8.91,-68.59,44.42,19.82,1
i,2022-09-30 11:03:18.167120,0.63,0.55,0.70,-20.26,-2.01,-3.30,-68.49,44.13,19.81,1
i,2022-09-30 11:03:18.185064,0.65,0.49,0.68,-10.68,-7.69,0.85,-68.49,44.13,19.81,1
i,2022-09-30 11:03:18.203054,0.58,0.55,0.70,-7.39,-12.57,2.44,-68.49,44.13,19.81,1
i,2022-09-30 11:03:18.222025,0.51,0.57,0.69,15.20,-5.62,15.08,-67.58,44.71,19.63,1
i,2022-09-30 11:03:18.239909,0.54,0.45,0.72,25.63,4.70,26.92,-67.58,44.71,19.63,1
i,2022-09-30 11:03:18.258021,0.58,0.37,0.78,19.71,13.37,21.24,-67.58,44.71,19.63,1
i,2022-09-30 11:03:18.276947,0.65,0.45,0.82,-1.95,10.80,7.39,-68.07,45.34,18.73,1
i,2022-09-30 11:03:18.295030,0.65,0.55,0.78,1.40,-1.89,4.88,-68.07,45.34,18.73,1
i,2022-09-30 11:03:18.313053,0.52,0.51,0.74,18.37,-3.30,13.12,-68.07,45.34,18.73,1
i,2022-09-30 11:03:18.332042,0.44,0.37,0.72,15.01,-0.61,8.61,-67.40,44.17,17.55,1
i,2022-09-30 11:03:18.350042,0.41,0.30,0.67,-2.87,5.31,-5.07,-67.40,44.17,17.55,1
i,2022-09-30 11:03:18.369035,0.51,0.48,0.61,-28.20,8.30,-17.21,-66.89,41.33,15.94,1
i,2022-09-30 11:03:18.387265,0.53,0.63,0.54,-18.19,-3.48,-4.27,-66.89,41.33,15.94,1
i,2022-09-30 11:03:18.405044,0.53,0.49,0.50,1.83,-13.79,3.91,-66.89,41.33,15.94,1
i,2022-09-30 11:03:18.424052,0.49,0.37,0.52,12.70,-21.06,5.80,-66.54,40.61,13.20,1
i,2022-09-30 11:03:18.442106,0.40,0.23,0.54,6.35,-23.99,-1.59,-66.54,40.61,13.20,1
i,2022-09-30 11:03:18.460213,0.38,0.36,0.47,-22.89,-24.11,-13.73,-66.54,40.61,13.20,1
i,2022-09-30 11:03:18.479037,0.46,0.53,0.50,-27.28,-17.46,-6.35,-67.50,40.37,16.03,1
i,2022-09-30 11:03:18.497075,0.52,0.54,0.54,-11.60,-19.90,5.25,-67.50,40.37,16.03,1
i,2022-09-30 11:03:18.514962,0.59,0.57,0.60,-0.49,-24.29,9.34,-67.50,40.37,16.03,1
i,2022-09-30 11:03:18.534056,0.51,0.50,0.70,19.53,-26.61,10.50,-67.05,42.55,18.01,1
i,2022-09-30 11:03:18.552024,0.40,0.35,0.78,25.57,-22.77,3.17,-67.05,42.55,18.01,1
i,2022-09-30 11:03:18.571248,0.44,0.40,0.82,-9.34,-12.39,-8.91,-67.86,44.08,18.87,1
i,2022-09-30 11:03:18.589094,0.54,0.56,0.80,-15.87,-7.39,-5.07,-67.86,44.08,18.87,1
i,2022-09-30 11:03:18.607033,0.57,0.50,0.83,-4.33,-2.81,2.08,-67.86,44.08,18.87,1
i,2022-09-30 11:03:18.626034,0.53,0.47,0.88,6.41,-2.69,6.65,-67.52,45.28,17.90,1
i,2022-09-30 11:03:18.644035,0.40,0.45,0.86,11.78,-6.23,10.19,-67.52,45.28,17.90,1
i,2022-09-30 11:03:18.661935,0.38,0.38,0.73,13.06,5.68,5.13,-67.52,45.28,17.90,1
i,2022-09-30 11:03:18.681016,0.51,0.28,0.79,3.30,16.85,-2.69,-67.49,45.97,18.01,1
i,2022-09-30 11:03:18.699234,0.57,0.31,0.85,-12.51,11.23,-7.14,-67.49,45.97,18.01,1
i,2022-09-30 11:03:18.718242,0.55,0.48,0.75,-18.37,-2.01,-3.72,-67.03,45.42,17.53,1
i,2022-09-30 11:03:18.736024,0.37,0.51,0.71,20.63,4.46,20.81,-67.03,45.42,17.53,1
i,2022-09-30 11:03:18.753913,0.39,0.21,0.72,15.26,17.58,14.95,-67.03,45.42,17.53,1
i,2022-09-30 11:03:18.773031,0.50,0.29,0.79,-9.89,21.61,-3.05,-67.24,46.78,15.59,1
i,2022-09-30 11:03:18.791000,0.51,0.52,0.86,-27.40,11.66,-4.09,-67.24,46.78,15.59,1
i,2022-09-30 11:03:18.809063,0.47,0.50,0.70,-20.39,-1.59,8.54,-67.24,46.78,15.59,1
