i,2022-09-30 11:03:53.062537,0.03,0.98,0.16,0.67,2.26,8.12,47.51,22.99,24.69,1
i,2022-09-30 11:03:53.080718,0.08,1.04,0.28,-7.81,-0.49,1.16,47.51,22.99,24.69,1
i,2022-09-30 11:03:53.099654,0.10,1.00,0.29,-3.48,-9.64,0.00,48.49,22.84,22.30,1
i,2022-09-30 11:03:53.117562,0.06,0.89,0.26,0.98,-19.10,6.35,48.49,22.84,22.30,1
i,2022-09-30 11:03:53.135658,-0.05,0.93,0.18,1.65,-10.56,5.19,48.49,22.84,22.30,1
i,2022-09-30 11:03:53.154668,-0.01,0.91,0.22,-9.03,3.48,5.55,49.83,22.52,19.62,1
i,2022-09-30 11:03:53.172657,0.02,0.95,0.29,-16.72,10.86,4.15,49.83,22.52,19.62,1
i,2022-09-30 11:03:53.190561,0.01,0.98,0.34,-17.76,7.08,7.20,49.83,22.52,19.62,1
i,2022-09-30 11:03:53.209719,-0.01,1.00,0.28,-25.88,-12.21,15.56,50.99,21.18,20.34,1
i,2022-09-30 11:03:53.227655,-0.05,0.89,0.22,-27.83,-17.03,19.71,50.99,21.18,20.34,1
i,2022-09-30 11:03:53.246713,-0.04,0.88,0.20,-48.28,-5.31,17.40,50.90,19.42,20.24,1
i,2022-09-30 11:03:53.264540,-0.02,0.98,0.10,-51.76,10.93,21.67,50.90,19.42,20.24,1
i,2022-09-30 11:03:53.282663,-0.02,0.97,0.15,-31.07,25.70,28.87,50.90,19.42,20.24,1
i,2022-09-30 11:03:53.301522,0.24,0.90,0.35,-23.56,12.82,25.94,51.31,16.74,22.33,1
i,2022-09-30 11:03:53.319642,0.19,0.93,0.28,-13.00,-10.80,28.63,51.31,16.74,22.33,1
i,2022-09-30 11:03:53.337550,-0.05,1.03,0.04,0.43,-31.80,40.04,51.31,16.74,22.33,1
i,2022-09-30 11:03:53.356544,-0.23,0.95,-0.10,21.12,-27.34,41.20,52.11,14.20,21.11,1
i,2022-09-30 11:03:53.374854,-0.75,0.68,-0.04,-47.55,-4.21,-4.52,52.11,14.20,21.11,1
i,2022-09-30 11:03:53.392744,-0.00,1.47,0.33,-45.29,-0.79,-15.50,52.11,14.20,21.11,1
i,2022-09-30 11:03:53.411665,-0.01,1.19,0.24,-5.25,-17.88,3.11,53.03,12.12,20.28,1
i,2022-09-30 11:03:53.429724,0.06,1.12,0.06,31.80,-30.09,-6.77,53.03,12.12,20.28,1
i,2022-09-30 11:03:53.448708,0.00,1.08,-0.04,68.42,-26.49,-21.42,54.08,14.71,17.10,1
i,2022-09-30 11:03:53.466654,-0.04,1.09,0.06,81.36,-5.43,-30.76,54.08,14.71,17.10,1
i,2022-09-30 11:03:53.484405,0.00,1.02,0.16,69.46,6.84,-31.56,54.08,14.71,17.10,1
i,2022-09-30 11:03:53.503535,0.01,0.94,0.26,60.30,12.82,-35.34,56.26,20.08,13.18,1
i,2022-09-30 11:03:53.521565,0.02,0.86,0.42,46.39,12.57,-41.38,56.26,20.08,13.18,1
i,2022-09-30 11:03:53.539663,-0.01,0.99,0.43,19.53,-1.22,-42.18,56.26,20.08,13.18,1
i,2022-09-30 11:03:53.558742,-0.11,1.04,0.25,21.73,-2.50,-13.00,57.97,25.21,12.37,1
i,2022-09-30 11:03:53.576683,-0.09,0.77,0.32,34.79,10.56,-3.23,57.97,25.21,12.37,1
i,2022-09-30 11:03:53.595468,-0.04,0.60,0.40,16.97,17.76,-0.06,59.52,28.20,13.33,1
i,2022-09-30 11:03:53.613715,-0.01,0.59,0.44,-11.23,11.66,-5.07,59.52,28.20,13.33,1
i,2022-09-30 11:03:53.631729,0.02,0.83,0.21,-37.05,-5.62,-8.67,59.52,28.20,13.33,1
i,2022-09-30 11:03:53.650552,-0.10,0.96,-0.01,-5.98,6.04,1.95,58.90,27.64,14.62,1
i,2022-09-30 11:03:53.668711,-0.05,0.83,0.26,-7.69,19.71,22.64,58.90,27.64,14.62,1
i,2022-09-30 11:03:53.686469,0.01,0.82,0.30,-15.14,17.27,30.70,58.90,27.64,14.62,1
i,2022-09-30 11:03:53.705363,0.07,0.89,0.28,-20.51,3.05,32.84,57.73,24.38,14.48,1
i,2022-09-30 11:03:53.723669,0.06,0.93,0.30,-21.18,-22.46,29.48,57.73,24.38,14.48,1
i,2022-09-30 11:03:53.741670,0.06,0.99,0.16,-27.65,-36.07,24.11,57.73,24.38,14.48,1
i,2022-09-30 11:03:53.760483,0.05,1.12,0.00,-26.55,-37.96,21.97,56.25,20.42,15.65,1
i,2022-09-30 11:03:53.778652,0.05,1.10,0.03,-11.35,-36.07,24.54,56.25,20.42,15.65,1
i,2022-09-30 11:03:53.797457,0.02,1.05,0.20,3.91,-33.33,19.59,54.82,18.42,13.04,1
i,2022-09-30 11:03:53.815465,-0.01,0.97,0.32,12.02,-35.10,4.15,54.82,18.42,13.04,1
i,2022-09-30 11:03:53.833647,-0.09,1.17,0.24,13.98,-31.86,-1.28,54.82,18.42,13.04,1
i,2022-09-30 11:03:53.852679,-0.11,1.27,0.17,39.86,-12.02,0.79,54.79,18.84,9.48,1
i,2022-09-30 11:03:53.870652,-0.24,1.03,0.20,69.82,10.68,-3.42,54.79,18.84,9.48,1
i,2022-09-30 11:03:53.888661,-0.23,0.89,0.36,42.85,27.16,-30.40,54.79,18.84,9.48,1
i,2022-09-30 11:03:53.907648,-0.01,1.11,0.51,-11.60,21.73,-48.40,54.06,22.00,9.05,1
i,2022-09-30 11:03:53.925536,0.09,1.18,0.37,-22.34,10.56,-41.32,54.06,22.00,9.05,1
i,2022-09-30 11:03:53.943656,0.04,0.99,0.25,-2.14,11.23,-35.16,54.06,22.00,9.05,1
i,2022-09-30 11:03:53.962429,0.10,1.00,0.25,12.33,26.00,-40.10,53.17,26.97,10.02,1
i,2022-09-30 11:03:53.980501,0.16,0.94,0.28,18.31,43.33,-32.53,53.17,26.97,10.02,1
i,2022-09-30 11:03:53.999480,0.28,0.76,0.27,49.26,61.04,-28.38,53.96,32.17,13.57,1
i,2022-09-30 11:03:54.017562,0.46,0.83,0.41,67.93,50.54,-16.11,53.96,32.17,13.57,1
i,2022-09-30 11:03:54.035418,0.46,0.77,0.40,70.86,12.82,20.45,53.96,32.17,13.57,1
i,2022-09-30 11:03:54.054482,0.37,0.74,0.27,82.28,-23.68,67.26,58.12,36.35,13.88,1
i,2022-09-30 11:03:54.072662,-0.63,-1.25,-0.09,61.10,-44.56,58.35,58.12,36.35,13.88,1
i,2022-09-30 11:03:54.090738,0.05,1.82,0.32,-109.19,-24.35,-43.52,58.12,36.35,13.88,1
i,2022-09-30 11:03:54.109580,-0.15,1.25,0.00,12.63,-4.39,-3.85,60.47,34.79,12.43,1
i,2022-09-30 11:03:54.127493,-0.18,1.24,0.22,91.74,10.62,32.96,60.47,34.79,12.43,1
i,2022-09-30 11:03:54.146480,-0.69,0.17,0.35,102.29,22.40,22.95,58.31,35.22,13.15,1
i,2022-09-30 11:03:54.164718,-0.07,0.80,0.31,-72.14,45.90,-63.96,58.31,35.22,13.15,1
i,2022-09-30 11:03:54.182652,0.21,1.30,0.34,-83.07,15.14,-21.12,58.31,35.22,13.15,1
i,2022-09-30 11:03:54.201669,0.10,0.94,0.09,-50.29,8.18,-18.19,52.92,33.92,15.70,1
i,2022-09-30 11:03:54.219688,0.26,1.06,0.16,-33.69,17.03,-21.61,52.92,33.92,15.70,1
i,2022-09-30 11:03:54.237504,0.31,0.91,0.24,-22.40,14.28,-10.44,52.92,33.92,15.70,1
i,2022-09-30 11:03:54.256467,0.34,0.91,0.19,-30.21,4.88,-6.84,48.73,33.08,16.50,1
i,2022-09-30 11:03:54.274560,0.26,1.05,0.09,-12.21,-6.59,1.16,48.73,33.08,16.50,1
i,2022-09-30 11:03:54.292666,0.27,1.01,0.09,5.92,-13.43,5.55,48.73,33.08,16.50,1
i,2022-09-30 11:03:54.311418,0.27,0.90,0.17,15.81,-15.44,9.89,46.51,32.87,15.67,1
i,2022-09-30 11:03:54.329495,0.20,0.79,0.28,21.24,-14.34,13.18,46.51,32.87,15.67,1
i,2022-09-30 11:03:54.348503,0.16,0.72,0.34,4.33,-15.81,4.46,46.11,32.85,14.10,1
i,2022-09-30 11:03:54.366722,0.12,1.00,0.20,-18.01,-21.61,3.54,46.11,32.85,14.10,1
i,2022-09-30 11:03:54.384506,0.12,0.95,0.21,5.86,-16.72,13.79,46.11,32.85,14.10,1
i,2022-09-30 11:03:54.403474,-0.03,0.80,0.36,12.02,-14.34,15.50,46.11,31.98,11.27,1
i,2022-09-30 11:03:54.421718,-0.02,0.86,0.32,-15.32,-11.41,3.36,46.11,31.98,11.27,1
