g,2022-11-01 13:29:17.593220,0.29,-0.72,0.71,-20.20,16.42,-32.90,34.42,28.20,-63.83,1
g,2022-11-01 13:29:17.613833,0.23,-0.65,0.77,-29.17,22.46,-28.50,35.85,27.26,-63.66,1
g,2022-11-01 13:29:17.635809,0.25,-0.61,0.81,-25.94,19.04,-19.41,35.85,27.26,-63.66,1
g,2022-11-01 13:29:17.653566,0.29,-0.70,0.76,-12.82,8.61,-13.98,35.85,27.26,-63.66,1
g,2022-11-01 13:29:17.673637,0.35,-0.68,0.72,-25.15,6.35,-24.84,36.66,26.18,-64.25,1
g,2022-11-01 13:29:17.693743,0.38,-0.56,0.77,-51.88,2.69,-32.17,36.66,26.18,-64.25,1
g,2022-11-01 13:29:17.716301,0.28,-0.48,0.76,-46.81,-2.62,-27.83,38.12,23.63,-64.16,1
g,2022-11-01 13:29:17.736519,0.26,-0.59,0.78,-49.62,4.94,-26.79,38.12,23.63,-64.16,1
g,2022-11-01 13:29:17.760068,0.24,-0.47,0.88,-61.46,15.44,-26.49,38.12,23.63,-64.16,1
g,2022-11-01 13:29:17.778819,0.22,-0.33,0.99,4.94,20.51,27.16,40.63,21.57,-63.57,1
g,2022-11-01 13:29:17.798363,0.29,-0.73,0.83,24.05,12.51,34.18,40.63,21.57,-63.57,1
g,2022-11-01 13:29:17.821624,0.26,-0.65,0.78,-20.87,7.93,20.94,43.08,20.91,-61.80,1
g,2022-11-01 13:29:17.839492,0.26,-0.55,0.78,-30.09,9.28,19.96,43.08,20.91,-61.80,1
g,2022-11-01 13:29:17.859976,0.22,-0.44,0.75,-41.81,2.93,22.28,43.08,20.91,-61.80,1
g,2022-11-01 13:29:17.879714,0.17,-0.38,0.78,-52.25,-12.27,30.58,43.55,17.96,-61.98,1
g,2022-11-01 13:29:17.901750,0.16,-0.37,0.82,-53.96,-21.61,26.92,43.55,17.96,-61.98,1
g,2022-11-01 13:29:17.918564,0.15,-0.29,0.91,-34.00,-54.20,26.73,42.05,14.44,-63.57,1
g,2022-11-01 13:29:17.939855,0.16,-0.35,0.85,-7.14,-89.54,28.32,42.05,14.44,-63.57,1
g,2022-11-01 13:29:17.961782,0.11,-0.39,0.90,4.33,-108.03,15.01,42.05,14.44,-63.57,1
g,2022-11-01 13:29:17.980737,0.10,-0.25,0.84,15.01,-102.72,-17.40,35.64,14.61,-66.04,1
g,2022-11-01 13:29:18.000480,0.10,-0.25,0.90,30.33,-77.03,-30.94,35.64,14.61,-66.04,1
g,2022-11-01 13:29:18.023039,0.10,-0.26,1.00,43.21,-34.06,-35.52,31.08,17.82,-67.60,1
g,2022-11-01 13:29:18.040787,0.14,-0.37,1.00,45.23,-14.65,-33.33,31.08,17.82,-67.60,1
g,2022-11-01 13:29:18.060909,0.16,-0.44,0.99,48.22,-1.53,-10.13,31.08,17.82,-67.60,1
g,2022-11-01 13:29:18.081195,0.12,-0.67,0.79,46.75,15.20,-5.00,30.99,21.14,-65.70,1
g,2022-11-01 13:29:18.103301,0.16,-0.59,0.82,17.82,46.45,-4.64,30.99,21.14,-65.70,1
g,2022-11-01 13:29:18.122330,0.21,-0.55,0.85,-11.78,75.81,9.58,34.50,20.70,-63.28,1
g,2022-11-01 13:29:18.142436,0.17,-0.58,0.93,-21.18,78.86,18.01,34.50,20.70,-63.28,1
g,2022-11-01 13:29:18.163695,0.17,-0.57,0.93,-25.70,48.34,13.79,34.50,20.70,-63.28,1
g,2022-11-01 13:29:18.182942,0.15,-0.50,0.90,-27.65,29.30,8.36,38.78,19.03,-60.82,1
g,2022-11-01 13:29:18.202781,0.13,-0.48,0.83,-27.04,13.43,2.93,38.78,19.03,-60.82,1
g,2022-11-01 13:29:18.222559,0.08,-0.40,0.72,-29.36,-1.65,-1.83,39.56,17.64,-59.67,1
g,2022-11-01 13:29:18.244751,0.14,-0.35,0.66,-23.86,-9.83,-10.62,39.56,17.64,-59.67,1
g,2022-11-01 13:29:18.262955,0.15,-0.31,0.76,-47.24,5.86,5.19,39.56,17.64,-59.67,1
g,2022-11-01 13:29:18.284324,0.08,-0.55,0.77,-39.73,-15.26,-6.77,39.58,15.80,-59.14,1
g,2022-11-01 13:29:18.306244,0.09,-0.36,0.77,-39.55,-39.79,-28.02,39.58,15.80,-59.14,1
g,2022-11-01 13:29:18.324661,0.07,-0.38,0.75,-34.42,-48.10,-32.65,36.34,15.01,-62.78,1
g,2022-11-01 13:29:18.345547,0.06,-0.38,0.75,-16.66,-55.91,-41.93,36.34,15.01,-62.78,1
g,2022-11-01 13:29:18.367513,0.08,-0.29,0.81,5.00,-65.80,-46.14,36.34,15.01,-62.78,1
g,2022-11-01 13:29:18.387480,0.08,-0.25,0.88,13.67,-64.64,-33.69,30.03,16.20,-65.88,1
g,2022-11-01 13:29:18.408425,0.07,-0.28,0.95,19.78,-54.63,-17.52,30.03,16.20,-65.88,1
g,2022-11-01 13:29:18.430668,0.09,-0.23,1.16,19.47,-41.75,20.26,24.40,16.99,-69.80,1
g,2022-11-01 13:29:18.448357,0.13,-0.33,1.21,52.19,-56.52,63.35,24.40,16.99,-69.80,1
g,2022-11-01 13:29:18.468307,0.08,-0.58,1.12,75.20,-58.72,85.39,24.40,16.99,-69.80,1
g,2022-11-01 13:29:18.492104,0.01,-0.60,1.07,64.09,-37.84,73.49,20.84,19.57,-71.22,1
g,2022-11-01 13:29:18.510847,0.01,-0.42,0.99,53.96,-23.93,75.01,20.84,19.57,-71.22,1
g,2022-11-01 13:29:18.530596,-0.07,-0.44,0.93,44.25,-5.49,83.07,22.62,21.11,-70.72,1
g,2022-11-01 13:29:18.554635,-0.36,-0.25,0.92,0.00,33.26,78.12,22.62,21.11,-70.72,1
g,2022-11-01 13:29:18.573328,-0.36,-0.06,1.01,75.44,59.39,97.23,27.01,21.55,-68.77,1
g,2022-11-01 13:29:18.593066,-0.11,-0.52,0.93,115.48,72.39,108.58,27.01,21.55,-68.77,1
g,2022-11-01 13:29:18.615686,0.02,-0.69,0.79,118.35,74.95,54.87,27.01,21.55,-68.77,1
g,2022-11-01 13:29:18.633984,0.26,-0.65,0.66,95.46,75.32,23.07,31.30,25.18,-61.25,1
g,2022-11-01 13:29:18.653536,0.26,-0.58,0.60,57.25,71.84,7.26,31.30,25.18,-61.25,1
