Y,2022-10-29 16:30:25.808016,-0.03,0.29,-0.94,-42.48,-3.72,14.16,-15.16,-22.51,-83.54,1
Y,2022-10-29 16:30:25.826572,0.05,0.27,-0.91,-48.22,-6.47,10.62,-15.16,-22.51,-83.54,1
Y,2022-10-29 16:30:25.844473,-0.09,0.15,-0.72,-49.93,-3.23,3.42,-15.16,-22.51,-83.54,1
Y,2022-10-29 16:30:25.863412,-0.02,-0.05,-1.00,-9.70,-6.65,1.53,-15.12,-18.82,-80.99,1
Y,2022-10-29 16:30:25.882877,0.04,0.17,-0.81,-25.09,1.65,-5.00,-15.12,-18.82,-80.99,1
Y,2022-10-29 16:30:25.901539,-0.15,-0.00,-0.69,-21.24,-1.46,-5.31,-15.12,-18.82,-80.99,1
Y,2022-10-29 16:30:25.921540,-0.22,-0.17,-0.75,-23.99,41.32,41.87,-15.38,-17.79,-82.39,1
Y,2022-10-29 16:30:25.940718,0.02,-0.01,-0.99,-30.40,59.33,59.63,-15.38,-17.79,-82.39,1
Y,2022-10-29 16:30:25.960506,0.04,0.16,-1.14,-21.48,55.18,60.24,-19.40,-14.59,-82.13,1
Y,2022-10-29 16:30:25.978298,0.01,0.22,-1.16,7.45,38.88,18.68,-19.40,-14.59,-82.13,1
Y,2022-10-29 16:30:25.996548,-0.04,0.20,-1.22,15.50,31.37,1.46,-19.40,-14.59,-82.13,1
Y,2022-10-29 16:30:26.015558,-0.09,0.26,-1.31,18.74,19.90,0.85,-22.36,-12.67,-82.01,1
Y,2022-10-29 16:30:26.033008,-0.16,0.30,-1.34,46.51,-5.86,-3.91,-22.36,-12.67,-82.01,1
Y,2022-10-29 16:30:26.052532,-0.09,0.33,-1.29,75.99,-34.73,-17.27,-22.36,-12.67,-82.01,1
Y,2022-10-29 16:30:26.073164,0.06,0.30,-1.21,96.56,-49.32,-32.10,-16.37,-15.54,-80.53,1
Y,2022-10-29 16:30:26.091276,0.07,0.20,-1.02,84.72,-52.55,-33.14,-16.37,-15.54,-80.53,1
Y,2022-10-29 16:30:26.110251,0.04,0.20,-0.99,56.21,-50.48,-19.35,-6.96,-19.01,-79.99,1
Y,2022-10-29 16:30:26.128714,0.14,0.23,-0.77,21.97,-38.57,-3.17,-6.96,-19.01,-79.99,1
Y,2022-10-29 16:30:26.147684,0.17,0.32,-0.66,-7.39,-20.02,6.10,-6.96,-19.01,-79.99,1
Y,2022-10-29 16:30:26.166776,0.16,0.28,-0.55,-39.98,4.03,15.44,-1.87,-15.65,-77.80,1
Y,2022-10-29 16:30:26.184865,0.13,0.22,-0.72,-94.67,46.81,37.17,-1.87,-15.65,-77.80,1
Y,2022-10-29 16:30:26.204548,-0.16,0.38,-0.95,-98.45,49.99,32.96,-1.87,-15.65,-77.80,1
Y,2022-10-29 16:30:26.224803,-0.15,0.29,-1.13,-11.11,-9.03,3.54,-6.62,-6.13,-73.79,1
Y,2022-10-29 16:30:26.243388,-0.30,0.39,-0.64,3.11,-11.23,2.50,-6.62,-6.13,-73.79,1
Y,2022-10-29 16:30:26.262567,-0.13,0.35,-0.90,-30.58,10.31,7.63,-7.62,-7.65,-73.38,1
Y,2022-10-29 16:30:26.280624,-0.15,0.34,-0.86,-44.80,22.58,-2.50,-7.62,-7.65,-73.38,1
Y,2022-10-29 16:30:26.299024,-0.10,0.32,-0.96,-44.07,34.55,-13.00,-7.62,-7.65,-73.38,1
Y,2022-10-29 16:30:26.317993,0.03,0.06,-1.09,-21.79,35.40,-18.37,-15.43,-8.12,-76.56,1
Y,2022-10-29 16:30:26.338428,0.02,-0.01,-1.11,-28.38,15.32,0.61,-15.43,-8.12,-76.56,1
Y,2022-10-29 16:30:26.356828,0.04,-0.08,-1.14,-21.18,9.03,9.89,-21.35,-10.88,-79.65,1
Y,2022-10-29 16:30:26.375365,0.03,-0.07,-1.14,0.85,-3.11,10.50,-21.35,-10.88,-79.65,1
Y,2022-10-29 16:30:26.393582,-0.00,-0.01,-1.13,18.43,-8.30,5.86,-21.35,-10.88,-79.65,1
Y,2022-10-29 16:30:26.413163,-0.02,0.10,-1.14,39.00,-11.96,-5.86,-21.84,-13.70,-81.07,1
Y,2022-10-29 16:30:26.431729,-0.08,0.12,-0.99,39.61,1.65,-15.20,-21.84,-13.70,-81.07,1
Y,2022-10-29 16:30:26.449802,-0.13,-0.03,-0.89,-3.23,28.14,16.42,-21.84,-13.70,-81.07,1
Y,2022-10-29 16:30:26.469533,-0.10,0.02,-0.79,-22.46,43.58,33.39,-24.61,-13.83,-81.32,1
Y,2022-10-29 16:30:26.487593,-0.11,0.14,-0.78,-30.40,42.72,42.24,-24.61,-13.83,-81.32,1
Y,2022-10-29 16:30:26.507529,-0.08,0.33,-0.91,4.94,23.13,12.94,-29.60,-11.44,-82.67,1
Y,2022-10-29 16:30:26.526110,-0.16,0.26,-0.94,27.47,9.89,-13.73,-29.60,-11.44,-82.67,1
Y,2022-10-29 16:30:26.545650,-0.14,0.15,-1.01,43.88,3.05,-31.37,-29.60,-11.44,-82.67,1
Y,2022-10-29 16:30:26.564545,-0.30,0.28,-1.05,34.30,-6.47,-29.05,-31.76,-17.18,-86.65,1
Y,2022-10-29 16:30:26.583533,-0.52,0.58,-1.22,103.21,-49.38,-35.83,-31.76,-17.18,-86.65,1
Y,2022-10-29 16:30:26.601894,-0.37,0.60,-0.99,133.67,-56.70,-44.56,-31.76,-17.18,-86.65,1
Y,2022-10-29 16:30:26.622137,-0.27,0.74,-0.99,81.97,-41.75,-39.18,-24.98,-28.37,-93.12,1
Y,2022-10-29 16:30:26.641594,-0.15,0.88,-0.79,66.41,-36.07,-47.91,-24.98,-28.37,-93.12,1
Y,2022-10-29 16:30:26.661359,0.01,0.92,-0.62,58.41,-20.14,-58.29,-15.75,-37.18,-102.60,1
Y,2022-10-29 16:30:26.679529,0.19,1.02,-0.53,-2.50,12.82,-63.78,-15.75,-37.18,-102.60,1
Y,2022-10-29 16:30:26.698264,0.22,0.93,-0.72,-36.44,28.08,-75.20,-15.75,-37.18,-102.60,1
Y,2022-10-29 16:30:26.716868,0.17,0.75,-0.75,-60.61,34.36,-85.45,-9.79,-39.25,-111.60,1
Y,2022-10-29 16:30:26.735450,0.14,0.59,-0.78,-75.74,37.41,-97.84,-9.79,-39.25,-111.60,1
Y,2022-10-29 16:30:26.756378,0.02,0.25,-0.94,-79.71,44.25,-114.75,-4.80,-37.98,-115.09,1
Y,2022-10-29 16:30:26.774762,-0.00,0.08,-1.05,-73.67,43.58,-116.52,-4.80,-37.98,-115.09,1
Y,2022-10-29 16:30:26.793076,0.01,-0.06,-1.10,-72.69,36.38,-104.98,-4.80,-37.98,-115.09,1
