U,2022-10-25 16:57:15.929662,-0.23,-0.39,0.73,-0.67,7.87,-3.42,23.66,1.70,11.76,1
U,2022-10-25 16:57:15.947812,-0.17,-0.35,0.74,4.09,3.05,-5.19,23.66,1.70,11.76,1
U,2022-10-25 16:57:15.966681,-0.17,-0.47,0.69,8.24,-1.04,-11.41,24.60,2.99,10.58,1
U,2022-10-25 16:57:15.984848,-0.20,-0.35,0.77,-6.65,9.03,-25.94,24.60,2.99,10.58,1
U,2022-10-25 16:57:16.002846,-0.33,-0.34,0.91,-7.51,11.29,-24.35,24.60,2.99,10.58,1
U,2022-10-25 16:57:16.021656,-0.46,-0.48,0.94,7.45,8.06,-15.87,28.30,2.59,8.46,1
U,2022-10-25 16:57:16.039755,-0.50,-0.69,0.91,14.28,9.22,-9.89,28.30,2.59,8.46,1
U,2022-10-25 16:57:16.057547,-0.54,-0.68,0.87,10.50,16.48,-11.90,28.30,2.59,8.46,1
U,2022-10-25 16:57:16.076627,-0.57,-0.67,0.85,14.22,30.09,-2.08,30.35,1.10,9.47,1
U,2022-10-25 16:57:16.094586,-0.36,-0.68,0.79,21.97,28.26,8.06,30.35,1.10,9.47,1
U,2022-10-25 16:57:16.112607,-0.30,-0.72,0.70,16.60,23.38,11.84,30.35,1.10,9.47,1
U,2022-10-25 16:57:16.131619,-0.30,-0.68,0.62,4.09,18.80,6.71,30.26,-0.99,10.78,1
U,2022-10-25 16:57:16.149750,-0.32,-0.63,0.58,-12.27,17.33,2.87,30.26,-0.99,10.78,1
U,2022-10-25 16:57:16.168821,-0.38,-0.48,0.61,-25.09,20.45,2.01,29.94,-2.65,12.38,1
U,2022-10-25 16:57:16.186822,-0.33,-0.40,0.65,-22.34,18.01,0.37,29.94,-2.65,12.38,1
U,2022-10-25 16:57:16.204770,-0.61,-0.29,0.76,15.99,-7.08,-0.55,29.94,-2.65,12.38,1
U,2022-10-25 16:57:16.223765,-0.42,-0.48,0.60,56.58,-9.22,17.94,31.15,-4.21,11.74,1
U,2022-10-25 16:57:16.241754,-0.40,-0.59,0.38,32.10,4.33,19.41,31.15,-4.21,11.74,1
U,2022-10-25 16:57:16.260021,-0.28,-0.70,0.54,-13.12,11.72,-9.52,31.15,-4.21,11.74,1
U,2022-10-25 16:57:16.278833,-0.26,-0.35,0.71,-16.48,-2.62,-23.50,32.17,-3.92,11.43,1
U,2022-10-25 16:57:16.296954,-0.32,-0.25,0.76,-1.59,-22.22,-20.08,32.17,-3.92,11.43,1
U,2022-10-25 16:57:16.315122,-0.30,-0.31,0.74,21.30,-37.41,-13.06,32.17,-3.92,11.43,1
U,2022-10-25 16:57:16.333766,-0.33,-0.41,0.63,34.18,-50.17,-11.78,36.38,-2.72,8.44,1
U,2022-10-25 16:57:16.351748,-0.45,-0.44,0.59,28.69,-47.24,-16.66,36.38,-2.72,8.44,1
U,2022-10-25 16:57:16.371556,-0.47,-0.57,0.62,16.54,-31.25,-16.30,42.40,-1.39,4.91,1
U,2022-10-25 16:57:16.390041,-0.45,-0.59,0.64,-0.73,-23.01,-21.12,42.40,-1.39,4.91,1
U,2022-10-25 16:57:16.408530,-0.45,-0.50,0.72,-11.47,-21.24,-23.62,42.40,-1.39,4.91,1
U,2022-10-25 16:57:16.428097,-0.42,-0.43,0.77,-5.86,-33.33,-18.25,47.60,2.97,-1.27,1
U,2022-10-25 16:57:16.445739,-0.53,-0.39,0.66,18.37,-40.89,-11.78,47.60,2.97,-1.27,1
U,2022-10-25 16:57:16.463950,-0.59,-0.48,0.66,32.71,-34.00,-5.86,47.60,2.97,-1.27,1
U,2022-10-25 16:57:16.482944,-0.71,-0.63,0.66,24.60,-20.39,-1.28,51.78,6.37,-7.28,1
U,2022-10-25 16:57:16.500826,-0.77,-0.73,0.63,-10.93,6.23,5.80,51.78,6.37,-7.28,1
U,2022-10-25 16:57:16.518972,-0.77,-0.76,0.82,-48.58,50.72,-0.49,51.78,6.37,-7.28,1
U,2022-10-25 16:57:16.537824,-0.70,-0.54,0.99,-72.94,73.24,-2.93,53.70,10.25,-10.60,1
U,2022-10-25 16:57:16.555921,-0.59,-0.37,1.22,-56.95,91.19,-6.29,53.70,10.25,-10.60,1
U,2022-10-25 16:57:16.574936,-0.48,-0.50,1.38,-27.40,87.40,-2.69,52.61,12.22,-10.80,1
U,2022-10-25 16:57:16.592827,-0.45,-0.54,1.33,0.12,66.53,-5.13,52.61,12.22,-10.80,1
U,2022-10-25 16:57:16.610737,-0.42,-0.63,1.22,34.67,30.64,4.58,52.61,12.22,-10.80,1
U,2022-10-25 16:57:16.629622,-0.47,-0.87,0.78,57.98,18.49,13.55,51.28,10.71,-6.62,1
U,2022-10-25 16:57:16.647733,-0.58,-0.81,0.58,37.23,35.83,17.46,51.28,10.71,-6.62,1
U,2022-10-25 16:57:16.666183,-0.39,-0.74,0.66,4.94,76.78,23.25,51.28,10.71,-6.62,1
U,2022-10-25 16:57:16.684618,-0.23,-0.70,0.81,-5.92,79.59,26.61,47.23,6.88,-0.29,1
U,2022-10-25 16:57:16.702817,-0.23,-0.59,0.80,-5.49,35.16,28.08,47.23,6.88,-0.29,1
U,2022-10-25 16:57:16.720803,-0.18,-0.54,0.77,24.29,-1.53,21.06,47.23,6.88,-0.29,1
U,2022-10-25 16:57:16.739643,-0.28,-0.41,0.62,47.97,-35.34,13.31,41.08,3.17,5.71,1
U,2022-10-25 16:57:16.757726,-0.44,-0.29,0.33,25.63,-29.60,20.63,41.08,3.17,5.71,1
U,2022-10-25 16:57:16.776726,-0.33,-0.39,0.47,-6.71,8.91,29.05,37.76,-1.04,7.58,1
U,2022-10-25 16:57:16.794787,-0.28,-0.38,0.59,-22.83,19.17,18.43,37.76,-1.04,7.58,1
U,2022-10-25 16:57:16.812801,-0.27,-0.37,0.66,-38.02,10.56,11.96,37.76,-1.04,7.58,1
U,2022-10-25 16:57:16.831962,-0.44,-0.35,0.67,-42.66,8.12,9.89,35.86,-1.45,9.66,1
U,2022-10-25 16:57:16.850511,-0.67,-0.28,0.92,-19.65,13.37,4.82,35.86,-1.45,9.66,1
U,2022-10-25 16:57:16.868714,-0.55,-0.43,0.89,22.28,5.00,7.87,35.86,-1.45,9.66,1
U,2022-10-25 16:57:16.887793,-0.45,-0.48,0.80,42.11,-2.75,-1.10,34.01,-0.06,8.70,1
U,2022-10-25 16:57:16.905812,-0.26,-0.51,0.76,53.89,-9.70,-4.70,34.01,-0.06,8.70,1
