q,2022-10-16 14:56:25.275146,0.49,0.35,0.78,-1.71,7.57,-5.86,-38.89,32.75,-3.64,1
q,2022-10-16 14:56:25.283774,0.51,0.36,0.76,-4.21,9.34,-3.60,-38.89,32.75,-3.64,1
q,2022-10-16 14:56:25.292210,0.52,0.37,0.73,-7.51,8.24,-3.11,-38.89,32.75,-3.64,1
q,2022-10-16 14:56:25.301652,0.53,0.40,0.72,-10.25,3.66,-3.78,-38.33,33.51,-1.54,1
q,2022-10-16 14:56:25.310205,0.53,0.41,0.70,-10.93,-3.23,-4.46,-38.33,33.51,-1.54,1
q,2022-10-16 14:56:25.318913,0.52,0.42,0.70,-8.18,-9.70,-5.74,-38.33,33.51,-1.54,1
q,2022-10-16 14:56:25.327475,0.50,0.39,0.68,-4.21,-18.74,-9.16,-38.33,33.51,-1.54,1
q,2022-10-16 14:56:25.335014,0.48,0.42,0.69,-4.21,-18.74,-9.16,-38.33,33.51,-1.54,1
q,2022-10-16 14:56:25.343436,0.46,0.40,0.71,5.37,-18.86,-10.25,-38.33,33.51,-1.54,1
q,2022-10-16 14:56:25.352698,0.43,0.35,0.72,13.00,-16.05,-8.91,-38.34,34.00,-1.73,1
q,2022-10-16 14:56:25.361143,0.40,0.35,0.76,19.10,-4.33,-0.06,-38.34,34.00,-1.73,1
q,2022-10-16 14:56:25.368588,0.37,0.33,0.80,19.10,-4.33,-0.06,-38.34,34.00,-1.73,1
q,2022-10-16 14:56:25.377025,0.36,0.32,0.81,17.82,0.49,-13.06,-38.34,34.00,-1.73,1
q,2022-10-16 14:56:25.385371,0.36,0.33,0.80,12.88,4.64,-5.98,-38.34,34.00,-1.73,1
q,2022-10-16 14:56:25.392664,0.39,0.36,0.80,12.88,4.64,-5.98,-38.34,34.00,-1.73,1
q,2022-10-16 14:56:25.402126,0.42,0.37,0.77,-0.73,3.91,-10.68,-38.37,33.92,-1.87,1
q,2022-10-16 14:56:25.410634,0.45,0.38,0.75,-1.65,-3.85,-16.36,-38.37,33.92,-1.87,1
q,2022-10-16 14:56:25.418225,0.47,0.38,0.73,-1.65,-3.85,-16.36,-38.37,33.92,-1.87,1
q,2022-10-16 14:56:25.426828,0.50,0.38,0.72,3.72,-8.00,-17.46,-38.37,33.92,-1.87,1
q,2022-10-16 14:56:25.435378,0.50,0.35,0.74,10.13,-11.60,-15.08,-38.37,33.92,-1.87,1
q,2022-10-16 14:56:25.442766,0.47,0.31,0.78,10.13,-11.60,-15.08,-38.37,33.92,-1.87,1
q,2022-10-16 14:56:25.452106,0.43,0.28,0.81,24.90,-8.54,-4.88,-38.44,34.92,-2.00,1
q,2022-10-16 14:56:25.460508,0.40,0.26,0.84,23.01,-1.65,-1.89,-38.44,34.92,-2.00,1
q,2022-10-16 14:56:25.468102,0.42,0.28,0.83,23.01,-1.65,-1.89,-38.44,34.92,-2.00,1
q,2022-10-16 14:56:25.476565,0.44,0.30,0.81,5.68,-0.98,-2.44,-38.44,34.92,-2.00,1
q,2022-10-16 14:56:25.485124,0.45,0.34,0.80,2.69,-2.56,-2.44,-38.44,34.92,-2.00,1
q,2022-10-16 14:56:25.493562,0.47,0.30,0.79,2.62,-5.07,-2.99,-38.44,34.92,-2.00,1
q,2022-10-16 14:56:25.502022,0.46,0.31,0.80,2.62,-5.07,-2.99,-38.73,35.38,-1.09,1
q,2022-10-16 14:56:25.510581,0.48,0.30,0.81,4.88,-5.43,-1.34,-38.73,35.38,-1.09,1
q,2022-10-16 14:56:25.518102,0.49,0.29,0.80,4.88,-5.43,-1.34,-38.73,35.38,-1.09,1
q,2022-10-16 14:56:25.526459,0.50,0.30,0.79,10.07,-4.09,0.00,-38.73,35.38,-1.09,1
q,2022-10-16 14:56:25.534841,0.50,0.30,0.79,12.82,-3.85,1.10,-38.73,35.38,-1.09,1
q,2022-10-16 14:56:25.543347,0.49,0.31,0.79,14.71,-5.25,1.77,-38.73,35.38,-1.09,1
q,2022-10-16 14:56:25.552706,0.47,0.28,0.80,15.14,-7.87,-14.28,-39.22,35.68,0.22,1
q,2022-10-16 14:56:25.561071,0.43,0.27,0.83,10.13,-8.18,-2.56,-39.22,35.68,0.22,1
q,2022-10-16 14:56:25.569537,0.39,0.27,0.85,1.46,-6.90,-4.52,-39.22,35.68,0.22,1
q,2022-10-16 14:56:25.578051,0.38,0.28,0.84,-7.87,-6.59,-6.23,-39.22,35.68,0.22,1
q,2022-10-16 14:56:25.586555,0.40,0.30,0.82,-13.73,-7.20,-6.10,-39.22,35.68,0.22,1
q,2022-10-16 14:56:25.594888,0.46,0.31,0.76,-14.10,-8.42,-1.77,-39.22,35.68,0.22,1
q,2022-10-16 14:56:25.602591,0.46,0.31,0.76,-14.10,-8.42,-1.77,-39.72,35.22,-0.18,1
q,2022-10-16 14:56:25.611069,0.56,0.31,0.76,3.66,-8.42,14.65,-39.72,35.22,-0.18,1
q,2022-10-16 14:56:25.619508,0.58,0.27,0.78,13.85,-5.86,23.32,-39.72,35.22,-0.18,1
q,2022-10-16 14:56:25.627894,0.58,0.25,0.81,22.16,-3.72,30.82,-39.72,35.22,-0.18,1
q,2022-10-16 14:56:25.636233,0.55,0.24,0.84,24.54,-2.87,32.71,-39.72,35.22,-0.18,1
q,2022-10-16 14:56:25.644458,0.49,0.23,0.85,19.78,-4.39,28.81,-39.72,35.22,-0.18,1
q,2022-10-16 14:56:25.653812,0.44,0.24,0.87,9.40,-7.51,20.08,-39.28,36.21,-0.66,1
q,2022-10-16 14:56:25.662351,0.29,0.45,1.08,-24.48,-2.44,-4.52,-39.28,36.21,-0.66,1
q,2022-10-16 14:56:25.669759,0.29,0.45,1.08,-40.89,4.76,-20.14,-39.28,36.21,-0.66,1
q,2022-10-16 14:56:25.678178,0.36,0.45,0.75,-16.85,1.77,-13.18,-39.28,36.21,-0.66,1
q,2022-10-16 14:56:25.684777,0.36,0.45,0.75,-16.85,1.77,-13.18,-39.28,36.21,-0.66,1
q,2022-10-16 14:56:25.693234,0.51,0.40,0.71,-4.46,4.94,-9.58,-39.28,36.21,-0.66,1
q,2022-10-16 14:56:25.702576,0.45,0.35,0.75,12.88,10.62,-9.89,-39.16,35.82,-1.00,1
q,2022-10-16 14:56:25.711044,0.46,0.35,0.82,16.48,14.22,-9.22,-39.16,35.82,-1.00,1
q,2022-10-16 14:56:25.719366,0.40,0.32,0.83,12.15,12.39,-7.63,-39.16,35.82,-1.00,1
q,2022-10-16 14:56:25.727627,0.40,0.34,0.87,5.13,7.75,-5.31,-39.16,35.82,-1.00,1
q,2022-10-16 14:56:25.736046,0.41,0.35,0.86,0.98,3.05,-2.75,-39.16,35.82,-1.00,1
q,2022-10-16 14:56:25.744470,0.39,0.36,0.85,-3.66,-0.67,0.12,-39.16,35.82,-1.00,1
q,2022-10-16 14:56:25.753919,0.43,0.34,0.85,-4.09,-1.77,1.59,-38.84,36.04,-0.45,1
q,2022-10-16 14:56:25.762219,0.43,0.29,0.81,0.49,1.16,0.18,-38.84,36.04,-0.45,1
q,2022-10-16 14:56:25.769775,0.43,0.29,0.81,-3.78,3.11,-0.43,-38.84,36.04,-0.45,1
q,2022-10-16 14:56:25.778156,0.40,0.29,0.78,-11.78,2.20,0.18,-38.84,36.04,-0.45,1
q,2022-10-16 14:56:25.784800,0.40,0.29,0.78,-11.78,2.20,0.18,-38.84,36.04,-0.45,1
q,2022-10-16 14:56:25.793173,0.42,0.34,0.77,-13.24,2.69,2.20,-38.84,36.04,-0.45,1
q,2022-10-16 14:56:25.800435,0.47,0.36,0.77,-13.24,2.69,2.20,-38.84,36.04,-0.45,1
q,2022-10-16 14:56:25.809862,0.44,0.37,0.80,-13.31,1.71,4.46,-38.34,35.42,-1.27,1
q,2022-10-16 14:56:25.818336,0.45,0.35,0.80,-13.49,-0.85,7.87,-38.34,35.42,-1.27,1
q,2022-10-16 14:56:25.826058,0.45,0.36,0.78,-13.49,-0.85,7.87,-38.34,35.42,-1.27,1
q,2022-10-16 14:56:25.834534,0.44,0.37,0.80,-12.08,-2.50,9.46,-38.34,35.42,-1.27,1
q,2022-10-16 14:56:25.843221,0.44,0.37,0.81,-10.62,-1.89,11.05,-38.34,35.42,-1.27,1
q,2022-10-16 14:56:25.852572,0.43,0.29,0.85,-4.15,22.03,30.88,-38.61,36.04,0.27,1
q,2022-10-16 14:56:25.860841,0.44,0.21,0.94,13.73,34.00,39.18,-38.61,36.04,0.27,1
q,2022-10-16 14:56:25.869084,0.44,0.25,0.92,6.90,31.98,39.67,-38.61,36.04,0.27,1
q,2022-10-16 14:56:25.877431,0.49,0.26,0.86,1.04,21.36,31.74,-38.61,36.04,0.27,1
q,2022-10-16 14:56:25.885743,0.47,0.31,0.76,-2.14,11.66,20.69,-38.61,36.04,0.27,1
q,2022-10-16 14:56:25.894090,0.47,0.32,0.73,-5.80,3.11,11.47,-38.61,36.04,0.27,1
q,2022-10-16 14:56:25.903525,0.47,0.35,0.68,-9.16,-1.95,4.82,-37.95,35.46,-0.59,1
q,2022-10-16 14:56:25.912070,0.50,0.39,0.67,-10.68,-4.64,-0.55,-37.95,35.46,-0.59,1
q,2022-10-16 14:56:25.919808,0.50,0.39,0.67,-7.32,-3.91,-2.26,-37.95,35.46,-0.59,1
q,2022-10-16 14:56:25.928309,0.34,0.38,0.81,-3.91,-2.44,-1.10,-37.95,35.46,-0.59,1
q,2022-10-16 14:56:25.935775,0.34,0.38,0.81,-5.92,-2.93,7.26,-37.95,35.46,-0.59,1
q,2022-10-16 14:56:25.944218,0.29,0.37,0.89,-13.18,-4.58,21.85,-37.95,35.46,-0.59,1
q,2022-10-16 14:56:25.953649,0.32,0.35,0.91,-17.21,-3.97,36.25,-38.38,35.25,-0.35,1
q,2022-10-16 14:56:25.962092,0.46,0.32,0.82,-13.43,-0.43,44.25,-38.38,35.25,-0.35,1
q,2022-10-16 14:56:25.970419,0.47,0.32,0.78,-6.59,2.69,45.53,-38.38,35.25,-0.35,1
q,2022-10-16 14:56:25.978834,0.51,0.30,0.76,-1.77,4.03,40.22,-38.38,35.25,-0.35,1
q,2022-10-16 14:56:25.987325,0.50,0.35,0.74,-0.61,3.05,30.40,-38.38,35.25,-0.35,1
q,2022-10-16 14:56:25.995798,0.50,0.41,0.72,-2.50,-0.43,18.25,-38.38,35.25,-0.35,1
q,2022-10-16 14:56:26.005208,0.48,0.43,0.71,0.18,-3.48,9.28,-38.89,36.11,-0.72,1
q,2022-10-16 14:56:26.013657,0.43,0.44,0.72,8.36,-4.39,4.52,-38.89,36.11,-0.72,1
q,2022-10-16 14:56:26.021917,0.41,0.41,0.75,14.59,-3.91,2.32,-38.89,36.11,-0.72,1
q,2022-10-16 14:56:26.030222,0.43,0.37,0.79,16.36,-4.33,4.70,-38.89,36.11,-0.72,1
q,2022-10-16 14:56:26.038590,0.40,0.35,0.78,15.44,-5.07,7.81,-38.89,36.11,-0.72,1
q,2022-10-16 14:56:26.046895,0.42,0.33,0.78,12.02,-5.74,12.15,-38.89,36.11,-0.72,1
q,2022-10-16 14:56:26.056157,0.37,0.33,0.81,5.55,-5.74,16.48,-39.05,35.77,-0.73,1
q,2022-10-16 14:56:26.064756,0.42,0.29,0.82,-5.37,-5.86,21.91,-39.05,35.77,-0.73,1
q,2022-10-16 14:56:26.073107,0.43,0.30,0.80,-14.40,-5.55,25.70,-39.05,35.77,-0.73,1
q,2022-10-16 14:56:26.081569,0.43,0.35,0.75,-19.65,-4.33,27.40,-39.05,35.77,-0.73,1
q,2022-10-16 14:56:26.090232,0.46,0.37,0.72,-19.84,-2.20,26.49,-39.05,35.77,-0.73,1
q,2022-10-16 14:56:26.098795,0.45,0.44,0.71,-15.87,-1.40,21.00,-39.05,35.77,-0.73,1
q,2022-10-16 14:56:26.108231,0.43,0.43,0.70,-9.16,-0.73,15.63,-39.20,34.88,-1.07,1
q,2022-10-16 14:56:26.116625,0.40,0.44,0.72,-0.73,0.24,10.80,-39.20,34.88,-1.07,1
q,2022-10-16 14:56:26.125012,0.42,0.43,0.74,3.85,-0.37,8.67,-39.20,34.88,-1.07,1
q,2022-10-16 14:56:26.133498,0.39,0.42,0.75,11.29,-0.92,6.96,-39.20,34.88,-1.07,1
q,2022-10-16 14:56:26.141923,0.40,0.41,0.76,16.78,-1.22,6.59,-39.20,34.88,-1.07,1
q,2022-10-16 14:56:26.150197,0.40,0.40,0.75,19.65,-1.10,6.96,-39.20,34.88,-1.07,1
q,2022-10-16 14:56:26.159567,0.40,0.39,0.76,21.06,-1.34,8.00,-39.20,35.93,-1.35,1
q,2022-10-16 14:56:26.168037,0.41,0.34,0.76,21.55,-2.01,8.73,-39.20,35.93,-1.35,1
q,2022-10-16 14:56:26.175505,0.37,0.33,0.78,21.55,-2.01,8.73,-39.20,35.93,-1.35,1
q,2022-10-16 14:56:26.184100,0.39,0.30,0.78,2.32,-6.10,10.93,-39.20,35.93,-1.35,1
q,2022-10-16 14:56:26.192777,0.41,0.34,0.77,-10.38,-8.30,13.43,-39.20,35.93,-1.35,1
q,2022-10-16 14:56:26.201166,0.39,0.39,0.77,-15.01,-8.48,16.24,-39.20,35.93,-1.35,1
q,2022-10-16 14:56:26.209671,0.45,0.43,0.76,-15.01,-8.48,16.24,-39.22,34.89,-1.65,1
q,2022-10-16 14:56:26.218142,0.43,0.47,0.75,-8.42,-4.33,15.75,-39.22,34.89,-1.65,1
q,2022-10-16 14:56:26.225637,0.44,0.47,0.73,-8.42,-4.33,15.75,-39.22,34.89,-1.65,1
q,2022-10-16 14:56:26.234026,0.45,0.49,0.72,10.56,-2.14,14.53,-39.22,34.89,-1.65,1
q,2022-10-16 14:56:26.242379,0.42,0.48,0.73,20.45,0.06,11.41,-39.22,34.89,-1.65,1
q,2022-10-16 14:56:26.250670,0.42,0.46,0.75,25.45,1.16,7.81,-39.22,34.89,-1.65,1
q,2022-10-16 14:56:26.260029,0.40,0.45,0.79,27.47,0.92,4.27,-39.71,35.05,-2.88,1
q,2022-10-16 14:56:26.268430,0.38,0.42,0.83,21.18,-9.09,-4.64,-39.71,35.05,-2.88,1
q,2022-10-16 14:56:26.275964,0.42,0.36,0.81,21.18,-9.09,-4.64,-39.71,35.05,-2.88,1
q,2022-10-16 14:56:26.284526,0.44,0.35,0.83,9.03,-14.77,-8.18,-39.71,35.05,-2.88,1
q,2022-10-16 14:56:26.292140,0.47,0.36,0.83,9.03,-14.77,-8.18,-39.71,35.05,-2.88,1
q,2022-10-16 14:56:26.300570,0.45,0.37,0.85,2.93,-10.56,-6.10,-39.71,35.05,-2.88,1
q,2022-10-16 14:56:26.310018,0.44,0.40,0.85,0.98,-6.96,-3.48,-39.77,34.50,-2.77,1
q,2022-10-16 14:56:26.318565,0.47,0.42,0.84,-1.10,-4.39,-0.31,-39.77,34.50,-2.77,1
q,2022-10-16 14:56:26.327013,0.48,0.43,0.83,0.67,-2.99,-0.31,-39.77,34.50,-2.77,1
q,2022-10-16 14:56:26.335621,0.48,0.41,0.83,4.70,-1.53,-0.49,-39.77,34.50,-2.77,1
q,2022-10-16 14:56:26.344225,0.44,0.43,0.86,4.70,-3.91,-1.53,-39.77,34.50,-2.77,1
q,2022-10-16 14:56:26.353504,0.46,0.38,0.87,4.21,-6.96,-4.21,-39.55,34.19,-3.63,1
q,2022-10-16 14:56:26.362033,0.45,0.39,0.82,0.06,-14.10,-12.02,-39.55,34.19,-3.63,1
q,2022-10-16 14:56:26.370497,0.47,0.39,0.75,-9.03,-23.99,-25.09,-39.55,34.19,-3.63,1
q,2022-10-16 14:56:26.379161,0.47,0.38,0.75,-13.55,-28.56,-36.87,-39.55,34.19,-3.63,1
q,2022-10-16 14:56:26.387572,0.40,0.38,0.75,-12.88,-27.47,-43.03,-39.55,34.19,-3.63,1
q,2022-10-16 14:56:26.396168,0.36,0.41,0.81,-14.34,-18.80,-38.64,-39.55,34.19,-3.63,1
q,2022-10-16 14:56:26.405567,0.35,0.43,0.85,-11.17,-4.52,-23.07,-39.86,33.01,-3.09,1
q,2022-10-16 14:56:26.414096,0.39,0.41,0.90,-4.21,9.70,-5.37,-39.86,33.01,-3.09,1
q,2022-10-16 14:56:26.422352,0.44,0.43,0.87,1.22,15.20,5.55,-39.86,33.01,-3.09,1
q,2022-10-16 14:56:26.430677,0.47,0.43,0.84,6.90,14.34,10.07,-39.86,33.01,-3.09,1
q,2022-10-16 14:56:26.438927,0.84,0.18,0.79,16.66,13.12,8.18,-39.86,33.01,-3.09,1
q,2022-10-16 14:56:26.447217,0.49,0.53,0.79,35.89,12.51,-17.52,-39.86,33.01,-3.09,1
q,2022-10-16 14:56:26.456539,0.45,0.44,0.91,39.55,12.15,-27.40,-38.57,33.11,-3.81,1
q,2022-10-16 14:56:26.464920,0.45,0.33,0.94,37.96,7.81,-26.79,-38.57,33.11,-3.81,1
q,2022-10-16 14:56:26.473193,0.47,0.37,0.92,28.14,3.30,-28.93,-38.57,33.11,-3.81,1
q,2022-10-16 14:56:26.481535,0.39,0.39,0.86,25.70,0.00,-31.74,-38.57,33.11,-3.81,1
q,2022-10-16 14:56:26.490035,0.38,0.35,0.89,26.55,-1.34,-32.71,-38.57,33.11,-3.81,1
q,2022-10-16 14:56:26.498646,0.30,0.27,0.87,24.54,-0.85,-28.87,-38.57,33.11,-3.81,1
q,2022-10-16 14:56:26.508006,0.43,0.26,0.92,14.89,0.73,-23.38,-39.01,34.51,-2.81,1
q,2022-10-16 14:56:26.516455,0.43,0.28,0.88,6.04,3.30,-14.83,-39.01,34.51,-2.81,1
q,2022-10-16 14:56:26.524745,0.49,0.34,0.83,2.62,5.74,-13.61,-39.01,34.51,-2.81,1
q,2022-10-16 14:56:26.533191,0.43,0.36,0.88,1.95,8.06,-10.25,-39.01,34.51,-2.81,1
q,2022-10-16 14:56:26.541708,0.51,0.32,0.87,-2.62,8.30,-7.08,-39.01,34.51,-2.81,1
q,2022-10-16 14:56:26.550288,0.52,0.34,0.87,-1.71,9.28,-8.36,-39.01,34.51,-2.81,1
q,2022-10-16 14:56:26.559757,0.57,0.30,0.83,0.55,9.46,-10.44,-37.94,34.46,-1.62,1
q,2022-10-16 14:56:26.568212,0.48,0.34,0.82,9.83,10.86,-17.82,-37.94,34.46,-1.62,1
q,2022-10-16 14:56:26.575649,0.45,0.34,0.83,9.83,10.86,-17.82,-37.94,34.46,-1.62,1
q,2022-10-16 14:56:26.583992,0.43,0.32,0.83,10.62,9.22,-18.25,-37.94,34.46,-1.62,1
q,2022-10-16 14:56:26.591541,0.43,0.30,0.83,10.62,9.22,-18.25,-37.94,34.46,-1.62,1
q,2022-10-16 14:56:26.600110,0.42,0.30,0.82,9.28,9.70,-13.73,-37.94,34.46,-1.62,1
q,2022-10-16 14:56:26.609583,0.36,0.34,0.85,4.46,10.25,-8.91,-37.76,35.79,-2.81,1
q,2022-10-16 14:56:26.618095,0.42,0.33,0.86,-5.68,7.51,0.67,-37.76,35.79,-2.81,1
q,2022-10-16 14:56:26.625582,0.46,0.31,0.83,-5.68,7.51,0.67,-37.76,35.79,-2.81,1
q,2022-10-16 14:56:26.634000,0.40,0.29,0.84,-1.16,8.91,2.62,-37.76,35.79,-2.81,1
q,2022-10-16 14:56:26.642578,0.46,0.26,0.83,-2.50,8.42,3.72,-37.76,35.79,-2.81,1
q,2022-10-16 14:56:26.650070,0.45,0.23,0.83,-2.50,8.42,3.72,-37.76,35.79,-2.81,1
q,2022-10-16 14:56:26.659506,0.47,0.24,0.85,-2.14,11.17,1.65,-38.01,36.25,-0.44,1
q,2022-10-16 14:56:26.668109,0.42,0.28,0.82,-8.18,6.16,-2.38,-38.01,36.25,-0.44,1
q,2022-10-16 14:56:26.675846,0.37,0.30,0.79,-8.18,6.16,-2.38,-38.01,36.25,-0.44,1
q,2022-10-16 14:56:26.684151,0.36,0.29,0.76,-13.67,-3.54,1.83,-38.01,36.25,-0.44,1
q,2022-10-16 14:56:26.691780,0.27,0.33,0.75,-13.67,-3.54,1.83,-38.01,36.25,-0.44,1
q,2022-10-16 14:56:26.700181,0.23,0.37,0.76,-23.93,-10.13,9.09,-38.01,36.25,-0.44,1
q,2022-10-16 14:56:26.709426,0.43,0.28,0.69,-33.94,-17.88,18.98,-38.35,35.73,0.24,1
q,2022-10-16 14:56:26.717803,0.42,0.29,0.64,-12.08,-11.60,18.43,-38.35,35.73,0.24,1
q,2022-10-16 14:56:26.725112,0.41,0.34,0.66,-12.08,-11.60,18.43,-38.35,35.73,0.24,1
q,2022-10-16 14:56:26.733608,0.42,0.34,0.69,-0.18,-6.53,16.97,-38.35,35.73,0.24,1
q,2022-10-16 14:56:26.742035,0.40,0.30,0.73,15.26,-2.26,15.69,-38.35,35.73,0.24,1
q,2022-10-16 14:56:26.750071,0.32,0.30,0.75,25.51,1.53,13.67,-38.35,35.73,0.24,1
q,2022-10-16 14:56:26.759481,0.07,0.36,0.84,26.79,0.00,14.04,-39.43,36.98,0.90,1
q,2022-10-16 14:56:26.767773,0.31,0.24,0.78,-18.92,-32.35,20.69,-39.43,36.98,0.90,1
q,2022-10-16 14:56:26.775130,0.38,0.19,0.72,-18.92,-32.35,20.69,-39.43,36.98,0.90,1
q,2022-10-16 14:56:26.783479,0.37,0.21,0.72,-20.39,-35.40,16.36,-39.43,36.98,0.90,1
q,2022-10-16 14:56:26.792021,0.36,0.22,0.71,-23.62,-39.12,11.47,-39.43,36.98,0.90,1
q,2022-10-16 14:56:26.800318,0.33,0.22,0.70,-25.63,-42.97,7.02,-39.43,36.98,0.90,1
q,2022-10-16 14:56:26.809604,0.36,0.22,0.73,-29.05,-43.15,5.13,-40.27,34.79,-0.93,1
q,2022-10-16 14:56:26.818061,0.40,0.22,0.70,-26.06,-37.66,3.11,-40.27,34.79,-0.93,1
q,2022-10-16 14:56:26.826570,0.45,0.24,0.73,-12.27,-25.02,1.46,-40.27,34.79,-0.93,1
q,2022-10-16 14:56:26.834907,0.42,0.27,0.72,2.01,-13.31,2.20,-40.27,34.79,-0.93,1
q,2022-10-16 14:56:26.843218,0.34,0.35,0.75,9.52,-7.45,5.55,-40.27,34.79,-0.93,1
q,2022-10-16 14:56:26.851557,0.34,0.38,0.76,16.85,-4.88,9.70,-40.27,34.79,-0.93,1
q,2022-10-16 14:56:26.860882,0.35,0.39,0.76,22.46,-4.21,11.72,-39.98,33.19,-0.22,1
q,2022-10-16 14:56:26.869220,0.40,0.38,0.79,27.34,-4.88,11.90,-39.98,33.19,-0.22,1
q,2022-10-16 14:56:26.876774,0.40,0.38,0.79,31.19,-5.49,9.77,-39.98,33.19,-0.22,1
q,2022-10-16 14:56:26.885254,0.34,0.39,0.82,29.85,-8.36,8.18,-39.98,33.19,-0.22,1
q,2022-10-16 14:56:26.893833,0.38,0.37,0.84,26.55,-14.16,6.16,-39.98,33.19,-0.22,1
q,2022-10-16 14:56:26.900223,0.38,0.37,0.84,26.55,-14.16,6.16,-39.98,33.19,-0.22,1
q,2022-10-16 14:56:26.909564,0.37,0.30,0.88,18.74,-17.46,3.54,-39.81,32.58,-1.18,1
q,2022-10-16 14:56:26.917951,0.41,0.28,0.90,1.89,-21.12,3.42,-39.81,32.58,-1.18,1
q,2022-10-16 14:56:26.925235,0.46,0.27,0.89,1.89,-21.12,3.42,-39.81,32.58,-1.18,1
q,2022-10-16 14:56:26.933613,0.45,0.29,0.92,0.79,-16.66,2.81,-39.81,32.58,-1.18,1
q,2022-10-16 14:56:26.942054,0.41,0.33,0.94,-1.16,-11.05,1.71,-39.81,32.58,-1.18,1
q,2022-10-16 14:56:26.950662,0.49,0.33,0.90,-3.91,-9.16,1.34,-39.81,32.58,-1.18,1
q,2022-10-16 14:56:26.959223,0.46,0.37,0.88,-3.91,-9.16,1.34,-40.26,32.01,-2.00,1
q,2022-10-16 14:56:26.967639,0.41,0.42,0.90,9.22,0.12,-0.24,-40.26,32.01,-2.00,1
q,2022-10-16 14:56:26.975036,0.44,0.42,0.91,9.22,0.12,-0.24,-40.26,32.01,-2.00,1
q,2022-10-16 14:56:26.983388,0.46,0.42,0.89,9.89,-0.92,0.67,-40.26,32.01,-2.00,1
q,2022-10-16 14:56:26.991809,0.43,0.41,0.90,14.16,0.00,-0.43,-40.26,32.01,-2.00,1
q,2022-10-16 14:56:27.000176,0.46,0.37,0.93,16.36,0.55,-1.53,-40.26,32.01,-2.00,1
q,2022-10-16 14:56:27.009513,0.48,0.33,0.96,17.70,2.01,-2.93,-40.71,32.98,-3.87,1
q,2022-10-16 14:56:27.017775,0.48,0.32,0.99,12.27,6.23,-5.55,-40.71,32.98,-3.87,1
q,2022-10-16 14:56:27.025344,0.44,0.34,0.99,12.27,6.23,-5.55,-40.71,32.98,-3.87,1
q,2022-10-16 14:56:27.033655,0.40,0.40,0.99,4.58,6.23,-4.03,-40.71,32.98,-3.87,1
q,2022-10-16 14:56:27.041216,0.38,0.43,0.95,4.58,6.23,-4.03,-40.71,32.98,-3.87,1
q,2022-10-16 14:56:27.049810,0.40,0.44,0.89,-8.18,-1.04,-0.18,-40.71,32.98,-3.87,1
q,2022-10-16 14:56:27.059352,0.40,0.49,0.88,-7.45,-3.36,4.15,-40.33,33.07,-4.65,1
q,2022-10-16 14:56:27.067860,0.40,0.46,0.90,-0.18,-7.02,14.04,-40.33,33.07,-4.65,1
q,2022-10-16 14:56:27.076310,0.40,0.44,0.93,0.98,-9.77,18.13,-40.33,33.07,-4.65,1
q,2022-10-16 14:56:27.084850,0.39,0.40,0.94,0.12,-12.88,21.12,-40.33,33.07,-4.65,1
q,2022-10-16 14:56:27.093147,0.39,0.36,0.96,-5.62,-16.66,23.01,-40.33,33.07,-4.65,1
q,2022-10-16 14:56:27.101672,0.38,0.31,0.98,-16.05,-21.00,23.38,-40.33,33.07,-4.65,1
q,2022-10-16 14:56:27.111122,0.39,0.32,0.79,-27.71,-25.09,22.77,-41.97,32.98,-3.02,1
q,2022-10-16 14:56:27.119519,0.41,0.23,0.63,11.72,-5.00,-11.41,-41.97,32.98,-3.02,1
q,2022-10-16 14:56:27.127955,0.10,0.74,0.91,40.53,25.39,-47.24,-41.97,32.98,-3.02,1
q,2022-10-16 14:56:27.136238,0.36,0.28,0.97,21.24,15.32,-23.19,-41.97,32.98,-3.02,1
q,2022-10-16 14:56:27.144735,0.46,0.36,0.83,15.69,8.61,-20.45,-41.97,32.98,-3.02,1
q,2022-10-16 14:56:27.153205,0.30,0.47,0.83,29.11,11.05,-21.55,-41.97,32.98,-3.02,1
q,2022-10-16 14:56:27.162519,0.41,0.44,0.87,33.75,9.09,-16.11,-41.33,34.42,-2.12,1
q,2022-10-16 14:56:27.170938,0.43,0.36,0.85,34.00,4.82,-13.06,-41.33,34.42,-2.12,1
q,2022-10-16 14:56:27.179349,0.36,0.31,0.88,40.77,2.99,-15.38,-41.33,34.42,-2.12,1
q,2022-10-16 14:56:27.187656,0.42,0.25,0.94,32.23,1.46,-14.83,-41.33,34.42,-2.12,1
q,2022-10-16 14:56:27.196136,0.31,0.20,0.96,19.10,-0.98,-14.40,-41.33,34.42,-2.12,1
q,2022-10-16 14:56:27.205456,0.44,0.17,0.96,0.67,-2.62,-12.02,-40.76,35.93,-1.29,1
q,2022-10-16 14:56:27.214017,0.42,0.23,0.90,-10.68,-2.44,-10.44,-40.76,35.93,-1.29,1
q,2022-10-16 14:56:27.222543,0.47,0.22,0.85,-17.88,-0.43,-8.54,-40.76,35.93,-1.29,1
q,2022-10-16 14:56:27.231115,0.38,0.30,0.79,-9.16,4.94,-9.77,-40.76,35.93,-1.29,1
q,2022-10-16 14:56:27.239532,0.29,0.36,0.79,-7.32,6.90,-8.06,-40.76,35.93,-1.29,1
q,2022-10-16 14:56:27.248196,0.33,0.37,0.77,-2.08,5.25,-3.42,-40.76,35.93,-1.29,1
q,2022-10-16 14:56:27.257463,0.34,0.36,0.76,3.85,3.17,1.10,-40.78,36.50,0.78,1
q,2022-10-16 14:56:27.265764,0.37,0.34,0.74,9.28,2.69,2.75,-40.78,36.50,0.78,1
q,2022-10-16 14:56:27.274029,0.28,0.33,0.77,15.01,1.89,2.87,-40.78,36.50,0.78,1
q,2022-10-16 14:56:27.282408,0.40,0.26,0.80,9.70,-1.59,4.09,-40.78,36.50,0.78,1
