H,2022-10-21 10:51:31.496278,0.25,0.10,0.94,13.37,21.97,17.40,19.81,-39.59,-110.64,1
H,2022-10-21 10:51:31.514263,0.23,0.09,0.90,19.84,23.07,25.02,19.81,-39.59,-110.64,1
H,2022-10-21 10:51:31.532296,0.34,0.07,0.87,16.85,19.47,27.77,19.81,-39.59,-110.64,1
H,2022-10-21 10:51:31.551190,0.30,0.11,0.89,29.79,11.47,25.15,22.33,-38.73,-109.95,1
H,2022-10-21 10:51:31.569464,0.22,-0.00,0.92,39.98,6.47,29.11,22.33,-38.73,-109.95,1
H,2022-10-21 10:51:31.587313,0.21,-0.06,0.92,13.61,8.00,21.61,22.33,-38.73,-109.95,1
H,2022-10-21 10:51:31.606483,0.29,0.11,0.87,5.80,-1.59,13.00,23.65,-38.18,-110.07,1
H,2022-10-21 10:51:31.624453,0.08,-0.12,1.15,0.92,-0.49,9.46,23.65,-38.18,-110.07,1
H,2022-10-21 10:51:31.643183,0.15,0.40,0.65,-48.28,7.87,6.04,24.68,-39.03,-109.67,1
H,2022-10-21 10:51:31.661271,0.21,0.21,0.84,26.18,20.63,19.90,24.68,-39.03,-109.67,1
H,2022-10-21 10:51:31.679410,0.21,-0.01,0.89,84.72,12.08,6.84,24.68,-39.03,-109.67,1
H,2022-10-21 10:51:31.698431,0.15,0.01,1.07,28.32,-44.25,-10.25,24.44,-35.86,-111.56,1
H,2022-10-21 10:51:31.716472,0.16,-0.04,0.93,-23.56,-87.28,-16.72,24.44,-35.86,-111.56,1
H,2022-10-21 10:51:31.734729,0.15,0.13,0.70,-47.30,-99.55,-12.88,24.44,-35.86,-111.56,1
H,2022-10-21 10:51:31.753700,0.15,0.24,0.70,-25.45,-86.61,-3.48,20.20,-36.10,-109.94,1
H,2022-10-21 10:51:31.771222,0.14,0.20,0.86,28.08,-53.71,7.93,20.20,-36.10,-109.94,1
H,2022-10-21 10:51:31.789399,0.17,-0.10,1.12,42.85,-38.51,7.75,20.20,-36.10,-109.94,1
H,2022-10-21 10:51:31.808499,0.12,-0.39,1.24,24.35,-33.94,-3.85,17.00,-34.39,-110.99,1
H,2022-10-21 10:51:31.826916,-0.05,-0.43,1.25,-43.46,-24.29,-16.42,17.00,-34.39,-110.99,1
H,2022-10-21 10:51:31.845698,-0.05,-0.00,1.09,-112.06,-1.16,-23.56,15.52,-37.62,-109.57,1
H,2022-10-21 10:51:31.863200,0.17,0.37,0.91,-54.87,63.23,3.30,15.52,-37.62,-109.57,1
H,2022-10-21 10:51:31.881410,0.25,0.11,0.94,-9.83,100.04,10.68,15.52,-37.62,-109.57,1
H,2022-10-21 10:51:31.900434,0.41,0.18,1.02,-1.22,105.29,4.09,19.10,-39.78,-108.52,1
H,2022-10-21 10:51:31.918255,0.51,0.30,1.05,17.64,77.58,0.67,19.10,-39.78,-108.52,1
H,2022-10-21 10:51:31.936308,0.49,0.20,0.97,48.16,39.12,15.87,19.10,-39.78,-108.52,1
H,2022-10-21 10:51:31.955493,0.29,0.01,1.02,68.30,-6.65,28.63,22.14,-38.37,-110.56,1
H,2022-10-21 10:51:31.973647,0.20,0.48,0.74,-75.68,-26.86,-6.96,22.14,-38.37,-110.56,1
H,2022-10-21 10:51:31.991477,0.28,0.25,0.70,20.75,-8.73,-4.88,22.14,-38.37,-110.56,1
H,2022-10-21 10:51:32.010291,0.27,0.11,0.84,52.00,6.10,-19.65,21.97,-38.17,-109.63,1
H,2022-10-21 10:51:32.028207,0.19,0.11,0.95,58.96,8.61,-25.15,21.97,-38.17,-109.63,1
H,2022-10-21 10:51:32.047288,0.18,0.02,1.04,55.05,4.46,-18.07,24.71,-34.36,-110.97,1
H,2022-10-21 10:51:32.065416,0.20,-0.12,1.08,16.66,-5.00,-15.93,24.71,-34.36,-110.97,1
H,2022-10-21 10:51:32.083492,0.24,-0.07,1.04,-18.49,-13.18,-19.53,24.71,-34.36,-110.97,1
H,2022-10-21 10:51:32.102462,0.19,0.00,1.00,-18.01,-10.62,-21.18,25.60,-34.28,-110.94,1
H,2022-10-21 10:51:32.120412,0.22,0.07,0.91,3.17,4.64,-13.98,25.60,-34.28,-110.94,1
H,2022-10-21 10:51:32.138259,0.20,0.02,0.91,23.01,41.14,1.28,25.60,-34.28,-110.94,1
H,2022-10-21 10:51:32.157309,0.17,-0.08,1.00,14.28,52.06,8.61,28.04,-32.80,-111.73,1
H,2022-10-21 10:51:32.175555,0.18,-0.06,1.04,-7.69,45.04,13.24,28.04,-32.80,-111.73,1
H,2022-10-21 10:51:32.193201,0.22,0.04,1.06,-35.52,26.37,14.22,28.04,-32.80,-111.73,1
H,2022-10-21 10:51:32.212416,0.21,0.12,0.93,-19.04,9.64,11.72,29.76,-34.45,-108.56,1
H,2022-10-21 10:51:32.230460,0.18,0.19,0.78,-9.70,-6.35,10.50,29.76,-34.45,-108.56,1
H,2022-10-21 10:51:32.249401,0.15,0.25,0.59,-16.30,-14.59,18.62,29.80,-33.62,-108.89,1
H,2022-10-21 10:51:32.267284,0.22,0.15,0.78,9.70,4.33,22.58,29.80,-33.62,-108.89,1
H,2022-10-21 10:51:32.285207,0.16,0.18,0.97,42.48,-3.60,16.36,29.80,-33.62,-108.89,1
H,2022-10-21 10:51:32.304417,0.17,-0.10,1.01,38.94,-33.94,14.10,28.61,-32.20,-109.36,1
H,2022-10-21 10:51:32.322871,0.18,-0.13,0.96,-4.82,-82.03,-5.07,28.61,-32.20,-109.36,1
H,2022-10-21 10:51:32.340589,0.20,-0.06,0.82,-48.89,-103.27,-18.98,28.61,-32.20,-109.36,1
H,2022-10-21 10:51:32.359491,0.10,0.22,0.74,-47.55,-107.42,-14.53,23.55,-33.33,-110.22,1
H,2022-10-21 10:51:32.377412,0.08,0.26,0.80,-10.50,-92.96,-0.18,23.55,-33.33,-110.22,1
H,2022-10-21 10:51:32.395263,0.09,0.12,0.92,29.54,-79.59,9.95,23.55,-33.33,-110.22,1
H,2022-10-21 10:51:32.414451,0.09,-0.12,1.15,29.85,-73.00,8.85,18.58,-32.12,-111.39,1
H,2022-10-21 10:51:32.432726,-0.32,-0.52,1.17,-32.59,-76.11,-37.72,18.58,-32.12,-111.39,1
H,2022-10-21 10:51:32.451511,-0.54,0.14,1.00,-83.98,-26.92,-102.42,15.56,-33.96,-109.48,1
H,2022-10-21 10:51:32.469564,-0.30,0.47,0.73,-53.59,31.43,-96.56,15.56,-33.96,-109.48,1
H,2022-10-21 10:51:32.487476,-0.05,0.17,0.76,-15.14,91.67,-53.28,15.56,-33.96,-109.48,1
H,2022-10-21 10:51:32.506484,0.13,0.09,0.82,-14.34,124.08,-38.82,18.10,-35.42,-107.76,1
H,2022-10-21 10:51:32.524487,0.33,0.11,1.01,7.32,105.47,-13.79,18.10,-35.42,-107.76,1
H,2022-10-21 10:51:32.542417,0.30,-0.15,1.00,17.94,65.00,-0.73,18.10,-35.42,-107.76,1
H,2022-10-21 10:51:32.561453,0.27,-0.13,0.96,6.71,19.84,16.24,18.70,-35.80,-106.99,1
H,2022-10-21 10:51:32.579573,0.05,-0.31,0.90,-11.11,-12.76,31.01,18.70,-35.80,-106.99,1
H,2022-10-21 10:51:32.597545,-0.09,-0.34,0.84,-38.88,-22.89,31.01,18.70,-35.80,-106.99,1
H,2022-10-21 10:51:32.616556,-0.04,-0.11,0.74,-49.26,-13.92,30.70,13.62,-39.16,-107.28,1
H,2022-10-21 10:51:32.634610,0.07,0.05,0.73,-27.28,-3.17,36.25,13.62,-39.16,-107.28,1
H,2022-10-21 10:51:32.653261,0.14,0.07,0.77,8.54,10.50,43.03,8.68,-41.49,-108.07,1
H,2022-10-21 10:51:32.671413,0.17,0.01,0.86,47.30,26.98,54.57,8.68,-41.49,-108.07,1
H,2022-10-21 10:51:32.689231,0.19,-0.09,1.01,77.09,43.21,65.86,8.68,-41.49,-108.07,1
H,2022-10-21 10:51:32.708490,0.14,-0.09,1.14,76.84,64.39,81.85,3.67,-38.73,-111.72,1
H,2022-10-21 10:51:32.726254,0.19,0.06,1.18,41.08,64.45,90.39,3.67,-38.73,-111.72,1
