k,2022-11-01 20:43:41.357220,0.35,-0.55,0.84,-29.66,8.91,12.27,26.11,-17.57,-86.74,1
k,2022-11-01 20:43:41.375215,0.39,-0.50,0.83,-23.25,10.25,17.03,26.11,-17.57,-86.74,1
k,2022-11-01 20:43:41.394105,0.40,-0.50,0.81,-33.81,15.75,17.09,26.60,-20.26,-88.13,1
k,2022-11-01 20:43:41.412016,0.40,-0.47,0.79,-48.40,18.80,14.83,26.60,-20.26,-88.13,1
k,2022-11-01 20:43:41.430302,0.38,-0.42,0.78,-63.54,18.49,11.35,26.60,-20.26,-88.13,1
k,2022-11-01 20:43:41.449100,0.35,-0.37,0.78,-64.09,14.22,10.44,26.04,-23.35,-86.99,1
k,2022-11-01 20:43:41.467002,0.37,-0.24,0.77,-73.18,14.59,2.81,26.04,-23.35,-86.99,1
k,2022-11-01 20:43:41.486182,0.31,-0.20,0.69,-86.73,17.88,-13.49,25.84,-27.40,-86.87,1
k,2022-11-01 20:43:41.504209,-0.07,-0.11,0.99,-67.87,7.69,-18.13,25.84,-27.40,-86.87,1
k,2022-11-01 20:43:41.522103,0.09,-0.08,0.61,15.99,-11.90,0.18,25.84,-27.40,-86.87,1
k,2022-11-01 20:43:41.541080,0.32,-0.31,0.70,0.18,-6.47,1.28,25.65,-27.58,-87.24,1
k,2022-11-01 20:43:41.559184,0.31,-0.34,0.71,-25.57,18.25,5.13,25.65,-27.58,-87.24,1
k,2022-11-01 20:43:41.577451,0.34,-0.23,0.78,-33.39,-5.07,-33.14,25.65,-27.58,-87.24,1
k,2022-11-01 20:43:41.597140,0.19,-0.18,0.62,4.15,-35.71,-24.05,26.21,-26.68,-86.07,1
k,2022-11-01 20:43:41.615198,0.27,-0.25,0.76,45.35,-43.95,-12.27,26.21,-26.68,-86.07,1
k,2022-11-01 20:43:41.633284,0.27,-0.27,0.76,53.71,-41.99,-9.40,26.21,-26.68,-86.07,1
k,2022-11-01 20:43:41.652162,0.30,-0.35,0.85,55.73,-44.74,-12.45,26.12,-23.29,-86.79,1
k,2022-11-01 20:43:41.670186,0.37,-0.39,0.95,55.60,-46.69,-7.20,26.12,-23.29,-86.79,1
k,2022-11-01 20:43:41.689282,0.37,-0.41,1.03,31.56,-33.51,-5.98,26.23,-18.70,-87.43,1
k,2022-11-01 20:43:41.707374,0.38,-0.44,1.09,17.46,-26.55,-7.63,26.23,-18.70,-87.43,1
k,2022-11-01 20:43:41.725281,0.40,-0.45,1.12,4.70,-20.39,-10.25,26.23,-18.70,-87.43,1
k,2022-11-01 20:43:41.744346,0.42,-0.43,1.16,-1.04,-12.08,-7.75,26.76,-16.60,-87.62,1
k,2022-11-01 20:43:41.762527,0.34,-0.38,1.05,15.56,-9.95,8.24,26.76,-16.60,-87.62,1
k,2022-11-01 20:43:41.781778,0.34,-0.39,1.14,47.06,-34.24,-2.01,26.76,-16.60,-87.62,1
k,2022-11-01 20:43:41.799022,0.30,-0.24,0.99,-45.41,39.06,-8.06,26.95,-16.99,-87.13,1
k,2022-11-01 20:43:41.817155,0.37,-0.24,1.06,-21.36,38.39,-6.90,26.95,-16.99,-87.13,1
k,2022-11-01 20:43:41.836166,0.32,-0.20,0.99,-21.67,30.58,-14.71,27.56,-18.53,-87.41,1
k,2022-11-01 20:43:41.854134,0.28,-0.20,0.95,-6.53,33.69,-19.29,27.56,-18.53,-87.41,1
k,2022-11-01 20:43:41.872202,0.22,-0.26,0.87,-18.19,40.77,-32.53,27.56,-18.53,-87.41,1
k,2022-11-01 20:43:41.891030,0.26,-0.37,0.79,-9.03,34.79,-35.46,29.99,-18.05,-87.90,1
k,2022-11-01 20:43:41.909192,0.27,-0.45,0.70,6.41,21.24,-20.02,29.99,-18.05,-87.90,1
k,2022-11-01 20:43:41.927090,0.21,-0.54,0.63,9.77,6.84,-11.66,29.99,-18.05,-87.90,1
k,2022-11-01 20:43:41.946123,0.19,-0.60,0.53,7.69,0.18,-4.21,30.69,-17.65,-87.24,1
k,2022-11-01 20:43:41.964035,0.20,-0.64,0.56,19.71,-21.85,3.48,30.69,-17.65,-87.24,1
k,2022-11-01 20:43:41.982356,0.23,-0.54,0.59,-25.39,-7.45,-11.78,30.69,-17.65,-87.24,1
k,2022-11-01 20:43:42.001071,0.20,-0.47,0.58,-76.29,26.86,-20.14,30.68,-17.25,-86.57,1
k,2022-11-01 20:43:42.019146,0.21,-0.46,0.67,0.98,-38.70,12.27,30.68,-17.25,-86.57,1
k,2022-11-01 20:43:42.038352,0.21,-0.44,0.73,15.08,-49.56,13.73,29.41,-18.16,-87.72,1
k,2022-11-01 20:43:42.056507,0.25,-0.49,0.77,18.13,-47.00,14.10,29.41,-18.16,-87.72,1
k,2022-11-01 20:43:42.074039,0.29,-0.38,0.88,2.38,-20.63,9.16,29.41,-18.16,-87.72,1
k,2022-11-01 20:43:42.093077,0.35,-0.21,1.06,8.36,-21.55,9.52,27.08,-18.57,-88.61,1
k,2022-11-01 20:43:42.111189,0.33,-0.10,1.10,-18.13,-6.47,-0.79,27.08,-18.57,-88.61,1
k,2022-11-01 20:43:42.129211,0.35,-0.08,1.20,-9.46,1.65,-2.01,27.08,-18.57,-88.61,1
k,2022-11-01 20:43:42.147994,0.37,-0.07,1.19,-1.77,13.12,-1.71,26.20,-18.79,-86.98,1
k,2022-11-01 20:43:42.166025,0.33,-0.16,1.05,69.52,-3.23,32.96,26.20,-18.79,-86.98,1
k,2022-11-01 20:43:42.185080,0.30,-0.05,1.10,107.30,-17.21,42.97,27.58,-18.07,-87.55,1
k,2022-11-01 20:43:42.203137,0.22,-0.10,0.95,5.31,34.61,-26.98,27.58,-18.07,-87.55,1
k,2022-11-01 20:43:42.221017,0.25,-0.27,0.84,2.32,32.90,-39.25,27.58,-18.07,-87.55,1
k,2022-11-01 20:43:42.239925,0.26,-0.31,0.84,19.71,9.22,-31.07,29.41,-15.22,-87.72,1
k,2022-11-01 20:43:42.258108,0.19,-0.50,0.70,32.65,-1.04,-33.14,29.41,-15.22,-87.72,1
k,2022-11-01 20:43:42.276114,0.19,-0.60,0.63,29.97,-11.54,-30.52,29.41,-15.22,-87.72,1
k,2022-11-01 20:43:42.295049,0.20,-0.69,0.61,21.85,-15.08,-26.98,30.29,-11.00,-88.15,1
k,2022-11-01 20:43:42.313044,0.20,-0.65,0.65,11.72,-13.31,-20.63,30.29,-11.00,-88.15,1
k,2022-11-01 20:43:42.331211,0.23,-0.54,0.80,9.89,-11.72,-21.12,30.29,-11.00,-88.15,1
k,2022-11-01 20:43:42.350013,0.29,-0.49,0.92,14.40,-10.13,-17.33,28.87,-8.52,-88.22,1
k,2022-11-01 20:43:42.368152,0.30,-0.49,0.99,13.12,-1.40,-11.17,28.87,-8.52,-88.22,1
k,2022-11-01 20:43:42.386961,0.31,-0.47,0.98,15.50,3.11,-4.94,28.99,-7.40,-89.42,1
k,2022-11-01 20:43:42.405087,0.28,-0.46,0.94,33.81,-4.94,-2.01,28.99,-7.40,-89.42,1
k,2022-11-01 20:43:42.422999,0.29,-0.41,1.00,14.47,7.39,-25.15,28.99,-7.40,-89.42,1
k,2022-11-01 20:43:42.442100,0.27,-0.49,0.88,-0.31,30.46,-36.80,28.82,-5.90,-89.25,1
k,2022-11-01 20:43:42.460007,0.22,-0.52,0.82,-4.46,22.64,-19.04,28.82,-5.90,-89.25,1
k,2022-11-01 20:43:42.478029,0.22,-0.56,0.79,4.52,8.48,-4.94,28.82,-5.90,-89.25,1
k,2022-11-01 20:43:42.497002,0.09,-0.65,0.73,-12.02,10.56,-3.72,28.61,-6.53,-87.88,1
k,2022-11-01 20:43:42.515086,-0.07,-0.70,0.79,-1.16,9.03,9.34,28.61,-6.53,-87.88,1
k,2022-11-01 20:43:42.533936,-0.01,-0.75,0.74,27.71,14.71,29.36,28.45,-6.42,-87.84,1
k,2022-11-01 20:43:42.552014,0.09,-0.80,0.66,23.44,18.13,23.93,28.45,-6.42,-87.84,1
k,2022-11-01 20:43:42.569920,0.14,-0.76,0.62,2.69,14.71,24.96,28.45,-6.42,-87.84,1
k,2022-11-01 20:43:42.589003,0.18,-0.69,0.58,-1.34,12.88,27.71,27.32,-8.22,-88.15,1
k,2022-11-01 20:43:42.606910,0.23,-0.67,0.52,5.43,6.96,34.42,27.32,-8.22,-88.15,1
k,2022-11-01 20:43:42.625126,0.26,-0.69,0.44,13.06,-1.16,42.24,27.32,-8.22,-88.15,1
k,2022-11-01 20:43:42.644611,0.28,-0.72,0.40,14.16,-16.48,48.03,24.32,-10.02,-87.65,1
k,2022-11-01 20:43:42.661923,0.28,-0.68,0.42,8.06,-25.76,48.65,24.32,-10.02,-87.65,1
k,2022-11-01 20:43:42.680159,0.26,-0.59,0.51,-0.43,-30.76,46.08,24.32,-10.02,-87.65,1
k,2022-11-01 20:43:42.699099,0.27,-0.50,0.58,-3.11,-31.86,43.40,21.78,-11.49,-86.91,1
k,2022-11-01 20:43:42.717082,0.30,-0.47,0.64,4.33,-38.27,44.01,21.78,-11.49,-86.91,1
k,2022-11-01 20:43:42.735852,0.35,-0.52,0.69,16.85,-44.07,49.19,20.32,-11.40,-85.03,1
k,2022-11-01 20:43:42.754082,0.37,-0.52,0.75,18.98,-46.69,50.96,20.32,-11.40,-85.03,1
k,2022-11-01 20:43:42.771920,0.37,-0.48,0.83,6.41,-44.56,44.31,20.32,-11.40,-85.03,1
k,2022-11-01 20:43:42.791005,0.35,-0.43,0.95,-1.71,-39.55,37.72,22.07,-11.91,-83.35,1
