O,2022-10-26 11:24:25.253660,0.36,-0.57,0.74,-20.02,16.85,11.54,87.37,52.73,-82.53,1
O,2022-10-26 11:24:25.271223,0.48,-0.52,0.66,-22.34,0.31,10.93,87.37,52.73,-82.53,1
O,2022-10-26 11:24:25.287226,0.46,-0.48,0.62,-36.25,-11.54,6.53,87.37,52.73,-82.53,1
O,2022-10-26 11:24:25.315755,0.35,-0.48,0.61,-49.62,-31.07,0.18,86.02,54.16,-75.87,1
O,2022-10-26 11:24:25.325752,0.28,-0.45,0.88,76.60,14.71,-62.93,86.02,54.16,-75.87,1
O,2022-10-26 11:24:25.355430,-0.20,-0.13,0.30,-34.67,6.29,97.78,87.26,55.10,-72.02,1
O,2022-10-26 11:24:25.365759,0.03,-0.21,0.71,-28.14,-32.29,41.87,87.26,55.10,-72.02,1
O,2022-10-26 11:24:25.386576,0.05,-0.31,0.58,-22.77,-47.61,31.25,87.26,55.10,-72.02,1
O,2022-10-26 11:24:25.406844,0.07,-0.24,0.41,-29.30,-63.48,13.06,97.51,53.43,-70.56,1
O,2022-10-26 11:24:25.426840,0.02,-0.05,0.72,-40.22,-64.03,-6.96,97.51,53.43,-70.56,1
O,2022-10-26 11:24:25.446840,0.00,0.03,0.85,-39.98,-60.61,-22.77,119.13,50.49,-69.10,1
O,2022-10-26 11:24:25.466850,0.05,0.09,1.06,-24.11,-54.20,-38.94,119.13,50.49,-69.10,1
O,2022-10-26 11:24:25.486838,0.06,0.01,1.30,-16.36,-30.52,-44.37,119.13,50.49,-69.10,1
O,2022-10-26 11:24:25.506843,0.04,0.05,1.39,-10.93,-9.46,-47.73,136.22,57.46,-77.82,1
O,2022-10-26 11:24:25.527896,0.04,-0.04,1.38,7.93,8.73,-69.15,136.22,57.46,-77.82,1
O,2022-10-26 11:24:25.544209,0.15,-0.21,1.38,25.82,20.32,-71.78,136.22,57.46,-77.82,1
O,2022-10-26 11:24:25.564307,0.23,-0.41,1.23,39.92,35.16,-62.32,122.16,75.85,-91.86,1
O,2022-10-26 11:24:25.584274,0.25,-0.67,1.09,65.19,30.58,-21.79,122.16,75.85,-91.86,1
O,2022-10-26 11:24:25.604469,0.25,-0.79,1.02,72.39,26.61,-3.36,101.34,74.34,-100.48,1
O,2022-10-26 11:24:25.624489,0.23,-0.92,0.93,49.32,26.25,2.32,101.34,74.34,-100.48,1
O,2022-10-26 11:24:25.638897,0.44,-1.02,1.31,29.66,21.61,-3.17,101.34,74.34,-100.48,1
O,2022-10-26 11:24:25.658997,0.24,-0.81,0.75,-5.68,61.89,22.83,93.87,61.16,-97.46,1
O,2022-10-26 11:24:25.679002,0.26,-0.77,0.61,11.96,33.69,31.01,93.87,61.16,-97.46,1
O,2022-10-26 11:24:25.698992,0.17,-0.65,0.55,7.39,6.59,38.82,87.24,51.99,-85.78,1
O,2022-10-26 11:24:25.718996,0.18,-0.61,0.58,3.60,-8.61,33.94,87.24,51.99,-85.78,1
O,2022-10-26 11:24:25.738973,0.12,-0.53,0.52,-12.70,-10.62,39.06,87.24,51.99,-85.78,1
O,2022-10-26 11:24:25.758999,0.01,-0.33,0.55,-27.28,-15.20,34.79,83.19,54.10,-75.70,1
O,2022-10-26 11:24:25.778996,0.07,-0.31,0.67,-34.06,-24.84,16.54,83.19,54.10,-75.70,1
O,2022-10-26 11:24:25.808930,0.01,-0.23,0.72,-43.46,-28.99,19.90,89.62,56.43,-72.78,1
O,2022-10-26 11:24:25.818915,-0.05,-0.13,0.73,-59.63,-22.71,11.11,89.62,56.43,-72.78,1
O,2022-10-26 11:24:25.838918,-0.85,-0.01,1.25,-60.49,-28.56,23.68,89.62,56.43,-72.78,1
O,2022-10-26 11:24:25.859113,-0.48,0.24,1.08,17.03,26.98,31.19,99.77,53.74,-73.74,1
O,2022-10-26 11:24:25.879759,0.22,-0.10,1.10,76.78,51.82,12.88,99.77,53.74,-73.74,1
O,2022-10-26 11:24:25.900017,0.36,-0.04,1.08,42.72,58.53,-3.72,99.48,51.32,-86.45,1
O,2022-10-26 11:24:25.920024,0.38,-0.03,1.07,39.43,38.21,-21.36,99.48,51.32,-86.45,1
O,2022-10-26 11:24:25.940018,0.51,-0.12,0.94,60.06,31.25,-16.85,99.48,51.32,-86.45,1
O,2022-10-26 11:24:25.960018,0.66,-0.21,0.82,66.28,28.99,-22.16,91.35,53.22,-95.08,1
O,2022-10-26 11:24:25.980044,0.65,-0.33,0.82,55.66,8.06,-36.62,91.35,53.22,-95.08,1
O,2022-10-26 11:24:26.003485,0.46,-0.49,0.91,30.70,9.22,-37.05,86.99,51.76,-100.83,1
O,2022-10-26 11:24:26.014073,0.41,-0.57,0.83,23.86,14.71,-29.11,86.99,51.76,-100.83,1
O,2022-10-26 11:24:26.034003,0.34,-0.67,0.84,26.86,8.00,-25.02,86.99,51.76,-100.83,1
O,2022-10-26 11:24:26.054057,0.24,-0.76,0.81,19.90,8.36,-25.21,88.26,45.02,-106.20,1
