j,2022-10-31 12:08:57.936538,0.33,0.45,-0.76,-22.16,11.78,19.71,-3.64,-13.83,16.60,1
j,2022-10-31 12:08:57.954494,0.45,0.44,-0.75,-10.31,14.47,6.29,-3.64,-13.83,16.60,1
j,2022-10-31 12:08:57.973541,0.47,0.46,-0.74,-2.93,24.05,-10.56,-5.07,-13.16,18.44,1
j,2022-10-31 12:08:57.991513,0.49,0.50,-0.70,-3.30,34.18,1.83,-5.07,-13.16,18.44,1
j,2022-10-31 12:08:58.009496,0.53,0.45,-0.67,13.79,48.71,8.67,-5.07,-13.16,18.44,1
j,2022-10-31 12:08:58.028695,0.32,1.04,-0.96,-24.54,-21.67,-22.83,-7.03,-14.12,18.13,1
j,2022-10-31 12:08:58.046645,0.36,0.23,-0.76,7.69,-8.30,-4.27,-7.03,-14.12,18.13,1
j,2022-10-31 12:08:58.065655,-0.19,0.56,-1.07,6.41,-8.30,-14.34,-6.81,-14.54,18.42,1
j,2022-10-31 12:08:58.083511,0.40,0.59,-0.72,-5.31,22.40,14.16,-6.81,-14.54,18.42,1
j,2022-10-31 12:08:58.101360,0.24,0.47,-0.83,-18.13,28.69,10.93,0.00,0.00,0.00,1
j,2022-10-31 12:08:58.120503,0.28,0.41,-0.80,-14.47,31.74,20.02,-7.76,-12.87,17.24,1
j,2022-10-31 12:08:58.138518,0.37,0.50,-0.68,-10.38,35.71,26.73,-7.76,-12.87,17.24,1
j,2022-10-31 12:08:58.156562,0.34,0.42,-0.65,-0.24,30.27,27.10,-7.76,-12.87,17.24,1
j,2022-10-31 12:08:58.175534,0.30,0.49,-0.73,4.82,24.17,21.42,-9.74,-12.22,15.91,1
j,2022-10-31 12:08:58.193519,0.32,0.48,-0.78,-0.43,26.92,27.28,-9.74,-12.22,15.91,1
j,2022-10-31 12:08:58.211508,0.33,0.51,-0.85,-12.45,26.67,31.43,-9.74,-12.22,15.91,1
j,2022-10-31 12:08:58.230435,0.44,0.48,-0.79,-18.07,26.49,31.13,-10.51,-11.24,14.66,1
j,2022-10-31 12:08:58.248580,0.36,0.43,-0.85,-11.29,15.44,17.64,-10.51,-11.24,14.66,1
j,2022-10-31 12:08:58.267595,0.35,0.50,-0.95,-2.44,7.93,4.39,-11.27,-9.99,13.12,1
j,2022-10-31 12:08:58.285479,0.28,0.56,-1.03,-24.35,12.63,3.05,-11.27,-9.99,13.12,1
j,2022-10-31 12:08:58.303626,0.45,0.52,-0.97,-55.30,24.48,-10.68,-11.27,-9.99,13.12,1
j,2022-10-31 12:08:58.322526,0.46,0.49,-0.96,-70.74,18.01,-26.73,-11.51,-8.13,12.68,1
j,2022-10-31 12:08:58.340699,0.45,0.47,-0.94,-49.87,5.98,-33.26,-11.51,-8.13,12.68,1
j,2022-10-31 12:08:58.358730,0.29,0.42,-0.98,-26.31,-0.55,-36.62,-11.51,-8.13,12.68,1
j,2022-10-31 12:08:58.377600,0.28,0.35,-1.03,-17.94,0.98,-22.40,-10.34,-8.12,14.47,1
j,2022-10-31 12:08:58.395610,0.41,0.20,-0.94,-18.92,1.16,-7.14,-10.34,-8.12,14.47,1
j,2022-10-31 12:08:58.413563,0.49,0.18,-0.89,0.85,-15.32,-7.93,-10.34,-8.12,14.47,1
j,2022-10-31 12:08:58.432624,0.34,0.17,-0.88,25.27,-30.76,-23.93,-9.38,-8.18,14.93,1
j,2022-10-31 12:08:58.450618,0.35,0.24,-0.84,63.78,-36.99,-45.17,-9.38,-8.18,14.93,1
j,2022-10-31 12:08:58.469627,0.20,0.47,-0.83,106.63,-50.48,-42.54,-7.60,-13.01,14.61,1
j,2022-10-31 12:08:58.487517,0.04,0.62,-1.01,15.75,-64.03,4.09,-7.60,-13.01,14.61,1
j,2022-10-31 12:08:58.505605,0.32,0.35,-0.92,-45.96,-72.63,40.16,-7.60,-13.01,14.61,1
j,2022-10-31 12:08:58.524527,0.82,0.16,-0.85,-18.74,-64.70,20.94,-5.42,-11.78,16.58,1
j,2022-10-31 12:08:58.542619,0.67,0.37,-0.84,51.21,-50.60,-30.15,-5.42,-11.78,16.58,1
j,2022-10-31 12:08:58.560601,0.53,0.48,-0.89,64.21,-42.54,-26.79,-5.42,-11.78,16.58,1
j,2022-10-31 12:08:58.579602,0.50,0.46,-0.71,26.86,-12.15,-9.16,-2.98,-15.22,17.66,1
j,2022-10-31 12:08:58.597457,0.46,0.41,-0.72,17.46,4.94,0.61,-2.98,-15.22,17.66,1
j,2022-10-31 12:08:58.615496,0.43,0.40,-0.73,12.82,18.49,-0.31,-2.98,-15.22,17.66,1
j,2022-10-31 12:08:58.634523,0.36,0.50,-0.68,10.19,25.21,-8.48,-2.77,-16.39,19.63,1
j,2022-10-31 12:08:58.652521,0.33,0.45,-0.65,8.79,46.14,-6.10,-2.77,-16.39,19.63,1
j,2022-10-31 12:08:58.671674,-1.18,0.78,-0.85,-47.85,21.24,-6.29,-2.76,-17.15,21.73,1
j,2022-10-31 12:08:58.689514,0.39,0.20,-0.84,-135.50,21.91,17.46,-2.76,-17.15,21.73,1
j,2022-10-31 12:08:58.707615,0.25,0.20,-0.89,-69.76,27.34,-7.51,-2.76,-17.15,21.73,1
j,2022-10-31 12:08:58.726489,0.30,0.44,-0.74,8.00,47.55,-30.64,-4.05,-13.39,21.67,1
j,2022-10-31 12:08:58.744504,0.41,0.50,-0.84,6.47,44.74,-20.02,-4.05,-13.39,21.67,1
j,2022-10-31 12:08:58.762601,0.47,0.57,-0.76,-28.02,34.61,-3.36,-4.05,-13.39,21.67,1
j,2022-10-31 12:08:58.781516,0.42,0.33,-0.79,-26.67,22.16,3.60,-4.85,-12.87,22.64,1
j,2022-10-31 12:08:58.799615,0.39,0.24,-0.80,-12.82,17.70,-0.79,-4.85,-12.87,22.64,1
j,2022-10-31 12:08:58.817525,0.35,0.29,-0.90,15.32,13.92,-9.03,-4.85,-12.87,22.64,1
j,2022-10-31 12:08:58.836519,0.36,0.38,-0.90,47.79,14.04,-10.80,-4.91,-12.38,21.34,1
j,2022-10-31 12:08:58.854441,0.34,0.58,-0.77,42.24,7.02,28.32,-4.91,-12.38,21.34,1
j,2022-10-31 12:08:58.873419,0.49,0.29,-0.82,45.59,-7.32,32.04,-5.25,-14.37,20.20,1
j,2022-10-31 12:08:58.891478,0.43,0.47,-0.85,29.42,-10.86,8.61,-5.25,-14.37,20.20,1
j,2022-10-31 12:08:58.909348,0.52,0.51,-0.84,3.97,-20.69,13.24,0.00,0.00,0.00,1
j,2022-10-31 12:08:58.928608,0.39,0.42,-0.88,-8.06,-31.13,22.52,-5.10,-14.61,20.86,1
j,2022-10-31 12:08:58.946610,0.29,0.53,-0.82,-48.40,-19.71,9.89,-5.10,-14.61,20.86,1
j,2022-10-31 12:08:58.964643,0.38,0.41,-0.95,-62.13,-10.56,4.64,-5.10,-14.61,20.86,1
j,2022-10-31 12:08:58.983557,0.33,0.47,-0.91,-55.36,2.38,-16.85,-4.61,-12.52,21.56,1
j,2022-10-31 12:08:59.001649,0.30,0.47,-0.90,-47.67,12.76,-22.64,-4.61,-12.52,21.56,1
j,2022-10-31 12:08:59.019559,0.22,0.46,-0.91,-47.18,21.24,-2.26,-4.61,-12.52,21.56,1
