j,2022-10-31 12:09:27.868715,0.17,0.70,-0.74,23.44,15.93,5.49,2.82,-1.06,20.56,1
j,2022-10-31 12:09:27.886954,0.13,0.82,-0.75,7.81,8.54,-17.40,2.82,-1.06,20.56,1
j,2022-10-31 12:09:27.905838,0.17,0.78,-0.82,-24.17,-7.81,-10.99,4.75,0.90,21.53,1
j,2022-10-31 12:09:27.924002,0.24,0.64,-0.83,-28.99,-7.63,-3.48,4.75,0.90,21.53,1
j,2022-10-31 12:09:27.941803,0.25,0.58,-0.77,-22.46,-8.67,6.47,4.75,0.90,21.53,1
j,2022-10-31 12:09:27.960747,0.27,0.49,-0.75,-8.30,-11.29,3.91,6.46,2.91,23.17,1
j,2022-10-31 12:09:27.978767,0.25,0.49,-0.75,8.97,-9.09,-14.77,6.46,2.91,23.17,1
j,2022-10-31 12:09:27.996784,0.24,0.58,-0.77,11.84,2.08,-7.14,6.46,2.91,23.17,1
j,2022-10-31 12:09:28.015636,0.22,0.58,-0.77,9.64,8.30,2.32,6.81,3.67,23.66,1
j,2022-10-31 12:09:28.033766,0.19,0.58,-0.73,14.22,11.23,1.95,6.81,3.67,23.66,1
j,2022-10-31 12:09:28.052728,-1.16,0.67,-0.80,13.85,11.29,-5.19,8.01,4.57,23.77,1
j,2022-10-31 12:09:28.070717,0.60,1.08,-0.66,-52.98,5.00,1.10,8.01,4.57,23.77,1
j,2022-10-31 12:09:28.089085,-0.13,0.10,-0.99,-21.12,-5.07,-1.40,8.01,4.57,23.77,1
j,2022-10-31 12:09:28.107865,0.23,0.60,-0.79,-16.54,2.32,-14.77,8.79,6.10,22.83,1
j,2022-10-31 12:09:28.125838,0.24,0.62,-0.73,-4.09,1.40,-13.18,8.79,6.10,22.83,1
j,2022-10-31 12:09:28.143734,0.24,0.68,-0.79,22.22,-0.98,-12.21,8.79,6.10,22.83,1
j,2022-10-31 12:09:28.162914,0.09,0.58,-0.83,25.45,0.79,-6.10,8.81,5.87,23.68,1
j,2022-10-31 12:09:28.180821,0.17,0.64,-0.82,-11.41,40.71,18.13,8.81,5.87,23.68,1
j,2022-10-31 12:09:28.198853,0.05,0.61,-0.72,-18.74,50.17,34.00,8.81,5.87,23.68,1
j,2022-10-31 12:09:28.217745,0.19,0.68,-0.72,-29.66,60.36,59.02,6.46,5.51,24.07,1
j,2022-10-31 12:09:28.235643,0.30,0.45,-0.64,-39.86,50.84,75.74,6.46,5.51,24.07,1
j,2022-10-31 12:09:28.254638,0.18,0.38,-0.68,-7.45,32.41,49.93,4.22,6.04,23.93,1
j,2022-10-31 12:09:28.272636,0.09,0.47,-0.77,30.82,24.17,14.22,4.22,6.04,23.93,1
j,2022-10-31 12:09:28.290603,0.12,0.67,-0.84,33.94,23.50,6.90,4.22,6.04,23.93,1
j,2022-10-31 12:09:28.309596,0.16,0.76,-0.87,17.27,27.10,16.66,2.21,4.50,21.84,1
j,2022-10-31 12:09:28.327785,0.23,0.75,-0.82,-1.16,22.46,20.39,2.21,4.50,21.84,1
j,2022-10-31 12:09:28.345909,0.12,0.69,-0.86,-12.21,10.62,9.46,2.21,4.50,21.84,1
j,2022-10-31 12:09:28.364918,0.09,0.54,-0.95,-26.55,12.45,-6.41,0.77,4.33,22.97,1
j,2022-10-31 12:09:28.382901,0.14,0.68,-0.89,-37.41,14.22,-20.20,0.77,4.33,22.97,1
j,2022-10-31 12:09:28.400907,0.16,0.60,-0.97,-38.21,11.96,-26.18,0.77,4.33,22.97,1
j,2022-10-31 12:09:28.419805,0.19,0.62,-0.93,-36.56,10.19,-41.38,-0.84,5.57,23.49,1
j,2022-10-31 12:09:28.437950,0.18,0.64,-0.93,-48.03,6.53,-44.86,-0.84,5.57,23.49,1
j,2022-10-31 12:09:28.456840,0.14,0.40,-1.00,-55.97,2.75,-11.17,-1.57,6.59,23.57,1
j,2022-10-31 12:09:28.474901,0.10,0.24,-0.99,-33.94,6.23,1.22,-1.57,6.59,23.57,1
j,2022-10-31 12:09:28.492925,0.24,0.34,-0.79,6.59,5.55,-0.18,-1.57,6.59,23.57,1
j,2022-10-31 12:09:28.511805,0.07,0.56,-0.77,36.50,-18.68,11.11,-0.79,6.36,21.80,1
j,2022-10-31 12:09:28.530039,-0.07,0.54,-0.86,28.63,-50.90,35.64,-0.79,6.36,21.80,1
j,2022-10-31 12:09:28.547952,0.09,0.59,-0.89,2.87,-85.75,18.25,-0.79,6.36,21.80,1
j,2022-10-31 12:09:28.566766,0.14,0.45,-0.95,-7.87,-89.54,8.67,2.17,5.98,22.07,1
j,2022-10-31 12:09:28.584866,0.29,0.43,-0.98,7.57,-67.63,4.03,2.17,5.98,22.07,1
j,2022-10-31 12:09:28.602863,0.33,0.49,-0.94,15.50,-41.87,-2.38,2.17,5.98,22.07,1
j,2022-10-31 12:09:28.621739,0.37,0.51,-0.88,9.70,-24.11,-8.30,5.48,5.10,22.66,1
j,2022-10-31 12:09:28.639765,0.41,0.45,-0.82,11.29,-8.24,-14.77,5.48,5.10,22.66,1
