g,2022-10-30 16:26:52.518104,-0.04,0.09,0.84,32.90,15.14,-50.96,-71.28,15.11,-110.14,1
g,2022-10-30 16:26:52.538029,-0.04,-0.02,0.81,21.85,9.16,-45.23,-71.28,15.11,-110.14,1
g,2022-10-30 16:26:52.558030,-0.01,-0.01,0.75,10.80,3.30,-35.89,-74.08,12.96,-116.42,1
g,2022-10-30 16:26:52.578033,0.01,0.08,0.69,7.39,-9.77,-22.28,-74.08,12.96,-116.42,1
g,2022-10-30 16:26:52.598029,-0.02,0.11,0.68,9.70,-19.90,-16.24,-77.94,11.45,-117.71,1
g,2022-10-30 16:26:52.619181,-0.11,0.12,0.74,12.15,-27.04,-10.07,-77.94,11.45,-117.71,1
g,2022-10-30 16:26:52.639178,-0.12,0.20,0.77,-1.28,-26.49,-10.07,-77.94,11.45,-117.71,1
g,2022-10-30 16:26:52.659180,-0.16,0.18,0.82,-1.95,-31.74,-8.61,-85.38,12.88,-109.79,1
g,2022-10-30 16:26:52.679442,-0.34,0.31,1.07,-0.79,-36.50,-5.25,-85.38,12.88,-109.79,1
g,2022-10-30 16:26:52.699684,-0.31,0.34,1.05,-2.99,-19.41,-11.05,-91.27,13.81,-98.58,1
g,2022-10-30 16:26:52.719682,-0.25,0.31,1.08,-3.11,-8.48,-14.47,-91.27,13.81,-98.58,1
g,2022-10-30 16:26:52.733974,-0.20,0.26,1.16,40.59,4.76,21.61,-91.27,13.81,-98.58,1
g,2022-10-30 16:26:52.754731,-0.19,0.12,0.96,40.04,-17.58,18.80,-94.74,14.93,-95.54,1
g,2022-10-30 16:26:52.773970,-0.22,0.22,0.97,12.21,-38.88,-2.69,-94.74,14.93,-95.54,1
g,2022-10-30 16:26:52.792202,-0.55,0.09,1.48,16.97,-38.57,-6.84,-96.55,14.92,-96.36,1
g,2022-10-30 16:26:52.812223,-0.27,0.23,0.98,-11.41,66.83,7.26,-96.55,14.92,-96.36,1
g,2022-10-30 16:26:52.832487,-0.20,0.14,0.90,-14.22,33.08,-3.05,-96.55,14.92,-96.36,1
g,2022-10-30 16:26:52.852405,-0.19,0.14,0.91,-11.47,27.40,0.61,-95.85,14.99,-107.13,1
g,2022-10-30 16:26:52.872401,-0.16,0.10,0.85,-18.74,29.17,9.83,-95.85,14.99,-107.13,1
g,2022-10-30 16:26:52.892406,-0.15,0.15,0.76,-24.60,27.16,12.15,-95.54,15.88,-114.82,1
g,2022-10-30 16:26:52.912401,-0.15,0.17,0.72,-32.65,23.74,12.02,-95.54,15.88,-114.82,1
g,2022-10-30 16:26:52.934494,-0.15,0.19,0.67,-34.61,17.33,18.74,-95.54,15.88,-114.82,1
g,2022-10-30 16:26:52.952378,-0.13,0.28,0.57,-32.04,7.14,21.97,-92.80,18.48,-116.74,1
g,2022-10-30 16:26:52.973399,-0.15,0.32,0.55,-22.77,-10.74,26.61,-92.80,18.48,-116.74,1
g,2022-10-30 16:26:52.995398,-0.21,0.44,0.68,5.55,-37.11,38.88,-92.80,18.48,-116.74,1
g,2022-10-30 16:26:53.015394,-0.28,0.50,0.80,17.09,-41.08,37.29,-90.20,24.19,-105.38,1
g,2022-10-30 16:26:53.035758,-0.33,0.51,0.94,1.59,-31.62,13.49,-90.20,24.19,-105.38,1
g,2022-10-30 16:26:53.055946,-0.34,0.55,1.05,-6.47,-26.67,0.00,-85.08,27.66,-88.39,1
g,2022-10-30 16:26:53.076392,-0.35,0.57,1.14,5.43,-22.52,-8.30,-85.08,27.66,-88.39,1
g,2022-10-30 16:26:53.096392,-0.36,0.52,1.17,12.21,-18.31,-14.65,-82.59,27.62,-77.71,1
g,2022-10-30 16:26:53.116392,-0.34,0.42,1.18,19.23,-6.90,-20.20,-82.59,27.62,-77.71,1
g,2022-10-30 16:26:53.136430,-0.30,0.31,1.17,26.37,-3.54,-18.62,-82.59,27.62,-77.71,1
g,2022-10-30 16:26:53.156392,-0.27,0.21,1.12,30.15,0.67,-16.78,-85.78,24.27,-79.80,1
g,2022-10-30 16:26:53.174772,-0.24,0.06,1.10,26.37,5.19,-11.29,-85.78,24.27,-79.80,1
g,2022-10-30 16:26:53.194780,-0.27,0.07,1.09,15.26,12.70,-10.07,-91.60,19.65,-86.56,1
g,2022-10-30 16:26:53.214782,-0.20,0.12,0.93,-7.26,31.43,-13.67,-91.60,19.65,-86.56,1
g,2022-10-30 16:26:53.234781,-0.18,0.17,0.81,-11.11,25.51,-11.41,-91.60,19.65,-86.56,1
g,2022-10-30 16:26:53.264788,-0.13,0.15,0.63,0.92,6.65,-4.64,-95.24,16.30,-99.91,1
g,2022-10-30 16:26:53.284783,-0.27,0.18,0.68,13.12,-32.90,-2.56,-95.24,16.30,-99.91,1
g,2022-10-30 16:26:53.304785,-0.31,0.23,0.69,-2.75,-10.13,-5.74,-96.94,16.30,-102.19,1
g,2022-10-30 16:26:53.325166,-0.27,0.22,0.72,-26.86,46.81,-4.88,-96.94,16.30,-102.19,1
g,2022-10-30 16:26:53.335302,0.26,0.16,-0.24,-42.18,64.09,-7.75,-96.94,16.30,-102.19,1
g,2022-10-30 16:26:53.365164,-0.22,0.07,0.71,-6.90,-65.61,5.68,-94.19,16.42,-100.78,1
g,2022-10-30 16:26:53.385164,-0.21,0.21,0.73,-1.77,-51.39,13.24,-94.19,16.42,-100.78,1
g,2022-10-30 16:26:53.401631,-0.22,0.24,0.83,0.49,-47.79,13.24,-88.33,21.63,-78.53,1
g,2022-10-30 16:26:53.424054,-0.27,0.22,1.03,0.31,-46.57,11.72,-88.33,21.63,-78.53,1
g,2022-10-30 16:26:53.444061,-0.37,0.24,1.22,1.53,-42.48,13.24,-88.33,21.63,-78.53,1
g,2022-10-30 16:26:53.464062,-0.40,0.23,1.31,7.75,-22.58,12.45,-73.08,25.81,-58.57,1
g,2022-10-30 16:26:53.484061,-0.38,0.22,1.27,5.49,-12.45,9.95,-73.08,25.81,-58.57,1
g,2022-10-30 16:26:53.504062,-0.37,0.24,1.24,0.85,-9.16,8.67,-61.96,28.38,-52.51,1
g,2022-10-30 16:26:53.524061,-0.36,0.23,1.16,7.32,-7.51,17.70,-61.96,28.38,-52.51,1
g,2022-10-30 16:26:53.544067,-0.39,0.19,1.18,6.59,-4.64,21.00,-61.96,28.38,-52.51,1
g,2022-10-30 16:26:53.564338,-0.38,0.28,1.02,-2.56,8.00,17.64,-60.13,30.05,-54.46,1
g,2022-10-30 16:26:53.584666,-0.34,0.31,0.89,-9.22,11.72,11.35,-60.13,30.05,-54.46,1
g,2022-10-30 16:26:53.604731,-0.33,0.40,0.78,-10.07,1.89,4.94,-65.50,29.59,-61.82,1
g,2022-10-30 16:26:53.624730,-0.33,0.51,0.63,-1.89,-4.39,4.70,-65.50,29.59,-61.82,1
g,2022-10-30 16:26:53.644730,-0.34,0.49,0.57,9.09,-21.30,-3.11,-70.18,28.72,-66.10,1
g,2022-10-30 16:26:53.664730,-0.41,0.33,0.66,11.78,-25.88,-5.74,-70.18,28.72,-66.10,1
g,2022-10-30 16:26:53.685495,-0.39,0.28,0.73,-3.97,18.49,10.99,-70.18,28.72,-66.10,1
g,2022-10-30 16:26:53.707756,-0.36,0.20,0.80,-13.92,39.43,11.41,-70.01,29.22,-66.33,1
g,2022-10-30 16:26:53.717921,-0.42,0.47,0.82,-44.01,42.48,-16.36,-70.01,29.22,-66.33,1
g,2022-10-30 16:26:53.747797,-0.61,0.36,1.05,-0.12,16.85,-3.85,-68.18,29.03,-68.75,1
g,2022-10-30 16:26:53.767802,-0.45,0.43,0.92,21.12,18.43,2.81,-68.18,29.03,-68.75,1
g,2022-10-30 16:26:53.787801,-0.36,0.46,0.93,21.73,17.40,-2.56,-68.18,29.03,-68.75,1
g,2022-10-30 16:26:53.807151,-0.28,0.44,0.88,18.31,18.19,-13.98,-66.88,24.87,-74.98,1
g,2022-10-30 16:26:53.827210,-0.24,0.48,0.86,15.08,15.56,-28.20,-66.88,24.87,-74.98,1
g,2022-10-30 16:26:53.847520,-0.24,0.51,0.89,10.93,16.42,-40.95,-66.58,19.81,-82.34,1
g,2022-10-30 16:26:53.869958,-0.20,0.44,0.97,15.56,19.41,-54.63,-66.58,19.81,-82.34,1
