P,2022-10-26 13:20:59.195527,0.15,-1.02,0.08,-12.51,-15.50,33.75,10.62,39.64,-120.87,1
P,2022-10-26 13:20:59.215332,0.08,-1.03,0.14,-25.27,-30.88,27.77,12.96,41.28,-125.17,1
P,2022-10-26 13:20:59.234372,0.07,-0.86,0.17,-23.68,-40.77,26.61,12.96,41.28,-125.17,1
P,2022-10-26 13:20:59.254615,0.13,-0.68,0.22,-23.01,-46.45,-10.99,8.57,43.16,-130.38,1
P,2022-10-26 13:20:59.273538,-0.08,-0.81,0.43,15.38,-3.23,-19.84,8.57,43.16,-130.38,1
P,2022-10-26 13:20:59.292746,0.04,-0.54,0.29,46.33,36.93,26.61,8.57,43.16,-130.38,1
P,2022-10-26 13:20:59.312576,-0.02,-0.63,0.25,40.34,-26.00,-29.85,6.35,43.76,-126.51,1
P,2022-10-26 13:20:59.331385,0.04,-0.75,0.30,8.36,-25.09,-69.70,6.35,43.76,-126.51,1
P,2022-10-26 13:20:59.351444,0.05,-0.86,0.23,-38.88,-27.59,-121.15,-4.09,39.29,-125.62,1
P,2022-10-26 13:20:59.370776,0.06,-0.93,0.33,-56.46,-40.41,-111.76,-4.09,39.29,-125.62,1
P,2022-10-26 13:20:59.389208,0.03,-0.97,0.44,-43.33,-48.95,-88.13,-4.09,39.29,-125.62,1
P,2022-10-26 13:20:59.409668,0.00,-1.07,0.50,-9.22,-47.18,-33.51,-15.70,32.12,-122.08,1
P,2022-10-26 13:20:59.428511,-0.03,-1.18,0.62,22.16,-35.64,-8.48,-15.70,32.12,-122.08,1
P,2022-10-26 13:20:59.447939,-0.05,-1.25,0.65,32.65,-19.41,4.27,-15.70,32.12,-122.08,1
P,2022-10-26 13:20:59.467872,-0.11,-1.28,0.57,22.03,10.07,15.38,-20.64,31.91,-117.97,1
P,2022-10-26 13:20:59.486829,-0.02,-1.32,0.58,32.29,29.42,42.48,-20.64,31.91,-117.97,1
P,2022-10-26 13:20:59.505566,0.06,-1.21,0.50,41.63,38.70,74.58,-14.00,36.39,-116.82,1
P,2022-10-26 13:20:59.524395,0.08,-1.15,0.35,35.16,35.71,89.36,-14.00,36.39,-116.82,1
P,2022-10-26 13:20:59.543206,0.23,-1.04,0.23,15.26,30.82,83.31,-14.00,36.39,-116.82,1
P,2022-10-26 13:20:59.562560,0.25,-0.90,0.21,-21.73,19.71,68.05,-3.59,42.30,-120.86,1
P,2022-10-26 13:20:59.581210,0.18,-0.78,0.31,-51.57,13.12,40.53,-3.59,42.30,-120.86,1
P,2022-10-26 13:20:59.600208,0.01,-0.59,0.35,-42.91,10.80,23.38,-3.59,42.30,-120.86,1
P,2022-10-26 13:20:59.619522,0.06,-0.60,0.62,3.17,7.51,10.38,2.48,44.56,-127.47,1
P,2022-10-26 13:20:59.638382,0.07,-0.60,0.44,36.19,28.02,24.84,2.48,44.56,-127.47,1
P,2022-10-26 13:20:59.657353,0.07,-0.64,0.50,28.44,32.29,0.37,8.22,46.42,-128.83,1
P,2022-10-26 13:20:59.675568,0.06,-0.61,0.40,7.39,54.32,-17.70,8.22,46.42,-128.83,1
P,2022-10-26 13:20:59.694518,0.07,-0.59,0.26,7.81,66.65,-42.42,8.22,46.42,-128.83,1
P,2022-10-26 13:20:59.714442,0.08,-0.74,0.19,40.22,50.23,-56.76,14.55,44.23,-128.37,1
P,2022-10-26 13:20:59.733605,0.07,-0.97,0.08,33.39,31.98,-49.68,14.55,44.23,-128.37,1
P,2022-10-26 13:20:59.753367,0.06,-1.00,0.07,24.90,12.82,-38.33,13.70,44.48,-124.66,1
P,2022-10-26 13:20:59.771205,0.04,-1.01,0.06,16.48,-7.45,-40.34,13.70,44.48,-124.66,1
P,2022-10-26 13:20:59.789525,0.08,-1.19,0.06,4.09,-17.58,-44.80,13.70,44.48,-124.66,1
P,2022-10-26 13:20:59.809055,0.09,-1.26,0.09,1.53,-32.29,-26.43,7.51,43.41,-121.15,1
P,2022-10-26 13:20:59.828419,0.10,-1.21,0.17,3.97,-50.42,13.37,7.51,43.41,-121.15,1
P,2022-10-26 13:20:59.846874,0.11,-1.13,0.32,23.56,-63.84,29.97,7.51,43.41,-121.15,1
P,2022-10-26 13:20:59.867151,0.11,-1.08,0.39,31.92,-60.91,41.08,1.45,42.87,-120.08,1
P,2022-10-26 13:20:59.886549,0.10,-0.98,0.50,19.53,-48.89,44.98,1.45,42.87,-120.08,1
P,2022-10-26 13:20:59.906498,0.01,-0.77,0.64,-3.72,-34.00,40.77,-0.54,44.78,-118.55,1
P,2022-10-26 13:20:59.925569,-0.20,-0.82,0.73,-8.18,-12.82,27.10,-0.54,44.78,-118.55,1
P,2022-10-26 13:20:59.944519,-0.17,-0.82,0.77,24.48,33.51,31.98,-0.54,44.78,-118.55,1
P,2022-10-26 13:20:59.964571,0.06,-0.85,0.59,41.38,45.96,38.02,4.82,46.39,-116.38,1
P,2022-10-26 13:20:59.982499,0.14,-0.88,0.44,48.28,48.16,28.38,4.82,46.39,-116.38,1
