Z,2022-11-09 10:33:26.623923,0.50,-0.63,0.58,0.24,-1.22,3.23,38.64,20.34,-8.33,1
Z,2022-11-09 10:33:26.641732,0.49,-0.60,0.58,2.87,-2.38,7.08,38.64,20.34,-8.33,1
Z,2022-11-09 10:33:26.659548,0.49,-0.55,0.57,13.85,-3.48,12.33,38.64,20.34,-8.33,1
Z,2022-11-09 10:33:26.679211,0.49,-0.55,0.56,18.55,-3.36,18.74,38.16,20.26,-9.94,1
Z,2022-11-09 10:33:26.696844,0.50,-0.56,0.57,25.09,-3.17,25.70,38.16,20.26,-9.94,1
Z,2022-11-09 10:33:26.714427,0.41,-0.68,0.52,33.69,-3.05,30.21,38.16,20.26,-9.94,1
Z,2022-11-09 10:33:26.733154,0.06,-0.58,0.64,23.99,9.03,45.23,37.39,18.98,-8.97,1
Z,2022-11-09 10:33:26.751561,0.69,-0.80,0.55,40.95,26.92,70.25,37.39,18.98,-8.97,1
Z,2022-11-09 10:33:26.770322,0.70,-0.75,0.69,10.07,24.66,52.80,36.40,15.45,-8.58,1
Z,2022-11-09 10:33:26.789202,0.68,-0.60,0.70,9.52,16.97,35.22,36.40,15.45,-8.58,1
Z,2022-11-09 10:33:26.806892,0.72,-0.58,0.63,24.84,14.40,25.39,36.40,15.45,-8.58,1
Z,2022-11-09 10:33:26.825265,0.72,-0.58,0.64,21.00,16.91,18.98,36.32,14.67,-8.40,1
Z,2022-11-09 10:33:26.843358,0.73,-0.61,0.61,13.31,18.49,5.13,36.32,14.67,-8.40,1
Z,2022-11-09 10:33:26.861827,0.69,-0.59,0.61,5.68,22.28,-1.46,36.32,14.67,-8.40,1
Z,2022-11-09 10:33:26.881058,0.67,-0.61,0.62,4.33,21.12,-2.01,36.54,14.11,-9.86,1
Z,2022-11-09 10:33:26.898916,0.67,-0.70,0.53,8.30,17.27,-1.10,36.54,14.11,-9.86,1
Z,2022-11-09 10:33:26.917876,0.65,-0.74,0.46,2.08,15.87,-1.83,36.54,14.11,-9.86,1
Z,2022-11-09 10:33:26.935779,0.63,-0.72,0.46,0.67,10.80,2.56,36.35,14.56,-10.24,1
Z,2022-11-09 10:33:26.953728,0.63,-0.78,0.33,0.18,4.88,4.88,36.35,14.56,-10.24,1
Z,2022-11-09 10:33:26.972968,0.63,-0.73,0.29,-7.93,-1.95,6.84,39.09,14.09,-10.69,1
Z,2022-11-09 10:33:26.991036,0.60,-0.72,0.21,-3.30,-11.90,11.05,39.09,14.09,-10.69,1
Z,2022-11-09 10:33:27.008321,0.56,-0.74,0.19,-7.39,-14.28,13.18,39.09,14.09,-10.69,1
Z,2022-11-09 10:33:27.028183,0.57,-0.70,0.23,-22.58,-18.31,11.96,41.81,14.20,-12.96,1
Z,2022-11-09 10:33:27.045477,0.49,-0.62,0.37,-23.68,-14.89,10.99,41.81,14.20,-12.96,1
Z,2022-11-09 10:33:27.064127,0.48,-0.61,0.45,-23.01,-8.85,11.41,41.81,14.20,-12.96,1
Z,2022-11-09 10:33:27.082928,0.47,-0.62,0.50,-21.67,-8.79,11.41,43.24,14.54,-12.51,1
Z,2022-11-09 10:33:27.100236,0.49,-0.62,0.46,-18.37,-9.77,10.93,43.24,14.54,-12.51,1
Z,2022-11-09 10:33:27.118552,0.56,-0.61,0.44,-25.45,-9.16,6.84,43.24,14.54,-12.51,1
Z,2022-11-09 10:33:27.138508,0.57,-0.46,0.55,-24.90,-9.64,0.98,44.09,15.19,-11.89,1
Z,2022-11-09 10:33:27.155783,0.58,-0.45,0.58,-13.79,-10.68,-2.62,44.09,15.19,-11.89,1
Z,2022-11-09 10:33:27.175141,0.54,-0.51,0.61,-3.72,-13.92,-10.31,43.99,16.09,-13.70,1
Z,2022-11-09 10:33:27.193284,0.46,-0.52,0.66,0.61,-12.33,-16.17,43.99,16.09,-13.70,1
Z,2022-11-09 10:33:27.210721,0.46,-0.55,0.64,17.09,-6.41,-8.30,43.99,16.09,-13.70,1
Z,2022-11-09 10:33:27.229755,0.49,-0.62,0.56,21.00,-3.60,-2.44,44.06,17.16,-13.48,1
Z,2022-11-09 10:33:27.247743,0.56,-0.62,0.52,18.31,-5.55,0.18,44.06,17.16,-13.48,1
Z,2022-11-09 10:33:27.265890,0.56,-0.63,0.51,11.29,-4.94,4.15,44.06,17.16,-13.48,1
Z,2022-11-09 10:33:27.284075,0.60,-0.60,0.51,6.65,-3.91,6.04,44.09,16.27,-13.35,1
Z,2022-11-09 10:33:27.302953,0.63,-0.57,0.52,-0.12,1.22,7.45,44.09,16.27,-13.35,1
Z,2022-11-09 10:33:27.321051,0.63,-0.64,0.56,-3.78,3.85,5.92,44.09,16.27,-13.35,1
Z,2022-11-09 10:33:27.340062,0.62,-0.68,0.55,-5.19,1.04,5.68,44.17,16.48,-14.03,1
Z,2022-11-09 10:33:27.357590,0.62,-0.64,0.54,-9.83,-3.72,5.31,44.17,16.48,-14.03,1
Z,2022-11-09 10:33:27.376519,0.62,-0.65,0.56,-12.70,-7.63,3.85,44.26,16.87,-14.51,1
Z,2022-11-09 10:33:27.394764,0.64,-0.63,0.57,-12.94,-14.04,-8.54,44.26,16.87,-14.51,1
Z,2022-11-09 10:33:27.413625,0.59,-0.61,0.59,-13.92,-21.12,-18.07,44.26,16.87,-14.51,1
Z,2022-11-09 10:33:27.433331,0.44,-0.60,1.03,-23.44,-6.41,-6.47,44.74,17.80,-15.72,1
Z,2022-11-09 10:33:27.450298,0.53,-0.60,0.51,14.89,-9.09,-3.85,44.74,17.80,-15.72,1
Z,2022-11-09 10:33:27.468562,0.52,-0.54,0.60,4.64,-9.16,-3.30,44.74,17.80,-15.72,1
Z,2022-11-09 10:33:27.488018,0.53,-0.62,0.53,2.87,-8.97,-0.92,45.50,18.15,-14.18,1
Z,2022-11-09 10:33:27.505944,0.50,-0.62,0.58,-5.92,-6.71,0.00,45.50,18.15,-14.18,1
Z,2022-11-09 10:33:27.525042,0.53,-0.70,0.65,5.07,-7.51,-14.65,46.14,17.82,-15.80,1
Z,2022-11-09 10:33:27.543779,0.52,-0.48,0.71,5.80,-5.68,-17.40,46.14,17.82,-15.80,1
Z,2022-11-09 10:33:27.561083,0.48,-0.63,0.59,13.98,-5.68,-14.71,46.14,17.82,-15.80,1
Z,2022-11-09 10:33:27.581162,0.47,-0.45,0.80,-14.22,26.67,-40.71,45.83,17.88,-15.45,1
Z,2022-11-09 10:33:27.598732,0.51,-0.25,0.88,-2.87,37.17,-41.32,45.83,17.88,-15.45,1
Z,2022-11-09 10:33:27.616525,0.45,-0.39,0.82,22.77,31.86,-25.27,45.83,17.88,-15.45,1
Z,2022-11-09 10:33:27.636150,0.54,-0.53,0.76,36.74,33.45,-21.42,45.73,17.49,-13.98,1
Z,2022-11-09 10:33:27.653945,0.54,-0.55,0.78,43.76,24.78,-17.33,45.73,17.49,-13.98,1
Z,2022-11-09 10:33:27.672331,0.58,-0.84,0.51,64.03,0.37,-6.59,45.73,17.49,-13.98,1
Z,2022-11-09 10:33:27.691187,0.55,-0.77,0.52,53.10,-9.46,-9.09,46.72,15.30,-13.02,1
Z,2022-11-09 10:33:27.708855,0.60,-0.79,0.39,73.12,-36.68,-1.40,46.72,15.30,-13.02,1
Z,2022-11-09 10:33:27.728080,0.55,-1.00,0.02,91.98,-75.01,12.02,48.78,11.69,-12.24,1
Z,2022-11-09 10:33:27.745413,0.44,-0.99,0.01,20.20,-46.57,-5.25,48.78,11.69,-12.24,1
Z,2022-11-09 10:33:27.764069,0.42,-0.83,0.14,-4.33,-19.41,-9.58,48.78,11.69,-12.24,1
Z,2022-11-09 10:33:27.783067,0.44,-0.74,0.34,-33.81,1.95,-11.78,49.99,11.74,-13.39,1
Z,2022-11-09 10:33:27.801794,0.45,-0.66,0.47,-47.30,11.84,-10.19,49.99,11.74,-13.39,1
Z,2022-11-09 10:33:27.820545,0.46,-0.55,0.59,-42.85,13.37,-4.88,49.99,11.74,-13.39,1
Z,2022-11-09 10:33:27.839956,0.46,-0.61,0.60,-12.57,6.65,5.62,49.61,12.39,-12.59,1
Z,2022-11-09 10:33:27.857268,0.45,-0.69,0.53,2.08,3.48,9.52,49.61,12.39,-12.59,1
Z,2022-11-09 10:33:27.874770,0.45,-0.76,0.49,2.01,4.21,9.95,49.61,12.39,-12.59,1
Z,2022-11-09 10:33:27.892820,0.46,-0.76,0.51,-7.69,6.90,7.20,49.57,12.00,-11.43,1
Z,2022-11-09 10:33:27.911678,0.47,-0.72,0.55,-12.33,6.90,3.48,49.57,12.00,-11.43,1
Z,2022-11-09 10:33:27.932021,0.46,-0.67,0.52,-5.86,6.29,3.66,49.40,12.33,-13.42,1
Z,2022-11-09 10:33:27.949850,0.46,-0.72,0.48,-8.00,7.63,4.15,49.40,12.33,-13.42,1
Z,2022-11-09 10:33:27.967667,0.46,-0.72,0.47,-18.98,11.66,4.15,49.40,12.33,-13.42,1
Z,2022-11-09 10:33:27.986581,0.19,-0.69,0.71,-31.56,14.65,3.91,49.41,12.48,-12.74,1
Z,2022-11-09 10:33:28.005397,0.47,-0.76,0.35,5.62,-1.04,-2.56,49.41,12.48,-12.74,1
Z,2022-11-09 10:33:28.022904,0.37,-0.74,0.41,-2.50,-13.37,-4.09,49.41,12.48,-12.74,1
Z,2022-11-09 10:33:28.041514,0.43,-0.71,0.35,-4.21,-21.12,-3.54,48.54,13.23,-12.07,1
Z,2022-11-09 10:33:28.059972,0.44,-0.61,0.46,-13.00,-21.48,-2.01,48.54,13.23,-12.07,1
Z,2022-11-09 10:33:28.078095,0.40,-0.64,0.49,-14.34,-17.52,3.54,48.54,13.23,-12.07,1
Z,2022-11-09 10:33:28.097253,0.39,-0.62,0.49,-13.18,-11.78,3.91,47.53,13.89,-14.53,1
Z,2022-11-09 10:33:28.115174,0.41,-0.69,0.54,-5.74,-7.69,1.83,47.53,13.89,-14.53,1
Z,2022-11-09 10:33:28.135215,0.42,-0.71,0.52,-3.11,-12.76,0.06,45.76,14.40,-14.64,1
Z,2022-11-09 10:33:28.153854,0.41,-0.67,0.60,-6.47,-16.66,-0.73,45.76,14.40,-14.64,1
Z,2022-11-09 10:33:28.172312,0.43,-0.66,0.59,-2.14,-21.42,0.85,45.76,14.40,-14.64,1
Z,2022-11-09 10:33:28.191010,0.46,-0.74,0.43,-8.42,-22.71,2.99,43.42,15.04,-15.72,1
Z,2022-11-09 10:33:28.207859,0.41,-0.69,0.58,-14.53,-23.50,3.66,43.42,15.04,-15.72,1
Z,2022-11-09 10:33:28.226917,0.39,-0.68,0.56,-26.98,-17.88,4.03,43.42,15.04,-15.72,1
Z,2022-11-09 10:33:28.245532,0.44,-0.52,0.71,-35.03,-3.42,0.06,41.52,15.78,-15.60,1
Z,2022-11-09 10:33:28.263276,0.46,-0.62,0.53,-1.34,-9.83,12.27,41.52,15.78,-15.60,1
Z,2022-11-09 10:33:28.282738,0.43,-0.59,0.96,-17.09,1.53,3.11,40.10,16.05,-15.47,1
Z,2022-11-09 10:33:28.300331,0.38,-0.67,0.89,-47.49,19.71,2.14,40.10,16.05,-15.47,1
Z,2022-11-09 10:33:28.319423,0.56,-0.61,0.50,20.57,-10.93,-1.10,40.10,16.05,-15.47,1
Z,2022-11-09 10:33:28.337885,0.43,-0.65,0.82,-17.40,-1.89,5.86,38.51,16.22,-16.19,1
Z,2022-11-09 10:33:28.356115,0.43,-0.63,0.67,-9.22,-0.92,2.32,38.51,16.22,-16.19,1
Z,2022-11-09 10:33:28.373123,0.44,-0.57,0.76,-8.30,5.98,1.71,38.51,16.22,-16.19,1
Z,2022-11-09 10:33:28.392815,0.45,-0.57,0.75,-19.84,16.36,-0.79,39.17,16.56,-16.08,1
Z,2022-11-09 10:33:28.410641,0.43,-0.51,0.82,-13.79,18.49,0.43,39.17,16.56,-16.08,1
Z,2022-11-09 10:33:28.428598,0.43,-0.60,0.77,0.98,8.42,3.60,39.17,16.56,-16.08,1
Z,2022-11-09 10:33:28.447971,0.43,-0.58,0.76,7.75,1.16,3.48,38.88,17.02,-14.29,1
Z,2022-11-09 10:33:28.466026,0.43,-0.58,0.73,16.78,-7.02,5.19,38.88,17.02,-14.29,1
Z,2022-11-09 10:33:28.484039,0.42,-0.56,0.66,20.20,-9.77,7.87,38.59,16.63,-15.20,1
Z,2022-11-09 10:33:28.502185,0.41,-0.56,0.67,19.96,-10.68,11.60,38.59,16.63,-15.20,1
Z,2022-11-09 10:33:28.521172,0.41,-0.58,0.66,23.56,-11.54,15.08,38.59,16.63,-15.20,1
Z,2022-11-09 10:33:28.539558,0.33,-0.82,0.58,6.53,2.87,4.46,38.70,16.04,-15.30,1
Z,2022-11-09 10:33:28.557852,0.39,-0.45,0.80,-8.12,28.14,-15.50,38.70,16.04,-15.30,1
Z,2022-11-09 10:33:28.576016,0.39,-0.45,0.84,7.39,26.73,-7.81,38.70,16.04,-15.30,1
Z,2022-11-09 10:33:28.594319,0.43,-0.55,0.77,21.85,23.56,-7.32,39.06,16.16,-14.81,1
Z,2022-11-09 10:33:28.612889,0.42,-0.55,0.75,31.74,25.82,-11.23,39.06,16.16,-14.81,1
Z,2022-11-09 10:33:28.630582,0.44,-0.63,0.67,37.60,31.86,-17.03,39.06,16.16,-14.81,1
Z,2022-11-09 10:33:28.650006,0.44,-0.58,0.69,36.62,36.80,-20.81,39.17,14.87,-13.16,1
Z,2022-11-09 10:33:28.667363,0.47,-0.66,0.61,49.44,25.51,-10.74,39.17,14.87,-13.16,1
Z,2022-11-09 10:33:28.685942,0.44,-0.73,0.53,49.01,15.50,-4.33,40.12,13.22,-13.33,1
Z,2022-11-09 10:33:28.704498,0.47,-0.84,0.44,42.97,11.54,-4.64,40.12,13.22,-13.33,1
Z,2022-11-09 10:33:28.723312,0.48,-0.74,0.38,39.86,2.38,-2.26,40.12,13.22,-13.33,1
Z,2022-11-09 10:33:28.741385,0.42,-0.85,0.44,23.13,-2.75,0.06,41.47,11.30,-12.12,1
Z,2022-11-09 10:33:28.759590,0.48,-0.81,0.38,35.03,-13.12,7.26,41.47,11.30,-12.12,1
Z,2022-11-09 10:33:28.777824,0.40,-1.13,0.10,30.58,-21.67,9.70,41.47,11.30,-12.12,1
Z,2022-11-09 10:33:28.796940,0.40,-0.85,0.29,-17.46,2.01,-5.31,42.30,10.24,-12.70,1
Z,2022-11-09 10:33:28.814561,0.42,-0.70,0.48,-43.21,15.50,-9.83,42.30,10.24,-12.70,1
Z,2022-11-09 10:33:28.832591,0.43,-0.60,0.60,-43.88,16.60,-4.39,42.30,10.24,-12.70,1
Z,2022-11-09 10:33:28.850776,0.44,-0.54,0.70,-18.68,9.95,3.23,41.82,11.51,-12.28,1
Z,2022-11-09 10:33:28.869498,0.44,-0.63,0.64,3.17,1.59,10.07,41.82,11.51,-12.28,1
Z,2022-11-09 10:33:28.889141,0.44,-0.72,0.56,12.08,-3.05,12.63,41.35,11.45,-12.04,1
Z,2022-11-09 10:33:28.905994,0.43,-0.75,0.52,10.44,-3.54,11.35,41.35,11.45,-12.04,1
Z,2022-11-09 10:33:28.925061,0.43,-0.77,0.51,6.16,-0.79,6.47,41.35,11.45,-12.04,1
Z,2022-11-09 10:33:28.943564,0.43,-0.75,0.53,-1.10,1.40,3.91,41.78,10.96,-13.02,1
Z,2022-11-09 10:33:28.961717,0.44,-0.68,0.57,-1.65,1.95,2.69,41.78,10.96,-13.02,1
Z,2022-11-09 10:33:28.980054,0.44,-0.67,0.55,2.87,0.79,4.15,41.78,10.96,-13.02,1
Z,2022-11-09 10:33:28.998174,0.43,-0.71,0.51,5.49,1.04,5.92,41.96,10.28,-12.78,1
Z,2022-11-09 10:33:29.017155,0.43,-0.73,0.52,2.62,4.46,5.31,41.96,10.28,-12.78,1
Z,2022-11-09 10:33:29.034789,0.44,-0.69,0.53,-1.10,5.25,5.62,41.96,10.28,-12.78,1
Z,2022-11-09 10:33:29.053928,0.44,-0.74,0.51,-2.01,6.23,6.35,41.30,10.89,-12.85,1
Z,2022-11-09 10:33:29.072008,0.44,-0.75,0.53,-7.75,8.91,4.39,41.30,10.89,-12.85,1
Z,2022-11-09 10:33:29.090322,0.45,-0.71,0.58,-10.19,9.52,2.01,41.60,10.55,-13.13,1
Z,2022-11-09 10:33:29.108432,0.45,-0.68,0.60,-8.12,5.92,1.53,41.60,10.55,-13.13,1
Z,2022-11-09 10:33:29.125849,0.45,-0.66,0.59,1.71,2.69,2.75,41.60,10.55,-13.13,1
Z,2022-11-09 10:33:29.146124,0.45,-0.69,0.55,5.98,0.85,4.03,41.28,10.84,-12.61,1
Z,2022-11-09 10:33:29.164269,0.44,-0.69,0.53,5.37,1.04,4.52,41.28,10.84,-12.61,1
Z,2022-11-09 10:33:29.182244,0.44,-0.69,0.54,3.48,1.77,5.25,41.28,10.84,-12.61,1
Z,2022-11-09 10:33:29.199919,0.44,-0.71,0.53,3.36,2.32,6.04,41.16,10.60,-11.80,1
Z,2022-11-09 10:33:29.219353,0.45,-0.71,0.56,-1.59,3.60,5.13,41.16,10.60,-11.80,1
Z,2022-11-09 10:33:29.236942,0.45,-0.71,0.55,-1.34,3.17,4.58,41.16,10.60,-11.80,1
Z,2022-11-09 10:33:29.255886,0.45,-0.69,0.57,-1.10,2.62,3.78,40.87,11.08,-11.77,1
Z,2022-11-09 10:33:29.273646,0.45,-0.69,0.57,2.32,1.28,3.60,40.87,11.08,-11.77,1
Z,2022-11-09 10:33:29.292086,0.45,-0.71,0.54,4.70,0.43,3.78,41.19,10.42,-13.05,1
Z,2022-11-09 10:33:29.310497,0.45,-0.72,0.52,0.98,2.38,2.32,41.19,10.42,-13.05,1
Z,2022-11-09 10:33:29.328638,0.45,-0.69,0.54,-2.08,3.72,1.83,41.19,10.42,-13.05,1
Z,2022-11-09 10:33:29.348037,0.45,-0.67,0.55,-1.95,4.39,2.44,41.09,10.97,-12.32,1
Z,2022-11-09 10:33:29.366133,0.45,-0.68,0.56,-0.98,4.27,4.03,41.09,10.97,-12.32,1
Z,2022-11-09 10:33:29.382851,0.45,-0.69,0.55,0.31,3.85,5.13,41.09,10.97,-12.32,1
Z,2022-11-09 10:33:29.402737,0.45,-0.70,0.55,0.73,3.72,5.13,40.72,10.83,-13.39,1
Z,2022-11-09 10:33:29.420659,0.46,-0.70,0.55,0.67,4.03,4.76,40.72,10.83,-13.39,1
Z,2022-11-09 10:33:29.439100,0.46,-0.71,0.55,0.73,4.03,4.33,40.72,10.83,-13.39,1
Z,2022-11-09 10:33:29.458014,0.46,-0.71,0.55,0.18,4.03,3.17,41.59,10.24,-12.24,1
Z,2022-11-09 10:33:29.475065,0.46,-0.70,0.57,-0.18,3.48,1.95,41.59,10.24,-12.24,1
Z,2022-11-09 10:33:29.495098,0.46,-0.69,0.57,2.93,1.95,1.10,41.11,10.60,-11.16,1
Z,2022-11-09 10:33:29.513335,0.46,-0.68,0.56,4.52,1.04,1.89,41.11,10.60,-11.16,1
