H,2022-10-17 18:17:19.168734,-2.04,-0.04,1.97,5.00,-49.44,-4.46,-15.91,-25.52,-112.88,1
H,2022-10-17 18:17:19.186829,0.33,-0.25,0.82,59.63,10.44,21.85,-15.91,-25.52,-112.88,1
H,2022-10-17 18:17:19.204839,-0.12,-0.14,0.36,42.24,9.09,17.64,-15.91,-25.52,-112.88,1
H,2022-10-17 18:17:19.225346,0.22,-0.30,0.72,20.20,-33.39,-36.13,-15.36,-24.65,-112.17,1
H,2022-10-17 18:17:19.244940,0.21,-0.34,0.76,13.67,-49.26,-39.37,-15.36,-24.65,-112.17,1
H,2022-10-17 18:17:19.264235,0.27,-0.38,0.75,27.95,-52.73,-32.23,-14.03,-25.11,-113.12,1
H,2022-10-17 18:17:19.283354,0.23,-0.35,0.76,40.71,-50.78,-16.30,-14.03,-25.11,-113.12,1
H,2022-10-17 18:17:19.301628,0.28,-0.34,0.85,68.42,-48.71,-2.75,-14.03,-25.11,-113.12,1
H,2022-10-17 18:17:19.320844,0.35,-0.36,0.92,71.41,-38.02,0.49,-13.35,-24.50,-116.02,1
H,2022-10-17 18:17:19.339855,0.34,-0.52,1.00,60.18,-32.84,0.24,-13.35,-24.50,-116.02,1
H,2022-10-17 18:17:19.359490,0.35,-0.59,1.04,43.52,-26.61,14.71,-13.35,-24.50,-116.02,1
H,2022-10-17 18:17:19.379213,0.38,-0.54,1.13,34.24,-23.62,20.87,-13.53,-22.68,-117.26,1
H,2022-10-17 18:17:19.398857,0.30,-0.52,1.22,24.48,-9.40,18.19,-13.53,-22.68,-117.26,1
H,2022-10-17 18:17:19.417826,0.19,-0.60,1.24,17.27,50.17,18.98,-12.04,-22.25,-117.74,1
H,2022-10-17 18:17:19.436904,0.43,-0.54,1.12,11.60,76.17,18.98,-12.04,-22.25,-117.74,1
H,2022-10-17 18:17:19.456449,0.48,-0.55,1.00,-15.08,88.44,7.63,-12.04,-22.25,-117.74,1
H,2022-10-17 18:17:19.475932,0.44,-0.49,0.82,-47.55,82.64,-5.25,-10.82,-23.85,-115.19,1
H,2022-10-17 18:17:19.493748,0.50,-0.47,0.72,-43.95,66.04,-5.19,-10.82,-23.85,-115.19,1
H,2022-10-17 18:17:19.514343,0.49,-0.47,0.68,-43.76,45.65,-7.20,-12.18,-25.93,-112.05,1
H,2022-10-17 18:17:19.532841,0.41,-0.45,0.59,-54.20,24.66,-10.44,-12.18,-25.93,-112.05,1
H,2022-10-17 18:17:19.552088,0.37,-0.44,0.53,-50.66,11.47,-7.57,-12.18,-25.93,-112.05,1
H,2022-10-17 18:17:19.573397,0.39,-0.47,0.49,-37.11,-2.87,-3.36,-15.16,-28.16,-110.12,1
H,2022-10-17 18:17:19.592300,0.38,-0.39,0.43,-31.62,-26.18,-2.62,-15.16,-28.16,-110.12,1
H,2022-10-17 18:17:19.612033,-1.77,-0.26,2.01,-37.17,-40.10,-11.78,-18.09,-29.11,-106.41,1
H,2022-10-17 18:17:19.630716,0.41,-0.26,0.75,66.22,-5.68,14.04,-18.09,-29.11,-106.41,1
H,2022-10-17 18:17:19.649336,0.38,-0.56,0.67,44.74,7.08,13.79,-18.09,-29.11,-106.41,1
H,2022-10-17 18:17:19.668959,-0.17,-0.05,0.38,-0.49,18.74,1.46,-17.60,-29.46,-107.75,1
H,2022-10-17 18:17:19.687766,0.20,-0.28,0.63,7.63,-16.36,-40.53,-17.60,-29.46,-107.75,1
H,2022-10-17 18:17:19.705940,0.29,-0.42,0.66,53.41,-41.81,-38.21,-17.60,-29.46,-107.75,1
H,2022-10-17 18:17:19.727112,0.31,-0.43,0.81,67.93,-45.04,-22.77,-14.53,-29.06,-107.20,1
H,2022-10-17 18:17:19.745573,0.33,-0.46,0.80,75.20,-43.64,-10.13,-14.53,-29.06,-107.20,1
H,2022-10-17 18:17:19.765787,0.35,-0.61,0.86,72.02,-33.14,-3.91,-10.79,-27.93,-108.92,1
H,2022-10-17 18:17:19.784425,0.37,-0.70,0.88,51.82,-26.18,-0.85,-10.79,-27.93,-108.92,1
H,2022-10-17 18:17:19.801570,0.36,-0.78,0.89,23.50,-18.49,-2.75,-10.79,-27.93,-108.92,1
H,2022-10-17 18:17:19.821743,0.34,-0.90,0.83,-31.13,-11.29,-12.15,-9.16,-26.39,-110.71,1
H,2022-10-17 18:17:19.840737,0.14,-1.05,1.09,-31.01,-5.92,16.72,-9.16,-26.39,-110.71,1
H,2022-10-17 18:17:19.859063,0.22,-0.91,0.91,-18.80,31.01,60.55,-9.16,-26.39,-110.71,1
H,2022-10-17 18:17:19.878831,0.44,-0.84,0.74,-29.97,44.07,65.61,-9.79,-25.65,-111.77,1
H,2022-10-17 18:17:19.897591,0.54,-0.63,0.59,-49.93,23.68,65.31,-9.79,-25.65,-111.77,1
H,2022-10-17 18:17:19.917025,0.57,-0.40,0.63,-56.52,-0.92,57.37,-11.25,-23.65,-114.58,1
H,2022-10-17 18:17:19.936574,0.57,-0.15,0.65,-66.53,-28.75,29.36,-11.25,-23.65,-114.58,1
H,2022-10-17 18:17:19.957020,0.53,0.22,0.78,-60.91,-42.72,0.31,-11.25,-23.65,-114.58,1
H,2022-10-17 18:17:19.976087,0.46,0.30,0.83,-41.56,-51.39,-20.39,-12.40,-23.12,-113.96,1
H,2022-10-17 18:17:19.995054,0.37,0.30,1.09,145.45,-12.02,9.46,-12.40,-23.12,-113.96,1
H,2022-10-17 18:17:20.015717,0.37,-0.38,0.86,246.83,-41.69,68.79,-12.23,-21.61,-110.53,1
H,2022-10-17 18:17:20.033826,0.08,0.16,1.11,70.92,86.43,-85.51,-12.23,-21.61,-110.53,1
H,2022-10-17 18:17:20.053123,0.31,-0.19,0.85,27.71,52.67,-86.43,-12.23,-21.61,-110.53,1
H,2022-10-17 18:17:20.073040,0.31,-0.56,0.59,14.16,50.60,-94.97,-12.88,-25.15,-108.46,1
H,2022-10-17 18:17:20.092914,0.27,-0.79,0.46,3.91,27.22,-61.04,-12.88,-25.15,-108.46,1
H,2022-10-17 18:17:20.112955,0.00,-1.33,0.49,-17.94,10.68,-47.73,-11.56,-28.70,-106.07,1
H,2022-10-17 18:17:20.131837,-0.31,-1.32,0.61,-13.43,20.57,-2.26,-11.56,-28.70,-106.07,1
H,2022-10-17 18:17:20.149860,-0.17,-1.38,0.48,8.97,48.89,19.17,-11.56,-28.70,-106.07,1
H,2022-10-17 18:17:20.169341,0.17,-1.43,0.17,11.23,50.48,32.65,-12.49,-26.51,-109.86,1
H,2022-10-17 18:17:20.188893,0.41,-1.29,0.01,14.40,27.47,53.96,-12.49,-26.51,-109.86,1
H,2022-10-17 18:17:20.206831,0.52,-1.12,-0.12,2.26,-16.97,57.80,-12.49,-26.51,-109.86,1
H,2022-10-17 18:17:20.226859,0.48,-0.94,-0.11,-26.18,-38.15,56.52,-13.10,-19.45,-112.38,1
H,2022-10-17 18:17:20.245986,0.42,-0.88,-0.07,-30.82,-56.88,54.69,-13.10,-19.45,-112.38,1
H,2022-10-17 18:17:20.266953,0.43,-0.82,-0.04,-17.94,-90.09,64.03,-13.55,-13.04,-116.09,1
H,2022-10-17 18:17:20.285250,0.40,-0.76,0.06,-24.96,-114.01,64.88,-13.55,-13.04,-116.09,1
H,2022-10-17 18:17:20.306116,0.21,-0.68,0.29,-44.13,-133.12,66.89,-13.55,-13.04,-116.09,1
H,2022-10-17 18:17:20.325990,0.03,-0.18,0.86,-95.83,-136.11,61.34,-18.64,-6.56,-107.76,1
H,2022-10-17 18:17:20.344736,-0.06,0.27,1.27,-111.21,-117.13,50.90,-18.64,-6.56,-107.76,1
H,2022-10-17 18:17:20.365652,-0.09,0.66,1.68,-31.49,-78.67,56.95,-5.99,-3.48,-86.44,1
H,2022-10-17 18:17:20.384729,-0.05,0.71,1.82,13.79,-60.85,44.86,-5.99,-3.48,-86.44,1
H,2022-10-17 18:17:20.402885,0.04,0.55,1.78,55.91,-33.02,28.93,-5.99,-3.48,-86.44,1
H,2022-10-17 18:17:20.421803,0.10,0.32,1.65,65.98,-18.74,-9.40,14.28,-8.61,-73.19,1
H,2022-10-17 18:17:20.440285,0.12,-0.15,1.39,40.10,16.60,-21.91,14.28,-8.61,-73.19,1
H,2022-10-17 18:17:20.460299,0.19,-0.26,1.24,21.67,21.24,-21.00,21.78,-13.95,-69.64,1
H,2022-10-17 18:17:20.478649,0.16,-0.30,1.22,-3.17,31.49,-31.98,21.78,-13.95,-69.64,1
H,2022-10-17 18:17:20.497053,0.15,-0.31,1.10,-34.12,47.85,-35.89,21.78,-13.95,-69.64,1
H,2022-10-17 18:17:20.517306,0.26,-0.30,1.01,-36.25,51.76,-34.55,20.61,-15.25,-68.85,1
