g,2022-10-30 18:16:29.953420,0.24,-0.26,0.90,-4.09,4.33,-15.14,-42.32,31.59,-103.20,1
g,2022-10-30 18:16:29.971522,0.24,-0.20,0.89,-4.88,1.16,-11.35,-42.32,31.59,-103.20,1
g,2022-10-30 18:16:29.989398,0.19,-0.13,0.93,-4.88,0.18,-8.79,-42.32,31.59,-103.20,1
g,2022-10-30 18:16:30.008427,0.21,-0.10,0.93,0.55,5.13,-9.64,-45.50,31.20,-104.54,1
g,2022-10-30 18:16:30.026409,0.30,-0.20,0.86,-2.50,2.50,-9.89,-45.50,31.20,-104.54,1
g,2022-10-30 18:16:30.044549,0.29,-0.21,0.87,-4.58,-3.66,-3.60,-45.50,31.20,-104.54,1
g,2022-10-30 18:16:30.063586,0.27,-0.12,0.89,-4.70,-8.48,-0.12,-47.72,30.96,-105.24,1
g,2022-10-30 18:16:30.081609,0.23,-0.04,0.90,-5.49,-10.99,-5.00,-47.72,30.96,-105.24,1
g,2022-10-30 18:16:30.099496,0.23,-0.10,0.87,-7.51,-10.01,-8.97,-47.72,30.96,-105.24,1
g,2022-10-30 18:16:30.118399,0.27,-0.16,0.87,2.44,-12.15,-3.78,-48.30,31.45,-104.80,1
g,2022-10-30 18:16:30.136407,0.26,-0.12,0.89,13.18,-16.17,6.16,-48.30,31.45,-104.80,1
g,2022-10-30 18:16:30.155241,0.21,-0.07,0.93,6.84,-16.48,2.62,-48.24,32.98,-101.82,1
g,2022-10-30 18:16:30.173465,0.17,-0.11,0.97,-6.47,-7.32,-9.89,-48.24,32.98,-101.82,1
g,2022-10-30 18:16:30.191622,0.23,-0.13,0.94,-7.57,-4.03,-9.64,-48.24,32.98,-101.82,1
g,2022-10-30 18:16:30.210504,0.25,-0.11,0.90,-5.62,-4.82,-7.26,-48.67,33.80,-100.78,1
g,2022-10-30 18:16:30.228497,0.23,-0.14,0.94,-2.93,-8.67,-4.82,-48.67,33.80,-100.78,1
g,2022-10-30 18:16:30.246600,0.18,-0.16,1.00,-6.41,-7.63,-1.53,-48.67,33.80,-100.78,1
g,2022-10-30 18:16:30.265314,0.10,-0.20,0.99,-12.27,0.06,-3.42,-48.23,36.12,-98.06,1
g,2022-10-30 18:16:30.283511,-0.12,0.03,1.18,-13.85,-0.73,-3.54,-48.23,36.12,-98.06,1
g,2022-10-30 18:16:30.302503,0.29,-0.39,1.19,-5.07,11.47,-1.46,-48.22,36.34,-97.23,1
g,2022-10-30 18:16:30.320570,0.19,-0.10,1.02,-31.68,9.16,-2.50,-48.22,36.34,-97.23,1
g,2022-10-30 18:16:30.338387,0.20,-0.19,0.94,-4.70,2.56,12.82,-48.22,36.34,-97.23,1
g,2022-10-30 18:16:30.357361,0.17,-0.06,0.93,4.33,-3.05,24.78,-46.84,36.34,-97.86,1
g,2022-10-30 18:16:30.375353,0.18,-0.11,0.90,12.76,-3.78,25.45,-46.84,36.34,-97.86,1
g,2022-10-30 18:16:30.393401,0.22,-0.15,0.88,12.08,-3.05,24.41,-46.84,36.34,-97.86,1
g,2022-10-30 18:16:30.412383,0.26,-0.14,0.85,-13.06,-2.14,9.77,-44.10,35.77,-96.52,1
g,2022-10-30 18:16:30.430342,0.18,-0.06,0.90,-20.45,1.16,1.53,-44.10,35.77,-96.52,1
g,2022-10-30 18:16:30.448583,0.17,-0.07,0.89,-21.30,-2.75,-0.61,-44.10,35.77,-96.52,1
g,2022-10-30 18:16:30.467545,0.17,-0.05,0.88,-16.54,-8.24,4.27,-40.82,34.40,-94.65,1
g,2022-10-30 18:16:30.485221,0.19,0.01,0.87,-3.54,-16.24,18.68,-40.82,34.40,-94.65,1
g,2022-10-30 18:16:30.504311,0.17,0.11,0.91,-7.39,-17.15,13.92,-35.27,33.47,-92.81,1
g,2022-10-30 18:16:30.522312,0.16,0.11,0.90,-11.84,-15.08,6.29,-35.27,33.47,-92.81,1
g,2022-10-30 18:16:30.540405,0.15,0.10,0.89,-11.90,-16.24,1.16,-35.27,33.47,-92.81,1
g,2022-10-30 18:16:30.559403,0.17,0.10,0.84,-9.16,-18.98,-0.61,-31.38,32.35,-94.59,1
g,2022-10-30 18:16:30.577199,0.15,0.17,0.93,7.02,-26.49,5.13,-31.38,32.35,-94.59,1
g,2022-10-30 18:16:30.595177,0.14,0.15,0.98,10.62,-28.50,4.33,-31.38,32.35,-94.59,1
g,2022-10-30 18:16:30.614068,0.14,0.17,0.99,7.81,-25.33,1.10,-26.64,31.64,-94.89,1
g,2022-10-30 18:16:30.632311,0.13,0.10,1.01,8.42,-23.13,-1.95,-26.64,31.64,-94.89,1
g,2022-10-30 18:16:30.651158,0.15,0.13,1.06,14.40,-17.58,-0.85,-24.37,33.02,-97.46,1
g,2022-10-30 18:16:30.669358,0.12,0.04,1.07,10.80,-11.17,-6.65,-24.37,33.02,-97.46,1
g,2022-10-30 18:16:30.687217,0.14,0.04,1.07,5.13,-8.00,-14.89,-24.37,33.02,-97.46,1
g,2022-10-30 18:16:30.706350,0.14,0.05,1.08,0.18,-3.48,-22.58,-24.99,34.63,-98.72,1
g,2022-10-30 18:16:30.724217,0.17,0.00,1.12,11.54,4.46,-18.92,-24.99,34.63,-98.72,1
g,2022-10-30 18:16:30.742417,0.17,-0.08,1.12,26.49,8.36,-6.10,-24.99,34.63,-98.72,1
g,2022-10-30 18:16:30.761313,0.16,-0.16,1.10,32.23,10.31,-3.23,-28.71,36.74,-97.23,1
g,2022-10-30 18:16:30.779410,0.18,-0.18,1.09,24.17,17.76,-10.74,-28.71,36.74,-97.23,1
g,2022-10-30 18:16:30.797530,0.15,-0.25,1.02,-2.20,22.77,-20.08,-28.71,36.74,-97.23,1
g,2022-10-30 18:16:30.816336,0.17,-0.20,1.04,-13.24,17.52,-11.47,-34.74,38.12,-96.78,1
g,2022-10-30 18:16:30.834514,0.18,-0.07,0.99,-19.71,19.53,-12.82,-34.74,38.12,-96.78,1
g,2022-10-30 18:16:30.853310,0.15,-0.08,1.00,-22.58,18.92,-16.85,-41.78,37.45,-97.07,1
g,2022-10-30 18:16:30.871402,0.16,-0.14,0.92,-25.02,20.63,-16.97,-41.78,37.45,-97.07,1
g,2022-10-30 18:16:30.889518,0.16,-0.14,0.87,-15.56,7.93,-3.36,-41.78,37.45,-97.07,1
g,2022-10-30 18:16:30.908371,0.15,-0.06,0.93,-7.32,2.14,3.97,-46.79,36.41,-98.00,1
g,2022-10-30 18:16:30.926360,0.13,-0.04,0.79,-13.31,8.79,1.34,-46.79,36.41,-98.00,1
g,2022-10-30 18:16:30.944409,0.12,-0.00,0.81,-8.85,4.52,-1.59,-46.79,36.41,-98.00,1
g,2022-10-30 18:16:30.963393,0.12,-0.01,0.72,-4.33,4.58,-0.79,-49.50,36.12,-98.29,1
g,2022-10-30 18:16:30.981310,0.13,-0.02,0.80,3.17,-5.00,2.14,-49.50,36.12,-98.29,1
g,2022-10-30 18:16:31.000176,0.14,-0.06,0.84,2.14,1.40,-0.24,-49.87,36.01,-97.95,1
g,2022-10-30 18:16:31.018360,0.13,0.02,0.75,-3.97,0.37,-4.82,-49.87,36.01,-97.95,1
g,2022-10-30 18:16:31.036313,0.12,-0.00,0.79,2.50,-13.79,-2.56,-49.87,36.01,-97.95,1
g,2022-10-30 18:16:31.055314,0.13,-0.01,0.84,6.59,-12.21,0.12,-47.89,37.04,-97.80,1
g,2022-10-30 18:16:31.073455,0.11,-0.02,0.86,8.61,-13.12,-1.16,-47.89,37.04,-97.80,1
g,2022-10-30 18:16:31.091396,0.12,-0.05,0.93,5.62,-14.89,-2.32,-47.89,37.04,-97.80,1
g,2022-10-30 18:16:31.110128,0.15,-0.07,0.93,7.75,-12.88,0.18,-43.42,38.18,-98.55,1
g,2022-10-30 18:16:31.128439,0.15,-0.06,0.98,8.00,-13.73,3.05,-43.42,38.18,-98.55,1
g,2022-10-30 18:16:31.146302,0.13,-0.09,0.96,2.75,-16.42,1.34,-43.42,38.18,-98.55,1
g,2022-10-30 18:16:31.165379,0.12,-0.06,1.07,-1.22,-17.09,0.18,-37.93,39.09,-99.00,1
g,2022-10-30 18:16:31.183608,0.14,-0.07,1.00,-7.69,-14.16,-4.09,-37.93,39.09,-99.00,1
g,2022-10-30 18:16:31.202148,0.11,-0.11,1.04,6.77,-15.20,5.62,-32.04,39.40,-102.09,1
g,2022-10-30 18:16:31.220210,0.15,-0.07,1.01,7.87,-11.84,7.32,-32.04,39.40,-102.09,1
g,2022-10-30 18:16:31.238397,0.12,-0.05,1.02,-2.50,-9.64,-0.61,-32.04,39.40,-102.09,1
g,2022-10-30 18:16:31.257512,0.13,-0.03,1.04,-9.16,-7.87,-5.19,-28.12,38.70,-106.68,1
g,2022-10-30 18:16:31.275512,0.12,-0.05,1.05,-9.89,-5.37,-4.70,-28.12,38.70,-106.68,1
g,2022-10-30 18:16:31.293207,0.12,-0.05,1.09,3.85,-2.50,9.52,-28.12,38.70,-106.68,1
g,2022-10-30 18:16:31.312049,0.12,-0.09,1.04,2.87,0.00,9.52,-25.66,37.94,-107.70,1
g,2022-10-30 18:16:31.330388,0.12,-0.11,1.03,4.58,-2.56,11.17,-25.66,37.94,-107.70,1
g,2022-10-30 18:16:31.349218,0.10,-0.07,1.00,-1.83,-2.93,7.26,-23.25,36.87,-109.28,1
g,2022-10-30 18:16:31.367466,0.11,-0.14,1.01,2.50,-5.92,14.28,-23.25,36.87,-109.28,1
g,2022-10-30 18:16:31.385201,0.10,-0.07,1.02,3.42,-3.72,18.43,-23.25,36.87,-109.28,1
g,2022-10-30 18:16:31.404094,0.10,-0.07,1.02,2.99,0.12,16.91,-20.46,35.41,-107.81,1
g,2022-10-30 18:16:31.422203,0.11,-0.05,1.01,2.75,4.33,14.10,-20.46,35.41,-107.81,1
g,2022-10-30 18:16:31.440281,0.11,-0.05,1.00,-5.43,5.74,7.51,-20.46,35.41,-107.81,1
g,2022-10-30 18:16:31.459226,0.10,-0.02,1.00,-9.09,4.76,5.55,-18.55,32.56,-107.51,1
g,2022-10-30 18:16:31.477269,0.09,0.09,1.01,-8.73,2.32,4.58,-18.55,32.56,-107.51,1
g,2022-10-30 18:16:31.495185,0.11,0.09,1.00,-13.79,4.76,-1.34,-18.55,32.56,-107.51,1
g,2022-10-30 18:16:31.514135,0.10,0.09,0.97,-16.36,6.90,-4.46,-17.53,30.21,-107.28,1
g,2022-10-30 18:16:31.532183,0.11,0.11,0.94,-4.33,2.93,-2.62,-17.53,30.21,-107.28,1
g,2022-10-30 18:16:31.551248,0.09,0.13,0.88,1.40,-2.08,-3.66,-16.92,29.43,-103.61,1
g,2022-10-30 18:16:31.569310,0.09,0.08,0.87,-1.71,-6.35,-6.90,-16.92,29.43,-103.61,1
g,2022-10-30 18:16:31.587411,0.07,0.05,0.94,-2.38,-7.20,-7.39,-16.92,29.43,-103.61,1
g,2022-10-30 18:16:31.606180,0.08,0.07,0.90,2.56,-2.56,-4.64,-17.35,29.31,-104.65,1
g,2022-10-30 18:16:31.624102,0.07,0.08,0.93,1.40,8.30,-6.29,-17.35,29.31,-104.65,1
g,2022-10-30 18:16:31.642156,0.01,0.01,0.96,0.37,12.33,-9.83,-17.35,29.31,-104.65,1
g,2022-10-30 18:16:31.661316,-0.06,-0.01,1.02,20.51,11.66,5.55,-18.55,29.98,-104.71,1
g,2022-10-30 18:16:31.679327,-0.05,0.00,1.02,35.34,18.07,16.91,-18.55,29.98,-104.71,1
g,2022-10-30 18:16:31.698318,-0.04,-0.06,1.04,49.07,26.86,21.48,-22.39,31.20,-105.49,1
g,2022-10-30 18:16:31.716750,0.07,-0.12,0.98,47.06,31.01,18.01,-22.39,31.20,-105.49,1
g,2022-10-30 18:16:31.734143,0.11,-0.25,0.97,29.79,32.71,4.27,-22.39,31.20,-105.49,1
g,2022-10-30 18:16:31.753342,0.15,-0.31,0.92,14.53,33.39,-3.48,-27.61,30.70,-106.69,1
g,2022-10-30 18:16:31.771098,0.20,-0.27,0.89,9.70,23.93,3.05,-27.61,30.70,-106.69,1
g,2022-10-30 18:16:31.789152,0.22,-0.30,0.87,17.70,17.58,12.70,-27.61,30.70,-106.69,1
g,2022-10-30 18:16:31.808208,0.21,-0.37,0.85,27.40,12.70,23.01,-31.63,29.13,-109.18,1
g,2022-10-30 18:16:31.826011,0.20,-0.52,0.85,30.15,8.97,27.65,-31.63,29.13,-109.18,1
g,2022-10-30 18:16:31.844143,0.21,-0.59,0.81,12.08,9.34,25.82,-31.63,29.13,-109.18,1
g,2022-10-30 18:16:31.863234,0.23,-0.63,0.82,-9.70,9.16,28.99,-33.17,27.70,-108.95,1
