I,2022-10-17 17:06:24.018879,0.12,-0.32,1.06,25.27,12.70,10.44,-25.81,-60.78,-121.56,1
I,2022-10-17 17:06:24.034634,0.20,-0.33,0.99,27.71,16.85,10.38,-25.81,-60.78,-121.56,1
I,2022-10-17 17:06:24.065936,0.19,-0.44,0.96,21.91,17.64,8.54,-27.03,-61.01,-124.11,1
I,2022-10-17 17:06:24.081516,0.20,-0.39,0.90,-3.36,21.61,7.32,-27.03,-61.01,-124.11,1
I,2022-10-17 17:06:24.097454,0.24,-0.26,0.88,-6.35,17.76,10.74,-27.10,-62.77,-126.62,1
I,2022-10-17 17:06:24.128422,0.29,-0.14,0.85,6.29,14.22,6.84,-27.10,-62.77,-126.62,1
I,2022-10-17 17:06:24.144047,0.29,-0.18,0.81,17.33,8.67,3.17,-27.10,-62.77,-126.62,1
I,2022-10-17 17:06:24.159937,0.27,-0.29,0.77,28.87,0.73,3.42,-27.48,-63.70,-129.88,1
I,2022-10-17 17:06:24.190907,0.25,-0.41,0.73,20.26,-4.21,3.72,-27.48,-63.70,-129.88,1
I,2022-10-17 17:06:24.206624,0.30,-0.41,0.76,2.87,-9.52,6.35,-29.21,-63.88,-132.84,1
I,2022-10-17 17:06:24.222532,0.31,-0.31,0.83,0.67,-17.82,2.08,-29.21,-63.88,-132.84,1
I,2022-10-17 17:06:24.253870,0.22,-0.48,1.07,-60.79,-10.93,13.06,-29.21,-63.88,-132.84,1
I,2022-10-17 17:06:24.274084,0.24,0.03,0.92,-74.52,-17.33,-2.08,-31.36,-63.73,-131.24,1
I,2022-10-17 17:06:24.285601,0.17,-0.23,0.88,19.65,-17.64,23.74,-31.36,-63.73,-131.24,1
I,2022-10-17 17:06:24.316867,0.15,-0.40,0.81,33.26,-3.91,20.08,-32.57,-63.23,-131.19,1
I,2022-10-17 17:06:24.333844,0.15,-0.37,0.81,8.36,-0.24,5.86,-32.57,-63.23,-131.19,1
I,2022-10-17 17:06:24.348680,-0.02,-0.24,0.47,-59.81,-14.28,-38.27,-31.41,-64.00,-129.75,1
I,2022-10-17 17:06:24.368507,0.10,-0.09,0.77,-70.80,-32.53,-39.92,-31.41,-64.00,-129.75,1
I,2022-10-17 17:06:24.396437,0.12,-0.17,0.83,-16.30,-43.88,-16.05,-31.41,-64.00,-129.75,1
I,2022-10-17 17:06:24.412334,0.14,-0.23,0.86,-0.24,-46.63,-10.93,-30.55,-64.43,-126.54,1
I,2022-10-17 17:06:24.427925,0.13,-0.25,0.89,-5.49,-38.21,-16.17,-30.55,-64.43,-126.54,1
I,2022-10-17 17:06:24.458888,0.12,-0.24,0.93,-29.17,-33.81,-23.56,-29.65,-62.72,-122.20,1
I,2022-10-17 17:06:24.474799,0.11,-0.19,0.99,-19.65,-22.58,-14.22,-29.65,-62.72,-122.20,1
I,2022-10-17 17:06:24.490411,0.15,-0.28,1.12,-1.53,-11.17,-5.68,-29.65,-62.72,-122.20,1
I,2022-10-17 17:06:24.523502,0.19,-0.33,1.26,6.77,-1.04,-6.35,-28.78,-60.28,-120.80,1
I,2022-10-17 17:06:24.537275,0.19,-0.28,1.28,30.27,7.87,-5.07,-28.78,-60.28,-120.80,1
I,2022-10-17 17:06:24.553131,0.16,-0.33,1.14,58.17,-9.52,-4.33,-28.47,-58.34,-120.24,1
I,2022-10-17 17:06:24.584671,0.11,-0.29,1.05,64.64,-31.86,-5.62,-28.47,-58.34,-120.24,1
I,2022-10-17 17:06:24.602553,-0.43,-0.70,1.03,98.45,72.39,17.46,-30.11,-56.70,-122.31,1
I,2022-10-17 17:06:24.616883,0.14,-0.56,0.93,-36.25,73.30,-1.53,-30.11,-56.70,-122.31,1
I,2022-10-17 17:06:24.648186,0.25,-0.30,0.91,-26.31,58.84,21.48,-30.11,-56.70,-122.31,1
I,2022-10-17 17:06:24.663810,0.30,-0.31,0.83,0.49,60.06,30.58,-28.19,-60.96,-125.27,1
I,2022-10-17 17:06:24.679700,0.36,-0.32,0.75,21.85,34.73,36.50,-28.19,-60.96,-125.27,1
I,2022-10-17 17:06:24.710672,0.24,-0.36,0.76,14.89,15.44,35.46,-27.72,-61.29,-126.62,1
I,2022-10-17 17:06:24.726300,0.33,-0.09,0.72,-5.37,6.35,27.10,-27.72,-61.29,-126.62,1
I,2022-10-17 17:06:24.742158,0.28,0.01,0.80,15.08,-9.28,18.31,-27.72,-61.29,-126.62,1
I,2022-10-17 17:06:24.773571,0.24,-0.01,0.82,12.57,-11.90,-0.24,-29.77,-61.71,-126.76,1
I,2022-10-17 17:06:24.789256,0.22,-0.05,0.83,18.62,-13.49,-9.64,-29.77,-61.71,-126.76,1
I,2022-10-17 17:06:24.805083,0.20,-0.41,1.18,-0.06,-7.57,25.27,-31.98,-61.47,-128.28,1
I,2022-10-17 17:06:24.836078,0.19,-0.04,0.97,-31.25,16.91,25.76,-31.98,-61.47,-128.28,1
I,2022-10-17 17:06:24.854261,0.18,-0.12,0.96,4.76,27.65,-7.81,-31.47,-62.44,-130.64,1
I,2022-10-17 17:06:24.868340,0.20,-0.27,0.84,12.82,8.79,-24.23,-31.47,-62.44,-130.64,1
I,2022-10-17 17:06:24.884255,0.17,-0.33,0.74,16.42,-1.28,-23.50,-31.47,-62.44,-130.64,1
I,2022-10-17 17:06:24.915599,0.15,-0.33,0.72,1.46,-2.87,-26.98,-30.99,-63.83,-135.41,1
I,2022-10-17 17:06:24.931361,0.16,-0.22,0.79,-2.87,-3.05,-30.70,-30.99,-63.83,-135.41,1
I,2022-10-17 17:06:24.949255,0.17,-0.25,0.82,20.51,-7.75,-31.49,-30.76,-64.27,-136.47,1
I,2022-10-17 17:06:24.979167,0.15,-0.53,0.82,70.37,-15.14,-26.12,-30.76,-64.27,-136.47,1
I,2022-10-17 17:06:24.994832,-0.09,-0.79,0.90,65.19,-16.85,-15.93,-30.76,-64.27,-136.47,1
I,2022-10-17 17:06:25.010694,0.19,-0.59,0.73,-35.16,11.72,-5.68,-29.88,-61.72,-136.99,1
I,2022-10-17 17:06:25.026309,0.26,-0.36,0.76,-46.94,-4.94,-2.69,-29.88,-61.72,-136.99,1
I,2022-10-17 17:06:25.063860,0.26,-0.31,0.79,-37.48,-21.67,-8.73,-28.60,-62.52,-132.91,1
I,2022-10-17 17:06:25.076030,0.21,-0.45,0.80,-7.14,-31.56,4.09,-28.60,-62.52,-132.91,1
I,2022-10-17 17:06:25.088808,0.22,-0.47,0.78,-17.58,-33.26,8.36,-28.60,-62.52,-132.91,1
I,2022-10-17 17:06:25.120092,0.26,-0.36,0.82,-29.24,-39.61,8.24,-28.47,-60.46,-128.38,1
I,2022-10-17 17:06:25.135872,0.25,-0.34,0.92,-9.95,-37.72,15.56,-28.47,-60.46,-128.38,1
I,2022-10-17 17:06:25.151634,0.25,-0.28,0.98,-5.07,-33.08,13.67,-28.33,-57.79,-122.74,1
I,2022-10-17 17:06:25.184283,0.21,-0.20,1.02,-5.92,-30.82,8.73,-28.33,-57.79,-122.74,1
I,2022-10-17 17:06:25.198624,0.16,-0.12,1.08,-8.24,-27.71,2.38,-27.08,-54.25,-115.82,1
I,2022-10-17 17:06:25.214508,0.15,0.04,1.11,3.23,-19.65,2.44,-27.08,-54.25,-115.82,1
I,2022-10-17 17:06:25.245552,-0.17,-0.25,1.23,-0.24,13.43,29.11,-27.08,-54.25,-115.82,1
I,2022-10-17 17:06:25.261452,0.14,0.07,1.18,6.29,-0.06,14.53,-27.53,-51.98,-114.23,1
I,2022-10-17 17:06:25.277061,0.14,0.02,1.06,4.82,16.11,-29.36,-27.53,-51.98,-114.23,1
I,2022-10-17 17:06:25.308035,0.11,-0.28,0.92,17.09,20.57,-23.93,-29.60,-52.98,-120.47,1
I,2022-10-17 17:06:25.323750,0.10,-0.35,0.84,12.39,19.84,-18.74,-29.60,-52.98,-120.47,1
I,2022-10-17 17:06:25.339654,0.09,-0.41,0.79,9.46,18.01,-14.83,-29.60,-52.98,-120.47,1
I,2022-10-17 17:06:25.370678,0.10,-0.47,0.82,8.18,17.03,-11.54,-30.99,-54.42,-124.02,1
I,2022-10-17 17:06:25.386298,0.12,-0.65,0.88,17.15,11.84,-6.96,-30.99,-54.42,-124.02,1
I,2022-10-17 17:06:25.401915,0.14,-0.64,0.89,32.53,6.41,3.78,-32.20,-55.19,-128.89,1
I,2022-10-17 17:06:25.433602,0.14,-0.53,0.90,22.64,-1.10,-4.27,-32.20,-55.19,-128.89,1
