t,2022-10-11 12:50:04.967128,2.523617,11.234168,1.082234,0.378127,0.361322,0.135541,54.645721,-52.533687,-217.990722,1
t,2022-10-11 12:50:05.063152,1.336033,8.911673,-2.016021,0.350563,-0.116856,-0.305086,51.307235,-50.587997,-169.074905,1
t,2022-10-11 12:50:05.159082,0.694354,9.165472,-2.375169,0.044028,-0.292494,-0.333049,35.669071,-41.920822,-130.385375,1
t,2022-10-11 12:50:05.255127,-1.867572,9.179838,-1.972923,-0.233078,-0.315930,-0.285245,35.669071,-41.920822,-130.385375,1
t,2022-10-11 12:50:05.366927,-1.532367,10.228551,-1.249837,-0.140665,-0.144154,0.054047,13.705358,-34.668697,-117.943382,1
t,2022-10-11 12:50:05.462997,-2.245876,9.625182,-1.259414,-0.160373,0.405398,0.195197,-2.987065,-30.600431,-118.454696,1
t,2022-10-11 12:50:05.558931,-0.545906,10.410520,-0.498019,0.004613,0.187548,0.252855,-2.108516,-38.560081,-141.804748,1
t,2022-10-11 12:50:05.654888,0.306473,8.772803,-1.599408,0.086772,-0.014855,0.205317,-2.108516,-38.560081,-141.804748,1
t,2022-10-11 12:50:05.750873,-0.186757,9.725744,-0.517174,0.284915,0.106986,-0.319733,0.351419,-54.479381,-144.190887,1
t,2022-10-11 12:50:05.846838,-0.694354,9.955598,-1.091812,-0.474231,0.235086,-0.250224,-7.028388,-59.432052,-156.462463,1
t,2022-10-11 12:50:05.942836,-0.057464,10.563756,-0.881111,-0.266368,0.164112,-0.117729,-2.459936,-22.287019,-182.028213,1
t,2022-10-11 12:50:06.038873,0.043098,10.688261,-0.785338,-0.089931,-0.062793,-0.219464,0.702839,7.075244,-179.642089,1
t,2022-10-11 12:50:06.134757,-1.853207,10.257284,-0.239432,0.664021,-0.328181,0.277623,0.702839,7.075244,-179.642089,1
t,2022-10-11 12:50:06.230764,-1.082234,9.112796,-1.810109,0.337646,0.165577,-0.036768,-14.935326,-5.129552,-156.973770,1
t,2022-10-11 12:50:06.326737,-0.742240,8.882942,-1.776588,-0.060103,0.169039,0.320900,-2.987065,-28.477857,-142.316070,1
t,2022-10-11 12:50:06.422689,1.154064,13.226244,1.393496,-0.092328,0.003787,0.206782,2.459936,-45.635326,-170.097534,1
t,2022-10-11 12:50:06.518699,1.599408,9.467156,-0.780550,0.121660,-0.274784,-0.496037,2.459936,-45.635326,-170.097534,1
t,2022-10-11 12:50:06.614652,-3.888382,8.983503,-1.953768,0.098890,-0.212199,-0.284313,0.175710,-48.642303,-170.949722,1
t,2022-10-11 12:50:06.710625,0.004789,13.298074,3.265857,0.274794,-0.042553,0.928776,-20.030906,-41.036415,-141.804748,1
