S,2022-10-22 12:06:04.023696,0.64,-0.01,0.69,86.98,72.39,-28.38,52.05,106.41,-152.54,1
S,2022-10-22 12:06:04.054673,0.80,-0.22,0.43,91.92,57.25,-26.98,52.05,106.41,-152.54,1
S,2022-10-22 12:06:04.070515,0.96,-0.37,0.27,55.85,21.00,-34.30,46.80,109.45,-149.79,1
S,2022-10-22 12:06:04.085962,0.83,-0.41,0.39,21.36,-2.87,-40.16,46.80,109.45,-149.79,1
S,2022-10-22 12:06:04.105504,0.63,-0.43,0.56,11.05,-14.28,-38.33,43.99,111.01,-148.41,1
S,2022-10-22 12:06:04.133144,0.48,-0.46,0.69,22.28,-6.47,-25.33,43.99,111.01,-148.41,1
S,2022-10-22 12:06:04.148797,0.48,-0.54,0.58,25.63,-1.10,-20.75,43.99,111.01,-148.41,1
S,2022-10-22 12:06:04.164674,0.47,-0.62,0.58,13.06,-6.10,-21.73,42.63,111.47,-146.39,1
S,2022-10-22 12:06:04.180363,0.42,-0.60,0.65,-6.53,-12.94,-21.73,42.63,111.47,-146.39,1
S,2022-10-22 12:06:04.205444,0.33,-0.53,0.76,-13.00,-21.61,-15.14,41.80,111.00,-146.57,1
S,2022-10-22 12:06:04.227599,0.32,-0.54,0.80,-4.76,-21.85,-5.68,41.80,111.00,-146.57,1
S,2022-10-22 12:06:04.243664,0.37,-0.47,0.80,-6.84,-15.87,3.05,41.80,111.00,-146.57,1
S,2022-10-22 12:06:04.259125,0.39,-0.26,0.93,-12.02,-9.46,0.43,41.24,110.94,-148.27,1
S,2022-10-22 12:06:04.290096,0.39,-0.26,0.89,-7.63,-1.59,-6.04,41.24,110.94,-148.27,1
S,2022-10-22 12:06:04.305946,0.38,-0.29,0.90,-12.63,-0.61,-8.36,41.26,110.42,-146.51,1
S,2022-10-22 12:06:04.321781,0.43,-0.19,0.85,-20.08,3.05,-14.65,41.26,110.42,-146.51,1
S,2022-10-22 12:06:04.352832,0.50,-0.16,0.75,-18.62,1.77,-17.64,41.26,110.42,-146.51,1
S,2022-10-22 12:06:04.368722,0.57,-0.17,0.71,-10.44,-5.13,-18.55,40.92,109.18,-147.77,1
S,2022-10-22 12:06:04.384333,0.62,-0.25,0.60,9.52,-23.68,-8.24,40.92,109.18,-147.77,1
S,2022-10-22 12:06:04.406101,0.57,-0.34,0.61,17.03,-39.18,-3.05,40.01,109.55,-148.35,1
S,2022-10-22 12:06:04.431277,0.30,-0.44,1.06,15.63,-49.01,5.68,40.01,109.55,-148.35,1
S,2022-10-22 12:06:04.447210,0.53,-0.25,1.36,1.04,-2.87,-2.62,40.01,109.55,-148.35,1
S,2022-10-22 12:06:04.462822,0.32,-0.32,0.63,-11.54,19.17,1.10,39.82,110.93,-146.53,1
S,2022-10-22 12:06:04.493759,0.43,-0.46,0.81,-21.06,20.20,-9.09,39.82,110.93,-146.53,1
S,2022-10-22 12:06:04.509597,0.41,-0.32,0.87,-37.23,20.08,-8.48,40.72,109.97,-147.96,1
S,2022-10-22 12:06:04.525557,0.42,-0.37,0.79,-22.83,11.72,-4.82,40.72,109.97,-147.96,1
S,2022-10-22 12:06:04.541130,0.37,-0.37,0.77,-14.47,7.75,7.08,40.72,109.97,-147.96,1
S,2022-10-22 12:06:04.572109,0.37,-0.33,0.75,0.31,-5.25,25.33,41.06,109.78,-147.09,1
S,2022-10-22 12:06:04.587989,0.35,-0.30,0.77,1.16,-12.63,28.14,41.06,109.78,-147.09,1
S,2022-10-22 12:06:04.606689,0.35,-0.23,0.78,-10.99,-16.97,22.58,41.59,109.91,-146.95,1
S,2022-10-22 12:06:04.620038,0.37,-0.28,0.75,-11.72,-12.82,20.26,41.59,109.91,-146.95,1
S,2022-10-22 12:06:04.651286,0.39,-0.23,0.78,-13.31,-6.77,19.29,41.59,109.91,-146.95,1
S,2022-10-22 12:06:04.666907,0.34,-0.17,0.83,-20.39,-5.00,20.81,42.92,110.73,-147.71,1
S,2022-10-22 12:06:04.682797,0.39,0.09,0.92,-29.66,-0.67,12.51,42.92,110.73,-147.71,1
S,2022-10-22 12:06:04.706882,0.41,0.05,0.89,-34.18,0.67,-1.10,44.82,110.40,-149.33,1
S,2022-10-22 12:06:04.730207,0.47,-0.07,0.96,-18.80,-2.32,-1.28,44.82,110.40,-149.33,1
S,2022-10-22 12:06:04.746011,0.47,0.07,0.91,-21.36,4.64,3.85,44.82,110.40,-149.33,1
S,2022-10-22 12:06:04.761769,0.39,0.29,0.89,-16.42,1.95,0.18,45.57,109.47,-151.66,1
S,2022-10-22 12:06:04.792693,0.46,0.23,0.99,1.83,-8.97,-12.02,45.57,109.47,-151.66,1
S,2022-10-22 12:06:04.815038,0.46,0.07,0.97,9.83,-9.58,-21.00,44.30,108.42,-153.19,1
S,2022-10-22 12:06:04.826610,0.45,0.05,0.90,28.20,-10.74,-13.43,44.30,108.42,-153.19,1
S,2022-10-22 12:06:04.840397,0.45,0.00,0.88,49.99,-9.89,-13.43,44.30,108.42,-153.19,1
S,2022-10-22 12:06:04.871665,0.44,-0.13,0.82,41.14,-5.37,-26.61,42.71,107.96,-152.51,1
S,2022-10-22 12:06:04.887537,0.32,-0.52,0.76,13.12,1.89,-34.91,42.71,107.96,-152.51,1
S,2022-10-22 12:06:04.907732,0.37,-0.62,0.76,23.50,-2.99,-15.56,41.97,106.64,-152.72,1
S,2022-10-22 12:06:04.935142,0.37,-0.63,0.75,42.42,-5.74,18.01,41.97,106.64,-152.72,1
S,2022-10-22 12:06:04.950763,0.37,-0.55,0.76,38.94,-4.09,18.13,41.97,106.64,-152.72,1
S,2022-10-22 12:06:04.966614,0.38,-0.56,0.80,-8.97,-3.36,-9.28,42.42,108.02,-153.97,1
S,2022-10-22 12:06:04.997620,0.39,-0.53,0.81,-32.65,-5.37,-20.02,42.42,108.02,-153.97,1
S,2022-10-22 12:06:05.013430,0.39,-0.66,0.80,-15.93,-20.14,-5.25,41.36,108.22,-156.69,1
S,2022-10-22 12:06:05.029387,0.43,-0.53,0.93,7.32,-29.48,20.94,41.36,108.22,-156.69,1
S,2022-10-22 12:06:05.060319,0.47,-0.32,1.00,2.32,-16.30,22.16,39.83,109.57,-157.35,1
S,2022-10-22 12:06:05.075940,0.51,-0.18,1.10,-22.16,-6.29,4.46,39.83,109.57,-157.35,1
S,2022-10-22 12:06:05.091882,0.46,-0.18,1.04,-56.88,4.39,-23.25,39.83,109.57,-157.35,1
S,2022-10-22 12:06:05.107976,0.55,-0.32,1.04,-51.70,5.19,-10.25,40.63,109.99,-158.08,1
S,2022-10-22 12:06:05.139139,0.40,0.01,0.98,-23.44,8.61,0.67,40.63,109.99,-158.08,1
S,2022-10-22 12:06:05.155017,0.35,0.00,0.84,-7.57,8.24,14.71,42.69,110.80,-156.25,1
S,2022-10-22 12:06:05.170673,0.22,0.44,0.79,-8.12,-5.55,-21.97,42.69,110.80,-156.25,1
S,2022-10-22 12:06:05.201618,0.26,-0.04,0.74,-20.20,-12.02,-25.76,42.69,110.80,-156.25,1
S,2022-10-22 12:06:05.217614,0.35,-0.09,0.83,-24.78,-19.04,-29.85,42.74,111.01,-156.45,1
S,2022-10-22 12:06:05.233485,0.34,-0.09,0.84,-10.74,-6.47,-9.64,42.74,111.01,-156.45,1
S,2022-10-22 12:06:05.265552,0.35,-0.10,0.85,5.55,6.71,2.08,42.05,110.24,-156.45,1
S,2022-10-22 12:06:05.283495,0.37,-0.14,0.87,9.70,11.90,7.26,42.05,110.24,-156.45,1
S,2022-10-22 12:06:05.296330,0.37,-0.18,0.87,9.77,15.87,9.58,42.05,110.24,-156.45,1
S,2022-10-22 12:06:05.312372,0.38,-0.20,0.90,4.27,17.33,8.18,43.27,110.40,-156.49,1
S,2022-10-22 12:06:05.343638,0.40,-0.20,0.88,-0.12,15.38,5.92,43.27,110.40,-156.49,1
S,2022-10-22 12:06:05.359569,0.40,-0.19,0.89,0.31,12.88,1.10,44.80,110.10,-156.21,1
S,2022-10-22 12:06:05.375188,0.40,-0.19,0.89,-1.40,10.62,-0.43,44.80,110.10,-156.21,1
S,2022-10-22 12:06:05.390767,0.40,-0.17,0.90,-3.11,6.10,-2.38,44.80,110.10,-156.21,1
S,2022-10-22 12:06:05.422434,0.41,-0.16,0.89,-1.89,2.38,-1.95,44.25,109.99,-155.94,1
S,2022-10-22 12:06:05.438079,0.40,-0.15,0.89,0.31,-0.55,-0.55,44.25,109.99,-155.94,1
S,2022-10-22 12:06:05.453977,0.41,-0.14,0.89,9.16,-3.97,2.44,44.98,110.06,-154.85,1
S,2022-10-22 12:06:05.469589,0.40,-0.17,0.89,13.55,-6.16,3.78,44.98,110.06,-154.85,1
