c,2022-10-31 18:44:13.704798,0.12,0.59,0.96,-0.73,-36.13,-7.26,-70.19,-75.72,-141.15,1
c,2022-10-31 18:44:13.725687,0.13,0.59,1.03,12.21,-27.53,-18.43,-78.43,-77.77,-132.87,1
c,2022-10-31 18:44:13.746800,0.08,0.51,1.10,10.99,-23.13,-27.95,-78.43,-77.77,-132.87,1
c,2022-10-31 18:44:13.766247,0.04,0.50,1.17,6.23,-19.17,-32.35,-84.92,-82.57,-127.86,1
c,2022-10-31 18:44:13.786095,0.03,0.51,1.22,9.16,-17.21,-37.96,-84.92,-82.57,-127.86,1
c,2022-10-31 18:44:13.806176,0.03,0.41,1.20,10.68,-5.68,-44.92,-84.92,-82.57,-127.86,1
c,2022-10-31 18:44:13.826139,0.08,0.18,1.13,6.41,-0.92,-44.25,-88.23,-88.92,-122.38,1
c,2022-10-31 18:44:13.846748,0.10,0.08,1.05,-1.59,-0.12,-31.19,-88.23,-88.92,-122.38,1
c,2022-10-31 18:44:13.866524,0.04,0.27,1.10,-8.24,0.12,-21.42,-89.77,-93.37,-121.81,1
c,2022-10-31 18:44:13.885688,-0.03,0.24,1.13,-14.10,7.08,-25.39,-89.77,-93.37,-121.81,1
c,2022-10-31 18:44:13.905334,-0.04,0.20,1.08,-4.88,19.78,-18.25,-89.77,-93.37,-121.81,1
c,2022-10-31 18:44:13.925689,-0.15,0.06,1.15,7.51,14.89,-10.80,-91.43,-97.30,-125.62,1
c,2022-10-31 18:44:13.946041,-0.01,0.09,0.75,6.84,20.45,2.81,-91.43,-97.30,-125.62,1
c,2022-10-31 18:44:13.967704,0.03,0.08,0.78,-23.99,19.96,7.14,-91.65,-95.43,-132.30,1
c,2022-10-31 18:44:13.986761,0.01,0.17,0.71,-37.66,11.23,15.99,-91.65,-95.43,-132.30,1
c,2022-10-31 18:44:14.005947,-0.03,0.25,0.66,-35.83,3.17,24.72,-91.65,-95.43,-132.30,1
c,2022-10-31 18:44:14.026235,-0.03,0.24,0.62,-21.24,-11.54,34.73,-95.06,-93.35,-135.75,1
c,2022-10-31 18:44:14.045085,-0.06,0.38,0.74,-10.56,-31.01,42.05,-95.06,-93.35,-135.75,1
c,2022-10-31 18:44:14.064752,-0.09,0.54,0.77,-8.06,-36.56,38.02,-103.67,-91.44,-134.12,1
c,2022-10-31 18:44:14.085229,-0.12,0.69,0.91,-4.82,-36.01,27.22,-103.67,-91.44,-134.12,1
c,2022-10-31 18:44:14.103640,-0.11,0.65,0.91,9.40,-34.73,8.24,-103.67,-91.44,-134.12,1
c,2022-10-31 18:44:14.124946,-0.11,0.66,1.00,28.69,-33.51,0.00,-109.62,-91.72,-124.28,1
c,2022-10-31 18:44:14.144494,-0.11,0.54,1.06,41.87,-29.91,-18.25,-109.62,-91.72,-124.28,1
c,2022-10-31 18:44:14.164893,-0.09,0.46,1.10,34.97,-23.68,-31.31,-107.40,-94.38,-114.09,1
c,2022-10-31 18:44:14.183238,-0.09,0.46,1.15,23.99,-4.52,-48.40,-107.40,-94.38,-114.09,1
c,2022-10-31 18:44:14.201751,-0.22,0.37,1.27,-6.90,18.01,-60.24,-107.40,-94.38,-114.09,1
c,2022-10-31 18:44:14.222224,-0.28,0.20,1.08,6.90,40.71,-44.37,-97.77,-99.65,-110.93,1
c,2022-10-31 18:44:14.242959,-0.09,0.12,1.00,27.34,30.21,-16.97,-97.77,-99.65,-110.93,1
c,2022-10-31 18:44:14.262825,-0.00,0.23,0.96,21.06,28.14,-9.89,-87.32,-96.66,-113.90,1
c,2022-10-31 18:44:14.282364,0.10,0.30,0.80,9.95,30.40,-13.18,-87.32,-96.66,-113.90,1
c,2022-10-31 18:44:14.300615,0.13,0.40,0.78,-2.50,20.94,-23.01,-87.32,-96.66,-113.90,1
c,2022-10-31 18:44:14.321682,0.10,0.40,0.81,-0.31,14.59,-28.20,-79.83,-94.85,-115.26,1
c,2022-10-31 18:44:14.341252,0.08,0.34,0.87,13.92,6.47,-31.62,-79.83,-94.85,-115.26,1
