E,2022-11-06 14:44:10.857819,-6.139046,5.890036,-5.018503,-0.042522,0.158971,0.583857,62.523372,105.008804,-113.344474,1
E,2022-11-06 14:44:10.953074,-4.769493,5.904402,-3.950634,1.060310,-0.648379,0.903442,76.278511,104.109756,-119.737380,1
E,2022-11-06 14:44:11.049369,-3.361630,3.548388,-2.384746,-0.230943,-0.821088,-1.771212,54.127376,117.415672,-127.685317,1
E,2022-11-06 14:44:11.146007,-11.191069,6.555658,-2.274607,-0.708456,-0.718821,-1.280117,54.127376,117.415672,-127.685317,1
E,2022-11-06 14:44:11.241441,-9.931655,7.398460,-1.369553,1.918527,1.682455,2.154880,6.073699,89.545181,-54.598865,1
E,2022-11-06 14:44:11.337821,-5.138219,3.146141,-3.912325,1.373502,0.720240,1.807332,46.088657,97.816421,-101.595352,1
E,2022-11-06 14:44:11.434642,-4.592313,7.843804,-3.390362,0.741658,0.275086,0.113270,86.103614,89.545181,-135.114913,1
E,2022-11-06 14:44:11.528506,-5.358497,6.009752,-3.864439,2.151557,-0.712962,-2.042725,86.103614,89.545181,-135.114913,1
E,2022-11-06 14:44:11.624810,-8.576468,-1.144487,-4.496540,0.344974,0.079208,0.484919,63.416561,95.478897,-158.094818,1
E,2022-11-06 14:44:11.722990,-5.162162,6.929173,-5.866093,-0.269294,-0.560227,1.446602,49.125507,92.242324,-142.198944,1
E,2022-11-06 14:44:11.817329,-5.224414,7.269167,-3.821341,-0.459979,0.557785,-1.915024,39.300403,90.624038,-104.359855,1
E,2022-11-06 14:44:11.913281,-7.230857,3.744722,-3.715990,2.143034,-0.086577,-1.920751,39.300403,90.624038,-104.359855,1
E,2022-11-06 14:44:12.008104,-10.410520,-0.790127,-3.265857,0.117536,0.066291,0.469073,19.114288,97.996231,-123.884132,1
E,2022-11-06 14:44:12.105427,-6.268340,6.670586,-3.778243,-0.387007,0.200383,0.817686,19.292926,85.589370,-115.072288,1
E,2022-11-06 14:44:12.201594,-10.908539,8.102392,3.845284,0.283853,-1.099392,0.109808,35.013088,73.362319,-74.295921,1
E,2022-11-06 14:44:12.296616,-7.288321,6.632277,-2.293762,1.408257,0.093988,-2.168828,17.685182,78.217178,-67.211891,1
E,2022-11-06 14:44:12.393359,-10.491927,-4.252319,-6.014541,0.498907,0.416103,-1.893985,17.685182,78.217178,-67.211891,1
E,2022-11-06 14:44:12.488223,-8.729704,7.479867,0.134082,-0.628959,1.422260,-0.398464,0.535915,71.384414,-83.798889,1
