k,2022-10-30 16:06:30.189922,0.17,-0.58,0.73,7.02,23.74,28.87,1.66,-4.60,-101.88,1
k,2022-10-30 16:06:30.211272,0.21,-0.64,0.65,-0.12,15.44,34.24,1.66,-4.60,-101.88,1
k,2022-10-30 16:06:30.221398,0.25,-0.66,0.58,5.37,8.42,45.23,1.66,-4.60,-101.88,1
k,2022-10-30 16:06:30.241405,0.30,-0.61,0.56,-0.31,1.77,52.00,-2.61,-9.19,-106.13,1
k,2022-10-30 16:06:30.261550,0.35,-0.44,0.56,-27.40,-5.98,48.71,-2.61,-9.19,-106.13,1
k,2022-10-30 16:06:30.289067,0.31,-0.37,0.64,-48.52,-11.47,38.27,-2.61,-9.19,-106.13,1
k,2022-10-30 16:06:30.309101,0.26,-0.34,0.75,-41.20,-17.88,41.08,-11.43,-15.92,-109.47,1
k,2022-10-30 16:06:30.319179,0.26,-0.29,0.81,-27.47,-19.84,46.69,-11.43,-15.92,-109.47,1
k,2022-10-30 16:06:30.339109,0.27,-0.27,0.80,-22.83,-20.39,49.32,-23.44,-19.15,-109.34,1
k,2022-10-30 16:06:30.360154,0.27,-0.20,0.89,-36.56,-24.41,43.88,-23.44,-19.15,-109.34,1
k,2022-10-30 16:06:30.381283,0.29,-0.09,0.97,-42.60,-23.44,41.14,-23.44,-19.15,-109.34,1
k,2022-10-30 16:06:30.401206,0.28,0.01,1.02,-45.96,-16.05,30.88,-34.85,-17.81,-106.76,1
k,2022-10-30 16:06:30.421277,0.29,0.02,1.01,-33.45,-12.88,32.47,-34.85,-17.81,-106.76,1
k,2022-10-30 16:06:30.450223,0.31,0.07,1.00,-27.16,-12.08,31.62,-39.32,-13.64,-104.43,1
k,2022-10-30 16:06:30.460439,0.31,0.15,1.06,-28.63,-10.93,26.06,-39.32,-13.64,-104.43,1
k,2022-10-30 16:06:30.480523,0.29,0.17,1.09,-29.66,-7.32,16.78,-39.32,-13.64,-104.43,1
k,2022-10-30 16:06:30.500437,0.28,0.14,1.08,-15.14,-6.71,16.78,-39.70,-11.01,-102.89,1
k,2022-10-30 16:06:30.521899,0.27,0.16,1.07,-9.40,-9.46,18.07,-39.70,-11.01,-102.89,1
k,2022-10-30 16:06:30.541974,0.22,0.16,1.13,-14.22,-10.25,15.01,-38.51,-9.97,-103.97,1
k,2022-10-30 16:06:30.562007,0.18,0.21,1.18,-14.89,-2.62,8.85,-38.51,-9.97,-103.97,1
k,2022-10-30 16:06:30.581973,0.19,0.21,1.15,-3.91,3.42,10.13,-38.51,-9.97,-103.97,1
k,2022-10-30 16:06:30.602017,0.22,0.17,1.10,7.51,4.09,8.67,-37.17,-9.14,-107.19,1
k,2022-10-30 16:06:30.622485,0.23,0.14,1.06,10.68,3.72,6.84,-37.17,-9.14,-107.19,1
k,2022-10-30 16:06:30.642492,0.24,0.13,1.03,11.29,3.23,5.25,-36.62,-8.08,-110.00,1
k,2022-10-30 16:06:30.652499,0.26,0.13,0.99,14.53,0.67,5.19,-36.62,-8.08,-110.00,1
k,2022-10-30 16:06:30.672500,0.25,0.12,0.99,7.93,0.67,-0.55,-36.62,-8.08,-110.00,1
k,2022-10-30 16:06:30.692581,0.22,0.09,0.97,3.05,2.69,-4.27,-36.22,-7.47,-112.52,1
k,2022-10-30 16:06:30.712564,0.21,0.06,0.96,0.43,3.85,-4.94,-36.22,-7.47,-112.52,1
k,2022-10-30 16:06:30.732619,0.20,0.07,0.97,-4.27,7.02,-7.51,-36.22,-7.47,-112.52,1
k,2022-10-30 16:06:30.753053,0.18,0.02,0.98,-1.10,8.42,-5.55,-36.24,-5.68,-112.01,1
k,2022-10-30 16:06:30.773079,0.16,-0.04,0.97,7.45,6.23,2.08,-36.24,-5.68,-112.01,1
k,2022-10-30 16:06:30.802985,0.17,-0.00,0.95,7.51,7.51,4.39,-37.10,-5.44,-114.93,1
k,2022-10-30 16:06:30.815756,0.22,0.03,0.89,3.78,6.47,-2.32,-37.10,-5.44,-114.93,1
k,2022-10-30 16:06:30.835783,0.24,0.04,0.84,-5.13,5.62,-6.16,-36.87,-4.76,-115.81,1
k,2022-10-30 16:06:30.855783,0.27,0.05,0.72,-9.03,-3.91,-12.08,-36.87,-4.76,-115.81,1
k,2022-10-30 16:06:30.876840,0.29,0.07,0.68,0.06,-15.99,-15.87,-36.87,-4.76,-115.81,1
k,2022-10-30 16:06:30.897264,0.27,0.02,0.61,0.31,-32.53,-21.06,-36.44,-4.68,-114.66,1
k,2022-10-30 16:06:30.917266,-0.14,-0.08,1.26,5.80,-23.01,-15.75,-36.44,-4.68,-114.66,1
k,2022-10-30 16:06:30.937299,0.12,-0.07,0.74,33.20,8.97,10.50,-35.71,-4.14,-112.18,1
k,2022-10-30 16:06:30.957276,0.13,-0.10,0.74,4.58,-20.94,-6.59,-35.71,-4.14,-112.18,1
k,2022-10-30 16:06:30.977905,0.13,-0.09,0.76,-18.86,-27.47,-14.59,-35.71,-4.14,-112.18,1
k,2022-10-30 16:06:30.997904,0.15,-0.06,0.76,-16.85,-32.10,-17.64,-35.47,-7.63,-112.24,1
k,2022-10-30 16:06:31.017916,0.09,-0.00,0.85,-7.69,-37.78,-10.93,-35.47,-7.63,-112.24,1
k,2022-10-30 16:06:31.037907,0.09,0.04,0.91,6.84,-28.14,-6.10,-33.73,-11.94,-110.40,1
k,2022-10-30 16:06:31.057934,0.13,0.03,1.02,10.56,-21.48,-4.88,-33.73,-11.94,-110.40,1
k,2022-10-30 16:06:31.078045,0.18,-0.02,1.11,15.08,-15.14,-5.62,-33.73,-11.94,-110.40,1
k,2022-10-30 16:06:31.098814,0.18,-0.07,1.18,12.15,-15.38,-5.49,-31.25,-15.42,-111.00,1
k,2022-10-30 16:06:31.118813,0.22,-0.08,1.23,12.70,-9.64,-2.01,-31.25,-15.42,-111.00,1
k,2022-10-30 16:06:31.138816,0.23,-0.10,1.28,-0.73,1.04,-1.40,-29.86,-17.37,-111.07,1
k,2022-10-30 16:06:31.158815,0.23,-0.09,1.24,-5.00,4.70,0.98,-29.86,-17.37,-111.07,1
k,2022-10-30 16:06:31.179809,0.15,-0.09,1.09,2.32,-16.97,1.77,-29.86,-17.37,-111.07,1
k,2022-10-30 16:06:31.199821,0.15,0.01,1.48,-6.35,-29.30,-2.75,-30.16,-17.20,-111.23,1
k,2022-10-30 16:06:31.219821,0.03,0.19,1.33,-2.75,69.52,7.75,-30.16,-17.20,-111.23,1
k,2022-10-30 16:06:31.239909,0.29,0.06,0.95,58.23,54.32,16.42,-31.51,-13.85,-110.06,1
k,2022-10-30 16:06:31.260582,0.29,-0.00,0.92,17.09,26.49,-13.37,-31.51,-13.85,-110.06,1
k,2022-10-30 16:06:31.280659,0.26,0.03,0.89,-1.77,25.76,-23.93,-31.51,-13.85,-110.06,1
k,2022-10-30 16:06:31.300605,0.26,0.01,0.84,6.96,16.17,-25.15,-33.57,-10.14,-109.79,1
k,2022-10-30 16:06:31.320656,0.27,-0.12,0.68,16.36,9.28,-27.89,-33.57,-10.14,-109.79,1
k,2022-10-30 16:06:31.342579,0.26,-0.23,0.60,11.35,-4.52,-28.56,-36.66,-6.54,-108.23,1
k,2022-10-30 16:06:31.362612,0.14,-0.34,0.68,-9.52,-23.62,-26.25,-36.66,-6.54,-108.23,1
k,2022-10-30 16:06:31.382582,-1.18,-0.60,1.49,24.84,-2.32,10.31,-36.66,-6.54,-108.23,1
k,2022-10-30 16:06:31.402666,0.12,-0.33,0.76,14.89,12.94,0.37,-37.52,-6.56,-106.05,1
k,2022-10-30 16:06:31.422583,0.17,-0.52,0.75,2.32,-14.47,10.68,-37.52,-6.56,-106.05,1
k,2022-10-30 16:06:31.442582,0.15,-0.29,0.82,-31.13,-25.82,12.33,-35.60,-7.75,-106.45,1
k,2022-10-30 16:06:31.462579,0.16,-0.25,0.88,-29.17,-28.32,18.43,-35.60,-7.75,-106.45,1
k,2022-10-30 16:06:31.482580,0.22,-0.13,0.88,-29.72,-23.68,24.96,-35.60,-7.75,-106.45,1
k,2022-10-30 16:06:31.502626,0.16,0.23,1.12,-34.91,-8.61,16.30,-32.60,-11.27,-107.78,1
k,2022-10-30 16:06:31.522580,0.16,0.30,1.19,-37.60,2.32,3.11,-32.60,-11.27,-107.78,1
k,2022-10-30 16:06:31.542580,0.20,0.46,1.12,-39.73,23.44,-21.61,-30.82,-14.66,-108.40,1
k,2022-10-30 16:06:31.562579,0.18,0.18,1.06,5.86,13.98,7.81,-30.82,-14.66,-108.40,1
k,2022-10-30 16:06:31.582584,0.18,0.10,1.03,47.24,-1.34,29.05,-30.82,-14.66,-108.40,1
k,2022-10-30 16:06:31.602582,0.15,-0.16,0.92,83.68,-7.87,32.96,-31.09,-14.28,-108.12,1
k,2022-10-30 16:06:31.622580,0.18,-0.28,1.00,39.73,-9.64,1.28,-31.09,-14.28,-108.12,1
k,2022-10-30 16:06:31.644302,0.09,-0.03,0.87,-21.30,-2.75,-36.44,-31.58,-13.44,-108.18,1
k,2022-10-30 16:06:31.665474,0.12,0.14,0.91,-23.62,-9.89,-35.95,-31.58,-13.44,-108.18,1
k,2022-10-30 16:06:31.675605,0.13,0.18,0.92,3.72,-17.76,-28.26,-31.58,-13.44,-108.18,1
k,2022-10-30 16:06:31.695679,0.13,-0.03,0.92,52.37,-17.52,-15.26,-31.27,-13.22,-106.95,1
k,2022-10-30 16:06:31.715595,0.13,-0.25,0.90,60.24,-14.04,-12.02,-31.27,-13.22,-106.95,1
k,2022-10-30 16:06:31.735596,0.15,-0.39,0.90,48.95,-8.12,-5.92,-30.68,-12.57,-105.85,1
k,2022-10-30 16:06:31.755594,0.14,-0.38,0.96,9.28,-0.61,-8.12,-30.68,-12.57,-105.85,1
k,2022-10-30 16:06:31.775596,0.16,-0.30,1.01,-6.10,3.30,-6.77,-30.68,-12.57,-105.85,1
k,2022-10-30 16:06:31.795603,0.18,-0.24,1.11,-12.45,6.96,-2.81,-29.49,-13.92,-105.69,1
k,2022-10-30 16:06:31.815646,0.16,-0.15,1.03,-18.68,14.77,0.79,-29.49,-13.92,-105.69,1
k,2022-10-30 16:06:31.835745,0.15,-0.12,1.02,-11.35,-2.81,-3.85,-29.77,-14.44,-106.62,1
k,2022-10-30 16:06:31.855745,0.13,-0.09,0.98,-7.87,-10.13,-0.79,-29.77,-14.44,-106.62,1
k,2022-10-30 16:06:31.876146,0.12,-0.08,0.95,-4.82,-12.39,6.84,-29.77,-14.44,-106.62,1
k,2022-10-30 16:06:31.896158,0.10,-0.11,0.94,-7.45,-9.09,12.39,-29.52,-14.34,-105.08,1
