X,2022-10-31 17:42:14.961591,0.48,0.15,0.95,-43.46,-1.46,13.43,22.67,28.50,-17.41,1
X,2022-10-31 17:42:14.981344,0.52,0.18,0.93,-29.54,2.93,5.37,22.67,28.50,-17.41,1
X,2022-10-31 17:42:15.001515,0.56,0.23,0.92,-4.88,-0.55,-1.65,23.23,28.70,-18.31,1
X,2022-10-31 17:42:15.020293,0.57,0.10,0.85,13.43,-6.59,-3.05,23.23,28.70,-18.31,1
X,2022-10-31 17:42:15.042086,0.50,0.03,0.83,12.27,-7.14,-8.97,23.23,28.70,-18.31,1
X,2022-10-31 17:42:15.059987,0.44,0.03,0.86,-4.39,0.73,-17.76,23.33,27.93,-18.49,1
X,2022-10-31 17:42:15.078807,0.38,0.10,0.85,-0.55,1.65,-19.29,23.33,27.93,-18.49,1
X,2022-10-31 17:42:15.099042,0.36,0.09,0.84,1.95,5.98,-24.23,23.03,29.71,-17.60,1
X,2022-10-31 17:42:15.119612,0.31,0.09,0.88,-3.85,33.57,-34.36,23.03,29.71,-17.60,1
X,2022-10-31 17:42:15.137083,0.37,0.05,0.91,-2.99,45.10,-41.75,23.03,29.71,-17.60,1
X,2022-10-31 17:42:15.156630,0.45,0.01,0.88,5.49,34.55,-44.68,22.22,29.70,-16.02,1
X,2022-10-31 17:42:15.175235,0.39,-0.11,0.86,18.13,14.04,-47.67,22.22,29.70,-16.02,1
X,2022-10-31 17:42:15.193882,0.41,-0.04,0.87,21.18,12.33,-44.37,22.22,29.70,-16.02,1
X,2022-10-31 17:42:15.214823,0.48,-0.17,0.82,37.05,15.87,-33.63,20.97,31.16,-14.87,1
X,2022-10-31 17:42:15.232202,0.52,-0.28,0.76,39.73,10.44,-22.16,20.97,31.16,-14.87,1
X,2022-10-31 17:42:15.252569,0.50,-0.45,0.75,90.52,1.46,12.45,20.12,32.30,-14.34,1
X,2022-10-31 17:42:15.271480,0.38,-0.41,0.81,6.04,-3.42,-3.85,20.12,32.30,-14.34,1
X,2022-10-31 17:42:15.292737,0.46,-0.40,0.73,12.76,-38.02,10.93,20.12,32.30,-14.34,1
X,2022-10-31 17:42:15.309944,0.38,-0.31,0.76,12.33,-84.29,36.44,20.79,30.96,-16.17,1
X,2022-10-31 17:42:15.329045,0.43,-0.40,0.68,28.69,-115.05,48.77,20.79,30.96,-16.17,1
X,2022-10-31 17:42:15.350032,0.48,-0.31,0.66,14.59,-119.93,44.68,22.50,29.09,-18.60,1
X,2022-10-31 17:42:15.367007,0.43,-0.26,0.69,-14.83,-91.80,29.05,22.50,29.09,-18.60,1
X,2022-10-31 17:42:15.385566,0.44,-0.09,0.83,6.84,-80.26,34.12,22.50,29.09,-18.60,1
X,2022-10-31 17:42:15.404826,0.43,-0.13,0.93,0.49,-34.61,16.60,24.19,26.31,-20.14,1
X,2022-10-31 17:42:15.424291,0.40,-0.07,1.05,-19.84,12.76,-5.86,24.19,26.31,-20.14,1
X,2022-10-31 17:42:15.444904,0.35,0.05,1.18,-25.02,33.87,-17.94,24.19,26.31,-20.14,1
X,2022-10-31 17:42:15.464421,0.40,0.05,1.14,-7.14,16.72,-5.37,24.65,26.01,-18.20,1
X,2022-10-31 17:42:15.481144,0.48,0.06,0.90,11.41,11.72,15.20,24.65,26.01,-18.20,1
X,2022-10-31 17:42:15.501115,0.31,-0.21,1.00,11.84,41.56,40.89,24.63,25.61,-17.16,1
X,2022-10-31 17:42:15.520888,0.52,-0.28,0.93,-7.26,69.82,23.86,24.63,25.61,-17.16,1
X,2022-10-31 17:42:15.542306,0.58,-0.29,0.91,-32.10,87.95,6.96,24.63,25.61,-17.16,1
X,2022-10-31 17:42:15.560413,0.66,-0.19,0.90,-57.86,93.87,-0.37,24.29,25.88,-17.40,1
X,2022-10-31 17:42:15.578930,0.66,-0.13,0.83,-46.94,65.61,18.98,24.29,25.88,-17.40,1
X,2022-10-31 17:42:15.598412,0.66,-0.31,0.74,-24.90,34.06,25.21,24.29,25.88,-17.40,1
X,2022-10-31 17:42:15.620015,0.63,-0.38,0.66,-32.53,4.39,7.81,23.78,26.55,-16.91,1
X,2022-10-31 17:42:15.638399,0.49,-0.09,0.65,-76.54,-20.81,-13.92,23.78,26.55,-16.91,1
X,2022-10-31 17:42:15.658469,0.36,0.07,0.69,-89.78,-25.02,-20.69,23.77,26.42,-18.64,1
X,2022-10-31 17:42:15.677839,0.14,0.48,1.39,10.19,2.20,-9.77,23.77,26.42,-18.64,1
X,2022-10-31 17:42:15.695809,0.45,0.07,0.74,34.91,1.10,25.33,23.77,26.42,-18.64,1
X,2022-10-31 17:42:15.715421,0.02,-0.22,0.85,13.92,2.62,22.64,23.65,27.38,-18.04,1
X,2022-10-31 17:42:15.733081,0.05,0.07,0.90,8.30,-15.14,-17.33,23.65,27.38,-18.04,1
X,2022-10-31 17:42:15.751074,0.22,0.13,0.80,45.90,-37.84,-38.39,23.12,27.49,-17.98,1
X,2022-10-31 17:42:15.770075,0.28,0.06,0.83,94.67,-57.98,-34.61,23.12,27.49,-17.98,1
X,2022-10-31 17:42:15.789202,0.48,-0.16,0.73,96.44,-58.65,-24.78,23.12,27.49,-17.98,1
X,2022-10-31 17:42:15.810057,0.55,-0.32,0.75,71.66,-44.37,-20.32,23.11,27.86,-17.49,1
X,2022-10-31 17:42:15.827130,0.43,-0.45,0.88,35.28,-37.41,-27.28,23.11,27.86,-17.49,1
X,2022-10-31 17:42:15.846732,0.65,-0.28,0.82,8.79,-26.79,-22.28,23.11,27.86,-17.49,1
X,2022-10-31 17:42:15.866875,0.60,-0.33,0.93,0.55,-13.18,-7.45,23.06,27.89,-17.55,1
X,2022-10-31 17:42:15.887820,0.51,-0.32,1.00,-2.81,-6.23,-1.40,23.06,27.89,-17.55,1
X,2022-10-31 17:42:15.907645,0.38,-0.14,0.97,-9.70,-2.62,-0.61,23.77,27.20,-18.14,1
X,2022-10-31 17:42:15.926237,0.30,0.03,0.94,-6.04,15.44,14.53,23.77,27.20,-18.14,1
X,2022-10-31 17:42:15.944850,0.35,-0.02,0.96,13.00,51.39,20.51,23.77,27.20,-18.14,1
X,2022-10-31 17:42:15.966136,0.49,-0.11,0.92,10.86,62.13,11.05,23.66,26.81,-17.41,1
X,2022-10-31 17:42:15.984035,0.45,-0.10,0.94,0.49,64.94,-2.69,23.66,26.81,-17.41,1
X,2022-10-31 17:42:16.004850,0.45,-0.05,0.96,-5.62,66.41,-24.72,22.80,27.00,-16.61,1
