q,2022-10-11 15:57:04.515895,0.05,-0.95,-0.25,-23.99,28.75,14.77,-26.00,12.57,-8.46,1
q,2022-10-11 15:57:04.547573,0.11,-0.99,-0.23,-14.28,7.45,14.28,-26.00,12.57,-8.46,1
q,2022-10-11 15:57:04.563460,0.18,-1.00,-0.34,-2.81,-13.79,-1.10,-24.99,11.47,-7.63,1
q,2022-10-11 15:57:04.585123,-1.10,-0.88,-0.42,-27.65,-12.27,-12.63,-24.99,11.47,-7.63,1
q,2022-10-11 15:57:04.612445,0.10,-1.18,-0.25,60.06,-16.24,1.95,-24.52,10.82,-9.78,1
q,2022-10-11 15:57:04.628369,0.10,-0.96,-0.35,-4.09,-4.39,-1.22,-24.52,10.82,-9.78,1
q,2022-10-11 15:57:04.644519,0.10,-0.88,-0.31,-65.19,-13.55,35.40,-24.62,10.40,-10.51,1
q,2022-10-11 15:57:04.660379,0.11,-0.89,-0.32,-68.12,-37.17,44.13,-24.62,10.40,-10.51,1
q,2022-10-11 15:57:04.694257,0.13,-0.88,-0.36,-71.29,-53.77,40.83,-24.62,10.40,-10.51,1
q,2022-10-11 15:57:04.708557,0.11,-0.92,-0.31,-89.17,-56.76,30.88,-24.77,9.84,-9.95,1
q,2022-10-11 15:57:04.724513,0.08,-1.00,-0.07,-96.31,-18.80,19.35,-24.77,9.84,-9.95,1
q,2022-10-11 15:57:04.756697,0.02,-1.10,0.27,-70.74,-17.58,-6.47,-24.91,10.23,-9.40,1
q,2022-10-11 15:57:04.772388,0.04,-1.15,0.34,-15.26,-32.23,-69.21,-24.91,10.23,-9.40,1
q,2022-10-11 15:57:04.794611,0.13,-1.04,0.36,23.86,-18.55,-99.98,-24.91,10.23,-9.40,1
q,2022-10-11 15:57:04.821593,0.22,-0.96,0.39,44.62,5.07,-85.63,-25.92,11.22,-9.35,1
q,2022-10-11 15:57:04.837537,0.21,-0.99,0.37,41.50,16.60,-51.88,-25.92,11.22,-9.35,1
q,2022-10-11 15:57:04.854069,0.20,-1.10,0.24,51.21,17.21,-12.63,-25.88,11.27,-8.79,1
q,2022-10-11 15:57:04.870317,0.17,-1.11,-0.05,44.86,16.05,33.20,-25.88,11.27,-8.79,1
q,2022-10-11 15:57:04.902066,0.15,-1.22,-0.20,29.30,24.35,50.11,-25.88,11.27,-8.79,1
q,2022-10-11 15:57:04.918707,0.18,-1.14,-0.23,3.97,34.30,50.05,-24.98,11.41,-10.28,1
q,2022-10-11 15:57:04.934803,0.05,-1.08,-0.19,-1.53,35.22,38.70,-24.98,11.41,-10.28,1
q,2022-10-11 15:57:04.966676,0.05,-0.84,-0.64,55.91,-23.32,-37.96,-24.85,10.36,-10.01,1
q,2022-10-11 15:57:04.982443,0.05,-0.62,-0.43,-3.30,-4.52,-32.90,-24.85,10.36,-10.01,1
q,2022-10-11 15:57:04.998189,0.08,-0.62,-0.12,-58.84,20.94,11.23,-25.31,9.96,-9.96,1
q,2022-10-11 15:57:05.030533,-0.28,-1.20,0.07,-40.83,25.09,26.49,-25.31,9.96,-9.96,1
q,2022-10-11 15:57:05.051476,-0.01,-1.05,0.24,22.46,28.99,-48.34,-25.31,9.96,-9.96,1
q,2022-10-11 15:57:05.067119,0.02,-1.13,0.22,33.57,11.66,-97.78,-24.13,11.04,-8.64,1
q,2022-10-11 15:57:05.083568,0.11,-0.94,0.18,56.46,0.61,-127.14,-24.13,11.04,-8.64,1
q,2022-10-11 15:57:05.107554,0.08,-0.96,0.10,55.66,-16.78,-111.27,-24.52,12.00,-9.00,1
q,2022-10-11 15:57:05.135132,-0.16,-1.02,-0.02,34.00,-21.30,-88.07,-24.52,12.00,-9.00,1
q,2022-10-11 15:57:05.150807,-0.57,-0.86,-0.01,30.64,-39.67,13.00,-24.30,13.40,-8.04,1
q,2022-10-11 15:57:05.166493,-0.14,-1.24,-0.09,73.36,-49.32,109.01,-24.30,13.40,-8.04,1
q,2022-10-11 15:57:05.198227,0.17,-1.34,-0.30,69.76,-28.56,145.69,-24.30,13.40,-8.04,1
q,2022-10-11 15:57:05.214224,0.26,-1.40,-0.26,45.78,-5.49,132.45,-23.79,15.27,-7.60,1
q,2022-10-11 15:57:05.230398,0.30,-1.17,-0.19,24.96,10.68,64.88,-23.79,15.27,-7.60,1
q,2022-10-11 15:57:05.261714,0.42,-0.96,-0.15,20.08,25.02,37.41,-23.93,14.21,-5.83,1
q,2022-10-11 15:57:05.277591,0.43,-0.82,-0.19,10.01,39.25,20.81,-23.93,14.21,-5.83,1
q,2022-10-11 15:57:05.295089,0.30,-0.81,-0.22,-2.32,34.79,5.68,-24.21,12.17,-5.21,1
q,2022-10-11 15:57:05.328691,0.16,-0.78,-0.23,-2.50,25.63,-3.17,-24.21,12.17,-5.21,1
q,2022-10-11 15:57:05.345020,0.08,-0.80,-0.43,4.15,-0.49,-4.21,-24.21,12.17,-5.21,1
q,2022-10-11 15:57:05.360820,0.08,-0.84,-0.50,-18.01,3.42,4.64,-23.86,9.35,-5.30,1
