W,2022-10-29 11:48:48.557711,-0.10,-0.54,0.78,2.99,-4.76,1.89,-6.67,42.83,-122.73,1
W,2022-10-29 11:48:48.576707,-0.09,-0.53,0.77,0.61,-6.16,3.36,-6.18,42.05,-122.74,1
W,2022-10-29 11:48:48.594517,-0.11,-0.48,0.80,-6.04,-4.58,-1.53,-6.18,42.05,-122.74,1
W,2022-10-29 11:48:48.613350,-0.12,-0.51,0.79,-6.90,-3.91,-4.94,-6.18,42.05,-122.74,1
W,2022-10-29 11:48:48.631915,-0.11,-0.45,0.76,-5.86,-6.41,-2.99,-5.15,40.76,-124.05,1
W,2022-10-29 11:48:48.649926,-0.22,-0.43,0.87,24.05,-3.78,6.59,-5.15,40.76,-124.05,1
W,2022-10-29 11:48:48.667865,-0.14,-0.52,0.81,18.13,-5.37,9.40,-5.15,40.76,-124.05,1
W,2022-10-29 11:48:48.686462,-0.12,-0.52,0.79,10.62,-4.27,11.84,-5.09,41.33,-123.08,1
W,2022-10-29 11:48:48.704326,-0.13,-0.51,0.78,8.48,-0.92,14.04,-5.09,41.33,-123.08,1
W,2022-10-29 11:48:48.723353,-0.10,-0.27,0.69,3.42,1.28,6.10,-5.09,41.33,-123.08,1
W,2022-10-29 11:48:48.742196,-0.10,-0.43,0.69,1.77,-6.65,-15.50,-3.89,42.14,-123.12,1
W,2022-10-29 11:48:48.760360,-0.14,-0.40,0.74,7.26,-16.17,-17.46,-3.89,42.14,-123.12,1
W,2022-10-29 11:48:48.779359,-0.14,-0.42,0.72,14.28,-21.30,-16.48,-4.27,44.90,-126.04,1
W,2022-10-29 11:48:48.798415,-0.16,-0.47,0.73,18.07,-23.44,-13.67,-4.27,44.90,-126.04,1
W,2022-10-29 11:48:48.816428,-0.18,-0.52,0.76,17.27,-22.40,-15.08,-4.27,44.90,-126.04,1
W,2022-10-29 11:48:48.834431,-0.16,-0.51,0.72,17.27,-18.62,-13.55,-5.05,50.04,-127.48,1
W,2022-10-29 11:48:48.853462,-0.19,-0.60,0.82,20.57,-20.94,-14.71,-5.05,50.04,-127.48,1
W,2022-10-29 11:48:48.870809,-0.20,-0.62,0.81,19.78,-17.82,-9.70,-5.05,50.04,-127.48,1
W,2022-10-29 11:48:48.889859,-0.21,-0.66,0.87,14.16,-10.50,-6.47,-7.82,56.03,-129.02,1
W,2022-10-29 11:48:48.907795,-0.22,-0.71,0.94,11.84,-7.93,-6.77,-7.82,56.03,-129.02,1
W,2022-10-29 11:48:48.926801,-0.23,-0.74,0.93,11.60,-2.87,-1.10,-9.01,59.36,-130.77,1
W,2022-10-29 11:48:48.944810,-0.24,-0.81,0.90,16.11,-0.85,9.89,-9.01,59.36,-130.77,1
W,2022-10-29 11:48:48.963070,-0.18,-0.66,0.83,12.15,-11.78,2.14,-9.01,59.36,-130.77,1
W,2022-10-29 11:48:48.982111,-0.20,-0.66,0.82,2.81,-19.23,-10.86,-9.09,60.07,-131.45,1
W,2022-10-29 11:48:49.000110,-0.20,-0.60,0.81,-3.30,-24.96,-20.08,-9.09,60.07,-131.45,1
W,2022-10-29 11:48:49.018475,-0.23,-0.62,0.88,-5.31,-28.32,-24.78,-9.09,60.07,-131.45,1
W,2022-10-29 11:48:49.037978,-0.43,-0.79,1.39,-19.10,11.11,-17.76,-8.94,58.62,-129.11,1
W,2022-10-29 11:48:49.054978,-0.18,-0.62,0.73,-33.02,72.51,10.56,-8.94,58.62,-129.11,1
W,2022-10-29 11:48:49.072978,-0.15,-0.56,0.71,-26.73,46.02,12.63,-8.94,58.62,-129.11,1
W,2022-10-29 11:48:49.092726,-0.17,-0.51,0.71,-20.32,25.63,6.84,-3.94,51.88,-128.89,1
W,2022-10-29 11:48:49.109727,-0.16,-0.50,0.75,-14.40,18.80,2.26,-3.94,51.88,-128.89,1
W,2022-10-29 11:48:49.129374,-0.15,-0.44,0.70,-13.73,10.01,-2.87,-1.40,47.44,-128.12,1
W,2022-10-29 11:48:49.147071,-0.17,-0.41,0.66,-15.69,15.26,-3.30,-1.40,47.44,-128.12,1
W,2022-10-29 11:48:49.164500,-0.14,-0.40,0.62,-6.90,7.69,-4.94,-1.40,47.44,-128.12,1
W,2022-10-29 11:48:49.183504,-0.15,-0.40,0.55,0.37,-4.88,-5.62,-0.16,44.56,-128.83,1
W,2022-10-29 11:48:49.201699,-0.20,-0.47,0.73,11.35,-14.77,4.76,-0.16,44.56,-128.83,1
W,2022-10-29 11:48:49.219733,-0.19,-0.48,0.73,12.27,-3.85,13.55,-0.16,44.56,-128.83,1
W,2022-10-29 11:48:49.238747,-0.01,0.02,0.58,2.87,4.21,9.58,0.27,45.26,-126.76,1
W,2022-10-29 11:48:49.257149,-0.15,-0.36,0.66,0.92,-5.31,-30.03,0.27,45.26,-126.76,1
W,2022-10-29 11:48:49.275697,-0.20,-0.42,0.71,7.20,-14.65,-32.23,-0.50,48.73,-129.25,1
W,2022-10-29 11:48:49.294418,-0.18,-0.45,0.76,20.39,-19.65,-21.85,-0.50,48.73,-129.25,1
W,2022-10-29 11:48:49.311843,-0.24,-0.56,0.79,25.09,-18.37,-15.87,-0.50,48.73,-129.25,1
W,2022-10-29 11:48:49.330838,-0.24,-0.62,0.88,28.02,-13.00,-7.87,-3.25,54.91,-132.79,1
W,2022-10-29 11:48:49.348849,-0.23,-0.63,0.86,30.09,-5.55,1.28,-3.25,54.91,-132.79,1
W,2022-10-29 11:48:49.366857,-0.22,-0.67,0.85,30.27,-3.91,5.86,-3.25,54.91,-132.79,1
W,2022-10-29 11:48:49.385858,-0.22,-0.75,0.90,25.15,-5.13,3.36,-4.80,60.28,-133.03,1
W,2022-10-29 11:48:49.403957,-0.24,-0.83,0.91,20.26,-3.72,2.99,-4.80,60.28,-133.03,1
W,2022-10-29 11:48:49.421956,-0.20,-0.78,0.81,23.93,-3.91,17.64,-4.80,60.28,-133.03,1
W,2022-10-29 11:48:49.440836,-0.19,-0.70,0.80,17.58,-11.41,9.28,-5.43,62.81,-134.44,1
W,2022-10-29 11:48:49.459029,-0.20,-0.67,0.80,-2.93,-21.85,-13.67,-5.43,62.81,-134.44,1
W,2022-10-29 11:48:49.477350,-0.20,-0.61,0.79,-9.22,-27.89,-22.16,-5.94,62.56,-134.62,1
W,2022-10-29 11:48:49.496107,-0.23,-0.58,0.86,-10.07,-33.75,-25.02,-5.94,62.56,-134.62,1
W,2022-10-29 11:48:49.513629,-0.41,-0.74,1.29,-24.41,31.68,-12.88,-5.94,62.56,-134.62,1
W,2022-10-29 11:48:49.532545,-0.16,-0.64,0.76,-35.89,78.37,5.68,-2.12,58.58,-133.35,1
W,2022-10-29 11:48:49.550841,-0.17,-0.57,0.76,-20.08,37.72,3.36,-2.12,58.58,-133.35,1
W,2022-10-29 11:48:49.568908,-0.19,-0.62,0.77,-11.17,21.85,3.42,-2.12,58.58,-133.35,1
W,2022-10-29 11:48:49.587917,-0.18,-0.56,0.71,-11.29,18.49,2.87,2.43,54.71,-129.88,1
W,2022-10-29 11:48:49.605696,-0.16,-0.54,0.73,-15.44,18.92,1.40,2.43,54.71,-129.88,1
W,2022-10-29 11:48:49.624261,-0.16,-0.47,0.65,-17.15,15.44,-4.58,5.90,51.46,-128.82,1
W,2022-10-29 11:48:49.642954,-0.16,-0.45,0.60,-9.03,6.04,-6.90,5.90,51.46,-128.82,1
W,2022-10-29 11:48:49.660601,-0.17,-0.48,0.65,-5.43,-5.86,-9.28,5.90,51.46,-128.82,1
W,2022-10-29 11:48:49.680064,-0.18,-0.43,0.62,-7.02,-9.77,-9.46,6.27,50.16,-128.03,1
W,2022-10-29 11:48:49.698134,-0.20,-0.48,0.75,-5.68,-9.52,-4.15,6.27,50.16,-128.03,1
W,2022-10-29 11:48:49.716014,-0.20,-0.51,0.75,-4.82,0.24,3.97,6.27,50.16,-128.03,1
W,2022-10-29 11:48:49.734885,-0.19,-0.52,0.75,-9.34,9.46,7.87,6.19,49.96,-129.54,1
W,2022-10-29 11:48:49.752957,-0.19,-0.47,0.68,-14.65,15.01,9.34,6.19,49.96,-129.54,1
W,2022-10-29 11:48:49.771169,-0.26,-0.44,0.70,0.55,-9.95,-0.85,6.19,49.96,-129.54,1
W,2022-10-29 11:48:49.790204,-0.43,-0.62,0.87,5.98,12.39,4.76,5.29,50.23,-129.15,1
W,2022-10-29 11:48:49.807552,-0.31,-0.66,0.81,21.00,26.43,17.52,5.29,50.23,-129.15,1
W,2022-10-29 11:48:49.826552,-0.24,-0.68,0.71,21.73,31.56,22.09,2.93,50.31,-128.28,1
W,2022-10-29 11:48:49.844607,-0.23,-0.71,0.68,12.76,27.83,16.48,2.93,50.31,-128.28,1
W,2022-10-29 11:48:49.863622,-0.20,-0.80,0.61,9.77,27.89,17.88,2.93,50.31,-128.28,1
W,2022-10-29 11:48:49.881655,-0.08,-0.86,0.54,17.94,24.48,28.75,-0.73,49.30,-125.82,1
W,2022-10-29 11:48:49.899677,0.01,-0.89,0.50,19.35,16.85,39.49,-0.73,49.30,-125.82,1
W,2022-10-29 11:48:49.917989,0.00,-0.84,0.54,-0.61,8.61,40.10,-0.73,49.30,-125.82,1
W,2022-10-29 11:48:49.936714,-0.09,-0.72,0.65,-36.13,5.00,29.54,-4.36,48.84,-123.06,1
W,2022-10-29 11:48:49.954935,-0.15,-0.65,0.74,-33.87,9.28,31.86,-4.36,48.84,-123.06,1
W,2022-10-29 11:48:49.973452,-0.10,-0.64,0.73,-18.01,10.74,45.59,-7.50,49.21,-118.88,1
W,2022-10-29 11:48:49.991490,-0.01,-0.64,0.67,-3.36,7.93,58.35,-7.50,49.21,-118.88,1
W,2022-10-29 11:48:50.009474,0.01,-0.73,0.64,1.59,-3.36,68.85,-7.50,49.21,-118.88,1
W,2022-10-29 11:48:50.029240,-0.03,-0.66,0.68,-16.30,-7.57,66.04,-6.88,50.55,-111.88,1
W,2022-10-29 11:48:50.046986,-0.10,-0.58,0.77,-36.38,-5.43,55.97,-6.88,50.55,-111.88,1
W,2022-10-29 11:48:50.064975,-0.03,-0.49,0.80,-41.32,0.55,51.39,-6.88,50.55,-111.88,1
W,2022-10-29 11:48:50.085262,0.05,-0.46,0.78,-30.21,0.12,51.82,-2.17,49.93,-108.46,1
W,2022-10-29 11:48:50.102671,0.10,-0.44,0.75,-21.61,-5.98,58.17,-2.17,49.93,-108.46,1
W,2022-10-29 11:48:50.121350,0.11,-0.41,0.78,-20.75,-11.72,57.92,-2.17,49.93,-108.46,1
W,2022-10-29 11:48:50.140168,0.01,-0.40,0.86,-30.46,-14.28,50.96,4.88,47.56,-106.63,1
W,2022-10-29 11:48:50.158173,0.02,-0.31,0.94,-47.12,-5.80,37.29,4.88,47.56,-106.63,1
W,2022-10-29 11:48:50.176090,0.12,-0.24,0.95,-47.12,-2.81,27.40,10.90,43.38,-108.44,1
W,2022-10-29 11:48:50.194177,0.15,-0.25,0.95,-39.98,-4.76,26.55,10.90,43.38,-108.44,1
W,2022-10-29 11:48:50.212583,0.11,-0.24,0.95,-34.55,-8.54,30.15,10.90,43.38,-108.44,1
W,2022-10-29 11:48:50.231592,0.04,-0.23,1.01,-31.86,-12.33,31.37,14.54,38.22,-115.78,1
W,2022-10-29 11:48:50.249599,0.02,-0.15,1.05,-46.88,-4.94,18.31,14.54,38.22,-115.78,1
W,2022-10-29 11:48:50.267397,0.06,-0.13,1.06,-52.25,0.49,5.07,14.54,38.22,-115.78,1
W,2022-10-29 11:48:50.286147,0.08,-0.16,1.05,-52.06,2.99,-2.08,13.38,33.58,-122.52,1
W,2022-10-29 11:48:50.304471,0.12,-0.17,1.03,-38.82,2.38,4.39,13.38,33.58,-122.52,1
W,2022-10-29 11:48:50.324392,0.15,-0.16,0.98,-18.01,-4.46,16.60,10.62,30.59,-128.45,1
W,2022-10-29 11:48:50.342420,0.13,-0.21,0.93,-12.21,-11.84,18.86,10.62,30.59,-128.45,1
W,2022-10-29 11:48:50.359101,0.03,-0.22,1.01,-15.38,-19.23,16.36,10.62,30.59,-128.45,1
W,2022-10-29 11:48:50.379130,-0.01,-0.12,1.07,-36.32,-13.18,3.72,6.98,27.95,-135.36,1
W,2022-10-29 11:48:50.396392,0.00,-0.08,1.09,-50.54,-2.32,-16.54,6.98,27.95,-135.36,1
W,2022-10-29 11:48:50.415092,0.09,-0.06,1.03,-37.96,-2.26,-15.08,6.98,27.95,-135.36,1
W,2022-10-29 11:48:50.434093,0.08,-0.10,1.02,-16.91,-9.22,-7.81,3.37,26.38,-140.65,1
W,2022-10-29 11:48:50.451179,0.03,-0.13,1.03,-0.06,-12.88,-0.43,3.37,26.38,-140.65,1
W,2022-10-29 11:48:50.469928,-0.01,-0.17,1.02,9.58,-9.70,2.75,3.37,26.38,-140.65,1
W,2022-10-29 11:48:50.488809,-0.01,-0.25,1.00,8.00,-1.95,-0.24,0.99,24.84,-141.82,1
