W,2022-10-29 11:49:07.720484,-0.25,-0.50,0.85,-6.10,2.32,6.29,-63.04,20.31,-119.92,1
W,2022-10-29 11:49:07.740362,-0.24,-0.46,0.86,-9.64,2.56,6.16,-65.31,20.03,-121.67,1
W,2022-10-29 11:49:07.758240,-0.22,-0.41,0.85,-13.43,3.66,2.99,-65.31,20.03,-121.67,1
W,2022-10-29 11:49:07.775680,-0.23,-0.36,0.89,-18.92,4.58,-1.10,-65.31,20.03,-121.67,1
W,2022-10-29 11:49:07.795506,-0.26,-0.36,0.88,-6.65,6.04,-1.53,-66.81,19.93,-123.03,1
W,2022-10-29 11:49:07.812829,-0.20,-0.41,0.84,1.83,4.33,0.85,-66.81,19.93,-123.03,1
W,2022-10-29 11:49:07.831068,-0.19,-0.44,0.81,1.71,1.71,0.55,-66.81,19.93,-123.03,1
W,2022-10-29 11:49:07.850125,-0.18,-0.42,0.81,-1.77,-0.31,-0.12,-67.75,19.74,-123.65,1
W,2022-10-29 11:49:07.867818,-0.20,-0.41,0.82,-8.36,-1.34,-3.72,-67.75,19.74,-123.65,1
W,2022-10-29 11:49:07.887073,-0.27,-0.34,0.88,9.58,-6.53,-5.37,-68.82,18.55,-125.59,1
W,2022-10-29 11:49:07.905234,-0.24,-0.44,0.84,19.10,-4.52,0.49,-68.82,18.55,-125.59,1
W,2022-10-29 11:49:07.923237,-0.23,-0.43,0.83,14.53,-3.48,3.23,-68.82,18.55,-125.59,1
W,2022-10-29 11:49:07.941885,-0.23,-0.43,0.82,11.54,-0.92,4.52,-68.37,18.84,-125.82,1
W,2022-10-29 11:49:07.959883,-0.24,-0.42,0.82,9.70,3.72,6.90,-68.37,18.84,-125.82,1
W,2022-10-29 11:49:07.977924,-0.09,-0.14,0.43,12.45,5.98,6.77,-68.37,18.84,-125.82,1
W,2022-10-29 11:49:07.997175,-0.23,-0.39,0.78,24.48,-30.70,-15.32,-67.90,18.48,-125.73,1
W,2022-10-29 11:49:08.015348,-0.19,-0.27,0.62,29.11,-34.55,-10.31,-67.90,18.48,-125.73,1
W,2022-10-29 11:49:08.032347,-0.24,-0.35,0.69,41.69,-52.19,-13.55,-67.90,18.48,-125.73,1
W,2022-10-29 11:49:08.052103,-0.29,-0.44,0.76,37.41,-50.72,-11.47,-71.08,15.30,-120.70,1
W,2022-10-29 11:49:08.070119,-0.33,-0.48,0.81,31.80,-42.05,-10.62,-71.08,15.30,-120.70,1
W,2022-10-29 11:49:08.089147,-0.31,-0.54,0.81,26.00,-28.32,-11.54,-73.78,10.72,-114.03,1
W,2022-10-29 11:49:08.107645,-0.32,-0.60,0.82,15.44,-23.01,-13.61,-73.78,10.72,-114.03,1
W,2022-10-29 11:49:08.124787,-0.36,-0.64,0.93,7.08,-18.74,-11.84,-73.78,10.72,-114.03,1
W,2022-10-29 11:49:08.143434,-0.36,-0.62,0.95,3.97,-14.16,-6.84,-72.96,7.47,-109.44,1
W,2022-10-29 11:49:08.162329,-0.37,-0.64,0.98,3.78,-13.18,-5.37,-72.96,7.47,-109.44,1
W,2022-10-29 11:49:08.179426,-0.39,-0.70,1.00,5.19,-10.25,-2.14,-72.96,7.47,-109.44,1
W,2022-10-29 11:49:08.198541,-0.30,-0.61,0.86,3.23,-19.29,-2.69,-72.08,5.68,-106.69,1
W,2022-10-29 11:49:08.217000,-0.33,-0.56,0.82,-2.26,-29.11,-13.00,-72.08,5.68,-106.69,1
W,2022-10-29 11:49:08.236997,-0.49,-0.57,0.97,-2.20,-35.10,-18.25,-72.83,5.74,-106.31,1
W,2022-10-29 11:49:08.254243,-0.53,-0.58,1.02,7.45,9.22,1.59,-72.83,5.74,-106.31,1
W,2022-10-29 11:49:08.273813,-0.38,-0.52,0.82,3.60,19.59,0.49,-72.83,5.74,-106.31,1
W,2022-10-29 11:49:08.291940,-0.41,-0.53,0.86,-4.52,26.86,-0.85,-70.67,8.39,-112.57,1
W,2022-10-29 11:49:08.310144,-0.33,-0.49,0.76,-10.99,37.48,-0.06,-70.67,8.39,-112.57,1
W,2022-10-29 11:49:08.328531,-0.27,-0.45,0.66,-11.84,34.18,-2.38,-70.67,8.39,-112.57,1
W,2022-10-29 11:49:08.346532,-0.26,-0.42,0.62,-6.65,15.81,-4.82,-65.17,10.17,-118.66,1
W,2022-10-29 11:49:08.364863,-0.23,-0.41,0.54,0.92,-0.73,-4.52,-65.17,10.17,-118.66,1
W,2022-10-29 11:49:08.382562,-0.30,-0.47,0.61,8.24,-18.86,-1.10,-65.17,10.17,-118.66,1
W,2022-10-29 11:49:08.401974,-0.36,-0.47,0.68,7.45,-13.43,4.88,-62.56,10.90,-119.58,1
W,2022-10-29 11:49:08.420211,-0.36,-0.50,0.69,3.11,8.79,10.93,-62.56,10.90,-119.58,1
W,2022-10-29 11:49:08.439412,-0.32,-0.48,0.72,1.04,21.00,12.33,-61.56,11.56,-119.84,1
W,2022-10-29 11:49:08.457402,-0.19,-0.25,0.55,-7.39,7.75,-12.51,-61.56,11.56,-119.84,1
W,2022-10-29 11:49:08.474891,-0.32,-0.38,0.76,3.05,-15.44,-21.67,-61.56,11.56,-119.84,1
W,2022-10-29 11:49:08.493615,-0.29,-0.32,0.71,16.36,-17.88,-13.73,-62.22,9.40,-117.82,1
W,2022-10-29 11:49:08.511626,-0.35,-0.46,0.79,24.84,-21.61,-17.03,-62.22,9.40,-117.82,1
W,2022-10-29 11:49:08.530455,-0.38,-0.54,0.85,28.14,-19.65,-13.37,-62.22,9.40,-117.82,1
W,2022-10-29 11:49:08.549080,-0.41,-0.65,0.90,30.88,-16.17,-10.31,-60.44,7.12,-112.92,1
W,2022-10-29 11:49:08.568308,-0.43,-0.77,0.93,25.76,-8.97,-3.78,-60.44,7.12,-112.92,1
W,2022-10-29 11:49:08.586603,-0.40,-0.91,0.85,17.33,-7.81,2.50,-57.31,6.82,-110.53,1
W,2022-10-29 11:49:08.604487,-0.34,-0.71,0.78,0.49,-15.44,0.73,-57.31,6.82,-110.53,1
W,2022-10-29 11:49:08.623502,-0.35,-0.59,0.79,-18.62,-23.93,-18.55,-57.31,6.82,-110.53,1
W,2022-10-29 11:49:08.642012,-0.37,-0.51,0.79,-18.49,-31.98,-26.98,-58.64,5.10,-111.34,1
W,2022-10-29 11:49:08.660020,-0.64,-0.61,1.14,1.77,-1.16,-6.35,-58.64,5.10,-111.34,1
W,2022-10-29 11:49:08.677406,-0.41,-0.55,0.86,9.89,31.43,9.58,-58.64,5.10,-111.34,1
W,2022-10-29 11:49:08.696472,-0.44,-0.60,0.89,-1.34,33.26,4.09,-55.79,8.29,-116.66,1
W,2022-10-29 11:49:08.714576,-0.41,-0.56,0.85,-10.62,45.23,4.15,-55.79,8.29,-116.66,1
W,2022-10-29 11:49:08.732694,-0.30,-0.52,0.69,-7.20,44.86,4.15,-55.79,8.29,-116.66,1
W,2022-10-29 11:49:08.751696,-0.25,-0.48,0.58,-0.55,31.49,5.55,-48.95,11.78,-121.98,1
W,2022-10-29 11:49:08.769693,-0.21,-0.40,0.48,3.11,8.36,3.42,-48.95,11.78,-121.98,1
W,2022-10-29 11:49:08.788766,-0.22,-0.35,0.46,3.11,-17.58,-3.91,-44.96,13.29,-123.66,1
W,2022-10-29 11:49:08.807659,-0.31,-0.37,0.54,6.29,-40.65,-11.29,-44.96,13.29,-123.66,1
W,2022-10-29 11:49:08.825065,-0.40,-0.48,0.63,7.69,-20.39,0.12,-44.96,13.29,-123.66,1
W,2022-10-29 11:49:08.844579,-0.40,-0.54,0.65,3.85,0.06,7.93,-44.20,12.99,-123.93,1
W,2022-10-29 11:49:08.863195,-0.38,-0.55,0.67,-8.54,17.09,9.77,-44.20,12.99,-123.93,1
W,2022-10-29 11:49:08.881186,-0.36,-0.54,0.71,-20.02,32.53,8.67,-44.20,12.99,-123.93,1
W,2022-10-29 11:49:08.900097,-0.34,-0.50,0.74,-29.48,36.01,8.42,-44.25,13.51,-122.39,1
W,2022-10-29 11:49:08.918096,-0.44,-0.42,0.66,-27.40,29.54,10.86,-44.25,13.51,-122.39,1
W,2022-10-29 11:49:08.936761,-0.56,-0.37,1.05,0.67,2.50,16.78,-44.93,14.72,-121.46,1
W,2022-10-29 11:49:08.954953,-0.38,-0.26,0.96,17.52,20.39,4.09,-44.93,14.72,-121.46,1
W,2022-10-29 11:49:08.972965,-0.25,-0.44,0.80,24.48,27.40,-7.08,-44.93,14.72,-121.46,1
W,2022-10-29 11:49:08.991916,-0.20,-0.50,0.78,31.07,17.88,-5.92,-40.66,18.20,-119.24,1
W,2022-10-29 11:49:09.010382,-0.17,-0.55,0.75,32.04,12.27,-4.88,-40.66,18.20,-119.24,1
W,2022-10-29 11:49:09.027930,-0.16,-0.59,0.72,25.33,7.32,-6.65,-40.66,18.20,-119.24,1
W,2022-10-29 11:49:09.047351,-0.14,-0.56,0.70,8.00,1.95,-14.53,-36.30,19.75,-116.14,1
W,2022-10-29 11:49:09.065385,-0.23,-0.59,0.76,1.46,-5.00,-18.13,-36.30,19.75,-116.14,1
W,2022-10-29 11:49:09.085241,-0.33,-0.60,0.85,1.40,-4.58,-13.79,-34.67,19.91,-116.69,1
W,2022-10-29 11:49:09.103344,-0.33,-0.56,0.85,3.36,2.99,-10.19,-34.67,19.91,-116.69,1
W,2022-10-29 11:49:09.121346,-0.31,-0.59,0.82,10.93,8.24,-5.13,-34.67,19.91,-116.69,1
W,2022-10-29 11:49:09.140395,-0.28,-0.60,0.78,12.82,4.58,-3.91,-31.76,21.08,-117.47,1
W,2022-10-29 11:49:09.157832,-0.29,-0.61,0.78,8.91,4.88,-5.31,-31.76,21.08,-117.47,1
W,2022-10-29 11:49:09.175883,-0.28,-0.61,0.75,7.26,5.25,-5.37,-31.76,21.08,-117.47,1
W,2022-10-29 11:49:09.195048,-0.29,-0.64,0.76,6.23,3.85,-3.91,-28.36,21.90,-118.25,1
W,2022-10-29 11:49:09.212593,-0.32,-0.62,0.77,2.87,5.00,-0.79,-28.36,21.90,-118.25,1
W,2022-10-29 11:49:09.230206,-0.30,-0.58,0.76,-2.26,8.12,-2.20,-28.36,21.90,-118.25,1
W,2022-10-29 11:49:09.249599,-0.27,-0.54,0.75,-5.13,8.79,-4.33,-26.83,22.50,-118.20,1
W,2022-10-29 11:49:09.268626,-0.23,-0.51,0.74,-3.60,7.45,-4.76,-26.83,22.50,-118.20,1
