I,2022-10-20 13:52:15.706895,0.31,-0.43,0.39,-10.13,-30.52,-2.14,2.94,-36.34,-116.28,1
I,2022-10-20 13:52:15.727528,-0.64,-0.45,1.23,-2.93,-56.27,14.53,1.95,-37.70,-119.78,1
I,2022-10-20 13:52:15.748340,-0.34,0.08,-0.21,45.17,67.99,31.19,1.95,-37.70,-119.78,1
I,2022-10-20 13:52:15.766769,0.31,-0.39,0.60,128.48,2.56,14.04,1.97,-32.23,-118.58,1
I,2022-10-20 13:52:15.786421,0.11,-0.41,1.00,79.83,-18.62,9.70,1.97,-32.23,-118.58,1
I,2022-10-20 13:52:15.807693,0.24,-0.40,0.67,24.78,-3.60,8.18,1.97,-32.23,-118.58,1
I,2022-10-20 13:52:15.827833,0.17,-0.23,0.88,-2.32,-15.20,-3.66,-1.40,-29.35,-116.42,1
I,2022-10-20 13:52:15.849394,0.15,-0.10,0.80,-3.23,-35.58,-10.99,-1.40,-29.35,-116.42,1
I,2022-10-20 13:52:15.867108,0.41,-0.19,1.23,45.41,-57.62,-0.61,-4.37,-27.19,-109.48,1
I,2022-10-20 13:52:15.888286,0.36,-0.31,1.21,-29.36,-18.55,-4.33,-4.37,-27.19,-109.48,1
I,2022-10-20 13:52:15.910545,0.31,-0.28,1.14,-70.25,-61.22,-24.84,-4.37,-27.19,-109.48,1
I,2022-10-20 13:52:15.930716,0.09,-0.27,1.42,-109.74,-44.68,-33.14,-5.43,-28.58,-106.15,1
I,2022-10-20 13:52:15.951229,0.03,-0.30,1.44,-0.31,20.02,7.93,-5.43,-28.58,-106.15,1
I,2022-10-20 13:52:15.970655,0.32,-0.45,1.01,48.28,28.20,35.28,-4.46,-29.02,-105.94,1
I,2022-10-20 13:52:15.989790,0.46,-0.55,0.71,50.66,27.65,47.97,-4.46,-29.02,-105.94,1
I,2022-10-20 13:52:16.009403,0.68,-0.51,0.28,-27.95,-5.13,41.93,-4.46,-29.02,-105.94,1
I,2022-10-20 13:52:16.031209,0.75,-0.05,0.12,-87.04,-46.14,31.43,-2.94,-27.47,-105.57,1
I,2022-10-20 13:52:16.048644,0.59,0.48,0.18,-97.41,-67.38,-36.32,-2.94,-27.47,-105.57,1
I,2022-10-20 13:52:16.071154,0.18,1.08,1.27,102.84,14.59,12.57,-4.61,-27.22,-104.02,1
I,2022-10-20 13:52:16.092385,0.02,0.68,1.25,282.71,-24.17,89.60,-4.61,-27.22,-104.02,1
I,2022-10-20 13:52:16.110853,0.07,0.59,1.48,154.91,20.26,-24.84,-4.61,-27.22,-104.02,1
I,2022-10-20 13:52:16.129501,0.21,-0.80,0.97,91.98,34.00,-86.36,-6.27,-22.57,-104.38,1
I,2022-10-20 13:52:16.151230,0.32,-0.60,1.42,-38.51,12.45,-80.26,-6.27,-22.57,-104.38,1
I,2022-10-20 13:52:16.172167,0.25,-1.18,0.97,-236.45,60.97,-145.69,-4.98,-30.60,-111.39,1
I,2022-10-20 13:52:16.193945,-0.15,-0.99,1.25,-119.87,64.21,-21.00,-4.98,-30.60,-111.39,1
I,2022-10-20 13:52:16.211503,0.23,-0.74,0.88,-6.59,59.20,42.48,-4.98,-30.60,-111.39,1
I,2022-10-20 13:52:16.233181,0.39,-0.85,0.66,6.10,45.17,63.60,-0.27,-33.24,-115.80,1
I,2022-10-20 13:52:16.255346,0.61,-0.62,0.44,-39.18,30.15,79.10,-0.27,-33.24,-115.80,1
I,2022-10-20 13:52:16.275493,0.55,-0.06,0.31,-116.94,-8.30,79.04,1.99,-33.40,-115.60,1
I,2022-10-20 13:52:16.294871,0.62,0.59,0.13,-118.77,-40.95,65.06,1.99,-33.40,-115.60,1
I,2022-10-20 13:52:16.316036,-0.68,0.89,1.45,-13.06,-72.63,-34.79,1.99,-33.40,-115.60,1
I,2022-10-20 13:52:16.336770,0.24,0.97,1.16,255.80,-12.02,27.95,-0.16,-34.34,-114.33,1
I,2022-10-20 13:52:16.359133,0.05,-0.53,0.48,109.92,58.72,-65.00,-0.16,-34.34,-114.33,1
I,2022-10-20 13:52:16.378200,0.18,-0.74,0.64,76.66,10.93,-63.17,1.16,-28.14,-116.41,1
I,2022-10-20 13:52:16.397120,0.19,-0.85,0.83,-287.72,20.69,-235.11,1.16,-28.14,-116.41,1
I,2022-10-20 13:52:16.420090,-0.79,-1.03,1.55,-233.34,2.38,-148.01,2.04,-42.81,-120.59,1
I,2022-10-20 13:52:16.440069,-0.02,-0.63,0.95,68.48,50.84,26.98,2.04,-42.81,-120.59,1
I,2022-10-20 13:52:16.460643,0.10,-0.84,0.77,105.04,42.36,50.23,2.04,-42.81,-120.59,1
I,2022-10-20 13:52:16.484137,0.23,-0.83,0.62,86.85,29.54,69.58,5.11,-36.76,-117.48,1
I,2022-10-20 13:52:16.500790,0.30,-0.72,0.52,62.56,1.16,80.08,5.11,-36.76,-117.48,1
I,2022-10-20 13:52:16.521576,0.27,-0.59,0.53,31.68,-13.00,76.72,4.90,-30.91,-113.27,1
