F,2022-10-21 11:31:08.467296,-0.16,-0.41,1.03,-44.37,-30.64,29.54,-14.21,69.65,-40.78,1
F,2022-10-21 11:31:08.485382,-0.12,-0.37,1.03,-36.56,-23.68,26.67,-14.21,69.65,-40.78,1
F,2022-10-21 11:31:08.503474,-0.17,-0.38,1.00,-25.88,-17.15,18.92,-14.21,69.65,-40.78,1
F,2022-10-21 11:31:08.522374,-0.18,-0.39,1.00,-18.98,-13.67,15.08,-6.92,70.94,-41.66,1
F,2022-10-21 11:31:08.540360,-0.18,-0.41,0.94,-15.81,-12.57,10.68,-6.92,70.94,-41.66,1
F,2022-10-21 11:31:08.559389,-0.16,-0.40,0.92,-15.63,-9.83,7.14,-2.11,70.78,-43.08,1
F,2022-10-21 11:31:08.577347,-0.12,-0.43,0.91,-14.53,-8.06,2.93,-2.11,70.78,-43.08,1
F,2022-10-21 11:31:08.595443,-0.17,-0.41,0.85,-19.53,-4.27,-0.85,-2.11,70.78,-43.08,1
F,2022-10-21 11:31:08.614357,-0.25,-0.45,0.96,-23.99,-2.32,-0.06,1.82,70.84,-44.09,1
F,2022-10-21 11:31:08.632306,-0.25,-0.43,0.99,-28.02,2.99,3.05,1.82,70.84,-44.09,1
F,2022-10-21 11:31:08.650376,-0.23,-0.44,0.97,-23.44,10.13,7.45,1.82,70.84,-44.09,1
F,2022-10-21 11:31:08.669325,-0.20,-0.45,0.96,-15.75,14.22,12.51,3.88,71.47,-44.75,1
F,2022-10-21 11:31:08.687353,-0.16,-0.46,0.93,-18.25,13.55,19.65,3.88,71.47,-44.75,1
F,2022-10-21 11:31:08.705181,-0.08,-0.44,0.88,-28.26,19.10,17.58,3.88,71.47,-44.75,1
F,2022-10-21 11:31:08.724047,-0.08,-0.40,0.91,-34.42,24.48,11.29,7.01,71.13,-47.88,1
F,2022-10-21 11:31:08.742358,-0.09,-0.36,0.93,-36.93,28.81,6.90,7.01,71.13,-47.88,1
F,2022-10-21 11:31:08.761073,-0.08,-0.32,0.96,-34.42,32.65,5.37,8.83,71.50,-48.58,1
F,2022-10-21 11:31:08.779243,-0.05,-0.34,0.94,-21.42,28.14,4.88,8.83,71.50,-48.58,1
F,2022-10-21 11:31:08.797288,-0.05,-0.36,0.88,-28.38,25.51,0.79,8.83,71.50,-48.58,1
F,2022-10-21 11:31:08.816121,-0.05,-0.30,0.91,-35.83,24.41,-5.37,10.14,72.13,-52.00,1
F,2022-10-21 11:31:08.834421,-0.05,-0.25,0.93,-29.91,21.24,-10.50,10.14,72.13,-52.00,1
F,2022-10-21 11:31:08.852329,-0.59,-0.08,0.97,-25.21,10.01,-11.54,10.14,72.13,-52.00,1
F,2022-10-21 11:31:08.871065,-0.10,-0.28,0.79,68.73,5.31,2.32,10.64,72.28,-50.87,1
F,2022-10-21 11:31:08.889246,-0.10,-0.52,0.72,40.59,21.42,3.91,10.64,72.28,-50.87,1
F,2022-10-21 11:31:08.907334,-0.06,-0.39,0.74,20.69,34.42,-1.28,10.64,72.28,-50.87,1
F,2022-10-21 11:31:08.926320,-0.05,-0.41,1.06,22.95,38.39,-4.76,10.61,71.24,-47.31,1
F,2022-10-21 11:31:08.944297,-0.01,-0.43,1.01,50.17,-0.49,-31.80,10.61,71.24,-47.31,1
F,2022-10-21 11:31:08.963294,-0.03,-0.28,0.93,46.14,-34.97,-41.14,9.38,70.03,-44.32,1
F,2022-10-21 11:31:08.981356,-0.08,-0.32,0.82,66.47,-54.75,-35.52,9.38,70.03,-44.32,1
F,2022-10-21 11:31:08.999309,-0.09,-0.46,0.77,74.95,-55.11,-33.45,9.38,70.03,-44.32,1
F,2022-10-21 11:31:09.018338,-0.09,-0.54,0.76,73.30,-57.86,-37.17,8.50,68.88,-40.48,1
F,2022-10-21 11:31:09.036474,-0.09,-0.56,0.81,58.96,-66.35,-42.54,8.50,68.88,-40.48,1
F,2022-10-21 11:31:09.054334,-0.16,-0.55,0.84,44.62,-75.87,-44.31,8.50,68.88,-40.48,1
F,2022-10-21 11:31:09.073181,-0.26,-0.55,0.89,30.03,-61.52,-34.42,8.96,68.18,-37.11,1
F,2022-10-21 11:31:09.091377,-0.34,-0.58,0.94,22.52,-42.30,-23.38,8.96,68.18,-37.11,1
F,2022-10-21 11:31:09.109341,-0.38,-0.65,0.96,20.45,-20.32,-11.90,8.96,68.18,-37.11,1
F,2022-10-21 11:31:09.128245,-0.30,-0.70,1.05,11.96,3.97,-2.99,8.96,67.65,-34.68,1
F,2022-10-21 11:31:09.146333,-0.27,-0.67,0.98,17.52,-0.55,-8.00,8.96,67.65,-34.68,1
F,2022-10-21 11:31:09.165175,-0.37,-0.59,0.92,-6.90,-1.22,11.66,9.28,67.20,-34.29,1
F,2022-10-21 11:31:09.183346,-0.38,-0.47,0.82,-8.73,18.55,40.53,9.28,67.20,-34.29,1
F,2022-10-21 11:31:09.201341,-0.25,-0.66,0.76,-0.24,47.85,52.49,9.28,67.20,-34.29,1
F,2022-10-21 11:31:09.220069,-0.11,-0.63,0.75,-21.91,75.50,48.34,9.75,67.27,-36.52,1
F,2022-10-21 11:31:09.238270,-0.15,-0.55,0.90,-43.40,87.52,38.88,9.75,67.27,-36.52,1
F,2022-10-21 11:31:09.256416,-0.12,-0.45,0.95,-16.48,62.07,25.39,9.75,67.27,-36.52,1
F,2022-10-21 11:31:09.275286,-0.09,-0.47,0.90,-3.36,45.47,22.83,9.08,67.64,-36.95,1
F,2022-10-21 11:31:09.293355,-0.10,-0.45,0.83,4.70,27.89,17.58,9.08,67.64,-36.95,1
F,2022-10-21 11:31:09.311339,-0.10,-0.45,0.81,13.49,12.45,12.76,9.08,67.64,-36.95,1
F,2022-10-21 11:31:09.330261,-0.11,-0.44,0.75,18.01,-3.30,7.45,8.24,66.41,-37.27,1
F,2022-10-21 11:31:09.348271,-0.11,-0.40,0.76,12.15,-16.78,6.59,8.24,66.41,-37.27,1
F,2022-10-21 11:31:09.367105,-0.15,-0.39,0.75,13.00,-20.02,13.79,8.73,66.41,-34.23,1
F,2022-10-21 11:31:09.385346,-0.22,-0.53,0.76,1.59,-3.97,20.26,8.73,66.41,-34.23,1
F,2022-10-21 11:31:09.403162,-0.18,-0.57,0.89,-9.16,32.17,1.65,8.73,66.41,-34.23,1
F,2022-10-21 11:31:09.422139,-0.12,-0.43,1.00,-9.03,54.38,-17.88,5.79,67.66,-36.46,1
F,2022-10-21 11:31:09.440301,-0.07,-0.45,1.01,10.62,58.96,-21.30,5.79,67.66,-36.46,1
F,2022-10-21 11:31:09.458300,-0.05,-0.58,0.83,21.00,49.62,-23.74,5.79,67.66,-36.46,1
F,2022-10-21 11:31:09.477219,-0.04,-0.61,0.71,20.87,34.06,-23.93,-0.78,68.44,-35.12,1
F,2022-10-21 11:31:09.495230,-0.06,-0.66,0.64,16.85,14.77,-15.75,-0.78,68.44,-35.12,1
F,2022-10-21 11:31:09.513286,-0.08,-0.73,0.54,10.56,1.46,-6.90,-0.78,68.44,-35.12,1
F,2022-10-21 11:31:09.532323,-0.09,-0.76,0.57,-3.72,-1.95,0.24,-3.36,68.85,-33.17,1
F,2022-10-21 11:31:09.550426,-0.09,-0.69,0.71,-25.70,13.31,-10.13,-3.36,68.85,-33.17,1
F,2022-10-21 11:31:09.569156,-0.12,-0.36,0.91,-30.27,6.47,4.88,-3.02,69.12,-36.00,1
F,2022-10-21 11:31:09.587341,-0.19,-0.56,0.86,11.66,-20.08,29.60,-3.02,69.12,-36.00,1
F,2022-10-21 11:31:09.605339,-0.14,-0.72,0.78,31.19,-34.36,26.37,-3.02,69.12,-36.00,1
F,2022-10-21 11:31:09.624114,-0.05,-0.61,0.78,19.17,-37.35,15.50,0.88,67.21,-34.47,1
F,2022-10-21 11:31:09.642246,-0.00,-0.53,0.75,15.75,-41.08,10.38,0.88,67.21,-34.47,1
F,2022-10-21 11:31:09.660354,-0.04,-0.54,0.73,19.04,-40.89,7.57,0.88,67.21,-34.47,1
F,2022-10-21 11:31:09.679234,-0.09,-0.51,0.75,16.60,-40.22,3.17,3.88,65.54,-32.78,1
F,2022-10-21 11:31:09.697352,-0.12,-0.48,0.82,16.60,-41.87,-0.24,3.88,65.54,-32.78,1
F,2022-10-21 11:31:09.715332,-0.05,-0.48,0.82,20.20,-42.24,-3.42,3.88,65.54,-32.78,1
F,2022-10-21 11:31:09.734221,0.05,-0.47,0.76,0.67,-23.74,-10.80,6.77,64.54,-31.92,1
F,2022-10-21 11:31:09.752307,-0.21,-0.46,0.86,-17.82,-10.07,-17.40,6.77,64.54,-31.92,1
F,2022-10-21 11:31:09.771301,-0.22,-0.39,0.94,-14.89,-0.67,-20.63,8.73,65.37,-33.02,1
F,2022-10-21 11:31:09.789307,-0.56,-0.19,1.22,-11.72,5.07,-13.79,8.73,65.37,-33.02,1
F,2022-10-21 11:31:09.807231,-0.19,-0.40,1.03,58.11,-2.14,10.19,8.73,65.37,-33.02,1
F,2022-10-21 11:31:09.826220,-0.18,-0.71,0.92,66.83,-9.34,-0.43,7.39,65.45,-29.13,1
F,2022-10-21 11:31:09.844262,-0.21,-0.63,0.82,42.66,-4.46,-21.30,7.39,65.45,-29.13,1
F,2022-10-21 11:31:09.862365,-0.23,-0.56,0.81,33.81,3.05,-31.43,7.39,65.45,-29.13,1
F,2022-10-21 11:31:09.881318,-0.21,-0.57,0.75,33.63,9.09,-30.27,3.26,65.10,-25.67,1
F,2022-10-21 11:31:09.899311,-0.22,-0.60,0.69,33.26,13.55,-27.95,3.26,65.10,-25.67,1
F,2022-10-21 11:31:09.917409,-0.19,-0.66,0.67,29.91,16.24,-26.37,3.26,65.10,-25.67,1
F,2022-10-21 11:31:09.936333,-0.20,-0.76,0.65,21.97,12.70,-21.79,-2.23,64.37,-22.24,1
F,2022-10-21 11:31:09.954348,-0.22,-0.82,0.65,5.98,8.61,-14.28,-2.23,64.37,-22.24,1
F,2022-10-21 11:31:09.973221,-0.23,-0.84,0.64,-10.31,5.92,-7.45,-5.55,65.52,-23.06,1
F,2022-10-21 11:31:09.991335,-0.27,-0.83,0.66,-28.63,5.00,-1.28,-5.55,65.52,-23.06,1
F,2022-10-21 11:31:10.009286,-0.39,-0.77,0.74,-43.82,12.21,5.25,-5.55,65.52,-23.06,1
F,2022-10-21 11:31:10.028253,-0.31,-0.52,0.95,-23.68,11.11,13.73,-6.65,66.63,-25.87,1
F,2022-10-21 11:31:10.046226,-0.18,-0.57,0.88,10.56,6.77,20.26,-6.65,66.63,-25.87,1
F,2022-10-21 11:31:10.064238,-0.14,-0.63,0.82,20.57,8.06,15.44,-6.65,66.63,-25.87,1
F,2022-10-21 11:31:10.083300,-0.14,-0.58,0.80,18.98,14.22,4.94,-8.02,65.54,-25.13,1
F,2022-10-21 11:31:10.101195,-0.14,-0.56,0.77,19.35,21.61,-0.06,-8.02,65.54,-25.13,1
F,2022-10-21 11:31:10.119326,-0.15,-0.60,0.71,16.30,25.15,-0.24,-8.02,65.54,-25.13,1
F,2022-10-21 11:31:10.138225,-0.18,-0.63,0.73,9.77,29.42,-0.06,-11.67,65.08,-24.05,1
