U,2022-10-26 16:13:29.406583,0.04,-0.26,0.59,-76.84,17.64,79.10,8.91,52.38,-26.90,1
U,2022-10-26 16:13:29.422253,0.20,-0.67,0.47,-13.85,54.50,98.63,8.91,52.38,-26.90,1
U,2022-10-26 16:13:29.438014,0.65,-1.22,0.38,-3.66,118.77,105.53,11.56,50.71,-26.89,1
U,2022-10-26 16:13:29.469118,0.88,-0.80,0.29,-69.21,124.27,54.02,11.56,50.71,-26.89,1
U,2022-10-26 16:13:29.484690,1.50,-0.45,0.77,-111.94,104.55,-18.49,15.34,49.91,-26.72,1
U,2022-10-26 16:13:29.500975,0.61,-0.65,0.69,35.83,47.12,-15.69,15.34,49.91,-26.72,1
U,2022-10-26 16:13:29.516867,0.68,-1.16,0.03,124.76,-11.78,-2.44,15.34,49.91,-26.72,1
U,2022-10-26 16:13:29.547897,0.78,-0.94,-0.02,35.28,-25.27,-21.24,16.39,51.21,-23.96,1
U,2022-10-26 16:13:29.563947,0.74,-0.70,0.14,7.32,-32.10,-19.65,16.39,51.21,-23.96,1
U,2022-10-26 16:13:29.579837,0.61,-0.95,0.15,11.23,-50.05,-12.88,16.06,51.12,-24.79,1
U,2022-10-26 16:13:29.610885,0.61,-0.68,0.24,-21.79,-46.45,-18.43,16.06,51.12,-24.79,1
U,2022-10-26 16:13:29.626446,0.59,-0.60,0.43,-33.39,-27.47,-5.31,15.31,50.46,-27.16,1
U,2022-10-26 16:13:29.642327,0.50,-0.66,0.44,-28.38,-17.76,4.52,15.31,50.46,-27.16,1
U,2022-10-26 16:13:29.657947,0.61,-0.71,0.39,-22.64,-8.73,5.68,15.31,50.46,-27.16,1
U,2022-10-26 16:13:29.688932,0.58,-0.82,0.21,-53.71,2.08,1.34,15.20,49.43,-29.77,1
U,2022-10-26 16:13:29.704812,0.55,-0.49,0.45,-77.76,38.02,-8.24,15.20,49.43,-29.77,1
U,2022-10-26 16:13:29.735841,0.54,-0.69,0.45,-31.25,29.11,3.30,15.04,48.55,-30.26,1
U,2022-10-26 16:13:29.751463,0.58,-0.57,0.53,-20.63,9.22,-3.05,15.04,48.55,-30.26,1
U,2022-10-26 16:13:29.767297,0.60,-0.51,0.53,-9.52,1.53,3.72,15.04,48.55,-30.26,1
U,2022-10-26 16:13:29.798324,0.59,-0.74,0.37,-9.09,-2.69,11.96,15.66,48.05,-31.57,1
U,2022-10-26 16:13:29.813913,0.24,-0.76,0.41,-28.14,6.16,5.55,15.66,48.05,-31.57,1
U,2022-10-26 16:13:29.829811,0.66,-0.54,0.36,12.76,-9.34,-8.42,14.86,47.78,-31.46,1
U,2022-10-26 16:13:29.860817,0.69,-0.57,0.41,15.26,-9.09,-0.61,14.86,47.78,-31.46,1
U,2022-10-26 16:13:29.876387,0.51,-0.65,0.56,6.35,-9.52,4.21,14.86,47.78,-31.46,1
U,2022-10-26 16:13:29.892278,0.54,-0.67,0.37,27.40,-12.45,0.06,14.48,48.19,-30.77,1
U,2022-10-26 16:13:29.923304,0.60,-0.67,0.37,27.53,-10.56,-2.26,14.48,48.19,-30.77,1
U,2022-10-26 16:13:29.938919,0.63,-0.63,0.35,32.17,-12.94,-3.60,13.61,48.66,-30.58,1
U,2022-10-26 16:13:29.954775,0.51,-0.65,0.50,23.38,-9.64,3.11,13.61,48.66,-30.58,1
U,2022-10-26 16:13:29.970400,0.70,-0.71,0.37,41.50,-13.92,-3.97,13.61,48.66,-30.58,1
U,2022-10-26 16:13:30.001358,0.49,-0.77,0.49,23.44,-9.03,-1.04,13.24,49.38,-28.65,1
U,2022-10-26 16:13:30.017239,0.50,-0.72,0.43,16.91,-5.86,0.24,13.24,49.38,-28.65,1
U,2022-10-26 16:13:30.032866,0.61,-0.68,0.37,29.91,-11.11,-5.13,12.60,50.23,-27.89,1
U,2022-10-26 16:13:30.063844,0.65,-0.76,0.36,30.46,-4.15,-2.26,12.60,50.23,-27.89,1
U,2022-10-26 16:13:30.079722,0.62,-0.76,0.37,24.60,-1.53,-3.60,11.88,51.27,-24.49,1
U,2022-10-26 16:13:30.095344,0.55,-0.74,0.46,14.83,-1.59,-3.30,11.88,51.27,-24.49,1
U,2022-10-26 16:13:30.126389,0.59,-0.67,0.39,31.80,-5.19,-7.51,11.88,51.27,-24.49,1
U,2022-10-26 16:13:30.144847,0.46,-0.85,0.34,41.99,0.61,-8.85,11.67,51.83,-23.95,1
U,2022-10-26 16:13:30.159958,0.63,-0.78,0.32,36.80,4.64,-8.91,11.67,51.83,-23.95,1
U,2022-10-26 16:13:30.191667,0.60,-0.82,0.34,25.57,6.90,-7.57,11.67,52.15,-22.34,1
U,2022-10-26 16:13:30.207357,0.60,-0.75,0.36,25.15,6.59,-6.35,11.67,52.15,-22.34,1
U,2022-10-26 16:13:30.224998,0.43,-0.92,0.26,23.19,13.92,-15.75,11.67,52.15,-22.34,1
U,2022-10-26 16:13:30.254354,0.58,-0.76,0.32,21.12,16.72,-9.77,10.95,52.53,-20.81,1
U,2022-10-26 16:13:30.270040,0.53,-0.76,0.34,15.99,21.12,-14.22,10.95,52.53,-20.81,1
U,2022-10-26 16:13:30.285825,0.53,-0.92,0.25,26.37,14.47,-5.19,9.73,52.98,-21.72,1
U,2022-10-26 16:13:30.316885,0.57,-0.79,0.28,7.87,30.52,-12.76,9.73,52.98,-21.72,1
U,2022-10-26 16:13:30.332480,0.53,-0.82,0.32,2.44,24.96,-6.16,9.73,52.98,-21.72,1
U,2022-10-26 16:13:30.348320,0.54,-0.74,0.36,6.77,20.63,-7.87,9.88,53.08,-19.95,1
U,2022-10-26 16:13:30.373321,0.56,-0.80,0.28,14.77,20.57,-9.64,9.88,53.08,-19.95,1
U,2022-10-26 16:13:30.395589,0.55,-0.79,0.26,5.37,18.86,-10.80,9.38,53.47,-19.07,1
U,2022-10-26 16:13:30.411703,0.54,-0.84,0.18,9.77,13.73,-6.65,9.38,53.47,-19.07,1
U,2022-10-26 16:13:30.427606,0.53,-0.84,0.20,6.16,17.33,-7.93,9.38,53.47,-19.07,1
U,2022-10-26 16:13:30.458637,0.54,-0.85,0.23,-7.75,42.05,-9.58,9.07,53.19,-19.26,1
U,2022-10-26 16:13:30.475553,0.53,-0.78,0.40,16.42,20.75,-3.97,9.07,53.19,-19.26,1
U,2022-10-26 16:13:30.490341,0.52,-0.86,0.21,31.92,15.44,-6.71,8.65,53.53,-18.26,1
U,2022-10-26 16:13:30.516266,0.57,-0.83,0.16,28.63,14.83,-8.12,8.65,53.53,-18.26,1
U,2022-10-26 16:13:30.537965,0.55,-0.89,0.08,30.64,12.08,-2.93,9.06,53.67,-17.33,1
U,2022-10-26 16:13:30.553823,0.50,-0.85,0.14,10.19,23.99,-1.77,9.06,53.67,-17.33,1
U,2022-10-26 16:13:30.569218,0.50,-0.85,0.22,2.56,22.52,0.00,9.06,53.67,-17.33,1
U,2022-10-26 16:13:30.600455,0.59,-0.83,0.16,-1.77,12.76,2.14,9.36,53.89,-16.61,1
U,2022-10-26 16:13:30.616226,0.60,-0.82,0.18,-3.54,9.46,8.36,9.36,53.89,-16.61,1
U,2022-10-26 16:13:30.633295,0.56,-0.86,0.21,-4.39,10.25,9.46,10.16,54.02,-18.60,1
U,2022-10-26 16:13:30.663704,0.55,-0.89,0.23,-7.26,12.39,8.18,10.16,54.02,-18.60,1
U,2022-10-26 16:13:30.683434,0.45,-0.85,0.22,-18.98,11.60,8.12,10.16,54.02,-18.60,1
U,2022-10-26 16:13:30.695682,0.50,-0.82,0.36,-13.00,4.64,6.96,10.00,53.89,-18.70,1
U,2022-10-26 16:13:30.720194,0.41,-0.83,0.37,-1.34,-0.37,9.52,10.00,53.89,-18.70,1
U,2022-10-26 16:13:30.727491,0.34,-0.86,0.13,17.33,-8.12,9.46,10.00,53.89,-18.70,1
U,2022-10-26 16:13:30.758760,0.47,-0.91,0.04,-3.11,-5.68,8.85,11.19,53.21,-17.88,1
U,2022-10-26 16:13:30.774536,0.55,-0.79,0.13,-7.45,-3.66,6.84,11.19,53.21,-17.88,1
U,2022-10-26 16:13:30.790453,0.51,-0.83,0.20,-7.45,-3.05,8.73,11.68,53.54,-19.75,1
U,2022-10-26 16:13:30.821467,0.51,-0.79,0.15,-5.98,-1.95,8.67,11.68,53.54,-19.75,1
U,2022-10-26 16:13:30.837322,0.48,-0.87,0.17,-10.74,2.26,12.45,13.00,53.25,-18.97,1
U,2022-10-26 16:13:30.852944,0.53,-0.84,0.16,-16.42,3.30,11.11,13.00,53.25,-18.97,1
U,2022-10-26 16:13:30.883949,0.55,-0.79,0.23,-4.94,0.18,9.09,13.00,53.25,-18.97,1
U,2022-10-26 16:13:30.899800,0.54,-0.83,0.22,-1.22,0.73,8.30,13.49,52.98,-21.08,1
U,2022-10-26 16:13:30.915411,0.56,-0.84,0.24,-5.74,3.36,7.69,13.49,52.98,-21.08,1
U,2022-10-26 16:13:30.946388,0.54,-0.79,0.23,-13.00,3.54,9.83,13.90,52.71,-21.13,1
U,2022-10-26 16:13:30.968944,0.54,-0.79,0.22,-7.69,3.48,8.48,13.90,52.71,-21.13,1
U,2022-10-26 16:13:30.978518,0.53,-0.82,0.17,-8.12,4.88,8.79,13.90,52.71,-21.13,1
U,2022-10-26 16:13:31.009822,0.55,-0.79,0.23,-11.90,5.55,6.04,14.97,51.79,-20.91,1
U,2022-10-26 16:13:31.032789,0.50,-0.76,0.29,-10.86,5.43,5.98,14.97,51.79,-20.91,1
U,2022-10-26 16:13:31.041844,0.67,-0.75,0.19,-9.52,3.36,10.56,15.27,51.48,-21.11,1
U,2022-10-26 16:13:31.073152,0.54,-0.79,0.22,-11.96,4.46,6.35,15.27,51.48,-21.11,1
U,2022-10-26 16:13:31.090657,0.43,-0.77,0.30,-11.47,1.65,2.75,15.27,51.48,-21.11,1
U,2022-10-26 16:13:31.106795,0.58,-0.74,0.31,-11.54,0.31,5.92,15.80,51.18,-21.97,1
U,2022-10-26 16:13:31.128408,0.54,-0.79,0.23,-1.04,-0.18,6.23,15.80,51.18,-21.97,1
U,2022-10-26 16:13:31.155446,0.61,-0.82,0.21,-7.32,1.83,5.55,15.64,51.21,-22.67,1
U,2022-10-26 16:13:31.171087,0.52,-0.79,0.22,-18.86,6.16,6.23,15.64,51.21,-22.67,1
U,2022-10-26 16:13:31.188735,0.61,-0.70,0.26,-21.85,4.52,4.15,15.64,51.21,-22.67,1
U,2022-10-26 16:13:31.220181,0.53,-0.74,0.29,-10.38,3.42,5.68,16.53,50.72,-23.14,1
U,2022-10-26 16:13:31.235689,0.58,-0.78,0.27,-10.38,1.89,5.86,16.53,50.72,-23.14,1
U,2022-10-26 16:13:31.251639,0.59,-0.81,0.25,-15.50,2.62,6.10,16.87,50.96,-23.10,1
U,2022-10-26 16:13:31.282056,0.56,-0.71,0.32,-16.66,5.19,3.60,16.87,50.96,-23.10,1
U,2022-10-26 16:13:31.299273,0.52,-0.74,0.36,-13.43,4.33,7.02,16.88,50.22,-23.74,1
U,2022-10-26 16:13:31.315425,0.54,-0.76,0.36,-8.67,1.59,6.29,16.88,50.22,-23.74,1
U,2022-10-26 16:13:31.331572,0.52,-0.75,0.36,0.18,-2.62,4.15,16.88,50.22,-23.74,1
U,2022-10-26 16:13:31.365150,0.53,-0.75,0.32,-3.23,-4.33,6.29,17.15,49.78,-25.73,1
U,2022-10-26 16:13:31.379374,0.58,-0.75,0.29,9.28,-5.37,2.62,17.15,49.78,-25.73,1
U,2022-10-26 16:13:31.394445,0.58,-0.79,0.29,5.00,-4.21,3.11,17.05,49.83,-24.38,1
U,2022-10-26 16:13:31.410274,0.58,-0.79,0.28,-2.93,-3.11,0.98,17.05,49.83,-24.38,1
U,2022-10-26 16:13:31.441371,0.58,-0.76,0.33,-5.68,-2.62,-0.67,17.05,49.83,-24.38,1
U,2022-10-26 16:13:31.457206,0.58,-0.75,0.31,2.93,-5.43,-1.28,17.04,50.20,-23.60,1
U,2022-10-26 16:13:31.474066,0.57,-0.77,0.29,3.54,-5.92,-1.22,17.04,50.20,-23.60,1
U,2022-10-26 16:13:31.504486,0.58,-0.81,0.40,0.49,-6.65,-2.20,16.69,50.23,-25.27,1
U,2022-10-26 16:13:31.520359,0.57,-0.78,0.34,8.24,-11.11,-6.23,16.69,50.23,-25.27,1
U,2022-10-26 16:13:31.536230,0.57,-0.76,0.36,16.48,-15.87,-7.81,16.69,50.23,-25.27,1
U,2022-10-26 16:13:31.551875,0.56,-0.75,0.32,25.82,-19.41,-8.42,15.67,50.23,-23.95,1
U,2022-10-26 16:13:31.582905,0.55,-0.79,0.30,31.01,-20.57,-8.12,15.67,50.23,-23.95,1
U,2022-10-26 16:13:31.598659,0.55,-0.79,0.31,30.58,-20.32,-9.83,15.28,51.20,-23.61,1
U,2022-10-26 16:13:31.614361,0.54,-0.80,0.29,34.30,-20.69,-10.62,15.28,51.20,-23.61,1
U,2022-10-26 16:13:31.645395,0.54,-0.79,0.30,37.05,-19.29,-12.27,15.28,51.20,-23.61,1
U,2022-10-26 16:13:31.660967,0.52,-0.83,0.24,37.90,-14.65,-14.10,14.92,51.88,-21.59,1
U,2022-10-26 16:13:31.676844,0.52,-0.83,0.26,29.79,-12.39,-15.44,14.92,51.88,-21.59,1
