U,2022-10-26 16:14:05.820659,0.07,-0.69,0.67,-12.76,1.04,3.05,1.09,25.84,-30.25,1
U,2022-10-26 16:14:05.835755,0.06,-0.69,0.60,-25.70,1.71,10.86,0.27,25.35,-31.29,1
U,2022-10-26 16:14:05.850563,0.02,-0.64,0.52,-37.29,6.96,20.45,0.27,25.35,-31.29,1
U,2022-10-26 16:14:05.875577,-0.30,-0.53,0.61,-46.14,29.11,22.46,1.38,24.84,-31.65,1
U,2022-10-26 16:14:05.900051,-0.02,-0.69,0.79,16.54,49.44,39.25,1.38,24.84,-31.65,1
U,2022-10-26 16:14:05.917390,0.11,-0.80,0.83,30.03,46.63,30.09,1.38,24.84,-31.65,1
U,2022-10-26 16:14:05.930548,0.18,-0.76,0.86,36.32,38.09,11.41,3.28,25.42,-31.98,1
U,2022-10-26 16:14:05.955964,0.23,-0.70,0.71,46.57,23.13,-4.70,3.28,25.42,-31.98,1
U,2022-10-26 16:14:05.978306,0.30,-0.74,0.62,45.90,19.35,-5.86,3.28,25.42,-31.98,1
U,2022-10-26 16:14:05.996453,0.35,-0.81,0.56,28.14,15.01,-17.09,4.63,26.31,-30.31,1
U,2022-10-26 16:14:06.012118,0.27,-0.76,0.64,11.41,13.37,-27.77,4.63,26.31,-30.31,1
U,2022-10-26 16:14:06.033665,0.23,-0.74,0.64,9.28,10.13,-28.38,5.29,25.92,-30.00,1
U,2022-10-26 16:14:06.059927,0.21,-0.83,0.58,13.43,4.70,-17.52,5.29,25.92,-30.00,1
U,2022-10-26 16:14:06.075881,0.19,-0.92,0.56,6.65,3.72,-13.06,6.19,24.85,-28.32,1
U,2022-10-26 16:14:06.091765,0.12,-0.90,0.58,-5.07,5.62,-10.74,6.19,24.85,-28.32,1
U,2022-10-26 16:14:06.113498,0.15,-0.88,0.58,-7.20,8.73,-6.04,6.19,24.85,-28.32,1
U,2022-10-26 16:14:06.138573,0.15,-0.85,0.62,-7.87,7.57,-1.95,6.21,24.01,-30.05,1
U,2022-10-26 16:14:06.156866,0.13,-0.87,0.57,-4.15,-2.69,4.58,6.21,24.01,-30.05,1
U,2022-10-26 16:14:06.172158,0.15,-0.88,0.51,-7.87,-5.13,3.23,6.21,24.01,-30.05,1
U,2022-10-26 16:14:06.202502,0.13,-0.79,0.54,-17.52,1.40,-1.04,6.91,23.18,-28.30,1
U,2022-10-26 16:14:06.220714,0.10,-0.73,0.59,-12.21,3.42,5.25,6.91,23.18,-28.30,1
U,2022-10-26 16:14:06.235179,0.07,-0.84,0.55,18.74,-7.75,14.28,6.91,22.60,-28.58,1
U,2022-10-26 16:14:06.266014,0.08,-0.80,0.53,15.87,-7.63,5.00,6.91,22.60,-28.58,1
U,2022-10-26 16:14:06.281686,0.11,-0.67,0.53,3.97,-2.08,0.43,7.13,23.07,-27.92,1
U,2022-10-26 16:14:06.299747,0.11,-0.72,0.52,5.43,3.54,7.08,7.13,23.07,-27.92,1
U,2022-10-26 16:14:06.316676,0.09,-0.80,0.59,7.69,6.53,6.96,7.13,23.07,-27.92,1
U,2022-10-26 16:14:06.345051,0.11,-0.80,0.58,3.23,0.18,1.16,7.21,23.29,-27.64,1
U,2022-10-26 16:14:06.360652,0.11,-0.75,0.59,0.06,-5.31,-1.10,7.21,23.29,-27.64,1
U,2022-10-26 16:14:06.384981,0.10,-0.72,0.59,1.04,-9.77,-1.59,7.06,23.02,-29.08,1
U,2022-10-26 16:14:06.392775,0.11,-0.73,0.58,6.16,-9.70,-1.40,7.06,23.02,-29.08,1
U,2022-10-26 16:14:06.424086,0.10,-0.75,0.58,8.79,-9.46,-0.61,7.06,23.02,-29.08,1
U,2022-10-26 16:14:06.441499,0.09,-0.76,0.58,5.00,-8.67,-1.83,7.51,23.19,-29.48,1
U,2022-10-26 16:14:06.457474,0.09,-0.76,0.61,3.11,-8.36,-3.17,7.51,23.19,-29.48,1
U,2022-10-26 16:14:06.488099,0.10,-0.76,0.64,2.93,-10.13,-4.46,7.39,22.99,-29.59,1
U,2022-10-26 16:14:06.505711,0.09,-0.75,0.64,5.98,-10.31,-5.37,7.39,22.99,-29.59,1
U,2022-10-26 16:14:06.523256,0.08,-0.79,0.62,10.07,-7.93,-4.33,7.39,22.99,-29.59,1
U,2022-10-26 16:14:06.551865,0.08,-0.82,0.61,6.16,-5.80,-6.47,7.54,23.23,-29.38,1
U,2022-10-26 16:14:06.567496,0.09,-0.77,0.67,4.58,-5.13,-8.42,7.54,23.23,-29.38,1
U,2022-10-26 16:14:06.584704,0.08,-0.78,0.66,10.93,-7.32,-6.77,7.41,23.85,-30.54,1
U,2022-10-26 16:14:06.615499,0.07,-0.82,0.61,9.89,-7.02,-6.41,7.41,23.85,-30.54,1
U,2022-10-26 16:14:06.631542,0.07,-0.81,0.64,5.43,-4.88,-7.45,7.41,23.85,-30.54,1
U,2022-10-26 16:14:06.647421,0.06,-0.80,0.65,4.94,-4.03,-7.93,8.36,23.94,-31.47,1
U,2022-10-26 16:14:06.663073,0.06,-0.81,0.65,5.31,-3.91,-7.69,8.36,23.94,-31.47,1
U,2022-10-26 16:14:06.694042,0.05,-0.83,0.61,4.27,-4.33,-8.61,8.04,24.30,-29.93,1
U,2022-10-26 16:14:06.709901,0.04,-0.79,0.64,1.28,-2.08,-11.23,8.04,24.30,-29.93,1
U,2022-10-26 16:14:06.725571,0.05,-0.75,0.66,6.10,2.01,-9.22,8.56,23.75,-30.53,1
U,2022-10-26 16:14:06.756577,0.05,-0.82,0.63,13.12,2.62,-5.55,8.56,23.75,-30.53,1
U,2022-10-26 16:14:06.772393,0.05,-0.93,0.57,6.77,4.39,-5.62,8.56,23.75,-30.53,1
U,2022-10-26 16:14:06.788030,0.06,-0.88,0.62,-2.20,7.08,-8.12,8.37,24.10,-29.87,1
U,2022-10-26 16:14:06.819067,0.06,-0.83,0.64,0.79,6.16,-5.86,8.37,24.10,-29.87,1
U,2022-10-26 16:14:06.834843,0.06,-0.87,0.62,7.57,3.17,-2.62,9.42,24.54,-29.26,1
U,2022-10-26 16:14:06.850516,0.05,-0.90,0.55,3.36,1.16,-1.83,9.42,24.54,-29.26,1
U,2022-10-26 16:14:06.881542,0.03,-0.86,0.56,-2.62,2.38,-2.38,9.42,24.54,-29.26,1
U,2022-10-26 16:14:06.897583,0.04,-0.79,0.64,-6.16,9.28,0.37,9.61,23.65,-29.31,1
U,2022-10-26 16:14:06.913478,0.05,-0.82,0.67,2.62,9.34,3.36,9.61,23.65,-29.31,1
U,2022-10-26 16:14:06.929126,0.04,-0.85,0.59,4.21,6.10,3.97,10.30,23.84,-27.66,1
U,2022-10-26 16:14:06.963428,0.05,-0.83,0.60,-2.08,11.96,3.48,10.30,23.84,-27.66,1
U,2022-10-26 16:14:06.976217,0.05,-0.81,0.63,-1.10,12.45,4.58,10.30,23.84,-27.66,1
U,2022-10-26 16:14:06.992113,0.05,-0.85,0.60,3.48,6.65,5.92,10.52,24.02,-26.55,1
U,2022-10-26 16:14:07.026480,0.05,-0.85,0.56,2.38,5.19,5.49,10.52,24.02,-26.55,1
U,2022-10-26 16:14:07.045301,0.05,-0.83,0.54,-3.48,6.23,5.19,10.55,23.63,-26.93,1
U,2022-10-26 16:14:07.054866,0.05,-0.80,0.58,-4.76,7.51,6.35,10.55,23.63,-26.93,1
U,2022-10-26 16:14:07.086171,0.06,-0.81,0.59,-3.48,6.29,8.12,10.55,23.63,-26.93,1
U,2022-10-26 16:14:07.104625,0.05,-0.82,0.56,-3.72,3.23,8.12,10.05,23.32,-25.16,1
U,2022-10-26 16:14:07.119797,0.05,-0.80,0.55,-5.98,2.69,7.51,10.05,23.32,-25.16,1
U,2022-10-26 16:14:07.137484,0.06,-0.78,0.59,-9.28,6.16,8.06,10.24,23.41,-25.39,1
U,2022-10-26 16:14:07.166147,0.07,-0.77,0.62,-6.65,5.49,8.18,10.24,23.41,-25.39,1
U,2022-10-26 16:14:07.184482,0.07,-0.80,0.61,-1.65,1.40,9.16,10.24,23.41,-25.39,1
U,2022-10-26 16:14:07.199710,0.07,-0.78,0.59,-2.99,0.12,7.20,9.39,23.12,-25.54,1
U,2022-10-26 16:14:07.221241,0.06,-0.75,0.61,-1.77,-0.06,7.63,9.39,23.12,-25.54,1
U,2022-10-26 16:14:07.248421,0.06,-0.80,0.58,3.30,-0.73,8.18,9.41,23.17,-24.24,1
U,2022-10-26 16:14:07.264486,0.06,-0.78,0.59,0.98,-0.43,6.84,9.41,23.17,-24.24,1
U,2022-10-26 16:14:07.279555,0.07,-0.79,0.58,2.26,-1.04,6.59,9.41,23.17,-24.24,1
U,2022-10-26 16:14:07.310330,0.06,-0.79,0.57,-0.98,0.06,4.76,9.44,22.63,-24.30,1
U,2022-10-26 16:14:07.326191,0.07,-0.75,0.61,-0.61,0.98,3.11,9.44,22.63,-24.30,1
U,2022-10-26 16:14:07.342073,0.07,-0.75,0.60,-1.34,0.43,6.23,8.47,22.92,-23.78,1
U,2022-10-26 16:14:07.373065,0.07,-0.76,0.62,2.56,-0.55,6.35,8.47,22.92,-23.78,1
U,2022-10-26 16:14:07.388827,0.04,-0.76,0.63,6.59,-1.71,4.33,8.52,22.81,-24.62,1
U,2022-10-26 16:14:07.407062,0.05,-0.75,0.63,9.28,-3.05,-3.60,8.52,22.81,-24.62,1
U,2022-10-26 16:14:07.420847,0.07,-0.72,0.64,11.47,-3.85,-2.69,8.52,22.81,-24.62,1
U,2022-10-26 16:14:07.454308,0.07,-0.77,0.63,14.89,-5.74,0.43,8.35,22.64,-24.07,1
U,2022-10-26 16:14:07.467882,0.06,-0.86,0.57,14.22,-6.53,0.12,8.35,22.64,-24.07,1
U,2022-10-26 16:14:07.483782,0.06,-0.87,0.55,8.30,-4.52,-3.05,8.41,22.66,-23.11,1
