B,2022-10-21 15:09:32.327834,0.18,-0.20,0.75,7.87,-17.40,-26.61,-6.64,15.63,-68.48,1
B,2022-10-21 15:09:32.348241,0.17,-0.24,0.81,21.97,-33.94,-14.65,-7.18,15.31,-67.77,1
B,2022-10-21 15:09:32.364617,0.18,-0.35,0.85,24.54,-48.10,0.00,-7.18,15.31,-67.77,1
B,2022-10-21 15:09:32.382728,0.25,-0.43,0.76,9.64,-57.92,15.01,-7.18,15.31,-67.77,1
B,2022-10-21 15:09:32.401623,0.25,-0.54,0.71,-11.78,-54.02,21.48,-10.12,16.24,-66.58,1
B,2022-10-21 15:09:32.419516,0.28,-0.43,0.78,-47.61,-24.72,17.40,-10.12,16.24,-66.58,1
B,2022-10-21 15:09:32.439460,0.30,-0.08,1.00,-46.26,-11.60,18.80,-10.82,14.98,-66.82,1
B,2022-10-21 15:09:32.456788,0.30,0.08,1.13,-33.94,-1.65,19.10,-10.82,14.98,-66.82,1
B,2022-10-21 15:09:32.475135,0.32,0.09,1.11,-13.85,1.53,17.58,-10.82,14.98,-66.82,1
B,2022-10-21 15:09:32.493851,0.30,0.01,1.08,-8.42,7.26,7.57,-11.55,15.25,-67.64,1
B,2022-10-21 15:09:32.511641,0.24,0.40,1.15,-10.74,1.04,9.77,-11.55,15.25,-67.64,1
B,2022-10-21 15:09:32.531241,0.25,-0.12,0.91,9.28,18.49,3.05,-11.55,15.25,-67.64,1
B,2022-10-21 15:09:32.548709,0.23,0.13,1.01,2.62,21.18,-25.94,-10.25,14.69,-66.72,1
B,2022-10-21 15:09:32.566200,0.21,0.01,0.97,22.28,12.57,-24.72,-10.25,14.69,-66.72,1
B,2022-10-21 15:09:32.584318,0.18,-0.15,0.93,32.71,1.89,-26.31,-10.25,14.69,-66.72,1
B,2022-10-21 15:09:32.603394,0.15,-0.20,0.93,35.34,-27.71,-28.38,-10.13,14.44,-66.13,1
B,2022-10-21 15:09:32.621710,0.17,-0.43,0.82,25.76,-38.09,-18.74,-10.13,14.44,-66.13,1
B,2022-10-21 15:09:32.641664,0.19,-0.56,0.85,15.08,-40.04,-3.66,-11.45,15.06,-66.11,1
B,2022-10-21 15:09:32.658200,0.21,-0.52,0.85,-7.93,-34.73,6.84,-11.45,15.06,-66.11,1
B,2022-10-21 15:09:32.676237,0.22,-0.39,0.89,-20.45,-25.09,17.58,-11.45,15.06,-66.11,1
B,2022-10-21 15:09:32.695394,0.22,-0.35,0.91,-25.57,-13.00,30.03,-12.94,14.23,-65.47,1
B,2022-10-21 15:09:32.713243,0.23,-0.22,0.96,-35.89,2.38,30.58,-12.94,14.23,-65.47,1
B,2022-10-21 15:09:32.732557,0.24,0.05,1.08,-42.97,10.74,21.30,-12.94,14.23,-65.47,1
B,2022-10-21 15:09:32.750532,0.24,0.17,1.03,-40.04,14.22,18.68,-12.85,13.77,-65.99,1
B,2022-10-21 15:09:32.768384,0.21,0.29,1.09,-20.69,17.88,21.18,-12.85,13.77,-65.99,1
B,2022-10-21 15:09:32.786651,0.20,0.19,1.06,2.50,9.34,17.03,-12.85,13.77,-65.99,1
B,2022-10-21 15:09:32.805560,-0.03,-0.02,0.95,11.17,17.82,0.79,-12.29,14.06,-64.97,1
B,2022-10-21 15:09:32.824963,0.03,0.17,0.99,-12.39,34.24,-15.93,-12.29,14.06,-64.97,1
B,2022-10-21 15:09:32.842648,0.18,0.24,1.04,-3.54,37.72,-11.78,-11.27,13.29,-65.64,1
B,2022-10-21 15:09:32.860665,0.22,-0.01,0.96,11.41,30.03,-2.75,-11.27,13.29,-65.64,1
B,2022-10-21 15:09:32.878746,0.32,-0.07,0.91,5.49,27.10,-13.18,-11.27,13.29,-65.64,1
B,2022-10-21 15:09:32.897206,0.37,-0.08,0.88,5.37,13.24,-17.70,-10.17,13.02,-65.52,1
B,2022-10-21 15:09:32.916222,0.32,-0.15,0.85,9.95,5.25,-15.20,-10.17,13.02,-65.52,1
B,2022-10-21 15:09:32.934835,0.31,-0.23,0.81,6.23,3.42,-13.00,-10.17,13.02,-65.52,1
B,2022-10-21 15:09:32.952498,0.33,-0.26,0.84,1.28,5.31,-11.17,-9.50,13.33,-67.05,1
