U,2022-11-09 17:19:59.699848,0.34,-0.69,-0.64,-24.66,1.10,-6.16,12.26,33.12,-15.14,1
U,2022-11-09 17:19:59.718957,0.34,-0.70,-0.64,-18.55,3.42,-11.47,12.26,33.12,-15.14,1
U,2022-11-09 17:19:59.737191,0.31,-0.69,-0.63,-19.35,13.06,-17.33,12.26,33.12,-15.14,1
U,2022-11-09 17:19:59.759744,-0.42,-0.56,-0.44,-17.76,16.42,-26.79,11.73,33.69,-15.05,1
U,2022-11-09 17:19:59.777164,0.24,-0.80,-0.57,9.09,-14.16,18.07,11.73,33.69,-15.05,1
U,2022-11-09 17:19:59.797588,0.17,-0.67,-0.60,34.30,22.16,-10.56,12.19,33.47,-15.14,1
U,2022-11-09 17:19:59.816095,0.14,-0.78,-0.55,19.35,27.16,-21.48,12.19,33.47,-15.14,1
U,2022-11-09 17:19:59.835958,0.19,-0.70,-0.49,22.09,30.58,-39.86,12.19,33.47,-15.14,1
U,2022-11-09 17:19:59.854345,0.25,-0.70,-0.47,41.93,28.75,-46.51,11.22,33.75,-13.10,1
U,2022-11-09 17:19:59.872548,0.26,-0.66,-0.53,48.95,25.02,-39.73,11.22,33.75,-13.10,1
U,2022-11-09 17:19:59.891313,0.24,-0.71,-0.65,56.27,23.68,-29.72,11.22,33.75,-13.10,1
U,2022-11-09 17:19:59.910783,0.29,-0.76,-0.74,48.40,28.02,-16.85,9.97,33.50,-10.80,1
U,2022-11-09 17:19:59.931800,0.34,-0.84,-0.81,31.80,28.08,7.69,9.97,33.50,-10.80,1
U,2022-11-09 17:19:59.949128,0.31,-0.91,-0.88,33.08,14.22,15.56,10.93,32.42,-10.60,1
U,2022-11-09 17:19:59.967982,0.26,-0.86,-1.03,36.44,-0.24,8.73,10.93,32.42,-10.60,1
U,2022-11-09 17:19:59.986279,0.29,-0.77,-1.08,7.02,10.86,20.32,10.93,32.42,-10.60,1
U,2022-11-09 17:20:00.006263,0.30,-0.74,-0.99,-11.35,12.76,29.72,11.87,31.10,-8.59,1
U,2022-11-09 17:20:00.024439,0.28,-0.77,-0.88,-28.56,10.99,40.95,11.87,31.10,-8.59,1
U,2022-11-09 17:20:00.041910,0.20,-0.81,-0.81,-32.10,4.52,43.03,11.87,31.10,-8.59,1
U,2022-11-09 17:20:00.061279,0.26,-0.78,-0.81,-13.79,-3.05,29.97,12.50,30.74,-10.69,1
U,2022-11-09 17:20:00.079532,0.28,-0.69,-0.87,-2.01,-17.09,16.91,12.50,30.74,-10.69,1
U,2022-11-09 17:20:00.098035,0.22,-0.56,-0.90,3.36,-20.08,14.53,12.50,30.74,-10.69,1
U,2022-11-09 17:20:00.118551,0.26,-0.52,-0.86,-3.66,-20.51,19.90,13.78,29.97,-10.36,1
U,2022-11-09 17:20:00.136504,0.14,-0.54,-0.83,-13.67,-22.77,25.76,13.78,29.97,-10.36,1
U,2022-11-09 17:20:00.155439,0.18,-0.59,-0.74,-20.81,-22.46,16.66,14.66,29.52,-11.39,1
U,2022-11-09 17:20:00.174139,0.14,-0.60,-0.68,-20.81,-19.41,4.15,14.66,29.52,-11.39,1
U,2022-11-09 17:20:00.193217,0.10,-0.59,-0.64,-28.32,-8.67,-0.79,14.66,29.52,-11.39,1
U,2022-11-09 17:20:00.214551,0.12,-0.56,-0.47,-33.87,3.17,-4.94,14.86,29.31,-10.69,1
U,2022-11-09 17:20:00.231975,-0.08,-0.50,-0.51,-40.22,-7.45,3.30,14.86,29.31,-10.69,1
U,2022-11-09 17:20:00.250659,-0.04,-0.54,-0.52,-5.19,-2.62,12.08,14.17,29.68,-12.29,1
U,2022-11-09 17:20:00.268628,0.02,-0.53,-0.58,14.83,-6.35,14.53,14.17,29.68,-12.29,1
U,2022-11-09 17:20:00.286969,0.05,-0.52,-0.68,31.07,-7.45,10.80,14.17,29.68,-12.29,1
U,2022-11-09 17:20:00.308027,0.04,-0.39,-0.77,51.70,-10.68,-2.20,13.39,30.47,-11.44,1
U,2022-11-09 17:20:00.325616,0.13,-0.27,-0.94,62.50,-17.82,-12.51,13.39,30.47,-11.44,1
U,2022-11-09 17:20:00.345746,0.24,-0.15,-1.08,47.49,-19.41,-19.71,13.39,30.47,-11.44,1
U,2022-11-09 17:20:00.365605,0.31,-0.16,-1.05,-1.40,-18.43,-28.02,11.66,31.43,-10.13,1
U,2022-11-09 17:20:00.386224,0.27,-0.38,-0.95,-24.72,-20.63,-31.80,11.66,31.43,-10.13,1
U,2022-11-09 17:20:00.404287,0.26,-0.37,-0.90,-39.25,-25.33,-43.95,8.79,34.67,-12.01,1
U,2022-11-09 17:20:00.423241,0.26,-0.49,-0.81,-34.36,-33.14,-42.85,8.79,34.67,-12.01,1
U,2022-11-09 17:20:00.442341,0.28,-0.64,-0.83,-30.27,-40.10,-40.41,8.79,34.67,-12.01,1
U,2022-11-09 17:20:00.464374,0.29,-0.71,-0.83,-31.13,-42.18,-43.33,4.05,38.46,-12.59,1
U,2022-11-09 17:20:00.482284,0.35,-0.76,-0.76,-35.77,-41.69,-55.11,4.05,38.46,-12.59,1
U,2022-11-09 17:20:00.501653,0.38,-0.80,-0.74,-36.62,-44.86,-60.12,4.05,38.46,-12.59,1
U,2022-11-09 17:20:00.520857,0.37,-0.85,-0.70,-48.58,-43.58,-59.08,-0.87,42.26,-13.75,1
U,2022-11-09 17:20:00.540559,0.34,-0.91,-0.56,-66.89,-32.96,-46.33,-0.87,42.26,-13.75,1
U,2022-11-09 17:20:00.558934,0.31,-1.00,-0.47,-67.57,-32.59,-35.46,-7.45,44.76,-15.06,1
U,2022-11-09 17:20:00.578619,0.35,-1.05,-0.42,-59.33,-35.34,-30.64,-7.45,44.76,-15.06,1
U,2022-11-09 17:20:00.597866,0.40,-1.10,-0.36,-54.81,-32.84,-29.17,-7.45,44.76,-15.06,1
U,2022-11-09 17:20:00.619464,0.34,-1.11,-0.28,-54.81,-27.59,-24.48,-12.32,47.23,-14.14,1
U,2022-11-09 17:20:00.636602,0.32,-1.10,-0.24,-49.01,-25.27,-17.40,-12.32,47.23,-14.14,1
U,2022-11-09 17:20:00.657664,0.31,-1.10,-0.23,-40.22,-20.45,-8.36,-16.04,49.83,-14.32,1
U,2022-11-09 17:20:00.676507,0.31,-1.08,-0.26,-26.92,-16.54,-6.77,-16.04,49.83,-14.32,1
U,2022-11-09 17:20:00.696605,0.34,-1.04,-0.32,-18.49,-10.50,-8.91,-16.04,49.83,-14.32,1
U,2022-11-09 17:20:00.715550,0.31,-1.00,-0.31,-24.66,2.14,-5.86,-16.92,50.87,-14.36,1
U,2022-11-09 17:20:00.734779,0.19,-0.95,-0.29,-31.92,0.24,0.55,-16.92,50.87,-14.36,1
U,2022-11-09 17:20:00.753227,0.15,-0.96,-0.28,-32.84,-1.65,8.91,-16.92,50.87,-14.36,1
U,2022-11-09 17:20:00.774043,0.17,-0.99,-0.28,-28.08,2.81,12.27,-18.81,52.43,-14.77,1
