i,2022-10-31 13:45:40.311522,0.08,0.90,0.31,16.66,-15.99,-21.85,4.63,-23.47,-39.86,1
i,2022-10-31 13:45:40.337951,0.12,0.88,0.35,18.92,-15.44,-18.43,4.63,-23.47,-39.86,1
i,2022-10-31 13:45:40.354501,0.13,0.83,0.33,21.73,-12.33,-15.38,5.40,-22.49,-40.38,1
i,2022-10-31 13:45:40.375739,0.16,0.80,0.36,19.23,-5.62,-12.21,5.40,-22.49,-40.38,1
i,2022-10-31 13:45:40.391334,0.15,0.80,0.43,11.54,-0.43,-10.80,5.40,-22.49,-40.38,1
i,2022-10-31 13:45:40.407715,0.18,0.82,0.47,7.14,1.95,-10.56,6.10,-22.64,-39.10,1
i,2022-10-31 13:45:40.429027,0.17,0.86,0.47,7.20,2.08,-7.39,6.10,-22.64,-39.10,1
i,2022-10-31 13:45:40.439669,0.21,0.85,0.37,11.23,1.16,-6.77,6.10,-22.64,-39.10,1
i,2022-10-31 13:45:40.461028,0.20,0.87,0.31,7.87,0.55,-7.32,6.24,-22.46,-39.10,1
i,2022-10-31 13:45:40.482268,0.18,0.94,0.33,9.40,-0.18,-8.61,6.24,-22.46,-39.10,1
i,2022-10-31 13:45:40.504329,0.18,0.98,0.32,21.73,-4.94,-7.08,6.23,-22.56,-39.66,1
i,2022-10-31 13:45:40.514389,0.15,0.89,0.27,23.25,-3.97,-0.61,6.23,-22.56,-39.66,1
i,2022-10-31 13:45:40.535493,0.14,0.93,0.43,7.87,6.77,-19.04,6.23,-22.56,-39.66,1
i,2022-10-31 13:45:40.557100,0.24,0.99,0.49,1.95,5.13,-28.02,6.77,-22.68,-40.14,1
i,2022-10-31 13:45:40.569775,0.24,0.96,0.38,8.73,-2.56,-17.82,6.77,-22.68,-40.14,1
i,2022-10-31 13:45:40.588950,0.17,0.90,0.32,14.10,-3.11,-11.66,6.77,-22.68,-40.14,1
i,2022-10-31 13:45:40.610469,0.13,0.89,0.36,19.41,0.12,-12.76,7.76,-23.19,-41.71,1
i,2022-10-31 13:45:40.631730,0.16,0.86,0.36,18.68,2.26,-11.23,7.76,-23.19,-41.71,1
i,2022-10-31 13:45:40.642543,0.17,0.87,0.36,9.77,2.20,-12.82,7.76,-23.19,-41.71,1
i,2022-10-31 13:45:40.663851,0.11,0.89,0.25,2.44,1.22,-13.31,7.34,-22.09,-42.24,1
i,2022-10-31 13:45:40.684966,0.08,0.90,0.21,3.30,9.03,-12.94,7.34,-22.09,-42.24,1
i,2022-10-31 13:45:40.706474,0.12,0.90,0.28,4.76,18.92,-12.02,8.52,-22.23,-42.69,1
i,2022-10-31 13:45:40.717098,0.18,0.90,0.38,7.45,18.49,-9.34,8.52,-22.23,-42.69,1
i,2022-10-31 13:45:40.738366,0.18,0.85,0.37,9.89,14.89,-5.92,8.52,-22.23,-42.69,1
i,2022-10-31 13:45:40.760095,0.20,0.82,0.36,8.67,12.39,-6.65,9.28,-22.49,-43.95,1
i,2022-10-31 13:45:40.770405,0.22,0.84,0.40,2.14,10.44,-10.99,9.28,-22.49,-43.95,1
i,2022-10-31 13:45:40.791588,0.24,0.87,0.40,-2.50,6.53,-12.15,9.28,-22.49,-43.95,1
i,2022-10-31 13:45:40.816998,0.24,0.94,0.39,-2.20,2.75,-9.64,9.46,-21.81,-43.46,1
i,2022-10-31 13:45:40.834460,0.27,0.99,0.36,5.92,4.33,-4.39,9.46,-21.81,-43.46,1
i,2022-10-31 13:45:40.844931,0.28,0.95,0.36,13.18,5.92,0.31,9.46,-21.81,-43.46,1
i,2022-10-31 13:45:40.869959,0.29,0.93,0.38,16.24,4.58,3.48,10.51,-22.61,-43.57,1
i,2022-10-31 13:45:40.887721,0.22,0.89,0.42,18.43,0.37,5.00,10.51,-22.61,-43.57,1
i,2022-10-31 13:45:40.898289,0.21,0.92,0.43,42.18,3.17,12.02,10.02,-21.96,-44.19,1
i,2022-10-31 13:45:40.919574,0.19,0.72,0.47,34.73,-0.31,10.13,10.02,-21.96,-44.19,1
i,2022-10-31 13:45:40.940966,0.18,0.75,0.41,17.52,-7.45,5.92,10.02,-21.96,-44.19,1
i,2022-10-31 13:45:40.962160,0.19,0.76,0.35,9.52,-9.70,0.73,9.56,-21.03,-45.41,1
i,2022-10-31 13:45:40.983692,0.20,0.77,0.33,-1.10,-6.35,-3.36,9.56,-21.03,-45.41,1
i,2022-10-31 13:45:40.994481,0.14,0.88,0.45,-23.68,-3.91,3.78,9.56,-21.03,-45.41,1
i,2022-10-31 13:45:41.019499,0.15,0.80,0.44,-21.12,-10.50,21.79,9.48,-21.11,-44.62,1
i,2022-10-31 13:45:41.037086,0.16,0.76,0.40,-20.51,-14.59,34.91,9.48,-21.11,-44.62,1
i,2022-10-31 13:45:41.054360,0.15,0.59,0.21,0.43,-9.58,68.30,9.48,-21.11,-44.62,1
i,2022-10-31 13:45:41.069970,0.08,0.40,0.32,-13.85,0.24,77.21,6.71,-21.23,-44.20,1
i,2022-10-31 13:45:41.090701,0.04,0.61,0.24,-41.99,-2.99,68.66,6.71,-21.23,-44.20,1
i,2022-10-31 13:45:41.111734,0.01,0.69,0.32,-47.79,-2.38,52.12,3.12,-21.89,-44.23,1
i,2022-10-31 13:45:41.122528,-0.01,0.83,0.34,-59.20,-11.11,24.96,3.12,-21.89,-44.23,1
i,2022-10-31 13:45:41.143891,0.04,1.03,0.26,-70.62,-19.47,8.24,3.12,-21.89,-44.23,1
i,2022-10-31 13:45:41.165165,0.05,1.13,0.20,-75.56,-18.01,2.81,1.15,-24.33,-43.21,1
i,2022-10-31 13:45:41.175665,0.09,1.15,0.24,-92.47,-16.48,-3.54,1.15,-24.33,-43.21,1
i,2022-10-31 13:45:41.197076,0.12,1.31,0.21,-107.67,-19.96,-11.11,1.15,-24.33,-43.21,1
i,2022-10-31 13:45:41.223458,0.12,1.37,0.09,-62.99,-18.25,-9.34,-0.15,-27.31,-38.61,1
i,2022-10-31 13:45:41.239657,0.13,1.23,0.17,-8.30,-5.31,-0.49,-0.15,-27.31,-38.61,1
i,2022-10-31 13:45:41.260870,0.12,1.15,0.19,24.35,-3.30,-0.31,0.20,-26.93,-39.36,1
i,2022-10-31 13:45:41.282185,0.12,1.06,0.18,40.83,-2.99,-3.91,0.20,-26.93,-39.36,1
i,2022-10-31 13:45:41.292917,0.11,0.99,0.24,49.74,-0.49,-6.29,0.20,-26.93,-39.36,1
i,2022-10-31 13:45:41.314401,0.14,0.88,0.30,54.32,1.59,-2.62,1.17,-25.35,-40.49,1
i,2022-10-31 13:45:41.336566,0.14,0.79,0.33,45.23,6.84,6.96,1.17,-25.35,-40.49,1
i,2022-10-31 13:45:41.354178,0.13,0.77,0.37,28.26,8.18,9.77,1.17,-25.35,-40.49,1
i,2022-10-31 13:45:41.370193,0.10,0.85,0.29,15.87,4.64,6.04,1.43,-24.98,-41.42,1
i,2022-10-31 13:45:41.388765,0.09,0.85,0.25,15.81,6.53,3.54,1.43,-24.98,-41.42,1
i,2022-10-31 13:45:41.401895,0.09,0.84,0.29,7.63,9.28,-1.04,1.43,-24.98,-41.42,1
i,2022-10-31 13:45:41.421346,0.10,0.86,0.33,1.40,6.90,-3.72,1.51,-24.55,-40.15,1
i,2022-10-31 13:45:41.442414,0.10,0.96,0.32,-6.84,3.91,-4.27,1.51,-24.55,-40.15,1
i,2022-10-31 13:45:41.463778,0.09,1.01,0.28,-5.25,2.75,-0.98,1.25,-24.50,-42.71,1
i,2022-10-31 13:45:41.474278,0.09,0.98,0.27,2.01,3.91,4.09,1.25,-24.50,-42.71,1
i,2022-10-31 13:45:41.500552,0.09,0.93,0.28,4.03,5.13,9.03,1.25,-24.50,-42.71,1
i,2022-10-31 13:45:41.517207,0.08,0.94,0.24,4.70,8.18,9.83,1.86,-24.56,-42.41,1
i,2022-10-31 13:45:41.538501,-0.03,0.95,0.27,10.38,12.33,10.99,1.86,-24.56,-42.41,1
i,2022-10-31 13:45:41.554310,-0.01,0.96,0.12,35.83,21.30,7.08,1.86,-24.56,-42.41,1
i,2022-10-31 13:45:41.570510,-0.00,0.99,0.21,54.38,37.66,1.77,2.10,-23.47,-43.23,1
i,2022-10-31 13:45:41.591510,-0.03,1.00,0.30,89.11,58.72,-5.80,2.10,-23.47,-43.23,1
i,2022-10-31 13:45:41.602293,0.31,0.82,0.49,83.62,62.44,-9.03,2.10,-23.47,-43.23,1
i,2022-10-31 13:45:41.623534,0.21,0.85,0.57,38.88,51.03,-20.57,4.63,-21.29,-45.50,1
i,2022-10-31 13:45:41.645084,0.31,1.02,0.52,23.93,42.60,-37.35,4.63,-21.29,-45.50,1
i,2022-10-31 13:45:41.666359,0.21,1.11,0.51,6.59,25.45,-44.01,7.35,-21.07,-45.59,1
i,2022-10-31 13:45:41.677203,0.38,1.12,0.49,4.03,18.86,-28.99,7.35,-21.07,-45.59,1
i,2022-10-31 13:45:41.698287,0.36,0.92,0.49,-5.98,10.44,-18.68,7.35,-21.07,-45.59,1
i,2022-10-31 13:45:41.719638,0.31,0.83,0.42,-15.75,3.48,-15.75,9.85,-20.80,-44.06,1
i,2022-10-31 13:45:41.740925,0.27,0.78,0.37,-25.94,1.28,-16.11,9.85,-20.80,-44.06,1
i,2022-10-31 13:45:41.754670,0.25,0.79,0.35,-34.36,0.06,-13.85,9.85,-20.80,-44.06,1
i,2022-10-31 13:45:41.773060,0.20,0.78,0.28,-30.76,-0.79,-8.85,10.50,-21.94,-43.69,1
i,2022-10-31 13:45:41.794479,0.13,0.76,0.30,-7.08,2.81,-0.06,10.50,-21.94,-43.69,1
i,2022-10-31 13:45:41.805226,0.12,0.70,0.33,13.67,1.89,11.11,10.50,-21.94,-43.69,1
i,2022-10-31 13:45:41.826181,0.07,0.62,0.32,26.79,-2.20,25.63,11.36,-22.25,-42.04,1
i,2022-10-31 13:45:41.847794,0.01,0.62,0.32,13.98,0.85,26.67,11.36,-22.25,-42.04,1
i,2022-10-31 13:45:41.868750,0.08,0.70,0.36,-0.92,1.89,11.17,10.60,-21.51,-41.91,1
i,2022-10-31 13:45:41.879838,0.07,0.86,0.24,-14.47,1.53,1.65,10.60,-21.51,-41.91,1
i,2022-10-31 13:45:41.901228,0.15,0.88,0.25,-12.15,9.58,1.46,10.60,-21.51,-41.91,1
i,2022-10-31 13:45:41.922276,0.21,0.94,0.33,-11.78,16.11,0.43,10.51,-22.24,-42.29,1
i,2022-10-31 13:45:41.932936,0.25,0.94,0.37,-5.68,17.27,1.71,10.51,-22.24,-42.29,1
i,2022-10-31 13:45:41.954812,0.25,0.90,0.36,-0.37,16.48,3.17,10.51,-22.24,-42.29,1
i,2022-10-31 13:45:41.975784,0.25,0.84,0.38,-0.12,15.81,2.14,11.56,-22.45,-41.27,1
i,2022-10-31 13:45:41.996973,0.24,0.88,0.33,1.16,14.71,-0.92,11.56,-22.45,-41.27,1
i,2022-10-31 13:45:42.007638,0.22,0.92,0.31,2.75,15.93,-1.53,11.56,-22.45,-41.27,1
i,2022-10-31 13:45:42.029279,0.22,0.91,0.34,12.08,18.68,0.61,11.52,-22.28,-40.63,1
i,2022-10-31 13:45:42.050498,0.23,0.86,0.40,17.94,20.39,2.50,11.52,-22.28,-40.63,1
i,2022-10-31 13:45:42.071503,0.25,0.84,0.40,26.67,16.42,-1.28,12.16,-22.23,-40.95,1
i,2022-10-31 13:45:42.082535,0.20,0.88,0.41,32.90,12.27,-3.54,12.16,-22.23,-40.95,1
i,2022-10-31 13:45:42.103639,0.19,0.86,0.35,34.48,8.79,-2.50,12.16,-22.23,-40.95,1
i,2022-10-31 13:45:42.125004,0.23,0.86,0.34,29.42,9.83,-1.46,12.63,-21.34,-43.35,1
i,2022-10-31 13:45:42.135517,0.21,0.90,0.39,22.40,10.93,-0.18,12.63,-21.34,-43.35,1
i,2022-10-31 13:45:42.157293,0.20,0.93,0.39,32.17,12.02,2.93,12.63,-21.34,-43.35,1
i,2022-10-31 13:45:42.178550,0.22,0.84,0.44,39.31,13.31,5.31,13.21,-21.02,-43.21,1
i,2022-10-31 13:45:42.199585,0.24,0.75,0.48,39.37,10.19,6.90,13.21,-21.02,-43.21,1
i,2022-10-31 13:45:42.210231,0.23,0.72,0.48,29.54,4.46,5.92,13.21,-21.02,-43.21,1
i,2022-10-31 13:45:42.231757,0.22,0.77,0.41,20.69,0.85,1.59,13.29,-20.21,-44.79,1
i,2022-10-31 13:45:42.252993,0.23,0.82,0.41,19.47,2.69,-3.30,13.29,-20.21,-44.79,1
i,2022-10-31 13:45:42.263596,0.24,0.81,0.48,17.15,2.08,-2.44,13.68,-19.36,-45.35,1
i,2022-10-31 13:45:42.284979,0.24,0.80,0.49,13.61,-0.67,-1.59,13.68,-19.36,-45.35,1
i,2022-10-31 13:45:42.306454,0.22,0.82,0.47,9.09,-2.20,0.00,13.68,-19.36,-45.35,1
i,2022-10-31 13:45:42.327431,0.23,0.81,0.42,9.64,-0.79,0.98,13.10,-19.17,-46.15,1
i,2022-10-31 13:45:42.338261,0.24,0.82,0.45,11.23,3.42,0.55,13.10,-19.17,-46.15,1
i,2022-10-31 13:45:42.359588,0.23,0.79,0.52,12.51,2.01,0.55,13.10,-19.17,-46.15,1
i,2022-10-31 13:45:42.380795,0.24,0.77,0.49,11.41,-0.43,0.31,13.78,-18.91,-45.35,1
i,2022-10-31 13:45:42.391578,0.23,0.78,0.45,6.59,-1.22,-0.31,13.78,-18.91,-45.35,1
i,2022-10-31 13:45:42.413135,0.23,0.86,0.45,5.07,0.49,-0.98,13.78,-18.91,-45.35,1
i,2022-10-31 13:45:42.434474,0.25,0.84,0.50,13.73,2.20,2.99,13.98,-19.17,-46.83,1
i,2022-10-31 13:45:42.455703,0.24,0.77,0.51,14.47,-0.49,3.72,13.98,-19.17,-46.83,1
i,2022-10-31 13:45:42.477058,0.24,0.76,0.48,11.47,-1.83,2.69,13.46,-18.31,-46.75,1
i,2022-10-31 13:45:42.487926,0.24,0.80,0.47,11.78,-1.22,0.24,13.46,-18.31,-46.75,1
i,2022-10-31 13:45:42.508997,0.23,0.85,0.48,22.52,2.75,0.61,13.46,-18.31,-46.75,1
i,2022-10-31 13:45:42.530282,0.23,0.79,0.53,28.20,3.60,3.85,13.92,-17.36,-46.77,1
i,2022-10-31 13:45:42.540977,0.24,0.72,0.52,22.89,2.69,2.93,13.92,-17.36,-46.77,1
i,2022-10-31 13:45:42.563956,0.23,0.74,0.52,13.67,2.01,1.16,13.92,-17.36,-46.77,1
i,2022-10-31 13:45:42.583660,0.23,0.73,0.52,4.64,1.77,0.31,13.79,-16.64,-48.82,1
i,2022-10-31 13:45:42.604974,0.23,0.71,0.50,-6.10,1.71,-0.55,13.79,-16.64,-48.82,1
i,2022-10-31 13:45:42.615540,0.24,0.75,0.51,-27.10,2.56,0.67,13.79,-16.64,-48.82,1
i,2022-10-31 13:45:42.637159,0.22,0.80,0.53,-39.79,0.43,9.40,13.67,-17.26,-46.53,1
i,2022-10-31 13:45:42.658393,0.21,0.85,0.51,-45.72,-2.87,15.50,13.67,-17.26,-46.53,1
i,2022-10-31 13:45:42.671725,0.21,0.94,0.50,-40.10,-5.74,16.42,13.24,-18.96,-46.34,1
i,2022-10-31 13:45:42.690172,0.21,0.97,0.50,-24.41,-7.93,20.63,13.24,-18.96,-46.34,1
i,2022-10-31 13:45:42.711964,0.21,0.97,0.42,16.11,-6.04,23.07,13.24,-18.96,-46.34,1
i,2022-10-31 13:45:42.732859,0.22,0.72,0.46,48.89,-4.76,19.04,12.50,-18.10,-45.81,1
i,2022-10-31 13:45:42.743676,0.22,0.60,0.40,53.59,-1.28,4.58,12.50,-18.10,-45.81,1
i,2022-10-31 13:45:42.765316,0.24,0.57,0.45,36.99,6.96,-7.08,12.50,-18.10,-45.81,1
i,2022-10-31 13:45:42.786206,0.25,0.64,0.63,13.24,10.74,-11.60,12.44,-17.31,-47.27,1
i,2022-10-31 13:45:42.797017,0.25,0.78,0.53,0.12,4.76,-13.73,12.44,-17.31,-47.27,1
i,2022-10-31 13:45:42.818241,0.22,0.87,0.50,-2.44,7.57,-6.47,12.44,-17.31,-47.27,1
i,2022-10-31 13:45:42.839719,0.19,0.86,0.52,-5.74,7.69,1.34,13.20,-17.19,-47.30,1
i,2022-10-31 13:45:42.861141,0.18,0.82,0.51,-0.31,5.31,5.43,13.20,-17.19,-47.30,1
i,2022-10-31 13:45:42.882266,0.21,0.79,0.49,0.55,3.60,6.65,13.33,-17.08,-47.52,1
i,2022-10-31 13:45:42.899315,0.22,0.75,0.50,-2.62,4.09,4.82,13.33,-17.08,-47.52,1
i,2022-10-31 13:45:42.914504,0.19,0.78,0.51,-6.10,4.15,4.94,13.33,-17.08,-47.52,1
i,2022-10-31 13:45:42.940775,0.22,0.75,0.48,-9.58,2.20,6.65,12.76,-17.54,-48.11,1
i,2022-10-31 13:45:42.946344,0.22,0.75,0.50,-9.64,3.78,1.16,12.76,-17.54,-48.11,1
i,2022-10-31 13:45:42.972262,0.23,0.75,0.51,-5.80,3.30,-7.57,12.76,-17.54,-48.11,1
i,2022-10-31 13:45:42.989080,0.21,0.81,0.49,-6.35,6.77,-10.68,12.63,-17.83,-46.73,1
i,2022-10-31 13:45:43.010479,0.22,0.83,0.49,-4.70,8.85,-7.26,12.63,-17.83,-46.73,1
i,2022-10-31 13:45:43.021088,0.22,0.82,0.46,0.00,10.25,-4.52,13.57,-18.03,-45.65,1
i,2022-10-31 13:45:43.042481,0.23,0.78,0.48,0.49,13.12,-2.44,13.57,-18.03,-45.65,1
i,2022-10-31 13:45:43.063809,0.26,0.75,0.52,-9.22,12.02,-1.83,13.57,-18.03,-45.65,1
i,2022-10-31 13:45:43.084837,0.28,0.78,0.51,-13.67,7.75,-3.36,13.90,-18.29,-46.77,1
i,2022-10-31 13:45:43.095577,0.25,0.81,0.49,-15.32,5.25,-3.11,13.90,-18.29,-46.77,1
i,2022-10-31 13:45:43.117105,0.23,0.84,0.48,-12.57,5.62,-1.83,13.90,-18.29,-46.77,1
i,2022-10-31 13:45:43.138444,0.24,0.82,0.45,-7.14,6.47,0.18,14.40,-18.96,-45.76,1
i,2022-10-31 13:45:43.156720,0.24,0.78,0.46,-1.40,9.09,0.37,14.40,-18.96,-45.76,1
i,2022-10-31 13:45:43.172550,0.27,0.76,0.47,-4.64,9.09,-1.65,14.40,-18.96,-45.76,1
i,2022-10-31 13:45:43.191701,0.27,0.82,0.50,-10.80,7.63,-1.83,14.21,-19.32,-45.58,1
