W,2022-10-31 14:09:31.512709,0.40,-0.13,-0.99,15.08,12.33,2.62,13.37,-5.37,10.94,1
W,2022-10-31 14:09:31.523036,0.33,-0.07,-1.02,6.29,26.73,-15.81,13.29,-4.82,9.59,1
W,2022-10-31 14:09:31.542953,0.05,-0.07,-1.07,-11.96,22.58,-29.60,13.29,-4.82,9.59,1
W,2022-10-31 14:09:31.563280,0.02,-0.09,-1.07,-6.90,18.49,-43.09,12.89,-4.17,10.36,1
W,2022-10-31 14:09:31.585983,0.03,-0.07,-1.09,-10.50,19.78,-51.21,12.89,-4.17,10.36,1
W,2022-10-31 14:09:31.602481,0.02,-0.24,-1.02,-36.25,23.56,-33.20,12.89,-4.17,10.36,1
W,2022-10-31 14:09:31.622578,-0.04,-0.40,-0.98,-45.78,17.33,-11.72,12.93,-2.33,10.99,1
W,2022-10-31 14:09:31.642535,0.01,-0.47,-0.96,-31.80,4.70,6.77,12.93,-2.33,10.99,1
W,2022-10-31 14:09:31.662554,0.12,-0.44,-0.94,-11.11,-2.50,14.77,12.21,-1.46,11.22,1
W,2022-10-31 14:09:31.682556,0.10,-0.40,-0.91,-8.00,-2.32,9.46,12.21,-1.46,11.22,1
W,2022-10-31 14:09:31.708641,0.05,-0.30,-0.89,-6.47,2.32,-6.59,12.21,-1.46,11.22,1
W,2022-10-31 14:09:31.729102,-0.14,-0.17,-0.92,-1.34,6.96,-14.53,12.35,-0.87,11.58,1
W,2022-10-31 14:09:31.749096,0.05,-0.45,-0.89,9.09,-17.03,-4.15,12.35,-0.87,11.58,1
W,2022-10-31 14:09:31.769090,0.02,-0.19,-0.92,4.52,-19.59,-2.32,13.40,-1.37,9.19,1
W,2022-10-31 14:09:31.789084,-0.00,-0.34,-0.91,-8.73,3.66,10.13,13.40,-1.37,9.19,1
W,2022-10-31 14:09:31.809248,0.01,-0.33,-0.89,15.50,29.97,5.31,13.40,-1.37,9.19,1
W,2022-10-31 14:09:31.825408,0.01,-0.36,-0.90,21.55,30.82,5.07,12.94,-1.81,9.95,1
W,2022-10-31 14:09:31.841985,0.05,-0.35,-0.93,31.62,40.34,7.20,12.94,-1.81,9.95,1
W,2022-10-31 14:09:31.862302,0.07,-0.36,-0.94,27.59,47.49,12.70,12.94,-1.81,9.95,1
W,2022-10-31 14:09:31.882294,0.09,-0.38,-1.01,29.05,42.48,10.80,11.78,-2.49,9.23,1
W,2022-10-31 14:09:31.902290,0.05,-0.30,-1.10,32.96,33.69,2.56,11.78,-2.49,9.23,1
W,2022-10-31 14:09:31.925419,-0.02,-0.11,-1.27,16.17,-10.19,-12.27,11.54,-3.59,9.74,1
W,2022-10-31 14:09:31.942065,-0.00,-0.17,-1.25,25.63,4.21,-6.41,11.54,-3.59,9.74,1
W,2022-10-31 14:09:31.962473,0.09,-0.29,-1.17,23.13,13.67,-3.05,11.54,-3.59,9.74,1
W,2022-10-31 14:09:31.982470,-0.01,-0.18,-1.26,25.45,17.27,-5.62,11.93,-4.46,9.77,1
W,2022-10-31 14:09:32.002461,0.01,-0.25,-1.15,32.29,29.66,-5.43,11.93,-4.46,9.77,1
W,2022-10-31 14:09:32.025828,0.60,-0.23,-0.95,-51.94,-44.68,36.44,12.17,-4.55,8.94,1
W,2022-10-31 14:09:32.042202,-0.05,-0.34,-1.13,0.37,-35.03,15.99,12.17,-4.55,8.94,1
W,2022-10-31 14:09:32.062379,0.09,-0.27,-1.04,24.35,-22.22,5.31,12.17,-4.55,8.94,1
W,2022-10-31 14:09:32.082423,0.03,-0.17,-1.03,14.34,-16.78,14.34,12.01,-4.41,9.03,1
W,2022-10-31 14:09:32.102418,-0.20,-0.19,-0.97,-14.59,-32.35,28.26,12.01,-4.41,9.03,1
W,2022-10-31 14:09:32.125335,0.05,-0.26,-0.90,85.39,55.91,-13.92,12.10,-5.44,7.70,1
W,2022-10-31 14:09:32.152340,0.07,-0.08,-0.77,44.31,47.97,-9.03,12.10,-5.44,7.70,1
W,2022-10-31 14:09:32.172331,-0.85,-0.12,-1.09,-173.89,-116.09,68.48,11.82,-4.26,8.96,1
W,2022-10-31 14:09:32.192618,0.06,-0.61,-0.77,-9.89,3.78,6.29,11.82,-4.26,8.96,1
W,2022-10-31 14:09:32.208753,0.05,-0.17,-0.73,-14.65,-5.62,-8.42,11.82,-4.26,8.96,1
W,2022-10-31 14:09:32.229102,0.06,-0.22,-0.78,-27.40,-22.16,-1.34,11.23,-3.37,8.52,1
W,2022-10-31 14:09:32.252540,-0.26,-0.11,-1.00,-46.81,0.98,11.35,11.23,-3.37,8.52,1
W,2022-10-31 14:09:32.272746,-0.05,-0.42,-0.89,2.50,51.64,8.73,11.38,-2.93,8.86,1
W,2022-10-31 14:09:32.292741,0.12,-0.39,-0.90,21.36,62.13,-3.97,11.38,-2.93,8.86,1
W,2022-10-31 14:09:32.312734,0.12,-0.34,-0.95,12.15,43.52,5.49,11.38,-2.93,8.86,1
W,2022-10-31 14:09:32.332725,0.09,-0.32,-1.05,9.70,28.44,11.47,10.57,-3.02,9.08,1
W,2022-10-31 14:09:32.352729,0.02,-0.22,-1.22,14.28,9.89,7.32,10.57,-3.02,9.08,1
W,2022-10-31 14:09:32.372830,0.01,-0.31,-1.23,22.28,-10.62,-18.07,10.71,-4.08,8.14,1
W,2022-10-31 14:09:32.392706,-0.04,-0.10,-1.33,32.96,1.16,-18.13,10.71,-4.08,8.14,1
W,2022-10-31 14:09:32.412701,-0.03,-0.07,-1.30,40.83,16.97,-13.73,10.71,-4.08,8.14,1
W,2022-10-31 14:09:32.432792,-0.03,-0.16,-1.20,39.86,41.75,-1.53,11.30,-5.68,8.57,1
W,2022-10-31 14:09:32.452811,1.26,0.02,-0.75,28.56,39.73,9.52,11.30,-5.68,8.57,1
W,2022-10-31 14:09:32.472779,-0.14,-0.28,-1.27,-102.78,-100.52,66.22,10.82,-3.67,8.69,1
W,2022-10-31 14:09:32.494556,0.01,-0.45,-0.99,-41.44,-68.12,32.29,10.82,-3.67,8.69,1
W,2022-10-31 14:09:32.515968,-0.11,-0.26,-1.07,-17.27,-38.21,25.02,10.82,-3.67,8.69,1
W,2022-10-31 14:09:32.536773,-0.06,-0.23,-0.94,4.52,-10.07,14.04,11.05,-3.25,8.34,1
W,2022-10-31 14:09:32.556778,-0.20,-0.16,-0.92,13.55,7.87,8.48,11.05,-3.25,8.34,1
