z,2022-10-20 13:50:51.165422,0.01,-0.22,1.00,5.86,9.16,46.57,25.42,59.47,-17.25,1
z,2022-10-20 13:50:51.178201,0.09,-0.06,1.08,25.57,42.42,8.36,25.82,59.73,-16.88,1
z,2022-10-20 13:50:51.198402,0.38,-0.21,1.07,32.29,53.10,6.04,25.82,59.73,-16.88,1
z,2022-10-20 13:50:51.219017,0.38,-0.19,1.04,28.44,47.91,-8.85,25.82,59.73,-16.88,1
z,2022-10-20 13:50:51.244763,0.45,-0.28,0.95,27.53,41.26,-23.07,24.76,60.66,-15.67,1
z,2022-10-20 13:50:51.266036,0.51,-0.35,0.81,8.48,34.79,-29.36,24.76,60.66,-15.67,1
z,2022-10-20 13:50:51.286813,0.46,-0.46,0.73,-8.67,13.73,-16.66,23.58,61.95,-15.42,1
z,2022-10-20 13:50:51.307702,0.43,-0.51,0.69,-16.30,2.50,-7.39,23.58,61.95,-15.42,1
z,2022-10-20 13:50:51.327813,0.38,-0.51,0.68,-32.96,-8.67,-8.79,23.40,61.87,-15.04,1
z,2022-10-20 13:50:51.349191,0.37,-0.52,0.69,-49.01,-19.78,-3.78,23.40,61.87,-15.04,1
z,2022-10-20 13:50:51.370192,0.32,-0.47,0.74,-60.18,-32.96,1.95,23.40,61.87,-15.04,1
z,2022-10-20 13:50:51.390412,0.25,-0.40,0.75,-62.19,-47.00,6.35,23.73,61.29,-15.14,1
z,2022-10-20 13:50:51.421484,-0.31,-0.45,1.37,-27.16,-40.22,-5.80,23.73,61.29,-15.14,1
z,2022-10-20 13:50:51.441780,0.29,-0.26,1.06,-9.95,6.41,6.23,24.37,60.96,-18.09,1
z,2022-10-20 13:50:51.462241,0.26,-0.13,0.95,-32.84,-3.97,11.29,24.37,60.96,-18.09,1
z,2022-10-20 13:50:51.482218,0.24,-0.03,0.97,-6.90,-12.88,-2.93,24.34,60.39,-18.18,1
z,2022-10-20 13:50:51.504279,0.25,0.02,0.92,15.50,0.43,-25.76,24.34,60.39,-18.18,1
z,2022-10-20 13:50:51.528886,0.24,0.04,0.98,31.25,19.59,-40.89,24.34,60.39,-18.18,1
z,2022-10-20 13:50:51.549353,0.28,-0.11,0.94,51.94,20.87,-36.50,22.45,61.52,-17.77,1
z,2022-10-20 13:50:51.569382,0.23,-0.33,0.88,66.71,13.92,-14.47,22.45,61.52,-17.77,1
z,2022-10-20 13:50:51.589615,0.23,-0.60,0.81,64.39,6.71,-6.90,20.97,65.00,-14.79,1
z,2022-10-20 13:50:51.620464,0.26,-0.67,0.74,49.99,0.55,-2.44,20.97,65.00,-14.79,1
z,2022-10-20 13:50:51.640350,0.28,-0.73,0.65,20.26,-6.96,16.78,19.71,66.91,-14.32,1
z,2022-10-20 13:50:51.661101,0.24,-0.73,0.66,-1.59,2.01,11.35,19.71,66.91,-14.32,1
z,2022-10-20 13:50:51.684384,0.16,-0.49,0.79,-38.02,18.86,-14.22,19.32,67.26,-15.38,1
z,2022-10-20 13:50:51.704906,0.15,-0.30,0.82,0.18,-41.02,20.14,19.32,67.26,-15.38,1
z,2022-10-20 13:50:51.725657,0.17,-0.50,0.73,36.44,-58.90,39.37,19.32,67.26,-15.38,1
z,2022-10-20 13:50:51.752132,0.20,-0.42,0.75,30.15,-56.27,28.32,19.97,65.56,-15.00,1
z,2022-10-20 13:50:51.772934,0.21,-0.54,0.69,28.08,-60.55,43.21,19.97,65.56,-15.00,1
z,2022-10-20 13:50:51.793489,0.18,-0.47,0.82,7.20,-44.56,32.04,21.25,65.03,-15.23,1
z,2022-10-20 13:50:51.814004,0.16,-0.47,0.88,-19.41,-24.23,13.73,21.25,65.03,-15.23,1
z,2022-10-20 13:50:51.834155,0.22,-0.19,0.99,-62.38,20.14,-24.05,20.87,64.23,-17.37,1
z,2022-10-20 13:50:51.864279,0.25,0.02,1.23,-93.08,39.73,-26.31,20.87,64.23,-17.37,1
z,2022-10-20 13:50:51.884945,0.21,0.12,1.28,-46.88,17.09,3.42,20.87,64.23,-17.37,1
z,2022-10-20 13:50:51.906721,0.19,-0.09,1.13,35.58,-9.34,28.26,21.55,62.29,-20.28,1
z,2022-10-20 13:50:51.917856,0.05,-0.42,1.02,52.19,-16.48,25.94,21.55,62.29,-20.28,1
