O,2022-11-08 14:11:45.773698,0.37,-0.01,0.87,1.89,4.27,-3.78,16.58,-52.16,-105.49,1
O,2022-11-08 14:11:45.797222,0.37,-0.04,0.89,3.48,0.24,1.10,16.58,-52.16,-105.49,1
O,2022-11-08 14:11:45.813690,0.38,-0.00,0.89,1.89,-1.83,1.46,16.58,-52.16,-105.49,1
O,2022-11-08 14:11:45.838293,0.35,0.01,0.92,-2.69,-3.54,-4.33,17.05,-53.04,-105.18,1
O,2022-11-08 14:11:45.856628,0.34,0.01,0.94,0.18,-3.05,-3.48,17.05,-53.04,-105.18,1
O,2022-11-08 14:11:45.872856,0.37,0.03,0.91,0.61,0.18,-2.56,17.52,-53.09,-104.93,1
O,2022-11-08 14:11:45.897553,0.37,-0.00,0.90,-3.11,-0.31,-5.62,17.52,-53.09,-104.93,1
O,2022-11-08 14:11:45.914320,0.34,-0.00,0.90,-5.55,-3.36,-6.35,17.52,-53.09,-104.93,1
O,2022-11-08 14:11:45.938337,0.34,-0.01,0.91,-3.42,-5.19,-5.37,18.38,-53.26,-106.18,1
O,2022-11-08 14:11:45.954971,0.36,0.04,0.91,-3.85,-5.31,-4.09,18.38,-53.26,-106.18,1
O,2022-11-08 14:11:45.979668,0.31,0.03,0.95,-5.55,-4.76,-6.23,18.44,-52.36,-106.75,1
O,2022-11-08 14:11:45.997740,0.34,0.05,0.93,0.43,-0.79,-5.37,18.44,-52.36,-106.75,1
O,2022-11-08 14:11:46.022360,0.37,0.04,0.91,2.56,-0.31,-5.37,18.44,-52.36,-106.75,1
O,2022-11-08 14:11:46.038819,0.36,0.01,0.91,1.65,-2.38,-5.55,17.77,-52.22,-104.68,1
O,2022-11-08 14:11:46.063771,0.34,0.00,0.92,2.75,-1.95,-4.58,17.77,-52.22,-104.68,1
O,2022-11-08 14:11:46.087939,0.35,-0.01,0.90,5.00,-1.83,-2.81,18.07,-51.49,-105.24,1
O,2022-11-08 14:11:46.104922,0.27,-0.03,0.95,2.01,0.12,-0.98,18.07,-51.49,-105.24,1
O,2022-11-08 14:11:46.130653,0.34,-0.02,0.91,-0.31,2.38,-2.14,17.88,-51.14,-103.69,1
O,2022-11-08 14:11:46.146920,0.34,-0.00,0.92,-9.40,0.98,-5.37,17.88,-51.14,-103.69,1
O,2022-11-08 14:11:46.172104,0.34,0.03,0.93,-10.62,-1.22,-5.74,17.88,-51.14,-103.69,1
O,2022-11-08 14:11:46.188568,0.34,0.03,0.91,-2.62,-3.66,-3.85,17.93,-51.16,-104.68,1
