J,2022-10-20 15:50:55.962578,-0.33,1.00,0.27,10.50,3.72,-8.36,-7.93,-51.27,-78.76,1
J,2022-10-20 15:50:55.980737,-0.27,0.95,0.29,13.61,0.85,-5.86,-7.93,-51.27,-78.76,1
J,2022-10-20 15:50:55.994269,-0.28,0.90,0.27,11.96,-1.28,-6.23,-7.93,-51.27,-78.76,1
J,2022-10-20 15:50:56.009929,-0.24,0.93,0.26,9.64,1.22,-9.70,-7.48,-50.88,-79.63,1
J,2022-10-20 15:50:56.025550,-0.22,0.92,0.26,9.34,6.41,-4.58,-7.48,-50.88,-79.63,1
J,2022-10-20 15:50:56.041177,-0.16,0.89,0.27,8.06,7.39,-2.62,-7.48,-50.88,-79.63,1
J,2022-10-20 15:50:56.072407,-0.18,0.86,0.26,-2.14,7.02,-1.40,-6.57,-51.16,-80.86,1
J,2022-10-20 15:50:56.088452,-0.19,0.88,0.23,-7.81,4.82,-1.22,-6.57,-51.16,-80.86,1
J,2022-10-20 15:50:56.104112,-0.20,0.91,0.20,-9.28,4.03,0.12,-6.92,-50.70,-80.87,1
J,2022-10-20 15:50:56.119735,-0.22,0.93,0.20,-2.87,8.00,1.71,-6.92,-50.70,-80.87,1
J,2022-10-20 15:50:56.135362,-0.19,0.93,0.25,-0.12,10.86,3.23,-6.92,-50.70,-80.87,1
J,2022-10-20 15:50:56.166590,-0.19,0.91,0.29,-3.85,8.61,4.39,-7.17,-50.82,-80.86,1
J,2022-10-20 15:50:56.182619,-0.20,0.92,0.27,-12.88,3.23,3.66,-7.17,-50.82,-80.86,1
J,2022-10-20 15:50:56.198254,-0.21,0.95,0.23,-24.23,-1.53,3.05,-7.17,-50.82,-80.86,1
J,2022-10-20 15:50:56.213879,-0.23,1.00,0.17,-22.58,-1.16,3.78,-7.50,-51.32,-81.20,1
J,2022-10-20 15:50:56.235603,-0.24,1.00,0.16,-16.60,1.53,4.39,-7.50,-51.32,-81.20,1
J,2022-10-20 15:50:56.245631,-0.24,0.98,0.17,-10.31,5.55,4.03,-7.50,-51.32,-81.20,1
J,2022-10-20 15:50:56.276894,-0.24,0.96,0.21,-5.49,3.97,1.53,-6.96,-50.84,-80.48,1
J,2022-10-20 15:50:56.292929,-0.23,0.98,0.26,-19.47,2.20,-1.71,-6.96,-50.84,-80.48,1
J,2022-10-20 15:50:56.308592,-0.24,0.97,0.25,-34.00,-2.56,-1.04,-7.41,-51.06,-80.46,1
J,2022-10-20 15:50:56.324209,-0.24,0.96,0.18,-45.65,-6.41,-3.60,-7.41,-51.06,-80.46,1
J,2022-10-20 15:50:56.339817,-0.27,0.98,0.15,-49.62,-5.07,-6.41,-7.41,-51.06,-80.46,1
J,2022-10-20 15:50:56.355442,-0.26,1.00,0.13,-47.61,-4.94,-10.74,-6.26,-51.98,-78.96,1
J,2022-10-20 15:50:56.387090,-0.24,0.99,0.13,-40.34,-1.16,-13.06,-6.26,-51.98,-78.96,1
J,2022-10-20 15:50:56.406784,-0.22,1.00,0.14,-41.81,0.67,-12.21,-6.26,-51.98,-78.96,1
J,2022-10-20 15:50:56.418624,-0.22,0.98,0.14,-52.98,-4.27,-10.01,-5.58,-52.89,-77.54,1
J,2022-10-20 15:50:56.434262,-0.21,1.00,0.10,-58.17,-4.33,-7.32,-5.58,-52.89,-77.54,1
J,2022-10-20 15:50:56.449889,-0.21,0.99,0.07,-63.90,-5.92,-8.73,-5.58,-52.89,-77.54,1
J,2022-10-20 15:50:56.465514,-0.22,1.00,0.07,-71.35,-9.64,-12.88,-5.35,-53.47,-74.26,1
J,2022-10-20 15:50:56.497155,-0.16,1.01,0.01,-69.15,-7.87,-10.68,-5.35,-53.47,-74.26,1
J,2022-10-20 15:50:56.512792,-0.17,0.99,0.00,-70.37,-8.48,-10.80,-4.14,-54.82,-72.49,1
J,2022-10-20 15:50:56.528438,-0.16,1.04,-0.05,-46.94,-9.83,-9.70,-4.14,-54.82,-72.49,1
J,2022-10-20 15:50:56.544067,-0.12,1.01,-0.10,8.36,-1.22,-2.75,-4.14,-54.82,-72.49,1
J,2022-10-20 15:50:56.559692,-0.12,0.95,-0.02,-14.71,1.10,-2.99,-3.28,-54.08,-70.84,1
J,2022-10-20 15:50:56.591111,-0.10,0.89,-0.04,-22.83,-6.23,-1.40,-3.28,-54.08,-70.84,1
J,2022-10-20 15:50:56.606747,-0.14,0.89,-0.10,-33.02,-10.13,-1.34,-3.28,-54.08,-70.84,1
J,2022-10-20 15:50:56.622374,-0.11,0.92,-0.13,-34.24,-12.33,-3.11,-3.31,-53.54,-70.08,1
J,2022-10-20 15:50:56.638023,-0.11,0.92,-0.13,-26.55,-12.02,-3.48,-3.31,-53.54,-70.08,1
J,2022-10-20 15:50:56.653646,-0.09,0.93,-0.13,-32.23,-10.86,3.48,-3.31,-53.54,-70.08,1
J,2022-10-20 15:50:56.682286,-0.10,0.87,-0.20,-22.58,-8.06,8.79,-3.27,-53.38,-69.64,1
J,2022-10-20 15:50:56.700951,-0.10,0.88,-0.19,-18.49,-1.77,12.21,-3.27,-53.38,-69.64,1
J,2022-10-20 15:50:56.717211,-0.13,0.86,-0.20,-2.99,0.85,13.37,-3.44,-53.19,-68.44,1
J,2022-10-20 15:50:56.732719,-0.08,0.86,-0.16,5.07,2.56,12.27,-3.44,-53.19,-68.44,1
J,2022-10-20 15:50:56.754876,-0.15,0.90,-0.17,-9.16,-3.48,7.26,-3.44,-53.19,-68.44,1
J,2022-10-20 15:50:56.764383,-0.16,0.97,-0.20,-5.68,-6.10,4.88,-4.60,-52.37,-68.08,1
J,2022-10-20 15:50:56.782540,-0.14,0.88,-0.09,-15.93,-13.55,-12.15,-4.60,-52.37,-68.08,1
