R,2022-10-27 12:56:29.808862,0.03,-0.36,0.88,-25.45,37.17,-9.40,-85.49,-54.48,-183.30,1
R,2022-10-27 12:56:29.826872,0.10,-0.40,0.82,-25.82,34.55,-3.05,-85.49,-54.48,-183.30,1
R,2022-10-27 12:56:29.844799,0.01,-0.48,0.86,-29.24,21.67,3.48,-85.49,-54.48,-183.30,1
R,2022-10-27 12:56:29.863760,0.01,-0.39,0.86,-46.33,23.13,4.58,-84.45,-57.86,-190.73,1
R,2022-10-27 12:56:29.881794,0.05,-0.34,0.80,-46.02,11.60,7.39,-84.45,-57.86,-190.73,1
R,2022-10-27 12:56:29.900787,0.11,-0.24,0.70,-50.29,-3.54,6.47,-84.52,-60.02,-194.32,1
R,2022-10-27 12:56:29.919103,0.09,-0.05,0.62,-55.48,-19.65,-6.96,-84.52,-60.02,-194.32,1
R,2022-10-27 12:56:29.937951,-0.02,0.03,0.50,-38.02,-50.72,-20.75,-84.52,-60.02,-194.32,1
R,2022-10-27 12:56:29.956999,-0.67,-0.25,1.06,24.41,-47.55,-9.34,-91.17,-62.13,-193.66,1
R,2022-10-27 12:56:29.974681,-0.06,0.01,0.51,54.20,-27.34,10.07,-91.17,-62.13,-193.66,1
R,2022-10-27 12:56:29.992947,-0.02,-0.15,0.59,47.79,-81.12,-9.03,-91.17,-62.13,-193.66,1
R,2022-10-27 12:56:30.011841,-0.07,-0.09,0.75,13.06,-107.91,-28.08,-104.03,-60.47,-186.90,1
R,2022-10-27 12:56:30.030028,-0.23,-0.06,1.00,16.36,-110.96,-24.84,-104.03,-60.47,-186.90,1
R,2022-10-27 12:56:30.047980,-0.26,-0.12,1.17,24.17,-84.90,-17.33,-104.03,-60.47,-186.90,1
R,2022-10-27 12:56:30.066959,-0.28,-0.31,1.26,27.77,-57.13,-11.41,-124.30,-61.44,-167.69,1
R,2022-10-27 12:56:30.085100,-0.34,-0.47,1.44,8.30,-16.36,-2.08,-124.30,-61.44,-167.69,1
R,2022-10-27 12:56:30.104791,-0.32,-0.58,1.54,-4.82,18.49,9.58,-131.56,-62.18,-159.39,1
R,2022-10-27 12:56:30.122876,-0.15,-0.35,1.25,-22.40,10.13,5.92,-131.56,-62.18,-159.39,1
R,2022-10-27 12:56:30.140932,-0.50,-0.47,1.68,-15.63,-1.83,0.06,-131.56,-62.18,-159.39,1
R,2022-10-27 12:56:30.159884,-0.20,-0.25,1.31,-2.26,70.50,34.97,-127.69,-59.83,-164.81,1
R,2022-10-27 12:56:30.177864,-0.18,-0.24,1.22,-4.76,69.21,29.85,-127.69,-59.83,-164.81,1
R,2022-10-27 12:56:30.196018,-0.13,-0.20,1.12,-9.52,74.77,24.11,-127.69,-59.83,-164.81,1
R,2022-10-27 12:56:30.215846,-0.08,-0.18,0.98,-10.25,74.40,19.53,-111.52,-56.90,-182.86,1
R,2022-10-27 12:56:30.233900,-0.05,-0.06,0.83,-18.01,73.18,9.34,-111.52,-56.90,-182.86,1
R,2022-10-27 12:56:30.252730,-0.02,0.07,0.68,-19.84,66.28,-0.24,-94.30,-58.41,-193.73,1
R,2022-10-27 12:56:30.270836,-0.04,0.12,0.66,-6.59,42.91,-12.76,-94.30,-58.41,-193.73,1
R,2022-10-27 12:56:30.288765,-0.05,0.11,0.65,8.42,28.81,-20.81,-94.30,-58.41,-193.73,1
R,2022-10-27 12:56:30.307498,-0.05,0.05,0.58,23.50,16.17,-30.21,-84.75,-64.05,-197.41,1
R,2022-10-27 12:56:30.325847,-0.05,-0.04,0.55,24.35,5.80,-38.45,-84.75,-64.05,-197.41,1
R,2022-10-27 12:56:30.343848,-0.03,-0.05,0.55,25.51,-5.86,-51.51,-84.75,-64.05,-197.41,1
R,2022-10-27 12:56:30.362868,-0.03,-0.16,0.59,35.71,-27.28,-55.48,-83.47,-70.24,-199.91,1
R,2022-10-27 12:56:30.380933,-0.06,-0.25,0.70,42.30,-53.04,-44.68,-83.47,-70.24,-199.91,1
R,2022-10-27 12:56:30.400058,-0.09,-0.46,0.76,37.05,-57.80,-32.41,-90.83,-73.91,-194.12,1
R,2022-10-27 12:56:30.417988,-0.11,-0.55,0.87,31.80,-61.65,-15.63,-90.83,-73.91,-194.12,1
R,2022-10-27 12:56:30.435889,-0.13,-0.62,0.97,24.60,-60.79,2.50,-90.83,-73.91,-194.12,1
R,2022-10-27 12:56:30.454803,-0.19,-0.63,1.17,13.00,-56.88,17.09,-101.83,-72.55,-187.83,1
R,2022-10-27 12:56:30.472956,-0.19,-0.65,1.26,-6.29,-32.90,34.85,-101.83,-72.55,-187.83,1
R,2022-10-27 12:56:30.490870,-0.19,-0.60,1.24,-15.56,-20.26,46.33,-101.83,-72.55,-187.83,1
R,2022-10-27 12:56:30.509900,-0.18,-0.40,1.22,-30.09,-4.21,47.85,-108.80,-64.28,-183.06,1
R,2022-10-27 12:56:30.527839,-0.15,-0.16,1.16,-35.77,10.19,39.37,-108.80,-64.28,-183.06,1
R,2022-10-27 12:56:30.545834,-0.13,0.12,1.02,-19.29,10.86,11.90,-108.80,-64.28,-183.06,1
R,2022-10-27 12:56:30.564757,-0.07,0.26,0.87,0.43,-1.22,-0.49,-108.22,-57.53,-182.20,1
R,2022-10-27 12:56:30.582754,-0.18,0.06,0.83,18.01,-28.44,-20.75,-108.22,-57.53,-182.20,1
R,2022-10-27 12:56:30.601964,-0.20,-0.10,0.77,25.57,-16.91,-1.65,-106.19,-57.21,-182.29,1
R,2022-10-27 12:56:30.619707,-0.14,0.21,0.83,19.53,18.62,-61.71,-106.19,-57.21,-182.29,1
R,2022-10-27 12:56:30.637743,-0.09,0.16,0.72,26.79,-6.47,-64.09,-106.19,-57.21,-182.29,1
R,2022-10-27 12:56:30.656718,-0.09,0.18,0.76,37.96,-26.86,-69.21,-107.80,-67.87,-182.91,1
R,2022-10-27 12:56:30.674846,-0.13,-0.02,0.79,59.33,-41.50,-68.85,-107.80,-67.87,-182.91,1
R,2022-10-27 12:56:30.692999,-0.22,-0.35,0.83,68.18,-44.19,-59.69,-107.80,-67.87,-182.91,1
R,2022-10-27 12:56:30.711793,-0.25,-0.56,0.85,45.17,-39.86,-43.21,-112.57,-81.54,-178.58,1
R,2022-10-27 12:56:30.729959,-0.38,-0.75,1.05,16.91,-33.39,-31.98,-112.57,-81.54,-178.58,1
R,2022-10-27 12:56:30.749039,-0.44,-0.64,1.06,-1.95,-16.78,-9.16,-114.33,-90.52,-174.62,1
R,2022-10-27 12:56:30.766899,-0.60,-0.71,1.20,-0.92,-9.34,-0.67,-114.33,-90.52,-174.62,1
R,2022-10-27 12:56:30.784747,-0.48,-0.60,1.19,0.85,15.50,24.90,-114.33,-90.52,-174.62,1
R,2022-10-27 12:56:30.803706,-0.36,-0.40,1.24,-0.12,28.02,32.17,-108.56,-87.70,-174.12,1
R,2022-10-27 12:56:30.821748,-0.33,-0.32,1.20,2.26,43.46,33.81,-108.56,-87.70,-174.12,1
R,2022-10-27 12:56:30.839801,-0.15,-0.27,1.06,1.10,60.91,32.10,-108.56,-87.70,-174.12,1
R,2022-10-27 12:56:30.858905,-0.06,-0.30,0.95,-8.97,70.43,25.39,-95.84,-81.15,-181.85,1
