j,2022-10-30 19:35:11.488739,-0.09,0.47,0.99,-10.07,-2.87,-11.35,-14.01,-15.54,-111.58,1
j,2022-10-30 19:35:11.506773,-0.15,0.49,1.05,-6.29,2.01,-10.74,-14.01,-15.54,-111.58,1
j,2022-10-30 19:35:11.524660,-0.14,0.46,1.07,0.67,10.99,-13.55,-14.01,-15.54,-111.58,1
j,2022-10-30 19:35:11.543814,-0.15,0.43,1.00,-10.50,19.29,-19.10,-13.31,-15.43,-111.24,1
j,2022-10-30 19:35:11.561808,-0.14,0.44,0.90,-15.81,21.18,-20.94,-13.31,-15.43,-111.24,1
j,2022-10-30 19:35:11.579729,-0.09,0.43,0.77,-11.78,17.76,-18.13,-13.31,-15.43,-111.24,1
j,2022-10-30 19:35:11.598745,-0.05,0.44,0.73,-12.15,9.89,-15.75,-11.71,-15.28,-111.63,1
j,2022-10-30 19:35:11.616814,-1.50,0.36,0.66,-10.86,-0.24,-14.89,-11.71,-15.28,-111.63,1
j,2022-10-30 19:35:11.635857,-0.15,0.45,0.72,89.90,-11.11,-1.34,-10.36,-14.62,-112.60,1
j,2022-10-30 19:35:11.653599,-0.19,0.29,0.68,37.17,5.07,0.67,-10.36,-14.62,-112.60,1
j,2022-10-30 19:35:11.671778,-0.14,0.41,0.80,-20.26,31.43,-7.14,-10.36,-14.62,-112.60,1
j,2022-10-30 19:35:11.690901,-0.06,0.29,-0.08,-44.19,25.09,-9.46,-8.91,-15.75,-111.96,1
j,2022-10-30 19:35:11.708854,-0.12,0.26,0.72,-6.65,-58.96,8.97,-8.91,-15.75,-111.96,1
j,2022-10-30 19:35:11.726775,-0.13,0.42,0.69,-25.57,-60.18,13.37,-8.91,-15.75,-111.96,1
j,2022-10-30 19:35:11.745790,-0.17,0.39,0.82,7.51,-63.84,20.63,-11.61,-19.92,-110.06,1
j,2022-10-30 19:35:11.763790,-0.20,0.41,0.93,5.49,-52.06,21.67,-11.61,-19.92,-110.06,1
j,2022-10-30 19:35:11.782768,-0.22,0.46,0.99,4.94,-36.93,17.46,-15.05,-23.90,-108.54,1
j,2022-10-30 19:35:11.800652,-0.22,0.47,1.04,8.79,-23.44,12.39,-15.05,-23.90,-108.54,1
j,2022-10-30 19:35:11.818628,-0.24,0.49,1.10,15.01,-17.70,12.21,-15.05,-23.90,-108.54,1
j,2022-10-30 19:35:11.837789,-0.25,0.55,1.10,11.29,-4.27,2.75,-17.86,-26.33,-109.01,1
j,2022-10-30 19:35:11.855648,-0.24,0.53,0.98,16.78,-4.33,3.36,-17.86,-26.33,-109.01,1
j,2022-10-30 19:35:11.873802,-0.24,0.53,0.95,14.47,-5.62,2.81,-17.86,-26.33,-109.01,1
j,2022-10-30 19:35:11.892744,-0.25,0.61,0.86,6.84,-7.14,-2.32,-19.74,-27.77,-112.13,1
j,2022-10-30 19:35:11.910968,-0.25,0.57,0.81,12.08,-11.47,-3.54,-19.74,-27.77,-112.13,1
j,2022-10-30 19:35:11.928651,-0.26,0.44,0.79,11.96,-7.32,0.55,-19.74,-27.77,-112.13,1
j,2022-10-30 19:35:11.947654,-0.25,0.42,0.80,10.31,0.06,2.32,-20.45,-27.47,-111.55,1
j,2022-10-30 19:35:11.965629,-0.25,0.39,0.81,3.23,5.55,2.01,-20.45,-27.47,-111.55,1
j,2022-10-30 19:35:11.984885,-0.24,0.39,0.84,-6.41,8.97,-0.79,-19.79,-27.71,-112.12,1
j,2022-10-30 19:35:12.002764,-0.23,0.44,0.85,-21.24,8.61,-5.00,-19.79,-27.71,-112.12,1
j,2022-10-30 19:35:12.020735,-0.22,0.47,0.85,-21.12,5.74,-3.66,-19.79,-27.71,-112.12,1
j,2022-10-30 19:35:12.039746,-0.22,0.48,0.84,-11.29,-0.24,-1.04,-19.82,-28.41,-110.50,1
j,2022-10-30 19:35:12.057654,-0.23,0.44,0.85,-2.26,-3.11,0.43,-19.82,-28.41,-110.50,1
j,2022-10-30 19:35:12.075736,-0.23,0.44,0.85,2.26,-1.83,-1.04,-19.82,-28.41,-110.50,1
j,2022-10-30 19:35:12.094777,-0.23,0.44,0.83,0.61,-1.16,-4.33,-20.08,-28.54,-110.19,1
j,2022-10-30 19:35:12.112843,-0.23,0.43,0.82,2.26,-0.31,-5.43,-20.08,-28.54,-110.19,1
j,2022-10-30 19:35:12.131651,-0.23,0.47,0.83,0.18,1.22,-6.10,-20.07,-28.89,-110.64,1
j,2022-10-30 19:35:12.149861,-0.23,0.45,0.85,8.30,-0.92,-4.09,-20.07,-28.89,-110.64,1
j,2022-10-30 19:35:12.167898,-0.23,0.40,0.85,13.24,-3.78,-4.09,-20.07,-28.89,-110.64,1
j,2022-10-30 19:35:12.186862,-0.22,0.35,0.85,7.63,-6.10,-3.91,-20.07,-27.83,-111.58,1
j,2022-10-30 19:35:12.204769,-0.23,0.39,0.84,1.46,-4.94,-1.04,-20.07,-27.83,-111.58,1
j,2022-10-30 19:35:12.222835,-0.24,0.47,0.83,-1.22,-1.28,-3.54,-20.07,-27.83,-111.58,1
j,2022-10-30 19:35:12.241756,-0.24,0.48,0.80,7.14,3.17,-4.58,-20.12,-28.58,-111.74,1
j,2022-10-30 19:35:12.259650,-0.24,0.45,0.81,9.52,4.58,-4.27,-20.12,-28.58,-111.74,1
j,2022-10-30 19:35:12.277824,-0.23,0.44,0.83,3.66,5.55,-4.64,-20.12,-28.58,-111.74,1
j,2022-10-30 19:35:12.296743,-0.22,0.42,0.84,-2.01,5.68,-4.64,-20.29,-28.85,-112.23,1
j,2022-10-30 19:35:12.314762,-0.22,0.42,0.85,1.65,-1.77,0.00,-20.29,-28.85,-112.23,1
j,2022-10-30 19:35:12.333784,-0.23,0.42,0.86,0.92,-2.99,-0.43,-20.52,-28.67,-112.59,1
j,2022-10-30 19:35:12.351741,-0.23,0.45,0.87,-2.32,-2.87,-1.77,-20.52,-28.67,-112.59,1
j,2022-10-30 19:35:12.369742,-0.23,0.45,0.86,4.21,-2.93,-0.79,-20.52,-28.67,-112.59,1
j,2022-10-30 19:35:12.388798,-0.23,0.42,0.84,10.13,-2.44,-0.06,-20.70,-28.71,-112.56,1
j,2022-10-30 19:35:12.406848,-0.23,0.45,0.87,1.34,-2.01,-1.83,-20.70,-28.71,-112.56,1
j,2022-10-30 19:35:12.424720,-0.23,0.41,0.89,4.15,-3.17,-0.49,-20.70,-28.71,-112.56,1
j,2022-10-30 19:35:12.443646,-0.23,0.38,0.92,4.09,-1.65,2.87,-21.74,-28.64,-113.87,1
j,2022-10-30 19:35:12.461449,-0.24,0.38,0.91,3.66,3.23,4.64,-21.74,-28.64,-113.87,1
j,2022-10-30 19:35:12.480769,-0.22,0.37,0.82,-0.24,8.24,0.18,-21.57,-28.03,-113.40,1
j,2022-10-30 19:35:12.498770,-0.25,0.46,0.85,-5.98,4.70,-1.04,-21.57,-28.03,-113.40,1
j,2022-10-30 19:35:12.516480,-0.27,0.47,0.87,0.43,4.82,3.60,-21.57,-28.03,-113.40,1
j,2022-10-30 19:35:12.535590,-0.34,0.46,0.93,12.51,7.14,8.00,-22.16,-27.48,-115.82,1
j,2022-10-30 19:35:12.553650,-0.33,0.51,0.91,21.24,9.64,6.71,-22.16,-27.48,-115.82,1
j,2022-10-30 19:35:12.571568,-0.31,0.47,0.89,22.34,10.93,6.35,-22.16,-27.48,-115.82,1
j,2022-10-30 19:35:12.590427,-0.25,0.47,0.86,25.15,11.72,8.42,-22.08,-24.23,-116.36,1
j,2022-10-30 19:35:12.608556,-0.21,0.46,0.84,22.28,12.94,6.96,-22.08,-24.23,-116.36,1
j,2022-10-30 19:35:12.626478,-0.15,0.45,0.85,16.42,11.84,2.99,-22.08,-24.23,-116.36,1
j,2022-10-30 19:35:12.645723,-0.15,0.44,0.84,3.91,10.99,-6.53,-20.64,-20.56,-116.89,1
j,2022-10-30 19:35:12.663661,-0.16,0.43,0.85,-0.37,9.34,-10.13,-20.64,-20.56,-116.89,1
j,2022-10-30 19:35:12.682772,-0.19,0.42,0.89,-5.86,9.16,-13.43,-18.88,-18.37,-116.35,1
