k,2022-10-30 14:54:05.718928,0.21,-1.07,0.68,-44.86,33.26,46.26,-42.55,30.70,-113.56,1
k,2022-10-30 14:54:05.739010,0.29,-0.92,0.54,-51.15,46.14,52.06,-42.55,30.70,-113.56,1
k,2022-10-30 14:54:05.768934,0.36,-0.72,0.45,-39.73,28.20,52.31,-42.55,30.70,-113.56,1
k,2022-10-30 14:54:05.788930,0.48,-0.47,0.43,-55.66,18.01,38.33,-35.13,32.42,-120.57,1
k,2022-10-30 14:54:05.807796,0.52,-0.08,0.22,-89.72,2.75,-9.16,-35.13,32.42,-120.57,1
k,2022-10-30 14:54:05.827803,-0.11,0.22,0.65,-63.78,-2.08,-24.41,-31.54,31.92,-127.36,1
k,2022-10-30 14:54:05.847804,0.15,-0.68,0.42,52.31,7.75,14.22,-31.54,31.92,-127.36,1
k,2022-10-30 14:54:05.867810,-0.56,0.40,-0.55,-20.02,32.29,22.03,-31.54,31.92,-127.36,1
k,2022-10-30 14:54:05.887805,0.03,-0.58,0.54,35.03,-89.17,-98.21,-33.84,31.74,-125.20,1
k,2022-10-30 14:54:05.907803,0.02,-0.53,0.53,-39.61,-48.58,-112.12,-33.84,31.74,-125.20,1
k,2022-10-30 14:54:05.927803,0.04,-0.46,0.54,-51.70,-35.28,-122.13,-43.88,22.91,-117.52,1
k,2022-10-30 14:54:05.947667,0.07,-0.65,0.72,-16.91,-44.07,-115.91,-43.88,22.91,-117.52,1
k,2022-10-30 14:54:05.967737,0.06,-0.79,0.92,11.54,-52.00,-97.84,-43.88,22.91,-117.52,1
k,2022-10-30 14:54:05.987737,0.06,-1.01,1.06,29.17,-52.80,-73.18,-48.32,12.60,-102.61,1
k,2022-10-30 14:54:06.007737,-0.01,-1.11,1.16,26.49,-44.92,-46.14,-48.32,12.60,-102.61,1
k,2022-10-30 14:54:06.027736,-0.00,-1.11,1.26,4.39,-21.30,9.22,-47.81,7.90,-94.75,1
k,2022-10-30 14:54:06.047756,-0.01,-0.78,0.96,-10.19,-14.10,32.71,-47.81,7.90,-94.75,1
k,2022-10-30 14:54:06.069818,-0.09,-1.17,1.54,-2.69,11.35,69.46,-47.81,7.90,-94.75,1
k,2022-10-30 14:54:06.090079,-0.10,-0.75,1.07,1.95,65.61,96.62,-48.45,12.72,-96.18,1
k,2022-10-30 14:54:06.101892,0.12,-0.78,0.95,34.85,51.64,85.82,-48.45,12.72,-96.18,1
k,2022-10-30 14:54:06.132135,0.33,-0.65,0.59,23.93,60.73,75.32,-48.13,24.37,-105.44,1
k,2022-10-30 14:54:06.152938,0.35,-0.55,0.41,6.77,48.71,28.93,-48.13,24.37,-105.44,1
k,2022-10-30 14:54:06.172949,0.25,-0.44,0.24,-9.77,26.25,7.51,-44.96,31.45,-114.07,1
k,2022-10-30 14:54:06.192937,0.01,-0.85,0.38,157.90,-82.76,-21.42,-44.96,31.45,-114.07,1
k,2022-10-30 14:54:06.212937,-0.07,-0.84,0.20,63.78,-48.89,-23.19,-44.96,31.45,-114.07,1
k,2022-10-30 14:54:06.232938,-0.02,-0.88,0.35,-25.88,36.38,-27.65,-44.81,32.82,-113.29,1
k,2022-10-30 14:54:06.253016,0.05,-0.68,0.07,-76.05,71.23,-32.71,-44.81,32.82,-113.29,1
k,2022-10-30 14:54:06.272974,0.05,-0.76,0.61,-25.02,-81.67,-51.82,-46.94,27.48,-111.40,1
k,2022-10-30 14:54:06.302944,0.01,-0.60,0.77,-21.85,-61.77,-35.28,-46.94,27.48,-111.40,1
k,2022-10-30 14:54:06.322937,-0.03,-0.62,1.14,-1.71,-23.38,-12.45,-49.91,21.74,-105.73,1
k,2022-10-30 14:54:06.342938,0.03,-0.57,0.91,-19.23,34.67,-4.33,-49.91,21.74,-105.73,1
k,2022-10-30 14:54:06.363810,0.03,-0.57,0.93,-10.01,7.81,-14.22,-49.91,21.74,-105.73,1
k,2022-10-30 14:54:06.383844,-0.05,-0.38,0.90,19.17,-23.07,-41.81,-49.41,18.64,-103.20,1
k,2022-10-30 14:54:06.403852,-0.08,-0.39,0.73,34.61,-6.53,-64.88,-49.41,18.64,-103.20,1
k,2022-10-30 14:54:06.433853,-0.10,-0.51,0.64,40.95,8.91,-60.49,-49.01,16.36,-101.66,1
k,2022-10-30 14:54:06.453843,-0.04,-0.94,0.47,44.49,24.35,-48.22,-49.01,16.36,-101.66,1
k,2022-10-30 14:54:06.473873,-0.06,-1.10,0.41,43.95,4.21,-1.59,-48.71,16.65,-97.13,1
k,2022-10-30 14:54:06.493844,-0.11,-1.28,0.35,-4.15,10.19,6.10,-48.71,16.65,-97.13,1
k,2022-10-30 14:54:06.513846,-0.12,-1.30,0.11,-70.56,7.14,9.58,-48.71,16.65,-97.13,1
k,2022-10-30 14:54:06.533844,-0.68,-1.38,0.49,-31.37,-11.11,92.16,-48.21,16.16,-97.22,1
k,2022-10-30 14:54:06.553845,-0.25,-1.14,0.21,21.30,4.33,139.10,-48.21,16.16,-97.22,1
k,2022-10-30 14:54:06.573844,0.19,-1.01,-0.01,35.16,-29.24,115.23,-45.72,16.85,-100.35,1
k,2022-10-30 14:54:06.593844,0.22,-0.91,-0.02,23.93,-56.70,95.09,-45.72,16.85,-100.35,1
k,2022-10-30 14:54:06.614091,0.29,-0.75,0.02,9.09,-76.05,78.86,-45.72,16.85,-100.35,1
k,2022-10-30 14:54:06.634211,0.23,-0.62,0.11,-18.31,-82.95,61.52,-47.72,12.29,-97.47,1
k,2022-10-30 14:54:06.654716,0.08,-0.60,0.34,-63.23,-82.46,34.85,-47.72,12.29,-97.47,1
k,2022-10-30 14:54:06.675033,-0.00,-0.47,0.65,-76.60,-71.53,22.40,-51.92,5.91,-94.10,1
k,2022-10-30 14:54:06.695029,0.04,-0.41,0.78,-68.30,-50.23,11.96,-51.92,5.91,-94.10,1
k,2022-10-30 14:54:06.715028,0.14,-0.33,0.97,-69.46,-37.96,7.75,-51.92,5.91,-94.10,1
k,2022-10-30 14:54:06.735646,0.14,-0.31,1.05,-68.73,-27.95,-1.04,-53.58,0.33,-86.38,1
