o,2022-10-14 18:21:51.133700,0.17,-0.70,-0.75,42.79,4.46,4.15,-40.43,29.37,69.21,1
o,2022-10-14 18:21:51.164256,0.19,-0.66,-0.80,25.39,17.27,12.21,-40.50,28.12,67.87,1
o,2022-10-14 18:21:51.179283,0.17,-0.71,-0.73,0.18,23.80,18.55,-40.50,28.12,67.87,1
o,2022-10-14 18:21:51.195054,0.20,-0.70,-0.71,2.20,19.65,16.36,-40.50,28.12,67.87,1
o,2022-10-14 18:21:51.226159,0.24,-0.64,-0.78,7.69,16.11,12.82,-42.96,29.37,66.91,1
o,2022-10-14 18:21:51.242915,0.26,-0.61,-0.80,2.38,15.87,11.11,-42.96,29.37,66.91,1
o,2022-10-14 18:21:51.257535,0.23,-0.61,-0.84,-7.32,13.67,5.80,-44.23,30.00,65.69,1
o,2022-10-14 18:21:51.289249,0.20,-0.63,-0.80,-7.51,12.39,4.52,-44.23,30.00,65.69,1
o,2022-10-14 18:21:51.306022,0.25,-0.61,-0.82,-2.87,4.27,2.38,-44.84,30.59,66.30,1
o,2022-10-14 18:21:51.322163,0.23,-0.56,-0.83,-11.23,3.23,0.49,-44.84,30.59,66.30,1
o,2022-10-14 18:21:51.338543,0.20,-0.60,-0.80,-16.78,2.44,-1.46,-44.84,30.59,66.30,1
o,2022-10-14 18:21:51.369436,0.20,-0.64,-0.77,-11.47,0.43,-3.17,-45.53,31.76,64.62,1
o,2022-10-14 18:21:51.385765,0.21,-0.61,-0.76,-2.69,-5.25,-9.70,-45.53,31.76,64.62,1
o,2022-10-14 18:21:51.400890,0.14,-0.80,-0.79,12.02,-23.32,5.49,-45.01,31.38,65.45,1
o,2022-10-14 18:21:51.432157,0.16,-0.61,-0.73,5.55,-17.52,1.34,-45.01,31.38,65.45,1
o,2022-10-14 18:21:51.447777,0.15,-0.68,-0.72,6.35,-19.90,-11.72,-45.01,31.38,65.45,1
o,2022-10-14 18:21:51.463524,0.12,-0.58,-0.73,18.19,-19.10,-30.40,-43.86,30.52,66.92,1
o,2022-10-14 18:21:51.495586,0.12,-0.57,-0.70,23.01,-13.00,-34.97,-43.86,30.52,66.92,1
o,2022-10-14 18:21:51.515414,0.10,-0.62,-0.63,12.08,-4.39,-32.96,-43.18,27.72,66.63,1
o,2022-10-14 18:21:51.526585,0.09,-0.70,-0.62,12.94,-0.55,-33.08,-43.18,27.72,66.63,1
o,2022-10-14 18:21:51.542353,0.09,-0.72,-0.66,7.63,9.03,-36.68,-43.18,27.72,66.63,1
o,2022-10-14 18:21:51.574570,0.11,-0.77,-0.66,4.15,17.52,-32.17,-42.88,25.76,67.41,1
o,2022-10-14 18:21:51.589690,0.11,-0.82,-0.65,2.69,23.80,-23.32,-42.88,25.76,67.41,1
o,2022-10-14 18:21:51.608420,0.12,-0.80,-0.66,4.82,27.22,-11.11,-43.54,24.74,65.36,1
o,2022-10-14 18:21:51.637163,0.12,-0.80,-0.70,8.42,26.37,-3.17,-43.54,24.74,65.36,1
o,2022-10-14 18:21:51.654478,0.15,-0.87,-0.75,8.91,22.71,4.70,-44.34,23.91,65.80,1
o,2022-10-14 18:21:51.669125,0.13,-0.80,-0.81,14.10,19.17,6.04,-44.34,23.91,65.80,1
o,2022-10-14 18:21:51.684884,0.13,-0.76,-0.85,12.45,19.04,28.20,-44.34,23.91,65.80,1
o,2022-10-14 18:21:51.717277,0.15,-0.75,-0.84,6.23,18.55,21.61,-46.17,24.51,65.69,1
o,2022-10-14 18:21:51.733260,0.16,-0.74,-0.85,4.64,11.84,19.35,-46.17,24.51,65.69,1
o,2022-10-14 18:21:51.748386,0.14,-0.68,-0.88,5.25,4.39,15.93,-46.17,24.51,65.69,1
o,2022-10-14 18:21:51.764147,0.13,-0.61,-0.91,-4.15,4.15,21.48,-47.24,25.22,65.36,1
o,2022-10-14 18:21:51.795270,0.14,-0.65,-0.88,-14.34,5.13,26.00,-47.24,25.22,65.36,1
o,2022-10-14 18:21:51.810997,0.14,-0.68,-0.83,-14.89,0.98,19.90,-48.13,27.54,64.06,1
o,2022-10-14 18:21:51.826650,0.14,-0.68,-0.81,-9.46,-3.91,13.67,-48.13,27.54,64.06,1
o,2022-10-14 18:21:51.861802,0.13,-0.66,-0.81,-8.61,-5.74,13.55,-48.28,28.56,64.78,1
o,2022-10-14 18:21:51.873777,0.12,-0.63,-0.80,-14.04,-5.92,16.48,-48.28,28.56,64.78,1
o,2022-10-14 18:21:51.889413,0.13,-0.65,-0.77,-19.71,-6.29,14.83,-48.28,28.56,64.78,1
o,2022-10-14 18:21:51.922129,0.14,-0.67,-0.76,-14.28,-8.91,8.48,-47.91,29.96,64.67,1
o,2022-10-14 18:21:51.936743,0.13,-0.67,-0.76,-11.17,-10.31,5.49,-47.91,29.96,64.67,1
o,2022-10-14 18:21:51.969988,0.14,-0.66,-0.73,-7.63,-10.01,5.49,-47.66,30.86,64.70,1
o,2022-10-14 18:21:51.985773,0.15,-0.64,-0.73,-2.62,-13.37,5.19,-47.66,30.86,64.70,1
o,2022-10-14 18:21:52.000419,0.13,-0.63,-0.75,-6.10,-14.53,2.93,-46.70,31.35,66.20,1
o,2022-10-14 18:21:52.032427,0.13,-0.64,-0.74,-5.86,-15.81,-4.76,-46.70,31.35,66.20,1
o,2022-10-14 18:21:52.048246,0.13,-0.63,-0.73,-1.65,-16.48,-12.02,-46.70,31.35,66.20,1
o,2022-10-14 18:21:52.064097,0.15,-0.60,-0.73,-9.52,-14.95,-14.16,-45.37,30.18,66.93,1
o,2022-10-14 18:21:52.097310,0.14,-0.67,-0.67,-22.22,-12.70,-9.16,-45.37,30.18,66.93,1
o,2022-10-14 18:21:52.111731,0.09,-0.76,-0.57,-36.80,-8.97,-4.76,-44.90,31.24,66.69,1
o,2022-10-14 18:21:52.127668,0.07,-0.82,-0.44,-17.40,-5.13,0.37,-44.90,31.24,66.69,1
o,2022-10-14 18:21:52.162368,-0.00,-0.77,-0.48,25.88,-18.01,0.00,-44.08,31.24,66.99,1
o,2022-10-14 18:21:52.180786,0.12,-0.72,-0.65,50.23,-16.72,12.15,-44.08,31.24,66.99,1
o,2022-10-14 18:21:52.201308,0.25,-0.69,-0.79,39.25,-15.93,11.54,-44.08,31.24,66.99,1
o,2022-10-14 18:21:52.222792,0.21,-0.72,-0.81,5.49,-4.46,12.08,-43.65,30.18,67.41,1
o,2022-10-14 18:21:52.242816,0.25,-0.72,-0.78,-1.10,1.10,11.11,-43.65,30.18,67.41,1
