I,2022-10-19 12:23:14.966772,0.21,-0.04,1.07,-9.46,30.21,-6.10,83.12,15.81,-123.19,1
I,2022-10-19 12:23:14.987104,0.29,-0.13,0.84,0.18,27.40,1.34,83.12,15.81,-123.19,1
I,2022-10-19 12:23:15.013778,0.34,-0.17,0.71,2.20,15.87,8.06,81.27,16.59,-120.50,1
I,2022-10-19 12:23:15.028144,0.33,-0.15,0.62,-10.74,-6.29,15.01,81.27,16.59,-120.50,1
I,2022-10-19 12:23:15.048710,0.22,-0.11,0.68,-19.10,-18.37,22.58,81.27,16.59,-120.50,1
I,2022-10-19 12:23:15.068703,0.17,0.01,0.71,-24.23,-20.39,16.66,81.42,15.52,-118.87,1
I,2022-10-19 12:23:15.089589,0.16,0.00,0.67,-43.76,-17.03,1.34,81.42,15.52,-118.87,1
I,2022-10-19 12:23:15.111108,0.10,-0.03,0.62,-62.19,-17.09,-8.36,83.54,15.50,-116.22,1
I,2022-10-19 12:23:15.131081,0.00,0.02,0.64,-73.79,-31.31,-10.74,83.54,15.50,-116.22,1
I,2022-10-19 12:23:15.150723,0.03,0.15,0.97,-19.71,53.34,-14.04,83.54,15.50,-116.22,1
I,2022-10-19 12:23:15.162799,-0.07,0.11,0.52,-13.55,11.72,-14.28,86.17,15.65,-115.99,1
I,2022-10-19 12:23:15.182107,0.03,-0.13,0.64,-9.09,-16.30,-24.11,86.17,15.65,-115.99,1
I,2022-10-19 12:23:15.202246,0.04,0.00,0.68,-21.06,-35.03,-15.87,86.17,15.65,-115.99,1
I,2022-10-19 12:23:15.223805,0.07,0.09,0.76,-15.20,-42.60,-8.61,88.67,16.28,-118.10,1
I,2022-10-19 12:23:15.242408,0.13,0.20,0.99,6.59,-38.39,1.22,88.67,16.28,-118.10,1
I,2022-10-19 12:23:15.266701,0.20,0.18,1.12,23.44,-29.60,4.58,92.30,17.41,-122.38,1
I,2022-10-19 12:23:15.283317,0.22,0.14,1.31,15.01,-21.61,3.30,92.30,17.41,-122.38,1
I,2022-10-19 12:23:15.296692,0.25,0.08,1.43,2.44,-22.03,3.60,92.30,17.41,-122.38,1
I,2022-10-19 12:23:15.323728,0.23,0.10,1.47,-9.03,-20.02,7.75,93.02,18.52,-127.09,1
I,2022-10-19 12:23:15.333726,0.18,0.19,1.42,-3.60,-11.72,13.18,93.02,18.52,-127.09,1
I,2022-10-19 12:23:15.365350,0.01,0.22,1.55,30.33,21.42,25.57,91.98,18.29,-126.59,1
I,2022-10-19 12:23:15.384792,0.24,0.05,1.22,30.27,58.41,7.02,91.98,18.29,-126.59,1
I,2022-10-19 12:23:15.405087,0.31,-0.04,1.09,-0.24,62.50,-3.60,91.98,18.29,-126.59,1
I,2022-10-19 12:23:15.425982,0.30,-0.00,1.02,-28.99,63.11,-5.74,88.96,17.31,-122.23,1
I,2022-10-19 12:23:15.436102,0.25,0.00,0.87,-41.69,59.20,-3.48,88.96,17.31,-122.23,1
I,2022-10-19 12:23:15.456491,0.24,-0.03,0.77,-24.29,46.39,9.09,85.91,15.33,-118.81,1
I,2022-10-19 12:23:15.477507,0.32,-0.07,0.58,-10.62,21.36,22.52,85.91,15.33,-118.81,1
I,2022-10-19 12:23:15.497088,0.33,-0.02,0.49,-27.10,4.52,24.11,85.91,15.33,-118.81,1
I,2022-10-19 12:23:15.518480,0.30,0.12,0.48,-46.26,-13.06,20.81,84.64,12.74,-115.26,1
I,2022-10-19 12:23:15.537979,-3.47,0.95,2.13,-64.82,-36.07,3.36,84.64,12.74,-115.26,1
I,2022-10-19 12:23:15.558739,0.16,0.64,0.82,78.00,-2.20,-15.75,86.18,12.12,-114.09,1
I,2022-10-19 12:23:15.580208,0.18,0.11,0.88,96.80,3.42,26.92,86.18,12.12,-114.09,1
I,2022-10-19 12:23:15.601075,0.18,0.61,0.90,-16.48,12.76,-38.88,86.18,12.12,-114.09,1
I,2022-10-19 12:23:15.620631,0.19,0.50,0.90,-6.04,9.77,-61.52,85.78,13.73,-114.72,1
I,2022-10-19 12:23:15.639996,0.19,0.04,0.90,32.04,-0.43,-49.19,85.78,13.73,-114.72,1
I,2022-10-19 12:23:15.660014,0.19,-0.23,0.89,42.24,-2.14,-28.50,85.57,18.23,-115.59,1
I,2022-10-19 12:23:15.683489,0.19,-0.42,0.90,13.98,-5.31,-8.97,85.57,18.23,-115.59,1
I,2022-10-19 12:23:15.701136,0.18,-0.38,0.89,-25.45,-6.90,-10.68,85.57,18.23,-115.59,1
I,2022-10-19 12:23:15.721799,0.11,-0.30,0.85,-72.45,-11.05,-18.92,85.39,19.23,-116.50,1
I,2022-10-19 12:23:15.742364,-0.17,-0.13,1.05,-36.80,-9.28,12.33,85.39,19.23,-116.50,1
I,2022-10-19 12:23:15.756492,0.05,0.01,0.82,10.93,3.72,34.06,85.02,18.57,-118.48,1
I,2022-10-19 12:23:15.775510,0.09,0.03,0.85,30.27,-10.07,24.29,85.02,18.57,-118.48,1
I,2022-10-19 12:23:15.794513,0.23,0.08,0.79,52.92,-16.30,31.92,85.02,18.57,-118.48,1
I,2022-10-19 12:23:15.814102,0.35,0.05,0.79,55.91,-25.02,28.81,84.68,16.78,-120.08,1
I,2022-10-19 12:23:15.839639,0.34,0.04,0.82,10.56,-34.06,21.36,84.68,16.78,-120.08,1
I,2022-10-19 12:23:15.855223,0.38,0.07,0.80,4.15,-40.89,21.97,86.68,13.90,-123.34,1
I,2022-10-19 12:23:15.875652,0.41,0.12,0.88,-14.40,-57.92,19.47,86.68,13.90,-123.34,1
I,2022-10-19 12:23:15.896028,0.30,0.32,0.97,-33.94,-56.46,9.89,86.68,13.90,-123.34,1
I,2022-10-19 12:23:15.918930,0.23,0.38,1.04,-37.48,-47.49,2.26,90.91,12.49,-126.42,1
I,2022-10-19 12:23:15.938605,0.13,0.46,1.08,-41.99,-32.59,-8.91,90.91,12.49,-126.42,1
I,2022-10-19 12:23:15.958490,0.11,0.37,1.25,29.11,58.17,3.78,94.54,12.49,-125.50,1
I,2022-10-19 12:23:15.978156,0.11,0.36,1.12,70.68,3.17,-5.92,94.54,12.49,-125.50,1
I,2022-10-19 12:23:15.988378,0.12,0.34,1.13,25.15,-3.17,-36.19,94.54,12.49,-125.50,1
I,2022-10-19 12:23:16.008768,0.11,0.27,1.05,1.34,2.69,-50.11,92.82,18.03,-127.38,1
I,2022-10-19 12:23:16.029856,0.06,-0.06,0.92,23.86,4.27,-37.11,92.82,18.03,-127.38,1
I,2022-10-19 12:23:16.049654,0.06,-0.27,0.88,45.59,-0.37,-12.51,89.14,22.75,-130.32,1
I,2022-10-19 12:23:16.070268,0.09,-0.33,0.92,26.49,-6.29,1.10,89.14,22.75,-130.32,1
I,2022-10-19 12:23:16.090341,0.09,-0.19,0.94,-11.72,-8.91,-6.23,89.14,22.75,-130.32,1
I,2022-10-19 12:23:16.111994,0.08,-0.08,0.95,-44.62,-11.35,-16.54,89.11,23.73,-130.90,1
I,2022-10-19 12:23:16.133625,-0.10,0.14,1.06,-53.28,-10.86,-14.53,89.11,23.73,-130.90,1
I,2022-10-19 12:23:16.152039,-0.17,0.23,1.14,2.56,3.36,4.64,89.11,23.73,-130.90,1
I,2022-10-19 12:23:16.173069,-0.06,0.14,1.03,55.48,15.14,14.59,87.32,22.84,-128.83,1
I,2022-10-19 12:23:16.183331,0.06,0.05,1.01,59.51,19.65,3.66,87.32,22.84,-128.83,1
I,2022-10-19 12:23:16.208390,0.14,0.07,1.01,39.61,25.82,-4.70,83.94,23.01,-131.08,1
I,2022-10-19 12:23:16.224240,0.19,0.10,0.97,13.43,35.34,-24.60,83.94,23.01,-131.08,1
I,2022-10-19 12:23:16.244673,0.20,0.07,0.90,0.49,33.33,-28.26,83.94,23.01,-131.08,1
I,2022-10-19 12:23:16.266325,0.25,0.05,0.88,10.38,24.11,-25.15,80.58,23.30,-129.43,1
I,2022-10-19 12:23:16.285313,0.28,0.07,0.87,9.58,9.64,-22.34,80.58,23.30,-129.43,1
I,2022-10-19 12:23:16.307004,0.29,0.05,0.92,13.73,4.33,-21.00,79.63,24.19,-129.46,1
I,2022-10-19 12:23:16.327150,0.31,0.09,0.95,11.17,1.65,-21.42,79.63,24.19,-129.46,1
