C,2022-10-21 10:27:27.205692,0.12,-0.34,0.89,1.71,12.70,-8.42,-24.33,-11.65,-169.07,1
C,2022-10-21 10:27:27.236925,0.12,-0.29,0.87,-6.41,9.58,-8.12,-16.81,-15.49,-168.64,1
C,2022-10-21 10:27:27.252552,0.09,-0.26,0.87,-10.74,7.26,-8.67,-16.81,-15.49,-168.64,1
C,2022-10-21 10:27:27.268198,0.08,-0.23,0.88,-11.35,6.53,-6.16,-12.96,-18.19,-171.03,1
C,2022-10-21 10:27:27.283804,0.10,-0.19,0.88,-11.78,7.69,-4.76,-12.96,-18.19,-171.03,1
C,2022-10-21 10:27:27.315056,0.13,-0.16,0.86,-14.89,7.20,-6.04,-12.96,-18.19,-171.03,1
C,2022-10-21 10:27:27.330703,0.17,-0.14,0.84,-13.92,-1.83,-8.73,-11.15,-20.39,-173.71,1
C,2022-10-21 10:27:27.346329,0.10,-0.05,0.97,-16.54,-5.62,-12.45,-11.15,-20.39,-173.71,1
C,2022-10-21 10:27:27.361958,0.05,-0.03,0.99,-13.18,-1.22,-15.63,-11.15,-20.39,-173.71,1
C,2022-10-21 10:27:27.393185,0.12,-0.08,0.94,-1.77,-14.95,-14.53,-11.46,-24.37,-173.89,1
C,2022-10-21 10:27:27.408813,0.14,-0.24,0.92,-4.88,-5.55,-13.24,-11.46,-24.37,-173.89,1
C,2022-10-21 10:27:27.424459,0.08,-0.11,1.01,-11.41,-6.59,-6.29,-11.60,-27.75,-175.94,1
C,2022-10-21 10:27:27.440064,0.03,-0.16,1.01,-7.45,1.53,-2.99,-11.60,-27.75,-175.94,1
C,2022-10-21 10:27:27.455708,0.06,-0.32,0.95,-9.77,5.31,5.00,-11.60,-27.75,-175.94,1
C,2022-10-21 10:27:27.486942,-0.21,-0.07,0.70,-15.44,4.15,17.94,-13.22,-29.38,-178.05,1
C,2022-10-21 10:27:27.502569,0.01,-0.41,0.92,0.06,15.99,7.51,-13.22,-29.38,-178.05,1
C,2022-10-21 10:27:27.518197,0.10,-0.24,0.94,-5.80,15.69,24.78,-13.45,-26.76,-179.28,1
C,2022-10-21 10:27:27.533822,0.06,-0.15,0.97,-18.07,7.39,15.50,-13.45,-26.76,-179.28,1
C,2022-10-21 10:27:27.565073,0.07,-0.08,0.91,-20.39,12.02,25.39,-13.45,-26.76,-179.28,1
C,2022-10-21 10:27:27.580700,0.10,-0.02,0.85,-20.51,10.50,15.75,-14.98,-22.31,-179.00,1
C,2022-10-21 10:27:27.596325,0.11,-0.01,0.85,-14.89,6.59,19.10,-14.98,-22.31,-179.00,1
C,2022-10-21 10:27:27.611953,0.14,0.01,0.84,-8.48,1.89,24.29,-14.98,-22.31,-179.00,1
C,2022-10-21 10:27:27.627580,0.11,0.09,0.86,-6.53,-7.14,24.60,-17.65,-17.63,-179.74,1
C,2022-10-21 10:27:27.658828,0.11,0.08,0.91,-1.59,-14.16,23.38,-17.65,-17.63,-179.74,1
C,2022-10-21 10:27:27.674477,0.10,0.05,0.90,2.56,-15.26,21.97,-22.89,-11.84,-176.90,1
C,2022-10-21 10:27:27.690099,0.08,-0.02,0.86,7.75,-22.28,24.17,-22.89,-11.84,-176.90,1
C,2022-10-21 10:27:27.705707,0.10,0.05,0.91,2.75,-22.71,23.74,-22.89,-11.84,-176.90,1
C,2022-10-21 10:27:27.736959,0.10,0.06,0.93,-5.37,-17.64,10.93,-29.17,-5.82,-174.83,1
C,2022-10-21 10:27:27.752585,0.09,0.07,0.97,9.40,-32.78,12.70,-29.17,-5.82,-174.83,1
C,2022-10-21 10:27:27.768223,0.07,0.04,0.97,15.32,-38.94,13.92,-37.40,-1.20,-173.77,1
C,2022-10-21 10:27:27.783859,0.08,0.04,1.00,19.23,-39.79,15.50,-37.40,-1.20,-173.77,1
C,2022-10-21 10:27:27.799467,0.05,0.04,0.99,12.27,-30.94,11.54,-37.40,-1.20,-173.77,1
C,2022-10-21 10:27:27.830715,0.02,0.04,0.97,5.92,-25.27,1.53,-45.87,1.45,-172.05,1
C,2022-10-21 10:27:27.846342,0.05,0.08,1.04,5.86,-21.79,-3.48,-45.87,1.45,-172.05,1
C,2022-10-21 10:27:27.861986,0.04,0.03,1.04,14.10,-22.09,-3.91,-45.87,1.45,-172.05,1
C,2022-10-21 10:27:27.877612,0.02,-0.04,1.04,18.92,-22.64,-5.43,-52.20,-1.18,-170.14,1
C,2022-10-21 10:27:27.893239,0.02,0.02,1.07,7.69,-17.94,-13.49,-52.20,-1.18,-170.14,1
C,2022-10-21 10:27:27.924471,-0.00,0.01,1.08,0.67,-10.68,-26.79,-56.03,-6.77,-167.16,1
C,2022-10-21 10:27:27.940098,-0.01,-0.06,1.07,5.37,-6.90,-16.54,-56.03,-6.77,-167.16,1
C,2022-10-21 10:27:27.955744,0.02,-0.03,1.04,20.94,-6.90,-8.67,-56.03,-6.77,-167.16,1
C,2022-10-21 10:27:27.971373,0.00,-0.06,1.01,16.72,-2.75,-20.45,-56.70,-14.05,-165.16,1
C,2022-10-21 10:27:27.986995,0.00,0.00,1.05,6.47,7.32,-40.28,-56.70,-14.05,-165.16,1
C,2022-10-21 10:27:28.018227,-0.00,-0.07,1.07,-2.75,20.39,-55.24,-56.70,-14.05,-165.16,1
C,2022-10-21 10:27:28.033873,0.03,-0.03,1.05,12.27,15.50,-33.51,-51.88,-24.62,-164.59,1
C,2022-10-21 10:27:28.049502,0.03,-0.08,1.01,22.58,11.29,-24.54,-51.88,-24.62,-164.59,1
C,2022-10-21 10:27:28.065125,-0.01,-0.18,0.99,17.15,10.25,-24.84,-45.86,-31.29,-164.59,1
C,2022-10-21 10:27:28.096357,-0.04,-0.25,1.00,11.41,10.44,-24.23,-45.86,-31.29,-164.59,1
C,2022-10-21 10:27:28.111982,-0.06,-0.37,0.94,13.12,7.26,-13.00,-45.86,-31.29,-164.59,1
C,2022-10-21 10:27:28.127632,-0.03,-0.35,0.94,9.46,-2.50,7.69,-38.65,-35.91,-164.70,1
C,2022-10-21 10:27:28.143254,0.04,-0.19,0.99,-8.06,5.86,-2.62,-38.65,-35.91,-164.70,1
C,2022-10-21 10:27:28.174486,0.01,-0.16,0.94,-24.11,22.95,-17.76,-34.51,-38.55,-164.97,1
C,2022-10-21 10:27:28.190112,0.03,-0.14,0.91,6.84,-10.01,9.95,-34.51,-38.55,-164.97,1
C,2022-10-21 10:27:28.205761,0.01,-0.18,0.91,5.55,-7.08,5.98,-34.51,-38.55,-164.97,1
C,2022-10-21 10:27:28.221383,0.01,-0.15,0.93,-3.42,0.00,-0.31,-34.92,-38.00,-164.56,1
C,2022-10-21 10:27:28.237013,0.00,-0.10,0.94,-7.57,7.39,-4.76,-34.92,-38.00,-164.56,1
C,2022-10-21 10:27:28.268242,0.02,-0.09,0.97,-7.63,9.70,-4.33,-34.92,-38.00,-164.56,1
C,2022-10-21 10:27:28.283891,0.03,-0.10,0.97,-5.55,9.89,-3.11,-33.52,-38.99,-166.02,1
C,2022-10-21 10:27:28.299512,0.04,-0.11,0.97,-8.30,8.85,-2.44,-33.52,-38.99,-166.02,1
C,2022-10-21 10:27:28.315142,0.04,-0.06,1.00,-9.95,7.51,-0.55,-32.90,-40.41,-164.93,1
C,2022-10-21 10:27:28.346369,0.03,-0.04,0.99,-4.33,4.82,4.70,-32.90,-40.41,-164.93,1
C,2022-10-21 10:27:28.361996,-0.02,-0.01,1.00,12.82,0.24,16.30,-32.90,-40.41,-164.93,1
C,2022-10-21 10:27:28.377642,-0.07,-0.04,1.01,25.27,-1.34,22.89,-33.20,-38.38,-164.01,1
C,2022-10-21 10:27:28.393271,-0.07,-0.07,1.02,19.23,7.75,11.35,-33.20,-38.38,-164.01,1
C,2022-10-21 10:27:28.424500,-0.01,-0.11,0.99,5.13,15.14,1.40,-30.32,-33.78,-164.97,1
C,2022-10-21 10:27:28.440125,0.06,-0.07,0.97,7.75,9.95,0.37,-30.32,-33.78,-164.97,1
C,2022-10-21 10:27:28.455772,0.09,-0.09,0.97,11.35,6.29,-2.20,-30.32,-33.78,-164.97,1
C,2022-10-21 10:27:28.471401,0.12,-0.10,0.96,12.51,5.00,1.71,-24.69,-31.46,-163.51,1
C,2022-10-21 10:27:28.487023,0.10,-0.01,1.00,3.36,7.57,-2.38,-24.69,-31.46,-163.51,1
C,2022-10-21 10:27:28.518255,0.10,0.03,1.05,-2.08,13.79,-10.93,-24.69,-31.46,-163.51,1
C,2022-10-21 10:27:28.533881,0.17,0.04,0.99,5.68,15.50,-13.79,-18.91,-30.51,-161.88,1
C,2022-10-21 10:27:28.549530,0.19,-0.06,0.98,14.77,5.07,-14.71,-18.91,-30.51,-161.88,1
C,2022-10-21 10:27:28.565152,0.16,-0.10,0.99,17.21,1.40,-11.41,-12.41,-30.80,-160.17,1
