a,2022-10-30 17:14:28.145090,0.22,-0.75,0.60,18.80,45.65,-16.66,-33.51,32.17,-134.66,1
a,2022-10-30 17:14:28.163932,0.24,-0.76,0.60,8.42,38.02,-16.60,-33.51,32.17,-134.66,1
a,2022-10-30 17:14:28.184815,0.25,-0.70,0.59,7.20,24.41,-17.46,-33.51,32.17,-134.66,1
a,2022-10-30 17:14:28.202737,0.28,-0.68,0.58,0.24,17.27,-26.06,-29.93,30.59,-133.92,1
a,2022-10-30 17:14:28.223682,0.20,-0.77,0.61,-8.12,8.06,-28.63,-29.93,30.59,-133.92,1
a,2022-10-30 17:14:28.243077,0.15,-0.66,0.67,-4.46,0.49,-4.76,-29.93,30.59,-133.92,1
a,2022-10-30 17:14:28.265619,0.18,-0.67,0.65,2.69,-1.77,2.56,-28.23,29.98,-133.22,1
a,2022-10-30 17:14:28.283303,0.25,-0.57,0.62,-5.74,-5.80,-3.23,-28.23,29.98,-133.22,1
a,2022-10-30 17:14:28.305293,0.17,-0.61,0.62,-18.55,-10.01,-16.54,-25.22,28.28,-134.29,1
a,2022-10-30 17:14:28.325959,-0.04,-0.68,0.65,-7.75,-26.49,2.32,-25.22,28.28,-134.29,1
a,2022-10-30 17:14:28.345538,-0.04,-0.70,0.61,6.90,-30.33,19.47,-23.89,28.09,-135.55,1
a,2022-10-30 17:14:28.364542,-0.01,-0.64,0.63,-19.04,-12.45,7.87,-23.89,28.09,-135.55,1
a,2022-10-30 17:14:28.384011,-0.17,-0.84,0.16,-20.69,35.83,-9.40,-23.89,28.09,-135.55,1
a,2022-10-30 17:14:28.405797,0.11,-0.49,0.74,9.58,-31.68,12.88,-24.71,27.92,-137.10,1
a,2022-10-30 17:14:28.424177,0.09,-0.59,0.68,27.59,-52.98,11.41,-24.71,27.92,-137.10,1
a,2022-10-30 17:14:28.444278,0.04,-0.47,0.62,14.71,-49.50,9.52,-29.53,29.32,-136.06,1
a,2022-10-30 17:14:28.463832,0.11,-0.38,0.83,5.37,-40.89,-11.84,-29.53,29.32,-136.06,1
a,2022-10-30 17:14:28.482563,0.10,-0.52,1.01,-9.28,-22.83,-24.29,-29.53,29.32,-136.06,1
a,2022-10-30 17:14:28.502352,0.13,-0.48,1.01,-8.18,-16.85,-20.45,-34.16,30.65,-137.61,1
a,2022-10-30 17:14:28.522571,0.15,-0.47,1.04,1.59,-19.90,-19.65,-34.16,30.65,-137.61,1
a,2022-10-30 17:14:28.544579,0.10,-0.49,1.13,2.26,-12.08,-27.47,-36.91,31.19,-137.63,1
a,2022-10-30 17:14:28.563266,0.13,-0.60,1.02,2.50,11.41,-35.22,-36.91,31.19,-137.63,1
a,2022-10-30 17:14:28.582311,0.12,-0.63,0.97,18.25,10.86,-22.34,-36.91,31.19,-137.63,1
a,2022-10-30 17:14:28.603235,0.06,-0.74,0.92,28.99,8.67,-10.19,-35.61,31.30,-138.93,1
a,2022-10-30 17:14:28.624949,0.03,-0.85,0.79,20.63,16.17,0.61,-35.61,31.30,-138.93,1
a,2022-10-30 17:14:28.644655,0.09,-0.82,0.79,14.10,22.03,5.62,-30.97,31.10,-137.16,1
a,2022-10-30 17:14:28.666886,0.10,-0.81,0.69,6.47,39.43,5.80,-30.97,31.10,-137.16,1
a,2022-10-30 17:14:28.688164,0.05,-0.86,0.65,13.85,35.16,14.34,-30.97,31.10,-137.16,1
a,2022-10-30 17:14:28.709788,0.10,-0.83,0.60,21.61,26.61,26.98,-25.48,31.90,-134.48,1
a,2022-10-30 17:14:28.728640,0.08,-0.61,0.68,8.79,15.56,21.97,-25.48,31.90,-134.48,1
a,2022-10-30 17:14:28.747943,0.06,-0.54,0.58,2.01,19.59,9.64,-22.85,31.70,-132.87,1
a,2022-10-30 17:14:28.768298,-0.03,-0.46,0.59,-7.57,19.17,-2.08,-22.85,31.70,-132.87,1
a,2022-10-30 17:14:28.787587,0.08,-0.47,0.69,-19.78,7.87,-18.62,-22.85,31.70,-132.87,1
a,2022-10-30 17:14:28.809336,0.10,-0.52,0.68,-16.85,12.27,-14.40,-21.87,30.51,-134.20,1
a,2022-10-30 17:14:28.827597,-0.10,-0.33,0.38,-14.47,10.62,3.30,-21.87,30.51,-134.20,1
a,2022-10-30 17:14:28.848403,0.03,-0.45,0.59,10.50,-28.26,-8.79,-22.56,30.09,-136.04,1
a,2022-10-30 17:14:28.867921,0.06,-0.51,0.75,-3.66,-49.80,-40.16,-22.56,30.09,-136.04,1
a,2022-10-30 17:14:28.890179,0.06,-0.53,0.71,-23.68,-34.91,-51.27,-22.56,30.09,-136.04,1
a,2022-10-30 17:14:28.910158,0.09,-0.63,0.94,-13.61,-14.40,-32.17,-28.42,30.18,-135.97,1
a,2022-10-30 17:14:28.931626,0.13,-0.74,0.99,0.79,-10.68,-17.70,-28.42,30.18,-135.97,1
a,2022-10-30 17:14:28.951878,0.12,-0.74,0.92,3.36,-1.28,-4.03,-31.75,29.63,-138.23,1
a,2022-10-30 17:14:28.971549,0.10,-0.75,0.88,2.93,-3.23,-6.29,-31.75,29.63,-138.23,1
a,2022-10-30 17:14:28.993351,0.09,-0.84,0.85,2.75,-2.50,-4.33,-33.14,30.18,-137.49,1
a,2022-10-30 17:14:29.011354,0.04,-0.70,0.81,-2.56,-1.83,0.24,-33.14,30.18,-137.49,1
a,2022-10-30 17:14:29.030368,-0.01,-0.67,0.79,-10.13,-1.22,-3.85,-33.14,30.18,-137.49,1
a,2022-10-30 17:14:29.051869,-0.44,-0.91,0.74,16.66,36.13,15.56,-33.22,30.07,-138.45,1
a,2022-10-30 17:14:29.073485,-0.20,-0.96,0.64,34.73,54.02,45.59,-33.22,30.07,-138.45,1
a,2022-10-30 17:14:29.093421,-0.00,-1.11,0.46,1.83,41.63,41.75,-32.63,30.90,-136.51,1
a,2022-10-30 17:14:29.113796,0.01,-1.08,0.36,-25.09,34.06,40.22,-32.63,30.90,-136.51,1
a,2022-10-30 17:14:29.136256,0.08,-1.01,0.22,-50.23,18.49,48.16,-32.63,30.90,-136.51,1
a,2022-10-30 17:14:29.156772,0.13,-0.97,0.15,-62.19,5.86,53.89,-34.07,32.09,-136.02,1
a,2022-10-30 17:14:29.175681,0.13,-0.92,0.17,-61.65,-17.03,77.03,-34.07,32.09,-136.02,1
