L,2022-10-26 15:35:35.255849,0.22,-0.15,1.02,-32.47,5.07,-21.42,20.59,96.87,-143.55,1
L,2022-10-26 15:35:35.273956,0.04,-0.11,1.04,-26.67,6.04,-13.79,20.59,96.87,-143.55,1
L,2022-10-26 15:35:35.293375,0.08,-0.16,1.03,-16.85,11.72,-12.27,18.80,98.74,-145.03,1
L,2022-10-26 15:35:35.311821,0.18,-0.20,1.01,-25.27,11.41,-10.86,18.80,98.74,-145.03,1
L,2022-10-26 15:35:35.329345,0.16,-0.12,0.97,-41.50,7.02,-16.17,18.80,98.74,-145.03,1
L,2022-10-26 15:35:35.349549,0.14,0.07,0.90,-50.54,1.83,-27.71,18.35,102.20,-145.84,1
L,2022-10-26 15:35:35.368523,0.03,0.06,0.91,-45.96,-1.59,-42.60,18.35,102.20,-145.84,1
L,2022-10-26 15:35:35.386193,0.10,-0.01,0.85,-17.33,0.31,-30.09,18.35,102.20,-145.84,1
L,2022-10-26 15:35:35.406420,0.18,-0.02,0.80,-13.73,-3.48,-25.09,16.98,103.64,-145.76,1
L,2022-10-26 15:35:35.425866,0.04,-0.07,0.87,-20.32,-11.29,-28.75,16.98,103.64,-145.76,1
L,2022-10-26 15:35:35.444550,0.01,0.02,0.78,-21.79,-12.63,-32.59,15.83,106.32,-146.18,1
L,2022-10-26 15:35:35.463252,0.09,-0.04,0.72,-17.33,-16.54,-33.39,15.83,106.32,-146.18,1
L,2022-10-26 15:35:35.481531,0.17,-0.01,0.64,-13.12,-24.11,-26.37,15.83,106.32,-146.18,1
L,2022-10-26 15:35:35.501843,-0.98,-0.17,1.33,15.08,-6.16,-5.74,14.81,106.56,-146.26,1
L,2022-10-26 15:35:35.519551,0.02,-0.05,1.06,32.29,-8.48,16.17,14.81,106.56,-146.26,1
L,2022-10-26 15:35:35.537848,0.03,-0.26,0.68,15.44,-28.93,-3.23,14.81,106.56,-146.26,1
L,2022-10-26 15:35:35.556969,0.01,-0.15,0.82,6.71,-51.27,-7.32,16.06,103.89,-145.86,1
L,2022-10-26 15:35:35.577279,0.02,-0.03,0.76,-5.86,-61.28,-19.84,16.06,103.89,-145.86,1
L,2022-10-26 15:35:35.596119,-0.06,0.07,0.87,-0.73,-54.63,-17.15,16.59,101.12,-146.55,1
L,2022-10-26 15:35:35.614566,-0.06,0.14,0.87,2.75,-40.28,-14.40,16.59,101.12,-146.55,1
L,2022-10-26 15:35:35.632843,-0.07,0.09,1.01,13.00,-15.32,-11.41,16.59,101.12,-146.55,1
L,2022-10-26 15:35:35.652147,-0.09,0.01,1.34,14.47,-9.09,-6.16,17.02,98.34,-146.34,1
L,2022-10-26 15:35:35.670358,-0.05,-0.01,1.34,16.54,-20.02,6.65,17.02,98.34,-146.34,1
L,2022-10-26 15:35:35.688594,-0.02,-0.04,1.19,19.17,-11.66,14.53,17.02,98.34,-146.34,1
L,2022-10-26 15:35:35.707336,-0.03,-0.08,1.27,13.00,-7.69,14.22,18.02,96.07,-145.21,1
L,2022-10-26 15:35:35.726836,-0.05,-0.08,1.09,1.46,-0.12,4.70,18.02,96.07,-145.21,1
L,2022-10-26 15:35:35.746683,-0.05,-0.04,1.04,-2.50,-0.73,0.73,18.66,95.65,-145.09,1
L,2022-10-26 15:35:35.765017,-0.06,-0.02,0.99,0.55,-4.33,2.87,18.66,95.65,-145.09,1
L,2022-10-26 15:35:35.783625,-0.07,0.00,0.97,4.82,-4.82,5.80,18.66,95.65,-145.09,1
L,2022-10-26 15:35:35.803313,-0.11,0.10,0.92,11.54,-2.81,11.05,18.27,95.43,-144.04,1
L,2022-10-26 15:35:35.822298,-0.21,0.36,0.96,28.02,-3.97,-22.03,18.27,95.43,-144.04,1
L,2022-10-26 15:35:35.842011,-0.19,0.35,0.98,36.38,13.24,-49.13,18.36,94.42,-142.30,1
L,2022-10-26 15:35:35.860668,-0.06,0.02,0.97,41.56,25.09,-52.73,18.36,94.42,-142.30,1
L,2022-10-26 15:35:35.878414,-0.03,-0.20,0.97,43.40,16.05,-22.58,18.36,94.42,-142.30,1
L,2022-10-26 15:35:35.897768,-0.00,-0.33,0.97,40.28,6.41,-14.40,20.08,91.76,-138.61,1
L,2022-10-26 15:35:35.915758,-0.00,-0.45,0.94,31.31,1.46,-20.81,20.08,91.76,-138.61,1
L,2022-10-26 15:35:35.934074,-0.05,-0.21,0.99,13.67,-1.77,-32.41,20.08,91.76,-138.61,1
L,2022-10-26 15:35:35.954353,-0.04,-0.15,1.00,1.22,4.76,-41.81,20.61,91.31,-136.55,1
L,2022-10-26 15:35:35.972554,0.01,-0.33,0.98,10.07,6.10,-12.27,20.61,91.31,-136.55,1
L,2022-10-26 15:35:35.991354,0.08,-0.58,0.90,12.08,-2.69,29.72,21.97,90.20,-133.98,1
L,2022-10-26 15:35:36.009544,-0.05,-0.25,0.97,4.76,-17.64,47.49,21.97,90.20,-133.98,1
L,2022-10-26 15:35:36.028204,-0.06,-0.24,0.97,-8.24,-18.98,29.72,21.97,90.20,-133.98,1
L,2022-10-26 15:35:36.046759,-0.09,-0.27,1.23,-17.88,-12.33,32.41,21.63,90.06,-135.02,1
L,2022-10-26 15:35:36.064656,-0.17,0.11,0.86,-5.07,21.36,69.76,21.63,90.06,-135.02,1
L,2022-10-26 15:35:36.082593,-0.44,0.29,1.07,23.99,18.80,82.15,21.63,90.06,-135.02,1
