C,2022-10-20 14:51:16.797662,0.25,-0.25,1.03,41.14,52.80,-15.81,89.40,-60.30,-92.02,1
C,2022-10-20 14:51:16.817311,0.30,-0.25,0.94,36.32,56.21,-28.99,89.73,-51.25,-87.49,1
C,2022-10-20 14:51:16.837925,0.28,-0.39,0.88,8.06,63.84,-46.81,89.73,-51.25,-87.49,1
C,2022-10-20 14:51:16.858175,0.31,-0.47,0.80,-12.57,61.77,-55.36,92.90,-44.52,-77.28,1
C,2022-10-20 14:51:16.882332,0.23,-0.59,0.83,-37.90,48.52,-50.72,92.90,-44.52,-77.28,1
C,2022-10-20 14:51:16.898043,0.15,-0.52,0.85,-64.76,45.47,-42.72,92.90,-44.52,-77.28,1
C,2022-10-20 14:51:16.919094,0.19,-0.97,1.30,174.13,-5.49,31.31,92.44,-41.11,-67.74,1
C,2022-10-20 14:51:16.939039,0.10,-0.77,0.45,57.74,44.43,24.29,92.44,-41.11,-67.74,1
C,2022-10-20 14:51:16.964533,0.17,-0.79,0.58,-60.24,42.66,-2.62,83.86,-40.66,-66.20,1
C,2022-10-20 14:51:16.981228,0.15,-0.62,0.50,-86.98,20.57,7.87,83.86,-40.66,-66.20,1
C,2022-10-20 14:51:16.998263,0.18,-0.51,0.48,-78.98,-9.89,35.95,83.86,-40.66,-66.20,1
C,2022-10-20 14:51:17.019849,0.07,-0.26,0.49,-53.34,-36.93,49.56,80.81,-48.19,-68.74,1
C,2022-10-20 14:51:17.041075,0.04,-0.11,0.53,-19.65,-62.44,44.98,80.81,-48.19,-68.74,1
C,2022-10-20 14:51:17.063469,0.01,0.01,0.66,-10.62,-74.58,36.38,82.80,-58.94,-70.25,1
C,2022-10-20 14:51:17.082490,0.06,0.02,0.80,8.48,-94.67,28.56,82.80,-58.94,-70.25,1
C,2022-10-20 14:51:17.104842,0.04,0.08,0.80,41.02,-106.69,32.71,82.80,-58.94,-70.25,1
C,2022-10-20 14:51:17.124735,-0.09,0.01,1.15,72.02,-107.30,21.79,95.97,-66.92,-77.60,1
C,2022-10-20 14:51:17.144697,-0.24,-0.04,1.38,57.56,-82.76,1.65,95.97,-66.92,-77.60,1
C,2022-10-20 14:51:17.167699,-0.18,-0.10,1.41,33.69,-23.44,-31.19,111.99,-59.78,-94.80,1
C,2022-10-20 14:51:17.186584,-0.10,-0.33,1.36,28.56,2.62,-40.71,111.99,-59.78,-94.80,1
C,2022-10-20 14:51:17.204791,-0.05,-0.46,1.23,26.92,27.77,-42.66,111.99,-59.78,-94.80,1
C,2022-10-20 14:51:17.228426,0.04,-0.63,1.04,24.05,35.83,-35.10,116.71,-41.27,-100.27,1
C,2022-10-20 14:51:17.247885,0.11,-0.74,0.87,26.67,32.29,-18.07,116.71,-41.27,-100.27,1
C,2022-10-20 14:51:17.267129,0.26,-0.97,0.34,32.53,11.35,-2.62,117.86,-33.80,-97.77,1
C,2022-10-20 14:51:17.286447,-0.04,-0.69,0.77,16.97,-8.54,-5.55,117.86,-33.80,-97.77,1
C,2022-10-20 14:51:17.306812,-0.03,-0.52,0.79,-44.56,12.88,-35.52,117.86,-33.80,-97.77,1
C,2022-10-20 14:51:17.328630,-0.01,-0.42,0.85,-84.90,21.42,-41.56,116.47,-33.50,-96.33,1
C,2022-10-20 14:51:17.349186,-0.05,-0.39,0.73,-83.86,21.79,5.37,116.47,-33.50,-96.33,1
C,2022-10-20 14:51:17.371822,-0.51,-0.40,0.99,-28.14,-9.46,27.83,113.98,-37.62,-96.06,1
C,2022-10-20 14:51:17.388974,-0.20,-0.52,0.83,82.64,0.73,41.44,113.98,-37.62,-96.06,1
