C,2022-10-20 14:51:23.685084,-0.04,-0.34,0.97,17.33,32.04,-32.65,2.56,5.88,-95.91,1
C,2022-10-20 14:51:23.704514,0.06,-0.32,0.93,24.17,37.35,-25.39,4.14,9.42,-107.13,1
C,2022-10-20 14:51:23.722129,0.05,-0.44,0.88,15.32,42.66,-29.72,4.14,9.42,-107.13,1
C,2022-10-20 14:51:23.739738,-0.03,-0.53,0.89,7.08,43.82,-28.38,4.14,9.42,-107.13,1
C,2022-10-20 14:51:23.760131,-0.07,-0.62,0.90,-5.00,47.49,-26.79,4.30,16.31,-118.10,1
C,2022-10-20 14:51:23.777875,-0.15,-0.70,0.88,-26.73,52.19,-26.06,4.30,16.31,-118.10,1
C,2022-10-20 14:51:23.799544,-0.15,-0.72,0.79,-36.13,50.17,-6.90,11.78,21.22,-133.25,1
C,2022-10-20 14:51:23.819128,-0.14,-0.70,0.77,-34.79,36.19,4.82,11.78,21.22,-133.25,1
C,2022-10-20 14:51:23.837748,-0.50,-0.36,0.82,48.52,-8.73,24.72,11.78,21.22,-133.25,1
C,2022-10-20 14:51:23.857829,-0.09,-0.49,0.50,26.00,25.51,35.95,24.87,22.23,-142.54,1
C,2022-10-20 14:51:23.877511,-0.06,-0.43,0.53,-17.03,28.75,11.41,24.87,22.23,-142.54,1
C,2022-10-20 14:51:23.900231,0.01,-0.37,0.48,-27.34,16.24,23.62,33.97,15.42,-144.80,1
C,2022-10-20 14:51:23.919609,0.03,-0.36,0.39,-3.23,-18.37,44.31,33.97,15.42,-144.80,1
C,2022-10-20 14:51:23.940001,-0.06,-0.29,0.53,0.98,-71.78,60.49,33.97,15.42,-144.80,1
C,2022-10-20 14:51:23.958783,-0.12,-0.14,0.60,-24.54,-86.18,46.57,21.12,12.27,-141.28,1
C,2022-10-20 14:51:23.977523,-0.18,-0.09,0.75,-53.89,-93.63,9.64,21.12,12.27,-141.28,1
C,2022-10-20 14:51:24.002292,-0.24,0.09,0.93,-51.09,-89.23,1.95,-5.00,14.70,-121.33,1
C,2022-10-20 14:51:24.019627,-0.27,0.14,1.04,-11.66,-86.00,-10.44,-5.00,14.70,-121.33,1
C,2022-10-20 14:51:24.040817,-0.44,0.09,1.40,14.83,-70.86,-16.05,-5.00,14.70,-121.33,1
C,2022-10-20 14:51:24.059262,-0.45,0.04,1.38,34.06,-44.07,-23.86,-17.29,18.44,-92.71,1
C,2022-10-20 14:51:24.081311,-0.41,-0.33,1.28,56.40,-13.37,-38.21,-17.29,18.44,-92.71,1
C,2022-10-20 14:51:24.101263,-0.33,-0.51,1.14,47.12,7.20,-37.72,-19.92,20.31,-81.60,1
C,2022-10-20 14:51:24.122710,-0.20,-0.67,0.91,33.57,16.78,-25.27,-19.92,20.31,-81.60,1
C,2022-10-20 14:51:24.140861,-0.15,-0.77,0.75,26.00,11.96,-14.71,-19.92,20.31,-81.60,1
C,2022-10-20 14:51:24.159529,-0.13,-0.87,0.72,14.65,-2.14,9.64,-21.30,20.46,-80.63,1
C,2022-10-20 14:51:24.181230,-0.27,-0.58,0.83,-22.46,-1.59,6.84,-21.30,20.46,-80.63,1
C,2022-10-20 14:51:24.202572,-0.26,-0.45,0.87,-61.40,3.17,-16.97,-20.81,20.72,-83.97,1
C,2022-10-20 14:51:24.221656,-0.36,-0.42,1.07,-81.30,0.61,-6.84,-20.81,20.72,-83.97,1
C,2022-10-20 14:51:24.239344,-0.56,-0.22,0.99,-30.94,0.85,35.34,-20.81,20.72,-83.97,1
C,2022-10-20 14:51:24.259441,-0.54,-0.20,1.11,53.22,-6.65,47.67,-17.85,21.12,-87.67,1
