w,2022-11-03 18:34:00.256762,0.14,-0.26,0.90,-16.78,-4.58,5.55,-65.59,37.90,-178.71,1
w,2022-11-03 18:34:00.268792,0.11,-0.25,0.89,-15.87,-4.70,3.97,-65.59,37.90,-178.71,1
w,2022-11-03 18:34:00.284447,0.10,-0.23,0.84,-15.44,-3.60,5.55,-62.88,39.98,-185.05,1
w,2022-11-03 18:34:00.315697,0.10,-0.20,0.78,-15.93,-7.93,1.77,-62.88,39.98,-185.05,1
w,2022-11-03 18:34:00.331304,0.08,-0.16,0.72,-10.99,-16.05,0.18,-62.88,39.98,-185.05,1
w,2022-11-03 18:34:00.346952,0.02,-0.15,0.71,-9.58,-23.50,-3.30,-65.15,41.99,-188.20,1
w,2022-11-03 18:34:00.363011,-0.05,0.14,1.02,15.32,20.57,0.49,-65.15,41.99,-188.20,1
w,2022-11-03 18:34:00.378646,0.04,-0.37,0.74,16.54,0.31,-0.85,-69.12,45.19,-188.50,1
w,2022-11-03 18:34:00.409897,0.03,-0.24,0.76,2.93,-26.00,-10.80,-69.12,45.19,-188.50,1
w,2022-11-03 18:34:00.425525,0.03,-0.23,0.78,-16.85,-38.45,-17.64,-69.12,45.19,-188.50,1
w,2022-11-03 18:34:00.441173,0.05,-0.20,0.80,-23.25,-42.36,-19.65,-81.99,43.59,-184.95,1
w,2022-11-03 18:34:00.457305,0.05,-0.24,1.00,-8.97,-36.99,-15.99,-81.99,43.59,-184.95,1
w,2022-11-03 18:34:00.472835,0.08,-0.27,1.15,8.85,-26.98,-8.54,-81.99,43.59,-184.95,1
w,2022-11-03 18:34:00.504096,0.09,-0.32,1.27,17.88,-13.73,-3.60,-95.41,42.50,-179.03,1
w,2022-11-03 18:34:00.519723,0.13,-0.47,1.38,23.44,4.21,2.87,-95.41,42.50,-179.03,1
w,2022-11-03 18:34:00.535372,0.11,-0.38,1.14,23.13,-1.77,8.30,-98.73,42.80,-173.85,1
w,2022-11-03 18:34:00.557503,0.12,-0.34,1.59,13.55,-3.60,-6.35,-98.73,42.80,-173.85,1
w,2022-11-03 18:34:00.567033,0.10,-0.29,1.23,-3.54,51.57,-1.77,-98.73,42.80,-173.85,1
w,2022-11-03 18:34:00.598298,0.10,-0.23,1.02,3.17,41.50,-2.50,-90.22,43.60,-181.79,1
w,2022-11-03 18:34:00.617308,0.07,-0.23,0.92,3.42,32.04,-1.83,-90.22,43.60,-181.79,1
w,2022-11-03 18:34:00.629722,0.05,-0.23,0.78,3.60,24.35,-3.23,-90.22,43.60,-181.79,1
w,2022-11-03 18:34:00.645378,0.01,-0.27,0.61,2.08,8.30,-2.81,-79.08,44.79,-187.40,1
w,2022-11-03 18:34:00.661437,-0.03,-0.30,0.52,6.84,-4.27,1.40,-79.08,44.79,-187.40,1
w,2022-11-03 18:34:00.692695,0.01,-0.34,0.64,14.04,-13.31,9.09,-75.48,46.11,-189.64,1
w,2022-11-03 18:34:00.708322,-0.01,-0.19,0.52,-30.82,10.74,-8.97,-75.48,46.11,-189.64,1
w,2022-11-03 18:34:00.723971,0.01,-0.17,0.67,-49.68,-21.06,-40.10,-75.48,46.11,-189.64,1
w,2022-11-03 18:34:00.739593,0.02,-0.10,0.73,-21.42,-31.49,-27.22,-84.57,41.82,-189.55,1
w,2022-11-03 18:34:00.757753,0.06,-0.07,0.90,4.58,-32.35,-21.85,-84.57,41.82,-189.55,1
w,2022-11-03 18:34:00.786915,0.09,-0.22,1.18,16.05,-22.71,-22.95,-100.98,39.33,-182.15,1
w,2022-11-03 18:34:00.802562,0.11,-0.35,1.30,27.53,-7.93,-16.48,-100.98,39.33,-182.15,1
w,2022-11-03 18:34:00.818191,0.12,-0.59,1.30,50.29,0.98,2.75,-100.98,39.33,-182.15,1
w,2022-11-03 18:34:00.833814,0.11,-0.55,1.16,49.93,-10.31,12.70,-107.29,40.47,-176.82,1
w,2022-11-03 18:34:00.857973,0.12,-0.41,1.47,9.28,-3.85,-13.43,-107.29,40.47,-176.82,1
w,2022-11-03 18:34:00.881127,0.09,-0.42,1.18,-34.36,47.61,-6.35,-107.29,40.47,-176.82,1
w,2022-11-03 18:34:00.896762,0.09,-0.36,1.05,-8.36,39.79,1.04,-101.20,39.45,-185.08,1
w,2022-11-03 18:34:00.912383,0.06,-0.41,0.91,1.77,42.18,7.57,-101.20,39.45,-185.08,1
w,2022-11-03 18:34:00.928026,0.06,-0.44,0.85,-0.49,39.67,6.96,-86.62,42.48,-192.90,1
w,2022-11-03 18:34:00.959673,-0.11,-0.60,0.77,-9.16,32.10,6.29,-86.62,42.48,-192.90,1
w,2022-11-03 18:34:00.975308,-0.35,-0.65,0.75,2.50,34.06,18.01,-86.62,42.48,-192.90,1
w,2022-11-03 18:34:00.990953,-0.27,-0.68,0.67,10.68,35.64,22.40,-69.27,43.85,-192.91,1
w,2022-11-03 18:34:01.006583,-0.12,-0.73,0.53,11.35,29.60,21.36,-69.27,43.85,-192.91,1
w,2022-11-03 18:34:01.022204,-0.10,-0.73,0.43,-0.67,18.92,34.55,-69.27,43.85,-192.91,1
w,2022-11-03 18:34:01.037832,-0.02,-0.68,0.28,-17.82,12.39,35.64,-55.27,38.89,-183.34,1
w,2022-11-03 18:34:01.069504,-0.03,-0.71,0.26,-18.25,-5.43,41.38,-55.27,38.89,-183.34,1
w,2022-11-03 18:34:01.085138,-0.01,-0.64,0.30,-18.49,-22.40,52.25,-49.61,31.87,-172.75,1
w,2022-11-03 18:34:01.100788,0.10,-0.52,0.38,-17.21,-44.07,63.11,-49.61,31.87,-172.75,1
w,2022-11-03 18:34:01.116410,0.14,-0.42,0.48,-12.51,-59.08,71.78,-49.61,31.87,-172.75,1
w,2022-11-03 18:34:01.132016,0.15,-0.33,0.65,-9.52,-72.45,76.48,-48.07,21.56,-159.02,1
w,2022-11-03 18:34:01.163701,0.17,-0.22,0.81,-12.88,-82.28,77.45,-48.07,21.56,-159.02,1
w,2022-11-03 18:34:01.179336,0.15,-0.07,1.07,-16.78,-80.14,75.13,-48.07,21.56,-159.02,1
w,2022-11-03 18:34:01.194966,0.17,0.05,1.18,-18.92,-74.95,72.39,-51.03,13.29,-144.78,1
