W,2022-10-31 11:28:18.891600,0.08,-0.72,0.69,-41.75,19.90,11.35,71.08,70.25,-88.35,1
W,2022-10-31 11:28:18.910920,0.17,-0.58,0.70,-32.78,0.92,25.39,71.08,70.25,-88.35,1
W,2022-10-31 11:28:18.931855,-0.05,-0.41,0.96,-32.47,-7.14,28.75,71.08,70.25,-88.35,1
W,2022-10-31 11:28:18.953770,-0.11,-0.31,1.04,-33.33,10.86,18.74,76.00,68.60,-87.51,1
W,2022-10-31 11:28:18.974629,0.01,-0.45,0.72,-22.83,34.85,0.37,76.00,68.60,-87.51,1
W,2022-10-31 11:28:18.996832,0.08,-0.55,0.76,-1.83,17.15,15.81,77.62,69.78,-86.65,1
W,2022-10-31 11:28:19.017031,0.08,-0.48,0.79,5.31,0.55,25.45,77.62,69.78,-86.65,1
W,2022-10-31 11:28:19.040388,0.15,-0.38,0.66,-1.34,-1.28,24.54,82.18,68.90,-84.48,1
W,2022-10-31 11:28:19.059528,0.19,-0.29,0.48,-22.16,-8.48,10.13,82.18,68.90,-84.48,1
W,2022-10-31 11:28:19.082597,0.02,-0.12,0.97,10.93,8.67,-11.84,82.18,68.90,-84.48,1
W,2022-10-31 11:28:19.108515,-0.02,-0.45,0.79,28.14,15.87,22.95,85.52,71.01,-83.57,1
W,2022-10-31 11:28:19.129967,-0.33,0.18,0.12,-11.05,3.72,-6.84,85.52,71.01,-83.57,1
W,2022-10-31 11:28:19.156409,-0.05,-0.18,0.71,37.29,-63.60,-43.88,84.47,69.96,-84.27,1
W,2022-10-31 11:28:19.177504,-0.01,-0.31,1.02,39.86,-70.98,-59.57,84.47,69.96,-84.27,1
W,2022-10-31 11:28:19.199898,0.05,-0.62,1.08,66.16,-40.22,-32.47,77.45,75.57,-89.88,1
W,2022-10-31 11:28:19.222035,0.07,-0.98,1.22,85.21,-5.80,19.47,77.45,75.57,-89.88,1
W,2022-10-31 11:28:19.243119,0.03,-0.83,0.91,84.59,12.51,56.70,74.95,74.15,-84.18,1
W,2022-10-31 11:28:19.263727,0.04,-0.75,0.85,72.75,-10.86,16.66,74.95,74.15,-84.18,1
W,2022-10-31 11:28:19.285373,0.09,-0.99,1.62,-60.85,107.79,14.83,73.93,73.62,-79.50,1
W,2022-10-31 11:28:19.307244,0.08,-0.55,1.06,-49.19,80.38,4.33,73.93,73.62,-79.50,1
W,2022-10-31 11:28:19.328953,0.05,-0.52,0.79,-33.51,65.12,-1.95,73.93,73.62,-79.50,1
W,2022-10-31 11:28:19.351629,-0.03,-0.51,0.51,-7.69,29.54,8.67,71.46,75.76,-73.03,1
W,2022-10-31 11:28:19.373969,-0.05,-0.46,0.49,6.96,5.07,10.44,71.46,75.76,-73.03,1
W,2022-10-31 11:28:19.393919,-0.04,-0.56,0.61,6.29,-38.94,-1.22,70.09,75.52,-73.89,1
W,2022-10-31 11:28:19.413538,-0.03,-0.55,0.65,-33.75,-7.32,6.29,70.09,75.52,-73.89,1
W,2022-10-31 11:28:19.433937,-0.12,0.05,0.45,-13.61,-17.64,-37.35,69.27,77.43,-77.09,1
W,2022-10-31 11:28:19.454216,-0.02,-0.33,0.67,39.55,-55.48,-53.41,69.27,77.43,-77.09,1
W,2022-10-31 11:28:19.473714,-0.01,-0.48,0.93,68.91,-51.15,-33.94,69.27,77.43,-77.09,1
W,2022-10-31 11:28:19.497254,0.02,-0.60,0.98,73.49,-33.57,-22.22,63.11,79.63,-77.75,1
W,2022-10-31 11:28:19.517735,0.08,-0.99,1.09,69.40,-14.53,-9.70,63.11,79.63,-77.75,1
W,2022-10-31 11:28:19.539821,0.14,-1.37,0.91,62.74,-2.69,14.22,59.27,78.98,-74.91,1
W,2022-10-31 11:28:19.560718,0.05,-0.78,0.90,74.22,-28.26,8.36,59.27,78.98,-74.91,1
W,2022-10-31 11:28:19.579665,0.03,-1.07,0.93,-55.60,127.38,27.77,59.27,78.98,-74.91,1
W,2022-10-31 11:28:19.604127,0.02,-0.78,0.71,-36.93,99.00,25.57,57.19,78.98,-69.13,1
W,2022-10-31 11:28:19.627640,0.02,-0.78,0.66,-28.69,31.68,-1.95,57.19,78.98,-69.13,1
W,2022-10-31 11:28:19.653474,-0.72,-0.84,0.97,-49.50,15.32,4.94,55.69,80.74,-67.63,1
W,2022-10-31 11:28:19.672487,-0.74,-0.35,0.69,-11.96,64.64,4.88,55.69,80.74,-67.63,1
W,2022-10-31 11:28:19.697671,-0.12,-0.53,0.36,-9.95,62.13,-30.03,55.33,76.15,-69.24,1
W,2022-10-31 11:28:19.720439,0.21,-0.54,0.26,14.53,17.46,-9.52,55.33,76.15,-69.24,1
W,2022-10-31 11:28:19.743658,0.19,-0.54,0.15,44.80,-27.22,11.17,53.63,70.29,-69.59,1
W,2022-10-31 11:28:19.763659,0.17,-0.71,0.06,50.96,-76.66,28.50,53.63,70.29,-69.59,1
W,2022-10-31 11:28:19.784660,-0.19,-0.63,0.35,49.62,-100.77,42.18,60.67,62.32,-74.54,1
W,2022-10-31 11:28:19.803657,-0.36,-0.58,0.57,21.06,-72.02,12.94,60.67,62.32,-74.54,1
W,2022-10-31 11:28:19.822654,-0.25,-0.72,0.52,-2.75,-49.32,-15.81,60.67,62.32,-74.54,1
W,2022-10-31 11:28:19.842665,-0.17,-0.76,0.33,-21.85,-46.39,-26.37,62.30,57.85,-88.55,1
W,2022-10-31 11:28:19.862745,-0.13,-0.79,0.51,-12.51,-85.63,-17.09,62.30,57.85,-88.55,1
W,2022-10-31 11:28:19.885204,-0.25,-0.71,0.72,-7.26,-98.39,-5.25,57.17,52.31,-107.47,1
W,2022-10-31 11:28:19.903910,-0.31,-0.67,0.89,-1.10,-85.88,-8.97,57.17,52.31,-107.47,1
W,2022-10-31 11:28:19.924531,-0.26,-0.71,0.91,-2.32,-70.31,-16.24,57.17,52.31,-107.47,1
W,2022-10-31 11:28:19.944910,-0.14,-0.81,0.83,1.71,-56.27,-18.43,41.02,48.03,-123.38,1
W,2022-10-31 11:28:19.966847,-0.10,-0.85,0.79,-1.46,-56.76,-11.96,41.02,48.03,-123.38,1
W,2022-10-31 11:28:19.991180,-0.06,-0.77,0.86,-11.11,-57.31,0.55,22.77,45.02,-130.33,1
W,2022-10-31 11:28:20.012194,0.03,-0.68,0.89,-34.55,-50.05,-11.17,22.77,45.02,-130.33,1
W,2022-10-31 11:28:20.034269,0.06,-0.61,0.88,-50.11,-46.08,-16.66,6.09,41.69,-129.72,1
