h,2022-09-29 17:29:23.541986,-0.03,0.69,0.61,2.50,5.19,-29.91,-29.33,71.63,58.36,1
h,2022-09-29 17:29:23.550509,-0.01,0.68,0.63,0.49,4.64,-30.88,-29.33,71.63,58.36,1
h,2022-09-29 17:29:23.559142,-0.01,0.69,0.64,-2.44,1.16,-31.01,-29.33,71.63,58.36,1
h,2022-09-29 17:29:23.567865,-0.02,0.69,0.65,-3.97,-1.89,-29.72,-29.33,71.63,58.36,1
h,2022-09-29 17:29:23.576536,-0.04,0.69,0.65,-3.66,-3.36,-27.47,-29.33,71.63,58.36,1
h,2022-09-29 17:29:23.586276,-0.05,0.69,0.64,-2.62,-3.72,-25.51,-27.76,74.15,58.29,1
h,2022-09-29 17:29:23.594792,-0.06,0.69,0.63,1.40,0.12,-21.61,-27.76,74.15,58.29,1
h,2022-09-29 17:29:23.602132,-0.03,0.66,0.62,1.40,0.12,-21.61,-27.76,74.15,58.29,1
h,2022-09-29 17:29:23.610758,-0.03,0.63,0.63,0.61,3.05,-19.84,-27.76,74.15,58.29,1
h,2022-09-29 17:29:23.619253,-0.03,0.61,0.65,-2.32,5.25,-20.87,-27.76,74.15,58.29,1
h,2022-09-29 17:29:23.626640,-0.03,0.61,0.67,-2.32,5.25,-20.87,-27.76,74.15,58.29,1
h,2022-09-29 17:29:23.636153,-0.01,0.64,0.66,-9.77,7.57,-23.07,-27.15,75.88,57.32,1
h,2022-09-29 17:29:23.644807,-0.00,0.67,0.66,-9.52,7.14,-24.23,-27.15,75.88,57.32,1
h,2022-09-29 17:29:23.652321,-0.01,0.71,0.64,-9.52,7.14,-24.23,-27.15,75.88,57.32,1
h,2022-09-29 17:29:23.660791,-0.01,0.71,0.65,-5.74,7.75,-16.24,-27.15,75.88,57.32,1
h,2022-09-29 17:29:23.668332,-0.02,0.69,0.64,-5.74,7.75,-16.24,-27.15,75.88,57.32,1
h,2022-09-29 17:29:23.676902,-0.06,0.67,0.64,-5.43,11.60,-11.84,-27.15,75.88,57.32,1
h,2022-09-29 17:29:23.686325,-0.03,0.64,0.65,-0.55,13.37,-8.12,-24.99,76.93,58.09,1
h,2022-09-29 17:29:23.694872,-0.04,0.60,0.64,-5.92,15.14,-3.60,-24.99,76.93,58.09,1
h,2022-09-29 17:29:23.703486,-0.03,0.58,0.62,-10.86,13.61,-1.71,-24.99,76.93,58.09,1
h,2022-09-29 17:29:23.711875,-0.00,0.58,0.62,-16.54,10.44,-0.12,-24.99,76.93,58.09,1
h,2022-09-29 17:29:23.720044,0.01,0.58,0.61,-20.63,6.47,1.10,-24.99,76.93,58.09,1
h,2022-09-29 17:29:23.728447,0.02,0.60,0.62,-23.80,1.53,3.23,-24.99,76.93,58.09,1
h,2022-09-29 17:29:23.737718,0.01,0.62,0.61,-24.17,-3.05,6.84,-24.33,77.60,58.81,1
h,2022-09-29 17:29:23.746132,-0.04,0.67,0.56,-19.53,-6.84,11.90,-24.33,77.60,58.81,1
h,2022-09-29 17:29:23.753754,-0.04,0.67,0.56,-14.34,-10.07,17.46,-24.33,77.60,58.81,1
h,2022-09-29 17:29:23.762256,-0.08,0.63,0.53,-9.77,-12.08,21.67,-24.33,77.60,58.81,1
h,2022-09-29 17:29:23.768882,-0.08,0.63,0.53,-9.77,-12.08,21.67,-24.33,77.60,58.81,1
h,2022-09-29 17:29:23.777345,-0.92,0.53,0.35,0.43,-10.13,-11.54,-24.33,77.60,58.81,1
h,2022-09-29 17:29:23.785791,-0.08,0.50,0.64,0.43,-10.13,-11.54,-23.33,77.59,59.08,1
h,2022-09-29 17:29:23.794305,-0.04,0.57,0.58,-44.37,28.02,-23.44,-23.33,77.59,59.08,1
h,2022-09-29 17:29:23.801833,-0.04,0.59,0.68,-44.37,28.02,-23.44,-23.33,77.59,59.08,1
h,2022-09-29 17:29:23.810110,-0.10,0.73,0.92,-33.33,23.38,-24.54,-23.33,77.59,59.08,1
h,2022-09-29 17:29:23.818590,-0.05,0.79,0.84,-45.29,5.13,-13.18,-23.33,77.59,59.08,1
h,2022-09-29 17:29:23.827240,-0.08,0.85,0.74,-32.17,-9.83,-2.62,-23.33,77.59,59.08,1
h,2022-09-29 17:29:23.836643,-0.08,0.82,0.64,-15.99,-20.14,15.56,-22.74,76.54,59.23,1
h,2022-09-29 17:29:23.845036,-0.06,0.74,0.55,0.12,-25.57,19.35,-22.74,76.54,59.23,1
h,2022-09-29 17:29:23.853109,-0.07,0.72,0.52,-0.73,-25.70,21.48,0.00,0.00,ovf,1
h,2022-09-29 17:29:23.861243,-0.08,0.69,0.51,-1.10,-26.43,22.46,0.00,0.00,ovf,1
h,2022-09-29 17:29:23.868253,-0.07,0.69,0.53,-1.10,-26.43,22.46,0.00,0.00,ovf,1
h,2022-09-29 17:29:23.876511,-0.09,0.72,0.55,-0.92,-29.24,23.86,0.00,0.00,ovf,1
h,2022-09-29 17:29:23.885956,-0.09,0.72,0.53,4.03,-34.61,26.61,-23.40,75.72,59.78,1
h,2022-09-29 17:29:23.894502,-0.08,0.72,0.53,15.56,-43.09,31.43,-23.40,75.72,59.78,1
h,2022-09-29 17:29:23.902040,-0.09,0.70,0.51,15.56,-43.09,31.43,-23.40,75.72,59.78,1
h,2022-09-29 17:29:23.910608,-0.09,0.68,0.50,19.04,-45.29,32.47,-23.40,75.72,59.78,1
h,2022-09-29 17:29:23.918115,-0.10,0.65,0.48,19.04,-45.29,32.47,-23.40,75.72,59.78,1
h,2022-09-29 17:29:23.926628,-0.12,0.66,0.50,17.70,-45.72,31.56,-23.40,75.72,59.78,1
h,2022-09-29 17:29:23.936146,-0.11,0.67,0.52,15.38,-44.25,29.91,-24.12,74.54,58.03,1
h,2022-09-29 17:29:23.944600,-0.12,0.69,0.53,12.45,-42.36,28.50,-24.12,74.54,58.03,1
h,2022-09-29 17:29:23.953145,-0.13,0.72,0.57,12.33,-40.28,28.63,-24.12,74.54,58.03,1
h,2022-09-29 17:29:23.961498,-0.14,0.72,0.62,10.31,-38.82,28.56,-24.12,74.54,58.03,1
h,2022-09-29 17:29:23.969947,-0.14,0.73,0.62,6.47,-35.83,27.22,-24.12,74.54,58.03,1
h,2022-09-29 17:29:23.978594,-0.16,0.74,0.66,-0.49,-32.47,25.51,-24.12,74.54,58.03,1
h,2022-09-29 17:29:23.988049,-0.16,0.81,0.68,-5.31,-30.27,25.33,-23.82,73.14,56.14,1
h,2022-09-29 17:29:23.996573,-0.17,0.86,0.71,-6.65,-27.16,25.63,-23.82,73.14,56.14,1
h,2022-09-29 17:29:24.004958,-0.17,0.93,0.69,-8.30,-22.95,25.63,-23.82,73.14,56.14,1
h,2022-09-29 17:29:24.013511,-0.19,1.00,0.69,-9.46,-15.75,24.48,-23.82,73.14,56.14,1
h,2022-09-29 17:29:24.022069,-0.20,1.05,0.71,-6.04,-7.51,22.64,-23.82,73.14,56.14,1
h,2022-09-29 17:29:24.030510,-0.24,1.10,0.76,0.49,0.43,20.69,-23.82,73.14,56.14,1
h,2022-09-29 17:29:24.039881,-0.31,1.08,0.72,11.90,9.77,19.17,-24.48,72.69,56.73,1
h,2022-09-29 17:29:24.048052,-0.38,1.08,0.78,26.18,19.17,17.21,-24.48,72.69,56.73,1
h,2022-09-29 17:29:24.056324,-0.30,0.96,0.80,41.26,25.88,15.38,0.00,0.00,0.00,1
h,2022-09-29 17:29:24.064760,-0.20,0.79,0.78,48.40,30.88,11.05,0.00,0.00,0.00,1
h,2022-09-29 17:29:24.072934,-0.13,0.66,0.77,41.69,34.36,2.93,0.00,0.00,0.00,1
h,2022-09-29 17:29:24.082152,-0.10,0.59,0.75,26.67,36.80,-6.53,-24.63,73.46,56.62,1
h,2022-09-29 17:29:24.090513,-0.04,0.59,0.71,7.87,38.57,-15.75,-24.63,73.46,56.62,1
h,2022-09-29 17:29:24.099131,-0.00,0.63,0.70,-10.62,38.64,-23.99,-24.63,73.46,56.62,1
h,2022-09-29 17:29:24.107807,-0.03,0.69,0.70,-27.83,36.50,-29.11,-24.63,73.46,56.62,1
h,2022-09-29 17:29:24.116143,-0.01,0.79,0.70,-33.75,34.24,-29.42,-24.63,73.46,56.62,1
h,2022-09-29 17:29:24.124686,-0.01,0.85,0.65,-31.43,31.37,-24.60,-24.63,73.46,56.62,1
h,2022-09-29 17:29:24.134109,-0.04,0.85,0.64,-25.33,28.93,-17.03,-24.35,73.46,58.17,1
h,2022-09-29 17:29:24.142720,-0.03,0.82,0.63,-19.71,25.27,-9.40,-24.35,73.46,58.17,1
h,2022-09-29 17:29:24.151128,-0.01,0.73,0.59,-12.63,20.69,-3.66,-24.35,73.46,58.17,1
h,2022-09-29 17:29:24.159593,0.02,0.70,0.58,-10.56,15.93,-0.37,-24.35,73.46,58.17,1
h,2022-09-29 17:29:24.167872,0.02,0.68,0.56,-12.15,9.83,0.31,-24.35,73.46,58.17,1
h,2022-09-29 17:29:24.176414,-0.02,0.70,0.56,-13.98,3.72,-2.01,-24.35,73.46,58.17,1
h,2022-09-29 17:29:24.185786,-0.03,0.73,0.54,-15.87,-1.95,-5.55,-23.23,74.37,57.58,1
h,2022-09-29 17:29:24.194310,-0.16,0.78,0.53,-14.89,-8.54,-6.10,-23.23,74.37,57.58,1
h,2022-09-29 17:29:24.202636,-0.46,1.14,0.58,48.71,1.71,10.07,-23.23,74.37,57.58,1
h,2022-09-29 17:29:24.210104,-0.15,0.96,0.63,48.71,1.71,10.07,-23.23,74.37,57.58,1
h,2022-09-29 17:29:24.218556,-0.10,0.66,0.65,66.22,8.42,12.21,-23.23,74.37,57.58,1
h,2022-09-29 17:29:24.226032,-0.10,0.50,0.68,66.22,8.42,12.21,-23.23,74.37,57.58,1
h,2022-09-29 17:29:24.235191,-0.12,0.44,0.67,40.28,5.98,3.17,-23.46,74.46,58.40,1
h,2022-09-29 17:29:24.243656,-0.10,0.52,0.64,20.02,4.64,-18.37,-23.46,74.46,58.40,1
h,2022-09-29 17:29:24.251099,-0.13,0.63,0.62,20.02,4.64,-18.37,-23.46,74.46,58.40,1
h,2022-09-29 17:29:24.259830,-0.13,0.73,0.64,-10.74,2.75,-25.33,-23.46,74.46,58.40,1
h,2022-09-29 17:29:24.268226,-0.13,0.84,0.62,-18.92,2.01,-27.10,-23.46,74.46,58.40,1
h,2022-09-29 17:29:24.276614,-0.14,0.91,0.58,-19.71,1.10,-24.41,-23.46,74.46,58.40,1
h,2022-09-29 17:29:24.286091,-0.14,0.90,0.57,-11.17,0.92,-17.58,-22.91,76.26,58.51,1
h,2022-09-29 17:29:24.294676,-0.12,0.84,0.57,7.87,-0.49,-15.20,-22.91,76.26,58.51,1
h,2022-09-29 17:29:24.303136,-0.13,0.75,0.62,12.02,-1.59,-15.32,-22.91,76.26,58.51,1
h,2022-09-29 17:29:24.311634,-0.11,0.61,0.60,10.86,-2.81,-17.58,-22.91,76.26,58.51,1
h,2022-09-29 17:29:24.318350,-0.11,0.61,0.60,10.86,-2.81,-17.58,-22.91,76.26,58.51,1
h,2022-09-29 17:29:24.326871,-0.10,0.60,0.60,5.74,-4.52,-21.73,-22.91,76.26,58.51,1
h,2022-09-29 17:29:24.335327,-0.09,0.63,0.60,5.74,-4.52,-21.73,-22.91,76.64,58.03,1
h,2022-09-29 17:29:24.343869,-0.10,0.67,0.59,-4.46,-5.68,-15.44,-22.91,76.64,58.03,1
h,2022-09-29 17:29:24.351560,-0.11,0.69,0.59,-4.46,-5.68,-15.44,-22.91,76.64,58.03,1
h,2022-09-29 17:29:24.360123,-0.09,0.67,0.60,-1.04,-5.13,-5.98,-22.91,76.64,58.03,1
h,2022-09-29 17:29:24.367876,-0.09,0.61,0.62,-1.04,-5.13,-5.98,-22.91,76.64,58.03,1
h,2022-09-29 17:29:24.376416,-0.10,0.57,0.62,2.69,-5.25,-5.31,-22.91,76.64,58.03,1
h,2022-09-29 17:29:24.386040,-0.10,0.55,0.62,2.38,-6.35,-6.29,-22.67,77.88,57.25,1
h,2022-09-29 17:29:24.394684,-0.11,0.57,0.62,-1.77,-9.28,-11.11,-22.67,77.88,57.25,1
h,2022-09-29 17:29:24.403303,-0.10,0.60,0.61,-5.98,-11.35,-13.00,-22.67,77.88,57.25,1
h,2022-09-29 17:29:24.410027,-0.10,0.60,0.61,-5.98,-11.35,-13.00,-22.67,77.88,57.25,1
h,2022-09-29 17:29:24.418847,-0.12,0.68,0.61,-10.31,-16.17,-12.88,-22.67,77.88,57.25,1
h,2022-09-29 17:29:24.426397,-0.11,0.71,0.61,-10.31,-16.17,-12.88,-22.67,77.88,57.25,1
h,2022-09-29 17:29:24.436026,-0.10,0.74,0.60,-7.93,-18.19,-11.23,-21.69,77.97,57.26,1
h,2022-09-29 17:29:24.444305,-0.10,0.74,0.61,0.49,-18.01,-5.68,-21.69,77.97,57.26,1
h,2022-09-29 17:29:24.452942,-0.08,0.72,0.62,0.73,-18.31,-3.78,-21.69,77.97,57.26,1
h,2022-09-29 17:29:24.461417,-0.09,0.70,0.66,-0.31,-19.53,-1.95,-21.69,77.97,57.26,1
h,2022-09-29 17:29:24.470030,-0.09,0.69,0.65,-1.16,-21.00,-0.49,-21.69,77.97,57.26,1
h,2022-09-29 17:29:24.477596,-0.09,0.69,0.65,-1.95,-22.77,1.22,-21.69,77.97,57.26,1
h,2022-09-29 17:29:24.487129,-0.10,0.68,0.63,-2.14,-24.05,2.93,-21.78,78.21,56.52,1
h,2022-09-29 17:29:24.495749,-0.10,0.72,0.59,-3.42,-24.11,4.03,-21.78,78.21,56.52,1
h,2022-09-29 17:29:24.504324,-0.12,0.75,0.58,-5.43,-23.38,5.00,-21.78,78.21,56.52,1
h,2022-09-29 17:29:24.513108,-0.12,0.76,0.58,-4.94,-22.16,6.23,-21.78,78.21,56.52,1
h,2022-09-29 17:29:24.521659,-0.14,0.74,0.59,-1.89,-20.20,7.39,-21.78,78.21,56.52,1
h,2022-09-29 17:29:24.530135,-0.13,0.70,0.62,1.65,-18.80,7.81,-21.78,78.21,56.52,1
h,2022-09-29 17:29:24.539581,-0.14,0.70,0.63,1.89,-17.94,7.51,-22.29,77.59,55.69,1
h,2022-09-29 17:29:24.548037,-0.13,0.73,0.64,1.59,-17.58,7.45,-22.29,77.59,55.69,1
h,2022-09-29 17:29:24.556251,-0.13,0.72,0.64,3.30,-19.23,9.16,-22.29,77.59,55.69,1
h,2022-09-29 17:29:24.564643,-0.12,0.70,0.64,6.96,-21.85,11.54,-22.29,77.59,55.69,1
h,2022-09-29 17:29:24.573130,-0.12,0.69,0.63,9.09,-24.41,13.49,-22.29,77.59,55.69,1
h,2022-09-29 17:29:24.581567,-0.13,0.70,0.62,8.06,-25.21,14.47,-22.29,77.59,55.69,1
h,2022-09-29 17:29:24.591027,-0.13,0.70,0.57,6.47,-24.66,14.89,-21.46,76.50,54.47,1
h,2022-09-29 17:29:24.599454,-0.13,0.72,0.58,5.49,-20.94,13.61,-21.46,76.50,54.47,1
h,2022-09-29 17:29:24.608129,-0.14,0.71,0.61,2.20,-17.27,12.57,-21.46,76.50,54.47,1
h,2022-09-29 17:29:24.616499,-0.14,0.72,0.62,0.31,-15.56,12.02,-21.46,76.50,54.47,1
h,2022-09-29 17:29:24.625027,-0.15,0.75,0.64,-0.06,-15.08,11.41,-21.46,76.50,54.47,1
h,2022-09-29 17:29:24.634657,-0.17,0.73,0.63,-0.12,-15.08,11.17,-22.74,76.17,55.66,1
h,2022-09-29 17:29:24.643106,-0.17,0.73,0.65,1.16,-15.32,11.96,-22.74,76.17,55.66,1
h,2022-09-29 17:29:24.650636,-0.17,0.72,0.64,1.16,-15.32,11.96,-22.74,76.17,55.66,1
h,2022-09-29 17:29:24.659023,-0.18,0.73,0.65,2.56,-15.99,12.33,-22.74,76.17,55.66,1
h,2022-09-29 17:29:24.667551,-0.17,0.74,0.63,2.32,-15.99,12.82,-22.74,76.17,55.66,1
h,2022-09-29 17:29:24.676036,-0.16,0.74,0.63,3.30,-15.38,13.55,-22.74,76.17,55.66,1
h,2022-09-29 17:29:24.685241,-0.17,0.73,0.62,3.30,-14.77,14.34,-22.51,75.57,54.30,1
h,2022-09-29 17:29:24.693784,-0.17,0.74,0.62,-3.60,-11.35,11.72,-22.51,75.57,54.30,1
h,2022-09-29 17:29:24.702136,-0.17,0.77,0.62,-6.71,-9.77,11.05,-22.51,75.57,54.30,1
h,2022-09-29 17:29:24.710575,-0.18,0.78,0.63,-7.26,-8.61,10.68,-22.51,75.57,54.30,1
h,2022-09-29 17:29:24.719025,-0.18,0.80,0.65,-8.06,-7.51,10.38,-22.51,75.57,54.30,1
h,2022-09-29 17:29:24.727608,-0.19,0.82,0.64,-7.81,-6.16,10.50,-22.51,75.57,54.30,1
h,2022-09-29 17:29:24.737130,-0.20,0.83,0.68,-8.36,-4.70,10.62,-22.33,75.11,55.00,1
h,2022-09-29 17:29:24.745659,-0.21,0.88,0.67,-10.19,-2.81,10.44,-22.33,75.11,55.00,1
h,2022-09-29 17:29:24.754086,-0.21,0.92,0.66,-10.68,-0.37,11.05,-22.33,75.11,55.00,1
h,2022-09-29 17:29:24.762592,-0.21,0.95,0.64,-8.79,3.36,11.72,-22.33,75.11,55.00,1
h,2022-09-29 17:29:24.771041,-0.21,1.00,0.68,-5.68,8.06,13.06,-22.33,75.11,55.00,1
h,2022-09-29 17:29:24.779462,-0.23,0.99,0.71,-1.46,9.46,18.62,-22.33,75.11,55.00,1
h,2022-09-29 17:29:24.788869,-0.21,0.84,0.74,10.13,7.57,25.76,-22.81,75.12,55.03,1
h,2022-09-29 17:29:24.797100,-0.32,0.67,0.70,23.32,7.20,21.91,-22.81,75.12,55.03,1
h,2022-09-29 17:29:24.805562,-0.45,0.72,0.69,18.55,12.33,3.54,-22.81,75.12,55.03,1
h,2022-09-29 17:29:24.813935,-0.35,0.81,0.63,15.75,19.23,-11.66,-22.81,75.12,55.03,1
h,2022-09-29 17:29:24.822472,-0.28,0.84,0.65,19.84,26.86,-17.27,-22.81,75.12,55.03,1
h,2022-09-29 17:29:24.830862,-0.25,0.80,0.74,23.38,30.33,-16.30,-22.81,75.12,55.03,1
h,2022-09-29 17:29:24.840231,-0.17,0.73,0.76,27.53,27.77,-13.92,-23.55,76.38,53.94,1
