X,2022-10-29 18:41:10.148703,-0.04,-0.22,0.92,-9.77,10.68,-18.01,-26.42,29.99,-44.86,1
X,2022-10-29 18:41:10.166762,-0.04,-0.14,1.03,-1.77,19.71,-11.54,-26.42,29.99,-44.86,1
X,2022-10-29 18:41:10.185518,-0.07,-0.29,1.01,22.71,14.65,10.31,-26.93,27.71,-47.89,1
X,2022-10-29 18:41:10.203713,-0.09,-0.55,0.86,8.48,13.00,13.73,-26.93,27.71,-47.89,1
X,2022-10-29 18:41:10.221635,-0.15,-0.39,0.82,-30.58,25.09,-1.16,-26.93,27.71,-47.89,1
X,2022-10-29 18:41:10.240754,-0.07,-0.20,0.87,-49.07,41.63,-7.20,-26.93,26.75,-48.29,1
X,2022-10-29 18:41:10.258723,0.00,-0.17,0.93,-47.79,39.98,-6.29,-26.93,26.75,-48.29,1
X,2022-10-29 18:41:10.277605,0.05,-0.13,0.89,-19.35,-3.05,5.00,-27.37,24.57,-52.04,1
X,2022-10-29 18:41:10.295806,0.10,-0.34,0.58,-24.90,-33.87,2.38,-27.37,24.57,-52.04,1
X,2022-10-29 18:41:10.313737,-1.27,0.05,0.28,-35.89,-36.07,-17.88,-27.37,24.57,-52.04,1
X,2022-10-29 18:41:10.332617,-0.35,0.06,0.84,18.55,53.41,-16.42,-29.64,24.50,-52.19,1
X,2022-10-29 18:41:10.350912,-0.24,-0.24,0.80,-25.94,-15.26,-1.65,-29.64,24.50,-52.19,1
X,2022-10-29 18:41:10.368622,-0.18,0.02,0.96,15.93,-68.18,21.30,-29.64,24.50,-52.19,1
X,2022-10-29 18:41:10.387590,-0.17,-0.28,0.66,37.66,-95.95,33.51,-32.15,26.05,-49.43,1
X,2022-10-29 18:41:10.405599,-0.16,-0.28,0.65,39.12,-95.15,37.72,-32.15,26.05,-49.43,1
X,2022-10-29 18:41:10.423823,-0.14,-0.40,0.73,32.71,-81.67,31.80,-32.15,26.05,-49.43,1
X,2022-10-29 18:41:10.442910,-0.15,-0.21,1.06,-11.84,-56.52,15.01,-34.40,29.75,-41.19,1
X,2022-10-29 18:41:10.460721,-0.15,0.09,1.39,-74.65,-18.80,11.78,-34.40,29.75,-41.19,1
X,2022-10-29 18:41:10.479622,-0.16,0.41,1.57,-64.45,3.30,18.49,-34.19,30.49,-37.15,1
X,2022-10-29 18:41:10.497598,-0.19,0.57,1.56,-29.97,21.73,17.46,-34.19,30.49,-37.15,1
X,2022-10-29 18:41:10.515552,-0.51,0.08,1.39,62.26,64.82,41.26,-34.19,30.49,-37.15,1
X,2022-10-29 18:41:10.534646,0.01,-0.22,1.20,99.43,94.60,42.54,-31.51,32.19,-40.26,1
X,2022-10-29 18:41:10.552484,0.08,-0.64,1.14,30.82,75.87,21.61,-31.51,32.19,-40.26,1
X,2022-10-29 18:41:10.570616,0.08,-0.33,0.94,-15.26,66.04,22.52,-31.51,32.19,-40.26,1
X,2022-10-29 18:41:10.589556,0.10,-0.32,0.90,-45.29,64.15,20.45,-28.85,31.75,-45.58,1
X,2022-10-29 18:41:10.607696,0.10,-0.14,0.92,-55.54,51.39,5.37,-28.85,31.75,-45.58,1
X,2022-10-29 18:41:10.625477,0.10,-0.08,0.81,-49.80,24.84,8.12,-28.85,31.75,-45.58,1
X,2022-10-29 18:41:10.644850,0.07,-0.19,0.67,-51.64,-0.55,7.69,-27.51,29.71,-49.05,1
X,2022-10-29 18:41:10.663116,-0.91,0.44,0.76,-77.15,-22.16,-11.05,-27.51,29.71,-49.05,1
X,2022-10-29 18:41:10.681912,-0.19,-0.02,0.56,31.68,-12.57,9.58,-28.89,28.50,-49.84,1
X,2022-10-29 18:41:10.699647,-0.11,-0.59,0.50,-10.13,11.23,8.85,-28.89,28.50,-49.84,1
X,2022-10-29 18:41:10.717641,-0.06,0.20,0.82,-100.46,4.64,-48.89,-28.89,28.50,-49.84,1
X,2022-10-29 18:41:10.736770,-0.05,0.36,0.75,-110.72,-34.06,-58.35,-30.32,24.28,-49.40,1
X,2022-10-29 18:41:10.754818,-0.05,0.51,0.81,-39.79,-66.35,-53.65,-30.32,24.28,-49.40,1
X,2022-10-29 18:41:10.772870,-0.10,0.46,0.87,39.43,-66.89,-39.00,-30.32,24.28,-49.40,1
X,2022-10-29 18:41:10.791617,-0.14,0.11,0.96,103.33,-52.80,-16.78,-34.11,22.74,-46.12,1
X,2022-10-29 18:41:10.809574,-0.17,-0.58,1.00,112.06,-37.60,-9.83,-34.11,22.74,-46.12,1
X,2022-10-29 18:41:10.827862,-0.26,-0.50,1.21,22.83,-18.13,-22.83,-34.11,22.74,-46.12,1
X,2022-10-29 18:41:10.846699,-0.30,-0.13,1.41,-52.06,3.17,7.81,-35.68,23.10,-42.71,1
X,2022-10-29 18:41:10.864782,-0.69,-0.20,1.33,-7.87,6.84,31.86,-35.68,23.10,-42.71,1
X,2022-10-29 18:41:10.883574,-0.49,-0.40,1.08,85.02,32.47,31.37,-33.97,24.57,-42.85,1
X,2022-10-29 18:41:10.901882,-0.20,-0.76,0.96,106.75,50.11,31.80,-33.97,24.57,-42.85,1
