w,2022-11-04 20:00:04.796444,0.19,-0.20,1.05,-5.31,13.92,-16.42,-9.61,-0.46,-76.84,1
w,2022-11-04 20:00:04.818063,0.17,-0.22,0.88,-29.11,21.30,-13.31,-7.53,-2.14,-76.26,1
w,2022-11-04 20:00:04.835334,0.15,-0.17,0.67,-64.51,9.89,-10.44,-7.53,-2.14,-76.26,1
w,2022-11-04 20:00:04.853645,0.08,-0.05,0.65,-77.94,-33.26,-13.49,-7.53,-2.14,-76.26,1
w,2022-11-04 20:00:04.873436,-0.02,0.16,1.15,50.48,1.22,-14.16,-7.12,-4.44,-76.50,1
w,2022-11-04 20:00:04.893485,0.07,-0.00,0.88,66.16,3.72,5.00,-7.12,-4.44,-76.50,1
w,2022-11-04 20:00:04.910437,0.07,-0.12,0.79,8.30,16.24,-11.17,-7.12,-4.44,-76.50,1
w,2022-11-04 20:00:04.931449,-0.02,0.08,0.51,-36.01,-43.95,-17.58,-6.05,-3.60,-77.42,1
w,2022-11-04 20:00:04.952765,0.00,0.05,0.86,-21.00,-86.36,-19.78,-6.05,-3.60,-77.42,1
w,2022-11-04 20:00:04.971906,-0.04,0.19,1.12,6.59,-73.67,-4.52,-9.41,-3.71,-78.20,1
w,2022-11-04 20:00:04.990343,-0.03,0.10,1.21,30.76,-45.47,-3.78,-9.41,-3.71,-78.20,1
w,2022-11-04 20:00:05.009723,-0.03,-0.01,1.27,25.39,-6.47,-0.73,-9.41,-3.71,-78.20,1
w,2022-11-04 20:00:05.033257,-0.01,-0.14,1.25,17.15,2.08,4.46,-10.16,-3.25,-77.33,1
w,2022-11-04 20:00:05.051507,-0.00,-0.09,1.13,4.39,-8.73,6.65,-10.16,-3.25,-77.33,1
w,2022-11-04 20:00:05.071667,-0.09,0.15,1.46,-9.40,-28.32,-4.64,-10.01,-3.67,-77.44,1
w,2022-11-04 20:00:05.090722,-0.08,0.18,1.25,-26.79,52.67,-10.38,-10.01,-3.67,-77.44,1
w,2022-11-04 20:00:05.110811,-0.01,-0.01,0.75,-60.97,73.18,-25.09,-10.01,-3.67,-77.44,1
w,2022-11-04 20:00:05.129694,-0.01,0.06,0.79,-37.60,41.99,-26.73,-7.52,-4.06,-76.66,1
w,2022-11-04 20:00:05.149412,-0.03,0.00,0.63,4.03,19.96,-22.83,-7.52,-4.06,-76.66,1
w,2022-11-04 20:00:05.171039,-0.02,-0.04,0.82,66.47,-3.30,7.20,-5.44,-2.88,-77.47,1
w,2022-11-04 20:00:05.188196,-0.01,0.00,0.76,39.55,12.08,-0.92,-5.44,-2.88,-77.47,1
w,2022-11-04 20:00:05.206083,0.00,0.12,0.62,-19.78,2.81,-42.11,-5.44,-2.88,-77.47,1
w,2022-11-04 20:00:05.227211,0.01,0.20,0.94,-64.27,-46.94,-53.22,-5.24,-3.23,-77.31,1
w,2022-11-04 20:00:05.251306,-0.01,0.26,1.09,-37.90,-51.51,-44.19,-5.24,-3.23,-77.31,1
w,2022-11-04 20:00:05.269944,-0.04,0.05,1.23,45.72,-24.41,-14.71,-5.31,-2.05,-76.73,1
w,2022-11-04 20:00:05.288693,-0.03,-0.21,1.20,76.05,-12.76,5.25,-5.31,-2.05,-76.73,1
w,2022-11-04 20:00:05.307332,-0.01,-0.28,1.11,46.33,-19.59,12.88,-5.31,-2.05,-76.73,1
w,2022-11-04 20:00:05.331967,-0.02,-0.09,1.11,-9.70,-41.50,-6.35,-5.13,-0.70,-78.10,1
w,2022-11-04 20:00:05.349822,-0.14,-0.06,1.70,-38.57,-11.05,-26.73,-5.13,-0.70,-78.10,1
w,2022-11-04 20:00:05.370560,-0.07,0.36,0.94,-200.74,15.14,20.57,-4.71,-2.11,-77.70,1
w,2022-11-04 20:00:05.391534,-0.09,0.22,0.96,-42.11,11.11,62.93,-4.71,-2.11,-77.70,1
w,2022-11-04 20:00:05.409815,-0.05,0.15,0.46,44.68,24.60,45.59,-4.71,-2.11,-77.70,1
w,2022-11-04 20:00:05.428467,-0.08,0.06,0.70,106.32,-8.67,22.22,-3.39,-2.61,-75.98,1
w,2022-11-04 20:00:05.446717,-0.11,0.03,0.91,69.15,2.69,25.76,-3.39,-2.61,-75.98,1
w,2022-11-04 20:00:05.468018,-0.19,0.21,0.95,-15.08,47.97,-4.03,-2.22,-1.27,-77.00,1
w,2022-11-04 20:00:05.484332,-0.45,0.14,1.06,-62.56,72.57,-51.45,-2.22,-1.27,-77.00,1
w,2022-11-04 20:00:05.503274,-0.23,0.14,0.89,-9.83,69.95,-16.24,-2.22,-1.27,-77.00,1
w,2022-11-04 20:00:05.522774,0.11,0.13,0.75,17.58,24.96,-6.77,-0.88,1.10,-74.08,1
