y,2022-10-17 14:42:58.820916,0.22,-0.66,0.79,-8.85,15.81,-3.85,45.76,98.84,-37.90,1
y,2022-10-17 14:42:58.838669,0.21,-0.63,0.84,-20.51,16.78,-4.88,45.76,98.84,-37.90,1
y,2022-10-17 14:42:58.856880,0.19,-0.66,0.84,-18.07,15.20,-4.21,45.76,98.84,-37.90,1
y,2022-10-17 14:42:58.875899,0.21,-0.70,0.80,-13.12,12.82,-1.95,44.85,99.65,-39.81,1
y,2022-10-17 14:42:58.893721,0.15,-0.73,0.75,-14.89,14.59,2.99,44.85,99.65,-39.81,1
y,2022-10-17 14:42:58.912911,0.18,-0.75,0.73,-13.79,20.08,4.76,45.68,100.83,-40.44,1
y,2022-10-17 14:42:58.930695,0.18,-0.74,0.73,-16.60,18.68,6.10,45.68,100.83,-40.44,1
y,2022-10-17 14:42:58.948673,0.19,-0.72,0.71,-14.89,14.47,8.54,45.68,100.83,-40.44,1
y,2022-10-17 14:42:58.967759,0.16,-0.72,0.67,-12.27,8.67,9.64,48.05,101.55,-42.44,1
y,2022-10-17 14:42:58.985739,0.15,-0.67,0.64,-9.46,2.32,11.72,48.05,101.55,-42.44,1
y,2022-10-17 14:42:59.003686,0.16,-0.66,0.59,-12.45,1.53,10.07,48.05,101.55,-42.44,1
y,2022-10-17 14:42:59.022890,0.17,-0.58,0.61,-13.31,-1.34,8.18,50.16,102.49,-43.29,1
y,2022-10-17 14:42:59.040759,0.17,-0.56,0.61,-4.64,-6.04,11.05,50.16,102.49,-43.29,1
y,2022-10-17 14:42:59.058880,0.16,-0.63,0.59,3.05,-10.01,14.10,50.16,102.49,-43.29,1
y,2022-10-17 14:42:59.077690,0.16,-0.67,0.60,1.04,-9.64,14.40,51.75,103.91,-43.35,1
y,2022-10-17 14:42:59.095886,0.19,-0.65,0.64,-13.79,-9.40,9.83,51.75,103.91,-43.35,1
y,2022-10-17 14:42:59.114750,0.18,-0.61,0.66,-24.54,-9.77,2.62,53.02,104.19,-45.28,1
y,2022-10-17 14:42:59.132866,0.22,-0.54,0.67,-31.37,-10.74,-5.55,53.02,104.19,-45.28,1
y,2022-10-17 14:42:59.150853,0.21,-0.44,0.71,-38.88,-16.72,-13.98,53.02,104.19,-45.28,1
y,2022-10-17 14:42:59.169574,0.04,-0.18,1.06,14.89,15.32,13.73,52.43,104.36,-47.57,1
y,2022-10-17 14:42:59.187672,0.08,-0.72,0.87,63.05,-3.85,11.78,52.43,104.36,-47.57,1
y,2022-10-17 14:42:59.205905,0.08,-0.69,0.79,50.05,-16.42,-17.33,52.43,104.36,-47.57,1
y,2022-10-17 14:42:59.224904,0.12,-0.55,0.74,38.27,-28.81,-41.93,49.29,106.40,-43.62,1
y,2022-10-17 14:42:59.242908,0.12,-0.49,0.69,33.75,-31.13,-46.02,49.29,106.40,-43.62,1
y,2022-10-17 14:42:59.261935,0.14,-0.53,0.66,39.73,-29.17,-38.64,42.33,106.15,-39.88,1
y,2022-10-17 14:42:59.279883,0.15,-0.59,0.69,46.63,-27.34,-22.03,42.33,106.15,-39.88,1
y,2022-10-17 14:42:59.297738,0.17,-0.83,0.70,52.49,-21.24,-5.80,42.33,106.15,-39.88,1
y,2022-10-17 14:42:59.316719,0.17,-1.03,0.72,24.05,-9.70,-2.20,37.78,106.42,-37.32,1
y,2022-10-17 14:42:59.334740,0.16,-1.00,0.80,-13.73,4.46,-5.25,37.78,106.42,-37.32,1
y,2022-10-17 14:42:59.352766,0.08,-0.80,0.89,-35.95,28.32,-0.31,37.78,106.42,-37.32,1
y,2022-10-17 14:42:59.371722,0.23,-0.70,0.91,-20.08,45.78,9.16,37.56,105.57,-39.01,1
y,2022-10-17 14:42:59.389741,0.22,-0.72,0.89,-16.78,48.71,11.17,37.56,105.57,-39.01,1
y,2022-10-17 14:42:59.407708,0.26,-0.71,0.85,-16.78,42.36,10.93,37.56,105.57,-39.01,1
y,2022-10-17 14:42:59.426716,0.30,-0.72,0.75,-19.90,33.14,9.16,40.58,104.87,-41.54,1
y,2022-10-17 14:42:59.444760,0.28,-0.66,0.64,-40.53,16.36,4.21,40.58,104.87,-41.54,1
y,2022-10-17 14:42:59.463861,0.11,-0.56,0.63,-50.60,8.79,-0.79,42.81,104.52,-45.65,1
y,2022-10-17 14:42:59.481768,0.11,-0.50,0.62,-40.95,2.69,-0.37,42.81,104.52,-45.65,1
y,2022-10-17 14:42:59.499849,0.03,-0.38,0.66,-11.29,-5.86,1.40,42.81,104.52,-45.65,1
y,2022-10-17 14:42:59.518721,0.11,-0.50,0.52,18.55,-8.54,5.98,43.82,105.24,-45.10,1
y,2022-10-17 14:42:59.536890,0.05,-0.72,0.72,14.95,-21.61,-7.69,43.82,105.24,-45.10,1
y,2022-10-17 14:42:59.554833,0.08,-0.57,0.72,14.53,-56.58,-21.67,43.82,105.24,-45.10,1
y,2022-10-17 14:42:59.573742,0.10,-0.47,0.60,34.67,-80.69,-22.89,40.88,104.90,-42.41,1
y,2022-10-17 14:42:59.591731,0.10,-0.55,0.45,50.60,-78.80,-14.04,40.88,104.90,-42.41,1
y,2022-10-17 14:42:59.609841,0.08,-0.57,0.51,52.00,-49.74,-7.69,40.88,104.90,-42.41,1
y,2022-10-17 14:42:59.628900,0.08,-0.72,0.75,73.61,-56.88,-2.01,36.08,104.90,-37.44,1
y,2022-10-17 14:42:59.646822,0.12,-0.85,0.77,78.61,-56.46,3.54,36.08,104.90,-37.44,1
y,2022-10-17 14:42:59.665699,0.10,-1.03,0.72,61.10,-52.00,7.02,32.31,105.83,-30.99,1
y,2022-10-17 14:42:59.683675,0.06,-1.00,0.77,13.31,-36.68,2.75,32.31,105.83,-30.99,1
y,2022-10-17 14:42:59.702003,0.03,-0.85,0.81,-43.76,-4.21,-1.77,32.31,105.83,-30.99,1
y,2022-10-17 14:42:59.720768,-0.14,-0.44,0.94,-46.75,18.86,2.14,32.43,105.38,-33.15,1
y,2022-10-17 14:42:59.738748,-0.14,-0.43,0.94,2.14,41.26,19.53,32.43,105.38,-33.15,1
y,2022-10-17 14:42:59.756731,0.03,-0.56,0.92,40.47,56.21,23.80,32.43,105.38,-33.15,1
y,2022-10-17 14:42:59.775671,0.09,-0.75,0.88,56.03,53.41,21.06,34.08,105.46,-31.31,1
y,2022-10-17 14:42:59.793707,0.11,-0.87,0.75,33.39,32.96,8.36,34.08,105.46,-31.31,1
y,2022-10-17 14:42:59.812580,0.16,-0.81,0.64,8.67,24.11,-3.48,34.89,105.30,-29.93,1
y,2022-10-17 14:42:59.830852,0.17,-0.70,0.63,-5.74,15.63,-7.57,34.89,105.30,-29.93,1
