G,2022-10-21 12:36:54.176019,0.19,0.12,0.96,-20.51,-3.05,-25.76,-4.25,-14.33,-155.43,1
G,2022-10-21 12:36:54.193801,0.25,0.08,0.87,-2.69,4.64,-23.74,-4.25,-14.33,-155.43,1
G,2022-10-21 12:36:54.212735,0.28,-0.01,0.85,0.49,4.70,-21.61,-2.80,-15.99,-155.88,1
G,2022-10-21 12:36:54.230798,0.32,-0.06,0.84,9.95,2.56,-9.46,-2.80,-15.99,-155.88,1
G,2022-10-21 12:36:54.249710,0.32,-0.06,0.84,2.50,0.61,-1.22,-1.83,-15.22,-156.34,1
G,2022-10-21 12:36:54.267999,0.24,0.14,0.97,-11.41,6.29,-6.65,-1.83,-15.22,-156.34,1
G,2022-10-21 12:36:54.285776,0.26,0.13,0.90,-9.28,14.16,-15.26,-1.83,-15.22,-156.34,1
G,2022-10-21 12:36:54.304816,0.28,-0.07,0.84,-0.12,13.18,-14.22,-0.98,-15.66,-159.72,1
G,2022-10-21 12:36:54.322965,-0.12,-0.10,0.69,10.38,-5.25,7.69,-0.98,-15.66,-159.72,1
G,2022-10-21 12:36:54.340850,0.31,-0.29,0.86,42.97,8.73,31.07,-0.98,-15.66,-159.72,1
G,2022-10-21 12:36:54.359734,0.34,-0.27,0.81,29.36,-0.61,39.67,0.68,-13.81,-161.00,1
G,2022-10-21 12:36:54.377678,0.30,-0.02,0.86,-25.09,-4.46,25.70,0.68,-13.81,-161.00,1
G,2022-10-21 12:36:54.395918,0.27,-0.03,0.84,-29.36,-4.88,19.59,0.68,-13.81,-161.00,1
G,2022-10-21 12:36:54.414686,0.31,0.02,0.84,-23.07,-4.33,28.81,-1.12,-15.65,-162.95,1
G,2022-10-21 12:36:54.432806,0.30,0.07,0.83,-25.15,-3.60,29.97,-1.12,-15.65,-162.95,1
G,2022-10-21 12:36:54.451772,0.26,0.15,0.81,-32.47,-1.89,26.18,-3.02,-16.85,-164.95,1
G,2022-10-21 12:36:54.469905,0.23,0.25,0.81,-56.03,-2.56,15.63,-3.02,-16.85,-164.95,1
G,2022-10-21 12:36:54.487802,0.23,0.26,0.83,-39.25,-12.39,20.20,-3.02,-16.85,-164.95,1
G,2022-10-21 12:36:54.506824,0.24,0.27,0.80,-20.51,-20.75,34.79,-8.11,-18.68,-167.11,1
G,2022-10-21 12:36:54.524830,0.24,0.44,0.82,-11.84,-22.58,37.29,-8.11,-18.68,-167.11,1
G,2022-10-21 12:36:54.542818,0.25,0.55,0.91,-4.76,-20.81,23.68,-8.11,-18.68,-167.11,1
G,2022-10-21 12:36:54.561765,0.21,0.43,0.90,-2.93,-16.30,5.13,-14.69,-16.53,-163.60,1
G,2022-10-21 12:36:54.579818,0.23,0.36,0.92,-2.26,-25.15,1.65,-14.69,-16.53,-163.60,1
G,2022-10-21 12:36:54.598797,0.22,0.41,0.93,-2.26,-29.60,4.39,-20.41,-16.94,-159.70,1
G,2022-10-21 12:36:54.616814,0.23,0.41,0.95,5.43,-30.94,4.64,-20.41,-16.94,-159.70,1
G,2022-10-21 12:36:54.634720,0.23,0.46,0.96,9.34,-29.05,0.12,-20.41,-16.94,-159.70,1
G,2022-10-21 12:36:54.653679,0.22,0.47,1.00,20.51,-20.39,-12.08,-23.91,-17.40,-155.16,1
G,2022-10-21 12:36:54.671855,0.23,0.37,1.02,20.57,-15.75,-21.97,-23.91,-17.40,-155.16,1
G,2022-10-21 12:36:54.689962,0.25,0.32,1.04,22.28,-13.37,-27.47,-23.91,-17.40,-155.16,1
G,2022-10-21 12:36:54.708841,0.25,0.29,1.05,11.29,-10.86,-38.21,-23.60,-19.46,-150.55,1
G,2022-10-21 12:36:54.726793,0.26,0.22,1.06,5.68,-8.06,-47.67,-23.60,-19.46,-150.55,1
G,2022-10-21 12:36:54.744862,0.27,0.11,1.04,4.33,-7.32,-48.46,-23.60,-19.46,-150.55,1
G,2022-10-21 12:36:54.763675,0.30,0.09,1.03,6.47,-5.92,-42.97,-20.78,-22.44,-145.50,1
G,2022-10-21 12:36:54.781790,0.29,0.03,1.04,8.24,-4.46,-37.66,-20.78,-22.44,-145.50,1
G,2022-10-21 12:36:54.800842,0.29,-0.12,1.05,15.38,-1.53,-27.40,-17.74,-23.03,-142.68,1
G,2022-10-21 12:36:54.818797,0.29,-0.25,1.06,46.45,-1.40,4.33,-17.74,-23.03,-142.68,1
G,2022-10-21 12:36:54.836840,0.22,-0.10,0.97,23.01,1.22,4.33,-17.74,-23.03,-142.68,1
G,2022-10-21 12:36:54.855768,0.27,-0.11,1.03,4.64,7.32,-4.58,-16.20,-20.98,-145.29,1
G,2022-10-21 12:36:54.873948,0.28,-0.11,1.00,-25.94,13.31,-15.08,-16.20,-20.98,-145.29,1
G,2022-10-21 12:36:54.891927,0.22,-0.06,0.92,-50.84,18.55,-13.85,-16.20,-20.98,-145.29,1
G,2022-10-21 12:36:54.910793,0.24,0.08,0.91,-51.09,8.97,-13.85,-14.26,-22.27,-151.05,1
G,2022-10-21 12:36:54.928939,0.14,0.06,0.80,-37.96,8.79,-1.53,-14.26,-22.27,-151.05,1
G,2022-10-21 12:36:54.947641,0.17,0.12,0.77,-32.04,4.70,13.24,-13.70,-23.73,-155.54,1
G,2022-10-21 12:36:54.965787,0.17,0.21,0.74,-32.10,-1.95,22.64,-13.70,-23.73,-155.54,1
G,2022-10-21 12:36:54.983835,0.15,0.58,0.76,-45.23,-5.68,7.14,-13.70,-23.73,-155.54,1
G,2022-10-21 12:36:55.002908,0.20,0.61,0.85,-53.53,-4.58,-16.97,-14.86,-25.77,-157.36,1
G,2022-10-21 12:36:55.021037,0.13,0.55,0.73,-11.66,-6.16,-6.41,-14.86,-25.77,-157.36,1
G,2022-10-21 12:36:55.039616,0.18,0.73,0.85,37.05,-19.41,2.14,-14.86,-25.77,-157.36,1
G,2022-10-21 12:36:55.058820,0.20,0.58,0.89,55.42,-16.48,-6.04,-15.84,-24.76,-155.09,1
G,2022-10-21 12:36:55.076924,0.18,0.32,0.90,56.58,-8.67,-12.27,-15.84,-24.76,-155.09,1
G,2022-10-21 12:36:55.094789,0.23,0.09,0.88,72.69,-5.92,-5.49,-15.84,-24.76,-155.09,1
G,2022-10-21 12:36:55.113780,0.22,-0.09,0.90,69.89,-3.72,-0.12,-14.82,-21.69,-150.16,1
G,2022-10-21 12:36:55.131676,0.23,-0.40,0.90,50.42,-5.37,5.49,-14.82,-21.69,-150.16,1
G,2022-10-21 12:36:55.150841,0.22,-0.28,0.89,13.43,-2.99,7.08,-14.33,-19.75,-144.89,1
G,2022-10-21 12:36:55.168918,0.14,-0.01,0.79,-32.29,-6.16,-12.02,-14.33,-19.75,-144.89,1
G,2022-10-21 12:36:55.186999,0.16,-0.06,0.86,-37.48,-24.90,-25.76,-14.33,-19.75,-144.89,1
G,2022-10-21 12:36:55.206814,0.21,0.01,0.94,-31.31,-36.19,-11.72,-16.89,-23.38,-141.71,1
G,2022-10-21 12:36:55.224824,0.18,0.21,0.94,-34.24,-30.58,-3.48,-16.89,-23.38,-141.71,1
G,2022-10-21 12:36:55.242684,0.17,0.28,1.00,-22.03,-29.11,1.40,-16.89,-23.38,-141.71,1
G,2022-10-21 12:36:55.261749,0.17,0.36,1.01,-7.26,-25.33,8.79,-19.30,-25.93,-135.45,1
G,2022-10-21 12:36:55.279799,0.17,0.48,1.03,3.85,-20.20,13.12,-19.30,-25.93,-135.45,1
G,2022-10-21 12:36:55.298497,0.11,0.52,1.10,5.43,-16.66,6.84,-19.17,-26.05,-133.13,1
G,2022-10-21 12:36:55.316761,0.05,0.53,1.29,10.86,-6.04,-0.49,-19.17,-26.05,-133.13,1
G,2022-10-21 12:36:55.334466,0.05,0.52,1.32,39.31,18.43,2.44,-19.17,-26.05,-133.13,1
G,2022-10-21 12:36:55.353530,0.18,0.47,1.18,84.53,40.89,5.92,-14.59,-22.52,-131.40,1
G,2022-10-21 12:36:55.371518,0.25,0.29,1.08,77.15,42.18,-3.72,-14.59,-22.52,-131.40,1
G,2022-10-21 12:36:55.389618,0.22,0.17,1.10,53.71,42.85,-14.71,-14.59,-22.52,-131.40,1
G,2022-10-21 12:36:55.408519,0.20,0.02,1.08,40.71,45.72,-20.69,-8.36,-16.27,-132.96,1
