Q,2022-11-08 14:59:05.924130,3.261069,9.538986,1.886727,0.024837,-0.246834,0.704378,-130.405883,-26.611820,-76.714859,1
Q,2022-11-08 14:59:06.020043,5.468636,9.835883,2.954596,0.295685,-0.539786,0.940871,-130.405883,-26.611820,-76.714859,1
Q,2022-11-08 14:59:06.115878,3.371208,7.819861,1.853207,0.457607,0.235206,1.230893,-135.050476,-24.813724,-54.253299,1
Q,2022-11-08 14:59:06.211851,6.459885,7.163816,1.235471,-0.312058,0.856531,1.434628,-132.549545,-3.236573,-66.347984,1
Q,2022-11-08 14:59:06.307954,7.039312,6.847766,1.680815,-1.182792,0.813653,0.461361,-131.834991,-7.552003,-130.968154,1
Q,2022-11-08 14:59:06.403812,7.091987,9.644336,3.821341,-0.987845,-0.256954,-0.384472,-131.834991,-7.552003,-130.968154,1
Q,2022-11-08 14:59:06.499507,4.678508,10.846287,4.525272,0.805421,-1.663390,-0.024540,-152.021118,4.135621,-208.546920,1
Q,2022-11-08 14:59:06.595274,3.141353,6.799880,2.298551,1.399715,-0.166272,0.981484,-181.139144,-47.829353,-105.396537,1
Q,2022-11-08 14:59:06.691184,9.122374,4.812591,2.269819,-0.235225,1.226316,0.029656,-148.091064,-13.485720,-55.808330,1
Q,2022-11-08 14:59:06.787301,3.941057,11.588527,2.197989,-0.846296,0.399126,-0.206703,-137.551422,-23.015628,-113.344474,1
Q,2022-11-08 14:59:06.883314,2.873188,10.353056,2.681643,0.263993,0.092325,0.653378,-137.551422,-23.015628,-113.344474,1
Q,2022-11-08 14:59:06.979200,4.683297,8.408865,2.959384,-0.104861,-0.189974,0.234456,-137.551422,-23.015628,-113.344474,1
Q,2022-11-08 14:59:07.075353,4.223587,10.199819,5.152585,-1.673087,-0.212212,0.139114,-156.308425,-38.659065,-146.345687,1
Q,2022-11-08 14:59:07.170917,3.912325,9.898135,3.754300,0.474252,-1.340744,1.073365,-172.564498,-10.069338,-184.184768,1
