h,2022-10-29 18:20:19.997743,0.37,0.89,-0.63,-21.79,-21.79,-2.87,49.84,117.81,-71.34,1
h,2022-10-29 18:20:20.016063,0.39,0.90,-0.64,-17.27,-16.54,-3.60,49.84,117.81,-71.34,1
h,2022-10-29 18:20:20.034245,0.41,0.89,-0.58,-18.19,-17.09,-7.14,49.84,117.81,-71.34,1
h,2022-10-29 18:20:20.053784,0.40,0.88,-0.46,-28.50,-5.55,-16.17,49.23,109.96,-63.92,1
h,2022-10-29 18:20:20.072654,0.45,0.76,-0.47,-31.80,5.13,-23.80,49.23,109.96,-63.92,1
h,2022-10-29 18:20:20.091552,0.46,0.49,-0.51,-35.77,9.03,-26.06,53.58,108.78,-56.16,1
h,2022-10-29 18:20:20.110762,0.46,0.31,-0.46,-34.67,15.87,3.42,53.58,108.78,-56.16,1
h,2022-10-29 18:20:20.129508,0.41,0.24,-0.32,-28.99,20.87,31.07,53.58,108.78,-56.16,1
h,2022-10-29 18:20:20.149079,0.33,0.54,-0.88,36.25,4.88,-9.95,55.35,106.82,-49.79,1
h,2022-10-29 18:20:20.166684,0.41,0.54,-0.40,3.23,9.22,-26.43,55.35,106.82,-49.79,1
h,2022-10-29 18:20:20.186020,-0.57,0.18,0.05,-112.85,-60.73,-28.87,55.35,106.82,-49.79,1
h,2022-10-29 18:20:20.204005,0.07,0.41,-0.39,-10.01,2.01,15.81,53.61,105.94,-51.33,1
h,2022-10-29 18:20:20.222753,0.40,0.53,-0.64,1.77,16.36,22.09,53.61,105.94,-51.33,1
h,2022-10-29 18:20:20.242289,0.42,0.58,-0.74,-5.00,-0.24,18.31,39.73,103.89,-69.70,1
h,2022-10-29 18:20:20.260682,0.56,0.75,-0.89,15.44,-9.64,8.42,39.73,103.89,-69.70,1
h,2022-10-29 18:20:20.279458,0.59,0.87,-0.96,14.47,-5.80,-2.32,39.73,103.89,-69.70,1
h,2022-10-29 18:20:20.298950,0.59,0.91,-0.98,15.93,4.39,-0.85,33.65,114.12,-88.61,1
h,2022-10-29 18:20:20.318064,0.72,0.91,-1.07,6.23,9.28,11.23,33.65,114.12,-88.61,1
h,2022-10-29 18:20:20.336345,0.39,0.81,-0.88,-13.31,2.69,11.47,33.65,114.12,-88.61,1
h,2022-10-29 18:20:20.355626,0.33,0.74,-0.90,23.32,29.79,25.82,36.41,118.23,-93.87,1
h,2022-10-29 18:20:20.374082,0.35,0.78,-0.85,99.37,75.99,38.94,36.41,118.23,-93.87,1
h,2022-10-29 18:20:20.394283,-0.58,0.73,0.29,-100.77,-98.27,-36.99,36.18,110.79,-83.11,1
h,2022-10-29 18:20:20.413170,0.23,0.29,-0.95,11.17,-5.19,-21.55,36.18,110.79,-83.11,1
h,2022-10-29 18:20:20.432237,0.42,0.40,-0.94,12.45,-8.12,-8.97,36.18,110.79,-83.11,1
h,2022-10-29 18:20:20.452326,0.12,0.36,-0.42,-4.03,-35.77,3.11,38.98,99.78,-63.93,1
h,2022-10-29 18:20:20.471420,0.14,0.30,-0.40,-13.00,-35.95,13.67,38.98,99.78,-63.93,1
h,2022-10-29 18:20:20.491007,0.13,0.56,-0.25,-4.64,-26.00,22.77,43.24,96.36,-53.59,1
h,2022-10-29 18:20:20.508367,0.11,0.62,-0.14,33.26,-13.73,28.14,43.24,96.36,-53.59,1
h,2022-10-29 18:20:20.526747,0.33,0.77,-0.20,47.18,7.26,26.25,43.24,96.36,-53.59,1
h,2022-10-29 18:20:20.545652,0.41,0.82,-0.35,28.99,11.47,17.46,35.55,100.65,-65.08,1
h,2022-10-29 18:20:20.563355,0.44,0.87,-0.58,-7.87,5.43,17.64,35.55,100.65,-65.08,1
h,2022-10-29 18:20:20.581604,0.41,0.88,-0.75,-14.16,16.11,19.41,35.55,100.65,-65.08,1
h,2022-10-29 18:20:20.601164,0.35,0.86,-0.82,-5.80,36.50,15.01,32.32,113.82,-84.80,1
h,2022-10-29 18:20:20.619337,0.37,0.81,-0.96,19.17,74.52,12.57,32.32,113.82,-84.80,1
h,2022-10-29 18:20:20.638686,0.14,1.19,-1.43,47.61,53.65,-24.11,43.02,120.20,-92.94,1
