K,2022-11-09 19:25:00.753136,0.08,0.34,0.76,-14.47,8.73,-4.76,92.08,-7.74,-175.11,1
K,2022-11-09 19:25:00.771218,0.04,0.26,0.81,-13.12,3.91,0.37,92.08,-7.74,-175.11,1
K,2022-11-09 19:25:00.790148,0.02,0.32,0.84,-8.42,4.70,8.42,97.25,-7.06,-172.66,1
K,2022-11-09 19:25:00.808233,0.08,0.47,0.77,-16.78,4.46,-0.55,97.25,-7.06,-172.66,1
K,2022-11-09 19:25:00.826234,0.01,0.51,1.35,2.38,-3.85,-5.19,97.25,-7.06,-172.66,1
K,2022-11-09 19:25:00.845343,-0.07,0.36,0.54,-7.14,25.63,-1.77,100.42,-7.56,-170.48,1
K,2022-11-09 19:25:00.863223,0.02,0.39,0.78,1.34,4.88,4.21,100.42,-7.56,-170.48,1
K,2022-11-09 19:25:00.880919,0.02,0.39,0.82,-3.60,15.26,3.54,100.42,-7.56,-170.48,1
K,2022-11-09 19:25:00.900193,0.05,0.39,0.81,-2.50,27.47,2.69,100.93,-7.43,-170.17,1
K,2022-11-09 19:25:00.918184,0.00,0.44,0.63,-2.01,18.07,-0.98,100.93,-7.43,-170.17,1
K,2022-11-09 19:25:00.937263,-0.01,0.28,0.66,11.90,-5.92,0.85,99.24,-7.91,-173.72,1
K,2022-11-09 19:25:00.955178,-0.03,0.38,0.68,14.28,-19.84,12.57,99.24,-7.91,-173.72,1
K,2022-11-09 19:25:00.973317,-0.01,0.39,0.68,19.78,-32.47,14.83,99.24,-7.91,-173.72,1
K,2022-11-09 19:25:00.992091,0.00,0.31,0.78,29.30,-37.60,16.17,89.83,-9.85,-183.75,1
K,2022-11-09 19:25:01.010225,0.00,0.18,0.76,34.00,-36.25,19.47,89.83,-9.85,-183.75,1
K,2022-11-09 19:25:01.028107,-0.02,0.17,0.79,20.26,-42.48,22.16,89.83,-9.85,-183.75,1
K,2022-11-09 19:25:01.047109,-0.01,0.34,0.96,5.43,-37.78,15.26,73.75,-12.35,-194.13,1
K,2022-11-09 19:25:01.065283,0.01,0.41,1.10,-2.62,-32.35,10.80,73.75,-12.35,-194.13,1
K,2022-11-09 19:25:01.084042,0.02,0.43,1.24,-2.99,-24.23,10.13,57.86,-16.47,-202.55,1
K,2022-11-09 19:25:01.102117,0.03,0.42,1.30,-16.36,-14.53,8.06,57.86,-16.47,-202.55,1
K,2022-11-09 19:25:01.120297,-0.01,0.66,1.33,-41.75,-8.97,0.37,57.86,-16.47,-202.55,1
K,2022-11-09 19:25:01.139318,-0.06,0.83,1.25,-16.91,-6.41,1.71,52.80,-20.73,-203.61,1
K,2022-11-09 19:25:01.157239,-0.19,0.77,1.43,3.66,27.53,-24.23,52.80,-20.73,-203.61,1
K,2022-11-09 19:25:01.175134,-0.02,0.70,1.17,2.50,60.91,-36.74,52.80,-20.73,-203.61,1
K,2022-11-09 19:25:01.194023,0.12,0.46,0.87,-14.40,58.65,-52.00,65.95,-17.40,-194.75,1
K,2022-11-09 19:25:01.212061,0.18,0.30,0.86,-10.68,41.44,-42.18,65.95,-17.40,-194.75,1
K,2022-11-09 19:25:01.230091,0.13,0.26,0.87,-11.11,33.75,-32.84,65.95,-17.40,-194.75,1
K,2022-11-09 19:25:01.249192,0.13,0.27,0.79,-12.08,31.31,-27.47,79.09,-12.76,-183.90,1
K,2022-11-09 19:25:01.267206,0.14,0.30,0.65,-27.16,22.52,-29.60,79.09,-12.76,-183.90,1
K,2022-11-09 19:25:01.286136,0.15,0.14,0.48,-23.93,7.87,-19.84,89.16,-10.07,-177.69,1
K,2022-11-09 19:25:01.304216,-1.68,0.13,0.86,-7.32,-12.88,-2.20,89.16,-10.07,-177.69,1
K,2022-11-09 19:25:01.322023,-0.03,0.36,0.40,81.97,8.85,15.69,89.16,-10.07,-177.69,1
K,2022-11-09 19:25:01.341017,0.02,0.20,0.73,35.28,-3.42,7.57,91.81,-5.96,-176.17,1
K,2022-11-09 19:25:01.359168,0.06,0.22,0.74,-44.07,15.14,-10.68,91.81,-5.96,-176.17,1
K,2022-11-09 19:25:01.377143,-0.11,-0.13,0.63,-37.11,1.89,1.16,91.81,-5.96,-176.17,1
K,2022-11-09 19:25:01.395835,0.07,0.18,0.78,20.94,-26.61,46.02,89.75,-9.78,-177.73,1
K,2022-11-09 19:25:01.414037,0.08,0.37,0.94,-1.28,-20.08,35.52,89.75,-9.78,-177.73,1
K,2022-11-09 19:25:01.433104,0.06,0.26,1.06,4.52,-4.33,30.03,83.18,-15.04,-184.25,1
K,2022-11-09 19:25:01.450907,0.10,0.46,1.00,19.90,6.23,37.41,83.18,-15.04,-184.25,1
K,2022-11-09 19:25:01.469072,0.07,0.84,1.00,12.02,7.32,16.48,83.18,-15.04,-184.25,1
K,2022-11-09 19:25:01.488147,0.08,1.21,0.95,-7.75,5.55,-12.57,82.26,-15.63,-190.54,1
K,2022-11-09 19:25:01.506016,0.06,0.73,0.94,39.43,-2.99,6.59,82.26,-15.63,-190.54,1
K,2022-11-09 19:25:01.524118,-0.02,0.81,0.70,102.29,-12.15,34.73,82.26,-15.63,-190.54,1
K,2022-11-09 19:25:01.543008,0.03,0.42,0.90,107.12,-32.90,13.92,80.91,-9.29,-189.64,1
K,2022-11-09 19:25:01.561112,0.01,0.21,0.89,51.03,-25.45,-3.97,80.91,-9.29,-189.64,1
K,2022-11-09 19:25:01.579151,-0.02,0.27,0.80,29.85,-20.81,-5.49,80.91,-9.29,-189.64,1
K,2022-11-09 19:25:01.598199,-0.04,0.17,0.75,6.59,-17.64,-8.48,77.82,-5.27,-190.20,1
K,2022-11-09 19:25:01.616094,-0.07,0.31,0.67,6.04,-17.76,-7.57,77.82,-5.27,-190.20,1
K,2022-11-09 19:25:01.635160,-0.07,0.35,0.64,12.51,-23.99,-8.79,72.17,-5.41,-192.29,1
K,2022-11-09 19:25:01.653167,-0.08,0.36,0.68,18.74,-31.68,-9.09,72.17,-5.41,-192.29,1
K,2022-11-09 19:25:01.671371,-0.08,0.38,0.81,33.63,-33.20,-1.04,72.17,-5.41,-192.29,1
K,2022-11-09 19:25:01.690042,-0.05,0.13,0.99,46.33,-25.88,4.64,61.10,-5.05,-196.28,1
K,2022-11-09 19:25:01.708057,-0.02,-0.04,1.17,43.03,-11.35,8.30,61.10,-5.05,-196.28,1
K,2022-11-09 19:25:01.726107,-0.02,0.04,1.15,25.51,4.15,11.72,61.10,-5.05,-196.28,1
K,2022-11-09 19:25:01.744952,-0.01,0.17,1.22,-1.65,9.40,2.81,53.19,-4.47,-196.62,1
K,2022-11-09 19:25:01.763309,-0.08,0.46,1.14,-3.97,11.60,-7.87,53.19,-4.47,-196.62,1
K,2022-11-09 19:25:01.782102,-0.19,0.48,1.32,-9.22,16.66,-17.64,52.17,-6.07,-195.56,1
K,2022-11-09 19:25:01.800076,-0.22,0.48,1.36,-0.18,34.48,-17.58,52.17,-6.07,-195.56,1
K,2022-11-09 19:25:01.818169,-0.07,0.36,1.15,-0.31,48.03,-26.92,52.17,-6.07,-195.56,1
K,2022-11-09 19:25:01.837120,0.09,0.23,1.00,-1.46,39.73,-32.47,59.27,-3.26,-186.63,1
K,2022-11-09 19:25:01.854869,0.18,0.09,0.94,0.00,27.65,-25.57,59.27,-3.26,-186.63,1
K,2022-11-09 19:25:01.872983,0.21,0.06,0.87,-0.37,19.47,-14.28,59.27,-3.26,-186.63,1
K,2022-11-09 19:25:01.892059,0.23,0.08,0.85,-5.00,10.13,-6.77,64.50,0.33,-178.14,1
K,2022-11-09 19:25:01.910032,0.13,0.08,0.90,-19.23,2.14,-4.39,64.50,0.33,-178.14,1
K,2022-11-09 19:25:01.927910,0.10,0.12,0.86,-27.83,6.65,-4.70,64.50,0.33,-178.14,1
