I,2022-10-20 17:47:45.423978,0.09,0.93,-0.10,-1.40,-9.34,1.71,-27.83,-8.94,-86.10,1
I,2022-10-20 17:47:45.444381,0.08,0.97,-0.12,-9.46,-17.40,-4.09,-27.83,-8.94,-86.10,1
I,2022-10-20 17:47:45.463996,0.06,1.01,-0.18,-8.00,-11.41,-4.46,-27.83,-8.94,-86.10,1
I,2022-10-20 17:47:45.486276,0.03,1.02,-0.14,-5.62,-5.49,-3.36,-29.91,-10.52,-83.67,1
I,2022-10-20 17:47:45.504252,0.05,0.99,-0.04,-1.04,0.43,-5.74,-29.91,-10.52,-83.67,1
I,2022-10-20 17:47:45.524638,0.06,0.97,-0.07,-6.77,-2.75,-7.93,-32.70,-12.28,-84.13,1
I,2022-10-20 17:47:45.544503,0.09,0.97,-0.13,-8.24,-0.85,-9.52,-32.70,-12.28,-84.13,1
I,2022-10-20 17:47:45.565004,0.13,0.93,-0.12,-0.55,6.65,-7.63,-32.70,-12.28,-84.13,1
I,2022-10-20 17:47:45.584517,0.14,0.91,-0.08,-0.55,9.52,-6.04,-33.62,-13.95,-83.19,1
I,2022-10-20 17:47:45.606181,0.11,0.91,-0.13,-0.12,6.59,-10.31,-33.62,-13.95,-83.19,1
I,2022-10-20 17:47:45.626819,0.12,0.95,-0.16,-4.58,2.44,-12.21,-34.40,-15.44,-82.63,1
I,2022-10-20 17:47:45.650278,0.13,0.93,-0.22,-4.76,0.85,-5.98,-34.40,-15.44,-82.63,1
I,2022-10-20 17:47:45.671481,0.14,0.94,-0.23,0.43,2.75,-4.58,-36.11,-16.24,-83.06,1
I,2022-10-20 17:47:45.692824,0.11,0.88,-0.16,-1.04,3.66,3.97,-36.11,-16.24,-83.06,1
I,2022-10-20 17:47:45.714775,0.09,0.85,-0.18,-7.93,-0.79,5.49,-36.11,-16.24,-83.06,1
I,2022-10-20 17:47:45.736178,0.10,0.74,-0.25,29.11,9.64,-1.28,-36.91,-16.26,-83.23,1
I,2022-10-20 17:47:45.757873,0.02,0.94,-0.02,-0.31,-2.50,-10.31,-36.91,-16.26,-83.23,1
I,2022-10-20 17:47:45.779128,0.03,0.84,-0.24,-12.57,-9.22,7.39,-36.35,-15.84,-83.69,1
I,2022-10-20 17:47:45.800775,0.04,0.79,-0.25,-2.99,4.64,18.43,-36.35,-15.84,-83.69,1
I,2022-10-20 17:47:45.824140,0.05,0.80,-0.18,1.59,6.96,25.21,-34.91,-13.82,-83.00,1
I,2022-10-20 17:47:45.844526,0.06,0.83,-0.18,-0.43,4.76,27.65,-34.91,-13.82,-83.00,1
I,2022-10-20 17:47:45.866881,0.10,0.89,-0.18,6.90,7.14,25.39,-34.91,-13.82,-83.00,1
I,2022-10-20 17:47:45.888392,0.10,0.98,-0.15,16.97,6.90,20.69,-32.89,-11.63,-84.99,1
I,2022-10-20 17:47:45.910481,0.12,1.08,-0.15,9.52,1.83,20.69,-32.89,-11.63,-84.99,1
I,2022-10-20 17:47:45.932232,0.13,1.11,-0.23,10.13,5.25,19.10,-30.19,-9.22,-88.37,1
I,2022-10-20 17:47:45.954095,0.13,1.11,-0.24,11.23,8.85,17.15,-30.19,-9.22,-88.37,1
I,2022-10-20 17:47:45.975927,0.13,1.12,-0.22,0.55,8.91,13.31,-28.33,-8.13,-88.29,1
I,2022-10-20 17:47:45.996697,0.12,1.11,-0.24,-3.78,8.48,10.19,-28.33,-8.13,-88.29,1
I,2022-10-20 17:47:46.017902,0.07,1.20,-0.28,-0.73,12.57,7.93,-28.33,-8.13,-88.29,1
I,2022-10-20 17:47:46.039324,0.05,1.21,-0.20,0.92,18.07,20.08,-27.45,-8.72,-88.53,1
I,2022-10-20 17:47:46.060090,0.09,0.86,-0.08,1.95,4.21,-5.86,-27.45,-8.72,-88.53,1
I,2022-10-20 17:47:46.082848,-0.06,1.21,-0.23,-7.08,-10.93,-32.78,-28.63,-9.70,-87.95,1
I,2022-10-20 17:47:46.103907,0.11,1.09,-0.17,7.02,-1.53,-32.17,-28.63,-9.70,-87.95,1
I,2022-10-20 17:47:46.127245,0.14,1.04,-0.13,4.88,7.57,-27.16,-30.62,-11.62,-85.06,1
I,2022-10-20 17:47:46.148103,0.12,0.97,-0.10,1.04,10.25,-28.20,-30.62,-11.62,-85.06,1
I,2022-10-20 17:47:46.168425,0.18,0.95,-0.10,-13.55,9.34,-27.04,-30.62,-11.62,-85.06,1
I,2022-10-20 17:47:46.191599,0.16,0.88,-0.15,-16.05,9.95,-18.55,-32.57,-14.71,-84.88,1
I,2022-10-20 17:47:46.212664,0.16,0.83,-0.17,-11.23,14.16,-16.78,-32.57,-14.71,-84.88,1
I,2022-10-20 17:47:46.234180,0.17,0.83,-0.18,-21.67,10.25,-11.78,-34.12,-17.25,-85.63,1
I,2022-10-20 17:47:46.254461,0.11,0.85,-0.20,-22.16,10.56,-7.20,-34.12,-17.25,-85.63,1
I,2022-10-20 17:47:46.275331,0.11,0.87,-0.15,-25.63,8.91,-2.69,-34.12,-17.25,-85.63,1
I,2022-10-20 17:47:46.295349,0.13,0.82,-0.27,-28.56,4.15,2.69,-35.24,-18.37,-85.71,1
I,2022-10-20 17:47:46.317239,0.11,0.81,-0.37,-20.94,2.75,9.77,-35.24,-18.37,-85.71,1
I,2022-10-20 17:47:46.339141,0.05,0.79,-0.85,18.01,-2.08,4.70,-36.25,-18.42,-86.07,1
I,2022-10-20 17:47:46.361345,0.13,0.94,-0.16,48.52,13.79,-12.02,-36.25,-18.42,-86.07,1
I,2022-10-20 17:47:46.383725,0.12,0.94,-0.37,27.40,-18.37,-4.70,-36.30,-18.31,-85.07,1
I,2022-10-20 17:47:46.406240,0.11,0.92,-0.43,39.31,-23.01,1.28,-36.30,-18.31,-85.07,1
I,2022-10-20 17:47:46.426627,0.14,0.93,-0.22,55.42,-16.78,3.17,-36.30,-18.31,-85.07,1
I,2022-10-20 17:47:46.447732,0.13,0.99,-0.05,58.72,-4.39,1.77,-37.67,-17.70,-83.15,1
I,2022-10-20 17:47:46.469896,0.16,1.00,0.25,25.94,6.41,6.53,-37.67,-17.70,-83.15,1
I,2022-10-20 17:47:46.492185,0.16,0.99,0.25,-10.38,0.37,10.74,-37.21,-18.64,-82.56,1
I,2022-10-20 17:47:46.512513,0.15,0.94,0.01,-52.06,-15.75,11.90,-37.21,-18.64,-82.56,1
I,2022-10-20 17:47:46.536153,0.02,0.94,-0.25,-51.82,-9.46,18.62,-38.18,-18.66,-82.73,1
I,2022-10-20 17:47:46.557806,-0.04,0.75,-0.21,-5.55,41.44,0.37,-38.18,-18.66,-82.73,1
I,2022-10-20 17:47:46.579485,0.02,0.90,-0.08,-1.40,25.82,-6.16,-38.18,-18.66,-82.73,1
I,2022-10-20 17:47:46.601627,0.06,0.88,-0.11,-16.85,19.71,-0.61,-36.12,-18.40,-83.50,1
I,2022-10-20 17:47:46.623047,0.10,0.86,-0.13,-18.01,20.02,8.73,-36.12,-18.40,-83.50,1
I,2022-10-20 17:47:46.644765,0.14,0.78,-0.15,-14.10,21.79,22.89,-32.64,-16.98,-85.60,1
I,2022-10-20 17:47:46.665428,0.16,0.80,-0.21,-18.80,17.58,24.17,-32.64,-16.98,-85.60,1
I,2022-10-20 17:47:46.687587,0.25,0.91,-0.28,-20.81,14.28,27.34,-29.54,-15.38,-85.74,1
I,2022-10-20 17:47:46.708735,0.22,0.95,-0.31,-17.09,16.66,34.30,-29.54,-15.38,-85.74,1
I,2022-10-20 17:47:46.730300,0.22,1.00,-0.28,-13.24,13.61,36.25,-29.54,-15.38,-85.74,1
I,2022-10-20 17:47:46.752940,0.17,1.04,-0.39,-12.08,5.13,31.13,-26.61,-13.70,-88.35,1
I,2022-10-20 17:47:46.774871,0.16,1.06,-0.41,-1.71,9.77,28.56,-26.61,-13.70,-88.35,1
I,2022-10-20 17:47:46.797888,0.10,1.01,-0.29,-2.81,3.05,22.58,-25.26,-10.73,-89.59,1
I,2022-10-20 17:47:46.818875,-0.60,0.92,-0.67,-12.39,-21.73,12.33,-25.26,-10.73,-89.59,1
I,2022-10-20 17:47:46.842216,0.07,1.28,-0.19,56.03,24.72,-27.65,-24.87,-9.79,-90.82,1
I,2022-10-20 17:47:46.862238,0.08,0.99,-0.38,24.60,-10.19,-1.46,-24.87,-9.79,-90.82,1
I,2022-10-20 17:47:46.884894,0.03,0.98,-0.52,26.37,-26.79,-1.34,-26.56,-10.46,-88.42,1
I,2022-10-20 17:47:46.906934,0.03,0.92,-0.25,58.17,-9.28,1.83,-26.56,-10.46,-88.42,1
I,2022-10-20 17:47:46.926042,0.04,0.98,-0.01,60.18,5.80,3.72,-26.56,-10.46,-88.42,1
I,2022-10-20 17:47:46.946408,0.06,1.01,0.19,43.46,19.35,6.29,-28.15,-9.11,-89.03,1
I,2022-10-20 17:47:46.965997,0.07,0.96,0.33,2.08,-1.95,12.27,-28.15,-9.11,-89.03,1
I,2022-10-20 17:47:46.985808,0.05,0.97,-0.12,-51.09,-12.70,11.72,-28.47,-10.33,-88.64,1
I,2022-10-20 17:47:47.006791,0.03,0.97,-0.32,-49.93,-8.97,11.84,-28.47,-10.33,-88.64,1
I,2022-10-20 17:47:47.026006,-0.11,0.95,-0.36,-26.31,-6.29,-1.71,-28.47,-10.33,-88.64,1
I,2022-10-20 17:47:47.048003,-0.06,1.02,-0.53,-0.06,-3.11,-14.28,-29.13,-11.46,-87.56,1
I,2022-10-20 17:47:47.068055,0.08,1.07,-0.25,20.02,6.96,-19.90,-29.13,-11.46,-87.56,1
I,2022-10-20 17:47:47.088399,0.14,1.03,-0.25,16.97,-4.94,-19.96,-29.32,-14.17,-86.80,1
I,2022-10-20 17:47:47.108674,0.16,1.05,-0.27,6.65,-14.95,-18.07,-29.32,-14.17,-86.80,1
I,2022-10-20 17:47:47.127260,0.23,0.97,-0.23,6.77,-18.74,-15.93,-29.32,-14.17,-86.80,1
I,2022-10-20 17:47:47.147494,0.18,0.95,-0.23,5.92,-20.26,-13.37,-31.67,-16.25,-83.63,1
I,2022-10-20 17:47:47.169043,0.15,0.90,-0.16,11.54,-17.64,-8.61,-31.67,-16.25,-83.63,1
