D,2022-10-18 18:59:42.097173,-0.44,0.00,1.06,-48.52,23.19,-24.17,-82.02,20.06,-75.29,1
D,2022-10-18 18:59:42.116184,-0.55,0.20,1.21,-69.09,28.87,-36.01,-75.87,15.43,-106.88,1
D,2022-10-18 18:59:42.134351,-0.43,0.23,1.14,-91.43,43.58,-53.83,-75.87,15.43,-106.88,1
D,2022-10-18 18:59:42.152341,-0.26,0.17,1.04,-102.91,54.57,-63.23,-75.87,15.43,-106.88,1
D,2022-10-18 18:59:42.171326,-0.31,0.39,1.05,-167.18,70.80,-78.00,-62.67,5.43,-138.45,1
D,2022-10-18 18:59:42.189274,-0.18,0.39,0.91,-198.61,78.55,-122.56,-62.67,5.43,-138.45,1
D,2022-10-18 18:59:42.207262,-0.10,0.43,0.80,-175.05,70.37,-121.58,-62.67,5.43,-138.45,1
D,2022-10-18 18:59:42.226450,-0.08,0.40,0.87,-119.69,54.32,-100.40,-44.73,-13.15,-156.63,1
D,2022-10-18 18:59:42.244339,-0.02,0.34,0.87,-80.69,45.59,-60.42,-44.73,-13.15,-156.63,1
D,2022-10-18 18:59:42.263352,-0.03,0.32,0.91,-20.32,41.38,-7.20,-28.17,-20.96,-162.89,1
D,2022-10-18 18:59:42.281339,-0.03,0.54,0.73,-1.59,46.51,7.69,-28.17,-20.96,-162.89,1
D,2022-10-18 18:59:42.299393,0.02,0.43,0.79,-34.18,40.47,-5.00,-28.17,-20.96,-162.89,1
D,2022-10-18 18:59:42.318238,0.05,0.52,0.77,-78.67,27.95,-35.77,-15.22,-23.84,-164.17,1
D,2022-10-18 18:59:42.336364,0.14,0.55,0.67,-108.46,30.88,-55.30,-15.22,-23.84,-164.17,1
D,2022-10-18 18:59:42.354413,0.26,0.35,0.64,-117.80,22.77,-50.17,-15.22,-23.84,-164.17,1
D,2022-10-18 18:59:42.373275,0.18,0.53,0.69,-112.73,17.21,-26.43,-6.12,-30.03,-163.38,1
D,2022-10-18 18:59:42.391216,0.14,0.72,0.64,-99.55,15.75,-16.97,-6.12,-30.03,-163.38,1
D,2022-10-18 18:59:42.410204,0.20,0.73,0.53,-99.67,12.39,-22.64,0.44,-33.07,-160.13,1
D,2022-10-18 18:59:42.428261,0.20,0.64,0.54,-101.62,7.02,-29.36,0.44,-33.07,-160.13,1
D,2022-10-18 18:59:42.446164,0.23,0.54,0.49,-103.88,12.70,-23.44,0.44,-33.07,-160.13,1
D,2022-10-18 18:59:42.465279,0.25,0.62,0.41,-111.63,21.91,-13.43,3.92,-35.90,-158.04,1
D,2022-10-18 18:59:42.483224,0.17,0.93,0.37,-126.95,27.47,-17.82,3.92,-35.90,-158.04,1
D,2022-10-18 18:59:42.501259,0.16,1.00,0.28,-105.04,33.45,-28.81,3.92,-35.90,-158.04,1
D,2022-10-18 18:59:42.520064,0.30,0.75,0.18,-75.13,28.81,-15.56,7.68,-39.05,-155.65,1
D,2022-10-18 18:59:42.538138,0.36,0.77,0.04,-72.75,15.69,-3.66,7.68,-39.05,-155.65,1
D,2022-10-18 18:59:42.556347,0.33,0.84,0.08,-82.21,-2.44,-7.39,7.68,-39.05,-155.65,1
D,2022-10-18 18:59:42.575431,0.29,0.89,0.08,-81.79,-7.87,-16.97,9.47,-40.87,-151.16,1
D,2022-10-18 18:59:42.593350,0.31,0.72,0.07,-77.88,-23.93,-20.87,9.47,-40.87,-151.16,1
D,2022-10-18 18:59:42.612203,0.26,0.61,0.14,-82.52,-37.48,-7.69,9.36,-41.43,-149.17,1
D,2022-10-18 18:59:42.630263,0.13,0.95,0.16,105.83,118.35,74.89,9.36,-41.43,-149.17,1
D,2022-10-18 18:59:42.648125,0.23,1.10,0.11,74.40,145.69,60.18,9.36,-41.43,-149.17,1
D,2022-10-18 18:59:42.666951,0.26,1.08,0.02,79.16,59.75,43.76,10.31,-39.94,-153.08,1
D,2022-10-18 18:59:42.685038,0.20,0.81,0.38,63.11,-16.17,29.72,10.31,-39.94,-153.08,1
D,2022-10-18 18:59:42.703145,0.17,0.78,0.51,3.97,-19.96,14.59,10.31,-39.94,-153.08,1
D,2022-10-18 18:59:42.722151,0.15,0.91,0.41,-35.77,0.73,-0.55,9.24,-38.77,-151.86,1
D,2022-10-18 18:59:42.740120,0.26,0.90,0.25,-76.90,9.03,-27.53,9.24,-38.77,-151.86,1
D,2022-10-18 18:59:42.759115,0.21,0.88,0.21,-84.53,3.30,-21.91,10.84,-40.32,-151.01,1
D,2022-10-18 18:59:42.777371,0.05,1.04,0.27,-70.07,-12.57,-11.66,10.84,-40.32,-151.01,1
D,2022-10-18 18:59:42.795368,0.10,0.99,0.31,-100.65,-53.34,-31.68,10.84,-40.32,-151.01,1
D,2022-10-18 18:59:42.814198,0.15,0.85,0.38,-113.22,-48.83,-36.07,10.57,-42.14,-147.49,1
D,2022-10-18 18:59:42.832095,0.19,0.92,0.14,-118.53,-13.85,-31.37,10.57,-42.14,-147.49,1
D,2022-10-18 18:59:42.850276,0.04,1.22,0.24,-99.55,5.55,-18.31,10.57,-42.14,-147.49,1
D,2022-10-18 18:59:42.869253,0.02,1.18,0.14,-25.21,51.70,-8.24,11.58,-43.82,-146.61,1
D,2022-10-18 18:59:42.887197,0.03,0.97,0.09,-18.98,61.04,-14.04,11.58,-43.82,-146.61,1
D,2022-10-18 18:59:42.905104,0.32,0.88,0.08,-32.35,88.62,-33.94,11.58,-43.82,-146.61,1
D,2022-10-18 18:59:42.924201,0.43,0.91,-0.79,-42.11,106.63,-3.60,12.68,-44.20,-146.67,1
D,2022-10-18 18:59:42.942347,0.24,0.78,-0.36,-39.86,-0.24,25.76,12.68,-44.20,-146.67,1
D,2022-10-18 18:59:42.961256,0.12,0.62,-0.00,-56.46,-33.75,59.14,11.78,-44.14,-144.23,1
D,2022-10-18 18:59:42.979359,0.14,1.10,0.01,-155.94,-31.68,36.19,11.78,-44.14,-144.23,1
D,2022-10-18 18:59:42.997445,0.21,1.26,0.05,-127.81,-18.86,-24.90,11.78,-44.14,-144.23,1
D,2022-10-18 18:59:43.016366,0.21,1.05,-0.36,-112.67,-15.20,-43.21,10.75,-45.74,-141.26,1
D,2022-10-18 18:59:43.034398,0.28,0.95,-0.37,-124.39,-47.67,-40.41,10.75,-45.74,-141.26,1
D,2022-10-18 18:59:43.052204,0.30,0.80,-0.08,-101.75,-73.06,-12.33,10.75,-45.74,-141.26,1
D,2022-10-18 18:59:43.071348,0.23,0.54,0.14,-6.84,-71.17,-4.76,10.91,-46.79,-138.10,1
D,2022-10-18 18:59:43.089226,0.24,0.61,0.18,10.56,-50.66,6.41,10.91,-46.79,-138.10,1
D,2022-10-18 18:59:43.108243,0.24,0.80,0.15,26.06,-22.64,22.95,10.35,-46.17,-138.01,1
D,2022-10-18 18:59:43.126144,0.22,0.91,0.14,52.67,-1.40,32.47,10.35,-46.17,-138.01,1
D,2022-10-18 18:59:43.144057,0.12,0.88,-0.05,16.11,33.51,35.10,10.35,-46.17,-138.01,1
D,2022-10-18 18:59:43.163014,0.11,0.95,-0.16,-10.13,41.69,35.10,9.53,-46.23,-141.30,1
D,2022-10-18 18:59:43.181463,0.13,1.03,-0.21,-9.40,34.18,36.80,9.53,-46.23,-141.30,1
D,2022-10-18 18:59:43.199176,0.19,1.14,-0.15,-2.32,20.14,39.79,9.53,-46.23,-141.30,1
D,2022-10-18 18:59:43.218139,0.11,1.21,-0.12,2.87,16.54,44.13,8.01,-45.26,-141.83,1
D,2022-10-18 18:59:43.236380,-0.01,1.29,-0.14,-5.68,24.48,37.66,8.01,-45.26,-141.83,1
D,2022-10-18 18:59:43.254269,-0.06,1.24,-0.21,10.50,29.91,19.59,8.01,-45.26,-141.83,1
D,2022-10-18 18:59:43.273079,-0.03,1.16,-0.26,26.00,29.42,-0.12,8.20,-45.24,-141.54,1
D,2022-10-18 18:59:43.291024,0.00,1.05,-0.26,23.62,22.71,-16.17,8.20,-45.24,-141.54,1
D,2022-10-18 18:59:43.310037,0.03,0.99,-0.22,14.77,16.66,-10.50,9.12,-45.59,-142.61,1
D,2022-10-18 18:59:43.328159,-0.00,0.97,-0.23,6.10,16.72,-4.27,9.12,-45.59,-142.61,1
D,2022-10-18 18:59:43.346450,-0.01,0.95,-0.24,-3.11,16.54,-2.20,9.12,-45.59,-142.61,1
D,2022-10-18 18:59:43.365360,-0.01,0.95,-0.26,-4.33,12.94,-4.94,9.85,-45.94,-143.62,1
D,2022-10-18 18:59:43.383264,0.01,0.95,-0.22,5.62,2.75,-6.90,9.85,-45.94,-143.62,1
D,2022-10-18 18:59:43.401226,0.03,0.91,-0.17,11.66,-0.24,-4.39,9.85,-45.94,-143.62,1
D,2022-10-18 18:59:43.420074,0.02,0.90,-0.13,9.22,4.70,2.75,9.69,-45.64,-143.44,1
D,2022-10-18 18:59:43.438063,0.04,0.92,-0.15,5.62,11.96,11.72,9.69,-45.64,-143.44,1
D,2022-10-18 18:59:43.457079,0.06,0.94,-0.17,5.74,13.92,18.13,8.26,-45.21,-144.49,1
D,2022-10-18 18:59:43.475243,0.03,1.00,-0.17,-3.30,9.89,17.21,8.26,-45.21,-144.49,1
D,2022-10-18 18:59:43.493131,0.03,1.03,-0.16,-1.77,7.45,15.01,8.26,-45.21,-144.49,1
D,2022-10-18 18:59:43.512211,0.08,1.06,-0.14,-0.98,5.13,11.35,7.59,-44.35,-145.48,1
D,2022-10-18 18:59:43.530017,0.11,1.09,-0.11,-1.59,2.93,8.24,7.59,-44.35,-145.48,1
D,2022-10-18 18:59:43.548201,0.09,1.09,-0.07,-2.56,5.43,3.23,7.59,-44.35,-145.48,1
D,2022-10-18 18:59:43.567447,0.08,1.03,-0.07,-0.06,11.11,-3.48,6.77,-44.03,-145.04,1
D,2022-10-18 18:59:43.585086,0.06,0.98,-0.09,-1.95,16.11,-8.54,6.77,-44.03,-145.04,1
D,2022-10-18 18:59:43.603456,0.03,0.97,-0.13,-2.81,20.45,-11.54,6.77,-44.03,-145.04,1
D,2022-10-18 18:59:43.622275,0.06,0.98,-0.19,-3.72,20.14,-8.36,6.91,-44.23,-143.57,1
D,2022-10-18 18:59:43.640155,0.12,0.95,-0.19,4.82,13.55,-2.32,6.91,-44.23,-143.57,1
D,2022-10-18 18:59:43.659032,0.09,0.94,-0.14,5.92,7.69,4.94,7.12,-44.26,-144.92,1
D,2022-10-18 18:59:43.677027,0.05,0.93,-0.10,6.71,6.77,5.74,7.12,-44.26,-144.92,1
D,2022-10-18 18:59:43.695057,0.03,0.91,-0.11,5.86,10.01,-0.61,7.12,-44.26,-144.92,1
D,2022-10-18 18:59:43.714063,0.05,0.95,-0.13,11.11,11.96,-0.18,7.18,-43.43,-145.45,1
D,2022-10-18 18:59:43.732109,0.05,0.95,-0.19,9.89,9.77,1.53,7.18,-43.43,-145.45,1
D,2022-10-18 18:59:43.750024,0.05,0.94,-0.18,8.67,4.33,4.33,7.18,-43.43,-145.45,1
D,2022-10-18 18:59:43.769121,0.01,0.90,-0.16,9.58,-0.61,7.63,6.36,-43.33,-145.20,1
D,2022-10-18 18:59:43.787106,0.04,0.88,-0.17,17.03,-7.08,18.92,6.36,-43.33,-145.20,1
D,2022-10-18 18:59:43.806133,0.05,0.95,-0.11,16.91,-13.98,21.30,5.26,-42.83,-145.53,1
D,2022-10-18 18:59:43.824119,0.04,1.00,-0.08,20.69,-14.16,21.55,5.26,-42.83,-145.53,1
D,2022-10-18 18:59:43.842231,0.04,1.04,-0.10,19.41,-12.45,14.53,5.26,-42.83,-145.53,1
D,2022-10-18 18:59:43.861148,0.03,0.99,-0.08,13.06,-12.63,-0.43,4.26,-41.09,-146.57,1
D,2022-10-18 18:59:43.879294,0.02,0.91,-0.08,17.64,-9.95,1.95,4.26,-41.09,-146.57,1
D,2022-10-18 18:59:43.897274,0.01,0.92,-0.09,18.13,-11.60,2.62,4.26,-41.09,-146.57,1
D,2022-10-18 18:59:43.916251,0.04,0.95,-0.05,18.80,-14.77,6.47,3.38,-39.78,-146.70,1
D,2022-10-18 18:59:43.934079,0.02,1.00,-0.02,18.43,-9.89,21.55,3.38,-39.78,-146.70,1
D,2022-10-18 18:59:43.952318,0.03,1.05,-0.08,12.02,-9.34,25.21,3.38,-39.78,-146.70,1
