q,2022-10-16 17:25:37.376100,0.30,0.76,0.56,-12.94,-9.83,-13.00,-29.76,85.91,18.57,1
q,2022-10-16 17:25:37.376100,0.26,0.79,0.54,-14.71,-10.86,-18.31,-29.76,85.91,18.57,1
q,2022-10-16 17:25:37.391726,0.26,0.79,0.54,-14.53,-11.29,-23.50,-29.76,85.91,18.57,1
q,2022-10-16 17:25:37.391726,0.23,0.81,0.54,-10.93,-11.17,-27.95,-29.76,85.91,18.57,1
q,2022-10-16 17:25:37.407363,0.25,0.82,0.53,-7.57,-11.23,-31.31,-29.76,85.91,18.57,1
q,2022-10-16 17:25:37.407363,0.25,0.82,0.53,-6.04,-11.23,-33.51,-31.27,87.77,19.02,1
q,2022-10-16 17:25:37.429495,0.28,0.76,0.49,-7.45,-11.05,-35.89,-31.27,87.77,19.02,1
q,2022-10-16 17:25:37.438999,0.29,0.76,0.52,-11.05,-10.50,-39.12,-31.27,87.77,19.02,1
q,2022-10-16 17:25:37.438999,0.27,0.74,0.57,-13.31,-10.19,-41.69,-31.27,87.77,19.02,1
q,2022-10-16 17:25:37.455789,0.23,0.71,0.63,-14.77,-10.19,-42.54,-31.27,87.77,19.02,1
q,2022-10-16 17:25:37.460106,0.23,0.70,0.63,-15.87,-9.77,-41.87,-31.27,87.77,19.02,1
q,2022-10-16 17:25:37.470613,0.26,0.69,0.62,-13.98,-8.06,-40.41,-33.64,89.86,16.82,1
q,2022-10-16 17:25:37.470613,0.33,0.66,0.61,-11.84,-5.49,-39.25,-33.64,89.86,16.82,1
q,2022-10-16 17:25:37.486263,0.40,0.65,0.63,-12.21,-3.11,-37.35,-33.64,89.86,16.82,1
q,2022-10-16 17:25:37.501874,0.45,0.65,0.66,-13.61,-1.22,-34.97,-33.64,89.86,16.82,1
q,2022-10-16 17:25:37.501874,0.47,0.63,0.64,-19.53,0.24,-30.70,-33.64,89.86,16.82,1
q,2022-10-16 17:25:37.517500,0.43,0.61,0.64,-24.60,1.53,-26.06,-35.94,92.03,15.23,1
q,2022-10-16 17:25:37.517500,0.36,0.63,0.63,-32.65,1.16,-14.83,-35.94,92.03,15.23,1
q,2022-10-16 17:25:37.533525,0.32,0.65,0.60,-32.65,1.16,-14.83,-35.94,92.03,15.23,1
q,2022-10-16 17:25:37.533525,-0.83,0.88,0.52,-47.97,1.40,-9.58,-35.94,92.03,15.23,1
q,2022-10-16 17:25:37.549154,0.41,0.81,0.66,4.03,13.61,-2.44,-35.94,92.03,15.23,1
q,2022-10-16 17:25:37.549154,0.29,0.70,0.62,4.03,13.61,-2.44,-35.94,92.03,15.23,1
q,2022-10-16 17:25:37.564800,0.30,0.54,0.79,0.92,14.47,-3.30,-36.62,92.91,14.22,1
q,2022-10-16 17:25:37.564800,0.35,0.52,0.77,-25.88,-0.92,-11.17,-36.62,92.91,14.22,1
q,2022-10-16 17:25:37.580418,0.33,0.49,0.64,-44.68,-3.91,-15.26,-36.62,92.91,14.22,1
q,2022-10-16 17:25:37.580418,0.34,0.60,0.58,-63.66,-3.85,-13.73,-36.62,92.91,14.22,1
q,2022-10-16 17:25:37.596044,0.27,0.75,0.51,-70.74,-0.37,-4.88,-36.62,92.91,14.22,1
q,2022-10-16 17:25:37.596044,0.27,0.75,0.51,-70.74,-0.37,-4.88,-36.62,92.91,14.22,1
q,2022-10-16 17:25:37.611671,0.20,0.89,0.52,-69.27,3.42,42.72,-34.40,91.38,13.95,1
q,2022-10-16 17:25:37.627285,0.19,0.87,0.57,-43.64,4.82,52.92,-34.40,91.38,13.95,1
q,2022-10-16 17:25:37.629803,0.17,0.83,0.53,-35.71,2.75,72.57,-34.40,91.38,13.95,1
q,2022-10-16 17:25:37.643309,0.20,0.69,0.50,-35.10,-1.34,85.08,-34.40,91.38,13.95,1
q,2022-10-16 17:25:37.643309,0.16,0.62,0.53,-43.46,-6.96,90.09,-34.40,91.38,13.95,1
q,2022-10-16 17:25:37.658942,0.16,0.62,0.53,-52.12,-14.77,91.80,-34.40,91.38,13.95,1
q,2022-10-16 17:25:37.658942,0.17,0.65,0.43,-58.78,-21.48,89.60,-29.05,89.29,14.69,1
q,2022-10-16 17:25:37.674591,0.18,0.83,0.34,-57.43,-26.98,84.72,-29.05,89.29,14.69,1
q,2022-10-16 17:25:37.674591,0.23,0.96,0.31,-46.69,-31.80,75.01,-29.05,89.29,14.69,1
q,2022-10-16 17:25:37.690207,0.25,1.09,0.19,-34.36,-35.52,61.83,-29.05,89.29,14.69,1
q,2022-10-16 17:25:37.705820,0.23,1.22,0.16,-17.94,-33.75,45.90,-29.05,89.29,14.69,1
q,2022-10-16 17:25:37.705820,0.22,1.26,0.15,1.04,-28.44,34.00,-29.05,89.29,14.69,1
q,2022-10-16 17:25:37.721445,0.25,1.22,0.19,25.02,-22.22,25.63,-27.08,87.87,15.10,1
q,2022-10-16 17:25:37.729953,0.26,1.14,0.28,43.27,-14.71,18.13,-27.08,87.87,15.10,1
q,2022-10-16 17:25:37.737461,0.27,1.07,0.39,55.73,-6.71,10.01,-27.08,87.87,15.10,1
q,2022-10-16 17:25:37.737461,0.27,0.95,0.48,63.29,-2.50,0.79,-27.08,87.87,15.10,1
q,2022-10-16 17:25:37.753095,0.29,0.84,0.56,67.57,-1.71,-11.72,-27.08,87.87,15.10,1
q,2022-10-16 17:25:37.753095,0.31,0.77,0.61,64.94,-2.69,-30.03,-27.08,87.87,15.10,1
q,2022-10-16 17:25:37.768720,0.35,0.77,0.57,47.36,-4.82,-50.23,-29.77,89.56,15.28,1
q,2022-10-16 17:25:37.768720,0.37,0.85,0.53,27.10,-4.88,-68.66,-29.77,89.56,15.28,1
q,2022-10-16 17:25:37.784358,0.41,0.85,0.50,15.44,-0.79,-81.54,-29.77,89.56,15.28,1
q,2022-10-16 17:25:37.799972,0.40,0.81,0.49,6.23,6.29,-89.72,-29.77,89.56,15.28,1
q,2022-10-16 17:25:37.799972,0.39,0.80,0.51,-5.37,14.77,-93.87,-29.77,89.56,15.28,1
q,2022-10-16 17:25:37.815597,0.34,0.82,0.58,-11.78,22.46,-93.08,-29.77,89.56,15.28,1
q,2022-10-16 17:25:37.815597,0.28,0.83,0.60,-12.82,27.16,-84.66,-33.90,91.09,13.77,1
q,2022-10-16 17:25:37.831622,0.24,0.78,0.60,-10.74,29.42,-69.21,-33.90,91.09,13.77,1
q,2022-10-16 17:25:37.831622,0.10,0.66,0.64,-8.18,29.91,-36.13,-33.90,91.09,13.77,1
q,2022-10-16 17:25:37.847264,0.05,0.64,0.69,-12.70,7.32,-14.83,-33.90,91.09,13.77,1
q,2022-10-16 17:25:37.847264,0.11,0.65,0.69,-12.70,7.32,-14.83,-33.90,91.09,13.77,1
q,2022-10-16 17:25:37.862890,0.08,0.58,0.71,-20.63,-2.38,0.18,-33.90,91.09,13.77,1
q,2022-10-16 17:25:37.862890,0.29,0.46,0.53,-10.74,-15.63,7.08,-35.55,91.19,12.54,1
q,2022-10-16 17:25:37.878506,0.29,0.53,0.36,-13.67,-18.43,-8.73,-35.55,91.19,12.54,1
q,2022-10-16 17:25:37.894132,0.28,0.57,0.32,-32.10,-13.00,-13.61,-35.55,91.19,12.54,1
q,2022-10-16 17:25:37.894132,-0.06,0.71,0.35,-72.45,-12.33,3.17,-35.55,91.19,12.54,1
q,2022-10-16 17:25:37.909757,-0.03,0.92,0.54,-71.35,-17.58,39.98,-35.55,91.19,12.54,1
q,2022-10-16 17:25:37.909757,0.02,0.73,0.68,-43.88,-24.60,68.18,-33.28,89.26,11.83,1
q,2022-10-16 17:25:37.930402,0.06,0.81,0.59,-15.38,-37.29,88.93,-33.28,89.26,11.83,1
q,2022-10-16 17:25:37.930402,0.14,0.90,0.46,7.39,-51.70,107.67,-33.28,89.26,11.83,1
q,2022-10-16 17:25:37.941422,0.23,0.85,0.44,36.32,-62.13,120.79,-33.28,89.26,11.83,1
q,2022-10-16 17:25:37.941422,0.26,0.78,0.40,66.96,-68.48,122.74,-33.28,89.26,11.83,1
q,2022-10-16 17:25:37.957069,0.27,0.77,0.36,82.40,-72.27,116.03,-33.28,89.26,11.83,1
q,2022-10-16 17:25:37.972679,0.27,0.77,0.28,86.61,-73.36,104.68,-29.17,86.90,16.81,1
q,2022-10-16 17:25:37.977329,0.25,0.71,0.28,84.96,-68.36,89.78,-29.17,86.90,16.81,1
q,2022-10-16 17:25:37.988335,0.23,0.73,0.38,76.11,-57.98,73.30,-29.17,86.90,16.81,1
q,2022-10-16 17:25:37.988335,0.23,0.74,0.44,56.46,-47.42,58.72,-29.17,86.90,16.81,1
q,2022-10-16 17:25:38.003966,0.23,0.77,0.44,38.21,-37.66,45.72,-29.17,86.90,16.81,1
q,2022-10-16 17:25:38.003966,0.22,0.88,0.51,19.47,-26.61,30.94,-29.17,86.90,16.81,1
q,2022-10-16 17:25:38.019594,0.22,0.91,0.56,4.03,-16.60,17.21,-26.07,85.16,19.73,1
q,2022-10-16 17:25:38.030602,0.21,1.01,0.56,-8.18,-8.12,4.15,-26.07,85.16,19.73,1
q,2022-10-16 17:25:38.035623,0.21,1.13,0.56,-16.42,-0.49,-4.76,-26.07,85.16,19.73,1
q,2022-10-16 17:25:38.051253,0.19,1.18,0.52,-18.43,8.18,-8.30,-26.07,85.16,19.73,1
q,2022-10-16 17:25:38.051253,0.12,1.26,0.66,-14.34,16.54,-7.14,-26.07,85.16,19.73,1
q,2022-10-16 17:25:38.066878,0.12,1.19,0.69,-2.69,15.50,3.54,-26.07,85.16,19.73,1
q,2022-10-16 17:25:38.066878,0.13,1.11,0.61,17.09,10.13,15.01,-25.92,86.24,19.51,1
q,2022-10-16 17:25:38.082506,0.25,0.88,0.31,42.79,25.70,4.27,-25.92,86.24,19.51,1
q,2022-10-16 17:25:38.082506,0.20,0.86,0.39,42.79,25.70,4.27,-25.92,86.24,19.51,1
q,2022-10-16 17:25:38.098132,0.18,0.81,0.45,56.21,43.03,-13.73,-25.92,86.24,19.51,1
q,2022-10-16 17:25:38.098132,0.13,0.71,0.48,42.36,50.96,-31.37,-25.92,86.24,19.51,1
q,2022-10-16 17:25:38.113758,0.08,0.63,0.60,16.60,50.78,-47.67,-25.92,86.24,19.51,1
q,2022-10-16 17:25:38.113758,0.10,0.59,0.74,-7.20,40.89,-59.57,-28.45,87.72,18.57,1
q,2022-10-16 17:25:38.130914,0.14,0.74,0.76,-35.16,11.23,-67.32,-28.45,87.72,18.57,1
q,2022-10-16 17:25:38.145421,0.14,0.92,0.65,-29.79,2.93,-57.62,-28.45,87.72,18.57,1
q,2022-10-16 17:25:38.145421,0.12,1.04,0.62,-14.34,-1.10,-39.37,-28.45,87.72,18.57,1
q,2022-10-16 17:25:38.161053,0.12,1.04,0.62,5.25,-3.78,-18.86,-28.45,87.72,18.57,1
q,2022-10-16 17:25:38.161053,0.13,0.97,0.63,22.83,-6.77,-1.28,-31.25,89.15,18.33,1
q,2022-10-16 17:25:38.176678,0.15,0.78,0.60,41.02,-8.30,13.18,-31.25,89.15,18.33,1
q,2022-10-16 17:25:38.176678,0.15,0.78,0.60,56.95,-8.73,24.48,-31.25,89.15,18.33,1
q,2022-10-16 17:25:38.192305,0.17,0.57,0.57,68.60,-8.36,32.17,-31.25,89.15,18.33,1
q,2022-10-16 17:25:38.192305,0.17,0.57,0.57,68.60,-8.36,32.17,-31.25,89.15,18.33,1
q,2022-10-16 17:25:38.207931,0.18,0.35,0.65,74.22,-6.35,36.38,-31.25,89.15,18.33,1
q,2022-10-16 17:25:38.207931,0.17,0.32,0.62,63.29,-7.14,28.08,-31.25,89.15,18.33,1
q,2022-10-16 17:25:38.223584,0.16,0.38,0.54,40.41,-8.79,1.65,-32.91,90.66,17.97,1
q,2022-10-16 17:25:38.231103,0.16,0.49,0.52,10.19,-5.68,-6.65,-32.91,90.66,17.97,1
q,2022-10-16 17:25:38.239627,0.15,0.73,0.53,0.49,-3.42,-11.35,-32.91,90.66,17.97,1
q,2022-10-16 17:25:38.239627,0.15,0.73,0.53,-3.97,-1.34,-12.70,-32.91,90.66,17.97,1
q,2022-10-16 17:25:38.255269,0.15,0.87,0.57,-0.98,1.16,-9.70,-32.91,90.66,17.97,1
q,2022-10-16 17:25:38.255269,0.15,0.87,0.57,-0.98,1.16,-9.70,-32.91,90.66,17.97,1
q,2022-10-16 17:25:38.270895,0.17,0.80,0.61,4.88,2.56,-6.10,-32.34,90.12,18.65,1
q,2022-10-16 17:25:38.270895,0.16,0.79,0.59,8.18,2.56,-3.54,-32.34,90.12,18.65,1
q,2022-10-16 17:25:38.286523,0.17,0.78,0.64,8.18,2.56,-3.54,-32.34,90.12,18.65,1
q,2022-10-16 17:25:38.302136,0.17,0.77,0.67,9.40,1.71,-2.81,-32.34,90.12,18.65,1
q,2022-10-16 17:25:38.302136,0.17,0.72,0.67,8.97,-0.37,-2.38,-32.34,90.12,18.65,1
q,2022-10-16 17:25:38.317761,0.17,0.77,0.67,8.97,-0.37,-2.38,-32.34,90.12,18.65,1
q,2022-10-16 17:25:38.317761,0.17,0.75,0.64,6.59,-4.15,-1.53,-31.98,90.23,18.87,1
q,2022-10-16 17:25:38.333775,0.17,0.71,0.65,9.52,-5.98,-2.14,-31.98,90.23,18.87,1
q,2022-10-16 17:25:38.333775,0.17,0.69,0.66,8.24,-7.63,-3.54,-31.98,90.23,18.87,1
q,2022-10-16 17:25:38.349406,0.17,0.69,0.63,6.04,-8.36,-4.70,-31.98,90.23,18.87,1
q,2022-10-16 17:25:38.349406,0.17,0.74,0.60,4.09,-8.85,-5.49,-31.98,90.23,18.87,1
q,2022-10-16 17:25:38.365032,0.17,0.74,0.60,3.17,-8.91,-5.68,-31.98,90.23,18.87,1
q,2022-10-16 17:25:38.365032,0.16,0.73,0.59,3.48,-8.00,-5.74,-32.39,89.42,19.23,1
q,2022-10-16 17:25:38.380670,0.16,0.75,0.58,2.56,-7.45,-5.80,-32.39,89.42,19.23,1
q,2022-10-16 17:25:38.396286,0.16,0.75,0.56,2.87,-6.53,-5.80,-32.39,89.42,19.23,1
q,2022-10-16 17:25:38.396286,0.16,0.75,0.56,3.78,-5.13,-5.43,-32.39,89.42,19.23,1
q,2022-10-16 17:25:38.411910,0.16,0.76,0.58,4.21,-3.48,-5.19,-32.39,89.42,19.23,1
q,2022-10-16 17:25:38.411910,0.16,0.76,0.57,3.17,-2.08,-4.76,-32.25,89.60,19.78,1
q,2022-10-16 17:25:38.431544,0.17,0.75,0.60,3.42,-0.61,-4.33,-32.25,89.60,19.78,1
q,2022-10-16 17:25:38.431544,0.17,0.74,0.62,2.56,0.12,-3.85,-32.25,89.60,19.78,1
q,2022-10-16 17:25:38.443622,0.17,0.73,0.64,1.40,0.24,-3.48,-32.25,89.60,19.78,1
q,2022-10-16 17:25:38.443622,0.17,0.72,0.64,-0.18,-0.37,-3.36,-32.25,89.60,19.78,1
q,2022-10-16 17:25:38.459269,0.17,0.72,0.63,-2.01,-1.40,-3.54,-32.25,89.60,19.78,1
q,2022-10-16 17:25:38.474880,0.17,0.70,0.65,-5.00,-1.89,-3.42,-31.87,89.20,20.35,1
q,2022-10-16 17:25:38.474880,0.17,0.70,0.65,-9.77,-2.81,-3.85,-31.87,89.20,20.35,1
q,2022-10-16 17:25:38.493502,0.17,0.71,0.63,-15.63,-4.03,-4.46,-31.87,89.20,20.35,1
q,2022-10-16 17:25:38.495455,0.17,0.73,0.63,-21.36,-5.07,-4.88,-31.87,89.20,20.35,1
q,2022-10-16 17:25:38.506460,0.17,0.78,0.61,-21.36,-5.07,-4.88,-31.87,89.20,20.35,1
q,2022-10-16 17:25:38.506460,0.16,0.83,0.58,-28.08,-5.07,-2.01,-31.87,89.20,20.35,1
q,2022-10-16 17:25:38.522110,0.16,0.85,0.56,-28.08,-5.07,-2.01,-32.24,89.44,19.57,1
q,2022-10-16 17:25:38.532118,0.15,0.84,0.55,-20.69,-1.04,3.54,-32.24,89.44,19.57,1
q,2022-10-16 17:25:38.538136,0.13,0.82,0.53,-12.15,2.81,3.11,-32.24,89.44,19.57,1
q,2022-10-16 17:25:38.538136,0.06,0.72,0.53,0.61,8.79,-7.26,-32.24,89.44,19.57,1
q,2022-10-16 17:25:38.553781,-0.17,0.68,0.50,3.05,15.26,-21.00,-32.24,89.44,19.57,1
q,2022-10-16 17:25:38.553781,-0.17,0.68,0.50,3.05,15.26,-21.00,-32.24,89.44,19.57,1
q,2022-10-16 17:25:38.569410,-0.00,0.88,0.50,14.53,23.07,-30.82,-32.46,88.49,19.01,1
q,2022-10-16 17:25:38.585020,0.13,0.88,0.51,26.98,35.52,-37.48,-32.46,88.49,19.01,1
q,2022-10-16 17:25:38.585020,0.22,0.82,0.60,25.57,36.56,-37.41,-32.46,88.49,19.01,1
q,2022-10-16 17:25:38.600645,0.22,0.82,0.60,25.57,36.56,-37.41,-32.46,88.49,19.01,1
q,2022-10-16 17:25:38.600645,0.26,0.83,0.60,19.53,34.36,-35.40,-32.46,88.49,19.01,1
q,2022-10-16 17:25:38.616283,0.28,0.82,0.59,16.17,31.25,-33.51,-32.46,88.49,19.01,1
q,2022-10-16 17:25:38.616283,0.30,0.80,0.58,12.76,27.22,-33.02,-34.97,87.02,18.96,1
q,2022-10-16 17:25:38.632423,0.30,0.79,0.57,3.72,15.63,-38.15,-34.97,87.02,18.96,1
q,2022-10-16 17:25:38.632423,0.30,0.82,0.55,1.53,9.40,-41.44,-34.97,87.02,18.96,1
q,2022-10-16 17:25:38.647946,0.32,0.85,0.52,2.62,4.03,-43.46,-34.97,87.02,18.96,1
q,2022-10-16 17:25:38.647946,0.34,0.80,0.50,6.04,-0.67,-44.43,-34.97,87.02,18.96,1
q,2022-10-16 17:25:38.663589,0.34,0.80,0.50,8.42,-4.88,-44.56,-34.97,87.02,18.96,1
