E,2022-10-18 18:03:31.357215,-0.06,0.36,0.90,-18.01,6.04,10.25,10.56,5.33,-120.94,1
E,2022-10-18 18:03:31.376267,0.12,0.52,0.84,-57.43,-23.74,-45.23,11.18,4.43,-122.09,1
E,2022-10-18 18:03:31.394532,0.07,0.48,0.84,-30.58,-6.35,-4.76,11.18,4.43,-122.09,1
E,2022-10-18 18:03:31.412220,0.14,0.34,0.88,-4.15,10.56,24.11,11.18,4.43,-122.09,1
E,2022-10-18 18:03:31.431167,0.08,0.32,0.82,-1.95,15.81,26.31,11.56,5.10,-122.96,1
E,2022-10-18 18:03:31.449382,0.26,0.08,1.07,8.18,2.26,24.41,11.56,5.10,-122.96,1
E,2022-10-18 18:03:31.467385,0.04,0.21,0.73,9.64,-44.37,-3.05,11.56,5.10,-122.96,1
E,2022-10-18 18:03:31.486300,0.07,0.12,0.76,-17.09,-49.68,-14.40,13.78,4.83,-123.83,1
E,2022-10-18 18:03:31.504387,0.07,0.13,0.74,-32.10,-57.43,-7.45,13.78,4.83,-123.83,1
E,2022-10-18 18:03:31.522217,0.07,0.24,0.78,-32.90,-67.32,0.79,13.78,4.83,-123.83,1
E,2022-10-18 18:03:31.541278,0.02,0.28,0.83,-26.31,-73.85,6.23,19.51,1.66,-125.28,1
E,2022-10-18 18:03:31.559244,0.04,0.27,0.83,-17.33,-79.35,19.71,19.51,1.66,-125.28,1
E,2022-10-18 18:03:31.578360,-0.04,0.60,1.13,-19.47,-64.09,21.55,26.62,-4.47,-130.59,1
E,2022-10-18 18:03:31.596457,-0.06,0.76,1.27,-25.63,-33.02,-2.44,26.62,-4.47,-130.59,1
E,2022-10-18 18:03:31.614638,-0.05,0.67,1.29,-5.43,-7.02,-4.58,26.62,-4.47,-130.59,1
E,2022-10-18 18:03:31.633549,-0.12,0.59,1.30,4.58,16.36,-2.01,27.48,-7.23,-133.11,1
E,2022-10-18 18:03:31.651278,-0.24,0.65,1.40,17.58,62.13,1.89,27.48,-7.23,-133.11,1
E,2022-10-18 18:03:31.669280,-0.12,0.63,1.29,34.00,91.00,2.14,27.48,-7.23,-133.11,1
E,2022-10-18 18:03:31.688383,-0.01,0.41,1.10,40.47,102.54,-1.34,24.76,-5.02,-130.59,1
E,2022-10-18 18:03:31.706251,0.13,0.26,0.98,38.76,93.57,-6.10,24.76,-5.02,-130.59,1
E,2022-10-18 18:03:31.725276,0.25,0.22,0.88,19.47,76.11,-14.28,15.63,-1.32,-128.97,1
E,2022-10-18 18:03:31.743191,0.26,0.15,0.82,14.89,68.05,-14.16,15.63,-1.32,-128.97,1
E,2022-10-18 18:03:31.761285,0.37,0.09,0.62,16.85,59.39,-5.13,15.63,-1.32,-128.97,1
E,2022-10-18 18:03:31.780105,0.47,0.10,0.51,11.47,34.97,0.43,9.56,1.35,-130.11,1
E,2022-10-18 18:03:31.798193,0.41,0.18,0.50,-6.53,-2.87,2.93,9.56,1.35,-130.11,1
E,2022-10-18 18:03:31.816361,0.33,0.31,0.53,-12.76,-18.37,1.65,9.56,1.35,-130.11,1
E,2022-10-18 18:03:31.835307,0.22,0.37,0.60,-19.35,-27.16,-5.25,7.79,4.28,-128.82,1
E,2022-10-18 18:03:31.853237,0.10,0.46,0.68,-29.11,-33.39,-15.81,7.79,4.28,-128.82,1
E,2022-10-18 18:03:31.871304,0.00,0.54,0.74,-33.33,-38.70,-28.63,7.79,4.28,-128.82,1
E,2022-10-18 18:03:31.890106,0.00,0.67,1.10,46.20,47.24,35.28,9.42,6.59,-123.16,1
E,2022-10-18 18:03:31.908249,0.03,0.49,0.85,33.45,-10.13,-8.97,9.42,6.59,-123.16,1
E,2022-10-18 18:03:31.927251,0.03,0.63,0.87,-13.00,-42.66,-96.01,7.18,6.82,-123.90,1
E,2022-10-18 18:03:31.945308,0.12,0.66,0.90,-13.00,-42.66,-116.15,7.18,6.82,-123.90,1
E,2022-10-18 18:03:31.963251,0.20,0.51,0.89,33.45,-21.91,-71.84,7.18,6.82,-123.90,1
E,2022-10-18 18:03:31.982267,0.15,0.19,0.93,60.36,-9.58,-41.08,-2.17,8.22,-124.84,1
E,2022-10-18 18:03:32.000525,0.20,-0.07,0.92,68.30,0.12,-15.63,-2.17,8.22,-124.84,1
E,2022-10-18 18:03:32.018258,0.19,-0.34,0.98,44.62,2.20,-8.67,-2.17,8.22,-124.84,1
E,2022-10-18 18:03:32.037313,0.18,-0.43,0.98,6.71,-2.81,-2.87,-11.22,8.34,-122.81,1
E,2022-10-18 18:03:32.055641,-0.05,-0.28,1.12,-6.77,-0.55,30.94,-11.22,8.34,-122.81,1
E,2022-10-18 18:03:32.074329,-0.00,-0.21,1.02,11.90,18.98,64.09,-7.19,6.69,-124.29,1
E,2022-10-18 18:03:32.092272,0.19,-0.27,0.85,10.44,24.29,72.14,-7.19,6.69,-124.29,1
E,2022-10-18 18:03:32.110257,0.21,-0.12,0.82,-13.85,8.91,61.40,-7.19,6.69,-124.29,1
E,2022-10-18 18:03:32.129203,0.22,0.15,0.84,-24.96,-2.20,69.34,6.32,1.98,-126.73,1
E,2022-10-18 18:03:32.147218,0.33,0.61,0.78,-26.79,-8.06,55.66,6.32,1.98,-126.73,1
E,2022-10-18 18:03:32.165310,0.33,0.72,0.77,-32.59,-17.21,27.16,6.32,1.98,-126.73,1
E,2022-10-18 18:03:32.184303,0.29,0.78,0.77,-29.05,-26.49,11.96,14.48,0.05,-128.60,1
E,2022-10-18 18:03:32.202309,0.26,0.79,0.76,-21.55,-33.94,-9.16,14.48,0.05,-128.60,1
E,2022-10-18 18:03:32.220322,0.20,0.78,0.75,-20.69,-39.61,-25.02,14.48,0.05,-128.60,1
E,2022-10-18 18:03:32.239430,-0.92,0.53,1.23,-14.16,-51.27,-39.92,18.68,-0.15,-126.89,1
E,2022-10-18 18:03:32.257207,0.16,0.68,1.23,128.30,67.57,74.10,18.68,-0.15,-126.89,1
E,2022-10-18 18:03:32.276110,0.11,-0.03,0.96,157.96,30.46,64.88,20.65,-1.33,-121.59,1
E,2022-10-18 18:03:32.294409,-0.03,0.51,0.99,-65.06,-47.85,-114.20,20.65,-1.33,-121.59,1
E,2022-10-18 18:03:32.312293,0.06,0.52,0.98,-76.42,-23.07,-127.81,20.65,-1.33,-121.59,1
E,2022-10-18 18:03:32.331297,0.13,0.43,0.91,-43.09,-8.73,-100.77,13.48,2.09,-121.47,1
E,2022-10-18 18:03:32.349439,0.05,0.25,0.86,-11.29,-20.14,-77.70,13.48,2.09,-121.47,1
E,2022-10-18 18:03:32.367296,0.11,0.13,0.84,37.84,-6.96,-17.58,13.48,2.09,-121.47,1
E,2022-10-18 18:03:32.386186,0.11,-0.23,0.92,38.94,-0.37,1.10,7.81,4.64,-118.86,1
E,2022-10-18 18:03:32.404269,0.01,-0.36,1.00,11.72,-5.49,6.59,7.81,4.64,-118.86,1
E,2022-10-18 18:03:32.423275,-0.15,-0.36,1.14,-5.68,1.65,25.02,9.52,2.40,-120.40,1
E,2022-10-18 18:03:32.441313,-0.05,-0.25,1.11,-8.67,25.09,62.99,9.52,2.40,-120.40,1
E,2022-10-18 18:03:32.459205,0.17,0.01,0.90,-17.46,22.71,61.52,9.52,2.40,-120.40,1
E,2022-10-18 18:03:32.478133,0.29,0.25,0.82,-31.07,13.92,54.81,16.56,-2.43,-125.79,1
E,2022-10-18 18:03:32.496321,0.35,0.50,0.76,-37.05,-4.15,36.19,16.56,-2.43,-125.79,1
E,2022-10-18 18:03:32.514419,0.35,0.61,0.71,-29.54,-17.64,29.36,16.56,-2.43,-125.79,1
E,2022-10-18 18:03:32.533382,0.41,0.75,0.65,-28.08,-37.78,13.79,21.52,-4.41,-130.76,1
E,2022-10-18 18:03:32.551412,0.14,0.78,0.73,-38.76,-48.22,-15.63,21.52,-4.41,-130.76,1
E,2022-10-18 18:03:32.569361,0.02,0.70,0.81,-42.36,-51.15,-33.33,21.52,-4.41,-130.76,1
E,2022-10-18 18:03:32.588414,-2.91,0.17,3.16,-29.85,-47.36,-30.03,25.61,-6.05,-130.57,1
E,2022-10-18 18:03:32.606148,0.08,0.46,0.97,87.89,36.74,69.03,25.61,-6.05,-130.57,1
E,2022-10-18 18:03:32.625382,-0.07,0.44,0.86,8.42,-20.45,-21.12,26.88,-7.43,-127.87,1
E,2022-10-18 18:03:32.643411,-0.07,0.56,0.91,-41.93,-24.11,-76.29,26.88,-7.43,-127.87,1
E,2022-10-18 18:03:32.661327,-0.00,0.69,0.92,-22.83,-11.78,-71.72,26.88,-7.43,-127.87,1
E,2022-10-18 18:03:32.680296,0.00,0.54,0.85,4.03,-4.27,-57.25,24.07,-6.36,-125.28,1
E,2022-10-18 18:03:32.698132,0.04,0.37,0.89,40.10,-11.78,-37.35,24.07,-6.36,-125.28,1
E,2022-10-18 18:03:32.716255,0.05,0.20,0.91,57.98,-4.88,-10.80,24.07,-6.36,-125.28,1
E,2022-10-18 18:03:32.735268,0.08,0.02,0.97,44.01,-4.21,-8.91,20.29,-4.92,-119.73,1
