i,2022-10-30 12:00:21.927782,0.18,0.83,0.47,-14.89,4.09,9.89,-79.52,-3.72,-112.88,1
i,2022-10-30 12:00:21.947773,0.14,0.88,0.46,-12.70,6.04,13.49,-79.52,-3.72,-112.88,1
i,2022-10-30 12:00:21.967755,0.14,0.87,0.43,-12.57,7.26,14.77,-79.52,-3.72,-112.88,1
i,2022-10-30 12:00:21.987770,0.06,0.92,0.49,-17.94,3.97,14.89,-82.65,-3.71,-111.39,1
i,2022-10-30 12:00:22.007747,0.06,0.92,0.48,-13.98,8.30,12.94,-82.65,-3.71,-111.39,1
i,2022-10-30 12:00:22.027750,0.07,0.91,0.45,-8.79,12.15,11.54,-86.91,-3.23,-113.05,1
i,2022-10-30 12:00:22.047721,0.07,0.92,0.40,-10.44,12.63,9.64,-86.91,-3.23,-113.05,1
i,2022-10-30 12:00:22.069423,0.04,0.95,0.39,-14.28,10.01,5.00,-86.91,-3.23,-113.05,1
i,2022-10-30 12:00:22.087570,0.03,0.95,0.38,-15.50,8.54,-2.87,-90.70,-3.42,-114.16,1
i,2022-10-30 12:00:22.107523,0.09,0.84,0.33,-21.18,6.59,-8.12,-90.70,-3.42,-114.16,1
i,2022-10-30 12:00:22.127554,0.11,0.82,0.29,-31.98,1.46,-8.48,-90.70,-3.42,-114.16,1
i,2022-10-30 12:00:22.147570,0.05,0.79,0.26,-39.12,-4.46,-4.09,-93.86,-6.23,-114.43,1
i,2022-10-30 12:00:22.167569,0.05,0.77,0.20,-42.60,-8.97,0.12,-93.86,-6.23,-114.43,1
i,2022-10-30 12:00:22.187576,0.05,0.70,0.14,-36.56,-13.00,5.49,-98.30,-7.53,-110.91,1
i,2022-10-30 12:00:22.207534,-0.73,1.06,0.25,-5.37,19.35,-38.64,-98.30,-7.53,-110.91,1
i,2022-10-30 12:00:22.217602,-0.02,0.45,0.22,11.54,16.05,-17.09,-98.30,-7.53,-110.91,1
i,2022-10-30 12:00:22.247525,-0.01,0.65,0.36,-15.26,-20.08,5.07,-99.21,-6.91,-108.63,1
i,2022-10-30 12:00:22.257599,-0.03,0.73,0.27,-16.42,-20.87,39.98,-99.21,-6.91,-108.63,1
i,2022-10-30 12:00:22.277606,0.01,0.82,0.22,-7.75,-21.55,51.76,-100.72,1.12,-107.60,1
i,2022-10-30 12:00:22.297602,-0.01,0.90,0.26,17.15,-18.62,60.30,-100.72,1.12,-107.60,1
i,2022-10-30 12:00:22.317580,-0.00,1.02,0.36,23.07,-18.25,59.45,-100.72,1.12,-107.60,1
i,2022-10-30 12:00:22.337578,0.03,1.17,0.41,18.37,-15.01,48.77,-98.77,11.49,-106.40,1
i,2022-10-30 12:00:22.357568,-0.00,1.28,0.47,22.03,-8.30,42.30,-98.77,11.49,-106.40,1
i,2022-10-30 12:00:22.377550,-0.01,1.34,0.52,14.89,-5.13,32.78,-94.60,17.60,-104.35,1
i,2022-10-30 12:00:22.397579,-0.01,1.36,0.51,-0.37,-5.62,22.34,-94.60,17.60,-104.35,1
i,2022-10-30 12:00:22.417633,-0.18,1.65,0.55,1.22,-2.56,6.59,-94.60,17.60,-104.35,1
i,2022-10-30 12:00:22.447576,-0.20,1.44,0.53,46.75,30.03,-55.24,-94.84,15.58,-104.65,1
i,2022-10-30 12:00:22.467587,0.06,1.08,0.44,37.29,31.01,-76.90,-94.84,15.58,-104.65,1
i,2022-10-30 12:00:22.487608,0.09,0.94,0.45,13.18,24.96,-82.82,-93.93,2.72,-108.41,1
i,2022-10-30 12:00:22.497602,0.13,0.79,0.38,-15.14,25.15,-78.74,-93.93,2.72,-108.41,1
i,2022-10-30 12:00:22.517613,0.15,0.75,0.32,-22.77,24.05,-67.02,-93.93,2.72,-108.41,1
i,2022-10-30 12:00:22.547528,0.18,0.70,0.23,-20.63,19.04,-50.05,-92.32,-7.48,-112.22,1
i,2022-10-30 12:00:22.567569,0.16,0.70,0.22,-19.17,15.20,-43.03,-92.32,-7.48,-112.22,1
i,2022-10-30 12:00:22.588205,0.16,0.58,0.21,-28.87,-0.85,-33.08,-91.85,-14.42,-115.53,1
i,2022-10-30 12:00:22.607873,0.14,0.59,0.28,-30.46,-6.04,-18.37,-91.85,-14.42,-115.53,1
i,2022-10-30 12:00:22.627829,0.09,0.59,0.32,-18.13,0.98,12.08,-91.85,-14.42,-115.53,1
i,2022-10-30 12:00:22.647876,-1.96,1.58,0.43,-13.31,5.07,27.89,-95.21,-17.14,-114.81,1
i,2022-10-30 12:00:22.667874,0.00,0.95,0.08,14.65,17.21,-3.78,-95.21,-17.14,-114.81,1
i,2022-10-30 12:00:22.687918,0.01,0.74,0.30,-31.25,-7.26,-12.39,-97.22,-16.85,-116.55,1
i,2022-10-30 12:00:22.697909,0.11,0.80,0.24,-28.93,3.54,10.38,-97.22,-16.85,-116.55,1
i,2022-10-30 12:00:22.727876,0.08,1.07,0.12,-21.24,-1.46,15.26,-97.22,-16.85,-116.55,1
i,2022-10-30 12:00:22.747911,0.10,1.15,0.12,-0.92,-5.68,12.51,-98.89,-15.05,-116.58,1
i,2022-10-30 12:00:22.767895,0.14,1.11,0.27,27.22,-12.33,-7.32,-98.89,-15.05,-116.58,1
i,2022-10-30 12:00:22.787830,0.19,1.02,0.40,37.96,-7.45,-18.25,-97.55,-14.49,-115.28,1
i,2022-10-30 12:00:22.807830,0.16,0.94,0.53,31.37,-0.98,-15.50,-97.55,-14.49,-115.28,1
i,2022-10-30 12:00:22.827877,0.18,0.87,0.55,18.92,-0.98,-17.27,-97.55,-14.49,-115.28,1
i,2022-10-30 12:00:22.847873,0.18,0.81,0.54,2.69,3.30,-18.74,-95.10,-15.94,-113.51,1
i,2022-10-30 12:00:22.867874,0.10,0.64,0.51,-17.27,16.66,-3.60,-95.10,-15.94,-113.51,1
i,2022-10-30 12:00:22.887882,0.06,0.68,0.43,-20.08,30.21,22.77,-95.15,-17.53,-117.16,1
i,2022-10-30 12:00:22.907892,0.07,0.79,0.23,-15.01,31.31,49.56,-95.15,-17.53,-117.16,1
i,2022-10-30 12:00:22.917875,-0.06,0.97,0.03,-21.55,15.26,43.88,-95.15,-17.53,-117.16,1
i,2022-10-30 12:00:22.947900,-0.15,1.16,0.01,-12.70,2.26,24.72,-97.96,-14.75,-120.79,1
i,2022-10-30 12:00:22.957898,-0.13,1.16,0.04,27.10,-10.68,-7.02,-97.96,-14.75,-120.79,1
i,2022-10-30 12:00:22.977876,-0.09,1.13,0.14,46.63,-16.36,-17.82,-93.69,-12.17,-121.00,1
i,2022-10-30 12:00:22.997839,-0.01,1.09,0.14,57.13,-17.94,-26.86,-93.69,-12.17,-121.00,1
i,2022-10-30 12:00:23.017892,0.03,1.08,0.19,60.30,-30.70,-45.17,-93.69,-12.17,-121.00,1
i,2022-10-30 12:00:23.037914,0.10,0.93,0.27,64.82,-35.10,-57.01,-85.13,-12.21,-116.16,1
i,2022-10-30 12:00:23.057885,0.19,0.76,0.34,67.87,-35.34,-53.04,-85.13,-12.21,-116.16,1
i,2022-10-30 12:00:23.077879,0.24,0.73,0.45,53.71,-35.46,-36.38,-76.66,-12.48,-112.29,1
i,2022-10-30 12:00:23.098373,0.27,0.72,0.48,42.42,-31.98,-29.11,-76.66,-12.48,-112.29,1
i,2022-10-30 12:00:23.118461,0.28,0.69,0.50,35.28,-27.40,-21.61,-76.66,-12.48,-112.29,1
i,2022-10-30 12:00:23.138491,0.29,0.70,0.50,24.66,-24.72,-10.56,-70.57,-11.89,-109.53,1
i,2022-10-30 12:00:23.148448,0.30,0.71,0.51,14.34,-24.41,-3.66,-70.57,-11.89,-109.53,1
i,2022-10-30 12:00:23.178396,0.25,0.77,0.53,8.30,-21.67,1.59,-70.57,-11.89,-109.53,1
i,2022-10-30 12:00:23.198447,0.27,0.78,0.52,6.41,-18.43,5.07,-67.00,-10.52,-106.87,1
i,2022-10-30 12:00:23.218459,0.24,0.81,0.53,0.55,-17.76,9.83,-67.00,-10.52,-106.87,1
i,2022-10-30 12:00:23.238397,0.19,0.90,0.56,-6.47,-17.94,9.64,-64.29,-10.41,-104.16,1
i,2022-10-30 12:00:23.258436,0.13,0.96,0.60,-6.35,-16.85,9.16,-64.29,-10.41,-104.16,1
i,2022-10-30 12:00:23.278401,0.11,1.00,0.57,5.00,-9.22,1.95,-63.13,-9.46,-104.00,1
i,2022-10-30 12:00:23.298451,0.16,0.90,0.57,5.43,-10.38,-6.84,-63.13,-9.46,-104.00,1
