b,2022-09-30 15:24:25.717762,0.04,0.15,0.86,-10.62,-4.88,-1.83,-21.87,101.81,-58.34,1
b,2022-09-30 15:24:25.743468,-0.05,0.18,1.05,13.55,4.76,2.93,-20.02,101.11,-58.89,1
b,2022-09-30 15:24:25.765121,0.06,0.05,0.92,33.87,23.19,11.29,-20.02,101.11,-58.89,1
b,2022-09-30 15:24:25.780770,0.05,0.00,0.82,17.94,1.16,3.48,-18.60,102.48,-59.92,1
b,2022-09-30 15:24:25.796396,0.05,0.05,0.83,6.96,-6.96,3.91,-18.60,102.48,-59.92,1
b,2022-09-30 15:24:25.812021,0.05,0.06,0.79,2.38,-16.05,5.13,-18.60,102.48,-59.92,1
b,2022-09-30 15:24:25.827648,0.04,0.05,0.78,6.10,-26.06,8.12,-19.25,101.35,-58.56,1
b,2022-09-30 15:24:25.858877,0.03,0.06,0.81,10.68,-36.25,12.02,-19.25,101.35,-58.56,1
b,2022-09-30 15:24:25.874504,0.02,0.11,0.93,12.39,-37.17,10.31,-19.25,101.35,-58.56,1
b,2022-09-30 15:24:25.890155,0.02,0.06,0.94,9.46,-34.97,3.54,-21.26,99.49,-57.62,1
b,2022-09-30 15:24:25.905777,0.04,0.06,0.99,5.80,-39.25,2.93,-21.26,99.49,-57.62,1
b,2022-09-30 15:24:25.921405,0.03,0.08,1.04,8.67,-34.73,7.75,-25.44,97.19,-55.43,1
b,2022-09-30 15:24:25.952632,0.00,0.12,1.15,11.66,-26.61,6.04,-25.44,97.19,-55.43,1
b,2022-09-30 15:24:25.968261,0.01,0.10,1.17,10.25,-17.15,0.92,-25.44,97.19,-55.43,1
b,2022-09-30 15:24:25.983907,0.02,0.08,1.16,6.04,-8.61,-0.92,-27.72,95.30,-55.54,1
b,2022-09-30 15:24:25.999536,0.02,0.08,1.16,6.84,-5.74,3.05,-27.72,95.30,-55.54,1
b,2022-09-30 15:24:26.015159,0.02,0.09,1.13,10.13,2.93,4.46,-27.72,95.30,-55.54,1
b,2022-09-30 15:24:26.030782,0.00,0.05,1.04,11.78,-3.91,5.00,-29.02,95.54,-55.05,1
b,2022-09-30 15:24:26.062013,-0.01,0.04,1.01,14.40,-15.63,3.36,-29.02,95.54,-55.05,1
b,2022-09-30 15:24:26.077639,0.06,0.02,1.33,14.59,-20.75,3.97,-29.02,95.54,-55.05,1
b,2022-09-30 15:24:26.093288,-0.05,0.11,1.08,3.97,19.53,4.15,-28.41,96.97,-52.64,1
b,2022-09-30 15:24:26.108914,-0.02,0.08,1.09,6.47,22.22,-1.59,-28.41,96.97,-52.64,1
b,2022-09-30 15:24:26.124543,-0.03,0.12,1.06,0.92,30.94,-4.76,-25.92,98.86,-55.18,1
b,2022-09-30 15:24:26.140147,-0.03,0.13,1.04,5.86,34.42,-7.51,-25.92,98.86,-55.18,1
b,2022-09-30 15:24:26.171395,-0.02,0.12,0.98,6.59,37.11,-14.53,-25.92,98.86,-55.18,1
b,2022-09-30 15:24:26.187093,-0.01,0.10,0.85,7.81,28.38,-15.01,-23.86,103.16,-54.64,1
b,2022-09-30 15:24:26.209992,-0.03,0.11,0.85,18.62,18.19,-12.63,-23.86,103.16,-54.64,1
b,2022-09-30 15:24:26.218537,-0.01,0.07,0.82,25.94,13.49,-15.38,-23.86,103.16,-54.64,1
b,2022-09-30 15:24:26.244340,-0.01,0.00,0.78,31.01,6.77,-19.04,-25.29,106.64,-52.56,1
b,2022-09-30 15:24:26.265478,0.01,-0.04,0.79,22.71,-1.65,-22.16,-25.29,106.64,-52.56,1
b,2022-09-30 15:24:26.281105,0.02,-0.06,0.82,20.75,-5.80,-21.67,-29.41,110.66,-50.06,1
b,2022-09-30 15:24:26.296753,0.03,-0.07,0.85,19.23,-8.48,-22.28,-29.41,110.66,-50.06,1
b,2022-09-30 15:24:26.312380,0.05,-0.11,0.90,17.94,-13.18,-21.91,-29.41,110.66,-50.06,1
b,2022-09-30 15:24:26.328004,0.06,-0.15,0.87,15.38,-17.33,-18.31,-34.75,110.89,-46.90,1
b,2022-09-30 15:24:26.359234,0.07,-0.17,0.93,12.15,-25.27,-13.92,-34.75,110.89,-46.90,1
b,2022-09-30 15:24:26.374869,0.06,-0.18,0.97,8.24,-28.08,-10.68,-34.75,110.89,-46.90,1
b,2022-09-30 15:24:26.390508,0.07,-0.19,0.98,-5.13,-26.25,-8.54,-37.84,109.03,-44.79,1
b,2022-09-30 15:24:26.406136,0.05,-0.14,1.03,-7.87,-26.25,-2.93,-37.84,109.03,-44.79,1
b,2022-09-30 15:24:26.421757,0.04,-0.13,1.04,-3.48,-23.62,3.72,-38.18,105.58,-43.05,1
b,2022-09-30 15:24:26.452990,0.04,-0.15,1.03,2.20,-20.81,13.92,-38.18,105.58,-43.05,1
b,2022-09-30 15:24:26.468615,0.03,-0.15,1.05,4.70,-20.02,18.80,-38.18,105.58,-43.05,1
b,2022-09-30 15:24:26.484264,-0.01,-0.09,1.06,-0.18,-15.75,19.17,-35.01,102.81,-43.15,1
b,2022-09-30 15:24:26.499890,-0.02,-0.05,1.05,-0.73,-10.38,18.98,-35.01,102.81,-43.15,1
b,2022-09-30 15:24:26.515519,-0.03,-0.02,1.04,3.91,-7.39,20.51,-35.01,102.81,-43.15,1
b,2022-09-30 15:24:26.531141,-0.04,0.00,1.09,18.55,-2.99,25.88,-33.19,100.01,-45.73,1
b,2022-09-30 15:24:26.562370,-0.06,-0.01,1.05,22.77,-0.06,25.76,-33.19,100.01,-45.73,1
b,2022-09-30 15:24:26.578023,-0.06,-0.03,1.04,17.94,3.60,21.42,-30.99,98.69,-46.89,1
b,2022-09-30 15:24:26.593649,-0.06,-0.02,1.05,0.49,5.07,15.20,-30.99,98.69,-46.89,1
b,2022-09-30 15:24:26.609271,-0.05,-0.00,1.08,-22.34,7.81,10.93,-30.99,98.69,-46.89,1
b,2022-09-30 15:24:26.624894,-0.12,0.12,1.11,-29.60,10.19,8.61,-28.67,98.38,-50.98,1
b,2022-09-30 15:24:26.656125,-0.36,0.15,1.24,-23.56,20.26,0.85,-28.67,98.38,-50.98,1
b,2022-09-30 15:24:26.671754,-0.30,0.13,1.24,15.81,31.25,4.70,-28.67,98.38,-50.98,1
b,2022-09-30 15:24:26.687401,-0.09,0.12,1.05,29.42,37.78,-6.04,-27.19,100.99,-51.20,1
b,2022-09-30 15:24:26.703026,-0.05,0.00,0.95,26.06,31.56,-11.66,-27.19,100.99,-51.20,1
b,2022-09-30 15:24:26.718650,-0.03,-0.03,0.89,34.79,22.58,-6.84,-27.19,100.99,-51.20,1
b,2022-09-30 15:24:26.734276,0.04,-0.02,0.87,35.89,14.40,-4.52,-28.53,105.91,-47.94,1
b,2022-09-30 15:24:26.765951,0.04,-0.02,0.83,10.44,5.25,-13.49,-28.53,105.91,-47.94,1
b,2022-09-30 15:24:26.781601,0.04,-0.04,0.82,-1.77,-1.53,-19.35,-31.99,108.67,-45.87,1
b,2022-09-30 15:24:26.797228,0.01,-0.04,0.87,-9.22,-6.77,-21.24,-31.99,108.67,-45.87,1
b,2022-09-30 15:24:26.812857,0.03,-0.01,0.88,-9.70,-9.70,-21.00,-31.99,108.67,-45.87,1
b,2022-09-30 15:24:26.828477,0.00,-0.02,0.93,-13.12,-10.38,-26.12,-37.65,107.80,-45.89,1
b,2022-09-30 15:24:26.859708,0.00,-0.02,0.98,-12.21,-9.03,-26.25,-37.65,107.80,-45.89,1
b,2022-09-30 15:24:26.875336,0.04,-0.02,0.98,-5.68,-6.47,-25.45,-37.65,107.80,-45.89,1
b,2022-09-30 15:24:26.890983,0.06,-0.03,0.98,-8.91,-4.64,-28.93,-44.24,105.60,-44.85,1
b,2022-09-30 15:24:26.906599,0.06,-0.03,0.99,-8.61,-2.93,-32.04,-44.24,105.60,-44.85,1
b,2022-09-30 15:24:26.922235,0.07,-0.05,0.99,-7.93,-1.89,-34.55,-50.04,101.51,-45.96,1
b,2022-09-30 15:24:26.937842,0.05,-0.09,1.00,-3.85,0.49,-33.81,-50.04,101.51,-45.96,1
b,2022-09-30 15:24:26.969090,0.05,-0.12,0.99,0.37,5.37,-30.15,-50.04,101.51,-45.96,1
b,2022-09-30 15:24:26.984739,0.07,-0.15,0.97,1.71,8.30,-24.84,-56.48,96.26,-45.78,1
b,2022-09-30 15:24:27.000368,0.08,-0.16,0.94,-0.31,8.48,-22.22,-56.48,96.26,-45.78,1
b,2022-09-30 15:24:27.015991,0.09,-0.15,0.92,-1.53,8.00,-20.08,-56.48,96.26,-45.78,1
b,2022-09-30 15:24:27.031619,0.09,-0.15,0.92,-2.26,6.90,-18.86,-60.94,91.82,-46.64,1
b,2022-09-30 15:24:27.062845,0.06,-0.17,0.92,-0.06,6.53,-13.79,-60.94,91.82,-46.64,1
b,2022-09-30 15:24:27.078498,0.03,-0.18,0.92,-0.55,2.38,-8.54,-64.73,88.75,-47.34,1
b,2022-09-30 15:24:27.094118,0.06,-0.17,0.92,1.16,2.87,-5.86,-64.73,88.75,-47.34,1
b,2022-09-30 15:24:27.109745,0.06,-0.15,0.93,-3.11,1.34,-5.80,-64.73,88.75,-47.34,1
b,2022-09-30 15:24:27.125375,0.06,-0.12,0.93,0.24,-2.69,-2.14,-65.50,87.02,-47.51,1
b,2022-09-30 15:24:27.156602,0.04,-0.11,0.96,-1.59,-4.21,-1.77,-65.50,87.02,-47.51,1
b,2022-09-30 15:24:27.172274,0.02,-0.08,0.98,-1.53,-5.19,-0.79,-65.50,87.02,-47.51,1
