t,2022-10-14 16:24:26.280427,0.28,-0.49,0.84,-2.20,2.93,-4.58,-47.36,90.55,-20.32,1
t,2022-10-14 16:24:26.299461,0.30,-0.46,0.83,0.00,4.27,-3.91,-48.36,90.84,-22.53,1
t,2022-10-14 16:24:26.317602,0.32,-0.46,0.81,-3.97,6.47,-7.02,-48.36,90.84,-22.53,1
t,2022-10-14 16:24:26.335537,0.31,-0.47,0.81,-6.90,6.04,-10.19,-48.36,90.84,-22.53,1
t,2022-10-14 16:24:26.353706,0.32,-0.47,0.78,-5.37,4.52,-10.68,-49.85,93.09,-25.27,1
t,2022-10-14 16:24:26.373816,0.30,-0.47,0.80,-3.60,-0.49,-10.38,-49.85,93.09,-25.27,1
t,2022-10-14 16:24:26.392590,0.29,-0.50,0.78,-3.97,-1.53,-10.99,-52.29,96.84,-27.48,1
t,2022-10-14 16:24:26.411926,0.27,-0.49,0.77,-5.55,-2.50,-10.68,-52.29,96.84,-27.48,1
t,2022-10-14 16:24:26.430509,0.25,-0.51,0.77,-7.93,-4.82,-12.33,-52.29,96.84,-27.48,1
t,2022-10-14 16:24:26.451491,0.24,-0.53,0.68,-7.57,-6.59,-9.95,-54.27,100.85,-29.71,1
t,2022-10-14 16:24:26.469966,0.18,-0.52,0.78,-0.18,-18.62,-4.70,-54.27,100.85,-29.71,1
t,2022-10-14 16:24:26.489515,0.15,-0.50,0.88,4.15,-13.79,-0.43,-55.68,103.71,-28.63,1
t,2022-10-14 16:24:26.508462,0.24,-0.58,0.79,20.26,-7.39,3.36,-55.68,103.71,-28.63,1
t,2022-10-14 16:24:26.528642,0.23,-0.53,0.77,-3.85,-1.71,-1.65,-55.68,103.71,-28.63,1
t,2022-10-14 16:24:26.547162,0.22,-0.50,0.76,-20.39,6.47,-3.17,-54.91,103.42,-29.22,1
t,2022-10-14 16:24:26.565323,0.24,-0.45,0.78,-24.17,14.04,-1.59,-54.91,103.42,-29.22,1
t,2022-10-14 16:24:26.583984,0.13,-0.30,0.56,-19.96,13.00,0.67,-54.91,103.42,-29.22,1
t,2022-10-14 16:24:26.602468,0.21,-0.43,0.75,4.33,-7.81,3.72,-54.82,101.92,-27.97,1
t,2022-10-14 16:24:26.621479,0.20,-0.42,0.77,6.10,-11.17,7.02,-54.82,101.92,-27.97,1
t,2022-10-14 16:24:26.639187,0.22,-0.42,0.76,7.39,-12.45,6.84,-55.81,101.99,-23.07,1
t,2022-10-14 16:24:26.658419,0.21,-0.43,0.76,5.43,-7.93,5.92,-55.81,101.99,-23.07,1
t,2022-10-14 16:24:26.676409,0.21,-0.44,0.78,11.54,-7.87,5.13,-55.81,101.99,-23.07,1
t,2022-10-14 16:24:26.697598,0.23,-0.48,0.85,12.21,-7.02,4.39,-56.20,100.93,-15.45,1
t,2022-10-14 16:24:26.715009,0.24,-0.46,0.77,3.05,-2.81,-0.31,-56.20,100.93,-15.45,1
t,2022-10-14 16:24:26.733584,0.22,-0.44,0.75,3.42,-6.53,-2.50,-56.20,100.93,-15.45,1
t,2022-10-14 16:24:26.752487,0.23,-0.46,0.84,14.22,-13.37,-0.92,-56.68,98.83,-7.97,1
t,2022-10-14 16:24:26.770800,0.22,-0.46,0.86,8.06,-6.90,-0.85,-56.68,98.83,-7.97,1
t,2022-10-14 16:24:26.791433,0.22,-0.45,0.82,7.75,-3.17,-1.77,-56.60,95.80,0.18,1
t,2022-10-14 16:24:26.808579,0.24,-0.50,0.86,12.21,-4.88,-1.89,-56.60,95.80,0.18,1
t,2022-10-14 16:24:26.827277,0.25,-0.51,0.83,16.24,-6.96,-2.99,-56.60,95.80,0.18,1
t,2022-10-14 16:24:26.846625,0.24,-0.50,0.82,15.38,-4.52,-0.79,-55.36,92.66,7.36,1
t,2022-10-14 16:24:26.863920,0.23,-0.51,0.81,14.83,-4.58,-1.28,-55.36,92.66,7.36,1
t,2022-10-14 16:24:26.881931,0.23,-0.54,0.81,14.77,-8.73,-1.83,-55.36,92.66,7.36,1
t,2022-10-14 16:24:26.901737,0.24,-0.54,0.83,17.70,-10.93,-1.28,-53.87,89.53,13.66,1
t,2022-10-14 16:24:26.919740,0.23,-0.54,0.84,19.29,-10.93,-0.24,-53.87,89.53,13.66,1
t,2022-10-14 16:24:26.937624,0.24,-0.56,0.88,14.40,-7.63,-2.69,-53.87,89.53,13.66,1
t,2022-10-14 16:24:26.956673,0.24,-0.55,0.88,6.35,-1.95,-4.15,-52.45,87.01,18.63,1
t,2022-10-14 16:24:26.974817,0.25,-0.53,0.88,8.67,-1.40,-0.61,-52.45,87.01,18.63,1
t,2022-10-14 16:24:26.993448,0.24,-0.53,0.90,12.57,-2.20,3.72,-52.54,87.71,20.48,1
t,2022-10-14 16:24:27.012652,0.23,-0.54,0.89,14.59,-1.16,3.72,-52.54,87.71,20.48,1
t,2022-10-14 16:24:27.032500,0.23,-0.53,0.90,11.41,3.78,0.37,-52.54,87.71,20.48,1
t,2022-10-14 16:24:27.051522,0.22,-0.51,0.89,12.27,8.48,-4.15,-56.59,89.04,19.59,1
t,2022-10-14 16:24:27.069590,0.24,-0.54,0.79,12.45,10.80,-5.62,-56.59,89.04,19.59,1
t,2022-10-14 16:24:27.090510,0.22,-0.55,0.81,16.60,7.87,-4.15,-63.81,91.38,16.13,1
t,2022-10-14 16:24:27.108932,0.25,-0.62,0.73,17.52,8.67,-4.82,-63.81,91.38,16.13,1
t,2022-10-14 16:24:27.127341,0.26,-0.65,0.66,15.44,5.13,-2.20,-63.81,91.38,16.13,1
t,2022-10-14 16:24:27.146650,0.28,-0.69,0.58,19.84,-4.39,5.43,-69.51,93.21,15.39,1
t,2022-10-14 16:24:27.165405,0.20,-0.65,0.70,14.71,-17.33,2.14,-69.51,93.21,15.39,1
t,2022-10-14 16:24:27.182649,0.21,-0.64,0.72,0.06,-8.79,-6.53,-69.51,93.21,15.39,1
t,2022-10-14 16:24:27.201433,0.21,-0.59,0.77,-10.07,-3.85,-12.33,-70.10,92.75,15.87,1
t,2022-10-14 16:24:27.219651,0.19,-0.55,0.66,-22.16,16.48,-5.07,-70.10,92.75,15.87,1
t,2022-10-14 16:24:27.239520,0.11,-0.73,0.77,-5.00,14.40,2.50,-69.69,93.41,12.59,1
t,2022-10-14 16:24:27.257449,0.23,-0.73,0.75,10.93,10.68,14.16,-69.69,93.41,12.59,1
t,2022-10-14 16:24:27.275407,0.26,-0.75,0.73,6.29,11.96,14.04,-69.69,93.41,12.59,1
t,2022-10-14 16:24:27.294435,0.31,-0.75,0.72,-2.44,14.40,15.69,-63.45,93.49,8.06,1
t,2022-10-14 16:24:27.312447,0.35,-0.66,0.70,-21.18,15.01,16.36,-63.45,93.49,8.06,1
t,2022-10-14 16:24:27.330480,0.39,-0.63,0.64,-28.93,11.23,17.21,-63.45,93.49,8.06,1
t,2022-10-14 16:24:27.348988,0.42,-0.57,0.67,-33.81,1.89,21.79,-55.40,93.59,2.04,1
t,2022-10-14 16:24:27.367715,0.39,-0.39,0.73,-44.80,-5.00,20.75,-55.40,93.59,2.04,1
t,2022-10-14 16:24:27.386926,0.33,-0.35,0.80,-44.43,-8.36,6.53,-55.40,93.59,2.04,1
t,2022-10-14 16:24:27.405649,0.26,-0.38,0.85,-36.13,-9.22,9.34,-49.15,92.50,0.46,1
t,2022-10-14 16:24:27.424911,0.24,-0.36,0.86,-24.84,-8.67,11.54,-49.15,92.50,0.46,1
t,2022-10-14 16:24:27.443460,0.24,-0.38,0.82,-18.55,-10.01,5.07,-46.98,91.50,-0.12,1
t,2022-10-14 16:24:27.461469,0.20,-0.37,0.84,-21.24,-5.25,1.04,-46.98,91.50,-0.12,1
t,2022-10-14 16:24:27.481500,0.22,-0.34,0.89,-18.86,-7.45,-2.50,-46.98,91.50,-0.12,1
t,2022-10-14 16:24:27.500452,0.23,-0.32,0.84,-23.44,-0.43,-7.57,-46.42,90.10,-1.71,1
t,2022-10-14 16:24:27.518574,0.11,-0.27,0.87,-21.97,-4.46,-13.61,-46.42,90.10,-1.71,1
t,2022-10-14 16:24:27.538696,0.26,-0.25,0.91,4.88,-10.01,-4.94,-47.24,89.98,-1.33,1
t,2022-10-14 16:24:27.557732,0.26,-0.44,0.84,31.07,-17.21,11.47,-47.24,89.98,-1.33,1
t,2022-10-14 16:24:27.575953,0.25,-0.46,0.84,36.07,-22.09,14.71,-47.24,89.98,-1.33,1
t,2022-10-14 16:24:27.594753,0.09,-0.35,1.03,29.11,-19.17,10.74,-47.29,92.15,0.49,1
t,2022-10-14 16:24:27.613636,0.18,-0.31,0.91,-9.16,12.15,-15.63,-47.29,92.15,0.49,1
t,2022-10-14 16:24:27.633052,0.23,-0.35,0.88,-0.06,20.57,-19.78,-47.29,92.15,0.49,1
t,2022-10-14 16:24:27.652052,0.25,-0.34,0.83,12.51,16.36,-17.03,-49.74,95.17,-2.80,1
t,2022-10-14 16:24:27.669853,0.23,-0.37,0.91,31.98,5.55,-8.61,-49.74,95.17,-2.80,1
t,2022-10-14 16:24:27.687872,0.25,-0.45,0.79,36.68,9.83,-6.53,-55.85,101.54,-3.76,1
t,2022-10-14 16:24:27.706794,0.23,-0.49,0.85,29.24,16.24,-9.52,-55.85,101.54,-3.76,1
t,2022-10-14 16:24:27.724930,0.33,-0.68,0.68,44.92,3.30,-2.81,-55.85,101.54,-3.76,1
t,2022-10-14 16:24:27.743058,0.33,-0.73,0.63,43.40,-9.16,5.55,-64.20,109.57,-5.22,1
t,2022-10-14 16:24:27.762570,0.30,-0.74,0.65,33.45,-11.11,6.53,-64.20,109.57,-5.22,1
t,2022-10-14 16:24:27.779681,0.30,-0.75,0.64,21.61,-10.86,3.36,-64.20,109.57,-5.22,1
t,2022-10-14 16:24:27.798522,0.27,-0.72,0.66,-4.15,-7.14,-6.77,-67.74,112.06,-4.19,1
t,2022-10-14 16:24:27.816561,0.24,-0.56,0.75,-21.18,-2.93,-14.34,-67.74,112.06,-4.19,1
t,2022-10-14 16:24:27.835336,0.24,-0.51,0.79,-22.95,-0.18,-15.44,-67.74,112.06,-4.19,1
t,2022-10-14 16:24:27.855173,0.22,-0.47,0.81,-16.11,0.73,-9.64,-67.10,111.10,-5.83,1
t,2022-10-14 16:24:27.873828,0.05,-0.56,1.13,6.96,8.67,12.76,-67.10,111.10,-5.83,1
t,2022-10-14 16:24:27.892453,0.08,-0.34,0.89,18.74,31.43,26.12,-66.04,111.76,-9.62,1
t,2022-10-14 16:24:27.910524,0.20,-0.44,0.86,41.93,31.19,24.05,-66.04,111.76,-9.62,1
t,2022-10-14 16:24:27.928529,0.25,-0.43,0.85,32.65,29.85,9.09,-66.04,111.76,-9.62,1
t,2022-10-14 16:24:27.947660,0.30,-0.41,0.82,17.64,30.03,-3.05,-66.08,109.61,-15.26,1
t,2022-10-14 16:24:27.966258,0.33,-0.44,0.79,15.63,30.94,-10.19,-66.08,109.61,-15.26,1
t,2022-10-14 16:24:27.984456,0.36,-0.46,0.73,18.43,30.58,-15.26,-66.08,109.61,-15.26,1
t,2022-10-14 16:24:28.003755,0.37,-0.53,0.71,7.75,30.58,-25.15,-71.26,106.98,-25.84,1
t,2022-10-14 16:24:28.021860,0.38,-0.53,0.73,6.53,25.94,-25.02,-71.26,106.98,-25.84,1
t,2022-10-14 16:24:28.040883,0.36,-0.58,0.73,7.20,24.23,-25.88,-78.74,101.55,-35.49,1
t,2022-10-14 16:24:28.059324,0.37,-0.63,0.69,11.84,22.83,-22.28,-78.74,101.55,-35.49,1
t,2022-10-14 16:24:28.077638,0.37,-0.67,0.68,14.22,17.64,-16.72,-78.74,101.55,-35.49,1
t,2022-10-14 16:24:28.096430,0.35,-0.71,0.70,11.66,16.17,-12.76,-83.09,96.29,-46.96,1
t,2022-10-14 16:24:28.114991,0.36,-0.74,0.68,5.37,18.74,-10.62,-83.09,96.29,-46.96,1
t,2022-10-14 16:24:28.131983,0.37,-0.75,0.67,-1.04,18.92,-7.69,-83.09,96.29,-46.96,1
t,2022-10-14 16:24:28.151599,0.39,-0.74,0.64,-6.90,17.33,-5.19,-83.50,91.47,-56.37,1
t,2022-10-14 16:24:28.169521,0.41,-0.72,0.63,-17.70,12.15,-3.42,-83.50,91.47,-56.37,1
