U,2022-10-25 14:17:14.096512,0.15,-0.22,0.79,-19.78,-3.66,-4.64,3.47,82.09,-41.15,1
U,2022-10-25 14:17:14.127746,0.16,-0.22,0.74,-17.15,-10.31,-6.65,2.66,82.67,-38.57,1
U,2022-10-25 14:17:14.143389,0.13,-0.18,0.73,-20.39,-24.23,-11.17,2.66,82.67,-38.57,1
U,2022-10-25 14:17:14.159017,-0.55,-0.24,1.42,-25.09,-30.27,-17.64,2.66,82.67,-38.57,1
U,2022-10-25 14:17:14.174643,0.04,0.08,0.66,-27.04,34.67,-3.11,3.37,83.78,-37.60,1
U,2022-10-25 14:17:14.190249,0.09,-0.13,0.77,4.09,11.96,-8.73,3.37,83.78,-37.60,1
U,2022-10-25 14:17:14.221501,0.07,-0.13,0.83,-0.06,-25.15,-19.59,3.37,83.78,-37.60,1
U,2022-10-25 14:17:14.237128,0.06,-0.07,0.84,3.66,-26.25,-15.32,3.39,84.50,-37.15,1
U,2022-10-25 14:17:14.252776,0.08,-0.04,0.84,11.72,-28.56,-12.51,3.39,84.50,-37.15,1
U,2022-10-25 14:17:14.268398,0.06,-0.07,0.89,21.00,-31.74,-12.88,4.46,84.37,-35.66,1
U,2022-10-25 14:17:14.284027,0.06,-0.10,0.90,26.61,-32.71,-10.31,4.46,84.37,-35.66,1
U,2022-10-25 14:17:14.299654,0.06,-0.13,0.98,27.59,-30.70,-9.58,4.46,84.37,-35.66,1
U,2022-10-25 14:17:14.330899,0.06,-0.09,1.03,21.55,-29.11,-11.78,5.51,84.30,-36.67,1
U,2022-10-25 14:17:14.346509,0.06,-0.12,1.08,21.36,-28.63,-13.55,5.51,84.30,-36.67,1
U,2022-10-25 14:17:14.362157,0.05,-0.13,1.10,15.99,-27.04,-18.98,5.51,84.30,-36.67,1
U,2022-10-25 14:17:14.377779,0.06,-0.14,1.14,10.80,-23.74,-26.25,5.15,84.11,-35.74,1
U,2022-10-25 14:17:14.393404,0.03,-0.21,1.23,18.43,-19.41,-21.18,5.15,84.11,-35.74,1
U,2022-10-25 14:17:14.409034,0.04,-0.26,1.19,33.51,-12.94,-6.84,5.15,84.11,-35.74,1
U,2022-10-25 14:17:14.440263,0.03,-0.33,1.17,40.95,-10.01,0.43,4.35,83.81,-34.06,1
U,2022-10-25 14:17:14.455893,0.03,-0.37,1.16,23.80,-9.70,-6.16,4.35,83.81,-34.06,1
U,2022-10-25 14:17:14.471531,0.01,-0.37,1.16,-1.34,-2.32,-16.91,2.78,85.25,-34.34,1
U,2022-10-25 14:17:14.487163,0.01,-0.34,1.12,-20.57,9.52,-19.96,2.78,85.25,-34.34,1
U,2022-10-25 14:17:14.502784,0.01,-0.31,1.09,-23.32,15.44,-13.37,2.78,85.25,-34.34,1
U,2022-10-25 14:17:14.534018,0.01,-0.29,1.04,-19.17,17.94,-6.59,1.39,87.28,-35.17,1
U,2022-10-25 14:17:14.549783,0.01,-0.31,1.01,-15.75,21.00,-2.38,1.39,87.28,-35.17,1
U,2022-10-25 14:17:14.565471,0.01,-0.30,0.96,-18.25,23.50,-0.24,1.39,87.28,-35.17,1
U,2022-10-25 14:17:14.580913,0.00,-0.27,0.91,-18.25,22.52,1.10,-0.73,88.60,-36.60,1
U,2022-10-25 14:17:14.596544,0.00,-0.24,0.83,-19.96,21.00,1.65,-0.73,88.60,-36.60,1
U,2022-10-25 14:17:14.612167,0.01,-0.21,0.82,-13.67,9.28,1.53,-0.73,88.60,-36.60,1
U,2022-10-25 14:17:14.643401,0.00,-0.15,0.79,-9.22,4.09,1.59,-1.39,89.61,-38.49,1
U,2022-10-25 14:17:14.659026,-0.00,-0.13,0.77,-7.32,0.31,0.55,-1.39,89.61,-38.49,1
U,2022-10-25 14:17:14.674652,-0.00,-0.12,0.77,-5.00,-3.54,-0.18,-2.14,89.83,-39.44,1
U,2022-10-25 14:17:14.690296,-0.00,-0.12,0.79,-0.43,-4.27,2.87,-2.14,89.83,-39.44,1
U,2022-10-25 14:17:14.705903,0.00,-0.13,0.84,2.26,-2.08,6.84,-2.14,89.83,-39.44,1
U,2022-10-25 14:17:14.737169,0.01,-0.15,0.89,1.95,2.99,11.96,-1.97,90.34,-39.47,1
U,2022-10-25 14:17:14.752798,0.02,-0.16,0.93,-4.21,12.51,17.82,-1.97,90.34,-39.47,1
U,2022-10-25 14:17:14.768425,0.00,-0.15,0.95,-10.74,19.65,24.23,-1.97,90.34,-39.47,1
U,2022-10-25 14:17:14.784035,-0.15,-0.01,1.09,-0.06,12.51,11.66,-2.60,89.79,-39.37,1
U,2022-10-25 14:17:14.799682,-0.06,-0.01,1.07,16.36,26.92,9.16,-2.60,89.79,-39.37,1
U,2022-10-25 14:17:14.815302,0.08,0.01,1.00,27.16,39.61,9.09,-2.34,88.77,-39.39,1
U,2022-10-25 14:17:14.846537,0.21,-0.01,0.94,34.42,20.32,-0.24,-2.34,88.77,-39.39,1
