J,2022-10-17 14:58:51.496425,0.06,0.45,0.94,15.56,5.49,-19.29,73.63,58.84,-26.33,1
J,2022-10-17 14:58:51.514323,0.03,0.48,0.91,20.39,9.28,-19.29,73.63,58.84,-26.33,1
J,2022-10-17 14:58:51.532401,0.06,0.41,0.92,32.47,15.01,-24.60,73.63,58.84,-26.33,1
J,2022-10-17 14:58:51.551416,0.10,0.23,0.93,26.61,15.56,-28.75,71.58,60.17,-26.37,1
J,2022-10-17 14:58:51.569391,0.10,0.18,0.90,8.36,11.84,-34.06,71.58,60.17,-26.37,1
J,2022-10-17 14:58:51.587478,0.06,0.16,0.94,-2.99,10.44,-34.91,71.58,60.17,-26.37,1
J,2022-10-17 14:58:51.606315,0.04,0.13,0.96,-7.02,9.83,-26.92,69.38,61.46,-25.68,1
J,2022-10-17 14:58:51.624540,0.04,0.10,0.97,-8.06,6.53,-15.26,69.38,61.46,-25.68,1
J,2022-10-17 14:58:51.643389,0.07,0.09,0.96,-1.59,5.37,-8.36,68.03,62.50,-27.17,1
J,2022-10-17 14:58:51.661385,0.07,0.01,0.98,1.59,7.45,-3.42,68.03,62.50,-27.17,1
J,2022-10-17 14:58:51.679393,0.05,-0.01,0.98,-3.66,9.28,0.85,68.03,62.50,-27.17,1
J,2022-10-17 14:58:51.698403,0.04,-0.01,1.01,-10.68,11.84,8.42,67.44,62.38,-28.08,1
J,2022-10-17 14:58:51.716478,0.09,0.02,1.00,-21.12,14.71,22.52,67.44,62.38,-28.08,1
J,2022-10-17 14:58:51.734430,0.10,0.02,1.00,-26.49,15.56,36.19,67.44,62.38,-28.08,1
J,2022-10-17 14:58:51.753410,0.12,-0.00,0.92,-35.58,12.33,42.72,68.27,62.18,-28.99,1
J,2022-10-17 14:58:51.771413,0.09,0.17,0.87,-61.83,5.55,38.94,68.27,62.18,-28.99,1
J,2022-10-17 14:58:51.789247,0.11,0.37,0.82,-67.93,3.05,36.07,68.27,62.18,-28.99,1
J,2022-10-17 14:58:51.808576,0.06,0.45,0.81,-59.27,-6.35,28.56,69.64,61.13,-28.99,1
J,2022-10-17 14:58:51.826488,-0.92,0.40,0.76,-35.95,-13.00,16.97,69.64,61.13,-28.99,1
J,2022-10-17 14:58:51.845606,0.06,1.32,0.77,-28.44,12.82,-14.28,71.15,61.01,-28.72,1
J,2022-10-17 14:58:51.863432,0.02,0.37,1.09,95.52,15.56,25.33,71.15,61.01,-28.72,1
J,2022-10-17 14:58:51.881547,0.04,0.32,0.88,84.47,-29.72,-28.26,71.15,61.01,-28.72,1
J,2022-10-17 14:58:51.900384,0.10,0.45,0.79,46.33,-35.71,-65.25,69.56,61.76,-28.44,1
J,2022-10-17 14:58:51.918448,0.05,0.45,0.74,28.38,-27.16,-81.05,69.56,61.76,-28.44,1
J,2022-10-17 14:58:51.936453,0.04,0.38,0.87,22.16,-10.50,-64.39,69.56,61.76,-28.44,1
J,2022-10-17 14:58:51.955372,0.03,0.03,0.98,21.91,-6.23,-51.45,66.78,64.26,-28.83,1
J,2022-10-17 14:58:51.973670,-0.06,-0.12,1.07,-19.53,0.31,-35.10,66.78,64.26,-28.83,1
J,2022-10-17 14:58:51.992478,-0.07,0.04,1.15,-1.10,7.14,-3.23,66.46,64.49,-29.58,1
J,2022-10-17 14:58:52.010404,0.10,-0.12,1.07,25.70,10.93,29.85,66.46,64.49,-29.58,1
J,2022-10-17 14:58:52.028403,0.25,-0.15,0.91,0.67,4.46,37.90,66.46,64.49,-29.58,1
J,2022-10-17 14:58:52.047390,0.19,0.02,0.86,-51.88,-6.23,31.62,67.66,63.21,-29.71,1
J,2022-10-17 14:58:52.065544,-0.60,0.04,0.75,-49.32,-7.63,-11.35,67.66,63.21,-29.71,1
J,2022-10-17 14:58:52.083688,-0.03,1.01,0.86,-90.88,-2.01,-27.47,67.66,63.21,-29.71,1
J,2022-10-17 14:58:52.102497,0.03,0.68,0.88,-2.01,-32.90,8.12,68.01,63.13,-30.10,1
J,2022-10-17 14:58:52.120327,0.00,0.50,0.95,27.53,-65.67,18.13,68.01,63.13,-30.10,1
J,2022-10-17 14:58:52.138407,0.02,0.37,0.85,39.86,-101.38,22.77,68.01,63.13,-30.10,1
J,2022-10-17 14:58:52.157527,-0.02,0.17,0.80,44.80,-101.32,24.11,67.36,63.85,-29.69,1
J,2022-10-17 14:58:52.175414,-0.09,0.02,0.86,36.87,-76.90,26.92,67.36,63.85,-29.69,1
J,2022-10-17 14:58:52.194522,-0.13,-0.07,1.03,28.08,-51.88,34.12,67.76,64.17,-30.00,1
J,2022-10-17 14:58:52.212471,-0.13,-0.02,1.11,17.52,-28.02,39.73,67.76,64.17,-30.00,1
J,2022-10-17 14:58:52.230386,-0.10,0.12,1.14,7.69,-9.95,44.80,67.76,64.17,-30.00,1
J,2022-10-17 14:58:52.249425,-0.10,0.18,1.11,-20.14,0.67,29.60,70.86,63.82,-30.36,1
J,2022-10-17 14:58:52.267521,-0.12,0.62,0.88,-29.54,16.72,16.78,70.86,63.82,-30.36,1
J,2022-10-17 14:58:52.285407,-0.14,0.76,0.82,-15.14,41.87,19.71,70.86,63.82,-30.36,1
