l,2022-10-30 17:14:40.666959,0.36,0.24,0.82,-30.88,-2.14,-4.03,45.12,-1.34,-39.65,1
l,2022-10-30 17:14:40.682577,0.25,0.36,0.82,-33.14,6.16,-2.01,45.57,-2.56,-39.31,1
l,2022-10-30 17:14:40.698206,0.26,0.38,0.82,-6.04,21.55,14.95,45.57,-2.56,-39.31,1
l,2022-10-30 17:14:40.729444,0.31,0.26,0.89,5.37,23.38,20.26,45.57,-2.56,-39.31,1
l,2022-10-30 17:14:40.735963,0.37,0.23,0.89,-1.77,15.32,11.35,45.20,-3.53,-37.87,1
l,2022-10-30 17:14:40.767215,0.28,0.35,0.84,-14.28,9.40,6.59,45.20,-3.53,-37.87,1
l,2022-10-30 17:14:40.782876,0.28,0.43,0.85,-16.11,6.59,15.01,46.39,-4.42,-38.01,1
l,2022-10-30 17:14:40.809279,0.35,0.34,0.92,-16.11,-9.22,19.84,46.39,-4.42,-38.01,1
l,2022-10-30 17:14:40.826499,0.34,0.35,0.89,-11.05,-22.46,15.63,46.39,-4.42,-38.01,1
l,2022-10-30 17:14:40.836243,0.33,0.36,0.86,-10.31,-38.94,12.63,45.46,-5.48,-37.55,1
l,2022-10-30 17:14:40.867506,0.42,0.34,0.83,-14.65,-52.98,9.22,45.46,-5.48,-37.55,1
l,2022-10-30 17:14:40.883241,-0.24,0.39,0.75,-16.17,-67.99,-0.98,44.30,-6.77,-39.49,1
l,2022-10-30 17:14:40.898749,0.28,0.40,0.92,54.87,7.08,31.43,44.30,-6.77,-39.49,1
l,2022-10-30 17:14:40.914437,0.25,0.14,1.13,45.84,-3.30,22.77,44.30,-6.77,-39.49,1
l,2022-10-30 17:14:40.936614,0.22,0.13,0.94,29.97,-17.82,-21.67,43.92,-5.37,-39.61,1
l,2022-10-30 17:14:40.967867,0.28,0.31,0.73,20.14,-3.91,-52.31,43.92,-5.37,-39.61,1
l,2022-10-30 17:14:40.983629,0.28,0.45,0.73,10.56,17.21,-64.70,45.43,-2.36,-38.94,1
l,2022-10-30 17:14:40.999246,0.34,0.22,0.91,5.49,34.85,-45.96,45.43,-2.36,-38.94,1
l,2022-10-30 17:14:41.027126,0.38,0.13,0.87,-6.65,37.29,-40.83,45.43,-2.36,-38.94,1
l,2022-10-30 17:14:41.036739,0.42,0.12,0.75,-38.45,55.42,-43.21,46.86,-0.57,-37.39,1
l,2022-10-30 17:14:41.067992,0.34,0.19,0.77,-55.42,69.82,-37.72,46.86,-0.57,-37.39,1
l,2022-10-30 17:14:41.083751,0.26,0.28,0.88,-55.91,57.56,-13.85,48.57,-1.23,-34.74,1
l,2022-10-30 17:14:41.099238,0.32,0.48,0.87,-31.43,39.31,3.72,48.57,-1.23,-34.74,1
l,2022-10-30 17:14:41.114859,0.30,0.47,0.83,-13.18,28.69,22.95,48.57,-1.23,-34.74,1
l,2022-10-30 17:14:41.137015,0.29,0.42,0.87,-4.33,10.74,42.72,49.96,-2.42,-32.79,1
l,2022-10-30 17:14:41.168270,0.28,0.35,0.90,14.34,-4.88,53.41,49.96,-2.42,-32.79,1
l,2022-10-30 17:14:41.183996,0.30,0.40,0.84,30.09,-23.56,58.65,48.14,-4.00,-34.30,1
l,2022-10-30 17:14:41.199556,0.26,0.29,0.87,50.72,-41.50,53.71,48.14,-4.00,-34.30,1
l,2022-10-30 17:14:41.215137,0.26,0.33,0.94,59.51,-58.11,44.74,48.14,-4.00,-34.30,1
l,2022-10-30 17:14:41.236879,0.27,0.27,0.98,71.59,-76.17,39.98,46.37,-4.71,-37.67,1
l,2022-10-30 17:14:41.268132,0.26,0.15,0.94,65.25,-100.04,28.14,46.37,-4.71,-37.67,1
l,2022-10-30 17:14:41.283753,0.25,0.22,0.84,54.81,-106.87,19.10,46.37,-4.71,-37.67,1
l,2022-10-30 17:14:41.299433,0.24,0.19,0.80,46.69,-95.76,9.58,43.30,-2.94,-41.66,1
l,2022-10-30 17:14:41.327056,0.18,0.22,0.82,34.91,-74.46,-2.99,43.30,-2.94,-41.66,1
l,2022-10-30 17:14:41.337076,0.16,0.28,0.89,22.71,-47.91,-14.22,39.77,-1.35,-45.50,1
l,2022-10-30 17:14:41.368331,0.12,0.51,0.97,24.41,-17.82,-20.08,39.77,-1.35,-45.50,1
l,2022-10-30 17:14:41.383952,0.08,0.33,0.97,55.54,-6.65,-19.29,39.77,-1.35,-45.50,1
l,2022-10-30 17:14:41.399647,0.12,0.32,0.90,83.74,3.42,-30.76,39.66,0.98,-46.41,1
l,2022-10-30 17:14:41.415215,0.15,-0.01,0.96,91.37,21.00,-30.40,39.66,0.98,-46.41,1
l,2022-10-30 17:14:41.437348,0.18,-0.21,0.96,68.91,20.08,-24.90,40.92,4.81,-45.41,1
l,2022-10-30 17:14:41.453163,0.16,-0.26,0.92,30.64,11.11,-17.64,40.92,4.81,-45.41,1
l,2022-10-30 17:14:41.484219,0.13,0.01,0.87,-26.49,8.30,-25.94,40.92,4.81,-45.41,1
l,2022-10-30 17:14:41.499894,0.13,0.31,0.88,-53.96,13.73,-24.35,40.61,5.19,-45.69,1
l,2022-10-30 17:14:41.515572,0.13,0.48,0.92,-60.91,20.81,5.98,40.61,5.19,-45.69,1
l,2022-10-30 17:14:41.543541,0.10,0.60,0.82,-54.93,28.26,31.31,40.73,3.02,-45.13,1
l,2022-10-30 17:14:41.559273,-0.33,0.67,1.01,-7.32,68.85,69.58,40.73,3.02,-45.13,1
l,2022-10-30 17:14:41.574918,0.05,0.58,0.92,49.19,96.62,89.17,40.73,3.02,-45.13,1
l,2022-10-30 17:14:41.606034,0.29,0.18,0.96,90.03,106.87,95.21,43.85,2.09,-42.24,1
l,2022-10-30 17:14:41.621656,0.46,-0.06,1.00,73.36,88.87,72.57,43.85,2.09,-42.24,1
l,2022-10-30 17:14:41.637278,0.46,-0.25,0.99,52.73,62.87,35.64,47.29,2.42,-39.62,1
l,2022-10-30 17:14:41.653043,0.38,-0.18,0.97,20.14,38.39,-5.92,47.29,2.42,-39.62,1
l,2022-10-30 17:14:41.684141,0.45,0.03,0.88,-14.89,17.15,-40.22,47.29,2.42,-39.62,1
l,2022-10-30 17:14:41.699824,0.42,0.08,0.88,-24.84,7.45,-45.72,48.84,4.49,-37.52,1
l,2022-10-30 17:14:41.715435,0.39,0.11,0.87,-26.43,1.53,-37.05,48.84,4.49,-37.52,1
l,2022-10-30 17:14:41.737645,0.36,0.06,0.86,-21.73,-0.37,-26.86,49.30,6.54,-36.44,1
