f,2022-11-02 13:07:15.440506,1.005616,9.749687,-0.708720,-0.052131,-0.163260,0.120847,51.805080,17.980960,-132.004852,1
f,2022-11-02 13:07:15.537394,2.087850,10.123201,-0.469287,-0.755616,0.339287,-1.393183,52.519630,21.577152,-148.937408,1
f,2022-11-02 13:07:15.617729,1.977711,6.364112,0.828436,0.119113,0.241014,0.627920,52.519630,21.577152,-148.937408,1
f,2022-11-02 13:07:15.713848,7.748032,9.141529,0.167603,-0.794898,0.410794,0.358404,51.447803,19.059818,-145.827346,1
f,2022-11-02 13:07:15.809903,7.613949,16.233514,1.877150,-0.336161,0.068972,-0.011381,56.449672,36.321540,-95.029670,1
f,2022-11-02 13:07:15.905614,2.116582,4.491751,-4.166123,0.194615,0.421846,0.771067,54.127376,28.949346,-109.370506,1
f,2022-11-02 13:07:16.001259,7.709722,8.322669,1.422228,0.119379,0.360193,-1.021534,54.127376,28.949346,-109.370506,1
f,2022-11-02 13:07:16.097051,-0.914632,10.218974,0.090984,-0.127233,-0.728391,-1.249370,62.166095,39.558113,-111.616661,1
f,2022-11-02 13:07:16.193521,3.711202,9.524621,-0.014366,-0.236558,-0.529183,1.224477,57.521503,39.558113,-125.439163,1
f,2022-11-02 13:07:16.289512,5.760743,7.757609,-0.205912,0.732049,-0.298284,-1.219276,54.841930,29.308965,-129.758697,1
