B,2022-10-17 13:58:28.307712,0.23,-0.26,0.90,120.91,83.50,-8.61,-80.87,-55.93,-16.44,1
B,2022-10-17 13:58:28.323355,0.10,-0.63,0.92,94.42,81.48,-11.54,-80.87,-55.93,-16.44,1
B,2022-10-17 13:58:28.338985,0.24,-0.65,0.77,77.33,67.08,2.81,-90.93,-55.00,-19.93,1
B,2022-10-17 13:58:28.370230,0.38,-0.71,0.55,22.16,41.02,-9.95,-90.93,-55.00,-19.93,1
B,2022-10-17 13:58:28.385842,0.35,-0.67,0.56,-15.50,12.27,-18.62,-90.93,-55.00,-19.93,1
B,2022-10-17 13:58:28.401468,0.31,-0.56,0.62,-40.95,-5.68,-18.07,-99.26,-53.39,-24.13,1
B,2022-10-17 13:58:28.417092,0.22,-0.45,0.65,-47.97,-12.88,-1.46,-99.26,-53.39,-24.13,1
B,2022-10-17 13:58:28.432737,0.20,-0.28,0.56,-35.77,-28.63,3.60,-100.99,-50.68,-18.66,1
B,2022-10-17 13:58:28.463970,-0.15,-0.31,0.77,-36.50,-43.33,-4.94,-100.99,-50.68,-18.66,1
B,2022-10-17 13:58:28.479597,0.09,-0.09,0.87,-32.71,34.79,-9.83,-100.99,-50.68,-18.66,1
B,2022-10-17 13:58:28.495244,-0.00,-0.16,0.17,-34.12,38.64,-2.99,-99.72,-49.79,-19.48,1
B,2022-10-17 13:58:28.510865,0.11,-0.10,0.85,1.10,-36.25,-11.78,-99.72,-49.79,-19.48,1
B,2022-10-17 13:58:28.526495,0.14,-0.06,0.75,-1.46,-43.88,-23.74,-99.72,-49.79,-19.48,1
B,2022-10-17 13:58:28.557725,0.07,-0.12,0.77,-0.98,-39.12,-22.22,-94.46,-50.29,-16.59,1
B,2022-10-17 13:58:28.573372,0.09,-0.12,0.89,4.21,-41.50,-19.71,-94.46,-50.29,-16.59,1
B,2022-10-17 13:58:28.588995,0.08,-0.11,0.97,0.61,-39.18,-21.06,-89.78,-50.83,-14.18,1
B,2022-10-17 13:58:28.613158,0.16,-0.10,0.99,10.56,-42.79,-18.07,-89.78,-50.83,-14.18,1
B,2022-10-17 13:58:28.628810,0.08,-0.15,1.10,21.97,-52.86,-13.31,-89.78,-50.83,-14.18,1
B,2022-10-17 13:58:28.644437,0.13,-0.16,1.11,46.26,-60.18,-4.21,-85.71,-51.90,-10.21,1
B,2022-10-17 13:58:28.660059,0.09,-0.38,1.36,54.08,-58.41,2.32,-85.71,-51.90,-10.21,1
B,2022-10-17 13:58:28.691295,0.09,-0.39,1.21,37.54,-39.25,11.72,-85.71,-51.90,-10.21,1
B,2022-10-17 13:58:28.706919,0.04,-0.37,1.29,19.59,-25.94,10.62,-83.25,-53.15,-4.70,1
B,2022-10-17 13:58:28.722563,-0.07,-0.42,1.53,17.40,-0.43,16.17,-83.25,-53.15,-4.70,1
B,2022-10-17 13:58:28.738189,0.03,-0.30,1.22,-4.39,45.72,22.58,-82.31,-52.88,-6.30,1
B,2022-10-17 13:58:28.769439,0.09,-0.31,1.18,-11.96,64.76,24.78,-82.31,-52.88,-6.30,1
B,2022-10-17 13:58:28.785053,0.11,-0.36,1.05,-11.66,76.42,27.59,-82.31,-52.88,-6.30,1
B,2022-10-17 13:58:28.800674,0.18,-0.31,0.93,-14.16,75.99,36.38,-86.87,-51.73,-12.10,1
B,2022-10-17 13:58:28.816318,0.24,-0.25,0.79,-26.92,70.86,36.38,-86.87,-51.73,-12.10,1
B,2022-10-17 13:58:28.831948,0.27,-0.22,0.66,-44.43,50.78,4.64,-90.84,-49.49,-18.07,1
B,2022-10-17 13:58:28.863177,0.32,-0.12,0.65,-52.25,9.77,5.31,-90.84,-49.49,-18.07,1
B,2022-10-17 13:58:28.878807,0.28,-0.01,0.67,-56.64,-8.06,-0.67,-90.84,-49.49,-18.07,1
B,2022-10-17 13:58:28.894448,-2.29,0.21,0.31,-55.91,-20.45,-9.58,-90.42,-47.33,-16.63,1
B,2022-10-17 13:58:28.910076,0.09,0.10,0.90,103.70,-44.19,20.26,-90.42,-47.33,-16.63,1
B,2022-10-17 13:58:28.925699,0.17,-0.06,0.94,134.77,-34.55,58.04,-90.42,-47.33,-16.63,1
B,2022-10-17 13:58:28.956949,-0.01,0.23,1.15,-5.13,57.98,5.74,-91.96,-46.47,-10.68,1
B,2022-10-17 13:58:28.972561,0.10,0.30,0.60,-102.23,99.30,-79.28,-91.96,-46.47,-10.68,1
B,2022-10-17 13:58:28.988184,0.09,0.09,0.78,24.60,35.40,-53.83,-91.96,-46.47,-10.68,1
B,2022-10-17 13:58:29.003829,0.14,-0.40,0.72,49.38,20.94,-40.83,-105.74,-47.74,-23.22,1
B,2022-10-17 13:58:29.019458,0.10,-0.75,0.75,72.45,13.00,-6.04,-105.74,-47.74,-23.22,1
B,2022-10-17 13:58:29.050706,0.29,-0.74,0.57,47.91,2.32,-6.29,-114.77,-50.43,-27.66,1
B,2022-10-17 13:58:29.066315,0.14,-0.78,0.70,-9.83,-5.55,-3.23,-114.77,-50.43,-27.66,1
B,2022-10-17 13:58:29.081939,0.18,-0.64,0.83,-34.55,-21.42,-19.41,-114.77,-50.43,-27.66,1
B,2022-10-17 13:58:29.097588,0.18,-0.49,0.85,-45.10,-32.29,-25.27,-112.06,-50.32,-22.97,1
B,2022-10-17 13:58:29.113210,0.18,-0.37,1.01,-47.06,-37.84,-23.32,-112.06,-50.32,-22.97,1
B,2022-10-17 13:58:29.144444,0.17,-0.35,1.08,-40.04,-39.55,-10.50,-102.92,-49.50,-17.94,1
B,2022-10-17 13:58:29.160070,0.20,-0.20,1.14,-43.52,-29.54,-1.46,-102.92,-49.50,-17.94,1
B,2022-10-17 13:58:29.175717,0.14,0.06,1.17,-57.19,-10.99,-3.36,-102.92,-49.50,-17.94,1
B,2022-10-17 13:58:29.191340,0.18,0.28,1.13,-65.98,-2.32,-12.76,-93.87,-49.33,-16.75,1
B,2022-10-17 13:58:29.206966,0.14,0.52,1.08,-64.15,-2.32,-24.17,-93.87,-49.33,-16.75,1
B,2022-10-17 13:58:29.238199,0.12,0.30,1.03,-4.76,-18.07,24.17,-93.87,-49.33,-16.75,1
B,2022-10-17 13:58:29.253824,0.12,0.14,0.99,98.69,-24.54,72.14,-92.35,-49.56,-15.84,1
B,2022-10-17 13:58:29.269469,0.11,0.19,1.27,136.96,-26.98,95.89,-92.35,-49.56,-15.84,1
B,2022-10-17 13:58:29.285095,-0.03,0.24,0.76,-35.10,35.34,-38.82,-97.20,-47.44,-16.27,1
B,2022-10-17 13:58:29.300719,0.09,-0.01,0.73,-22.89,11.84,-57.31,-97.20,-47.44,-16.27,1
B,2022-10-17 13:58:29.331954,0.08,-0.24,0.79,27.16,-4.46,-47.91,-97.20,-47.44,-16.27,1
B,2022-10-17 13:58:29.347581,0.08,-0.41,0.72,47.36,-9.22,-28.75,-110.06,-53.59,-18.12,1
B,2022-10-17 13:58:29.363224,0.08,-0.65,0.77,49.80,-10.25,-17.52,-110.06,-53.59,-18.12,1
B,2022-10-17 13:58:29.378850,0.10,-0.83,0.77,15.32,-6.77,-9.83,-110.06,-53.59,-18.12,1
B,2022-10-17 13:58:29.394476,0.09,-0.84,0.86,-18.13,-11.72,-16.91,-113.43,-57.84,-16.37,1
B,2022-10-17 13:58:29.425710,0.13,-0.77,0.91,-27.40,-25.63,-14.83,-113.43,-57.84,-16.37,1
B,2022-10-17 13:58:29.441336,0.12,-0.67,1.03,-30.76,-23.13,4.82,-105.90,-55.03,-14.22,1
B,2022-10-17 13:58:29.456980,0.09,-0.45,1.12,-36.32,-18.37,20.14,-105.90,-55.03,-14.22,1
B,2022-10-17 13:58:29.472606,0.06,-0.28,1.05,-43.27,-9.34,27.77,-105.90,-55.03,-14.22,1
B,2022-10-17 13:58:29.488234,0.13,-0.03,1.00,-50.90,-7.93,27.59,-90.11,-50.52,-13.95,1
B,2022-10-17 13:58:29.519468,0.06,0.17,1.07,-48.52,-11.66,11.11,-90.11,-50.52,-13.95,1
B,2022-10-17 13:58:29.535096,0.08,0.46,1.10,-50.05,-9.70,-8.54,-90.11,-50.52,-13.95,1
B,2022-10-17 13:58:29.550736,0.07,0.55,1.05,-34.91,-9.52,-16.91,-80.60,-51.23,-13.44,1
B,2022-10-17 13:58:29.566344,0.05,0.40,1.03,-9.70,-21.24,-22.22,-80.60,-51.23,-13.44,1
B,2022-10-17 13:58:29.581986,0.03,0.20,1.00,71.59,-26.43,46.20,-79.44,-52.51,-11.51,1
B,2022-10-17 13:58:29.613222,0.04,-0.06,0.93,102.78,-23.62,72.81,-79.44,-52.51,-11.51,1
