L,2022-10-25 11:36:38.861632,0.15,0.32,0.94,0.43,16.60,-15.08,-7.02,31.52,-31.86,1
L,2022-10-25 11:36:38.882734,0.21,0.28,0.95,-4.15,20.20,-10.38,-7.07,31.27,-33.97,1
L,2022-10-25 11:36:38.898485,0.23,0.28,0.93,-8.42,17.70,-4.64,-7.07,31.27,-33.97,1
L,2022-10-25 11:36:38.917566,0.21,0.29,0.89,-12.51,14.22,-1.34,-7.07,31.27,-33.97,1
L,2022-10-25 11:36:38.936190,0.18,0.36,0.88,-13.73,12.33,-2.20,-7.25,30.53,-34.13,1
L,2022-10-25 11:36:38.955367,0.20,0.35,0.86,-2.01,14.95,0.00,-7.25,30.53,-34.13,1
L,2022-10-25 11:36:38.977694,0.24,0.29,0.85,-4.64,9.03,-1.10,-7.25,30.53,-34.13,1
L,2022-10-25 11:36:38.995191,0.18,0.32,0.85,-10.19,3.36,1.77,-6.74,30.00,-34.59,1
L,2022-10-25 11:36:39.012233,0.18,0.33,0.84,-9.28,4.33,4.27,-6.74,30.00,-34.59,1
L,2022-10-25 11:36:39.031758,0.17,0.35,0.83,-11.47,3.97,1.16,-6.99,29.39,-35.03,1
L,2022-10-25 11:36:39.050728,0.21,0.32,0.80,-9.77,-0.24,5.86,-6.99,29.39,-35.03,1
L,2022-10-25 11:36:39.071204,-0.23,0.61,1.15,3.48,-9.95,7.45,-6.99,29.39,-35.03,1
L,2022-10-25 11:36:39.088618,0.16,0.30,0.71,55.60,-0.18,11.41,-7.69,30.07,-34.55,1
L,2022-10-25 11:36:39.107605,0.17,0.09,0.75,10.31,3.05,0.12,-7.69,30.07,-34.55,1
L,2022-10-25 11:36:39.126138,0.16,0.22,0.72,-16.91,10.44,-11.17,-7.69,30.07,-34.55,1
L,2022-10-25 11:36:39.147839,-0.05,0.32,0.95,-37.41,10.50,-15.26,-7.54,30.03,-34.41,1
L,2022-10-25 11:36:39.164370,0.09,0.39,0.72,1.95,-31.92,3.97,-7.54,30.03,-34.41,1
L,2022-10-25 11:36:39.184121,0.08,0.40,0.69,18.07,-35.03,10.93,-8.31,30.31,-33.86,1
L,2022-10-25 11:36:39.203418,0.12,0.37,0.72,27.65,-33.08,14.95,-8.31,30.31,-33.86,1
L,2022-10-25 11:36:39.225988,0.12,0.26,0.80,27.22,-26.98,11.41,-8.31,30.31,-33.86,1
L,2022-10-25 11:36:39.242980,0.14,0.21,0.88,7.81,-23.56,2.26,-8.40,31.88,-32.71,1
L,2022-10-25 11:36:39.265927,0.18,0.33,0.92,-18.62,-18.92,-6.35,-8.40,31.88,-32.71,1
L,2022-10-25 11:36:39.280205,0.19,0.48,0.98,-27.95,-7.51,-13.49,-8.81,31.88,-31.51,1
L,2022-10-25 11:36:39.298859,0.20,0.58,1.04,-19.78,10.56,-10.19,-8.81,31.88,-31.51,1
L,2022-10-25 11:36:39.320220,0.19,0.55,1.07,-11.66,19.17,-4.58,-8.81,31.88,-31.51,1
L,2022-10-25 11:36:39.338105,0.16,0.47,1.10,-12.76,19.04,1.22,-8.29,31.87,-33.17,1
L,2022-10-25 11:36:39.356844,0.13,0.54,1.02,-13.92,3.72,9.40,-8.29,31.87,-33.17,1
L,2022-10-25 11:36:39.376121,0.18,0.56,0.95,-0.67,-3.66,17.88,-8.29,31.87,-33.17,1
L,2022-10-25 11:36:39.398041,0.25,0.55,0.77,-11.78,-18.68,-14.16,-8.02,31.67,-33.11,1
L,2022-10-25 11:36:39.414468,0.14,0.80,0.70,-5.68,-14.40,-24.96,-8.02,31.67,-33.11,1
L,2022-10-25 11:36:39.433216,0.16,0.64,0.73,37.60,-8.18,-24.29,-8.95,30.88,-33.65,1
L,2022-10-25 11:36:39.452541,0.13,0.49,0.81,41.38,-13.92,-31.86,-8.95,30.88,-33.65,1
L,2022-10-25 11:36:39.474282,0.12,0.45,0.85,41.69,-20.08,-31.49,-8.95,30.88,-33.65,1
L,2022-10-25 11:36:39.491385,0.09,0.33,0.91,58.53,-19.59,-21.30,-10.21,31.48,-32.46,1
L,2022-10-25 11:36:39.510237,0.04,0.10,1.02,55.05,-18.13,-14.95,-10.21,31.48,-32.46,1
L,2022-10-25 11:36:39.529221,-0.01,0.07,1.06,43.95,-13.31,3.48,-10.21,31.48,-32.46,1
L,2022-10-25 11:36:39.550900,0.02,-0.07,1.09,23.07,-6.65,42.18,-11.02,32.14,-33.52,1
L,2022-10-25 11:36:39.568759,0.10,-0.10,0.99,-22.46,-15.01,19.96,-11.02,32.14,-33.52,1
L,2022-10-25 11:36:39.586363,0.05,0.05,0.93,-66.59,-19.10,-0.31,-11.58,31.60,-33.47,1
L,2022-10-25 11:36:39.605044,-0.22,0.41,0.89,-71.23,-2.38,0.92,-11.58,31.60,-33.47,1
L,2022-10-25 11:36:39.624104,-0.23,0.14,1.07,-5.80,24.48,31.37,-11.58,31.60,-33.47,1
