P,2022-10-27 10:03:11.647961,0.49,-0.44,0.85,-23.19,-4.70,0.79,38.05,-53.71,-194.37,1
P,2022-10-27 10:03:11.667054,0.43,-0.41,0.92,-24.84,-3.91,5.98,42.60,-55.82,-194.48,1
P,2022-10-27 10:03:11.685051,0.47,-0.37,0.90,-21.06,0.85,15.63,42.60,-55.82,-194.48,1
P,2022-10-27 10:03:11.704115,0.48,-0.25,0.83,-32.65,2.01,13.24,46.37,-60.33,-193.57,1
P,2022-10-27 10:03:11.722108,0.49,-0.13,0.76,-47.36,1.89,6.53,46.37,-60.33,-193.57,1
P,2022-10-27 10:03:11.740242,0.47,-0.03,0.67,-56.95,-1.34,-1.95,46.37,-60.33,-193.57,1
P,2022-10-27 10:03:11.759212,0.46,0.01,0.55,-50.11,-7.08,-3.85,50.40,-67.47,-192.53,1
P,2022-10-27 10:03:11.777172,0.36,0.06,0.49,-29.05,-27.65,-6.23,50.40,-67.47,-192.53,1
P,2022-10-27 10:03:11.794842,0.26,0.05,1.00,47.73,20.63,0.98,50.40,-67.47,-192.53,1
P,2022-10-27 10:03:11.813961,0.30,-0.14,0.69,66.28,23.25,5.37,53.65,-69.14,-194.70,1
P,2022-10-27 10:03:11.832181,0.27,-0.23,0.66,28.38,-10.80,-9.95,53.65,-69.14,-194.70,1
P,2022-10-27 10:03:11.851055,0.27,-0.21,0.63,-8.00,-43.33,-20.14,47.83,-65.20,-200.40,1
P,2022-10-27 10:03:11.869008,0.32,-0.10,0.69,-10.01,-46.57,-19.04,47.83,-65.20,-200.40,1
P,2022-10-27 10:03:11.887173,0.38,-0.06,0.78,2.38,-40.71,-13.49,47.83,-65.20,-200.40,1
P,2022-10-27 10:03:11.906063,0.41,-0.10,0.92,25.82,-33.51,-5.25,35.53,-61.49,-207.50,1
P,2022-10-27 10:03:11.923924,0.49,-0.19,1.07,41.02,-32.17,3.36,35.53,-61.49,-207.50,1
P,2022-10-27 10:03:11.941895,0.52,-0.30,1.21,21.61,-39.06,0.49,35.53,-61.49,-207.50,1
P,2022-10-27 10:03:11.961179,0.53,-0.32,1.27,-2.81,-47.67,-2.20,22.72,-56.49,-210.30,1
P,2022-10-27 10:03:11.979091,0.43,-0.29,1.32,-1.59,-39.67,6.65,22.72,-56.49,-210.30,1
P,2022-10-27 10:03:11.996953,0.40,-0.15,1.38,19.41,26.25,18.68,22.72,-56.49,-210.30,1
P,2022-10-27 10:03:12.015762,0.55,-0.30,1.13,14.59,36.74,7.51,19.62,-55.41,-209.29,1
P,2022-10-27 10:03:12.033956,0.56,-0.30,1.03,4.88,41.50,11.47,19.62,-55.41,-209.29,1
P,2022-10-27 10:03:12.052983,0.54,-0.24,0.95,-14.04,43.21,8.42,28.31,-55.88,-206.02,1
P,2022-10-27 10:03:12.071101,0.55,-0.19,0.84,-31.49,43.33,2.32,28.31,-55.88,-206.02,1
P,2022-10-27 10:03:12.089141,0.58,-0.16,0.72,-26.67,28.44,7.81,28.31,-55.88,-206.02,1
P,2022-10-27 10:03:12.107927,0.57,-0.16,0.64,-25.82,21.18,11.60,38.10,-61.38,-202.62,1
P,2022-10-27 10:03:12.126124,0.35,-0.09,0.69,-34.73,9.95,13.49,38.10,-61.38,-202.62,1
P,2022-10-27 10:03:12.143884,0.36,0.25,0.93,13.79,36.13,18.62,38.10,-61.38,-202.62,1
P,2022-10-27 10:03:12.162978,0.37,-0.04,0.86,8.91,41.38,-7.02,47.66,-65.99,-199.28,1
P,2022-10-27 10:03:12.180947,0.38,0.07,0.72,-24.54,31.43,-10.99,47.66,-65.99,-199.28,1
P,2022-10-27 10:03:12.199876,0.35,0.15,0.69,-33.45,22.64,-21.30,55.55,-67.49,-193.85,1
P,2022-10-27 10:03:12.217962,0.30,0.12,0.62,-29.72,13.92,-33.75,55.55,-67.49,-193.85,1
P,2022-10-27 10:03:12.236111,0.27,0.06,0.59,-16.42,-12.94,-42.30,55.55,-67.49,-193.85,1
P,2022-10-27 10:03:12.255157,0.24,-0.10,0.59,12.94,-5.00,-40.83,60.88,-61.51,-192.27,1
P,2022-10-27 10:03:12.273057,0.30,-0.23,0.63,42.60,-11.35,-28.50,60.88,-61.51,-192.27,1
P,2022-10-27 10:03:12.291066,0.32,-0.36,0.69,76.35,-21.18,-14.47,60.88,-61.51,-192.27,1
P,2022-10-27 10:03:12.309944,0.39,-0.60,0.77,85.94,-31.01,-7.39,56.16,-51.44,-196.83,1
P,2022-10-27 10:03:12.327874,0.50,-0.84,0.92,34.06,-29.11,-2.56,56.16,-51.44,-196.83,1
P,2022-10-27 10:03:12.346121,0.49,-0.85,0.95,-9.70,-23.99,7.26,56.16,-51.44,-196.83,1
P,2022-10-27 10:03:12.364941,0.47,-0.69,0.97,-29.36,-27.71,24.23,45.98,-50.68,-201.62,1
P,2022-10-27 10:03:12.383001,0.49,-0.37,1.01,-33.02,-36.56,43.76,45.98,-50.68,-201.62,1
P,2022-10-27 10:03:12.401979,0.35,-0.06,1.07,-23.86,-41.56,56.82,34.68,-59.18,-206.37,1
P,2022-10-27 10:03:12.419970,0.07,0.27,1.33,20.94,3.17,43.15,34.68,-59.18,-206.37,1
P,2022-10-27 10:03:12.437790,0.34,0.05,1.09,36.87,33.51,14.71,34.68,-59.18,-206.37,1
P,2022-10-27 10:03:12.456948,0.39,-0.15,0.97,38.94,33.08,4.39,29.10,-56.15,-201.77,1
P,2022-10-27 10:03:12.475000,0.41,-0.27,0.83,31.74,31.01,-1.89,29.10,-56.15,-201.77,1
P,2022-10-27 10:03:12.493066,0.44,-0.48,0.58,30.58,23.62,-1.83,29.10,-56.15,-201.77,1
P,2022-10-27 10:03:12.511750,0.48,-0.64,0.45,25.02,15.20,0.43,25.12,-51.56,-194.37,1
