v,2022-10-14 10:47:14.796565,0.15,1.11,1.14,-82.09,-29.66,54.38,-10.45,33.73,-27.64,1
v,2022-10-14 10:47:14.827801,0.08,1.07,1.29,-60.55,-24.66,31.19,-10.45,33.73,-27.64,1
v,2022-10-14 10:47:14.843442,0.07,0.94,1.29,-41.20,-5.74,14.59,-4.74,31.91,-26.99,1
v,2022-10-14 10:47:14.859069,0.10,0.64,0.97,-28.81,-1.16,9.83,-4.74,31.91,-26.99,1
v,2022-10-14 10:47:14.874695,0.03,0.61,1.21,-27.53,-5.80,10.68,-4.74,31.91,-26.99,1
v,2022-10-14 10:47:14.890321,0.00,0.78,1.14,-82.15,3.60,-14.10,-1.33,30.62,-25.09,1
v,2022-10-14 10:47:14.921576,-0.01,0.86,1.08,-109.19,8.91,-51.51,-1.33,30.62,-25.09,1
v,2022-10-14 10:47:14.937207,0.04,0.74,0.98,-59.39,7.26,-44.19,-1.33,30.62,-25.09,1
v,2022-10-14 10:47:14.952844,0.04,0.69,0.92,-12.02,2.99,-29.36,-1.06,30.25,-21.13,1
v,2022-10-14 10:47:14.968434,-0.01,0.53,0.91,0.31,-0.37,-28.02,-1.06,30.25,-21.13,1
v,2022-10-14 10:47:14.984076,-0.00,0.45,0.87,11.66,-3.85,-31.07,-2.25,31.09,-17.11,1
v,2022-10-14 10:47:15.008615,-0.04,0.32,0.91,2.08,-11.96,-38.21,-2.25,31.09,-17.11,1
v,2022-10-14 10:47:15.024267,-0.04,0.28,0.94,-27.59,-7.14,-44.49,-2.25,31.09,-17.11,1
v,2022-10-14 10:47:15.039893,-0.01,0.28,0.84,-31.19,-6.90,-40.59,-2.93,32.26,-11.24,1
v,2022-10-14 10:47:15.071142,-0.01,0.26,0.88,-2.93,-16.42,-17.33,-2.93,32.26,-11.24,1
v,2022-10-14 10:47:15.086751,0.03,0.36,0.98,146.85,-8.42,26.00,-2.93,32.26,-11.24,1
v,2022-10-14 10:47:15.102378,0.02,-0.21,0.78,150.27,-12.02,20.08,-3.00,31.40,-8.09,1
v,2022-10-14 10:47:15.118025,0.01,0.02,0.80,26.49,-1.10,-1.65,-3.00,31.40,-8.09,1
v,2022-10-14 10:47:15.133647,-0.01,0.12,0.81,-76.48,25.33,-18.62,-2.14,31.14,-9.55,1
v,2022-10-14 10:47:15.149273,-0.06,0.33,0.48,-115.17,34.97,-20.14,-2.14,31.14,-9.55,1
v,2022-10-14 10:47:15.180523,-0.04,0.39,0.64,-54.69,-8.73,-12.57,-2.14,31.14,-9.55,1
v,2022-10-14 10:47:15.196149,-0.03,0.40,0.64,2.44,-30.15,3.97,2.37,32.89,-11.34,1
v,2022-10-14 10:47:15.211777,-0.01,0.43,0.70,53.96,-42.97,14.59,2.37,32.89,-11.34,1
v,2022-10-14 10:47:15.227403,-0.00,0.41,0.88,35.64,-40.22,5.37,2.37,32.89,-11.34,1
v,2022-10-14 10:47:15.243033,0.00,0.30,0.98,22.40,-35.64,-2.01,9.90,31.97,-13.24,1
v,2022-10-14 10:47:15.258654,0.03,0.18,1.11,8.48,-26.49,-4.15,9.90,31.97,-13.24,1
v,2022-10-14 10:47:15.289904,0.04,0.19,1.20,-10.07,-14.83,-3.54,9.90,31.97,-13.24,1
v,2022-10-14 10:47:15.305531,0.05,0.25,1.22,-15.50,-8.79,-3.48,15.19,31.96,-16.08,1
v,2022-10-14 10:47:15.321160,0.05,0.26,1.25,-10.19,-7.26,-1.53,15.19,31.96,-16.08,1
v,2022-10-14 10:47:15.336784,0.04,0.23,1.19,-5.13,-7.26,2.26,16.58,31.81,-16.96,1
v,2022-10-14 10:47:15.352409,0.02,0.30,1.04,-5.62,-9.89,4.33,16.58,31.81,-16.96,1
v,2022-10-14 10:47:15.368036,0.00,0.36,1.03,14.89,-33.69,5.25,16.58,31.81,-16.96,1
v,2022-10-14 10:47:15.399269,-0.00,0.51,1.33,-7.20,-26.92,-8.06,16.64,32.13,-16.56,1
v,2022-10-14 10:47:15.414913,0.02,0.58,1.10,-90.45,31.25,-38.57,16.64,32.13,-16.56,1
v,2022-10-14 10:47:15.430544,0.05,0.63,1.09,-41.93,27.77,-24.54,16.64,32.13,-16.56,1
v,2022-10-14 10:47:15.446165,0.05,0.63,1.08,-29.42,24.96,-27.65,11.43,33.79,-14.88,1
v,2022-10-14 10:47:15.461792,0.02,0.48,0.98,-15.69,25.94,-33.08,11.43,33.79,-14.88,1
v,2022-10-14 10:47:15.477421,0.00,0.34,0.90,35.46,17.88,-17.94,11.43,33.79,-14.88,1
v,2022-10-14 10:47:15.508669,-0.03,0.16,0.75,75.38,8.91,-5.55,3.15,35.34,-12.54,1
v,2022-10-14 10:47:15.524517,-0.11,-0.01,0.67,98.63,-12.21,7.81,3.15,35.34,-12.54,1
v,2022-10-14 10:47:15.539922,-0.05,-0.10,0.67,183.72,-65.67,37.05,-2.51,32.53,-8.53,1
v,2022-10-14 10:47:15.571172,-0.13,-0.13,0.64,109.80,-65.80,24.60,-2.51,32.53,-8.53,1
v,2022-10-14 10:47:15.586820,-0.13,-0.08,0.71,-6.90,-23.19,7.75,-2.51,32.53,-8.53,1
v,2022-10-14 10:47:15.602431,-0.11,-0.01,0.81,-121.70,21.79,-0.12,-2.39,33.18,-7.63,1
v,2022-10-14 10:47:15.618050,-1.54,1.03,2.08,-172.91,49.26,18.86,-2.39,33.18,-7.63,1
v,2022-10-14 10:47:15.633681,-0.84,1.22,1.69,1.16,112.92,-13.67,-7.68,33.81,-16.54,1
v,2022-10-14 10:47:15.649303,-0.27,0.50,1.30,33.20,143.19,-73.49,-7.68,33.81,-16.54,1
v,2022-10-14 10:47:15.664933,0.17,0.20,0.73,52.98,127.62,-49.44,-7.68,33.81,-16.54,1
v,2022-10-14 10:47:15.696162,0.69,0.12,0.14,101.14,75.99,-18.01,-14.65,31.34,-32.07,1
