Q,2022-10-27 14:48:14.533030,0.03,-0.22,1.06,-60.00,10.07,2.81,6.21,9.70,-17.99,1
Q,2022-10-27 14:48:14.549587,0.04,-0.21,1.05,-62.38,15.69,-3.36,4.75,9.63,-20.17,1
Q,2022-10-27 14:48:14.569650,-0.03,-0.15,1.09,-62.01,20.57,-9.52,4.75,9.63,-20.17,1
Q,2022-10-27 14:48:14.589650,-0.10,-0.11,1.10,-45.96,29.11,-10.74,4.72,8.51,-20.62,1
Q,2022-10-27 14:48:14.605730,-0.04,-0.11,1.09,-31.49,34.36,-8.73,4.72,8.51,-20.62,1
Q,2022-10-27 14:48:14.626650,0.01,-0.15,1.06,-14.40,29.60,-7.57,4.72,8.51,-20.62,1
Q,2022-10-27 14:48:14.646660,-0.02,-0.15,1.06,-3.54,29.60,-7.69,5.00,8.14,-21.26,1
Q,2022-10-27 14:48:14.676564,0.02,-0.21,1.00,14.16,26.49,-6.23,5.00,8.14,-21.26,1
Q,2022-10-27 14:48:14.696594,0.10,-0.30,0.91,19.47,18.92,-12.21,5.25,7.70,-20.83,1
Q,2022-10-27 14:48:14.705927,0.07,-0.30,0.90,16.17,14.04,-17.15,5.25,7.70,-20.83,1
Q,2022-10-27 14:48:14.727072,-0.00,-0.27,0.93,16.66,14.04,-13.00,5.25,7.70,-20.83,1
Q,2022-10-27 14:48:14.749334,0.04,-0.33,0.89,26.06,13.12,-10.13,6.24,7.39,-21.17,1
Q,2022-10-27 14:48:14.769329,0.02,-0.35,0.88,23.99,12.02,-10.38,6.24,7.39,-21.17,1
Q,2022-10-27 14:48:14.789323,0.04,-0.40,0.87,21.73,19.47,-10.38,7.48,7.32,-20.02,1
Q,2022-10-27 14:48:14.806065,0.06,-0.44,0.87,9.95,25.57,-8.48,7.48,7.32,-20.02,1
Q,2022-10-27 14:48:14.826680,-1.63,-0.21,1.07,6.77,23.13,-4.03,7.48,7.32,-20.02,1
Q,2022-10-27 14:48:14.849390,0.07,-0.57,0.71,103.82,0.73,0.61,7.51,7.26,-21.81,1
Q,2022-10-27 14:48:14.866116,0.11,-0.53,0.78,48.22,7.14,-9.58,7.51,7.26,-21.81,1
Q,2022-10-27 14:48:14.882352,-0.17,-1.07,0.95,-40.53,39.61,70.25,7.63,7.30,-22.36,1
Q,2022-10-27 14:48:14.902350,0.15,-0.50,0.75,-36.19,31.68,35.95,7.63,7.30,-22.36,1
Q,2022-10-27 14:48:14.922311,0.16,-0.41,0.83,-37.17,28.99,30.33,7.63,7.30,-22.36,1
Q,2022-10-27 14:48:14.942712,0.15,-0.39,0.87,-32.47,19.78,30.21,8.44,6.67,-22.00,1
Q,2022-10-27 14:48:14.966181,0.14,-0.39,0.91,-25.76,4.46,34.42,8.44,6.67,-22.00,1
Q,2022-10-27 14:48:14.986175,0.12,-0.35,0.90,-26.79,-14.89,41.20,8.44,6.67,-22.00,1
Q,2022-10-27 14:48:15.006183,0.03,-0.29,0.91,-22.22,-26.12,34.79,7.80,7.10,-23.44,1
Q,2022-10-27 14:48:15.026161,0.03,-0.25,0.91,-9.89,-47.79,31.62,7.80,7.10,-23.44,1
Q,2022-10-27 14:48:15.046159,0.07,-0.26,0.88,-3.85,-58.47,28.14,6.91,6.90,-23.30,1
Q,2022-10-27 14:48:15.066150,0.05,-0.23,0.92,3.05,-78.98,22.52,6.91,6.90,-23.30,1
Q,2022-10-27 14:48:15.086141,-0.08,-0.18,0.92,7.32,-79.22,13.67,6.91,6.90,-23.30,1
Q,2022-10-27 14:48:15.106149,-0.09,-0.15,1.06,9.52,-58.72,3.42,5.63,5.97,-22.84,1
Q,2022-10-27 14:48:15.126133,-0.08,-0.19,0.98,35.28,-64.21,-10.01,5.63,5.97,-22.84,1
Q,2022-10-27 14:48:15.146122,-0.08,-0.29,1.09,32.78,-60.73,-16.05,4.39,6.42,-23.56,1
Q,2022-10-27 14:48:15.166116,-0.15,-0.25,1.06,45.47,-36.68,-36.25,4.39,6.42,-23.56,1
Q,2022-10-27 14:48:15.186107,-0.13,-0.29,1.02,55.54,-16.17,-38.21,4.39,6.42,-23.56,1
Q,2022-10-27 14:48:15.206106,-0.14,-0.35,1.05,61.16,0.24,-38.70,4.30,6.86,-22.67,1
Q,2022-10-27 14:48:15.226805,-0.04,-0.47,1.05,75.20,4.82,-32.90,4.30,6.86,-22.67,1
Q,2022-10-27 14:48:15.252802,-0.07,-0.52,1.00,79.22,-1.34,-27.95,5.10,6.81,-23.49,1
Q,2022-10-27 14:48:15.266079,-0.03,-0.68,0.90,71.96,-1.28,-12.45,5.10,6.81,-23.49,1
Q,2022-10-27 14:48:15.282817,-0.13,-0.74,0.73,61.40,6.16,-8.79,5.10,6.81,-23.49,1
Q,2022-10-27 14:48:15.302892,-0.02,-0.82,0.71,41.38,33.14,-7.39,6.69,7.35,-21.04,1
Q,2022-10-27 14:48:15.322888,0.04,-0.80,0.75,-4.27,66.41,10.07,6.69,7.35,-21.04,1
Q,2022-10-27 14:48:15.342874,0.04,-0.77,0.66,-15.75,63.90,15.44,7.28,7.86,-20.21,1
Q,2022-10-27 14:48:15.365640,0.08,-0.72,0.64,-41.44,79.28,27.65,7.28,7.86,-20.21,1
Q,2022-10-27 14:48:15.382672,0.15,-0.66,0.68,-42.30,61.10,23.44,7.28,7.86,-20.21,1
Q,2022-10-27 14:48:15.402770,0.14,-0.55,0.64,-38.21,34.97,23.74,7.25,6.97,-19.23,1
Q,2022-10-27 14:48:15.422769,0.04,-0.44,0.71,-39.37,2.01,24.23,7.25,6.97,-19.23,1
Q,2022-10-27 14:48:15.442766,-0.02,-0.36,0.81,-44.68,-13.12,23.74,6.84,8.14,-19.19,1
Q,2022-10-27 14:48:15.465711,-0.04,-0.25,0.89,-34.91,-41.02,17.58,6.84,8.14,-19.19,1
Q,2022-10-27 14:48:15.482626,-0.19,-0.17,0.83,-9.22,-52.86,10.01,6.84,8.14,-19.19,1
Q,2022-10-27 14:48:15.505635,-0.29,-0.26,0.80,13.37,-45.78,20.51,5.79,7.92,-20.31,1
Q,2022-10-27 14:48:15.525772,-0.02,-0.43,0.80,17.94,-24.96,27.95,5.79,7.92,-20.31,1
Q,2022-10-27 14:48:15.545763,0.11,-0.46,0.81,10.74,-25.27,26.37,5.57,7.53,-21.04,1
Q,2022-10-27 14:48:15.572170,0.20,-0.45,0.84,-3.30,-27.22,14.83,5.57,7.53,-21.04,1
Q,2022-10-27 14:48:15.582385,0.19,-0.45,0.86,-10.38,-29.30,8.18,5.57,7.53,-21.04,1
Q,2022-10-27 14:48:15.612294,0.12,-0.39,0.91,-23.80,-20.26,-7.20,4.35,7.54,-21.47,1
Q,2022-10-27 14:48:15.622538,-0.02,-0.36,0.97,-39.12,-0.06,-19.59,4.35,7.54,-21.47,1
Q,2022-10-27 14:48:15.642709,-0.08,-0.55,1.48,-8.42,33.26,16.66,4.79,6.36,-22.74,1
Q,2022-10-27 14:48:15.662817,-0.03,-0.60,1.05,-17.40,14.22,14.83,4.79,6.36,-22.74,1
Q,2022-10-27 14:48:15.683434,-0.03,-0.47,0.92,-30.76,9.95,6.10,4.79,6.36,-22.74,1
Q,2022-10-27 14:48:15.713379,-0.06,-0.37,0.87,-23.01,10.19,-0.55,4.97,6.13,-21.51,1
Q,2022-10-27 14:48:15.733399,-0.09,-0.25,0.94,9.40,10.99,-15.20,4.97,6.13,-21.51,1
Q,2022-10-27 14:48:15.753634,-0.05,-0.21,0.95,36.38,3.48,-22.83,5.71,6.45,-22.94,1
Q,2022-10-27 14:48:15.773622,-0.04,-0.26,0.94,58.23,-13.24,-20.02,5.71,6.45,-22.94,1
Q,2022-10-27 14:48:15.789365,-0.07,-0.33,0.88,66.59,-26.79,-14.22,5.71,6.45,-22.94,1
Q,2022-10-27 14:48:15.816141,-0.10,-0.50,0.84,52.06,-23.74,-6.35,5.97,6.46,-21.86,1
Q,2022-10-27 14:48:15.832805,-0.07,-0.56,0.80,49.93,-27.65,-16.11,5.97,6.46,-21.86,1
Q,2022-10-27 14:48:15.852802,-0.08,-0.54,0.79,42.36,-26.55,-21.97,5.73,7.26,-23.16,1
Q,2022-10-27 14:48:15.872808,-0.11,-0.50,0.86,25.82,-21.18,-15.14,5.73,7.26,-23.16,1
Q,2022-10-27 14:48:15.893460,-0.17,-0.53,0.87,24.60,-15.20,-14.40,5.73,7.26,-23.16,1
Q,2022-10-27 14:48:15.913424,-0.15,-0.55,0.91,19.71,0.49,-14.22,6.03,6.81,-24.29,1
Q,2022-10-27 14:48:15.933426,-0.16,-0.55,0.91,16.78,4.52,-15.93,6.03,6.81,-24.29,1
Q,2022-10-27 14:48:15.953518,-0.10,-0.55,0.89,22.46,9.95,-19.10,6.90,6.87,-24.61,1
Q,2022-10-27 14:48:15.973406,-0.10,-0.59,0.82,24.17,12.94,-11.05,6.90,6.87,-24.61,1
Q,2022-10-27 14:48:15.993524,-0.11,-0.57,0.75,22.64,22.58,12.88,6.90,6.87,-24.61,1
Q,2022-10-27 14:48:16.016209,-0.15,-0.57,0.86,13.98,27.28,25.39,7.96,7.31,-23.06,1
Q,2022-10-27 14:48:16.036312,-0.35,-0.59,0.97,19.90,23.44,48.89,7.96,7.31,-23.06,1
Q,2022-10-27 14:48:16.056211,-0.21,-0.66,0.95,27.28,27.59,55.48,8.41,7.71,-23.25,1
Q,2022-10-27 14:48:16.086182,-0.04,-0.59,0.94,35.95,35.22,27.10,8.41,7.71,-23.25,1
