O,2022-10-28 18:36:10.771510,0.33,-0.11,0.79,0.06,-6.77,5.62,85.45,-31.88,-124.15,1
O,2022-10-28 18:36:10.787133,0.25,-0.05,0.94,-3.36,-13.18,6.90,85.52,-28.89,-123.85,1
O,2022-10-28 18:36:10.818365,0.20,-0.05,0.93,-1.04,-6.53,2.14,85.52,-28.89,-123.85,1
O,2022-10-28 18:36:10.833998,0.27,-0.12,0.97,28.81,16.17,11.05,85.52,-28.89,-123.85,1
O,2022-10-28 18:36:10.849639,0.32,-0.22,0.92,0.92,22.77,9.40,87.06,-27.76,-122.56,1
O,2022-10-28 18:36:10.865265,0.30,-0.15,0.94,-23.56,25.33,13.00,87.06,-27.76,-122.56,1
O,2022-10-28 18:36:10.880890,0.32,-0.11,0.86,-37.96,26.31,22.16,87.06,-27.76,-122.56,1
O,2022-10-28 18:36:10.912121,0.24,-0.09,0.75,-33.08,23.68,34.36,91.11,-28.82,-118.09,1
O,2022-10-28 18:36:10.927748,0.21,-0.06,0.69,-18.74,11.96,46.14,91.11,-28.82,-118.09,1
O,2022-10-28 18:36:10.943396,0.21,0.06,0.71,-15.50,-4.39,50.17,101.40,-33.86,-116.83,1
O,2022-10-28 18:36:10.959025,0.20,0.21,0.77,-17.27,-20.32,34.73,101.40,-33.86,-116.83,1
O,2022-10-28 18:36:10.974647,0.20,0.26,0.74,-8.24,-32.10,31.31,101.40,-33.86,-116.83,1
O,2022-10-28 18:36:10.990272,0.17,0.35,0.77,3.30,-43.03,28.20,112.46,-41.33,-122.79,1
O,2022-10-28 18:36:11.021503,0.15,0.43,0.76,25.09,-55.36,25.21,112.46,-41.33,-122.79,1
O,2022-10-28 18:36:11.037132,0.17,0.46,0.90,55.30,-71.47,20.20,112.46,-41.33,-122.79,1
O,2022-10-28 18:36:11.052776,0.20,0.47,1.10,87.34,-66.28,7.69,116.35,-47.09,-136.21,1
O,2022-10-28 18:36:11.068405,0.16,0.34,1.13,90.33,-50.05,-3.05,116.35,-47.09,-136.21,1
O,2022-10-28 18:36:11.084028,0.16,0.20,1.14,83.44,-42.05,-18.13,110.06,-45.25,-148.54,1
O,2022-10-28 18:36:11.099633,0.18,0.08,1.20,70.50,-33.75,-30.15,110.06,-45.25,-148.54,1
O,2022-10-28 18:36:11.130883,0.20,0.00,1.27,54.44,-14.47,-37.60,110.06,-45.25,-148.54,1
O,2022-10-28 18:36:11.146529,0.19,-0.07,1.27,40.34,3.30,-42.79,99.02,-39.29,-151.33,1
O,2022-10-28 18:36:11.162158,0.21,-0.20,1.21,29.42,20.69,-48.16,99.02,-39.29,-151.33,1
O,2022-10-28 18:36:11.177787,0.23,-0.36,1.10,25.88,28.69,-41.02,99.02,-39.29,-151.33,1
O,2022-10-28 18:36:11.193413,0.22,-0.38,1.05,25.45,28.81,-26.79,88.17,-34.91,-143.02,1
O,2022-10-28 18:36:11.209033,0.23,-0.44,1.00,12.39,30.21,-15.32,88.17,-34.91,-143.02,1
O,2022-10-28 18:36:11.240265,0.23,-0.43,0.98,-0.49,34.91,-8.85,88.17,-34.91,-143.02,1
O,2022-10-28 18:36:11.255912,0.23,-0.38,0.96,-13.79,43.76,-4.52,81.14,-31.86,-133.07,1
O,2022-10-28 18:36:11.271543,0.23,-0.32,0.92,-30.88,52.31,-1.77,81.14,-31.86,-133.07,1
O,2022-10-28 18:36:11.287166,0.22,-0.32,0.80,-48.22,53.41,6.84,78.83,-30.08,-125.55,1
O,2022-10-28 18:36:11.302791,0.21,-0.49,0.68,-55.24,42.91,33.69,78.83,-30.08,-125.55,1
O,2022-10-28 18:36:11.334020,0.08,-0.42,0.64,-51.39,25.39,71.90,78.83,-30.08,-125.55,1
O,2022-10-28 18:36:11.349647,-0.15,-0.16,0.74,-29.42,5.92,104.68,87.41,-34.67,-120.81,1
O,2022-10-28 18:36:11.365295,-0.16,0.08,0.94,-50.29,15.56,81.24,87.41,-34.67,-120.81,1
O,2022-10-28 18:36:11.380925,0.05,0.39,0.86,-62.32,36.19,51.09,87.41,-34.67,-120.81,1
O,2022-10-28 18:36:11.396547,0.25,0.53,0.70,-55.97,38.82,25.70,93.69,-48.97,-118.63,1
O,2022-10-28 18:36:11.412152,0.40,0.55,0.71,-44.92,24.41,5.13,93.69,-48.97,-118.63,1
O,2022-10-28 18:36:11.443402,0.43,0.55,0.69,-38.15,12.02,-9.89,90.15,-54.87,-121.81,1
O,2022-10-28 18:36:11.459030,0.38,0.52,0.77,-28.63,-8.06,-32.41,90.15,-54.87,-121.81,1
O,2022-10-28 18:36:11.474676,0.36,0.45,0.80,-5.13,-15.20,-37.96,90.15,-54.87,-121.81,1
O,2022-10-28 18:36:11.490306,0.36,0.39,0.85,18.25,-23.19,-41.20,86.08,-51.38,-129.11,1
