y,2022-10-20 11:30:54.156088,0.23,0.83,0.28,-31.98,-7.57,-31.74,23.95,26.92,-26.57,1
y,2022-10-20 11:30:54.173062,0.07,0.91,0.29,-31.80,-14.65,-42.54,23.95,26.92,-26.57,1
y,2022-10-20 11:30:54.193094,0.13,1.01,0.21,-29.42,-13.06,-49.13,24.00,27.11,-26.49,1
y,2022-10-20 11:30:54.211805,0.31,0.97,0.15,-12.76,-5.49,-39.86,24.00,27.11,-26.49,1
y,2022-10-20 11:30:54.229136,0.48,0.90,0.17,11.60,-7.69,-19.53,24.00,27.11,-26.49,1
y,2022-10-20 11:30:54.248084,0.50,0.80,0.21,24.23,-15.38,-0.79,23.95,28.27,-28.59,1
y,2022-10-20 11:30:54.266327,-0.96,0.79,0.19,27.10,-22.28,12.21,23.95,28.27,-28.59,1
y,2022-10-20 11:30:54.284326,0.32,0.75,0.13,27.89,-4.09,-17.58,23.95,28.27,-28.59,1
y,2022-10-20 11:30:54.303625,0.38,0.83,0.18,11.35,-4.58,-19.84,24.22,29.43,-27.20,1
y,2022-10-20 11:30:54.321349,-0.54,1.27,0.31,-5.68,-3.97,-14.77,24.22,29.43,-27.20,1
y,2022-10-20 11:30:54.340445,0.21,1.25,0.14,29.54,-16.36,65.80,24.57,29.50,-27.77,1
y,2022-10-20 11:30:54.358163,0.46,0.83,0.05,89.90,-24.72,79.41,24.57,29.50,-27.77,1
y,2022-10-20 11:30:54.376611,0.39,0.86,0.05,61.65,-13.00,58.65,24.57,29.50,-27.77,1
y,2022-10-20 11:30:54.396721,0.30,0.88,0.28,58.04,-6.77,47.91,23.82,28.47,-28.14,1
y,2022-10-20 11:30:54.414938,0.39,0.92,0.35,57.19,-10.19,37.48,23.82,28.47,-28.14,1
y,2022-10-20 11:30:54.434114,0.46,0.87,0.38,57.62,-9.09,23.44,23.82,28.47,-28.14,1
y,2022-10-20 11:30:54.454259,0.45,0.78,0.57,55.79,-8.42,-5.43,23.61,28.44,-26.67,1
y,2022-10-20 11:30:54.473311,0.44,0.74,0.48,20.94,-17.40,-40.83,23.61,28.44,-26.67,1
y,2022-10-20 11:30:54.496455,0.40,0.83,0.49,3.54,-9.16,-49.07,22.64,28.48,-27.40,1
y,2022-10-20 11:30:54.512759,0.34,0.86,0.48,5.43,-9.70,-52.73,22.64,28.48,-27.40,1
y,2022-10-20 11:30:54.531883,0.35,0.79,0.45,9.77,-11.35,-49.13,22.64,28.48,-27.40,1
y,2022-10-20 11:30:54.550953,0.24,0.74,0.44,14.71,-10.19,-42.48,22.33,29.57,-26.48,1
y,2022-10-20 11:30:54.569451,0.18,0.67,0.44,14.10,-11.23,-21.85,22.33,29.57,-26.48,1
y,2022-10-20 11:30:54.587875,0.32,0.54,0.31,14.28,-14.34,-1.89,22.33,29.57,-26.48,1
y,2022-10-20 11:30:54.608956,0.32,0.58,0.28,11.35,-8.24,-14.89,21.07,30.48,-26.71,1
y,2022-10-20 11:30:54.628296,-0.34,1.39,0.45,-13.55,-2.75,-4.58,21.07,30.48,-26.71,1
y,2022-10-20 11:30:54.645227,0.32,0.77,0.45,51.21,2.99,112.92,21.98,29.92,-26.67,1
y,2022-10-20 11:30:54.663827,0.31,0.59,0.41,22.09,-4.58,89.66,21.98,29.92,-26.67,1
y,2022-10-20 11:30:54.683646,0.30,0.72,0.41,-3.42,2.44,88.13,21.98,29.92,-26.67,1
y,2022-10-20 11:30:54.702496,0.26,0.81,0.40,-28.20,7.26,77.21,23.25,28.82,-27.53,1
y,2022-10-20 11:30:54.720541,0.37,0.65,0.66,-57.01,12.88,80.87,23.25,28.82,-27.53,1
y,2022-10-20 11:30:54.740160,0.28,1.08,0.40,-68.60,-5.31,42.24,23.25,28.82,-27.53,1
y,2022-10-20 11:30:54.762038,0.32,1.13,0.26,-52.86,-3.48,34.42,23.86,26.65,-27.75,1
y,2022-10-20 11:30:54.779636,0.26,1.08,0.22,-28.32,7.39,17.64,23.86,26.65,-27.75,1
y,2022-10-20 11:30:54.798407,0.22,1.01,0.22,-21.00,22.16,21.91,24.01,27.00,-27.34,1
y,2022-10-20 11:30:54.819105,0.17,0.80,0.42,-20.87,31.80,21.67,24.01,27.00,-27.34,1
y,2022-10-20 11:30:54.838207,0.12,0.75,0.47,-35.64,9.52,2.14,24.01,27.00,-27.34,1
y,2022-10-20 11:30:54.858298,0.22,0.86,0.26,-43.64,5.74,-4.03,24.85,25.56,-27.55,1
y,2022-10-20 11:30:54.879087,0.17,0.89,0.24,-41.69,13.49,-5.86,24.85,25.56,-27.55,1
y,2022-10-20 11:30:54.896702,0.12,0.93,0.19,-38.57,15.01,-4.58,25.68,26.04,-27.93,1
y,2022-10-20 11:30:54.914925,0.12,1.06,0.07,-35.40,13.24,-1.53,25.68,26.04,-27.93,1
y,2022-10-20 11:30:54.933957,0.07,1.16,0.00,-19.59,22.71,6.96,25.68,26.04,-27.93,1
y,2022-10-20 11:30:54.954242,-0.21,1.11,0.06,9.22,39.79,13.73,26.38,24.60,-27.73,1
y,2022-10-20 11:30:54.972404,-0.06,1.08,-0.07,54.32,70.25,-2.44,26.38,24.60,-27.73,1
y,2022-10-20 11:30:54.994961,0.06,1.04,-0.00,73.61,91.55,-8.42,26.38,24.60,-27.73,1
y,2022-10-20 11:30:55.014101,0.11,0.94,0.12,91.98,102.11,-30.03,26.49,23.88,-27.22,1
y,2022-10-20 11:30:55.031656,0.21,0.79,0.31,103.70,101.26,-25.63,26.49,23.88,-27.22,1
y,2022-10-20 11:30:55.052494,0.32,0.70,0.44,90.64,85.94,-34.36,27.55,23.41,-24.91,1
y,2022-10-20 11:30:55.072489,0.35,0.73,0.51,52.55,42.24,-35.71,27.55,23.41,-24.91,1
y,2022-10-20 11:30:55.090578,0.34,0.86,0.44,28.38,4.88,-36.25,27.55,23.41,-24.91,1
y,2022-10-20 11:30:55.112398,0.42,0.78,0.41,25.39,-6.90,-32.41,29.36,22.99,-25.71,1
y,2022-10-20 11:30:55.129984,0.51,0.76,0.43,18.74,-15.75,-37.23,29.36,22.99,-25.71,1
y,2022-10-20 11:30:55.149392,0.53,0.73,0.45,-1.16,-36.56,-42.42,28.61,21.95,-27.69,1
y,2022-10-20 11:30:55.169783,0.53,0.76,0.44,-24.35,-44.56,-39.49,28.61,21.95,-27.69,1
y,2022-10-20 11:30:55.189480,0.53,0.86,0.44,-41.69,-42.91,-11.17,28.61,21.95,-27.69,1
