x,2022-10-11 16:44:27.504570,-0.861956,8.375345,1.259414,0.185642,-0.203507,0.304645,57.808494,-5.483314,25.395322,1
x,2022-10-11 16:44:27.601472,-2.600235,7.853382,1.714336,-0.368969,-0.583679,-0.330129,55.524269,-4.245147,28.292776,1
x,2022-10-11 16:44:27.696024,-4.774281,8.763225,2.480519,-0.623704,0.061215,-0.442916,41.994621,-20.341327,38.007766,1
x,2022-10-11 16:44:27.776798,-2.327283,12.062603,2.260241,0.145029,0.156158,0.229143,33.560554,-39.090724,4.942714,1
x,2022-10-11 16:44:27.871585,-3.179662,11.200647,2.054330,0.677935,-0.250513,0.195321,33.560554,-39.090724,4.942714,1
x,2022-10-11 16:44:27.969720,-4.103871,8.586046,1.479692,1.115633,-0.210565,0.478818,35.141941,-34.314933,16.702964,1
x,2022-10-11 16:44:28.062461,-3.299378,7.590006,1.441383,0.086039,0.045635,0.061228,54.997138,3.714503,54.028976,1
x,2022-10-11 16:44:28.161567,-2.504462,7.872536,1.556310,0.023720,-0.000305,0.418497,58.862751,18.218753,49.938453,1
x,2022-10-11 16:44:28.257212,-2.011232,8.068871,1.427017,-0.762724,0.095970,-0.278064,58.862751,18.218753,49.938453,1
x,2022-10-11 16:44:28.353257,-1.407862,11.076142,1.896304,-0.382951,-0.263696,-0.054221,48.495880,-6.013957,46.018371,1
x,2022-10-11 16:44:28.449161,-3.672893,10.017850,2.384746,0.037169,-0.442663,0.082800,39.710395,-28.654739,45.336616,1
