O,2022-10-27 17:50:36.147900,0.632101,9.778418,2.169257,-0.080973,-0.055755,0.074527,-78.243530,4.675050,-233.254638,1
O,2022-10-27 17:50:36.243651,0.699142,9.749687,2.140525,-0.069921,-0.099698,0.182786,-80.565834,14.204958,-232.390731,1
O,2022-10-27 17:50:36.339754,0.560272,9.792784,2.346437,0.024756,-0.142709,0.251896,-90.748207,24.813724,-232.217956,1
O,2022-10-27 17:50:36.435742,1.297723,9.821516,2.308128,-0.073783,-0.143907,-0.115359,-90.748207,24.813724,-232.217956,1
O,2022-10-27 17:50:36.531709,0.158025,10.022640,2.523617,0.031014,-0.163082,0.052422,-103.252883,31.646490,-231.872390,1
O,2022-10-27 17:50:36.628109,0.493231,9.452791,1.862784,0.049657,0.038389,0.339116,-115.400283,34.523445,-237.746948,1
O,2022-10-27 17:50:36.723488,1.958557,10.166299,2.605024,0.001985,-0.060949,0.253494,-120.580787,32.905155,-258.307922,1
O,2022-10-27 17:50:36.819604,1.613774,9.457579,2.370380,0.112775,-0.143508,-0.189796,-124.332191,24.454105,-260.554077,1
O,2022-10-27 17:50:36.915592,0.919420,8.868576,1.996866,-0.064994,-0.446314,-0.050244,-124.332191,24.454105,-260.554077,1
O,2022-10-27 17:50:37.011587,0.177180,8.672241,2.265030,-0.473529,-0.212352,-0.249451,-141.481460,43.873542,-233.945770,1
O,2022-10-27 17:50:37.107347,0.004789,9.069699,2.839668,-0.631990,-0.001959,0.044699,-157.737533,92.601943,-152.911376,1
O,2022-10-27 17:50:37.203170,0.205912,10.420097,3.735145,-0.503357,0.260899,0.167872,-128.262237,73.002700,-87.772857,1
O,2022-10-27 17:50:37.299082,2.164469,11.066565,3.878804,-0.014393,0.261032,0.706771,-128.262237,73.002700,-87.772857,1
O,2022-10-27 17:50:37.395152,1.551522,10.271649,3.735145,0.141804,0.116021,0.263082,-111.291603,95.478897,-104.532630,1
O,2022-10-27 17:50:37.491080,2.083062,9.807150,3.174873,0.343275,0.145183,0.159084,-147.555160,140.970733,-160.340972,1
O,2022-10-27 17:50:37.587421,2.461365,9.151105,2.657699,0.322901,0.066485,-0.086064,-143.803756,110.942520,-252.433349,1
O,2022-10-27 17:50:37.683370,1.656872,9.184626,2.499674,0.246334,-0.016340,-0.236002,-143.803756,110.942520,-252.433349,1
O,2022-10-27 17:50:37.779337,0.196335,8.710550,2.408690,0.044730,0.013088,-0.076743,-130.048614,65.450691,-272.648742,1
O,2022-10-27 17:50:37.875268,1.019982,9.697011,2.418267,0.122096,0.013621,0.384524,-125.761299,47.110115,-267.465332,1
O,2022-10-27 17:50:37.971249,1.632929,11.191069,4.625833,0.110245,0.079668,-0.163563,-125.046745,49.267829,-266.774200,1
O,2022-10-27 17:50:38.067258,1.268992,8.959560,1.714336,-0.020519,0.130935,0.011010,-104.146072,16.003053,-257.616790,1
O,2022-10-27 17:50:38.164183,1.168430,8.657875,1.522790,0.022226,-0.140046,-0.038126,-104.146072,16.003053,-257.616790,1
