D,2022-10-17 16:54:30.817075,0.33,0.04,0.97,8.73,5.49,-25.94,125.83,-61.34,-51.77,1
D,2022-10-17 16:54:30.832699,0.33,0.02,0.98,15.87,5.43,-18.55,127.15,-48.39,-52.50,1
D,2022-10-17 16:54:30.863675,0.35,0.00,0.96,16.66,6.65,-15.01,127.15,-48.39,-52.50,1
D,2022-10-17 16:54:30.879443,0.33,0.04,0.96,26.49,7.75,-8.30,127.15,-48.39,-52.50,1
D,2022-10-17 16:54:30.895243,0.23,-0.08,0.99,36.44,8.79,-4.33,127.66,-40.56,-50.28,1
D,2022-10-17 16:54:30.926160,0.25,-0.12,0.98,16.48,12.08,5.13,127.66,-40.56,-50.28,1
D,2022-10-17 16:54:30.944279,0.30,-0.05,0.93,21.67,14.10,4.64,127.29,-38.82,-44.32,1
D,2022-10-17 16:54:30.957798,0.31,-0.05,0.92,20.57,8.91,2.01,127.29,-38.82,-44.32,1
D,2022-10-17 16:54:30.973726,0.19,-0.09,0.93,22.89,6.90,8.97,127.29,-38.82,-44.32,1
D,2022-10-17 16:54:31.004679,0.18,-0.08,0.93,25.02,6.10,19.78,127.78,-42.26,-37.16,1
D,2022-10-17 16:54:31.020581,0.25,-0.01,0.94,14.04,7.69,25.21,127.78,-42.26,-37.16,1
D,2022-10-17 16:54:31.036229,0.33,0.11,0.90,1.28,8.24,16.60,126.81,-50.12,-30.55,1
D,2022-10-17 16:54:31.067171,0.32,0.18,0.87,3.48,-0.06,6.90,126.81,-50.12,-30.55,1
D,2022-10-17 16:54:31.082798,0.37,0.13,0.74,17.40,-7.39,8.54,126.81,-50.12,-30.55,1
D,2022-10-17 16:54:31.098667,0.48,0.12,0.55,41.75,-21.24,22.40,128.12,-54.96,-25.93,1
D,2022-10-17 16:54:31.114214,0.27,-0.15,0.88,-73.12,0.43,-5.00,128.12,-54.96,-25.93,1
D,2022-10-17 16:54:31.145278,0.23,0.37,0.89,-94.60,0.31,-17.15,130.63,-53.82,-24.12,1
D,2022-10-17 16:54:31.161221,0.22,0.19,0.92,-12.57,16.54,1.95,130.63,-53.82,-24.12,1
D,2022-10-17 16:54:31.178377,0.29,0.08,1.12,15.01,-37.78,11.72,130.63,-53.82,-24.12,1
D,2022-10-17 16:54:31.208800,0.20,0.11,0.90,31.25,-43.40,13.98,133.72,-53.17,-26.11,1
D,2022-10-17 16:54:31.224420,0.18,-0.02,0.77,39.00,-43.58,15.50,133.72,-53.17,-26.11,1
D,2022-10-17 16:54:31.242633,0.18,-0.07,0.77,14.95,-36.87,6.65,145.26,-58.51,-35.05,1
D,2022-10-17 16:54:31.256413,0.15,0.03,0.85,-6.04,-34.48,3.11,145.26,-58.51,-35.05,1
D,2022-10-17 16:54:31.287911,0.17,0.16,0.94,-18.19,-31.86,3.36,158.29,-58.02,-42.32,1
D,2022-10-17 16:54:31.303562,0.19,0.18,1.08,-18.01,-24.05,-0.55,158.29,-58.02,-42.32,1
D,2022-10-17 16:54:31.320954,0.20,0.20,1.15,-6.35,-22.28,-0.49,158.29,-58.02,-42.32,1
D,2022-10-17 16:54:31.351452,0.20,0.13,1.21,22.40,-24.17,3.85,169.82,-56.36,-50.07,1
D,2022-10-17 16:54:31.367268,0.18,0.09,1.25,33.33,-21.61,0.85,169.82,-56.36,-50.07,1
D,2022-10-17 16:54:31.383168,0.14,0.07,1.30,39.06,-15.08,-5.00,174.76,-56.71,-56.45,1
D,2022-10-17 16:54:31.398774,0.09,-0.02,1.12,23.44,-18.62,-7.57,174.76,-56.71,-56.45,1
D,2022-10-17 16:54:31.429776,-0.27,-0.05,1.39,-14.53,49.68,5.74,174.76,-56.71,-56.45,1
D,2022-10-17 16:54:31.445715,0.36,0.25,0.92,-59.69,77.09,-13.18,162.73,-55.44,-52.14,1
D,2022-10-17 16:54:31.461288,0.35,0.26,0.99,-3.54,49.32,-10.80,162.73,-55.44,-52.14,1
D,2022-10-17 16:54:31.494218,0.36,0.07,0.87,25.27,37.41,-9.46,144.56,-54.15,-44.69,1
D,2022-10-17 16:54:31.508557,0.27,-0.12,0.82,22.28,31.07,-2.81,144.56,-54.15,-44.69,1
D,2022-10-17 16:54:31.524483,0.33,-0.04,0.76,-0.37,24.96,4.21,144.56,-54.15,-44.69,1
D,2022-10-17 16:54:31.555446,0.33,0.12,0.79,-4.70,18.86,2.26,134.64,-57.20,-36.84,1
D,2022-10-17 16:54:31.571069,0.26,0.15,0.86,4.82,8.42,2.75,134.64,-57.20,-36.84,1
D,2022-10-17 16:54:31.586978,0.25,0.14,0.85,8.61,9.34,0.00,132.17,-60.22,-29.44,1
D,2022-10-17 16:54:31.618578,0.25,0.17,0.85,10.31,4.46,-1.89,132.17,-60.22,-29.44,1
D,2022-10-17 16:54:31.634281,0.16,-0.08,0.65,-32.10,8.79,4.39,131.52,-60.90,-24.66,1
D,2022-10-17 16:54:31.650101,0.24,0.29,1.00,4.27,6.04,7.51,131.52,-60.90,-24.66,1
D,2022-10-17 16:54:31.681086,0.22,0.20,0.84,27.59,12.45,5.31,131.52,-60.90,-24.66,1
D,2022-10-17 16:54:31.696704,0.21,0.17,0.81,40.95,10.74,1.04,129.98,-60.94,-23.58,1
D,2022-10-17 16:54:31.712537,0.19,0.15,0.74,11.84,-0.55,-27.16,129.98,-60.94,-23.58,1
D,2022-10-17 16:54:31.743572,0.19,0.05,0.75,0.55,-8.06,-32.65,132.78,-52.32,-24.13,1
D,2022-10-17 16:54:31.759452,0.20,0.05,0.79,-14.34,-12.94,-35.22,132.78,-52.32,-24.13,1
D,2022-10-17 16:54:31.775415,0.20,0.04,0.82,-21.61,-18.19,-38.76,132.78,-52.32,-24.13,1
D,2022-10-17 16:54:31.790965,0.19,-0.04,0.86,-9.22,-17.88,-34.00,141.70,-36.94,-30.27,1
D,2022-10-17 16:54:31.821961,0.20,-0.08,0.86,-1.28,-21.61,-25.27,141.70,-36.94,-30.27,1
D,2022-10-17 16:54:31.837861,0.20,-0.17,0.87,-1.95,-26.37,-20.45,151.98,-23.23,-41.91,1
D,2022-10-17 16:54:31.853474,0.19,-0.23,0.92,1.83,-30.46,-6.35,151.98,-23.23,-41.91,1
D,2022-10-17 16:54:31.886006,0.19,-0.28,1.00,-5.31,-27.77,-0.55,151.98,-23.23,-41.91,1
D,2022-10-17 16:54:31.900801,0.18,-0.25,1.06,-7.51,-19.53,10.13,160.82,-16.72,-53.58,1
D,2022-10-17 16:54:31.916704,0.17,-0.25,1.10,-3.54,-16.85,23.56,160.82,-16.72,-53.58,1
D,2022-10-17 16:54:31.947692,0.20,-0.13,1.12,2.26,-6.65,39.79,170.24,-26.42,-57.32,1
D,2022-10-17 16:54:31.963317,0.21,0.05,1.09,3.85,-3.85,38.94,170.24,-26.42,-57.32,1
D,2022-10-17 16:54:31.979247,0.19,0.14,1.02,12.51,-3.60,41.63,175.17,-48.43,-51.99,1
D,2022-10-17 16:54:32.010174,0.19,0.31,1.03,0.73,-5.19,28.81,175.17,-48.43,-51.99,1
D,2022-10-17 16:54:32.025797,0.18,0.39,1.03,-32.41,-3.72,-3.78,175.17,-48.43,-51.99,1
D,2022-10-17 16:54:32.041732,0.18,0.53,1.06,-36.74,-4.58,-18.55,174.99,-58.67,-50.05,1
D,2022-10-17 16:54:32.057291,0.13,0.34,1.01,6.41,-7.63,-7.45,174.99,-58.67,-50.05,1
D,2022-10-17 16:54:32.088634,0.10,0.14,1.00,47.73,-8.79,21.85,172.25,-57.28,-52.08,1
D,2022-10-17 16:54:32.104280,-0.28,0.00,1.17,2.81,48.89,-9.89,172.25,-57.28,-52.08,1
D,2022-10-17 16:54:32.120174,0.13,0.21,0.89,-65.00,43.21,-27.34,172.25,-57.28,-52.08,1
D,2022-10-17 16:54:32.135783,0.16,0.29,0.93,-32.10,30.82,-20.14,157.36,-46.52,-50.84,1
D,2022-10-17 16:54:32.168673,0.32,0.28,0.82,-13.00,23.07,-21.55,157.36,-46.52,-50.84,1
D,2022-10-17 16:54:32.182943,0.36,0.26,0.76,6.35,9.64,-19.90,144.95,-35.08,-57.04,1
D,2022-10-17 16:54:32.198826,0.34,0.27,0.79,8.18,0.98,-22.52,144.95,-35.08,-57.04,1
