K,2022-10-28 09:51:30.247672,0.17,-0.40,0.99,4.94,6.90,-6.59,23.18,27.06,-35.95,1
K,2022-10-28 09:51:30.265839,0.19,-0.37,0.98,-2.50,9.58,-4.21,23.18,27.06,-35.95,1
K,2022-10-28 09:51:30.284670,0.21,-0.35,0.95,-6.04,10.86,-1.10,24.65,27.19,-36.18,1
K,2022-10-28 09:51:30.302556,0.22,-0.26,0.92,-13.61,13.67,-0.61,24.65,27.19,-36.18,1
K,2022-10-28 09:51:30.320649,0.23,-0.23,0.90,-14.47,13.79,1.04,24.65,27.19,-36.18,1
K,2022-10-28 09:51:30.339589,0.27,-0.19,0.88,-10.62,12.51,3.97,24.71,26.98,-34.39,1
K,2022-10-28 09:51:30.357612,0.31,-0.24,0.85,-7.81,9.09,5.55,24.71,26.98,-34.39,1
K,2022-10-28 09:51:30.375632,0.29,-0.23,0.85,-14.22,3.54,2.81,24.71,26.98,-34.39,1
K,2022-10-28 09:51:30.394476,0.27,-0.21,0.86,-22.95,0.98,1.10,25.71,26.16,-33.26,1
K,2022-10-28 09:51:30.412586,0.19,-0.15,0.90,-18.92,1.71,1.28,25.71,26.16,-33.26,1
K,2022-10-28 09:51:30.430627,0.18,-0.13,0.91,-13.61,4.15,-0.92,25.71,26.16,-33.26,1
K,2022-10-28 09:51:30.449694,0.21,-0.16,0.92,-8.73,6.59,-3.91,27.03,25.38,-32.97,1
K,2022-10-28 09:51:30.467735,-0.14,-0.15,1.02,-6.16,1.04,2.32,27.03,25.38,-32.97,1
K,2022-10-28 09:51:30.486540,0.22,-0.10,0.82,33.14,-9.22,9.70,27.34,26.18,-31.18,1
K,2022-10-28 09:51:30.504662,0.22,-0.35,0.76,19.47,-2.38,5.43,27.34,26.18,-31.18,1
K,2022-10-28 09:51:30.522570,0.23,-0.24,0.76,-8.79,7.81,1.34,27.34,26.18,-31.18,1
K,2022-10-28 09:51:30.541544,0.21,-0.19,0.77,-27.65,18.13,1.95,27.78,26.07,-33.04,1
K,2022-10-28 09:51:30.559633,0.18,-0.17,0.84,-45.04,12.27,-1.40,27.78,26.07,-33.04,1
K,2022-10-28 09:51:30.577565,0.37,0.04,0.59,47.79,-48.40,-8.12,27.78,26.07,-33.04,1
K,2022-10-28 09:51:30.596851,0.16,-0.13,0.70,38.57,-35.03,-7.87,26.90,26.32,-34.66,1
K,2022-10-28 09:51:30.614714,0.14,-0.17,0.75,38.88,-31.68,-1.77,26.90,26.32,-34.66,1
K,2022-10-28 09:51:30.632572,0.13,-0.17,0.83,29.11,-31.01,0.00,26.90,26.32,-34.66,1
K,2022-10-28 09:51:30.651663,0.20,-0.17,1.01,23.44,-26.00,0.79,25.95,27.75,-36.67,1
K,2022-10-28 09:51:30.669838,0.27,-0.29,1.11,14.53,-29.91,-2.14,25.95,27.75,-36.67,1
K,2022-10-28 09:51:30.688642,0.28,-0.25,1.22,10.25,-30.09,-1.89,23.88,27.97,-38.33,1
K,2022-10-28 09:51:30.706697,0.25,-0.26,1.36,5.92,-30.64,2.93,23.88,27.97,-38.33,1
K,2022-10-28 09:51:30.724689,0.25,-0.25,1.20,19.29,-42.91,5.62,23.88,27.97,-38.33,1
K,2022-10-28 09:51:30.743622,0.06,-0.31,1.01,13.55,-30.76,8.42,22.77,28.82,-40.52,1
K,2022-10-28 09:51:30.761548,0.05,-0.21,1.12,13.92,42.97,4.09,22.77,28.82,-40.52,1
K,2022-10-28 09:51:30.779446,0.35,-0.38,1.07,8.06,56.70,12.51,22.77,28.82,-40.52,1
K,2022-10-28 09:51:30.798620,0.36,-0.42,0.99,-5.86,45.41,13.61,22.90,28.81,-38.93,1
K,2022-10-28 09:51:30.816681,0.34,-0.32,0.92,-16.91,26.00,6.53,22.90,28.81,-38.93,1
K,2022-10-28 09:51:30.834512,0.35,-0.30,0.79,-16.30,9.22,8.67,22.90,28.81,-38.93,1
K,2022-10-28 09:51:30.853859,0.36,-0.30,0.67,-39.37,-3.36,0.85,23.27,28.05,-37.48,1
K,2022-10-28 09:51:30.871911,0.20,-0.09,0.74,-49.13,-5.55,-1.77,23.27,28.05,-37.48,1
K,2022-10-28 09:51:30.890666,0.20,-0.00,0.83,-36.68,-2.56,-2.81,24.78,27.04,-37.72,1
K,2022-10-28 09:51:30.908547,-0.01,0.30,1.44,14.10,-4.15,1.28,24.78,27.04,-37.72,1
K,2022-10-28 09:51:30.926643,0.16,-0.10,1.05,124.51,-20.81,36.44,24.78,27.04,-37.72,1
K,2022-10-28 09:51:30.945351,0.31,-0.56,0.78,49.32,8.54,13.06,25.26,29.31,-34.97,1
K,2022-10-28 09:51:30.963440,0.34,0.41,1.31,-126.59,77.15,-80.93,25.26,29.31,-34.97,1
K,2022-10-28 09:51:30.981443,0.22,0.02,1.31,-23.01,36.25,-22.34,25.26,29.31,-34.97,1
K,2022-10-28 09:51:31.000550,0.35,-0.28,0.95,7.08,17.03,-12.33,26.28,29.00,-33.94,1
K,2022-10-28 09:51:31.018466,0.25,-0.15,0.92,3.60,21.24,-22.16,26.28,29.00,-33.94,1
K,2022-10-28 09:51:31.036741,0.22,-0.37,0.85,17.09,20.63,-14.10,26.28,29.00,-33.94,1
K,2022-10-28 09:51:31.055603,0.18,-0.50,0.76,25.39,13.24,-7.57,26.01,30.53,-31.03,1
K,2022-10-28 09:51:31.073654,0.09,-0.54,0.70,11.17,8.18,-3.11,26.01,30.53,-31.03,1
K,2022-10-28 09:51:31.092614,0.00,-0.49,0.86,6.53,-1.89,-1.40,25.20,31.09,-30.09,1
K,2022-10-28 09:51:31.110912,0.17,-0.61,0.48,-0.12,-11.29,-11.41,25.20,31.09,-30.09,1
K,2022-10-28 09:51:31.128834,0.18,-0.45,0.55,-69.64,25.09,-27.89,25.20,31.09,-30.09,1
K,2022-10-28 09:51:31.147582,-0.09,-0.17,0.85,10.80,-23.86,24.90,26.45,30.27,-30.42,1
K,2022-10-28 09:51:31.165531,0.14,-0.64,0.66,51.82,-50.72,47.61,26.45,30.27,-30.42,1
K,2022-10-28 09:51:31.183548,0.17,-0.42,0.71,29.17,-42.91,31.68,26.45,30.27,-30.42,1
K,2022-10-28 09:51:31.202634,0.20,-0.41,0.76,12.08,-36.99,29.97,25.79,29.57,-32.74,1
K,2022-10-28 09:51:31.220696,0.25,-0.27,0.91,-29.24,-16.11,12.27,25.79,29.57,-32.74,1
K,2022-10-28 09:51:31.238722,0.35,0.07,1.20,-41.75,-0.18,-3.36,25.79,29.57,-32.74,1
K,2022-10-28 09:51:31.257428,0.41,0.19,1.16,-24.41,3.91,-4.33,25.40,27.62,-35.00,1
K,2022-10-28 09:51:31.275481,0.24,0.63,1.54,-33.02,26.31,-1.53,25.40,27.62,-35.00,1
K,2022-10-28 09:51:31.294470,0.29,0.18,1.41,60.73,-5.07,35.64,25.68,27.73,-35.02,1
K,2022-10-28 09:51:31.312628,0.24,-0.30,1.08,104.19,-41.81,49.68,25.68,27.73,-35.02,1
K,2022-10-28 09:51:31.330477,0.02,-0.72,0.56,77.76,-36.13,-3.66,25.68,27.73,-35.02,1
K,2022-10-28 09:51:31.349599,0.10,-0.36,0.71,5.80,-3.85,-43.70,24.85,30.13,-34.72,1
K,2022-10-28 09:51:31.367573,0.11,0.08,0.82,-9.34,-1.34,-35.03,24.85,30.13,-34.72,1
K,2022-10-28 09:51:31.385585,0.09,-0.22,0.78,11.66,-7.32,-8.36,24.85,30.13,-34.72,1
K,2022-10-28 09:51:31.404578,0.06,-0.08,0.80,11.72,-11.35,-12.82,23.58,31.29,-34.61,1
K,2022-10-28 09:51:31.422543,0.06,-0.29,0.81,46.33,-19.17,-2.69,23.58,31.29,-34.61,1
K,2022-10-28 09:51:31.440626,0.13,-0.47,0.73,50.29,-17.21,-11.72,23.58,31.29,-34.61,1
K,2022-10-28 09:51:31.459634,0.12,-0.56,0.82,22.22,-6.59,-17.27,22.17,33.79,-36.11,1
K,2022-10-28 09:51:31.477630,0.16,-0.46,0.96,0.43,-2.01,-23.50,22.17,33.79,-36.11,1
K,2022-10-28 09:51:31.496670,0.21,-0.47,1.07,-1.16,-2.14,-19.90,21.29,35.36,-36.91,1
K,2022-10-28 09:51:31.514528,0.20,-0.51,1.09,7.39,-4.70,0.06,21.29,35.36,-36.91,1
K,2022-10-28 09:51:31.532441,0.21,-0.66,1.04,0.18,-6.04,13.24,21.29,35.36,-36.91,1
K,2022-10-28 09:51:31.551625,0.14,-0.71,1.03,-10.62,-7.32,10.62,20.54,35.29,-38.07,1
K,2022-10-28 09:51:31.569691,0.08,-0.65,0.99,-19.78,-11.23,-8.12,20.54,35.29,-38.07,1
K,2022-10-28 09:51:31.587711,-0.23,-0.25,1.00,-64.51,21.24,-17.52,20.54,35.29,-38.07,1
K,2022-10-28 09:51:31.606547,-0.08,-0.05,1.18,8.54,56.15,14.34,20.84,34.09,-37.02,1
K,2022-10-28 09:51:31.624573,0.22,-0.42,1.00,22.71,53.77,15.44,20.84,34.09,-37.02,1
K,2022-10-28 09:51:31.642373,0.27,-0.26,1.00,4.88,47.18,1.46,20.84,34.09,-37.02,1
K,2022-10-28 09:51:31.661337,0.28,-0.20,0.92,3.11,38.15,0.85,19.68,33.18,-36.58,1
K,2022-10-28 09:51:31.679426,0.33,-0.21,0.82,7.26,33.02,-1.89,19.68,33.18,-36.58,1
K,2022-10-28 09:51:31.698601,0.37,-0.22,0.75,-0.06,25.70,-10.38,19.48,32.95,-35.06,1
K,2022-10-28 09:51:31.716586,0.36,-0.18,0.73,-9.70,17.70,-15.69,19.48,32.95,-35.06,1
K,2022-10-28 09:51:31.734610,0.37,-0.16,0.74,-9.58,8.85,-17.46,19.48,32.95,-35.06,1
