s,2022-10-16 17:06:06.821723,-0.18,0.19,0.84,-11.29,-1.22,-30.21,-43.26,64.31,16.30,1
s,2022-10-16 17:06:06.821723,-0.17,0.34,0.76,-35.77,-2.69,-47.18,-43.26,64.31,16.30,1
s,2022-10-16 17:06:06.837368,-0.15,0.37,0.68,-54.20,0.85,-49.87,-43.66,61.58,15.41,1
s,2022-10-16 17:06:06.852976,-0.15,0.97,0.55,-81.24,21.73,-32.17,-43.66,61.58,15.41,1
s,2022-10-16 17:06:06.852976,-0.11,0.82,0.85,-66.10,42.05,0.37,-43.66,61.58,15.41,1
s,2022-10-16 17:06:06.868600,-0.11,0.69,0.97,-47.61,44.19,29.17,-43.66,61.58,15.41,1
s,2022-10-16 17:06:06.868600,-0.12,0.60,0.93,-29.54,37.41,45.10,-43.66,61.58,15.41,1
s,2022-10-16 17:06:06.886756,-0.13,0.59,0.96,-21.85,30.27,51.03,-43.66,61.58,15.41,1
s,2022-10-16 17:06:06.886756,-0.14,0.57,0.96,-21.67,23.80,52.43,-42.83,59.42,15.58,1
s,2022-10-16 17:06:06.900267,-0.14,0.48,0.90,-19.29,17.88,53.59,-42.83,59.42,15.58,1
s,2022-10-16 17:06:06.900267,-0.15,0.37,0.83,-22.28,13.00,52.25,-42.83,59.42,15.58,1
s,2022-10-16 17:06:06.915927,-0.16,0.39,0.76,-28.75,9.52,46.33,-42.83,59.42,15.58,1
s,2022-10-16 17:06:06.915927,-0.18,0.48,0.70,-33.75,6.29,37.96,-42.83,59.42,15.58,1
s,2022-10-16 17:06:06.931548,-0.21,0.61,0.67,-33.63,1.10,26.86,-42.83,59.42,15.58,1
s,2022-10-16 17:06:06.947155,-0.24,0.81,0.58,-34.79,-3.42,12.70,-40.98,56.71,15.37,1
s,2022-10-16 17:06:06.947155,-0.28,0.97,0.47,-30.15,-6.90,-2.26,-40.98,56.71,15.37,1
s,2022-10-16 17:06:06.962780,-0.25,1.40,0.31,-26.00,-4.46,-16.91,-40.98,56.71,15.37,1
s,2022-10-16 17:06:06.962780,-0.22,1.65,0.38,-30.46,6.96,-9.77,-40.98,56.71,15.37,1
s,2022-10-16 17:06:06.978432,-0.15,1.28,1.04,10.25,6.77,25.57,-40.98,56.71,15.37,1
s,2022-10-16 17:06:06.986966,-0.23,0.66,0.50,63.78,-26.37,53.16,-40.98,56.71,15.37,1
s,2022-10-16 17:06:06.994498,-0.23,0.58,0.70,68.97,-31.80,34.42,-41.92,58.45,14.94,1
s,2022-10-16 17:06:06.994498,-0.22,0.42,0.70,81.85,-51.03,27.59,-41.92,58.45,14.94,1
s,2022-10-16 17:06:07.010130,-0.22,0.30,0.58,68.48,-52.73,17.52,-41.92,58.45,14.94,1
s,2022-10-16 17:06:07.025757,-0.20,0.25,0.62,42.79,-50.84,9.03,-41.92,58.45,14.94,1
s,2022-10-16 17:06:07.025757,-0.20,0.25,0.63,20.69,-50.48,1.28,-41.92,58.45,14.94,1
s,2022-10-16 17:06:07.041399,-0.20,0.31,0.68,3.91,-49.01,-3.17,-45.56,60.77,15.82,1
s,2022-10-16 17:06:07.041399,-0.21,0.52,0.74,-3.85,-47.55,-1.77,-45.56,60.77,15.82,1
s,2022-10-16 17:06:07.055664,-0.20,0.50,0.79,-3.36,-47.97,4.58,-45.56,60.77,15.82,1
s,2022-10-16 17:06:07.063682,-0.23,0.46,0.74,-3.54,-48.65,11.05,-45.56,60.77,15.82,1
s,2022-10-16 17:06:07.072070,-0.25,0.51,0.81,-6.53,-45.23,14.34,-45.56,60.77,15.82,1
s,2022-10-16 17:06:07.087078,-0.25,0.38,0.89,-4.33,-38.57,17.03,-45.56,60.77,15.82,1
s,2022-10-16 17:06:07.087078,-0.27,0.40,0.95,-7.81,-33.57,16.78,-50.55,61.07,16.52,1
s,2022-10-16 17:06:07.102731,-0.27,0.46,0.99,-16.24,-28.81,16.17,-50.55,61.07,16.52,1
s,2022-10-16 17:06:07.102731,-0.25,0.48,1.04,-20.39,-24.23,17.82,-50.55,61.07,16.52,1
s,2022-10-16 17:06:07.118358,-0.26,0.50,1.01,-24.84,-22.52,22.40,-50.55,61.07,16.52,1
s,2022-10-16 17:06:07.118358,-0.27,0.53,0.98,-30.88,-20.45,28.02,-50.55,61.07,16.52,1
s,2022-10-16 17:06:07.133982,-0.29,0.52,0.92,-35.95,-16.60,33.20,-50.55,61.07,16.52,1
s,2022-10-16 17:06:07.149591,-0.31,0.54,0.89,-37.78,-12.21,35.22,-50.26,59.77,17.27,1
s,2022-10-16 17:06:07.149591,-0.31,0.57,0.86,-39.00,-3.85,35.71,-50.26,59.77,17.27,1
s,2022-10-16 17:06:07.165216,-0.33,0.59,0.77,-38.45,0.98,34.12,-50.26,59.77,17.27,1
s,2022-10-16 17:06:07.165216,-0.34,0.63,0.72,-36.62,8.73,33.57,-50.26,59.77,17.27,1
s,2022-10-16 17:06:07.180844,-0.34,0.68,0.67,-31.74,16.36,34.61,-50.26,59.77,17.27,1
s,2022-10-16 17:06:07.187378,-0.34,0.68,0.67,-26.00,21.85,35.28,-50.26,59.77,17.27,1
s,2022-10-16 17:06:07.196906,-0.35,0.70,0.68,-20.14,25.39,34.85,-47.78,57.70,14.88,1
s,2022-10-16 17:06:07.196906,-0.36,0.71,0.69,-13.37,27.34,34.91,-47.78,57.70,14.88,1
s,2022-10-16 17:06:07.212557,-0.38,0.75,0.68,-8.06,26.86,35.16,-47.78,57.70,14.88,1
s,2022-10-16 17:06:07.212557,-0.44,0.83,0.68,-2.93,22.40,34.00,-47.78,57.70,14.88,1
s,2022-10-16 17:06:07.228184,-0.50,0.91,0.67,6.65,15.44,31.80,-47.78,57.70,14.88,1
s,2022-10-16 17:06:07.243810,-0.55,0.94,0.65,20.02,10.25,28.44,-44.30,57.95,14.36,1
s,2022-10-16 17:06:07.243810,-0.59,0.90,0.62,33.39,5.13,21.12,-44.30,57.95,14.36,1
s,2022-10-16 17:06:07.259433,-0.62,0.93,0.62,41.99,0.49,10.01,-44.30,57.95,14.36,1
s,2022-10-16 17:06:07.259433,-0.60,0.98,0.57,52.25,-1.77,0.49,-44.30,57.95,14.36,1
s,2022-10-16 17:06:07.275063,-0.56,0.95,0.52,67.63,-2.44,-4.88,-44.30,57.95,14.36,1
s,2022-10-16 17:06:07.287598,-0.56,0.87,0.53,78.31,-1.53,-8.12,-44.30,57.95,14.36,1
s,2022-10-16 17:06:07.297876,-0.53,0.81,0.54,82.89,1.89,-11.66,-44.25,63.75,16.80,1
s,2022-10-16 17:06:07.301920,-0.37,0.77,0.59,85.51,5.74,-14.53,-44.25,63.75,16.80,1
s,2022-10-16 17:06:07.310642,-0.24,0.66,0.59,91.43,5.31,-16.17,-44.25,63.75,16.80,1
s,2022-10-16 17:06:07.310642,-0.21,0.45,0.62,91.80,3.78,-17.88,-44.25,63.75,16.80,1
s,2022-10-16 17:06:07.326286,-0.23,0.33,0.65,75.56,2.32,-21.79,-44.25,63.75,16.80,1
s,2022-10-16 17:06:07.326286,-0.23,0.30,0.67,52.86,-0.18,-28.08,-44.25,63.75,16.80,1
s,2022-10-16 17:06:07.341906,-0.25,0.31,0.68,35.34,-3.42,-34.36,-46.95,71.33,21.47,1
s,2022-10-16 17:06:07.357518,-0.25,0.34,0.67,22.03,-5.55,-43.95,-46.95,71.33,21.47,1
s,2022-10-16 17:06:07.357518,-0.24,0.38,0.67,22.03,-5.55,-43.95,-46.95,71.33,21.47,1
s,2022-10-16 17:06:07.373145,-0.24,0.40,0.68,7.63,-7.26,-48.58,-46.95,71.33,21.47,1
s,2022-10-16 17:06:07.373145,-0.21,0.41,0.67,7.63,-7.26,-48.58,-46.95,71.33,21.47,1
s,2022-10-16 17:06:07.389183,-0.20,0.42,0.67,3.91,-6.29,-51.03,-46.95,71.33,21.47,1
s,2022-10-16 17:06:07.389183,-0.18,0.45,0.71,-1.65,-4.39,-54.26,-51.95,76.55,23.77,1
s,2022-10-16 17:06:07.404834,-0.14,0.49,0.71,-2.14,-4.03,-58.84,-51.95,76.55,23.77,1
s,2022-10-16 17:06:07.404834,-0.11,0.50,0.72,-0.67,-4.27,-56.34,-51.95,76.55,23.77,1
s,2022-10-16 17:06:07.420461,-0.08,0.48,0.82,3.54,-5.80,-52.12,-51.95,76.55,23.77,1
s,2022-10-16 17:06:07.420461,-0.08,0.48,0.82,3.54,-5.80,-52.12,-51.95,76.55,23.77,1
s,2022-10-16 17:06:07.436088,-0.07,0.42,0.84,5.74,-9.40,-47.97,-51.95,76.55,23.77,1
s,2022-10-16 17:06:07.436088,-0.07,0.37,0.85,5.74,-9.40,-47.97,-56.73,80.98,23.72,1
s,2022-10-16 17:06:07.451712,-0.13,0.37,0.86,-10.38,-14.95,-47.00,-56.73,80.98,23.72,1
s,2022-10-16 17:06:07.467318,-0.15,0.37,0.85,-14.53,-8.48,-43.03,-56.73,80.98,23.72,1
s,2022-10-16 17:06:07.467318,-0.15,0.37,0.84,-14.95,-1.10,-36.68,-56.73,80.98,23.72,1
s,2022-10-16 17:06:07.482944,-0.11,0.28,0.86,-16.91,6.84,-31.25,-56.73,80.98,23.72,1
s,2022-10-16 17:06:07.487956,-0.11,0.28,0.86,-22.89,14.83,-29.54,-56.73,80.98,23.72,1
s,2022-10-16 17:06:07.498964,-0.13,0.22,0.88,-36.32,20.08,-29.05,-61.43,82.85,20.24,1
s,2022-10-16 17:06:07.498964,-0.15,0.33,1.01,-41.50,20.81,-27.34,-61.43,82.85,20.24,1
