n,2022-11-04 12:38:45.038296,0.14,0.14,0.87,-28.81,5.92,47.91,-26.53,14.81,-38.89,1
n,2022-11-04 12:38:45.058348,0.17,0.15,0.85,-27.47,6.29,48.16,-26.53,14.81,-38.89,1
n,2022-11-04 12:38:45.076524,0.11,0.20,0.89,-28.81,6.59,49.07,-28.19,15.97,-38.73,1
n,2022-11-04 12:38:45.094138,0.07,0.27,0.93,-34.67,6.59,44.62,-28.19,15.97,-38.73,1
n,2022-11-04 12:38:45.113255,0.05,0.34,0.97,-32.78,9.22,41.02,-28.19,15.97,-38.73,1
n,2022-11-04 12:38:45.134926,0.09,0.36,0.98,-29.91,13.31,37.05,-29.97,17.68,-37.52,1
n,2022-11-04 12:38:45.152391,0.06,0.37,0.98,-30.82,8.12,28.93,-29.97,17.68,-37.52,1
n,2022-11-04 12:38:45.172378,0.00,0.41,0.97,-31.68,6.04,28.14,-32.70,18.52,-36.50,1
n,2022-11-04 12:38:45.190800,-0.01,0.39,0.97,-25.70,9.46,28.87,-32.70,18.52,-36.50,1
n,2022-11-04 12:38:45.211588,0.00,0.33,1.00,-20.14,8.24,28.08,-32.70,18.52,-36.50,1
n,2022-11-04 12:38:45.230288,-0.05,0.36,0.95,-22.77,4.52,29.48,-34.12,20.14,-35.56,1
n,2022-11-04 12:38:45.249913,-0.09,0.32,0.97,-27.34,5.98,30.58,-34.12,20.14,-35.56,1
n,2022-11-04 12:38:45.267691,-0.11,0.36,1.00,-27.28,7.26,27.47,-34.12,20.14,-35.56,1
n,2022-11-04 12:38:45.287372,-0.14,0.31,0.96,-20.32,4.88,30.94,-36.65,21.42,-34.56,1
n,2022-11-04 12:38:45.307837,-0.04,0.30,0.91,-22.52,5.62,28.02,-36.65,21.42,-34.56,1
n,2022-11-04 12:38:45.325473,-0.03,0.34,0.90,-37.84,7.81,17.33,-37.78,23.10,-34.95,1
n,2022-11-04 12:38:45.345096,-0.04,0.42,0.89,-28.63,9.52,22.64,-37.78,23.10,-34.95,1
n,2022-11-04 12:38:45.363699,0.05,0.37,0.88,-24.84,5.49,20.63,-37.78,23.10,-34.95,1
n,2022-11-04 12:38:45.387303,0.04,0.44,0.86,-39.43,0.67,6.59,-39.22,24.23,-34.58,1
n,2022-11-04 12:38:45.402836,0.06,0.49,0.81,-37.11,-4.21,-2.50,-39.22,24.23,-34.58,1
n,2022-11-04 12:38:45.422242,0.07,0.52,0.78,-43.21,-12.94,-10.44,-40.63,24.28,-33.75,1
n,2022-11-04 12:38:45.441250,0.06,0.56,0.77,-44.49,-25.33,-19.35,-40.63,24.28,-33.75,1
n,2022-11-04 12:38:45.461856,-0.01,0.57,0.74,-48.28,-42.48,-31.80,-40.63,24.28,-33.75,1
n,2022-11-04 12:38:45.480143,-0.07,0.70,0.82,62.13,44.31,-28.32,-41.69,23.67,-31.52,1
n,2022-11-04 12:38:45.499499,-0.04,0.07,1.03,40.28,45.35,-15.75,-41.69,23.67,-31.52,1
n,2022-11-04 12:38:45.517937,-0.02,0.25,0.87,-25.76,-3.97,-33.51,-41.69,23.67,-31.52,1
n,2022-11-04 12:38:45.541067,-0.01,0.39,0.77,-28.08,-21.18,-21.42,-40.87,22.36,-31.82,1
n,2022-11-04 12:38:45.557006,-0.01,0.43,0.74,-19.23,-23.93,-7.69,-40.87,22.36,-31.82,1
n,2022-11-04 12:38:45.576150,-0.01,0.44,0.72,-2.69,-21.30,3.72,-40.14,22.63,-30.83,1
n,2022-11-04 12:38:45.595431,0.01,0.50,0.91,6.41,-8.36,5.07,-40.14,22.63,-30.83,1
n,2022-11-04 12:38:45.616591,0.03,0.48,1.04,8.91,-0.06,-0.85,-40.14,22.63,-30.83,1
n,2022-11-04 12:38:45.633921,0.08,0.51,1.13,-7.93,10.99,-10.99,-39.18,23.07,-30.09,1
n,2022-11-04 12:38:45.652603,0.06,0.83,1.30,-29.85,9.70,-20.02,-39.18,23.07,-30.09,1
n,2022-11-04 12:38:45.671199,0.02,0.83,1.15,1.40,-16.78,1.04,-39.18,23.07,-30.09,1
n,2022-11-04 12:38:45.692578,0.05,0.72,0.78,34.18,-12.21,23.93,-39.71,23.27,-30.18,1
n,2022-11-04 12:38:45.708742,0.02,0.36,0.93,38.15,29.91,21.67,-39.71,23.27,-30.18,1
n,2022-11-04 12:38:45.728150,0.01,0.36,0.90,14.83,35.10,-15.26,-39.98,23.29,-31.37,1
n,2022-11-04 12:38:45.746832,-0.01,0.50,0.86,2.38,27.71,-20.26,-39.98,23.29,-31.37,1
n,2022-11-04 12:38:45.765925,-0.01,0.43,0.74,27.40,16.24,-13.24,-39.98,23.29,-31.37,1
n,2022-11-04 12:38:45.789855,-0.02,0.36,0.70,33.26,11.05,-11.17,-40.84,22.02,-32.65,1
n,2022-11-04 12:38:45.804867,-0.01,0.41,0.73,23.01,10.07,-17.15,-40.84,22.02,-32.65,1
n,2022-11-04 12:38:45.824721,-0.00,0.42,0.74,25.94,10.99,-19.96,-40.70,20.32,-33.03,1
n,2022-11-04 12:38:45.844554,0.01,0.32,0.78,33.63,5.98,-14.89,-40.70,20.32,-33.03,1
n,2022-11-04 12:38:45.865242,0.01,0.23,0.81,24.66,0.61,-14.77,-40.70,20.32,-33.03,1
n,2022-11-04 12:38:45.883595,0.02,0.18,0.81,6.90,-5.37,-18.68,-39.42,19.43,-31.82,1
n,2022-11-04 12:38:45.901739,0.02,0.26,0.82,-12.94,-10.99,-20.69,-39.42,19.43,-31.82,1
n,2022-11-04 12:38:45.920984,0.01,0.40,0.82,-10.38,-15.93,-14.89,-39.42,19.43,-31.82,1
n,2022-11-04 12:38:45.943180,0.01,0.32,0.83,3.97,-21.00,-7.45,-39.09,18.42,-32.23,1
n,2022-11-04 12:38:45.959684,0.02,0.26,0.85,6.35,-26.79,-1.53,-39.09,18.42,-32.23,1
n,2022-11-04 12:38:45.980215,0.03,0.26,0.88,-6.35,-28.02,6.16,-38.24,19.06,-30.85,1
n,2022-11-04 12:38:45.999590,0.04,0.34,0.94,-21.00,-24.78,9.52,-38.24,19.06,-30.85,1
n,2022-11-04 12:38:46.023695,0.05,0.46,1.01,-32.23,-18.98,9.70,-38.24,19.06,-30.85,1
n,2022-11-04 12:38:46.037637,0.04,0.60,1.10,-31.07,-8.54,13.43,-38.04,19.63,-29.42,1
n,2022-11-04 12:38:46.056627,0.02,0.74,1.12,-29.48,-1.40,25.27,-38.04,19.63,-29.42,1
n,2022-11-04 12:38:46.076580,-0.07,0.82,1.11,-7.57,2.50,39.61,-38.04,19.63,-29.42,1
n,2022-11-04 12:38:46.098113,-0.25,0.54,1.00,54.93,33.87,30.33,-36.85,20.35,-29.83,1
n,2022-11-04 12:38:46.114778,-0.07,0.47,1.00,73.36,40.77,4.52,-36.85,20.35,-29.83,1
n,2022-11-04 12:38:46.134675,0.14,0.32,0.94,75.93,41.20,-3.36,-36.12,20.53,-31.46,1
n,2022-11-04 12:38:46.152696,0.15,0.20,0.90,42.18,27.53,-11.72,-36.12,20.53,-31.46,1
n,2022-11-04 12:38:46.174511,0.02,0.18,0.80,13.24,9.09,-16.11,-36.12,20.53,-31.46,1
n,2022-11-04 12:38:46.192122,0.05,0.18,0.79,0.06,3.36,-14.77,-35.02,18.82,-33.31,1
n,2022-11-04 12:38:46.210846,0.03,0.24,0.75,-6.23,-0.98,-10.80,-35.02,18.82,-33.31,1
n,2022-11-04 12:38:46.231452,0.04,0.25,0.77,-5.19,-5.92,-4.88,-34.57,18.25,-32.28,1
n,2022-11-04 12:38:46.250300,0.03,0.30,0.79,-4.94,-8.36,-3.48,-34.57,18.25,-32.28,1
n,2022-11-04 12:38:46.272727,0.03,0.28,0.85,-3.42,-7.63,-2.87,-34.57,18.25,-32.28,1
n,2022-11-04 12:38:46.289321,0.03,0.28,0.88,-6.29,-7.69,-1.46,-34.80,18.53,-32.68,1
n,2022-11-04 12:38:46.306465,0.05,0.29,0.93,-8.00,-5.31,-1.16,-34.80,18.53,-32.68,1
