g,2022-11-12 10:44:09.974804,8.413654,3.246703,-2.614601,-0.812135,-0.373224,0.111419,-77.171707,-94.939468,-92.610733,1
g,2022-11-12 10:44:10.070995,7.460712,5.401594,-2.159680,-0.004919,0.243307,-0.409770,-112.542068,-95.658706,-139.952789,1
g,2022-11-12 10:44:10.166674,7.513388,3.026425,-0.876322,0.644503,0.560095,1.245011,-127.547676,-109.683853,-158.613159,1
g,2022-11-12 10:44:10.278306,12.531890,-3.213182,-1.580254,-0.053522,0.738530,0.568291,-77.350341,-124.967674,-112.135009,1
g,2022-11-12 10:44:10.374648,10.515871,4.712029,-1.996866,-0.082951,-0.242327,-0.164755,-77.350341,-124.967674,-112.135009,1
g,2022-11-12 10:44:10.470604,7.704934,2.533195,-0.957729,0.239962,-0.344328,0.369883,-95.750076,-78.037368,-176.927963,1
g,2022-11-12 10:44:10.566665,7.159028,1.417440,-0.378303,0.042886,0.051157,0.139383,-148.269714,-68.687263,-181.420272,1
g,2022-11-12 10:44:10.662329,8.801534,3.567542,-0.718297,0.025841,1.069832,-0.409636,-126.654487,-57.359260,-190.923248,1
g,2022-11-12 10:44:10.758359,11.823171,3.222760,-1.412651,0.196020,-0.196520,0.343517,-56.985588,-68.147834,-140.471130,1
g,2022-11-12 10:44:10.854711,10.228551,1.810109,-0.593792,0.529852,0.045165,0.066944,-56.985588,-68.147834,-140.471130,1
