d,2022-10-31 15:36:35.105185,-0.52,-1.18,0.27,-4.46,30.21,-17.88,16.91,63.09,-59.75,1
d,2022-10-31 15:36:35.124325,-0.40,-1.16,0.08,-6.90,34.30,8.36,16.03,61.61,-61.93,1
d,2022-10-31 15:36:35.142363,-0.35,-1.17,-0.00,-24.41,27.10,16.54,16.03,61.61,-61.93,1
d,2022-10-31 15:36:35.159682,-0.42,-1.21,0.00,-51.88,10.07,14.89,16.03,61.61,-61.93,1
d,2022-10-31 15:36:35.178943,-0.49,-1.20,0.07,-57.74,-10.80,27.47,13.79,63.15,-62.82,1
d,2022-10-31 15:36:35.197723,-0.53,-0.61,0.56,-28.44,-0.61,-5.55,13.79,63.15,-62.82,1
d,2022-10-31 15:36:35.215051,-0.40,-0.71,0.18,13.79,-4.88,28.38,13.79,63.15,-62.82,1
d,2022-10-31 15:36:35.234296,-0.26,-0.58,-0.01,1.83,-16.36,23.68,13.76,64.76,-61.00,1
d,2022-10-31 15:36:35.252598,-0.30,-0.48,0.16,-8.79,-56.03,5.37,13.76,64.76,-61.00,1
d,2022-10-31 15:36:35.271404,-0.24,-0.40,0.28,-3.36,-85.88,-22.58,14.34,64.89,-57.39,1
d,2022-10-31 15:36:35.288808,-0.33,-0.43,0.43,7.87,-99.43,-41.93,14.34,64.89,-57.39,1
d,2022-10-31 15:36:35.307377,-0.39,-0.43,0.69,39.12,-96.44,-47.42,14.34,64.89,-57.39,1
d,2022-10-31 15:36:35.326333,-0.50,-0.47,0.74,63.84,-83.13,-56.03,14.76,61.63,-50.79,1
d,2022-10-31 15:36:35.343932,-0.69,-0.85,0.78,45.47,-34.73,-66.16,14.76,61.63,-50.79,1
d,2022-10-31 15:36:35.362165,-0.86,-1.26,0.61,16.66,11.84,-41.26,14.76,61.63,-50.79,1
d,2022-10-31 15:36:35.380719,-0.77,-1.25,0.51,9.28,48.58,-9.03,12.30,56.63,-51.82,1
d,2022-10-31 15:36:35.399047,-0.72,-1.17,0.53,1.22,61.40,-0.37,12.30,56.63,-51.82,1
d,2022-10-31 15:36:35.417390,-0.70,-1.18,0.49,-8.91,81.67,-0.12,12.30,56.63,-51.82,1
d,2022-10-31 15:36:35.435791,-0.68,-1.24,0.41,-22.03,103.09,20.63,11.84,54.21,-58.83,1
d,2022-10-31 15:36:35.453794,-0.57,-1.25,0.06,-10.93,77.03,42.48,11.84,54.21,-58.83,1
d,2022-10-31 15:36:35.473181,-0.51,-1.11,0.10,12.02,41.20,56.64,13.42,59.50,-64.31,1
d,2022-10-31 15:36:35.492053,-0.47,-0.93,0.20,9.28,23.19,59.20,13.42,59.50,-64.31,1
d,2022-10-31 15:36:35.509394,-0.40,-0.76,0.17,4.58,14.28,64.82,13.42,59.50,-64.31,1
d,2022-10-31 15:36:35.529519,-0.32,-0.61,0.10,4.76,2.44,69.95,15.55,65.54,-66.75,1
d,2022-10-31 15:36:35.547357,-0.28,-0.46,0.08,-8.54,-15.63,65.98,15.55,65.54,-66.75,1
d,2022-10-31 15:36:35.564814,-0.27,-0.37,0.07,-2.01,-38.09,55.48,15.55,65.54,-66.75,1
d,2022-10-31 15:36:35.584114,-0.26,-0.24,0.25,19.29,-51.94,20.63,16.49,68.79,-63.31,1
d,2022-10-31 15:36:35.601606,-0.26,-0.29,0.17,58.84,-41.87,-3.66,16.49,68.79,-63.31,1
d,2022-10-31 15:36:35.621374,-0.27,-0.27,0.33,56.09,-52.19,-28.93,16.39,67.85,-61.91,1
d,2022-10-31 15:36:35.640015,-0.29,-0.29,0.32,50.05,-45.47,-82.89,16.39,67.85,-61.91,1
d,2022-10-31 15:36:35.658205,-0.32,-0.42,0.23,23.86,-29.60,-116.15,16.39,67.85,-61.91,1
d,2022-10-31 15:36:35.676632,-0.41,-0.54,0.24,15.08,-15.50,-131.47,13.72,61.34,-62.29,1
d,2022-10-31 15:36:35.695205,-0.49,-0.67,0.22,29.85,-14.95,-119.81,13.72,61.34,-62.29,1
d,2022-10-31 15:36:35.713272,-0.59,-0.89,0.12,73.12,-31.31,-89.84,13.72,61.34,-62.29,1
d,2022-10-31 15:36:35.732288,-0.88,-1.35,0.15,50.17,-29.24,-38.39,14.16,47.92,-60.71,1
d,2022-10-31 15:36:35.750122,-0.99,-1.56,0.16,58.23,-9.46,28.20,14.16,47.92,-60.71,1
d,2022-10-31 15:36:35.767528,-0.75,-1.38,0.12,58.17,6.96,69.46,14.16,47.92,-60.71,1
d,2022-10-31 15:36:35.786403,-0.55,-1.06,0.08,6.65,18.98,63.90,17.88,43.96,-64.23,1
d,2022-10-31 15:36:35.804936,-0.54,-1.00,0.10,-32.65,29.36,21.36,17.88,43.96,-64.23,1
d,2022-10-31 15:36:35.824294,-0.82,-1.02,0.22,-53.71,16.66,11.72,17.59,45.64,-62.60,1
d,2022-10-31 15:36:35.842008,-0.75,-0.96,0.25,-3.30,19.17,27.95,17.59,45.64,-62.60,1
d,2022-10-31 15:36:35.860127,-0.56,-0.80,0.15,26.98,30.40,45.96,17.59,45.64,-62.60,1
d,2022-10-31 15:36:35.879346,-0.45,-0.72,0.04,31.37,29.48,29.42,18.46,51.00,-61.77,1
