k,2022-10-31 17:54:16.227824,0.59,-0.09,0.69,2.50,-1.95,17.27,32.23,-135.23,-140.04,1
k,2022-10-31 17:54:16.246911,0.67,-0.09,0.67,-12.08,9.16,12.02,32.90,-136.73,-139.88,1
k,2022-10-31 17:54:16.264833,0.70,-0.00,0.60,-12.39,4.76,18.37,32.90,-136.73,-139.88,1
k,2022-10-31 17:54:16.283074,0.63,-0.04,0.61,-18.86,-6.10,-0.43,32.90,-136.73,-139.88,1
k,2022-10-31 17:54:16.302073,0.62,-0.11,0.71,-45.35,-12.63,-25.02,33.61,-139.88,-138.85,1
k,2022-10-31 17:54:16.319879,0.65,0.03,0.85,-10.44,17.82,-9.70,33.61,-139.88,-138.85,1
k,2022-10-31 17:54:16.338825,0.65,-0.06,0.73,3.42,6.04,-8.73,35.39,-141.65,-138.17,1
k,2022-10-31 17:54:16.356936,0.68,-0.01,0.66,-3.60,8.06,-5.92,35.39,-141.65,-138.17,1
k,2022-10-31 17:54:16.374893,0.63,-0.01,0.66,-5.07,9.83,-4.46,35.39,-141.65,-138.17,1
k,2022-10-31 17:54:16.393674,0.33,0.02,0.63,31.01,-3.11,-9.28,35.57,-142.20,-138.66,1
k,2022-10-31 17:54:16.411904,0.38,-0.03,0.56,108.89,-41.56,-27.47,35.57,-142.20,-138.66,1
k,2022-10-31 17:54:16.429937,0.40,-0.16,0.58,108.09,-67.38,-32.84,35.57,-142.20,-138.66,1
k,2022-10-31 17:54:16.448887,0.56,-0.08,0.68,51.27,-110.29,-47.49,34.17,-139.71,-144.21,1
k,2022-10-31 17:54:16.466831,0.76,-0.44,0.84,-18.74,-92.90,-74.77,34.17,-139.71,-144.21,1
k,2022-10-31 17:54:16.486071,0.77,-0.49,0.94,-94.18,-63.35,-86.61,29.82,-138.06,-149.94,1
k,2022-10-31 17:54:16.504006,0.72,-0.21,0.92,-160.77,-56.52,-88.56,29.82,-138.06,-149.94,1
k,2022-10-31 17:54:16.521913,0.53,0.20,0.79,-120.48,-40.16,-49.62,29.82,-138.06,-149.94,1
k,2022-10-31 17:54:16.540879,0.65,0.26,0.93,-11.17,-19.23,-15.01,24.77,-141.49,-153.81,1
k,2022-10-31 17:54:16.558671,0.67,0.02,1.02,37.96,-1.95,9.03,24.77,-141.49,-153.81,1
k,2022-10-31 17:54:16.576862,0.66,-0.07,1.02,40.59,-15.32,13.79,24.77,-141.49,-153.81,1
k,2022-10-31 17:54:16.595858,0.56,-0.04,0.95,27.40,-14.95,20.02,23.58,-139.90,-154.38,1
k,2022-10-31 17:54:16.613693,0.63,0.01,1.04,16.60,-17.09,4.15,23.58,-139.90,-154.38,1
k,2022-10-31 17:54:16.631624,0.32,0.18,1.22,40.95,58.11,0.92,23.58,-139.90,-154.38,1
k,2022-10-31 17:54:16.650485,0.70,0.19,0.92,142.58,137.45,51.39,25.05,-137.48,-153.00,1
k,2022-10-31 17:54:16.668613,0.71,0.08,0.71,179.99,153.14,68.54,25.05,-137.48,-153.00,1
k,2022-10-31 17:54:16.687783,0.86,-0.04,0.58,133.06,123.35,9.70,31.57,-128.37,-146.36,1
k,2022-10-31 17:54:16.705753,0.82,-0.28,0.34,38.09,90.33,-42.24,31.57,-128.37,-146.36,1
k,2022-10-31 17:54:16.723891,0.70,-0.41,0.34,-38.76,57.31,-65.43,31.57,-128.37,-146.36,1
k,2022-10-31 17:54:16.742859,0.63,-0.63,0.61,-45.53,22.22,-63.05,36.79,-127.27,-138.44,1
k,2022-10-31 17:54:16.760923,0.48,-0.62,0.83,-50.17,4.64,-30.21,36.79,-127.27,-138.44,1
k,2022-10-31 17:54:16.778936,0.61,-0.40,0.62,-33.08,21.55,-13.85,36.79,-127.27,-138.44,1
k,2022-10-31 17:54:16.797961,0.44,-0.29,0.56,-38.88,21.91,-17.94,38.70,-128.52,-133.95,1
k,2022-10-31 17:54:16.815918,0.76,-0.26,0.60,-33.75,17.09,-21.06,38.70,-128.52,-133.95,1
k,2022-10-31 17:54:16.834835,0.53,-0.15,0.65,-55.97,21.55,-5.92,40.00,-130.62,-134.34,1
k,2022-10-31 17:54:16.852979,0.68,-0.16,0.69,-63.84,7.32,-6.84,40.00,-130.62,-134.34,1
k,2022-10-31 17:54:16.870895,0.27,-0.38,0.54,-54.02,-2.93,4.27,40.00,-130.62,-134.34,1
k,2022-10-31 17:54:16.889897,0.56,-0.42,0.56,20.57,-54.14,42.66,39.21,-132.24,-135.38,1
k,2022-10-31 17:54:16.907945,0.49,-0.29,0.66,10.44,-66.65,40.77,39.21,-132.24,-135.38,1
k,2022-10-31 17:54:16.925905,0.69,-0.32,0.51,122.31,-101.20,86.67,39.21,-132.24,-135.38,1
k,2022-10-31 17:54:16.944756,0.82,-0.24,0.80,48.89,-70.50,76.72,35.72,-134.66,-143.46,1
k,2022-10-31 17:54:16.962919,0.62,0.04,0.89,-63.17,-27.65,24.60,35.72,-134.66,-143.46,1
k,2022-10-31 17:54:16.980988,0.60,0.24,0.86,-55.30,-28.02,22.46,35.72,-134.66,-143.46,1
k,2022-10-31 17:54:16.999716,0.72,0.38,1.01,-4.76,-15.01,17.88,31.86,-139.40,-148.00,1
k,2022-10-31 17:54:17.017854,0.63,-0.09,0.81,64.15,-1.77,25.09,31.86,-139.40,-148.00,1
k,2022-10-31 17:54:17.036671,0.46,-0.07,0.85,40.59,-13.31,15.50,31.35,-139.07,-149.30,1
k,2022-10-31 17:54:17.054899,0.55,0.12,0.81,-50.29,-5.68,-80.26,31.35,-139.07,-149.30,1
k,2022-10-31 17:54:17.072950,0.58,-0.04,0.63,-28.93,9.34,-97.29,31.35,-139.07,-149.30,1
k,2022-10-31 17:54:17.091952,0.48,-0.28,0.70,-23.86,-1.65,-111.21,32.75,-135.05,-145.29,1
k,2022-10-31 17:54:17.109975,0.64,-0.47,0.69,-42.91,-13.79,-131.04,32.75,-135.05,-145.29,1
k,2022-10-31 17:54:17.127935,0.56,-0.43,0.67,-50.60,-15.20,-116.03,32.75,-135.05,-145.29,1
k,2022-10-31 17:54:17.146919,0.47,-0.29,0.71,-62.87,-21.48,-114.75,33.41,-132.06,-145.70,1
k,2022-10-31 17:54:17.165053,0.56,-0.12,0.80,-87.89,-62.93,-113.04,33.41,-132.06,-145.70,1
k,2022-10-31 17:54:17.183884,0.66,0.06,0.94,-12.27,-54.26,-48.58,31.12,-130.70,-147.68,1
k,2022-10-31 17:54:17.201846,0.66,-0.09,0.99,41.44,-35.34,2.01,31.12,-130.70,-147.68,1
k,2022-10-31 17:54:17.219872,0.60,-0.12,0.93,41.50,-26.37,7.51,31.12,-130.70,-147.68,1
k,2022-10-31 17:54:17.238678,0.61,-0.26,0.89,54.69,-7.20,32.53,30.80,-127.34,-145.83,1
k,2022-10-31 17:54:17.256831,0.09,-0.08,1.21,140.26,66.89,96.44,30.80,-127.34,-145.83,1
k,2022-10-31 17:54:17.274834,0.51,-0.21,0.98,192.81,117.86,125.18,30.80,-127.34,-145.83,1
k,2022-10-31 17:54:17.293530,0.78,-0.35,0.70,174.80,119.45,102.42,32.28,-122.60,-140.32,1
k,2022-10-31 17:54:17.311826,0.77,-0.42,0.61,131.53,89.54,76.72,32.28,-122.60,-140.32,1
k,2022-10-31 17:54:17.329770,0.81,-0.24,0.51,51.64,61.71,40.04,32.28,-122.60,-140.32,1
k,2022-10-31 17:54:17.348818,0.77,-0.10,0.65,-11.47,49.44,-4.76,32.73,-117.14,-134.39,1
k,2022-10-31 17:54:17.366861,0.73,-0.09,0.61,-14.40,33.02,-3.72,32.73,-117.14,-134.39,1
k,2022-10-31 17:54:17.385717,0.88,-0.39,0.49,-9.83,24.60,14.95,32.15,-114.20,-128.96,1
k,2022-10-31 17:54:17.404132,0.82,-0.56,0.37,-92.96,-10.25,-19.17,32.15,-114.20,-128.96,1
k,2022-10-31 17:54:17.421969,0.78,-0.37,0.40,-104.55,-13.85,-4.21,32.15,-114.20,-128.96,1
k,2022-10-31 17:54:17.440896,0.74,-0.32,0.54,-85.88,-0.43,23.86,33.24,-113.31,-127.26,1
k,2022-10-31 17:54:17.458890,0.82,-0.34,0.62,-66.65,-4.82,25.21,33.24,-113.31,-127.26,1
