F,2022-10-17 15:05:44.674671,0.11,-0.09,0.98,-0.67,9.09,-14.10,51.60,8.44,-48.23,1
F,2022-10-17 15:05:44.693634,0.13,-0.04,0.95,-14.47,9.40,-14.71,54.11,7.54,-45.65,1
F,2022-10-17 15:05:44.711509,0.14,0.05,0.94,-19.04,8.85,-10.13,54.11,7.54,-45.65,1
F,2022-10-17 15:05:44.730559,0.11,0.10,0.95,-2.26,5.92,-2.32,55.33,6.81,-44.71,1
F,2022-10-17 15:05:44.748370,0.05,0.01,0.97,14.95,7.02,3.36,55.33,6.81,-44.71,1
F,2022-10-17 15:05:44.766474,0.08,-0.11,0.99,18.74,9.22,0.24,55.33,6.81,-44.71,1
F,2022-10-17 15:05:44.785533,0.12,-0.18,1.00,0.98,8.54,-8.67,57.92,7.03,-42.18,1
F,2022-10-17 15:05:44.803820,0.15,-0.07,0.97,-26.73,5.55,-12.08,57.92,7.03,-42.18,1
F,2022-10-17 15:05:44.821713,0.06,-0.05,0.96,-44.86,6.53,-8.00,57.92,7.03,-42.18,1
F,2022-10-17 15:05:44.840563,0.08,0.01,0.96,-57.43,11.96,-11.54,60.17,5.69,-38.61,1
F,2022-10-17 15:05:44.858776,0.06,0.09,0.97,-66.16,14.83,-21.42,60.17,5.69,-38.61,1
F,2022-10-17 15:05:44.877594,0.06,0.14,0.97,-59.14,12.27,-22.40,62.32,4.46,-35.56,1
F,2022-10-17 15:05:44.895689,0.12,0.03,0.94,-33.33,-1.04,-12.27,62.32,4.46,-35.56,1
F,2022-10-17 15:05:44.913819,0.01,-0.08,0.99,-36.99,-5.43,-7.75,62.32,4.46,-35.56,1
F,2022-10-17 15:05:44.932698,-0.59,-0.11,1.04,-34.00,-5.86,1.89,64.23,3.10,-33.90,1
F,2022-10-17 15:05:44.950510,0.07,0.09,1.15,33.39,3.42,5.74,64.23,3.10,-33.90,1
F,2022-10-17 15:05:44.968659,0.06,-0.24,1.09,38.21,-11.78,-6.16,64.23,3.10,-33.90,1
F,2022-10-17 15:05:44.987629,-0.09,0.05,1.12,-6.53,-2.93,3.30,63.54,4.06,-33.76,1
F,2022-10-17 15:05:45.005628,-0.03,-0.12,1.11,26.49,-7.45,44.37,63.54,4.06,-33.76,1
F,2022-10-17 15:05:45.023523,0.12,-0.22,0.96,44.49,-23.25,53.96,63.54,4.06,-33.76,1
F,2022-10-17 15:05:45.042436,0.12,-0.12,0.82,5.43,-21.48,30.21,60.68,3.77,-34.91,1
F,2022-10-17 15:05:45.060754,0.19,0.16,0.78,-53.96,-8.36,-10.93,60.68,3.77,-34.91,1
F,2022-10-17 15:05:45.079521,0.18,0.54,0.79,-55.42,-3.30,-27.83,59.07,2.25,-34.97,1
F,2022-10-17 15:05:45.097537,0.04,0.69,0.84,-40.71,5.62,-25.70,59.07,2.25,-34.97,1
F,2022-10-17 15:05:45.115453,0.07,0.40,0.94,21.91,13.49,4.03,59.07,2.25,-34.97,1
F,2022-10-17 15:05:45.134597,0.07,-0.02,1.04,37.17,13.12,16.91,60.16,1.59,-36.71,1
F,2022-10-17 15:05:45.152430,0.10,-0.10,1.07,2.56,0.79,1.16,60.16,1.59,-36.71,1
F,2022-10-17 15:05:45.170717,0.06,0.01,0.99,-15.69,-7.81,-9.95,60.16,1.59,-36.71,1
F,2022-10-17 15:05:45.189613,0.01,0.13,0.91,-41.56,-36.38,-15.01,60.89,1.60,-35.62,1
F,2022-10-17 15:05:45.207882,-0.05,0.24,0.94,-30.52,-69.15,-7.93,60.89,1.60,-35.62,1
F,2022-10-17 15:05:45.226446,-0.01,0.32,0.87,23.80,-115.48,19.35,57.09,1.53,-39.18,1
F,2022-10-17 15:05:45.244597,0.08,0.07,0.72,92.35,-140.01,45.04,57.09,1.53,-39.18,1
F,2022-10-17 15:05:45.262516,-0.09,0.16,0.78,65.31,-117.86,31.01,57.09,1.53,-39.18,1
F,2022-10-17 15:05:45.281540,-0.16,0.20,0.89,62.62,-87.83,34.12,54.47,3.85,-41.43,1
F,2022-10-17 15:05:45.299513,-0.23,0.09,0.98,54.87,-48.58,37.54,54.47,3.85,-41.43,1
F,2022-10-17 15:05:45.317700,-0.21,-0.04,1.06,46.75,-14.71,41.44,54.47,3.85,-41.43,1
F,2022-10-17 15:05:45.336497,-0.23,-0.24,0.98,19.78,40.41,5.49,55.58,5.21,-42.81,1
F,2022-10-17 15:05:45.354759,-0.04,-0.14,1.12,6.35,63.42,-10.56,55.58,5.21,-42.81,1
F,2022-10-17 15:05:45.372694,0.02,-0.16,1.11,-15.81,65.86,-11.23,55.58,5.21,-42.81,1
F,2022-10-17 15:05:45.391720,0.01,-0.12,1.04,-43.15,67.69,-17.21,58.31,4.08,-42.87,1
F,2022-10-17 15:05:45.409714,0.00,-0.00,1.02,-71.04,70.74,-23.56,58.31,4.08,-42.87,1
F,2022-10-17 15:05:45.428519,0.04,0.15,1.03,-55.91,44.07,-10.50,60.57,2.37,-40.71,1
F,2022-10-17 15:05:45.446773,-0.24,-0.05,1.09,-30.46,24.41,2.32,60.57,2.37,-40.71,1
F,2022-10-17 15:05:45.464764,-0.05,0.46,0.95,-17.52,-16.17,-16.60,60.57,2.37,-40.71,1
F,2022-10-17 15:05:45.483545,0.00,0.39,0.77,16.48,12.76,-5.62,60.34,1.89,-39.88,1
F,2022-10-17 15:05:45.501671,0.14,0.18,0.88,-8.18,26.37,-21.79,60.34,1.89,-39.88,1
F,2022-10-17 15:05:45.519517,0.15,0.32,0.86,-61.89,9.16,-72.57,60.34,1.89,-39.88,1
F,2022-10-17 15:05:45.538741,-0.07,0.46,0.97,-51.27,-5.86,-78.74,62.88,1.70,-38.02,1
F,2022-10-17 15:05:45.556670,-0.14,0.18,0.99,5.19,-7.45,-43.03,62.88,1.70,-38.02,1
F,2022-10-17 15:05:45.574707,-0.19,-0.10,1.09,26.18,3.23,-11.29,62.88,1.70,-38.02,1
F,2022-10-17 15:05:45.593646,-0.33,-0.27,1.15,26.18,14.71,5.07,65.08,3.20,-35.80,1
F,2022-10-17 15:05:45.611593,-0.17,-0.19,1.18,46.69,25.70,18.37,65.08,3.20,-35.80,1
F,2022-10-17 15:05:45.630637,-0.01,-0.10,1.06,45.10,18.49,19.78,64.49,4.57,-37.17,1
F,2022-10-17 15:05:45.648456,0.06,-0.03,0.95,33.26,11.72,18.55,64.49,4.57,-37.17,1
F,2022-10-17 15:05:45.666415,0.02,0.01,0.92,20.51,4.27,18.13,64.49,4.57,-37.17,1
F,2022-10-17 15:05:45.685472,-0.03,0.01,0.91,15.44,-3.05,26.79,61.52,5.10,-38.53,1
F,2022-10-17 15:05:45.703578,-0.10,-0.00,0.93,14.65,-4.39,27.10,61.52,5.10,-38.53,1
F,2022-10-17 15:05:45.721606,-0.06,-0.00,0.96,20.51,-2.81,27.10,61.52,5.10,-38.53,1
F,2022-10-17 15:05:45.740610,-0.07,-0.10,0.99,36.93,-4.82,31.74,58.67,5.91,-40.39,1
F,2022-10-17 15:05:45.758736,-0.09,-0.21,0.97,45.23,-7.14,37.66,58.67,5.91,-40.39,1
F,2022-10-17 15:05:45.777815,-0.11,-0.34,0.93,28.08,-5.74,40.59,54.75,7.86,-45.40,1
F,2022-10-17 15:05:45.795534,0.02,-0.36,0.87,8.73,-2.44,39.92,54.75,7.86,-45.40,1
