Q,2022-11-13 14:31:16.606157,-6.718472,15.797748,-0.129293,-0.911055,0.519990,0.227645,12.326037,45.851448,-12.958592,1
Q,2022-11-13 14:31:16.700816,-2.791781,8.763225,-4.209221,0.413888,-0.099471,-0.029354,13.040590,53.043830,-29.891149,1
Q,2022-11-13 14:31:16.796385,-4.702452,7.364940,-2.810936,-0.099577,-0.150870,0.624329,26.974369,56.280403,-80.688827,1
Q,2022-11-13 14:31:16.892990,-5.688913,6.852554,-1.948979,-0.335803,-0.213056,1.257772,26.974369,56.280403,-80.688827,1
Q,2022-11-13 14:31:16.988224,-4.913152,7.542119,-1.661661,-0.163893,0.631312,1.554719,33.941257,58.617931,-100.558670,1
Q,2022-11-13 14:31:17.084246,-0.119716,8.653086,-2.336860,-0.913718,0.839441,1.075742,29.653942,58.258312,-93.992980,1
Q,2022-11-13 14:31:17.180195,-0.316051,9.179838,-2.609813,-0.883624,0.244082,0.577057,19.650201,67.968025,-76.369293,1
Q,2022-11-13 14:31:17.276157,-1.733490,10.784034,-2.691220,-0.385472,-0.177769,0.182371,19.650201,67.968025,-76.369293,1
Q,2022-11-13 14:31:17.372362,-4.587524,10.286015,-2.724740,0.229195,-0.364060,0.323121,21.972499,72.463272,-34.383460,1
Q,2022-11-13 14:31:17.467852,-5.899613,8.964348,-2.346437,0.065674,0.147675,0.522328,38.049938,84.690322,-59.955081,1
Q,2022-11-13 14:31:17.563381,-3.361630,7.695356,-2.025598,-0.248317,0.428775,1.459110,41.979976,60.595836,-103.841506,1
Q,2022-11-13 14:31:17.659312,-0.258587,8.222108,-1.929825,-0.628622,0.571124,0.828996,34.655811,56.819831,-97.103042,1
Q,2022-11-13 14:31:17.755145,-3.888382,7.455924,-3.548388,-0.428749,0.307067,0.040555,34.655811,56.819831,-97.103042,1
Q,2022-11-13 14:31:17.835430,-2.806147,9.783207,-3.059946,-0.823702,0.110656,0.997577,32.333515,60.955455,-87.600074,1
Q,2022-11-13 14:31:17.930491,-0.986461,9.481522,-1.862784,-0.541136,-0.030360,0.496229,26.259815,81.094131,-50.970458,1
Q,2022-11-13 14:31:18.027369,-3.878804,8.959560,-2.188412,-0.144053,-0.289357,0.176778,38.228576,80.914321,-44.923114,1
Q,2022-11-13 14:31:18.122974,-3.414306,9.031390,-2.379958,-0.187197,-0.172975,1.361104,38.228576,80.914321,-44.923114,1
Q,2022-11-13 14:31:18.219090,-3.854861,8.882942,-1.699970,-0.373487,0.260328,0.570666,44.659549,80.195083,-48.033176,1
Q,2022-11-13 14:31:18.314322,-3.677681,8.878152,-2.073484,-0.236998,0.190685,0.598762,44.302276,79.475845,-47.342052,1
Q,2022-11-13 14:31:18.410402,-3.648949,8.902096,-1.958557,-0.269356,0.119311,0.602091,44.838188,76.778701,-46.823707,1
Q,2022-11-13 14:31:18.505623,-3.490924,8.935617,-2.121371,-0.321422,0.199873,0.562410,44.838188,76.778701,-46.823707,1
