Z,2022-10-31 10:55:57.916020,0.03,-0.63,0.72,-9.16,-4.33,11.72,-14.38,44.09,-21.45,1
Z,2022-10-31 10:55:57.933997,0.04,-0.70,0.70,-7.14,-2.69,10.19,-14.38,44.09,-21.45,1
Z,2022-10-31 10:55:57.952906,0.06,-0.69,0.70,-10.68,-1.95,8.24,-14.26,44.57,-22.23,1
Z,2022-10-31 10:55:57.970910,0.07,-0.68,0.70,-14.71,-1.95,7.93,-14.26,44.57,-22.23,1
Z,2022-10-31 10:55:57.989891,0.11,-0.67,0.71,-20.08,-4.39,6.41,-15.60,44.87,-23.29,1
Z,2022-10-31 10:55:58.007926,0.12,-0.62,0.73,-27.16,-12.45,2.56,-15.60,44.87,-23.29,1
Z,2022-10-31 10:55:58.026015,-0.09,-0.57,0.79,-20.14,-16.05,0.67,-15.60,44.87,-23.29,1
Z,2022-10-31 10:55:58.044818,-0.04,-0.54,0.91,19.90,3.85,8.48,-15.78,44.23,-23.96,1
Z,2022-10-31 10:55:58.062907,-0.04,-0.56,0.86,9.58,3.30,24.54,-15.78,44.23,-23.96,1
Z,2022-10-31 10:55:58.080753,0.00,-0.72,0.87,29.11,9.09,1.46,-15.78,44.23,-23.96,1
Z,2022-10-31 10:55:58.099815,0.02,-0.49,0.85,14.65,17.33,-14.89,-15.39,43.91,-22.57,1
Z,2022-10-31 10:55:58.117837,0.02,-0.69,0.79,40.95,31.13,-18.07,-15.39,43.91,-22.57,1
Z,2022-10-31 10:55:58.135956,0.04,-0.69,0.71,36.19,35.58,-24.78,-15.39,43.91,-22.57,1
Z,2022-10-31 10:55:58.154897,0.05,-0.74,0.62,34.48,34.73,-24.78,-16.36,43.70,-21.91,1
Z,2022-10-31 10:55:58.172844,0.03,-0.81,0.55,29.30,27.95,-18.86,-16.36,43.70,-21.91,1
Z,2022-10-31 10:55:58.191975,0.02,-0.85,0.49,20.32,1.59,-8.24,-16.80,42.65,-22.16,1
Z,2022-10-31 10:55:58.209820,0.00,-0.91,0.47,5.68,0.24,-4.76,-16.80,42.65,-22.16,1
Z,2022-10-31 10:55:58.228260,-0.01,-0.89,0.50,-5.55,-4.88,-8.97,-16.80,42.65,-22.16,1
Z,2022-10-31 10:55:58.246988,0.00,-0.83,0.55,-11.60,-16.05,-13.37,-16.74,42.20,-21.77,1
Z,2022-10-31 10:55:58.264987,0.01,-0.77,0.58,-6.47,-37.23,-8.18,-16.74,42.20,-21.77,1
Z,2022-10-31 10:55:58.283017,-0.00,-0.76,0.56,1.83,-74.34,1.40,-16.74,42.20,-21.77,1
Z,2022-10-31 10:55:58.302279,-0.02,-0.75,0.61,-2.62,-76.54,0.85,-16.55,41.48,-20.00,1
Z,2022-10-31 10:55:58.320256,-0.04,-0.69,0.64,-3.30,-74.71,-2.08,-16.55,41.48,-20.00,1
Z,2022-10-31 10:55:58.338254,-0.06,-0.64,0.71,-2.56,-65.92,-6.10,-16.55,41.48,-20.00,1
Z,2022-10-31 10:55:58.357154,-0.06,-0.61,0.76,2.44,-55.48,-5.00,-16.05,41.80,-16.67,1
Z,2022-10-31 10:55:58.374897,-0.08,-0.62,0.80,8.42,-44.37,2.62,-16.05,41.80,-16.67,1
Z,2022-10-31 10:55:58.393988,-0.10,-0.62,0.82,8.36,-24.11,7.57,-15.50,41.36,-15.95,1
Z,2022-10-31 10:55:58.411928,-0.12,-0.61,0.85,8.18,-6.59,10.19,-15.50,41.36,-15.95,1
Z,2022-10-31 10:55:58.429917,-0.11,-0.59,0.91,12.51,4.88,14.53,-15.50,41.36,-15.95,1
Z,2022-10-31 10:55:58.448850,-0.16,-0.71,0.89,19.23,1.46,9.83,-14.90,41.16,-15.01,1
Z,2022-10-31 10:55:58.467187,-0.15,-0.63,0.89,18.37,1.40,-16.11,-14.90,41.16,-15.01,1
Z,2022-10-31 10:55:58.485028,-0.13,-0.57,0.85,39.31,12.27,-20.87,-14.90,41.16,-15.01,1
Z,2022-10-31 10:55:58.503949,-0.12,-0.70,0.75,45.23,21.91,-22.22,-15.60,39.98,-15.69,1
Z,2022-10-31 10:55:58.521898,-0.11,-0.79,0.68,42.30,31.25,-23.68,-15.60,39.98,-15.69,1
Z,2022-10-31 10:55:58.540230,-0.09,-0.90,0.60,36.38,37.66,-24.96,-15.60,39.98,-15.69,1
Z,2022-10-31 10:55:58.558991,-0.07,-0.94,0.58,19.47,39.00,-25.39,-16.00,38.93,-15.08,1
Z,2022-10-31 10:55:58.577295,-0.07,-0.95,0.54,-0.18,30.70,-20.14,-16.00,38.93,-15.08,1
Z,2022-10-31 10:55:58.596056,-0.13,-0.92,0.54,-8.61,24.90,-14.83,-16.67,38.66,-16.14,1
Z,2022-10-31 10:55:58.614363,-0.23,-0.86,0.58,-8.30,19.84,-4.64,-16.67,38.66,-16.14,1
Z,2022-10-31 10:55:58.631999,-0.20,-0.85,0.60,0.79,12.57,11.96,-16.67,38.66,-16.14,1
Z,2022-10-31 10:55:58.650823,-0.08,-0.89,0.57,2.81,9.16,19.96,-16.76,39.04,-17.66,1
Z,2022-10-31 10:55:58.669035,-0.04,-0.85,0.59,-8.36,15.99,15.75,-16.76,39.04,-17.66,1
Z,2022-10-31 10:55:58.687156,-0.05,-0.75,0.67,-10.62,20.20,14.59,-16.76,39.04,-17.66,1
