J,2022-10-18 15:25:20.234181,0.14,0.42,1.08,22.03,-19.10,34.97,70.31,-39.38,-154.59,1
J,2022-10-18 15:25:20.253088,0.10,0.24,1.16,-1.16,-1.77,6.35,64.10,-41.02,-154.81,1
J,2022-10-18 15:25:20.271163,0.10,0.20,1.24,-42.48,12.70,-7.02,64.10,-41.02,-154.81,1
J,2022-10-18 15:25:20.289070,0.07,0.25,1.25,-15.38,5.74,1.89,64.10,-41.02,-154.81,1
J,2022-10-18 15:25:20.308062,-0.04,0.06,1.32,8.18,4.70,3.23,58.12,-40.39,-156.95,1
J,2022-10-18 15:25:20.326199,-0.15,-0.06,1.43,2.01,13.67,-4.39,58.12,-40.39,-156.95,1
J,2022-10-18 15:25:20.344070,-0.04,-0.01,1.25,10.25,39.06,1.28,58.12,-40.39,-156.95,1
J,2022-10-18 15:25:20.362894,0.20,0.00,1.02,9.77,38.64,4.88,57.54,-38.84,-158.73,1
J,2022-10-18 15:25:20.381035,0.22,-0.03,0.99,0.37,27.95,6.04,57.54,-38.84,-158.73,1
J,2022-10-18 15:25:20.399192,0.21,-0.01,0.94,-5.07,17.88,5.86,57.54,-38.84,-158.73,1
J,2022-10-18 15:25:20.418000,0.17,-0.05,0.87,-4.27,15.01,6.59,59.09,-37.85,-161.44,1
J,2022-10-18 15:25:20.436009,0.14,0.02,0.88,-12.63,11.29,8.91,59.09,-37.85,-161.44,1
J,2022-10-18 15:25:20.455201,0.16,0.02,0.87,-29.60,13.43,-2.08,60.49,-37.17,-164.86,1
J,2022-10-18 15:25:20.473083,0.19,0.07,0.77,-41.32,12.02,-5.25,60.49,-37.17,-164.86,1
J,2022-10-18 15:25:20.491171,0.21,0.17,0.81,-39.67,1.53,-1.46,60.49,-37.17,-164.86,1
J,2022-10-18 15:25:20.510166,0.18,0.26,0.82,-7.57,-10.74,-1.10,60.77,-36.96,-167.37,1
J,2022-10-18 15:25:20.528094,-0.03,0.26,1.08,45.96,-7.63,10.13,60.77,-36.96,-167.37,1
J,2022-10-18 15:25:20.546032,0.11,0.17,0.84,101.26,-3.85,28.75,60.77,-36.96,-167.37,1
J,2022-10-18 15:25:20.565092,0.16,-0.12,0.92,101.38,7.14,55.36,61.29,-36.55,-167.57,1
J,2022-10-18 15:25:20.583077,0.08,-0.14,0.94,35.40,6.41,8.18,61.29,-36.55,-167.57,1
J,2022-10-18 15:25:20.602175,0.10,0.09,0.95,-30.21,-1.95,-32.17,61.80,-37.21,-167.74,1
J,2022-10-18 15:25:20.620155,0.11,0.19,1.01,-32.35,-3.42,-46.94,61.80,-37.21,-167.74,1
J,2022-10-18 15:25:20.638174,0.14,0.17,1.02,-13.24,2.20,-50.84,61.80,-37.21,-167.74,1
J,2022-10-18 15:25:20.657188,0.18,-0.04,1.00,17.15,7.14,-44.86,61.44,-38.60,-168.38,1
J,2022-10-18 15:25:20.675158,0.22,-0.24,0.98,38.76,0.79,-31.25,61.44,-38.60,-168.38,1
J,2022-10-18 15:25:20.693072,0.20,-0.28,0.97,37.66,-1.34,-26.98,61.44,-38.60,-168.38,1
J,2022-10-18 15:25:20.712164,0.18,-0.46,0.94,17.70,-1.53,-30.94,62.33,-39.07,-167.11,1
J,2022-10-18 15:25:20.730430,-0.07,-0.63,1.08,-37.60,-0.85,-37.78,62.33,-39.07,-167.11,1
J,2022-10-18 15:25:20.748195,-0.02,-0.43,0.97,-15.20,20.63,22.09,62.33,-39.07,-167.11,1
J,2022-10-18 15:25:20.767068,0.30,-0.37,0.69,-2.56,21.91,42.11,64.67,-39.03,-166.41,1
J,2022-10-18 15:25:20.785185,0.32,-0.23,0.73,-54.57,9.95,18.92,64.67,-39.03,-166.41,1
J,2022-10-18 15:25:20.804241,0.35,-0.05,0.81,-73.00,-1.28,3.05,64.48,-38.90,-165.91,1
J,2022-10-18 15:25:20.822171,0.39,0.07,0.85,-37.11,-10.74,25.15,64.48,-38.90,-165.91,1
J,2022-10-18 15:25:20.840071,0.36,0.24,0.93,-18.80,-16.78,27.77,64.48,-38.90,-165.91,1
J,2022-10-18 15:25:20.859082,0.23,0.23,1.03,-13.49,-16.17,14.47,62.63,-38.92,-164.58,1
J,2022-10-18 15:25:20.877149,0.10,0.12,1.09,-13.98,-8.12,0.49,62.63,-38.92,-164.58,1
J,2022-10-18 15:25:20.895057,0.17,0.04,1.12,-12.70,1.83,-8.18,62.63,-38.92,-164.58,1
J,2022-10-18 15:25:20.914169,0.21,0.08,1.06,-8.12,6.71,-5.00,60.53,-38.65,-166.66,1
J,2022-10-18 15:25:20.932051,0.21,0.17,1.01,6.90,3.23,-0.49,60.53,-38.65,-166.66,1
J,2022-10-18 15:25:20.950946,0.15,0.13,0.92,19.65,-5.86,-2.99,59.70,-39.49,-167.33,1
J,2022-10-18 15:25:20.969030,0.10,0.10,0.95,51.57,-11.05,19.23,59.70,-39.49,-167.33,1
J,2022-10-18 15:25:20.987161,0.14,-0.35,0.76,42.79,-2.14,8.79,59.70,-39.49,-167.33,1
J,2022-10-18 15:25:21.006164,0.11,-0.18,0.78,-16.17,8.42,-16.72,60.96,-39.38,-168.13,1
J,2022-10-18 15:25:21.024240,0.05,-0.04,0.64,-42.24,-4.70,-28.38,60.96,-39.38,-168.13,1
J,2022-10-18 15:25:21.042435,0.09,-0.03,0.76,-28.14,-40.34,-22.95,60.96,-39.38,-168.13,1
J,2022-10-18 15:25:21.061118,0.07,0.09,0.80,-37.41,-49.19,-25.39,58.58,-39.48,-166.50,1
J,2022-10-18 15:25:21.079235,0.11,0.12,0.93,-5.49,-66.22,-30.09,58.58,-39.48,-166.50,1
J,2022-10-18 15:25:21.097005,0.10,0.05,0.90,38.70,-64.45,-18.25,58.58,-39.48,-166.50,1
J,2022-10-18 15:25:21.116237,0.09,-0.15,0.89,56.34,-57.31,-2.87,54.26,-39.25,-162.02,1
J,2022-10-18 15:25:21.134216,0.08,-0.19,0.96,28.87,-53.04,-3.85,54.26,-39.25,-162.02,1
J,2022-10-18 15:25:21.153079,0.09,-0.09,1.07,8.18,-39.06,1.83,51.46,-38.37,-156.14,1
J,2022-10-18 15:25:21.171059,0.11,-0.14,1.18,19.59,-24.96,18.13,51.46,-38.37,-156.14,1
J,2022-10-18 15:25:21.189127,0.14,-0.28,1.19,16.11,-14.83,33.63,51.46,-38.37,-156.14,1
J,2022-10-18 15:25:21.208147,0.11,-0.16,1.21,-1.59,-10.38,45.96,51.04,-37.59,-152.53,1
J,2022-10-18 15:25:21.226158,0.06,-0.03,1.26,-3.36,3.66,42.24,51.04,-37.59,-152.53,1
J,2022-10-18 15:25:21.244158,0.05,-0.02,1.23,-1.34,8.12,26.73,51.04,-37.59,-152.53,1
J,2022-10-18 15:25:21.263047,0.03,-0.03,1.20,-10.01,19.41,18.31,51.32,-35.77,-152.86,1
J,2022-10-18 15:25:21.281115,-0.08,0.11,1.23,-30.09,36.80,8.24,51.32,-35.77,-152.86,1
J,2022-10-18 15:25:21.300165,-0.40,0.23,1.19,-33.69,53.41,-6.29,52.26,-35.10,-155.25,1
J,2022-10-18 15:25:21.318149,-0.13,0.14,0.99,69.58,53.22,-5.62,52.26,-35.10,-155.25,1
J,2022-10-18 15:25:21.335958,0.09,0.05,0.91,73.36,44.19,-8.97,52.26,-35.10,-155.25,1
J,2022-10-18 15:25:21.354967,0.18,0.11,0.87,43.09,33.45,-14.77,58.42,-37.27,-158.52,1
J,2022-10-18 15:25:21.373044,0.17,0.18,0.83,21.79,25.76,-20.57,58.42,-37.27,-158.52,1
J,2022-10-18 15:25:21.391017,0.13,0.16,0.84,7.87,21.85,-38.39,58.42,-37.27,-158.52,1
J,2022-10-18 15:25:21.409967,0.14,0.18,0.89,12.70,19.23,-43.03,62.43,-39.59,-159.99,1
J,2022-10-18 15:25:21.428048,0.13,0.07,0.97,33.14,20.57,-43.76,62.43,-39.59,-159.99,1
J,2022-10-18 15:25:21.446148,0.21,-0.09,0.87,49.38,23.68,-38.57,62.43,-39.59,-159.99,1
J,2022-10-18 15:25:21.465002,0.28,-0.30,0.82,42.79,20.14,-41.63,66.43,-39.67,-158.20,1
