Z,2022-10-29 18:52:47.054836,-0.27,-0.44,-0.99,92.04,-103.94,14.65,46.41,8.14,34.44,1
Z,2022-10-29 18:52:47.073812,-0.17,-0.30,-0.78,143.25,-76.35,-8.85,48.67,2.42,28.20,1
Z,2022-10-29 18:52:47.091793,0.36,-1.07,-1.73,187.93,-18.07,-0.61,48.67,2.42,28.20,1
Z,2022-10-29 18:52:47.109894,-0.11,0.06,-0.77,-112.43,32.53,-11.41,48.67,2.42,28.20,1
Z,2022-10-29 18:52:47.128852,-0.06,-0.15,-0.95,-85.45,41.87,-4.76,45.67,7.57,27.01,1
Z,2022-10-29 18:52:47.147005,-0.17,-0.36,-0.88,-138.55,64.51,-14.40,45.67,7.57,27.01,1
Z,2022-10-29 18:52:47.165030,-0.11,-0.38,-0.83,-203.80,72.81,-28.26,45.67,7.57,27.01,1
Z,2022-10-29 18:52:47.183907,-0.02,-0.39,-0.86,-221.25,77.70,-50.05,40.27,17.58,27.51,1
Z,2022-10-29 18:52:47.201829,-0.73,0.21,-0.80,80.63,138.92,-115.42,40.27,17.58,27.51,1
Z,2022-10-29 18:52:47.220029,0.23,-0.63,-0.67,-31.80,61.10,-57.31,40.27,17.58,27.51,1
Z,2022-10-29 18:52:47.238696,-0.04,-0.61,-0.50,-64.64,47.91,-42.11,33.73,21.55,28.30,1
Z,2022-10-29 18:52:47.256697,0.04,-0.60,-0.36,-159.12,8.91,6.71,33.73,21.55,28.30,1
Z,2022-10-29 18:52:47.275675,0.17,-1.00,-0.49,-154.11,-23.38,27.77,33.45,27.55,25.61,1
Z,2022-10-29 18:52:47.293640,0.18,-1.46,-1.05,-262.33,-24.05,19.59,33.45,27.55,25.61,1
Z,2022-10-29 18:52:47.311680,0.87,-0.99,-0.65,-332.89,24.35,41.26,33.45,27.55,25.61,1
Z,2022-10-29 18:52:47.330685,-0.37,-1.09,-0.48,-47.73,60.24,74.16,33.87,33.00,21.20,1
Z,2022-10-29 18:52:47.348967,0.22,-0.71,-0.68,-112.12,97.11,102.05,33.87,33.00,21.20,1
