C,2022-10-20 19:36:24.492864,0.36,-0.82,0.33,10.13,4.76,-28.32,17.48,14.56,-65.43,1
C,2022-10-20 19:36:24.510623,0.35,-0.79,0.40,13.43,7.20,-25.70,17.48,14.56,-65.43,1
C,2022-10-20 19:36:24.528715,0.42,-0.85,0.35,29.60,-7.26,-17.09,17.48,14.56,-65.43,1
C,2022-10-20 19:36:24.547785,0.50,-0.92,0.25,19.90,-10.56,-23.99,16.86,13.49,-62.37,1
C,2022-10-20 19:36:24.565815,0.42,-0.84,0.33,-2.69,-6.71,-33.87,16.86,13.49,-62.37,1
C,2022-10-20 19:36:24.583846,0.36,-0.78,0.36,-7.02,-8.48,-26.43,16.86,13.49,-62.37,1
C,2022-10-20 19:36:24.602978,-0.91,-0.80,0.49,-8.24,-11.17,-3.78,16.32,12.43,-60.24,1
C,2022-10-20 19:36:24.620828,0.32,-0.91,0.36,74.46,-23.93,-1.04,16.32,12.43,-60.24,1
C,2022-10-20 19:36:24.639690,0.23,-0.45,0.22,-14.83,6.16,28.93,16.53,12.74,-58.68,1
C,2022-10-20 19:36:24.657687,0.42,-0.98,0.24,-58.17,10.31,67.32,16.53,12.74,-58.68,1
C,2022-10-20 19:36:24.675783,0.39,-0.89,0.52,-78.61,-13.67,87.46,16.53,12.74,-58.68,1
C,2022-10-20 19:36:24.694888,0.31,-0.93,0.21,-48.22,-51.51,73.97,19.18,11.89,-60.56,1
C,2022-10-20 19:36:24.712836,0.31,-0.88,0.29,-36.80,-39.31,39.55,19.18,11.89,-60.56,1
C,2022-10-20 19:36:24.730726,0.36,-0.79,0.48,-29.42,-42.66,27.95,19.18,11.89,-60.56,1
C,2022-10-20 19:36:24.749868,0.38,-0.64,0.59,-13.00,-55.73,22.52,20.40,11.44,-62.19,1
C,2022-10-20 19:36:24.767756,0.33,-0.72,0.55,14.10,-77.09,23.44,20.40,11.44,-62.19,1
C,2022-10-20 19:36:24.785816,0.28,-0.82,0.57,23.13,-79.96,10.01,20.40,11.44,-62.19,1
C,2022-10-20 19:36:24.804778,0.27,-0.83,0.51,40.65,-86.85,-18.13,21.31,11.40,-63.32,1
C,2022-10-20 19:36:24.823009,0.26,-0.78,0.52,39.49,-88.38,-53.10,21.31,11.40,-63.32,1
C,2022-10-20 19:36:24.841762,0.27,-0.75,0.63,34.91,-82.34,-71.59,19.35,11.72,-63.44,1
C,2022-10-20 19:36:24.859831,0.29,-0.80,0.50,40.22,-78.43,-76.17,19.35,11.72,-63.44,1
C,2022-10-20 19:36:24.877783,0.16,-0.82,0.37,31.62,-53.10,-75.01,19.35,11.72,-63.44,1
C,2022-10-20 19:36:24.896859,0.19,-0.84,0.31,13.79,-23.07,-82.76,16.80,13.56,-62.78,1
C,2022-10-20 19:36:24.914791,0.23,-0.78,0.47,0.98,16.72,-81.60,16.80,13.56,-62.78,1
C,2022-10-20 19:36:24.932883,0.25,-0.76,0.55,-3.36,40.34,-64.82,16.80,13.56,-62.78,1
C,2022-10-20 19:36:24.951750,0.27,-0.74,0.58,-11.41,52.73,-37.84,14.70,15.08,-64.88,1
C,2022-10-20 19:36:24.969770,0.19,-0.98,0.37,-4.76,62.26,-12.70,14.70,15.08,-64.88,1
C,2022-10-20 19:36:24.987771,0.19,-1.15,0.07,-46.69,101.32,-11.35,14.70,15.08,-64.88,1
C,2022-10-20 19:36:25.006788,0.36,-0.90,0.56,-140.99,170.90,-20.57,14.04,15.72,-67.11,1
C,2022-10-20 19:36:25.024844,0.35,-0.67,0.91,-124.82,140.75,-13.79,14.04,15.72,-67.11,1
C,2022-10-20 19:36:25.043857,0.19,-0.78,0.66,-67.08,102.42,-16.17,14.53,15.12,-68.84,1
C,2022-10-20 19:36:25.061787,0.17,-1.02,0.28,-47.18,72.51,-17.64,14.53,15.12,-68.84,1
C,2022-10-20 19:36:25.079705,0.24,-0.94,0.35,-70.98,69.52,-23.19,14.53,15.12,-68.84,1
C,2022-10-20 19:36:25.098790,0.22,-0.77,0.59,-71.47,39.67,-7.51,15.30,14.33,-72.56,1
C,2022-10-20 19:36:25.116841,0.16,-0.83,0.61,-83.25,32.29,-10.86,15.30,14.33,-72.56,1
C,2022-10-20 19:36:25.134692,0.06,-0.07,0.96,-39.92,-3.66,3.60,15.30,14.33,-72.56,1
C,2022-10-20 19:36:25.153750,-0.16,-0.93,0.30,69.34,-39.25,56.70,16.38,14.36,-72.64,1
C,2022-10-20 19:36:25.171778,-0.03,-0.82,0.37,60.42,-6.47,61.46,16.38,14.36,-72.64,1
C,2022-10-20 19:36:25.189607,0.07,-0.82,0.50,67.32,0.92,77.21,16.38,14.36,-72.64,1
C,2022-10-20 19:36:25.208675,0.29,-0.91,0.43,68.54,-10.01,83.01,17.52,15.42,-73.97,1
