o,2022-10-11 18:10:25.715310,0.39,0.70,0.63,-3.23,-13.55,-19.41,73.05,29.61,-3.83,1
o,2022-10-11 18:10:25.746571,0.40,0.70,0.66,-1.28,-16.36,-21.18,70.21,26.95,-4.75,1
o,2022-10-11 18:10:25.762186,0.36,0.67,0.71,9.09,-18.62,-19.96,70.21,26.95,-4.75,1
o,2022-10-11 18:10:25.778031,0.30,0.61,0.78,16.54,-15.14,-15.50,67.41,23.50,-6.75,1
o,2022-10-11 18:10:25.809055,0.31,0.57,0.80,14.34,-10.01,-20.02,67.41,23.50,-6.75,1
o,2022-10-11 18:10:25.824671,0.37,0.47,0.78,9.34,-11.66,-23.25,67.41,23.50,-6.75,1
o,2022-10-11 18:10:25.840620,0.34,0.42,0.83,12.82,-14.04,-18.37,66.38,18.10,-6.43,1
o,2022-10-11 18:10:25.856197,0.27,0.36,0.88,-0.12,-5.19,-17.58,66.38,18.10,-6.43,1
o,2022-10-11 18:10:25.887158,0.34,0.40,0.81,-8.48,-2.99,-18.01,68.05,14.54,-5.14,1
o,2022-10-11 18:10:25.903052,0.36,0.45,0.78,-7.39,-7.45,-18.07,68.05,14.54,-5.14,1
o,2022-10-11 18:10:25.918715,0.29,0.47,0.80,7.87,-12.02,-9.52,68.05,14.54,-5.14,1
o,2022-10-11 18:10:25.950420,0.31,0.46,0.84,17.76,-8.30,-2.56,68.84,11.77,-4.96,1
o,2022-10-11 18:10:25.966060,0.29,0.46,0.84,7.63,-4.21,-4.64,68.84,11.77,-4.96,1
o,2022-10-11 18:10:25.983235,0.29,0.47,1.18,7.14,-1.95,-4.33,69.10,9.46,-6.64,1
o,2022-10-11 18:10:25.998021,0.28,0.50,0.81,-24.90,16.36,-9.70,69.10,9.46,-6.64,1
o,2022-10-11 18:10:26.029283,0.29,0.53,0.87,6.84,5.92,5.25,69.10,9.46,-6.64,1
o,2022-10-11 18:10:26.044962,0.26,0.45,0.76,27.34,3.30,13.00,70.92,8.39,-5.88,1
o,2022-10-11 18:10:26.060723,0.24,0.37,0.72,33.94,0.98,19.65,70.92,8.39,-5.88,1
o,2022-10-11 18:10:26.078386,0.19,0.33,0.66,20.02,0.06,22.40,71.03,10.58,-7.32,1
o,2022-10-11 18:10:26.108046,0.19,0.36,0.64,14.22,-0.61,23.80,71.03,10.58,-7.32,1
o,2022-10-11 18:10:26.123988,0.17,0.40,0.63,-1.22,-2.50,25.82,71.03,10.58,-7.32,1
o,2022-10-11 18:10:26.139598,0.19,0.50,0.64,1.71,-5.07,32.04,66.60,12.54,-8.36,1
o,2022-10-11 18:10:26.170531,0.22,0.56,0.64,2.26,-8.73,26.31,66.60,12.54,-8.36,1
o,2022-10-11 18:10:26.186200,0.19,0.59,0.64,-9.22,-14.04,20.32,62.37,15.52,-8.22,1
o,2022-10-11 18:10:26.202166,0.22,0.69,0.67,-11.72,-15.63,20.63,62.37,15.52,-8.22,1
o,2022-10-11 18:10:26.219761,0.26,0.81,0.72,-10.62,-17.27,12.76,62.37,15.52,-8.22,1
o,2022-10-11 18:10:26.249462,0.26,0.80,0.78,-3.05,-17.88,6.77,56.95,17.07,-7.95,1
o,2022-10-11 18:10:26.266867,0.25,0.82,0.81,1.10,-19.17,1.53,56.95,17.07,-7.95,1
o,2022-10-11 18:10:26.287350,0.28,0.78,0.86,5.31,-19.59,-5.92,55.86,15.43,-5.71,1
o,2022-10-11 18:10:26.297122,0.28,0.71,0.90,4.09,-15.32,-13.67,55.86,15.43,-5.71,1
o,2022-10-11 18:10:26.328429,0.29,0.63,0.94,-2.87,-7.69,-21.85,55.86,15.43,-5.71,1
o,2022-10-11 18:10:26.346260,0.29,0.59,0.97,-2.20,-3.78,-24.23,58.19,12.18,-4.43,1
o,2022-10-11 18:10:26.360275,0.28,0.54,0.98,4.70,3.42,-23.93,58.19,12.18,-4.43,1
o,2022-10-11 18:10:26.376203,0.26,0.40,0.97,5.92,6.47,-19.96,62.77,9.33,-3.70,1
o,2022-10-11 18:10:26.407205,0.26,0.36,0.95,4.39,9.40,-16.11,62.77,9.33,-3.70,1
o,2022-10-11 18:10:26.422898,0.25,0.33,0.90,-6.84,13.67,-17.52,62.77,9.33,-3.70,1
o,2022-10-11 18:10:26.441226,0.23,0.39,0.88,-1.34,12.94,-12.82,67.22,8.68,-2.21,1
o,2022-10-11 18:10:26.468405,0.21,0.37,0.80,9.77,17.46,0.12,67.22,8.68,-2.21,1
o,2022-10-11 18:10:26.488372,0.21,0.36,0.73,14.16,19.23,4.70,70.21,8.42,-3.43,1
o,2022-10-11 18:10:26.502623,0.19,0.37,0.69,7.69,14.65,4.82,70.21,8.42,-3.43,1
o,2022-10-11 18:10:26.518577,0.19,0.41,0.65,-3.54,11.35,7.02,70.21,8.42,-3.43,1
o,2022-10-11 18:10:26.534202,0.19,0.49,0.67,-13.55,6.96,5.13,70.06,9.45,-4.55,1
o,2022-10-11 18:10:26.565632,0.23,0.60,0.68,-13.31,3.05,2.75,70.06,9.45,-4.55,1
o,2022-10-11 18:10:26.581525,0.24,0.68,0.71,-5.31,0.31,0.24,68.24,9.52,-6.01,1
o,2022-10-11 18:10:26.599790,0.22,0.65,0.73,4.76,5.98,3.78,68.24,9.52,-6.01,1
o,2022-10-11 18:10:26.613047,-0.07,0.62,0.88,21.55,16.05,5.92,68.24,9.52,-6.01,1
o,2022-10-11 18:10:26.644302,0.07,0.58,0.77,-40.89,35.71,-15.69,69.52,11.57,-7.31,1
o,2022-10-11 18:10:26.662114,0.30,0.78,0.63,-66.89,28.87,-20.57,69.52,11.57,-7.31,1
