H,2022-10-21 12:30:01.611479,-0.01,-0.15,1.33,-34.79,28.38,-1.89,15.08,14.54,-147.08,1
H,2022-10-21 12:30:01.629520,0.24,-0.09,1.08,-5.80,28.56,32.47,15.08,14.54,-147.08,1
H,2022-10-21 12:30:01.647329,0.42,-0.11,0.92,29.24,7.02,44.74,15.08,14.54,-147.08,1
H,2022-10-21 12:30:01.666328,0.48,-0.06,0.78,-23.13,19.47,-1.71,23.28,13.64,-145.07,1
H,2022-10-21 12:30:01.684425,0.33,-0.01,0.86,-60.36,21.24,-36.93,23.28,13.64,-145.07,1
H,2022-10-21 12:30:01.703315,0.20,0.03,1.02,-50.60,16.42,-39.55,27.37,11.13,-148.72,1
H,2022-10-21 12:30:01.721459,0.10,-0.04,1.04,-16.30,15.93,-25.76,27.37,11.13,-148.72,1
H,2022-10-21 12:30:01.739367,0.12,-0.13,0.94,14.89,21.12,-5.37,27.37,11.13,-148.72,1
H,2022-10-21 12:30:01.758321,0.26,-0.15,0.80,3.36,22.89,-11.66,30.85,10.06,-150.50,1
H,2022-10-21 12:30:01.776409,0.35,-0.07,0.80,-11.35,18.92,-22.95,30.85,10.06,-150.50,1
H,2022-10-21 12:30:01.794400,0.35,-0.09,0.84,-18.98,14.65,-36.87,30.85,10.06,-150.50,1
H,2022-10-21 12:30:01.813310,0.34,-0.16,0.83,-19.78,19.17,-37.72,32.01,9.16,-150.72,1
H,2022-10-21 12:30:01.831512,0.53,-0.14,0.52,-38.33,24.41,-51.21,32.01,9.16,-150.72,1
H,2022-10-21 12:30:01.850402,0.28,-0.31,0.89,-30.82,21.06,-23.32,33.30,8.52,-153.33,1
H,2022-10-21 12:30:01.868444,0.42,-0.41,0.82,-33.63,35.28,-1.89,33.30,8.52,-153.33,1
H,2022-10-21 12:30:01.886457,-0.03,0.10,0.58,-40.53,14.34,-16.91,33.30,8.52,-153.33,1
H,2022-10-21 12:30:01.905287,0.25,-0.12,0.77,10.86,-71.90,-44.07,29.93,7.57,-152.83,1
H,2022-10-21 12:30:01.923449,0.23,-0.10,0.72,36.80,-104.68,-59.81,29.93,7.57,-152.83,1
H,2022-10-21 12:30:01.941284,0.32,-0.17,0.71,37.17,-131.59,-69.15,29.93,7.57,-152.83,1
H,2022-10-21 12:30:01.960458,0.44,-0.48,1.05,59.08,-126.46,-52.92,17.38,10.95,-147.53,1
H,2022-10-21 12:30:01.978475,0.38,-0.50,1.07,44.25,-92.22,-24.05,17.38,10.95,-147.53,1
H,2022-10-21 12:30:01.996533,0.31,-0.46,1.08,26.79,-80.08,-14.59,17.38,10.95,-147.53,1
H,2022-10-21 12:30:02.015460,0.25,-0.36,1.06,13.12,-58.84,-10.93,10.88,12.24,-140.99,1
H,2022-10-21 12:30:02.033392,0.16,-0.38,1.20,23.99,-48.83,0.73,10.88,12.24,-140.99,1
H,2022-10-21 12:30:02.052413,0.18,-0.38,0.94,28.50,-25.27,13.49,9.78,14.03,-140.32,1
H,2022-10-21 12:30:02.070400,0.06,-0.46,1.05,42.42,-5.31,61.34,9.78,14.03,-140.32,1
H,2022-10-21 12:30:02.088198,0.25,-0.54,0.92,22.58,33.81,56.95,9.78,14.03,-140.32,1
H,2022-10-21 12:30:02.107336,0.45,-0.49,0.81,-21.00,71.47,41.93,14.79,14.45,-143.01,1
H,2022-10-21 12:30:02.125413,0.44,-0.39,0.75,-56.95,91.86,33.63,14.79,14.45,-143.01,1
H,2022-10-21 12:30:02.143350,0.37,-0.19,0.67,-76.48,86.73,13.85,14.79,14.45,-143.01,1
H,2022-10-21 12:30:02.162435,0.05,-0.11,0.67,-50.11,40.47,-30.76,19.98,12.63,-148.79,1
H,2022-10-21 12:30:02.180209,0.25,-0.09,0.97,26.18,18.92,-9.09,19.98,12.63,-148.79,1
H,2022-10-21 12:30:02.198333,-0.30,-0.08,1.03,41.14,10.13,6.96,19.98,12.63,-148.79,1
H,2022-10-21 12:30:02.217305,0.17,0.05,1.22,32.53,13.37,-58.35,21.03,12.95,-149.13,1
H,2022-10-21 12:30:02.235321,0.31,-0.06,1.06,47.18,29.85,-77.58,21.03,12.95,-149.13,1
H,2022-10-21 12:30:02.254317,0.45,-0.46,0.82,75.87,12.63,-51.21,15.86,14.59,-143.65,1
H,2022-10-21 12:30:02.272280,0.45,-0.82,0.62,75.74,-3.17,-15.38,15.86,14.59,-143.65,1
H,2022-10-21 12:30:02.290430,0.32,-0.77,0.68,45.78,-5.62,-5.37,15.86,14.59,-143.65,1
H,2022-10-21 12:30:02.309272,0.35,-0.66,0.70,-6.71,13.43,-12.51,14.89,16.69,-144.26,1
H,2022-10-21 12:30:02.327498,0.17,-0.51,0.83,-18.25,18.80,-8.42,14.89,16.69,-144.26,1
H,2022-10-21 12:30:02.345302,0.13,-0.40,0.97,21.12,8.97,33.51,14.89,16.69,-144.26,1
H,2022-10-21 12:30:02.364186,0.31,-0.34,0.88,52.80,11.23,54.75,17.20,15.20,-142.75,1
H,2022-10-21 12:30:02.382337,0.45,-0.39,0.68,44.49,9.28,19.53,17.20,15.20,-142.75,1
H,2022-10-21 12:30:02.401200,0.51,-0.59,0.73,16.54,11.78,3.60,18.14,15.56,-140.75,1
H,2022-10-21 12:30:02.419323,0.52,-0.61,0.71,5.74,15.26,11.05,18.14,15.56,-140.75,1
H,2022-10-21 12:30:02.437414,0.51,-0.61,0.72,-0.92,15.38,16.36,18.14,15.56,-140.75,1
H,2022-10-21 12:30:02.456253,0.48,-0.54,0.79,-18.92,26.43,10.07,20.75,15.08,-142.64,1
H,2022-10-21 12:30:02.474471,0.38,-0.38,0.82,-42.60,45.78,-2.26,20.75,15.08,-142.64,1
H,2022-10-21 12:30:02.492411,0.43,-0.28,0.79,-45.35,55.91,-9.09,20.75,15.08,-142.64,1
H,2022-10-21 12:30:02.511250,0.39,-0.28,0.63,-53.96,63.23,-24.78,22.85,14.66,-146.63,1
H,2022-10-21 12:30:02.529331,0.31,-0.58,0.73,24.60,11.72,-9.83,22.85,14.66,-146.63,1
H,2022-10-21 12:30:02.547296,0.37,-0.56,0.68,-7.69,12.51,-18.49,22.85,14.66,-146.63,1
H,2022-10-21 12:30:02.566424,0.34,-0.46,0.73,-34.30,18.74,-21.85,23.84,14.26,-147.25,1
H,2022-10-21 12:30:02.584275,-0.13,0.04,0.67,-38.21,2.56,-39.67,23.84,14.26,-147.25,1
H,2022-10-21 12:30:02.603448,0.25,-0.27,0.65,36.80,-78.49,-86.67,19.47,11.27,-143.33,1
H,2022-10-21 12:30:02.621394,0.42,-0.42,0.78,38.64,-133.06,-66.96,19.47,11.27,-143.33,1
H,2022-10-21 12:30:02.639411,0.40,-0.56,1.00,26.37,-131.77,-54.93,19.47,11.27,-143.33,1
H,2022-10-21 12:30:02.658442,0.23,-0.47,0.82,-4.58,-96.68,-44.43,5.58,15.65,-137.83,1
H,2022-10-21 12:30:02.676566,0.27,-0.55,0.96,-12.08,-76.54,-37.29,5.58,15.65,-137.83,1
H,2022-10-21 12:30:02.694534,0.29,-0.56,1.14,-3.91,-48.34,-18.37,5.58,15.65,-137.83,1
H,2022-10-21 12:30:02.713273,0.23,-0.56,0.95,-3.11,-8.18,17.40,1.93,13.66,-137.34,1
H,2022-10-21 12:30:02.731588,0.18,-0.54,0.90,-17.52,-6.96,17.21,1.93,13.66,-137.34,1
H,2022-10-21 12:30:02.750280,0.15,-0.46,0.87,-30.76,-11.84,16.91,2.54,13.81,-138.27,1
H,2022-10-21 12:30:02.768521,-0.16,-0.52,0.87,-33.75,-15.08,37.84,2.54,13.81,-138.27,1
H,2022-10-21 12:30:02.786412,-0.23,-0.33,1.15,15.56,-0.37,112.30,2.54,13.81,-138.27,1
H,2022-10-21 12:30:02.805209,0.17,-0.06,0.94,55.05,19.47,106.38,5.96,15.81,-140.01,1
H,2022-10-21 12:30:02.823165,0.23,-0.31,0.80,49.87,39.37,53.89,5.96,15.81,-140.01,1
H,2022-10-21 12:30:02.841186,0.29,-0.36,0.87,33.39,62.01,21.06,5.96,15.81,-140.01,1
H,2022-10-21 12:30:02.860206,0.31,-0.32,0.85,24.66,77.88,6.41,10.11,13.59,-139.92,1
H,2022-10-21 12:30:02.878323,0.47,-0.32,0.72,24.48,69.76,-22.03,10.11,13.59,-139.92,1
H,2022-10-21 12:30:02.896412,0.48,-0.44,0.67,15.32,56.46,-44.31,10.11,13.59,-139.92,1
H,2022-10-21 12:30:02.915256,0.42,-0.59,0.63,1.59,41.08,-48.40,9.11,11.33,-139.42,1
H,2022-10-21 12:30:02.933297,0.40,-0.58,0.66,-9.03,21.36,-30.52,9.11,11.33,-139.42,1
H,2022-10-21 12:30:02.952396,0.37,-0.60,0.74,-9.70,6.84,-7.20,6.27,10.52,-141.93,1
