h,2022-10-31 14:31:46.558541,-0.09,-0.84,0.62,-29.24,8.18,11.84,-12.06,39.07,-27.76,1
h,2022-10-31 14:31:46.578500,-0.08,-0.81,0.61,-9.95,13.43,5.86,-11.77,39.26,-28.12,1
h,2022-10-31 14:31:46.598628,-0.03,-0.79,0.57,-2.44,14.89,5.07,-11.77,39.26,-28.12,1
h,2022-10-31 14:31:46.628495,-0.02,-0.78,0.50,-1.04,13.61,2.14,-11.30,40.19,-29.13,1
h,2022-10-31 14:31:46.648472,-0.04,-0.77,0.52,-6.90,13.31,0.06,-11.30,40.19,-29.13,1
h,2022-10-31 14:31:46.666901,-0.03,-0.80,0.47,-7.45,4.52,3.78,-11.28,40.47,-29.60,1
h,2022-10-31 14:31:46.686945,-0.01,-0.79,0.48,-12.51,-0.55,2.62,-11.28,40.47,-29.60,1
h,2022-10-31 14:31:46.706940,-0.25,-0.86,0.78,-0.24,-2.44,-1.46,-11.28,40.47,-29.60,1
h,2022-10-31 14:31:46.727044,-0.08,-0.74,0.51,44.31,-6.59,0.73,-11.52,40.72,-29.81,1
h,2022-10-31 14:31:46.747239,-0.08,-0.76,0.41,7.57,5.25,4.58,-11.52,40.72,-29.81,1
h,2022-10-31 14:31:46.771992,-0.08,-0.73,0.56,-5.49,11.72,14.59,-12.01,41.19,-30.41,1
h,2022-10-31 14:31:46.792012,-0.03,-0.69,0.31,-5.13,0.85,-10.07,-12.01,41.19,-30.41,1
h,2022-10-31 14:31:46.812102,-0.05,-0.67,0.60,3.60,-11.11,-30.76,-12.82,40.10,-28.32,1
h,2022-10-31 14:31:46.832572,-0.08,-0.74,0.48,25.09,-22.03,-38.02,-12.82,40.10,-28.32,1
h,2022-10-31 14:31:46.855462,-0.08,-0.72,0.45,28.26,-27.59,-46.26,-12.82,40.10,-28.32,1
h,2022-10-31 14:31:46.875472,-0.11,-0.78,0.47,13.73,-25.57,-50.29,-13.78,39.01,-27.26,1
h,2022-10-31 14:31:46.895458,-0.15,-0.82,0.54,6.53,-26.25,-52.92,-13.78,39.01,-27.26,1
h,2022-10-31 14:31:46.915584,-0.18,-0.82,0.56,3.91,-28.50,-46.88,-15.44,37.16,-25.84,1
h,2022-10-31 14:31:46.935545,-0.22,-0.88,0.55,1.04,-26.12,-37.90,-15.44,37.16,-25.84,1
h,2022-10-31 14:31:46.955442,-0.26,-0.94,0.59,-6.77,-17.94,-20.51,-15.44,37.16,-25.84,1
h,2022-10-31 14:31:46.986221,-0.29,-0.98,0.63,-8.06,-12.63,-3.91,-15.83,35.39,-23.68,1
h,2022-10-31 14:31:47.006763,-0.30,-1.03,0.67,-11.29,-2.87,10.31,-15.83,35.39,-23.68,1
h,2022-10-31 14:31:47.027199,-0.21,-1.06,0.69,-13.31,-0.37,15.87,-15.52,34.91,-25.23,1
h,2022-10-31 14:31:47.047193,-0.20,-1.01,0.60,-9.40,-6.29,-1.40,-15.52,34.91,-25.23,1
h,2022-10-31 14:31:47.067181,-0.32,-0.87,0.56,2.75,-13.55,-16.78,-16.14,34.89,-24.40,1
h,2022-10-31 14:31:47.088327,-0.32,-0.80,0.85,1.10,9.46,18.25,-16.14,34.89,-24.40,1
h,2022-10-31 14:31:47.108654,-0.14,-0.94,0.52,5.13,28.44,50.17,-16.14,34.89,-24.40,1
h,2022-10-31 14:31:47.129144,-0.13,-0.88,0.57,-15.38,38.09,41.38,-16.13,36.76,-25.13,1
h,2022-10-31 14:31:47.149344,-0.12,-0.83,0.61,-5.55,37.11,26.61,-16.13,36.76,-25.13,1
h,2022-10-31 14:31:47.169360,-0.10,-0.80,0.56,10.62,30.76,12.94,-15.66,37.74,-25.62,1
h,2022-10-31 14:31:47.199218,-0.10,-0.72,0.49,19.10,27.71,-2.14,-15.66,37.74,-25.62,1
h,2022-10-31 14:31:47.219213,-0.11,-0.67,0.47,19.17,28.56,-9.64,-15.66,37.74,-25.62,1
h,2022-10-31 14:31:47.239214,-0.15,-0.68,0.44,30.94,21.67,-13.98,-15.69,38.61,-24.82,1
h,2022-10-31 14:31:47.259219,-0.17,-0.72,0.38,43.09,14.34,-14.16,-15.69,38.61,-24.82,1
h,2022-10-31 14:31:47.279239,-0.14,-0.75,0.29,34.97,14.28,-13.49,-16.41,38.77,-25.12,1
h,2022-10-31 14:31:47.299282,-0.09,-0.77,0.32,14.83,19.65,-32.65,-16.41,38.77,-25.12,1
h,2022-10-31 14:31:47.329172,-0.13,-0.76,0.47,13.43,15.08,-54.50,-17.04,37.30,-24.50,1
h,2022-10-31 14:31:47.349325,-0.17,-0.78,0.53,18.31,-7.26,-66.77,-17.04,37.30,-24.50,1
h,2022-10-31 14:31:47.369337,-0.22,-0.79,0.56,15.38,-26.12,-64.09,-17.04,37.30,-24.50,1
h,2022-10-31 14:31:47.391729,-0.35,-0.83,0.53,-1.40,-29.97,-51.21,-18.88,35.03,-24.32,1
h,2022-10-31 14:31:47.411723,-0.44,-0.88,0.58,-31.43,-23.25,-7.02,-18.88,35.03,-24.32,1
h,2022-10-31 14:31:47.431717,-0.35,-1.04,0.66,-62.93,-7.08,40.10,-19.25,33.75,-23.17,1
h,2022-10-31 14:31:47.454000,-1.02,-1.02,0.54,-62.19,22.40,49.80,-19.25,33.75,-23.17,1
h,2022-10-31 14:31:47.473994,-0.64,-0.92,0.62,21.85,78.19,66.59,-17.79,35.02,-24.90,1
h,2022-10-31 14:31:47.493998,-0.36,-1.12,0.37,61.22,114.14,72.27,-17.79,35.02,-24.90,1
h,2022-10-31 14:31:47.513979,-0.24,-1.08,0.44,62.56,107.12,56.58,-17.79,35.02,-24.90,1
h,2022-10-31 14:31:47.534080,-0.19,-0.97,0.29,52.25,72.63,49.93,-14.45,36.89,-26.90,1
h,2022-10-31 14:31:47.563961,-0.05,-0.95,0.08,55.54,32.78,45.96,-14.45,36.89,-26.90,1
h,2022-10-31 14:31:47.583953,-0.05,-0.92,-0.06,47.00,0.79,44.86,-11.78,37.79,-29.42,1
