h,2022-10-31 14:32:07.829272,-0.30,-0.74,0.52,-16.97,29.30,23.50,28.54,30.09,-19.34,1
h,2022-10-31 14:32:07.849255,-0.33,-0.68,0.65,-19.59,27.34,13.79,28.54,30.09,-19.34,1
h,2022-10-31 14:32:07.879162,-0.30,-0.69,0.55,-3.48,17.27,12.33,28.45,30.40,-19.60,1
h,2022-10-31 14:32:07.899128,-0.35,-0.78,0.54,0.49,13.37,10.56,28.45,30.40,-19.60,1
h,2022-10-31 14:32:07.921239,-0.35,-0.78,0.53,1.71,7.08,10.25,28.45,30.40,-19.60,1
h,2022-10-31 14:32:07.941241,-0.39,-0.80,0.49,3.17,-3.60,15.87,29.39,30.92,-15.41,1
h,2022-10-31 14:32:07.961235,-0.36,-0.77,0.54,-1.34,-8.24,22.46,29.39,30.92,-15.41,1
h,2022-10-31 14:32:07.981225,-0.36,-0.73,0.49,-11.54,-12.15,34.73,30.14,31.40,-16.64,1
h,2022-10-31 14:32:08.001220,-0.34,-0.80,0.50,-15.38,-8.91,42.97,30.14,31.40,-16.64,1
h,2022-10-31 14:32:08.021216,-0.30,-0.78,0.46,-25.70,-6.84,38.70,30.65,29.88,-15.76,1
h,2022-10-31 14:32:08.041207,-0.27,-0.70,0.52,-40.83,-3.72,16.72,30.65,29.88,-15.76,1
h,2022-10-31 14:32:08.068754,-0.21,-0.70,0.55,-41.63,-2.81,26.06,30.65,29.88,-15.76,1
h,2022-10-31 14:32:08.089875,-0.23,-0.66,0.68,-51.27,5.55,12.57,33.48,30.40,-16.38,1
h,2022-10-31 14:32:08.110079,-0.46,-0.59,0.86,15.75,-3.72,-2.38,33.48,30.40,-16.38,1
h,2022-10-31 14:32:08.130189,-0.21,-0.77,0.42,87.59,-7.20,-14.59,34.29,31.21,-16.97,1
h,2022-10-31 14:32:08.150413,-0.27,-0.66,0.50,46.88,3.11,-31.01,34.29,31.21,-16.97,1
h,2022-10-31 14:32:08.170408,-0.21,-0.68,0.51,38.21,-3.42,-42.42,34.29,31.21,-16.97,1
h,2022-10-31 14:32:08.195619,-0.20,-0.57,0.56,16.42,-15.26,-58.53,35.03,33.26,-16.60,1
h,2022-10-31 14:32:08.213156,-0.27,-0.54,0.43,9.22,-47.49,-73.61,35.03,33.26,-16.60,1
h,2022-10-31 14:32:08.233143,-0.39,-0.58,0.49,-2.99,-55.79,-74.77,35.08,38.72,-16.82,1
h,2022-10-31 14:32:08.254504,-0.56,-0.70,0.48,-13.98,-57.92,-56.58,35.08,38.72,-16.82,1
h,2022-10-31 14:32:08.274951,-0.68,-0.78,0.51,-23.50,-48.34,-40.16,34.33,44.63,-19.10,1
h,2022-10-31 14:32:08.294945,-0.73,-0.89,0.59,-20.45,-30.88,-17.82,34.33,44.63,-19.10,1
h,2022-10-31 14:32:08.315232,-0.77,-0.91,0.72,-14.95,-17.09,-7.39,34.33,44.63,-19.10,1
h,2022-10-31 14:32:08.336790,-0.55,-1.01,0.82,1.59,-3.54,11.17,33.94,47.25,-20.24,1
h,2022-10-31 14:32:08.356796,-0.53,-0.91,0.53,-3.85,-12.88,-2.75,33.94,47.25,-20.24,1
h,2022-10-31 14:32:08.386792,-0.94,-0.66,0.77,-18.55,-10.74,-7.51,33.62,47.34,-22.23,1
h,2022-10-31 14:32:08.396918,-0.73,-0.72,0.72,18.07,12.57,24.29,33.62,47.34,-22.23,1
h,2022-10-31 14:32:08.417014,-0.57,-0.76,0.56,21.97,30.64,37.60,33.62,47.34,-22.23,1
h,2022-10-31 14:32:08.438421,-0.54,-0.72,0.57,17.52,31.31,41.32,34.83,44.90,-18.93,1
h,2022-10-31 14:32:08.458689,-0.44,-0.74,0.50,9.77,34.06,45.29,34.83,44.90,-18.93,1
h,2022-10-31 14:32:08.479615,-0.34,-0.66,0.50,-0.61,37.54,31.92,35.12,41.35,-16.78,1
h,2022-10-31 14:32:08.499777,-0.31,-0.60,0.47,3.30,35.46,18.62,35.12,41.35,-16.78,1
h,2022-10-31 14:32:08.519774,-0.26,-0.56,0.41,8.06,25.82,2.20,35.12,41.35,-16.78,1
h,2022-10-31 14:32:08.539766,-0.32,-0.52,0.36,15.87,11.78,-6.59,35.16,39.97,-14.45,1
h,2022-10-31 14:32:08.559858,-0.40,-0.57,0.26,32.23,0.49,-5.07,35.16,39.97,-14.45,1
h,2022-10-31 14:32:08.580318,-0.24,-0.59,0.35,7.93,20.20,-21.06,35.00,40.73,-11.51,1
h,2022-10-31 14:32:08.600693,-0.26,-0.57,0.47,0.49,7.63,-47.36,35.00,40.73,-11.51,1
h,2022-10-31 14:32:08.621756,-0.30,-0.56,0.41,-2.26,-16.66,-61.83,35.00,40.73,-11.51,1
h,2022-10-31 14:32:08.642185,-0.36,-0.58,0.47,-6.96,-41.81,-68.05,34.47,45.06,-12.33,1
h,2022-10-31 14:32:08.672070,-0.67,-0.58,0.51,-17.76,-63.17,-56.88,34.47,45.06,-12.33,1
h,2022-10-31 14:32:08.692062,-0.82,-0.68,0.57,-28.26,-47.67,-20.63,33.36,51.89,-16.22,1
h,2022-10-31 14:32:08.712054,-0.94,-0.79,0.69,-29.85,-29.85,2.69,33.36,51.89,-16.22,1
h,2022-10-31 14:32:08.732481,-0.87,-0.86,0.78,-22.89,-3.11,25.82,31.84,53.80,-16.16,1
h,2022-10-31 14:32:08.753699,-0.96,-0.75,0.87,-8.30,25.57,14.16,31.84,53.80,-16.16,1
h,2022-10-31 14:32:08.773709,-0.76,-0.80,0.77,37.78,44.80,19.04,31.84,53.80,-16.16,1
h,2022-10-31 14:32:08.793814,-0.62,-0.74,0.62,50.11,49.44,12.82,30.04,51.17,-12.45,1
h,2022-10-31 14:32:08.814182,-0.56,-0.72,0.56,56.15,50.42,12.51,30.04,51.17,-12.45,1
