I,2022-10-20 14:35:04.773732,-0.44,0.40,0.68,-12.82,-2.01,21.97,16.96,31.13,-16.42,1
I,2022-10-20 14:35:04.794502,-0.54,0.41,0.56,-31.31,-3.30,22.64,16.96,31.13,-16.42,1
I,2022-10-20 14:35:04.814659,-0.50,0.60,0.44,-43.09,-9.64,29.05,16.96,31.13,-16.42,1
I,2022-10-20 14:35:04.835225,-0.63,0.75,0.33,-30.46,-21.73,46.75,17.35,30.88,-15.47,1
I,2022-10-20 14:35:04.855829,-0.65,0.76,0.36,17.09,-29.97,88.68,17.35,30.88,-15.47,1
I,2022-10-20 14:35:04.876755,-0.64,0.66,0.33,40.77,-42.54,102.91,17.52,30.46,-16.80,1
I,2022-10-20 14:35:04.892246,-0.47,0.56,0.40,52.12,-50.29,101.99,17.52,30.46,-16.80,1
I,2022-10-20 14:35:04.916727,-0.50,0.58,0.38,49.44,-68.24,76.11,17.52,30.46,-16.80,1
I,2022-10-20 14:35:04.936981,-0.59,0.59,0.48,52.55,-50.78,63.23,17.36,31.10,-17.57,1
I,2022-10-20 14:35:04.958047,-0.65,0.54,0.59,40.04,-25.63,41.93,17.36,31.10,-17.57,1
I,2022-10-20 14:35:04.979107,-0.89,0.54,0.70,24.23,-3.78,16.66,17.26,31.41,-16.27,1
I,2022-10-20 14:35:04.999564,-0.85,0.54,0.75,-0.67,31.37,-23.25,17.26,31.41,-16.27,1
I,2022-10-20 14:35:05.019792,-0.75,0.50,0.77,-28.08,42.91,-41.81,17.26,31.41,-16.27,1
I,2022-10-20 14:35:05.040242,-0.73,0.56,0.74,-50.84,62.99,-51.57,17.25,31.07,-15.56,1
I,2022-10-20 14:35:05.060246,-0.56,0.64,0.74,-60.42,68.66,-41.75,17.25,31.07,-15.56,1
I,2022-10-20 14:35:05.081208,-0.53,0.69,0.62,-57.62,54.14,-24.23,18.44,30.42,-16.75,1
I,2022-10-20 14:35:05.101829,-0.51,0.61,0.42,-48.77,40.65,-1.28,18.44,30.42,-16.75,1
I,2022-10-20 14:35:05.122025,-0.35,0.60,0.41,-48.34,29.17,8.85,18.44,30.42,-16.75,1
I,2022-10-20 14:35:05.143453,-0.39,0.66,0.26,-46.88,4.46,10.68,18.76,30.51,-16.36,1
I,2022-10-20 14:35:05.163462,-0.47,0.78,0.13,-25.57,-17.76,4.70,18.76,30.51,-16.36,1
I,2022-10-20 14:35:05.183796,-0.53,0.81,0.10,-7.45,-26.12,1.95,18.98,30.20,-17.60,1
I,2022-10-20 14:35:05.206218,-0.57,0.89,0.08,27.47,-39.37,-12.02,18.98,30.20,-17.60,1
I,2022-10-20 14:35:05.223751,-0.65,0.91,0.15,54.57,-45.23,-18.43,18.98,30.20,-17.60,1
I,2022-10-20 14:35:05.244634,-0.62,0.82,0.23,75.99,-45.29,-13.31,18.03,30.38,-17.61,1
I,2022-10-20 14:35:05.265010,-0.70,0.68,0.36,94.42,-29.54,-7.93,18.03,30.38,-17.61,1
I,2022-10-20 14:35:05.285135,-0.74,0.54,0.57,95.64,-16.42,-7.20,16.71,32.01,-16.44,1
I,2022-10-20 14:35:05.305423,-0.77,0.30,0.87,75.13,2.26,-4.70,16.71,32.01,-16.44,1
I,2022-10-20 14:35:05.325461,-0.75,0.31,0.90,44.68,12.88,-5.92,16.71,32.01,-16.44,1
I,2022-10-20 14:35:05.345729,-0.59,0.34,0.95,20.39,37.48,0.24,16.24,31.82,-14.97,1
I,2022-10-20 14:35:05.366442,-0.57,0.28,1.00,11.41,48.34,8.48,16.24,31.82,-14.97,1
I,2022-10-20 14:35:05.386720,-0.60,0.21,1.02,-8.00,53.53,4.94,16.89,31.91,-16.63,1
I,2022-10-20 14:35:05.408693,-0.49,0.35,0.87,-49.38,56.34,-11.17,16.89,31.91,-16.63,1
I,2022-10-20 14:35:05.422394,-0.47,0.58,0.72,-66.59,58.23,-22.46,16.89,31.91,-16.63,1
I,2022-10-20 14:35:05.447550,-0.38,0.67,0.64,-64.76,65.37,-17.94,17.18,31.26,-15.91,1
I,2022-10-20 14:35:05.467579,-0.37,0.72,0.53,-62.07,59.57,-17.09,17.18,31.26,-15.91,1
I,2022-10-20 14:35:05.489698,-0.34,0.74,0.45,-52.73,57.01,-5.98,18.16,30.07,-16.36,1
I,2022-10-20 14:35:05.502353,-0.34,0.67,0.37,-49.99,43.58,-4.82,18.16,30.07,-16.36,1
I,2022-10-20 14:35:05.522618,-0.34,0.71,0.29,-44.86,31.13,-8.67,18.16,30.07,-16.36,1
I,2022-10-20 14:35:05.542805,-0.30,0.70,0.25,-48.03,9.77,-1.10,18.44,30.26,-15.20,1
I,2022-10-20 14:35:05.563226,-0.39,0.84,0.12,-38.15,-9.83,6.23,18.44,30.26,-15.20,1
I,2022-10-20 14:35:05.583357,-0.54,0.89,0.03,13.31,-34.91,-1.22,18.77,30.15,-15.81,1
I,2022-10-20 14:35:05.603645,-0.48,0.98,0.05,41.75,-57.62,-15.14,18.77,30.15,-15.81,1
I,2022-10-20 14:35:05.624017,-0.56,1.06,-0.03,57.37,-70.07,-21.97,18.77,30.15,-15.81,1
I,2022-10-20 14:35:05.646492,-0.53,0.87,0.15,85.39,-48.89,-18.07,17.29,30.02,-15.27,1
I,2022-10-20 14:35:05.667340,-0.53,0.73,0.37,90.52,-42.24,-20.26,17.29,30.02,-15.27,1
I,2022-10-20 14:35:05.687340,-0.58,0.60,0.60,78.98,-31.01,-15.75,16.20,31.74,-15.97,1
I,2022-10-20 14:35:05.711248,-0.62,0.43,0.83,65.92,-17.64,-6.96,16.20,31.74,-15.97,1
I,2022-10-20 14:35:05.729868,-0.62,0.34,0.91,51.94,-1.83,-2.87,16.20,31.74,-15.97,1
I,2022-10-20 14:35:05.745931,-0.50,0.31,1.00,31.37,17.52,-1.77,16.63,31.74,-14.78,1
I,2022-10-20 14:35:05.767001,-0.42,0.33,0.98,15.99,18.19,0.98,16.63,31.74,-14.78,1
I,2022-10-20 14:35:05.787019,-0.43,0.40,0.87,2.87,12.94,0.49,16.74,31.63,-14.60,1
I,2022-10-20 14:35:05.807184,-0.43,0.45,0.80,-6.23,15.14,1.95,16.74,31.63,-14.60,1
