s,2022-10-14 10:15:02.250465,0.39,-0.39,0.82,15.56,-1.28,16.78,-33.97,53.31,-36.23,1
s,2022-10-14 10:15:02.266075,0.39,-0.35,0.83,-0.79,-4.82,10.19,-33.97,53.31,-36.23,1
s,2022-10-14 10:15:02.297326,0.33,-0.29,0.93,-13.61,-3.54,-1.46,-33.97,53.31,-36.23,1
s,2022-10-14 10:15:02.312975,0.34,-0.25,0.92,-18.31,2.01,-10.50,-34.30,53.77,-37.33,1
s,2022-10-14 10:15:02.328601,0.35,-0.25,0.93,-21.61,3.17,-18.68,-34.30,53.77,-37.33,1
s,2022-10-14 10:15:02.344222,0.31,-0.27,0.96,-20.20,-0.24,-18.98,-34.30,53.77,-37.33,1
s,2022-10-14 10:15:02.359852,0.31,-0.23,0.92,-18.98,-1.34,-15.38,-36.39,54.26,-36.08,1
s,2022-10-14 10:15:02.391082,0.32,-0.19,0.90,-16.85,-6.04,-12.27,-36.39,54.26,-36.08,1
s,2022-10-14 10:15:02.406726,0.31,-0.16,0.92,-8.91,-10.01,-13.37,-37.76,55.19,-36.27,1
s,2022-10-14 10:15:02.422352,0.30,-0.17,0.92,-4.70,-9.40,-14.95,-37.76,55.19,-36.27,1
s,2022-10-14 10:15:02.437981,0.26,-0.15,0.92,-4.76,-10.50,-19.23,-37.76,55.19,-36.27,1
s,2022-10-14 10:15:02.469212,0.19,-0.15,0.95,-4.70,-11.41,-25.39,-39.66,56.68,-35.05,1
s,2022-10-14 10:15:02.484853,0.14,-0.13,1.02,4.82,-8.00,-29.66,-39.66,56.68,-35.05,1
s,2022-10-14 10:15:02.500464,0.20,-0.19,0.98,14.47,-0.18,-26.55,-39.66,56.68,-35.05,1
s,2022-10-14 10:15:02.516111,0.29,-0.24,0.92,17.82,4.58,-22.58,-44.49,57.58,-35.12,1
s,2022-10-14 10:15:02.531736,0.34,-0.28,0.86,14.10,3.36,-18.98,-44.49,57.58,-35.12,1
s,2022-10-14 10:15:02.557635,0.33,-0.32,0.89,4.52,-4.94,-12.02,-48.30,59.51,-35.83,1
s,2022-10-14 10:15:02.573289,0.21,-0.33,0.96,2.14,-5.80,-5.92,-48.30,59.51,-35.83,1
s,2022-10-14 10:15:02.588910,0.20,-0.35,0.96,2.44,-0.18,-1.95,-48.30,59.51,-35.83,1
s,2022-10-14 10:15:02.604536,0.23,-0.37,0.89,3.11,4.82,-0.18,-52.14,61.24,-34.91,1
s,2022-10-14 10:15:02.635771,0.24,-0.36,0.87,-3.72,3.48,-3.36,-52.14,61.24,-34.91,1
s,2022-10-14 10:15:02.651396,0.19,-0.39,0.88,-5.86,2.38,-4.21,-52.14,61.24,-34.91,1
s,2022-10-14 10:15:02.667040,0.16,-0.47,0.87,-2.32,3.78,0.43,-54.49,62.84,-37.19,1
s,2022-10-14 10:15:02.682669,0.20,-0.59,0.81,1.89,7.75,10.56,-54.49,62.84,-37.19,1
s,2022-10-14 10:15:02.698292,0.30,-0.69,0.69,0.98,6.29,26.06,-52.17,62.76,-38.38,1
s,2022-10-14 10:15:02.729525,0.35,-0.79,0.64,-8.12,-5.43,32.04,-52.17,62.76,-38.38,1
s,2022-10-14 10:15:02.745151,0.39,-0.77,0.68,-18.98,-18.98,42.85,-52.17,62.76,-38.38,1
s,2022-10-14 10:15:02.760810,0.39,-0.61,0.71,-46.81,-26.86,51.51,-43.64,61.16,-38.21,1
s,2022-10-14 10:15:02.776421,0.39,-0.27,0.75,-74.16,-43.09,46.26,-43.64,61.16,-38.21,1
s,2022-10-14 10:15:02.792047,0.48,0.40,0.83,-103.82,-44.56,3.30,-43.64,61.16,-38.21,1
s,2022-10-14 10:15:02.807677,0.38,0.66,1.04,-119.45,-44.49,-56.21,-34.61,52.21,-35.41,1
s,2022-10-14 10:15:02.838906,0.16,0.54,1.24,-105.47,-32.10,-89.54,-34.61,52.21,-35.41,1
s,2022-10-14 10:15:02.854551,0.18,0.42,1.09,-44.01,-10.56,-61.58,-34.61,52.21,-35.41,1
s,2022-10-14 10:15:02.870177,0.19,0.15,0.97,20.45,-14.77,-16.91,-32.71,44.98,-29.37,1
s,2022-10-14 10:15:02.885807,0.11,-0.07,0.94,24.41,-17.46,-4.09,-32.71,44.98,-29.37,1
s,2022-10-14 10:15:02.901429,-0.01,0.20,1.09,2.14,-17.82,-20.32,-29.65,42.13,-22.94,1
s,2022-10-14 10:15:02.932671,0.14,-0.10,0.89,45.84,-15.56,-17.15,-29.65,42.13,-22.94,1
s,2022-10-14 10:15:02.948302,0.17,-0.58,0.93,-20.39,35.71,3.36,-29.65,42.13,-22.94,1
s,2022-10-14 10:15:02.963917,0.23,-0.20,0.60,-82.64,74.34,30.09,-31.58,41.33,-24.98,1
s,2022-10-14 10:15:02.979558,0.21,-0.06,0.80,-57.07,20.45,29.79,-31.58,41.33,-24.98,1
s,2022-10-14 10:15:02.995187,0.23,-0.11,0.85,-62.50,26.18,21.24,-31.58,41.33,-24.98,1
s,2022-10-14 10:15:03.010810,0.15,0.04,0.87,-83.01,31.49,8.42,-32.75,33.37,-26.12,1
s,2022-10-14 10:15:03.042045,0.16,0.11,0.82,-83.19,31.92,8.42,-32.75,33.37,-26.12,1
s,2022-10-14 10:15:03.057669,0.27,0.26,0.77,-67.26,25.45,17.76,-33.04,24.99,-27.28,1
s,2022-10-14 10:15:03.073317,0.05,0.36,0.66,-60.55,16.30,0.00,-33.04,24.99,-27.28,1
s,2022-10-14 10:15:03.088939,0.18,0.46,0.81,19.65,-20.26,17.40,-33.04,24.99,-27.28,1
s,2022-10-14 10:15:03.104565,0.26,0.43,0.98,45.78,-24.90,12.88,-29.35,21.50,-25.16,1
s,2022-10-14 10:15:03.135798,0.28,0.34,0.99,52.43,-15.26,10.31,-29.35,21.50,-25.16,1
s,2022-10-14 10:15:03.151425,0.25,0.29,1.05,69.95,-13.31,16.36,-29.35,21.50,-25.16,1
s,2022-10-14 10:15:03.167069,0.25,0.31,1.08,75.32,-12.27,13.24,-21.17,26.01,-22.46,1
s,2022-10-14 10:15:03.182695,0.21,0.27,1.13,74.58,-17.03,-6.29,-21.17,26.01,-22.46,1
s,2022-10-14 10:15:03.198307,0.22,0.18,1.06,64.15,-7.81,-29.05,-17.86,37.19,-23.82,1
s,2022-10-14 10:15:03.229554,0.30,0.10,0.94,55.79,1.59,-54.93,-17.86,37.19,-23.82,1
s,2022-10-14 10:15:03.245180,0.21,-0.44,0.69,72.57,-8.12,-47.91,-17.86,37.19,-23.82,1
s,2022-10-14 10:15:03.260807,0.33,-0.67,0.69,90.52,-23.32,-20.75,-21.63,48.69,-24.38,1
s,2022-10-14 10:15:03.276451,0.30,-0.75,0.72,78.80,-22.83,8.48,-21.63,48.69,-24.38,1
s,2022-10-14 10:15:03.292060,0.29,-0.63,0.73,43.46,-13.61,16.36,-21.63,48.69,-24.38,1
s,2022-10-14 10:15:03.307708,0.28,-0.56,0.78,19.53,-23.99,18.19,-20.20,49.28,-22.90,1
s,2022-10-14 10:15:03.338937,0.25,-0.39,0.96,-11.35,-18.37,8.73,-20.20,49.28,-22.90,1
s,2022-10-14 10:15:03.354563,0.19,-0.19,1.24,-15.14,-23.07,5.49,-20.20,49.28,-22.90,1
s,2022-10-14 10:15:03.370189,0.25,-0.12,1.10,-46.69,-7.75,-14.16,-15.26,41.19,-24.77,1
s,2022-10-14 10:15:03.385833,0.26,-0.07,1.12,-22.22,-14.95,4.39,-15.26,41.19,-24.77,1
s,2022-10-14 10:15:03.401459,0.17,0.05,1.14,-15.14,-12.33,11.78,-13.92,30.19,-24.04,1
s,2022-10-14 10:15:03.432711,0.16,0.14,1.09,-23.19,-5.86,2.62,-13.92,30.19,-24.04,1
s,2022-10-14 10:15:03.448324,0.13,0.15,1.04,-20.20,-6.41,-2.99,-13.92,30.19,-24.04,1
s,2022-10-14 10:15:03.463946,0.10,0.15,1.01,-11.41,-5.68,2.81,-16.71,24.58,-22.23,1
s,2022-10-14 10:15:03.479590,-0.18,0.16,1.03,-14.47,8.42,7.93,-16.71,24.58,-22.23,1
s,2022-10-14 10:15:03.495219,-0.28,0.17,1.06,10.86,13.55,15.75,-16.71,24.58,-22.23,1
s,2022-10-14 10:15:03.510841,-0.15,0.22,1.02,41.50,28.02,20.45,-21.52,29.69,-24.45,1
s,2022-10-14 10:15:03.542091,0.05,0.20,0.95,52.92,37.90,2.87,-21.52,29.69,-24.45,1
