I,2022-10-19 10:47:09.110020,0.17,-0.25,0.92,-18.74,0.37,6.77,36.44,-65.61,-131.65,1
I,2022-10-19 10:47:09.130957,0.15,-0.22,0.94,-16.60,2.75,4.33,36.44,-65.61,-131.65,1
I,2022-10-19 10:47:09.150014,0.16,-0.23,0.90,-6.29,0.67,10.68,36.44,-65.61,-131.65,1
I,2022-10-19 10:47:09.171301,0.17,-0.27,0.82,-2.38,-6.47,9.22,34.22,-66.94,-130.43,1
I,2022-10-19 10:47:09.191966,0.15,-0.25,0.82,-14.34,-7.81,3.42,34.22,-66.94,-130.43,1
I,2022-10-19 10:47:09.211496,0.10,-0.25,0.98,-31.37,-6.41,-5.80,32.57,-68.82,-129.96,1
I,2022-10-19 10:47:09.231927,0.17,-0.18,1.02,17.64,17.58,0.00,32.57,-68.82,-129.96,1
I,2022-10-19 10:47:09.241989,0.10,-0.28,0.90,11.17,1.40,8.00,32.57,-68.82,-129.96,1
I,2022-10-19 10:47:09.270028,0.05,-0.27,0.86,1.71,18.98,8.36,32.03,-69.02,-129.04,1
I,2022-10-19 10:47:09.283610,0.06,-0.17,0.70,-11.17,17.33,0.61,32.03,-69.02,-129.04,1
I,2022-10-19 10:47:09.302621,0.05,-0.18,0.71,-8.85,-14.34,-13.79,33.52,-69.81,-127.15,1
I,2022-10-19 10:47:09.322623,0.06,-0.15,0.77,-2.14,-35.64,-13.18,33.52,-69.81,-127.15,1
I,2022-10-19 10:47:09.342970,0.07,-0.15,0.85,0.37,-37.72,-14.16,33.52,-69.81,-127.15,1
I,2022-10-19 10:47:09.363378,0.07,-0.20,0.93,5.43,-39.25,-15.14,39.14,-72.12,-126.45,1
I,2022-10-19 10:47:09.383744,0.08,-0.31,1.00,9.46,-37.17,-8.30,39.14,-72.12,-126.45,1
I,2022-10-19 10:47:09.405464,0.07,-0.35,1.01,3.91,-35.03,-6.65,43.98,-73.10,-124.93,1
I,2022-10-19 10:47:09.424604,0.03,-0.34,1.12,-11.54,-28.50,-9.52,43.98,-73.10,-124.93,1
I,2022-10-19 10:47:09.444811,-0.09,-0.32,1.20,-8.67,-25.76,-4.03,43.98,-73.10,-124.93,1
I,2022-10-19 10:47:09.465624,-0.09,-0.31,1.20,6.47,-8.42,2.99,46.26,-72.51,-124.55,1
I,2022-10-19 10:47:09.476493,0.10,-0.38,1.03,8.24,18.55,3.85,46.26,-72.51,-124.55,1
I,2022-10-19 10:47:09.500622,0.17,-0.37,0.96,3.30,13.98,7.81,46.26,-72.51,-124.55,1
I,2022-10-19 10:47:09.522614,0.17,-0.30,0.92,-5.80,7.39,8.85,44.96,-71.08,-125.10,1
I,2022-10-19 10:47:09.542798,0.21,-0.21,0.84,-13.24,3.97,4.33,44.96,-71.08,-125.10,1
I,2022-10-19 10:47:09.557143,0.18,-0.18,0.84,-16.30,-2.32,0.00,43.36,-70.86,-125.90,1
I,2022-10-19 10:47:09.577215,0.13,-0.15,0.88,-16.91,-7.20,-2.99,43.36,-70.86,-125.90,1
I,2022-10-19 10:47:09.600668,0.05,-0.20,0.91,-10.74,-8.42,0.49,43.36,-70.86,-125.90,1
I,2022-10-19 10:47:09.620620,-0.19,-0.02,1.16,-6.35,-8.67,-0.92,42.24,-73.18,-123.19,1
I,2022-10-19 10:47:09.639404,0.05,-0.19,1.05,14.16,-6.65,6.47,42.24,-73.18,-123.19,1
I,2022-10-19 10:47:09.660248,0.02,-0.16,0.96,7.75,-12.15,6.65,42.29,-73.61,-123.90,1
I,2022-10-19 10:47:09.670695,0.03,-0.08,0.96,1.77,-3.54,5.86,42.29,-73.61,-123.90,1
I,2022-10-19 10:47:09.696824,0.04,0.06,0.97,-8.73,18.74,-23.74,42.29,-73.61,-123.90,1
I,2022-10-19 10:47:09.711318,0.07,0.11,0.98,1.46,11.11,-33.69,43.90,-73.14,-123.52,1
I,2022-10-19 10:47:09.733319,0.05,0.01,0.99,19.53,2.26,-39.37,43.90,-73.14,-123.52,1
I,2022-10-19 10:47:09.752346,0.02,-0.21,0.96,25.15,0.06,-41.99,50.35,-71.42,-122.69,1
I,2022-10-19 10:47:09.771681,-0.03,-0.46,0.99,23.44,-2.32,-28.87,50.35,-71.42,-122.69,1
I,2022-10-19 10:47:09.793103,-0.18,-0.57,1.07,20.26,7.57,-11.23,50.35,-71.42,-122.69,1
I,2022-10-19 10:47:09.814640,-0.03,-0.62,1.05,24.84,20.87,4.88,54.49,-70.23,-123.60,1
I,2022-10-19 10:47:09.835025,0.03,-0.68,1.00,20.81,23.01,11.60,54.49,-70.23,-123.60,1
I,2022-10-19 10:47:09.854602,0.06,-0.65,0.93,12.08,19.84,28.14,50.29,-68.15,-124.13,1
I,2022-10-19 10:47:09.866250,0.11,-0.57,0.90,1.89,20.20,34.73,50.29,-68.15,-124.13,1
I,2022-10-19 10:47:09.890836,0.14,-0.46,0.89,-8.42,21.48,39.06,50.29,-68.15,-124.13,1
I,2022-10-19 10:47:09.907595,0.16,-0.36,0.90,-11.54,22.46,43.70,41.25,-66.82,-128.41,1
I,2022-10-19 10:47:09.925714,0.20,-0.20,0.88,-12.08,19.65,42.42,41.25,-66.82,-128.41,1
I,2022-10-19 10:47:09.945898,0.17,-0.14,0.89,-12.88,15.38,36.07,41.25,-66.82,-128.41,1
I,2022-10-19 10:47:09.966129,0.16,-0.11,0.85,-5.74,10.80,29.97,32.70,-66.35,-129.75,1
I,2022-10-19 10:47:09.988376,0.20,-0.10,0.78,-1.46,4.39,26.43,32.70,-66.35,-129.75,1
I,2022-10-19 10:47:10.007730,0.22,-0.10,0.71,-3.60,-2.14,21.00,27.81,-65.76,-132.98,1
I,2022-10-19 10:47:10.029037,0.18,-0.09,0.67,-18.68,-14.34,7.81,27.81,-65.76,-132.98,1
I,2022-10-19 10:47:10.048327,0.16,0.00,0.72,-32.04,-22.46,-6.04,27.81,-65.76,-132.98,1
I,2022-10-19 10:47:10.068442,-2.36,-0.22,2.33,-6.84,10.68,-6.96,25.67,-68.54,-130.51,1
I,2022-10-19 10:47:10.088868,0.19,-0.11,1.16,18.86,15.44,24.41,25.67,-68.54,-130.51,1
I,2022-10-19 10:47:10.099401,0.12,-0.07,0.94,13.55,-2.50,2.08,25.79,-69.41,-131.30,1
I,2022-10-19 10:47:10.125691,0.14,-0.02,1.00,-15.75,6.35,-41.32,25.79,-69.41,-131.30,1
I,2022-10-19 10:47:10.140114,0.13,-0.02,0.98,-5.55,0.79,-41.75,25.79,-69.41,-131.30,1
I,2022-10-19 10:47:10.161141,0.12,-0.05,0.95,9.03,-4.70,-38.76,29.99,-68.76,-129.37,1
I,2022-10-19 10:47:10.180872,0.08,-0.23,0.93,19.47,-4.82,-34.91,29.99,-68.76,-129.37,1
I,2022-10-19 10:47:10.200871,0.06,-0.34,0.95,20.81,-5.74,-28.38,29.99,-68.76,-129.37,1
I,2022-10-19 10:47:10.221242,-0.04,-0.40,1.01,22.40,-2.62,-21.30,34.72,-68.81,-126.90,1
I,2022-10-19 10:47:10.241737,0.04,-0.41,0.98,28.32,11.90,-5.00,34.72,-68.81,-126.90,1
I,2022-10-19 10:47:10.262123,0.09,-0.39,0.95,23.50,14.47,-2.87,38.73,-66.91,-127.08,1
I,2022-10-19 10:47:10.272312,0.09,-0.38,0.93,19.23,13.43,-1.59,38.73,-66.91,-127.08,1
I,2022-10-19 10:47:10.299186,0.11,-0.37,0.89,16.91,12.02,3.60,38.73,-66.91,-127.08,1
I,2022-10-19 10:47:10.315017,0.15,-0.25,0.88,16.78,9.09,1.46,40.60,-64.60,-126.60,1
I,2022-10-19 10:47:10.335168,0.13,-0.26,0.85,19.04,6.65,-4.82,40.60,-64.60,-126.60,1
I,2022-10-19 10:47:10.355170,0.16,-0.28,0.82,18.31,5.31,-7.69,43.70,-61.51,-126.53,1
I,2022-10-19 10:47:10.375385,0.19,-0.29,0.82,13.92,5.07,-11.41,43.70,-61.51,-126.53,1
I,2022-10-19 10:47:10.395154,0.21,-0.28,0.84,12.45,2.08,-11.35,43.70,-61.51,-126.53,1
I,2022-10-19 10:47:10.406061,0.21,-0.29,0.85,9.52,-3.78,-15.93,46.81,-60.11,-127.08,1
I,2022-10-19 10:47:10.432864,0.15,-0.41,0.87,5.62,-3.11,-17.27,46.81,-60.11,-127.08,1
I,2022-10-19 10:47:10.454948,0.15,-0.48,0.87,4.09,-2.93,-11.72,50.28,-59.63,-123.51,1
I,2022-10-19 10:47:10.469898,0.15,-0.47,0.91,-6.59,-5.00,-6.71,50.28,-59.63,-123.51,1
