d,2022-10-29 18:12:02.693171,0.39,-0.09,0.88,-36.74,-7.93,20.51,-6.32,-15.01,-99.87,1
d,2022-10-29 18:12:02.713486,0.39,-0.07,0.90,-28.56,-8.73,16.24,-2.45,-15.99,-101.01,1
d,2022-10-29 18:12:02.731270,0.38,-0.01,0.91,-24.60,-7.08,10.74,-2.45,-15.99,-101.01,1
d,2022-10-29 18:12:02.749877,0.40,0.01,0.91,-17.03,-5.00,4.27,0.01,-18.14,-102.26,1
d,2022-10-29 18:12:02.768548,0.40,-0.00,0.88,-12.15,-2.14,-1.71,0.01,-18.14,-102.26,1
d,2022-10-29 18:12:02.787968,0.45,-0.01,0.86,-6.59,-1.59,-5.62,0.01,-18.14,-102.26,1
d,2022-10-29 18:12:02.807479,0.43,-0.04,0.83,-15.56,-3.30,-16.48,0.93,-17.69,-101.60,1
d,2022-10-29 18:12:02.825550,0.41,-0.09,0.86,-13.18,-5.68,-16.05,0.93,-17.69,-101.60,1
d,2022-10-29 18:12:02.844716,0.36,-0.16,0.90,-10.01,-7.26,-12.45,0.93,-17.69,-101.60,1
d,2022-10-29 18:12:02.863687,0.36,-0.17,0.90,-1.59,-6.16,0.61,2.03,-17.99,-98.44,1
d,2022-10-29 18:12:02.882506,0.38,-0.19,0.89,-4.58,-4.94,-0.37,2.03,-17.99,-98.44,1
d,2022-10-29 18:12:02.901760,0.10,-0.16,1.02,-6.29,-5.19,-3.97,2.81,-18.36,-94.36,1
d,2022-10-29 18:12:02.921100,0.55,-0.28,1.00,20.51,22.58,25.51,2.81,-18.36,-94.36,1
d,2022-10-29 18:12:02.939872,0.36,-0.38,0.78,10.50,17.03,23.62,2.81,-18.36,-94.36,1
d,2022-10-29 18:12:02.959771,0.32,-0.28,0.76,-10.56,5.92,14.34,1.12,-18.51,-94.03,1
d,2022-10-29 18:12:02.977388,0.31,-0.37,0.73,1.40,-5.49,26.61,1.12,-18.51,-94.03,1
d,2022-10-29 18:12:02.996564,0.27,-0.16,0.76,-4.76,-21.00,34.06,1.12,-18.51,-94.03,1
d,2022-10-29 18:12:03.016433,0.23,-0.07,0.83,-15.75,-22.83,18.19,3.81,-19.58,-95.43,1
d,2022-10-29 18:12:03.035029,0.17,-0.16,0.62,-7.81,-31.74,20.26,3.81,-19.58,-95.43,1
d,2022-10-29 18:12:03.054629,0.26,-0.02,0.90,47.79,-71.96,28.44,8.58,-24.01,-100.01,1
d,2022-10-29 18:12:03.073249,0.26,0.07,0.82,68.24,-75.01,24.35,8.58,-24.01,-100.01,1
d,2022-10-29 18:12:03.091311,0.24,0.01,1.18,58.90,-63.29,5.74,8.58,-24.01,-100.01,1
d,2022-10-29 18:12:03.111081,0.31,0.17,0.94,28.26,-47.30,-38.27,14.01,-26.89,-105.43,1
d,2022-10-29 18:12:03.129932,0.30,-0.00,1.16,56.70,-29.79,-42.24,14.01,-26.89,-105.43,1
d,2022-10-29 18:12:03.150867,0.38,-0.15,1.20,60.30,-8.06,-51.39,15.44,-27.34,-108.57,1
d,2022-10-29 18:12:03.170158,0.37,-0.33,1.15,43.58,29.85,-38.45,15.44,-27.34,-108.57,1
d,2022-10-29 18:12:03.188207,0.43,-0.39,1.03,42.60,45.65,-26.86,15.44,-27.34,-108.57,1
d,2022-10-29 18:12:03.207818,0.38,-0.58,1.01,34.48,47.06,-15.38,14.45,-25.06,-104.54,1
d,2022-10-29 18:12:03.225461,0.51,-0.57,1.08,-26.79,71.11,-10.56,14.45,-25.06,-104.54,1
d,2022-10-29 18:12:03.243980,0.54,-0.54,0.96,-86.00,86.18,-6.41,14.45,-25.06,-104.54,1
d,2022-10-29 18:12:03.262736,0.44,-0.50,0.91,-127.08,92.77,-7.26,8.64,-21.66,-95.64,1
d,2022-10-29 18:12:03.281875,0.36,-0.41,0.85,-141.17,91.25,-4.39,8.64,-21.66,-95.64,1
d,2022-10-29 18:12:03.301775,0.00,-0.20,0.82,-85.94,62.38,13.73,-0.13,-17.35,-93.32,1
d,2022-10-29 18:12:03.319533,0.30,-0.08,0.82,-52.25,49.19,19.41,-0.13,-17.35,-93.32,1
d,2022-10-29 18:12:03.338872,0.19,-0.11,0.76,-27.10,41.32,16.85,-0.13,-17.35,-93.32,1
d,2022-10-29 18:12:03.358830,0.33,-0.13,0.66,-3.91,25.39,14.71,-7.47,-13.46,-92.13,1
d,2022-10-29 18:12:03.377989,0.19,-0.05,0.66,28.14,-1.71,1.40,-7.47,-13.46,-92.13,1
d,2022-10-29 18:12:03.396582,0.40,-0.14,0.72,36.44,-17.27,-14.22,-7.47,-13.46,-92.13,1
d,2022-10-29 18:12:03.415389,0.37,-0.12,0.72,10.74,-2.69,-5.98,-8.87,-12.83,-92.71,1
d,2022-10-29 18:12:03.435249,-0.00,0.04,0.57,44.31,-38.51,-0.73,-8.87,-12.83,-92.71,1
d,2022-10-29 18:12:03.454917,0.26,-0.17,0.74,108.09,-93.08,-18.86,-5.32,-15.54,-91.53,1
d,2022-10-29 18:12:03.474164,0.32,-0.21,0.70,67.32,-94.30,-25.88,-5.32,-15.54,-91.53,1
d,2022-10-29 18:12:03.492402,0.40,-0.28,0.79,77.76,-88.01,-23.07,-5.32,-15.54,-91.53,1
d,2022-10-29 18:12:03.512678,0.35,-0.22,0.97,80.75,-70.43,-16.54,3.08,-19.73,-94.04,1
d,2022-10-29 18:12:03.531416,0.28,-0.09,0.89,66.04,-45.53,-29.17,3.08,-19.73,-94.04,1
d,2022-10-29 18:12:03.551939,0.40,-0.35,1.14,46.26,-32.84,-54.99,9.56,-21.62,-98.17,1
d,2022-10-29 18:12:03.570807,0.45,-0.42,1.09,10.13,-4.21,-62.50,9.56,-21.62,-98.17,1
d,2022-10-29 18:12:03.589209,0.40,-0.49,1.00,-54.75,33.02,-62.74,9.56,-21.62,-98.17,1
d,2022-10-29 18:12:03.608315,0.36,-0.57,1.02,-94.24,43.09,-60.61,9.94,-21.64,-98.28,1
d,2022-10-29 18:12:03.627408,0.27,-0.62,1.05,-111.45,53.77,-44.31,9.94,-21.64,-98.28,1
d,2022-10-29 18:12:03.647867,0.16,-0.65,0.97,-39.86,61.89,18.49,6.46,-19.84,-98.65,1
d,2022-10-29 18:12:03.666868,0.34,-0.64,0.81,8.00,45.96,43.21,6.46,-19.84,-98.65,1
d,2022-10-29 18:12:03.684070,0.39,-0.70,0.78,9.70,28.63,50.54,6.46,-19.84,-98.65,1
d,2022-10-29 18:12:03.702893,0.41,-0.65,0.75,-3.78,17.15,57.25,4.87,-20.25,-101.82,1
d,2022-10-29 18:12:03.721996,0.45,-0.48,0.74,-35.83,7.26,58.29,4.87,-20.25,-101.82,1
d,2022-10-29 18:12:03.740048,0.47,-0.30,0.74,-55.05,1.89,50.60,4.87,-20.25,-101.82,1
d,2022-10-29 18:12:03.759801,0.44,-0.14,0.80,-71.17,-4.33,38.57,6.12,-22.72,-105.47,1
d,2022-10-29 18:12:03.778110,0.34,-0.03,0.87,-74.65,-9.03,28.50,6.12,-22.72,-105.47,1
