d,2022-10-29 18:12:19.699979,0.16,-0.07,1.19,-6.29,6.47,0.12,-15.04,-11.35,-123.45,1
d,2022-10-29 18:12:19.718916,0.14,-0.10,1.15,-1.16,9.34,0.43,-14.28,-12.41,-123.62,1
d,2022-10-29 18:12:19.736493,0.17,-0.07,1.07,-4.33,17.94,-1.83,-14.28,-12.41,-123.62,1
d,2022-10-29 18:12:19.755309,0.18,-0.09,1.02,-11.96,21.24,-11.29,-14.28,-12.41,-123.62,1
d,2022-10-29 18:12:19.775585,0.15,-0.07,1.03,-19.47,24.23,-19.47,-14.10,-12.45,-123.21,1
d,2022-10-29 18:12:19.792671,0.17,-0.16,0.94,3.66,20.26,-13.73,-14.10,-12.45,-123.21,1
d,2022-10-29 18:12:19.812600,0.24,-0.18,0.87,16.42,15.56,-4.46,-13.61,-12.73,-123.56,1
d,2022-10-29 18:12:19.830343,0.23,-0.26,0.81,10.19,7.20,-2.87,-13.61,-12.73,-123.56,1
d,2022-10-29 18:12:19.849388,0.19,-0.26,0.85,-7.57,-6.71,2.75,-13.61,-12.73,-123.56,1
d,2022-10-29 18:12:19.868957,0.11,-0.23,0.90,-23.80,-9.70,4.52,-13.40,-12.24,-123.24,1
d,2022-10-29 18:12:19.887743,-0.00,-0.19,1.12,-0.43,-8.79,-13.55,-13.40,-12.24,-123.24,1
d,2022-10-29 18:12:19.905852,0.47,-0.45,1.33,24.96,10.13,16.17,-13.40,-12.24,-123.24,1
d,2022-10-29 18:12:19.924840,0.08,-0.21,0.80,4.15,23.86,60.67,-13.20,-12.07,-122.09,1
d,2022-10-29 18:12:19.943095,0.09,-0.09,0.83,-13.12,2.87,21.18,-13.20,-12.07,-122.09,1
d,2022-10-29 18:12:19.961695,0.10,-0.22,0.73,-5.92,-10.62,22.89,-13.34,-11.99,-123.35,1
d,2022-10-29 18:12:19.980645,0.11,-0.13,0.81,-20.63,-21.67,14.22,-13.34,-11.99,-123.35,1
d,2022-10-29 18:12:19.999663,0.02,-0.04,0.83,-3.17,-38.15,20.20,-13.34,-11.99,-123.35,1
d,2022-10-29 18:12:20.019176,0.08,-0.03,0.74,7.63,-53.96,17.82,-13.84,-11.77,-123.73,1
d,2022-10-29 18:12:20.036861,0.05,-0.01,0.98,17.58,-65.19,12.51,-13.84,-11.77,-123.73,1
d,2022-10-29 18:12:20.055903,0.07,-0.01,0.98,30.70,-62.74,9.34,-13.84,-11.77,-123.73,1
d,2022-10-29 18:12:20.075904,-0.00,-0.06,0.96,34.36,-54.63,3.11,-14.31,-11.79,-122.50,1
d,2022-10-29 18:12:20.094332,0.02,-0.02,1.08,27.34,-54.14,-4.64,-14.31,-11.79,-122.50,1
d,2022-10-29 18:12:20.113586,0.02,0.00,1.12,12.08,-28.63,-20.57,-15.17,-12.08,-121.73,1
d,2022-10-29 18:12:20.132031,-0.01,0.02,1.16,18.13,-9.58,-22.03,-15.17,-12.08,-121.73,1
d,2022-10-29 18:12:20.149590,0.01,-0.05,1.19,36.19,-7.14,-26.49,-15.17,-12.08,-121.73,1
d,2022-10-29 18:12:20.169213,0.04,-0.10,1.14,54.93,0.00,-21.00,-14.26,-11.57,-121.40,1
d,2022-10-29 18:12:20.187579,0.05,-0.29,1.14,66.65,13.85,-13.37,-14.26,-11.57,-121.40,1
d,2022-10-29 18:12:20.205413,0.08,-0.32,1.15,49.32,23.01,-11.66,-14.26,-11.57,-121.40,1
d,2022-10-29 18:12:20.224732,0.08,-0.37,1.13,-2.32,47.30,-24.29,-13.61,-11.60,-119.91,1
d,2022-10-29 18:12:20.243355,0.15,-0.35,1.12,-33.39,76.72,-22.40,-13.61,-11.60,-119.91,1
d,2022-10-29 18:12:20.262288,0.16,-0.32,1.06,-32.17,58.90,-13.92,-13.01,-12.59,-121.79,1
d,2022-10-29 18:12:20.281245,0.09,-0.18,0.99,-45.53,59.94,-6.04,-13.01,-12.59,-121.79,1
d,2022-10-29 18:12:20.299894,0.26,-0.24,1.15,-36.07,54.87,-6.96,-13.01,-12.59,-121.79,1
d,2022-10-29 18:12:20.318928,0.19,-0.24,1.02,-60.73,66.22,-3.91,-12.94,-13.21,-123.13,1
d,2022-10-29 18:12:20.336518,0.11,-0.23,0.89,-53.22,68.30,-0.92,-12.94,-13.21,-123.13,1
d,2022-10-29 18:12:20.354859,0.16,-0.23,0.97,-52.12,60.97,-1.71,-12.94,-13.21,-123.13,1
d,2022-10-29 18:12:20.373843,0.14,-0.16,0.82,-54.81,57.68,1.34,-13.05,-13.32,-123.65,1
d,2022-10-29 18:12:20.391957,0.21,-0.13,0.83,-42.79,36.80,10.13,-13.05,-13.32,-123.65,1
d,2022-10-29 18:12:20.410142,0.06,-0.05,0.68,-30.15,17.21,10.86,-12.34,-11.44,-125.34,1
d,2022-10-29 18:12:20.428078,0.07,0.02,0.65,-9.03,4.82,9.46,-12.34,-11.44,-125.34,1
d,2022-10-29 18:12:20.446573,0.09,0.03,0.73,9.83,-9.64,-1.22,-12.34,-11.44,-125.34,1
d,2022-10-29 18:12:20.466852,0.19,-0.02,0.83,24.05,-7.45,-8.97,-12.49,-10.60,-124.48,1
d,2022-10-29 18:12:20.486078,0.10,-0.03,0.61,17.76,5.86,2.99,-12.49,-10.60,-124.48,1
d,2022-10-29 18:12:20.504133,0.02,-0.01,0.60,39.86,-25.21,17.46,-12.49,-10.60,-124.48,1
d,2022-10-29 18:12:20.523181,0.02,-0.06,0.64,54.69,-57.62,1.59,-12.66,-10.14,-123.06,1
d,2022-10-29 18:12:20.541939,0.09,-0.05,0.78,55.30,-68.60,-6.29,-12.66,-10.14,-123.06,1
d,2022-10-29 18:12:20.562357,0.09,-0.05,0.82,47.85,-72.51,-12.63,-14.69,-11.35,-121.47,1
d,2022-10-29 18:12:20.579790,0.09,-0.06,0.84,53.89,-73.85,-15.56,-14.69,-11.35,-121.47,1
d,2022-10-29 18:12:20.597586,0.01,-0.11,1.03,56.34,-83.50,-28.44,-14.69,-11.35,-121.47,1
d,2022-10-29 18:12:20.618003,-0.02,-0.18,1.30,41.93,-62.68,-23.50,-14.53,-12.41,-120.81,1
d,2022-10-29 18:12:20.636709,0.06,-0.23,1.21,23.74,-42.66,-23.13,-14.53,-12.41,-120.81,1
d,2022-10-29 18:12:20.655394,0.07,-0.22,1.12,-3.05,-22.83,-27.40,-14.53,-12.41,-120.81,1
d,2022-10-29 18:12:20.675611,-0.16,-0.24,1.33,-61.46,15.93,-34.91,-13.64,-13.06,-120.58,1
d,2022-10-29 18:12:20.693704,-0.11,-0.17,1.31,-39.31,42.30,-16.54,-13.64,-13.06,-120.58,1
d,2022-10-29 18:12:20.713697,0.07,-0.08,1.17,3.23,55.85,12.02,-13.70,-13.64,-122.39,1
d,2022-10-29 18:12:20.731941,0.18,-0.06,0.96,18.98,44.31,-3.05,-13.70,-13.64,-122.39,1
d,2022-10-29 18:12:20.750103,0.17,-0.15,0.94,15.44,28.38,-17.40,-13.70,-13.64,-122.39,1
d,2022-10-29 18:12:20.768430,0.22,-0.17,0.91,17.21,15.99,-20.51,-13.87,-12.74,-123.24,1
