r,2022-10-14 16:44:18.461914,0.36,-0.86,-0.10,-15.01,5.55,-11.41,-45.81,39.71,80.86,1
r,2022-10-14 16:44:18.480690,0.43,-0.87,-0.15,-7.57,4.88,-6.59,-45.81,39.71,80.86,1
r,2022-10-14 16:44:18.499853,0.50,-0.95,-0.20,-6.16,11.17,-5.25,-47.30,40.15,80.37,1
r,2022-10-14 16:44:18.519880,0.46,-0.94,-0.14,-14.34,15.75,-14.89,-47.30,40.15,80.37,1
r,2022-10-14 16:44:18.535866,0.44,-0.91,-0.20,-15.99,18.07,-15.99,-47.30,40.15,80.37,1
r,2022-10-14 16:44:18.555864,0.48,-0.90,-0.19,-18.80,26.67,-12.08,-47.61,39.77,81.20,1
r,2022-10-14 16:44:18.573835,0.43,-1.05,0.03,-16.17,9.09,3.60,-47.61,39.77,81.20,1
r,2022-10-14 16:44:18.592985,0.29,-0.90,-0.08,11.72,-3.54,-0.31,-48.08,39.81,80.93,1
r,2022-10-14 16:44:18.613880,0.38,-0.88,-0.14,15.63,-6.53,-1.34,-48.08,39.81,80.93,1
r,2022-10-14 16:44:18.631141,0.38,-0.93,-0.19,-4.82,-9.22,2.38,-48.08,39.81,80.93,1
r,2022-10-14 16:44:18.648125,0.00,-1.12,-0.29,20.32,2.56,-30.21,-47.86,39.07,79.71,1
r,2022-10-14 16:44:18.666894,0.35,-0.71,-0.12,40.28,11.54,-78.00,-47.86,39.07,79.71,1
r,2022-10-14 16:44:18.685332,0.33,-0.92,-0.14,38.21,8.30,-77.39,-47.86,39.07,79.71,1
r,2022-10-14 16:44:18.705836,0.31,-0.96,-0.26,32.90,8.36,-77.21,-47.16,37.63,79.59,1
r,2022-10-14 16:44:18.723620,0.41,-0.96,-0.22,10.07,11.47,-76.78,-47.16,37.63,79.59,1
r,2022-10-14 16:44:18.742826,0.38,-0.98,-0.18,-0.92,6.77,-56.52,-46.69,36.45,78.14,1
r,2022-10-14 16:44:18.761686,0.34,-1.07,-0.08,7.14,3.30,-36.13,-46.69,36.45,78.14,1
r,2022-10-14 16:44:18.779352,0.36,-1.09,-0.14,24.84,-1.83,-21.61,-46.69,36.45,78.14,1
r,2022-10-14 16:44:18.800448,0.25,-1.03,-0.28,46.57,-11.90,-11.41,-46.26,34.92,78.02,1
r,2022-10-14 16:44:18.817424,0.21,-0.83,-0.31,73.73,-4.76,-10.44,-46.26,34.92,78.02,1
r,2022-10-14 16:44:18.835835,0.34,-0.89,-0.19,9.70,-0.37,45.23,-46.26,34.92,78.02,1
r,2022-10-14 16:44:18.855873,0.40,-1.15,-0.27,-0.85,-0.12,90.64,-46.64,33.63,78.48,1
r,2022-10-14 16:44:18.875732,0.29,-1.09,-0.18,-5.13,-2.62,94.42,-46.64,33.63,78.48,1
r,2022-10-14 16:44:18.894028,0.24,-0.91,-0.25,-0.37,1.89,89.78,-48.49,34.34,79.27,1
r,2022-10-14 16:44:18.912139,0.22,-0.89,-0.34,17.94,11.66,81.54,-48.49,34.34,79.27,1
r,2022-10-14 16:44:18.930425,0.31,-0.88,-0.31,26.31,24.66,79.71,-48.49,34.34,79.27,1
r,2022-10-14 16:44:18.949164,0.30,-0.88,-0.24,42.97,27.65,70.98,-50.00,34.94,79.37,1
r,2022-10-14 16:44:18.967089,0.29,-0.95,-0.46,50.66,14.04,22.89,-50.00,34.94,79.37,1
r,2022-10-14 16:44:18.986457,0.35,-0.78,-0.35,34.48,19.04,17.21,-50.00,34.94,79.37,1
r,2022-10-14 16:44:19.004426,0.35,-0.81,-0.37,22.77,19.41,15.14,-51.31,33.81,79.16,1
r,2022-10-14 16:44:19.022184,0.30,-0.92,-0.38,18.92,28.81,17.46,-51.31,33.81,79.16,1
r,2022-10-14 16:44:19.040188,0.37,-0.89,-0.33,26.73,35.71,10.13,-51.31,33.81,79.16,1
r,2022-10-14 16:44:19.062194,0.47,-0.89,-0.28,30.21,23.13,-3.91,-51.65,33.12,78.14,1
r,2022-10-14 16:44:19.079198,0.37,-0.83,-0.48,22.83,7.02,-15.93,-51.65,33.12,78.14,1
r,2022-10-14 16:44:19.098202,0.32,-0.81,-0.50,15.63,9.46,-26.18,-52.01,32.36,78.38,1
r,2022-10-14 16:44:19.116205,0.40,-0.75,-0.51,8.36,14.22,-31.07,-52.01,32.36,78.38,1
r,2022-10-14 16:44:19.135210,0.39,-0.77,-0.50,1.59,10.13,-37.54,-52.01,32.36,78.38,1
r,2022-10-14 16:44:19.154214,0.33,-0.89,-0.41,-11.78,7.81,-34.18,-51.38,31.86,77.06,1
r,2022-10-14 16:44:19.173226,0.47,-0.82,-0.45,-14.16,7.69,-38.64,-51.38,31.86,77.06,1
r,2022-10-14 16:44:19.190973,0.42,-0.89,-0.40,-20.81,4.03,-21.67,-51.38,31.86,77.06,1
r,2022-10-14 16:44:19.210651,0.34,-1.10,-0.26,-15.08,12.08,10.44,-51.05,32.13,75.98,1
r,2022-10-14 16:44:19.228424,0.35,-1.01,-0.25,9.83,7.14,0.06,-51.05,32.13,75.98,1
r,2022-10-14 16:44:19.247982,0.33,-0.92,-0.30,26.55,-1.10,-8.30,-50.74,31.37,76.23,1
r,2022-10-14 16:44:19.267860,0.82,-0.68,-0.24,12.33,-19.35,8.67,-50.74,31.37,76.23,1
r,2022-10-14 16:44:19.285858,0.31,-0.87,-0.54,10.56,-19.47,29.66,-50.74,31.37,76.23,1
r,2022-10-14 16:44:19.305229,0.32,-0.87,-0.48,12.45,-8.48,24.84,-51.54,30.59,77.16,1
r,2022-10-14 16:44:19.324379,0.27,-0.94,-0.38,13.43,-4.76,16.72,-51.54,30.59,77.16,1
r,2022-10-14 16:44:19.344908,0.34,-0.78,-0.40,16.78,-2.62,-4.70,-51.48,30.65,77.14,1
r,2022-10-14 16:44:19.362822,0.35,-0.84,-0.39,-0.06,-3.72,-0.67,-51.48,30.65,77.14,1
r,2022-10-14 16:44:19.381424,0.36,-0.91,-0.40,-8.12,-5.62,-0.06,-51.48,30.65,77.14,1
r,2022-10-14 16:44:19.402010,0.09,-0.98,-0.49,-12.57,2.32,-11.47,-51.23,30.51,76.88,1
r,2022-10-14 16:44:19.421450,-0.24,-0.76,0.12,-3.30,-11.35,-2.01,-51.23,30.51,76.88,1
r,2022-10-14 16:44:19.439824,0.12,-0.91,-0.16,42.30,-75.38,38.02,-51.23,30.51,76.88,1
r,2022-10-14 16:44:19.459656,0.42,-0.94,-0.08,71.17,-88.93,60.42,-49.16,31.67,77.95,1
r,2022-10-14 16:44:19.477807,0.37,-0.91,-0.38,86.55,-103.27,69.03,-49.16,31.67,77.95,1
r,2022-10-14 16:44:19.496251,0.54,-0.90,-0.77,85.21,-78.67,82.52,-47.62,30.99,78.83,1
r,2022-10-14 16:44:19.515449,0.50,-0.79,-0.76,41.02,-4.39,77.09,-47.62,30.99,78.83,1
r,2022-10-14 16:44:19.532424,0.76,-0.78,-0.25,-26.61,34.12,70.56,-47.62,30.99,78.83,1
r,2022-10-14 16:44:19.551425,0.87,-0.81,-0.22,-44.86,47.67,52.61,-50.16,34.74,77.15,1
r,2022-10-14 16:44:19.569425,1.01,-0.78,-0.27,-51.03,47.49,20.57,-50.16,34.74,77.15,1
r,2022-10-14 16:44:19.587425,0.96,-0.67,-0.35,-56.52,44.31,-16.78,-50.16,34.74,77.15,1
r,2022-10-14 16:44:19.607599,0.70,-0.62,-0.42,-59.81,36.68,-45.17,-54.27,38.70,79.24,1
r,2022-10-14 16:44:19.625115,0.01,-1.06,-0.72,-2.38,-6.59,-64.82,-54.27,38.70,79.24,1
r,2022-10-14 16:44:19.644420,0.05,-0.12,-0.84,38.70,-82.64,-57.80,-55.24,39.47,81.29,1
r,2022-10-14 16:44:19.663802,1.03,-0.21,-1.13,13.85,-86.79,-5.92,-55.24,39.47,81.29,1
r,2022-10-14 16:44:19.683173,0.96,-0.59,-0.87,-76.35,29.91,13.85,-55.24,39.47,81.29,1
r,2022-10-14 16:44:19.701578,0.50,-0.86,-0.17,-84.23,61.89,-0.67,-54.69,40.69,79.93,1
r,2022-10-14 16:44:19.719852,0.18,-1.00,-0.19,-61.16,43.15,-14.89,-54.69,40.69,79.93,1
r,2022-10-14 16:44:19.738252,0.11,-0.87,-0.13,-46.26,9.64,-14.59,-54.69,40.69,79.93,1
r,2022-10-14 16:44:19.760746,0.41,-0.83,-0.16,-18.13,1.34,-3.30,-55.58,42.11,79.91,1
r,2022-10-14 16:44:19.777880,0.39,-0.96,-0.18,-5.98,8.36,-4.64,-55.58,42.11,79.91,1
r,2022-10-14 16:44:19.797574,0.35,-0.94,-0.32,7.20,1.59,-5.49,-55.71,41.88,80.03,1
r,2022-10-14 16:44:19.815575,0.40,-0.83,-0.30,7.81,-4.27,0.61,-55.71,41.88,80.03,1
r,2022-10-14 16:44:19.833973,0.43,-0.83,-0.37,3.30,-6.90,-2.26,-55.71,41.88,80.03,1
r,2022-10-14 16:44:19.854786,0.46,-0.83,-0.40,4.33,-6.65,-2.99,-55.60,41.72,81.85,1
r,2022-10-14 16:44:19.873039,0.51,-0.85,-0.42,0.12,-2.38,-1.34,-55.60,41.72,81.85,1
