h,2022-10-31 11:38:28.346547,0.48,0.64,0.55,-21.00,-15.26,-2.99,-13.65,-3.76,-23.54,1
h,2022-10-31 11:38:28.364183,0.51,0.49,0.63,17.70,-7.45,13.61,-13.65,-3.76,-23.54,1
h,2022-10-31 11:38:28.382296,0.52,0.45,0.61,18.62,-5.62,19.90,-13.65,-3.76,-23.54,1
h,2022-10-31 11:38:28.401364,0.49,0.43,0.60,12.70,-1.89,22.09,-14.45,-5.32,-21.92,1
h,2022-10-31 11:38:28.419189,0.45,0.44,0.68,1.34,4.33,11.11,-14.45,-5.32,-21.92,1
h,2022-10-31 11:38:28.438258,0.40,0.49,0.70,-0.37,12.70,9.09,-14.90,-5.58,-21.61,1
h,2022-10-31 11:38:28.456393,0.41,0.47,0.74,-2.99,19.10,17.94,-14.90,-5.58,-21.61,1
h,2022-10-31 11:38:28.474200,0.42,0.50,0.72,-8.54,20.57,20.45,-14.90,-5.58,-21.61,1
h,2022-10-31 11:38:28.493129,0.45,0.54,0.69,-16.36,14.71,17.70,-16.44,-6.01,-20.23,1
h,2022-10-31 11:38:28.511159,0.47,0.63,0.57,-22.09,8.30,15.50,-16.44,-6.01,-20.23,1
h,2022-10-31 11:38:28.529171,0.46,0.72,0.53,-18.43,6.65,10.38,-16.44,-6.01,-20.23,1
h,2022-10-31 11:38:28.548228,0.48,0.69,0.52,-8.12,11.17,7.20,-17.81,-6.52,-20.48,1
h,2022-10-31 11:38:28.566409,0.50,0.65,0.54,-6.84,13.49,3.78,-17.81,-6.52,-20.48,1
h,2022-10-31 11:38:28.584177,0.54,0.60,0.52,-11.23,12.08,1.28,-17.81,-6.52,-20.48,1
h,2022-10-31 11:38:28.603290,0.53,0.57,0.53,-25.63,-0.73,6.47,-19.29,-7.04,-20.54,1
h,2022-10-31 11:38:28.621458,0.48,0.58,0.47,-34.73,-11.96,8.30,-19.29,-7.04,-20.54,1
h,2022-10-31 11:38:28.640299,0.35,0.96,0.43,22.64,-6.59,-4.33,-20.29,-7.09,-20.61,1
h,2022-10-31 11:38:28.658121,0.45,0.51,0.42,32.17,6.84,5.86,-20.29,-7.09,-20.61,1
h,2022-10-31 11:38:28.676407,0.49,0.33,0.51,-4.58,10.56,0.00,-20.29,-7.09,-20.61,1
h,2022-10-31 11:38:28.695395,-0.00,0.65,0.67,-46.94,-0.61,-3.11,-20.18,-7.34,-21.34,1
h,2022-10-31 11:38:28.713463,0.24,0.65,0.54,10.01,-16.30,21.18,-20.18,-7.34,-21.34,1
h,2022-10-31 11:38:28.731187,0.35,0.49,0.41,32.65,-28.14,30.15,-20.18,-7.34,-21.34,1
h,2022-10-31 11:38:28.750195,0.37,0.47,0.45,26.92,-29.17,24.54,-19.24,-6.16,-20.39,1
h,2022-10-31 11:38:28.768374,0.32,0.48,0.47,17.09,-29.42,21.48,-19.24,-6.16,-20.39,1
h,2022-10-31 11:38:28.786122,0.41,0.53,0.54,14.10,-13.79,23.25,-19.24,-6.16,-20.39,1
h,2022-10-31 11:38:28.805203,0.38,0.68,0.63,21.97,-7.63,33.14,-17.94,-4.06,-19.95,1
h,2022-10-31 11:38:28.823297,0.52,0.71,0.67,25.94,-2.20,32.04,-17.94,-4.06,-19.95,1
h,2022-10-31 11:38:28.842318,0.55,0.74,0.70,16.36,-2.14,17.58,-17.93,-2.27,-19.49,1
h,2022-10-31 11:38:28.860294,0.57,0.83,0.73,-13.79,-3.78,3.30,-17.93,-2.27,-19.49,1
h,2022-10-31 11:38:28.878389,0.68,0.85,0.68,-35.71,1.34,-4.58,-17.93,-2.27,-19.49,1
h,2022-10-31 11:38:28.897462,0.46,1.11,0.81,-23.25,-0.49,5.37,-17.96,-2.56,-19.35,1
h,2022-10-31 11:38:28.915164,0.63,0.58,0.63,-15.87,16.48,1.71,-17.96,-2.56,-19.35,1
h,2022-10-31 11:38:28.933285,0.57,0.83,0.53,-26.61,20.75,-15.75,-17.96,-2.56,-19.35,1
h,2022-10-31 11:38:28.952302,0.50,0.74,0.65,-14.04,18.19,-19.59,-17.49,-4.26,-19.78,1
h,2022-10-31 11:38:28.970282,0.35,0.85,0.58,-8.85,3.66,-13.61,-17.49,-4.26,-19.78,1
h,2022-10-31 11:38:28.988370,0.51,0.70,0.50,-10.19,-2.99,-8.61,-17.49,-4.26,-19.78,1
h,2022-10-31 11:38:29.007194,0.31,0.70,0.46,-19.17,-9.77,-17.21,-18.04,-5.20,-17.49,1
h,2022-10-31 11:38:29.025375,0.40,0.64,0.41,2.81,-12.08,-9.83,-18.04,-5.20,-17.49,1
h,2022-10-31 11:38:29.044288,0.28,0.61,0.35,27.47,-15.44,-4.82,-17.75,-5.80,-16.99,1
h,2022-10-31 11:38:29.062275,0.29,0.48,0.37,38.88,-7.26,-1.89,-17.75,-5.80,-16.99,1
h,2022-10-31 11:38:29.080007,0.31,0.42,0.46,30.94,2.81,1.46,-17.75,-5.80,-16.99,1
h,2022-10-31 11:38:29.098912,0.34,0.32,0.59,24.90,11.54,5.13,-15.92,-6.08,-15.53,1
h,2022-10-31 11:38:29.117176,0.31,0.40,0.67,19.96,4.21,-4.15,-15.92,-6.08,-15.53,1
h,2022-10-31 11:38:29.135472,0.30,0.46,0.71,24.29,-9.22,-5.62,-15.92,-6.08,-15.53,1
h,2022-10-31 11:38:29.154262,0.33,0.52,0.72,24.17,-19.35,-1.83,-14.40,-5.77,-16.89,1
h,2022-10-31 11:38:29.172177,0.41,0.56,0.64,20.57,-21.55,11.17,-14.40,-5.77,-16.89,1
h,2022-10-31 11:38:29.190180,0.45,0.59,0.62,10.68,-10.74,21.24,-14.40,-5.77,-16.89,1
h,2022-10-31 11:38:29.209163,0.45,0.66,0.68,6.71,-5.19,26.43,-13.79,-5.00,-17.08,1
h,2022-10-31 11:38:29.227168,0.45,0.67,0.67,0.61,-7.02,25.63,-13.79,-5.00,-17.08,1
h,2022-10-31 11:38:29.246068,0.43,0.78,0.66,-5.62,-11.47,24.23,-13.55,-4.68,-16.75,1
h,2022-10-31 11:38:29.264017,0.46,0.80,0.62,7.51,-13.31,28.08,-13.55,-4.68,-16.75,1
h,2022-10-31 11:38:29.282189,0.33,0.84,0.54,4.82,-6.29,20.57,-13.55,-4.68,-16.75,1
h,2022-10-31 11:38:29.301009,0.29,0.80,0.59,15.93,21.73,-2.38,-12.45,-3.19,-16.91,1
h,2022-10-31 11:38:29.319195,0.32,0.82,0.68,25.02,48.10,-26.73,-12.45,-3.19,-16.91,1
h,2022-10-31 11:38:29.337366,0.49,0.68,0.78,29.48,55.42,-40.04,-12.45,-3.19,-16.91,1
h,2022-10-31 11:38:29.356318,0.46,0.72,0.74,-1.22,35.16,-48.28,-9.80,-2.62,-18.18,1
