T,2022-11-08 14:33:26.007386,0.04,-0.33,1.01,-5.86,12.88,-13.92,-18.49,-170.42,-228.30,1
T,2022-11-08 14:33:26.024848,0.12,-0.29,0.91,-11.96,13.31,-12.51,-16.25,-168.87,-227.49,1
T,2022-11-08 14:33:26.049246,0.12,-0.27,0.90,-17.64,13.18,-15.01,-16.25,-168.87,-227.49,1
T,2022-11-08 14:33:26.067717,0.10,-0.30,0.90,-30.64,14.65,-14.83,-16.25,-168.87,-227.49,1
T,2022-11-08 14:33:26.084294,0.02,-0.27,0.94,-32.47,11.96,-9.77,-13.84,-170.46,-225.50,1
T,2022-11-08 14:33:26.109118,-0.05,-0.27,0.96,-21.48,17.76,-1.22,-13.84,-170.46,-225.50,1
T,2022-11-08 14:33:26.132630,0.01,-0.39,0.88,-23.80,16.24,-3.17,-13.29,-171.61,-225.52,1
T,2022-11-08 14:33:26.148771,0.01,-0.43,0.85,-31.74,6.23,3.11,-13.29,-171.61,-225.52,1
T,2022-11-08 14:33:26.173909,0.03,-0.39,0.86,-26.25,-7.69,22.83,-15.49,-174.74,-225.71,1
T,2022-11-08 14:33:26.191012,0.04,-0.19,0.86,-34.36,-6.53,21.97,-15.49,-174.74,-225.71,1
T,2022-11-08 14:33:26.215641,-0.66,0.53,1.21,-52.61,-1.04,-26.61,-15.49,-174.74,-225.71,1
T,2022-11-08 14:33:26.232242,0.02,0.22,1.02,-7.26,15.75,-21.79,-18.68,-177.50,-223.83,1
T,2022-11-08 14:33:26.257716,0.05,0.12,1.03,75.50,6.29,37.17,-18.68,-177.50,-223.83,1
T,2022-11-08 14:33:26.274297,0.07,0.48,1.07,79.77,-10.13,16.48,-16.19,-175.52,-226.34,1
T,2022-11-08 14:33:26.299322,0.05,0.13,1.03,2.44,10.86,-95.95,-16.19,-175.52,-226.34,1
T,2022-11-08 14:33:26.316088,0.02,-0.09,0.94,-0.31,18.43,-84.78,-16.19,-175.52,-226.34,1
T,2022-11-08 14:33:26.340481,0.02,-0.45,0.90,19.35,9.52,-51.70,-7.10,-170.26,-223.44,1
T,2022-11-08 14:33:26.356802,-0.07,-0.87,0.91,25.39,2.32,-31.01,-7.10,-170.26,-223.44,1
T,2022-11-08 14:33:26.382136,-0.04,-0.90,0.84,17.82,-10.19,17.40,-3.36,-164.54,-222.99,1
T,2022-11-08 14:33:26.400752,-0.07,-0.60,0.97,-47.24,-6.90,-15.08,-3.36,-164.54,-222.99,1
T,2022-11-08 14:33:26.423994,0.02,-0.65,0.77,-2.56,11.29,51.82,-4.87,-167.46,-223.47,1
T,2022-11-08 14:33:26.441151,0.04,-0.22,0.89,-44.25,-3.97,26.55,-4.87,-167.46,-223.47,1
T,2022-11-08 14:33:26.465575,0.07,0.10,0.96,-45.10,0.85,15.14,-4.87,-167.46,-223.47,1
T,2022-11-08 14:33:26.482325,0.08,0.31,0.99,-35.46,0.92,-13.67,-8.70,-172.96,-222.03,1
T,2022-11-08 14:33:26.507312,0.04,0.23,1.02,-18.07,9.28,-20.51,-8.70,-172.96,-222.03,1
T,2022-11-08 14:33:26.524792,0.03,-0.14,0.83,35.89,2.44,10.62,-8.91,-173.73,-224.73,1
T,2022-11-08 14:33:26.549413,0.01,-0.18,0.69,17.76,-21.42,-8.73,-8.91,-173.73,-224.73,1
T,2022-11-08 14:33:26.573654,-0.02,-0.11,0.65,-3.11,-49.26,-30.58,-8.91,-173.73,-224.73,1
T,2022-11-08 14:33:26.590870,-0.04,-0.11,0.57,6.10,-61.52,-26.98,-8.41,-174.21,-220.91,1
T,2022-11-08 14:33:26.607259,-0.06,-0.06,0.82,18.68,-74.10,-16.66,-8.41,-174.21,-220.91,1
T,2022-11-08 14:33:26.632843,-0.09,-0.12,1.11,26.25,-70.07,10.50,-7.50,-175.15,-214.64,1
T,2022-11-08 14:33:26.649361,-0.14,-0.19,1.51,21.36,-40.59,21.12,-7.50,-175.15,-214.64,1
T,2022-11-08 14:33:26.673988,-0.50,-0.21,1.54,24.35,-9.46,37.84,-6.10,-174.87,-212.26,1
T,2022-11-08 14:33:26.698597,-0.66,-0.44,1.95,63.48,26.49,11.54,-6.10,-174.87,-212.26,1
T,2022-11-08 14:33:26.715455,-0.28,-0.70,1.62,36.07,71.66,-10.80,-6.10,-174.87,-212.26,1
T,2022-11-08 14:33:26.732208,-0.01,-0.62,1.12,15.32,87.83,-1.40,-8.73,-166.93,-220.59,1
T,2022-11-08 14:33:26.757028,-0.00,-0.65,0.86,21.36,69.76,7.93,-8.73,-166.93,-220.59,1
T,2022-11-08 14:33:26.773623,-0.04,-0.82,0.54,40.89,52.49,25.45,-9.67,-161.49,-228.38,1
T,2022-11-08 14:33:26.798506,-0.02,-0.88,0.42,30.21,34.97,36.07,-9.67,-161.49,-228.38,1
T,2022-11-08 14:33:26.815233,-0.03,-0.83,0.39,-2.56,11.29,44.19,-9.67,-161.49,-228.38,1
T,2022-11-08 14:33:26.839789,-0.04,-0.75,0.39,-3.85,-1.04,56.27,-16.64,-158.63,-234.84,1
T,2022-11-08 14:33:26.856692,0.06,-0.61,0.33,7.81,-17.03,73.91,-16.64,-158.63,-234.84,1
T,2022-11-08 14:33:26.881764,0.12,-0.49,0.35,12.15,-37.72,83.68,-26.67,-154.16,-240.23,1
T,2022-11-08 14:33:26.897967,0.22,-0.43,0.44,22.40,-50.11,87.59,-26.67,-154.16,-240.23,1
T,2022-11-08 14:33:26.923614,0.36,-0.35,0.34,-11.05,-70.68,92.35,-41.55,-148.25,-242.10,1
T,2022-11-08 14:33:26.940392,0.26,0.18,0.52,-68.60,-84.11,82.52,-41.55,-148.25,-242.10,1
