J,2022-10-17 15:22:10.017803,0.47,1.01,-0.08,-16.91,-13.49,-1.10,54.22,-2.54,-11.57,1
J,2022-10-17 15:22:10.033633,0.53,1.05,-0.09,-17.27,-7.63,-6.41,54.22,-2.54,-11.57,1
J,2022-10-17 15:22:10.049285,0.50,1.12,-0.14,-25.94,0.55,-10.68,54.25,-3.82,-10.01,1
J,2022-10-17 15:22:10.080633,0.42,1.20,-0.17,-4.70,37.05,-4.27,54.25,-3.82,-10.01,1
J,2022-10-17 15:22:10.101119,0.44,1.06,-0.10,19.10,60.24,4.15,54.15,-3.38,-10.00,1
J,2022-10-17 15:22:10.112229,0.41,1.02,-0.06,26.31,51.88,10.50,54.15,-3.38,-10.00,1
J,2022-10-17 15:22:10.145349,0.36,0.90,-0.08,15.50,39.86,10.56,53.25,-3.27,-10.02,1
J,2022-10-17 15:22:10.159656,0.26,0.99,-0.38,9.03,-2.14,-40.95,53.25,-3.27,-10.02,1
J,2022-10-17 15:22:10.175389,0.43,1.17,-0.36,5.00,-15.38,-47.91,53.25,-3.27,-10.02,1
J,2022-10-17 15:22:10.207161,0.46,1.09,-0.36,20.87,-6.10,-30.70,54.76,-2.81,-9.44,1
J,2022-10-17 15:22:10.223288,0.61,0.87,-0.15,41.50,2.62,-16.72,54.76,-2.81,-9.44,1
J,2022-10-17 15:22:10.254452,0.62,0.77,-0.04,20.81,-5.13,-7.45,55.03,-1.43,-11.95,1
J,2022-10-17 15:22:10.270159,0.53,0.76,-0.04,2.69,-10.62,-14.83,55.03,-1.43,-11.95,1
J,2022-10-17 15:22:10.301320,0.44,0.77,-0.02,-10.93,-7.08,-21.97,55.75,-0.18,-12.66,1
J,2022-10-17 15:22:10.316971,0.45,0.82,0.00,-30.09,-2.93,-5.74,55.75,-0.18,-12.66,1
J,2022-10-17 15:22:10.348870,0.45,0.76,-0.03,-30.82,5.37,9.95,56.12,1.33,-11.65,1
J,2022-10-17 15:22:10.365087,0.47,0.72,0.00,-35.77,22.71,21.73,56.12,1.33,-11.65,1
J,2022-10-17 15:22:10.380713,0.40,0.70,0.01,-49.80,14.89,34.30,56.12,1.33,-11.65,1
J,2022-10-17 15:22:10.412539,0.16,1.05,0.00,-33.51,26.37,-39.43,56.82,2.50,-11.02,1
J,2022-10-17 15:22:10.428892,0.42,0.74,-0.25,-6.47,2.75,8.30,56.82,2.50,-11.02,1
J,2022-10-17 15:22:10.444995,0.25,1.00,-0.27,-25.39,2.26,9.09,57.19,2.37,-11.74,1
J,2022-10-17 15:22:10.478447,0.40,0.87,-0.52,24.96,-29.72,24.11,57.19,2.37,-11.74,1
J,2022-10-17 15:22:10.494019,0.42,0.74,-0.51,38.33,-57.01,10.99,56.13,2.54,-13.24,1
J,2022-10-17 15:22:10.509771,0.37,0.87,-0.42,31.98,-52.98,1.28,56.13,2.54,-13.24,1
J,2022-10-17 15:22:10.541047,0.32,0.96,-0.17,39.98,-46.02,3.91,56.13,2.54,-13.24,1
J,2022-10-17 15:22:10.556700,0.04,0.88,-0.14,62.93,-21.42,-18.80,54.87,2.73,-15.31,1
J,2022-10-17 15:22:10.572376,0.32,0.98,0.18,52.49,-10.19,-50.66,54.87,2.73,-15.31,1
J,2022-10-17 15:22:10.606558,0.42,0.98,0.16,21.42,-40.83,-34.61,53.58,1.95,-18.49,1
J,2022-10-17 15:22:10.624785,0.53,0.94,0.01,21.85,-35.40,-27.40,53.58,1.95,-18.49,1
J,2022-10-17 15:22:10.635845,0.64,0.85,0.08,38.09,-13.37,-4.21,51.31,1.60,-19.58,1
J,2022-10-17 15:22:10.667242,0.72,0.76,0.16,38.57,0.24,14.89,51.31,1.60,-19.58,1
J,2022-10-17 15:22:10.684972,0.67,0.74,0.25,23.13,9.70,36.68,51.31,1.60,-19.58,1
J,2022-10-17 15:22:10.707948,0.51,0.76,0.28,15.63,15.20,36.13,49.68,1.81,-21.34,1
J,2022-10-17 15:22:10.714904,0.46,0.83,0.27,3.78,26.37,34.00,49.68,1.81,-21.34,1
J,2022-10-17 15:22:10.746272,0.44,0.82,0.28,-13.49,42.30,33.33,48.93,2.29,-21.25,1
J,2022-10-17 15:22:10.761895,0.47,0.89,0.19,-25.15,27.16,38.15,48.93,2.29,-21.25,1
J,2022-10-17 15:22:10.777546,0.38,0.87,0.05,-21.55,2.50,33.02,48.93,2.29,-21.25,1
J,2022-10-17 15:22:10.809255,0.42,0.87,-0.05,-19.96,-7.45,25.76,49.19,2.47,-21.18,1
J,2022-10-17 15:22:10.825009,0.39,0.88,-0.08,-18.49,-7.75,28.75,49.19,2.47,-21.18,1
J,2022-10-17 15:22:10.840622,-0.03,0.94,-0.41,22.71,-3.72,17.94,49.18,2.84,-21.57,1
J,2022-10-17 15:22:10.871801,0.36,0.96,0.11,30.33,11.60,-2.32,49.18,2.84,-21.57,1
J,2022-10-17 15:22:10.887391,0.39,0.80,0.15,-11.84,1.46,-16.72,49.18,2.84,-21.57,1
J,2022-10-17 15:22:10.907185,0.06,1.05,0.20,-18.07,-16.11,-5.86,49.39,2.48,-20.40,1
J,2022-10-17 15:22:10.919299,0.26,0.75,0.07,1.16,-17.27,11.60,49.39,2.48,-20.40,1
J,2022-10-17 15:22:10.951804,0.27,0.73,0.02,-5.37,-14.28,12.82,49.44,2.20,-20.78,1
J,2022-10-17 15:22:10.968510,0.22,0.82,-0.04,-14.89,-9.22,17.03,49.44,2.20,-20.78,1
J,2022-10-17 15:22:10.984284,0.30,0.78,-0.04,-0.31,-2.62,18.13,49.44,2.20,-20.78,1
J,2022-10-17 15:22:11.007360,0.31,0.75,0.02,7.51,5.80,11.78,49.69,1.09,-18.59,1
J,2022-10-17 15:22:11.032510,0.34,0.89,0.12,-1.89,-2.38,5.80,49.69,1.09,-18.59,1
J,2022-10-17 15:22:11.048379,0.38,0.87,0.10,-17.15,-20.45,10.74,50.59,-1.06,-17.55,1
J,2022-10-17 15:22:11.063988,0.35,1.12,-0.04,-31.19,-23.44,12.08,50.59,-1.06,-17.55,1
J,2022-10-17 15:22:11.095283,0.46,1.08,-0.03,-16.36,-8.73,22.34,49.78,-2.50,-16.92,1
J,2022-10-17 15:22:11.111038,0.51,1.02,-0.04,-2.99,10.74,15.20,49.78,-2.50,-16.92,1
J,2022-10-17 15:22:11.142648,0.43,1.18,-0.17,-8.30,12.94,0.92,49.78,-2.50,-16.92,1
J,2022-10-17 15:22:11.167410,0.48,1.08,-0.15,20.69,44.31,-4.64,49.44,-2.81,-15.54,1
J,2022-10-17 15:22:11.187827,0.46,0.94,-0.03,32.84,67.87,-20.14,49.44,-2.81,-15.54,1
J,2022-10-17 15:22:11.209909,0.36,1.02,0.03,8.97,49.93,-30.15,50.05,-2.37,-16.52,1
J,2022-10-17 15:22:11.230896,0.21,1.11,-0.19,-12.15,5.07,-45.04,50.05,-2.37,-16.52,1
J,2022-10-17 15:22:11.253184,0.25,1.20,-0.27,-7.69,-6.59,-52.25,51.60,-2.32,-15.69,1
J,2022-10-17 15:22:11.274180,0.41,1.16,-0.27,18.01,-6.59,-43.46,51.60,-2.32,-15.69,1
