M,2022-11-08 15:22:36.486927,0.06,-0.34,0.94,-45.96,-44.25,-33.51,-6.10,2.71,-51.87,1
M,2022-11-08 15:22:36.518061,0.11,-0.11,0.88,-46.57,-22.83,-44.19,-6.10,2.71,-51.87,1
M,2022-11-08 15:22:36.533794,-0.55,0.25,1.30,21.24,-6.84,-7.63,-6.10,2.71,-51.87,1
M,2022-11-08 15:22:36.549310,0.05,-0.23,0.68,36.38,11.23,10.50,-7.12,1.87,-49.29,1
M,2022-11-08 15:22:36.582019,0.17,-0.25,0.98,-2.38,63.17,19.10,-7.12,1.87,-49.29,1
M,2022-11-08 15:22:36.597157,0.21,-0.03,0.99,21.36,81.30,34.06,-4.94,1.65,-50.18,1
M,2022-11-08 15:22:36.612909,0.38,-0.07,0.92,37.72,99.24,58.29,-4.94,1.65,-50.18,1
M,2022-11-08 15:22:36.628539,0.22,-0.20,0.99,36.93,114.26,78.31,-4.94,1.65,-50.18,1
M,2022-11-08 15:22:36.659663,-0.19,-0.49,1.07,-11.90,92.65,62.68,-0.89,2.29,-51.07,1
M,2022-11-08 15:22:36.675381,0.14,-0.29,1.24,6.90,29.42,21.12,-0.89,2.29,-51.07,1
M,2022-11-08 15:22:36.691029,0.10,-0.33,0.71,33.87,-10.01,5.92,0.38,2.78,-49.85,1
M,2022-11-08 15:22:36.707674,0.10,-0.53,0.64,9.34,-15.14,3.11,0.38,2.78,-49.85,1
M,2022-11-08 15:22:36.738531,-0.06,-0.51,0.80,0.31,-16.60,-33.69,0.38,2.78,-49.85,1
M,2022-11-08 15:22:36.756051,0.07,-0.33,0.98,-11.84,-63.48,-70.86,-0.18,3.19,-49.50,1
M,2022-11-08 15:22:36.770171,0.31,-0.31,1.11,-4.21,-105.77,-87.16,-0.18,3.19,-49.50,1
M,2022-11-08 15:22:36.785921,0.32,-0.04,0.87,16.36,-122.92,-99.98,-3.17,3.45,-47.83,1
M,2022-11-08 15:22:36.818532,0.20,-0.02,0.95,42.48,-53.53,-64.70,-3.17,3.45,-47.83,1
M,2022-11-08 15:22:36.839265,0.18,-0.04,0.99,55.73,-20.94,-19.53,-3.17,3.45,-47.83,1
M,2022-11-08 15:22:36.849542,0.14,-0.42,0.98,55.18,-2.20,26.25,-2.83,5.31,-48.86,1
M,2022-11-08 15:22:36.864664,0.11,-0.64,0.62,26.49,26.79,23.01,-2.83,5.31,-48.86,1
M,2022-11-08 15:22:36.895921,0.26,-0.27,0.68,30.15,100.89,10.62,-2.83,5.31,-48.86,1
M,2022-11-08 15:22:36.911670,0.23,-0.18,0.86,37.11,155.58,31.37,-0.50,5.42,-48.49,1
M,2022-11-08 15:22:36.927288,0.15,-0.36,1.10,8.42,152.53,44.68,-0.50,5.42,-48.49,1
M,2022-11-08 15:22:36.958412,0.13,-0.68,1.17,-28.81,102.05,31.37,4.58,4.58,-49.11,1
M,2022-11-08 15:22:36.974039,0.18,-0.41,1.02,10.56,13.61,5.55,4.58,4.58,-49.11,1
M,2022-11-08 15:22:36.989790,0.20,-0.79,0.43,68.54,-25.33,17.21,4.58,4.58,-49.11,1
M,2022-11-08 15:22:37.005405,0.19,-0.62,0.39,5.92,-1.46,2.14,4.33,5.54,-48.74,1
M,2022-11-08 15:22:37.037505,-0.64,-1.04,1.70,-78.00,13.98,-18.92,4.33,5.54,-48.74,1
M,2022-11-08 15:22:37.053556,-0.02,-0.34,0.75,-54.75,-81.48,-84.47,3.97,3.83,-48.50,1
M,2022-11-08 15:22:37.068186,0.20,-0.56,1.07,-115.42,-133.24,-100.10,3.97,3.83,-48.50,1
M,2022-11-08 15:22:37.083916,0.19,-0.08,0.88,-46.39,-165.28,-116.03,3.97,3.83,-48.50,1
M,2022-11-08 15:22:37.115064,0.26,0.00,0.92,9.22,-156.31,-105.96,-0.73,2.20,-48.02,1
M,2022-11-08 15:22:37.130811,-0.03,-0.10,0.74,27.83,-87.10,-69.70,-0.73,2.20,-48.02,1
M,2022-11-08 15:22:37.147962,0.02,-0.09,0.90,20.94,-54.02,-44.07,-3.27,3.25,-48.35,1
M,2022-11-08 15:22:37.162587,-0.11,-0.10,0.62,30.82,-2.14,0.85,-3.27,3.25,-48.35,1
M,2022-11-08 15:22:37.193841,-0.14,-0.48,0.53,20.87,30.70,16.91,-3.27,3.25,-48.35,1
M,2022-11-08 15:22:37.209591,-0.40,-0.52,0.48,9.77,62.99,22.58,-2.92,2.76,-48.68,1
M,2022-11-08 15:22:37.225206,-0.19,-0.68,0.66,35.46,83.07,67.02,-2.92,2.76,-48.68,1
