S,2022-10-27 18:08:52.654037,-4.841322,7.685779,2.351226,0.047481,0.321382,0.362892,41.979976,19.958866,-207.855804,1
S,2022-10-27 18:08:52.749899,-2.073484,8.844633,2.154891,-0.108583,0.543093,1.022966,54.127376,16.722291,-192.305496,1
S,2022-10-27 18:08:52.845885,1.192373,10.716994,2.557138,-0.054120,0.485302,0.833346,76.814430,12.946291,-177.619094,1
S,2022-10-27 18:08:52.941869,0.991250,8.882942,2.830090,-0.001123,-0.068511,-0.005296,93.785057,8.091432,-165.697189,1
S,2022-10-27 18:08:53.037858,-0.799704,8.969137,2.887554,-0.221236,-0.367588,-0.092782,93.785057,8.091432,-165.697189,1
S,2022-10-27 18:08:53.133787,-1.465326,10.209397,4.281051,-0.042935,-0.248543,-0.278540,94.499610,8.451051,-171.917312,1
S,2022-10-27 18:08:53.229651,-1.383919,9.328286,3.251492,0.387838,0.119911,0.233993,91.641395,6.652955,-169.498367,1
S,2022-10-27 18:08:53.309839,-0.986461,7.537331,2.652911,-0.217641,0.774659,0.981553,84.674507,-1.438477,-164.487716,1
S,2022-10-27 18:08:53.405773,4.170912,9.352229,3.203605,-0.351866,0.275974,0.901924,84.674507,-1.438477,-164.487716,1
S,2022-10-27 18:08:53.501773,0.871534,9.433636,3.505290,-0.315114,-0.752954,-0.666169,86.639526,-1.258667,-187.813186,1
S,2022-10-27 18:08:53.597702,-2.279396,8.768013,4.261896,-0.541353,-0.356669,-0.635276,83.066764,7.372194,-175.027374,1
S,2022-10-27 18:08:53.693696,-1.996866,10.041794,4.874843,-0.370908,0.098738,-0.335533,89.140464,27.510868,-190.232116,1
S,2022-10-27 18:08:53.790144,-0.191546,10.812767,4.989770,-0.036010,0.385698,-0.084127,81.459022,35.602302,-187.294830,1
S,2022-10-27 18:08:53.885886,-0.589004,9.591661,4.874843,0.197419,0.260395,-0.371220,81.459022,35.602302,-187.294830,1
S,2022-10-27 18:08:53.981582,0.081407,8.030562,4.156546,0.077042,-0.051333,0.307897,76.099876,33.444583,-196.279464,1
S,2022-10-27 18:08:54.077477,-1.043925,9.495888,5.066389,0.022846,0.056526,-0.281470,81.459022,30.567632,-197.316146,1
S,2022-10-27 18:08:54.173442,-0.330417,10.104046,4.678508,0.074113,-0.289290,-0.481876,90.212295,32.545536,-182.975311,1
S,2022-10-27 18:08:54.269396,-1.412651,9.816728,3.993732,0.317530,-0.441359,-0.553516,90.212295,32.545536,-182.975311,1
