y,2022-10-20 11:42:17.724625,0.56,1.03,0.05,-51.70,21.85,38.51,32.32,19.54,-14.34,1
y,2022-10-20 11:42:17.743349,0.47,1.16,-0.01,-52.67,17.15,25.45,32.32,19.54,-14.34,1
y,2022-10-20 11:42:17.764747,0.49,1.17,-0.07,-29.97,22.71,16.78,34.75,17.32,-9.16,1
y,2022-10-20 11:42:17.782768,0.61,0.95,-0.00,-3.36,23.68,9.64,34.75,17.32,-9.16,1
y,2022-10-20 11:42:17.801634,0.54,0.95,0.07,-18.31,13.43,2.26,34.75,17.32,-9.16,1
y,2022-10-20 11:42:17.821922,0.41,1.17,0.07,-32.29,9.40,1.95,35.11,17.19,-6.15,1
y,2022-10-20 11:42:17.841133,0.31,1.19,0.12,8.73,19.71,21.91,35.11,17.19,-6.15,1
y,2022-10-20 11:42:17.860448,0.36,0.95,0.19,31.92,23.13,28.93,36.65,17.00,-1.94,1
y,2022-10-20 11:42:17.879347,0.38,0.77,0.28,17.94,13.12,20.02,36.65,17.00,-1.94,1
y,2022-10-20 11:42:17.899898,0.40,0.78,0.25,-33.69,-11.35,0.24,36.65,17.00,-1.94,1
y,2022-10-20 11:42:17.918340,0.39,0.98,0.08,-46.33,-16.24,6.47,36.56,18.09,0.07,1
y,2022-10-20 11:42:17.937503,0.32,0.98,0.09,-47.97,-9.22,29.05,36.56,18.09,0.07,1
y,2022-10-20 11:42:17.957379,0.28,0.84,0.16,-31.56,-10.01,30.64,36.56,18.09,0.07,1
y,2022-10-20 11:42:17.974475,0.33,0.71,0.16,-49.13,-35.46,5.37,37.21,19.17,3.37,1
y,2022-10-20 11:42:17.995298,0.27,0.86,0.07,-67.26,-59.57,-11.84,37.21,19.17,3.37,1
y,2022-10-20 11:42:18.013889,0.25,0.98,0.04,-59.39,-66.96,-2.75,39.33,21.46,6.15,1
y,2022-10-20 11:42:18.033179,0.20,1.32,0.37,78.31,12.76,-28.32,39.33,21.46,6.15,1
y,2022-10-20 11:42:18.052243,-0.50,1.15,1.03,2.50,7.75,-3.23,39.33,21.46,6.15,1
y,2022-10-20 11:42:18.072873,0.22,0.81,0.03,-2.50,-36.99,38.02,40.36,20.53,5.29,1
y,2022-10-20 11:42:18.091495,0.24,0.88,-0.03,1.53,-24.84,53.96,40.36,20.53,5.29,1
y,2022-10-20 11:42:18.112180,0.34,0.95,0.01,18.43,-15.38,57.56,39.00,17.82,4.97,1
y,2022-10-20 11:42:18.133462,0.31,0.87,-0.09,32.29,-17.82,35.95,39.00,17.82,4.97,1
y,2022-10-20 11:42:18.151466,0.43,1.08,0.09,32.10,-8.24,22.34,39.00,17.82,4.97,1
y,2022-10-20 11:42:18.170990,0.40,1.15,0.15,30.64,-3.11,12.88,39.47,16.54,1.59,1
y,2022-10-20 11:42:18.190582,0.47,0.79,0.45,17.94,-24.90,-19.59,39.47,16.54,1.59,1
y,2022-10-20 11:42:18.210784,0.44,0.94,0.18,-9.58,-34.24,-45.35,39.47,16.54,1.59,1
y,2022-10-20 11:42:18.230320,0.35,1.06,0.25,-11.66,-13.43,-47.97,40.95,18.33,0.57,1
y,2022-10-20 11:42:18.249070,0.29,0.86,0.39,-9.77,12.21,-42.42,40.95,18.33,0.57,1
y,2022-10-20 11:42:18.269283,0.23,0.85,0.48,-41.02,4.70,-41.02,41.98,22.35,1.01,1
y,2022-10-20 11:42:18.288387,0.15,1.00,0.45,-47.55,3.54,-20.08,41.98,22.35,1.01,1
y,2022-10-20 11:42:18.306523,0.19,0.82,0.41,-26.37,-2.81,11.47,41.98,22.35,1.01,1
y,2022-10-20 11:42:18.326784,0.19,0.58,0.33,-14.77,-20.08,13.79,41.59,23.80,1.99,1
y,2022-10-20 11:42:18.345149,0.30,0.52,0.15,-18.31,-30.64,-1.28,41.59,23.80,1.99,1
y,2022-10-20 11:42:18.366073,-0.02,0.79,0.14,-18.37,-27.47,-22.03,41.39,23.41,-0.45,1
y,2022-10-20 11:42:18.384107,0.23,0.92,0.22,61.52,-9.89,72.45,41.39,23.41,-0.45,1
y,2022-10-20 11:42:18.403390,0.31,0.39,0.46,71.90,-22.34,69.76,41.39,23.41,-0.45,1
y,2022-10-20 11:42:18.422437,0.19,0.60,0.31,-10.74,-44.01,39.61,40.10,18.29,-0.96,1
y,2022-10-20 11:42:18.441574,0.28,0.90,0.18,-27.34,-30.64,28.44,40.10,18.29,-0.96,1
y,2022-10-20 11:42:18.461944,0.36,0.91,0.14,-18.49,-11.72,24.96,40.10,18.29,-0.96,1
y,2022-10-20 11:42:18.481983,0.34,0.99,0.20,-13.79,0.67,8.12,39.61,15.73,-1.66,1
y,2022-10-20 11:42:18.500600,0.31,1.17,0.07,-6.16,21.55,-0.37,39.61,15.73,-1.66,1
y,2022-10-20 11:42:18.520156,0.32,1.14,0.07,28.32,60.18,11.23,39.97,13.06,0.21,1
y,2022-10-20 11:42:18.540063,0.36,0.91,0.40,38.45,76.42,12.76,39.97,13.06,0.21,1
y,2022-10-20 11:42:18.557118,0.35,0.84,0.47,-12.70,25.76,-13.31,39.97,13.06,0.21,1
y,2022-10-20 11:42:18.577012,0.28,1.13,0.10,-43.88,-13.79,-24.41,39.50,12.02,2.92,1
y,2022-10-20 11:42:18.596147,0.28,1.20,-0.05,-32.65,-10.62,-15.69,39.50,12.02,2.92,1
y,2022-10-20 11:42:18.617018,0.24,1.11,-0.01,-10.31,5.37,-3.05,39.73,13.29,4.15,1
y,2022-10-20 11:42:18.635086,0.22,0.94,0.09,-4.82,10.38,10.50,39.73,13.29,4.15,1
y,2022-10-20 11:42:18.654101,-0.14,0.95,0.14,1.65,7.45,3.11,39.73,13.29,4.15,1
y,2022-10-20 11:42:18.674286,-0.03,1.17,-0.05,39.12,9.03,-17.03,38.38,13.53,3.12,1
y,2022-10-20 11:42:18.694965,0.12,1.02,0.08,82.34,17.76,-23.56,38.38,13.53,3.12,1
