C,2022-10-21 12:25:28.688734,0.31,-0.57,0.78,-57.31,3.30,-46.26,13.43,17.32,-84.27,1
C,2022-10-21 12:25:28.703848,0.08,-0.21,0.80,-26.31,4.76,-14.95,13.43,17.32,-84.27,1
C,2022-10-21 12:25:28.735175,0.28,-0.63,0.75,57.25,4.76,30.64,13.68,15.59,-84.09,1
C,2022-10-21 12:25:28.751668,0.33,-0.78,0.67,31.86,5.86,2.32,13.68,15.59,-84.09,1
C,2022-10-21 12:25:28.767305,0.28,-0.55,0.72,-17.33,7.87,-6.90,14.38,15.27,-85.61,1
C,2022-10-21 12:25:28.799143,0.29,-0.50,0.75,-20.02,5.74,-10.74,14.38,15.27,-85.61,1
C,2022-10-21 12:25:28.815369,0.27,-0.52,0.76,-18.19,4.64,-2.26,14.38,15.27,-85.61,1
C,2022-10-21 12:25:28.830502,0.27,-0.60,0.72,-15.08,1.65,4.82,14.98,14.26,-83.13,1
C,2022-10-21 12:25:28.846248,0.27,-0.61,0.73,-21.18,-4.82,21.67,14.98,14.26,-83.13,1
C,2022-10-21 12:25:28.878335,0.77,-0.31,0.64,-32.53,-14.71,-34.30,14.44,12.70,-84.77,1
C,2022-10-21 12:25:28.893478,0.20,-0.28,0.68,-33.57,22.28,27.53,14.44,12.70,-84.77,1
C,2022-10-21 12:25:28.910044,0.17,-0.73,0.67,29.60,-6.16,79.90,14.44,12.70,-84.77,1
C,2022-10-21 12:25:28.941762,0.21,-0.67,0.62,9.40,-14.04,57.19,14.50,12.34,-85.23,1
C,2022-10-21 12:25:28.958506,0.20,-0.43,0.62,1.89,-18.37,49.80,14.50,12.34,-85.23,1
C,2022-10-21 12:25:28.972752,0.24,-0.37,0.73,11.90,-21.67,52.00,14.67,12.26,-85.95,1
C,2022-10-21 12:25:28.988490,0.24,-0.34,0.78,7.87,-31.37,47.30,14.67,12.26,-85.95,1
C,2022-10-21 12:25:29.020924,0.23,-0.23,0.86,-4.64,-40.34,32.41,14.67,12.26,-85.95,1
C,2022-10-21 12:25:29.036066,0.28,-0.26,0.86,2.69,-46.39,14.04,14.48,12.52,-86.25,1
C,2022-10-21 12:25:29.053053,0.32,-0.09,0.96,5.62,-39.92,-18.37,14.48,12.52,-86.25,1
C,2022-10-21 12:25:29.084266,0.32,-0.12,0.99,28.93,-34.36,-21.42,12.84,13.98,-84.84,1
C,2022-10-21 12:25:29.100912,0.35,-0.24,0.97,61.22,-22.03,-23.56,12.84,13.98,-84.84,1
C,2022-10-21 12:25:29.115537,0.35,-0.40,0.96,69.27,-7.08,-23.62,12.84,13.98,-84.84,1
C,2022-10-21 12:25:29.131306,0.35,-0.49,0.98,58.78,8.67,-20.08,12.61,16.54,-84.80,1
C,2022-10-21 12:25:29.164053,0.31,-0.61,1.03,13.79,29.66,-33.51,12.61,16.54,-84.80,1
C,2022-10-21 12:25:29.178693,0.36,-0.60,0.93,0.55,34.73,-39.86,13.98,17.88,-84.94,1
C,2022-10-21 12:25:29.194435,0.34,-0.57,0.92,-13.79,34.24,-41.93,13.98,17.88,-84.94,1
C,2022-10-21 12:25:29.225568,0.28,-0.58,0.86,-5.00,26.55,-39.06,13.98,17.88,-84.94,1
C,2022-10-21 12:25:29.241192,0.22,-0.58,0.85,19.17,9.03,-11.66,14.88,17.83,-85.95,1
C,2022-10-21 12:25:29.267969,0.21,-0.70,0.75,37.35,-4.33,5.86,14.88,17.83,-85.95,1
C,2022-10-21 12:25:29.273117,0.18,-0.79,0.63,26.31,-10.74,9.83,14.94,17.90,-83.47,1
C,2022-10-21 12:25:29.305715,0.11,-0.71,0.64,-9.58,-12.33,-1.95,14.94,17.90,-83.47,1
C,2022-10-21 12:25:29.320336,0.21,-0.53,0.57,-43.21,-10.38,-10.19,14.07,17.00,-83.87,1
C,2022-10-21 12:25:29.336222,0.18,-0.28,0.75,-82.89,7.51,1.34,14.07,17.00,-83.87,1
