J,2022-10-20 14:14:10.388551,0.07,-0.54,0.74,6.16,-5.37,28.32,24.61,-25.42,-90.01,1
J,2022-10-20 14:14:10.409519,-0.05,-0.55,0.83,-11.17,-10.01,9.28,24.61,-25.42,-90.01,1
J,2022-10-20 14:14:10.429601,-0.07,-0.60,0.88,-30.15,0.18,-0.49,25.28,-23.33,-89.88,1
J,2022-10-20 14:14:10.449987,0.01,-0.47,0.83,-24.84,4.58,10.62,25.28,-23.33,-89.88,1
J,2022-10-20 14:14:10.472140,0.01,-0.40,0.86,-30.82,0.55,20.69,25.28,-23.33,-89.88,1
J,2022-10-20 14:14:10.492213,0.09,-0.26,0.78,-19.71,-0.92,26.37,26.75,-23.97,-89.65,1
J,2022-10-20 14:14:10.514212,0.13,-0.26,0.77,-33.33,-11.78,16.30,26.75,-23.97,-89.65,1
J,2022-10-20 14:14:10.532386,0.10,-0.22,0.81,-43.52,-23.68,9.40,28.31,-26.66,-90.73,1
J,2022-10-20 14:14:10.550909,0.08,-0.02,0.88,-43.40,-36.50,17.46,28.31,-26.66,-90.73,1
J,2022-10-20 14:14:10.573174,0.02,0.17,0.95,-28.14,-40.95,11.41,28.31,-26.66,-90.73,1
J,2022-10-20 14:14:10.591578,-0.59,0.06,1.57,1.53,-25.33,9.22,30.36,-28.36,-91.47,1
J,2022-10-20 14:14:10.610199,0.09,0.20,0.94,88.44,-4.52,22.03,30.36,-28.36,-91.47,1
J,2022-10-20 14:14:10.631058,0.01,-0.02,1.04,4.94,-11.05,-36.99,30.15,-24.67,-90.12,1
J,2022-10-20 14:14:10.649143,0.20,0.00,1.00,7.81,-1.77,-51.94,30.15,-24.67,-90.12,1
J,2022-10-20 14:14:10.669053,0.00,-0.33,0.94,25.63,4.09,-34.97,30.15,-24.67,-90.12,1
J,2022-10-20 14:14:10.690634,-0.03,-0.56,0.86,62.26,-0.12,-5.98,28.06,-19.64,-87.05,1
J,2022-10-20 14:14:10.709552,0.01,-0.55,0.92,23.50,5.13,-13.06,28.06,-19.64,-87.05,1
J,2022-10-20 14:14:10.731752,-0.03,-0.75,0.84,-2.81,4.52,-12.33,24.37,-16.14,-85.71,1
J,2022-10-20 14:14:10.748733,-0.06,-0.70,0.87,-17.70,-4.33,4.76,24.37,-16.14,-85.71,1
J,2022-10-20 14:14:10.768896,-0.17,-0.51,1.04,-26.73,-4.46,8.06,24.37,-16.14,-85.71,1
J,2022-10-20 14:14:10.791545,-0.14,-0.44,1.04,19.96,10.62,32.65,24.84,-16.59,-84.35,1
J,2022-10-20 14:14:10.808703,0.17,-0.38,0.78,20.69,23.07,27.47,24.84,-16.59,-84.35,1
J,2022-10-20 14:14:10.829554,0.22,-0.33,0.77,-24.78,11.66,7.93,25.40,-18.79,-86.56,1
J,2022-10-20 14:14:10.847637,0.22,-0.14,0.77,-55.18,-1.71,1.10,25.40,-18.79,-86.56,1
J,2022-10-20 14:14:10.866656,0.17,0.02,0.76,-50.72,-22.95,-3.48,25.40,-18.79,-86.56,1
J,2022-10-20 14:14:10.888156,0.13,0.04,0.72,-28.14,-33.14,-7.20,26.99,-20.34,-87.78,1
J,2022-10-20 14:14:10.907987,-1.14,-0.15,2.20,9.64,-39.92,-9.89,26.99,-20.34,-87.78,1
J,2022-10-20 14:14:10.927369,0.05,-0.20,0.83,99.98,50.90,32.71,28.81,-20.57,-87.99,1
J,2022-10-20 14:14:10.949335,-0.04,-0.49,0.98,57.74,-77.58,-49.74,28.81,-20.57,-87.99,1
J,2022-10-20 14:14:10.967962,-0.03,-0.40,0.86,6.96,-52.25,-25.76,28.81,-20.57,-87.99,1
J,2022-10-20 14:14:10.990894,-0.07,-0.30,0.94,-3.42,-49.50,-17.52,26.49,-19.56,-87.56,1
J,2022-10-20 14:14:11.008536,-0.11,-0.34,0.97,18.25,-43.76,-7.08,26.49,-19.56,-87.56,1
J,2022-10-20 14:14:11.030139,-0.02,-0.35,0.93,25.21,-31.86,-4.03,26.60,-20.81,-87.65,1
J,2022-10-20 14:14:11.052947,-0.09,-0.39,1.00,19.04,-23.50,-4.88,26.60,-20.81,-87.65,1
J,2022-10-20 14:14:11.071034,-0.10,-0.46,0.98,5.86,-37.05,-4.39,26.60,-20.81,-87.65,1
J,2022-10-20 14:14:11.092521,-0.11,-0.45,0.99,9.03,-19.84,8.18,26.92,-22.47,-87.41,1
J,2022-10-20 14:14:11.114057,-0.10,-0.55,0.98,19.90,-11.90,19.17,26.92,-22.47,-87.41,1
J,2022-10-20 14:14:11.134810,-0.12,-0.50,0.99,-6.53,-5.98,7.20,27.34,-25.82,-89.69,1
J,2022-10-20 14:14:11.158819,-0.11,-0.49,1.01,-12.63,-8.48,14.89,27.34,-25.82,-89.69,1
J,2022-10-20 14:14:11.178266,-0.13,-0.32,1.05,-29.66,-5.07,13.24,26.86,-30.36,-91.93,1
J,2022-10-20 14:14:11.199050,-0.11,-0.42,1.07,-21.06,8.85,31.01,26.86,-30.36,-91.93,1
J,2022-10-20 14:14:11.215471,-0.09,-0.19,0.87,-11.72,17.94,50.17,26.86,-30.36,-91.93,1
J,2022-10-20 14:14:11.234932,-0.13,0.14,0.86,-28.87,4.39,20.14,25.12,-34.52,-95.17,1
J,2022-10-20 14:14:11.255026,-0.14,0.08,0.96,-79.28,-7.08,-56.40,25.12,-34.52,-95.17,1
J,2022-10-20 14:14:11.276139,-0.11,-0.08,0.97,-13.92,-3.05,-30.27,24.24,-35.91,-96.02,1
J,2022-10-20 14:14:11.293428,-0.11,-0.04,0.97,38.02,-5.07,0.24,24.24,-35.91,-96.02,1
J,2022-10-20 14:14:11.313506,-0.13,-0.18,0.94,75.07,-5.74,18.98,24.24,-35.91,-96.02,1
J,2022-10-20 14:14:11.334981,-0.11,-0.39,0.90,83.98,-3.85,27.95,24.38,-33.64,-95.89,1
J,2022-10-20 14:14:11.354129,-0.12,-0.41,0.89,30.52,-2.01,18.25,24.38,-33.64,-95.89,1
J,2022-10-20 14:14:11.372405,-0.12,-0.37,0.90,6.23,1.59,10.56,25.42,-33.03,-94.21,1
J,2022-10-20 14:14:11.392412,-0.11,-0.32,0.91,-7.75,4.27,7.57,25.42,-33.03,-94.21,1
J,2022-10-20 14:14:11.412918,-0.17,-0.25,0.95,-8.18,7.69,12.70,25.42,-33.03,-94.21,1
J,2022-10-20 14:14:11.436749,-0.53,-0.33,1.24,-2.01,21.42,16.05,24.57,-32.97,-96.90,1
J,2022-10-20 14:14:11.452477,-0.29,-0.49,0.90,66.59,94.97,25.45,24.57,-32.97,-96.90,1
J,2022-10-20 14:14:11.471824,-0.02,-0.74,0.74,50.23,77.94,-2.81,24.02,-29.27,-93.18,1
