J,2022-10-20 14:14:27.707239,-0.04,-0.66,0.71,-11.54,47.12,-33.87,28.59,8.61,-59.11,1
J,2022-10-20 14:14:27.729170,-0.04,-0.71,0.72,-17.58,19.47,-13.85,28.59,8.61,-59.11,1
J,2022-10-20 14:14:27.746972,-0.15,-0.68,0.79,-14.04,6.41,2.99,21.20,10.34,-60.95,1
J,2022-10-20 14:14:27.770134,-0.24,-0.62,0.82,-6.90,5.00,10.13,21.20,10.34,-60.95,1
J,2022-10-20 14:14:27.787966,-0.22,-0.69,0.82,-20.14,13.00,-4.70,21.20,10.34,-60.95,1
J,2022-10-20 14:14:27.806746,-0.16,-0.53,0.80,-30.58,13.18,-5.49,18.20,10.93,-61.63,1
J,2022-10-20 14:14:27.825893,-0.22,-0.46,0.84,-40.22,8.54,-7.08,18.20,10.93,-61.63,1
J,2022-10-20 14:14:27.844219,-0.10,-0.39,0.76,-13.73,7.81,13.43,18.41,11.13,-63.59,1
J,2022-10-20 14:14:27.862685,-0.05,-0.41,0.70,-0.12,-0.43,18.25,18.41,11.13,-63.59,1
J,2022-10-20 14:14:27.882694,-0.06,-0.45,0.67,-8.00,-7.57,9.83,18.41,11.13,-63.59,1
J,2022-10-20 14:14:27.902646,-0.10,-0.44,0.74,-28.02,-21.79,-1.71,19.81,12.66,-63.05,1
J,2022-10-20 14:14:27.922119,-0.45,-0.15,1.21,-45.17,-16.17,-20.51,19.81,12.66,-63.05,1
J,2022-10-20 14:14:27.945968,-0.15,-0.09,0.98,50.54,6.84,-0.43,19.81,12.66,-63.05,1
J,2022-10-20 14:14:27.964641,-0.16,-0.21,0.94,61.22,-4.33,7.51,20.48,13.38,-62.71,1
J,2022-10-20 14:14:27.984826,-0.20,-0.09,0.98,74.16,-10.74,-6.10,20.48,13.38,-62.71,1
J,2022-10-20 14:14:28.007451,-0.19,-0.18,0.98,26.55,2.99,-57.37,17.09,13.26,-59.97,1
J,2022-10-20 14:14:28.026141,-0.21,-0.41,0.89,-5.07,21.18,-63.90,17.09,13.26,-59.97,1
J,2022-10-20 14:14:28.048213,-0.19,-0.45,0.85,12.76,17.70,-33.20,8.74,12.01,-62.56,1
J,2022-10-20 14:14:28.067043,-0.20,-0.64,0.77,48.34,8.97,0.92,8.74,12.01,-62.56,1
J,2022-10-20 14:14:28.089914,-0.19,-0.65,0.78,26.61,8.79,-1.34,8.74,12.01,-62.56,1
J,2022-10-20 14:14:28.108547,-0.20,-0.68,0.72,-21.97,17.21,-24.17,4.03,11.18,-64.88,1
J,2022-10-20 14:14:28.129763,-0.22,-0.78,0.73,-16.60,7.32,-10.68,4.03,11.18,-64.88,1
J,2022-10-20 14:14:28.152394,-0.30,-0.67,0.68,-19.17,-5.98,9.95,3.25,10.89,-66.50,1
J,2022-10-20 14:14:28.174060,-0.28,-0.63,0.84,37.60,-26.67,50.05,3.25,10.89,-66.50,1
J,2022-10-20 14:14:28.190120,-0.09,-0.39,0.95,0.73,-13.92,21.91,3.25,10.89,-66.50,1
J,2022-10-20 14:14:28.210395,-0.04,-0.34,0.87,-22.28,-0.92,0.06,8.35,11.51,-62.79,1
J,2022-10-20 14:14:28.229872,0.00,-0.25,0.85,-27.77,-4.27,-3.60,8.35,11.51,-62.79,1
J,2022-10-20 14:14:28.251603,-0.04,-0.25,0.78,-22.22,-8.24,0.00,9.38,12.95,-63.23,1
J,2022-10-20 14:14:28.270733,-0.30,-0.18,0.93,22.64,9.40,-0.18,9.38,12.95,-63.23,1
J,2022-10-20 14:14:28.292363,-0.17,-0.56,0.67,24.05,6.16,7.63,9.38,12.95,-63.23,1
J,2022-10-20 14:14:28.311421,-0.17,-0.38,0.67,-23.38,-11.41,-14.34,10.08,12.89,-62.44,1
J,2022-10-20 14:14:28.331345,-0.14,-0.22,0.55,-30.82,-54.50,-30.58,10.08,12.89,-62.44,1
J,2022-10-20 14:14:28.355035,-0.19,-0.13,0.71,-11.29,-83.80,-37.60,11.39,15.37,-61.72,1
J,2022-10-20 14:14:28.371950,-0.31,-0.25,0.87,39.31,-84.11,-29.05,11.39,15.37,-61.72,1
J,2022-10-20 14:14:28.393392,-0.36,-0.61,0.90,38.94,-67.75,-30.70,11.39,15.37,-61.72,1
J,2022-10-20 14:14:28.416011,-0.39,-0.70,0.95,27.04,-36.87,0.85,12.27,18.91,-57.62,1
J,2022-10-20 14:14:28.433189,-0.41,-0.75,1.05,20.26,-26.12,15.99,12.27,18.91,-57.62,1
J,2022-10-20 14:14:28.455393,-0.37,-0.72,1.03,-14.89,-5.80,17.82,17.14,20.32,-57.43,1
J,2022-10-20 14:14:28.476550,-0.39,-0.77,1.00,-36.44,-5.92,16.05,17.14,20.32,-57.43,1
J,2022-10-20 14:14:28.495208,-0.33,-0.48,0.95,-19.10,1.46,48.52,23.18,20.08,-57.30,1
J,2022-10-20 14:14:28.515549,-0.31,-0.29,0.92,-45.23,5.80,22.40,23.18,20.08,-57.30,1
J,2022-10-20 14:14:28.535107,-0.29,-0.16,0.88,-30.09,9.95,2.81,23.18,20.08,-57.30,1
J,2022-10-20 14:14:28.554554,-0.23,-0.08,0.74,-13.12,-2.56,-13.49,25.50,18.58,-59.59,1
J,2022-10-20 14:14:28.574526,-0.30,-0.16,0.78,21.79,-16.85,-10.80,25.50,18.58,-59.59,1
J,2022-10-20 14:14:28.593575,-0.34,-0.33,0.77,60.00,-7.20,19.59,24.84,18.24,-57.45,1
J,2022-10-20 14:14:28.612853,-0.32,-0.44,0.76,28.56,0.24,25.45,24.84,18.24,-57.45,1
J,2022-10-20 14:14:28.633887,-0.31,-0.45,0.79,11.84,11.35,27.40,24.84,18.24,-57.45,1
J,2022-10-20 14:14:28.654873,-0.29,-0.48,0.84,7.93,13.67,27.59,25.59,17.85,-56.47,1
J,2022-10-20 14:14:28.675477,-0.29,-0.45,0.85,-9.09,9.77,22.34,25.59,17.85,-56.47,1
J,2022-10-20 14:14:28.693597,-0.40,-0.30,0.98,-8.61,10.99,13.06,25.62,17.82,-56.92,1
J,2022-10-20 14:14:28.711805,-0.43,-0.21,1.05,2.99,22.22,1.83,25.62,17.82,-56.92,1
J,2022-10-20 14:14:28.729401,-0.34,-0.19,1.03,29.72,33.94,-4.15,25.62,17.82,-56.92,1
