n,2022-10-12 18:25:28.169639,0.17,0.03,1.51,-49.44,-60.18,59.08,53.26,9.46,24.65,1
n,2022-10-12 18:25:28.189218,0.23,0.03,1.38,-36.80,-45.65,40.95,49.79,-0.07,18.40,1
n,2022-10-12 18:25:28.209406,0.17,-0.00,1.33,-37.66,-49.87,2.93,49.79,-0.07,18.40,1
n,2022-10-12 18:25:28.230914,-0.05,-0.04,1.32,-31.07,-46.57,-4.15,49.79,-0.07,18.40,1
n,2022-10-12 18:25:28.250164,-0.13,-0.06,1.23,-9.34,-27.16,9.09,44.21,-5.22,18.24,1
n,2022-10-12 18:25:28.270849,-0.01,-0.16,0.94,3.78,-1.46,18.80,44.21,-5.22,18.24,1
n,2022-10-12 18:25:28.281631,0.21,-0.11,0.85,10.86,-9.52,19.78,40.41,-8.70,20.56,1
n,2022-10-12 18:25:28.311293,0.23,-0.14,0.86,-20.75,-16.54,-26.00,40.41,-8.70,20.56,1
n,2022-10-12 18:25:28.321832,0.22,-0.12,0.91,-41.08,-4.03,-46.26,40.41,-8.70,20.56,1
n,2022-10-12 18:25:28.343792,0.28,-0.02,0.85,-40.83,7.20,-47.18,38.37,-11.06,21.89,1
n,2022-10-12 18:25:28.362946,0.34,0.04,0.79,-57.37,10.07,-92.04,38.37,-11.06,21.89,1
n,2022-10-12 18:25:28.382508,0.18,0.08,0.83,-82.34,9.77,-137.51,38.37,-11.06,21.89,1
n,2022-10-12 18:25:28.403926,-3.48,-2.04,2.06,65.73,26.12,-27.71,38.02,-14.51,29.81,1
n,2022-10-12 18:25:28.427867,0.22,-0.32,0.77,-2.08,26.67,-60.55,38.02,-14.51,29.81,1
n,2022-10-12 18:25:28.444758,0.18,-0.24,0.73,4.88,-19.17,-75.20,36.19,-6.96,33.33,1
n,2022-10-12 18:25:28.465014,0.34,-0.25,0.81,17.21,-67.81,-54.63,36.19,-6.96,33.33,1
n,2022-10-12 18:25:28.486556,0.30,-0.18,1.08,17.21,-64.09,-18.01,36.19,-6.96,33.33,1
n,2022-10-12 18:25:28.505641,0.14,-0.33,1.28,11.78,-42.11,9.28,27.04,6.57,34.48,1
n,2022-10-12 18:25:28.526337,0.28,-0.32,1.20,-10.50,-6.84,5.80,27.04,6.57,34.48,1
n,2022-10-12 18:25:28.546063,0.23,-0.31,1.10,6.84,-25.15,6.04,20.54,12.02,38.27,1
n,2022-10-12 18:25:28.566065,0.31,0.01,1.52,28.38,-11.54,6.65,20.54,12.02,38.27,1
n,2022-10-12 18:25:28.577369,0.11,-0.31,1.31,47.85,101.20,47.30,20.54,12.02,38.27,1
n,2022-10-12 18:25:28.596875,0.02,-0.16,0.90,45.78,127.75,9.83,22.53,6.85,45.09,1
n,2022-10-12 18:25:28.616955,0.19,-0.29,0.62,63.54,95.03,-25.76,22.53,6.85,45.09,1
n,2022-10-12 18:25:28.638750,0.10,-0.31,0.54,59.08,65.86,-28.38,27.01,5.55,49.10,1
n,2022-10-12 18:25:28.657779,0.05,-0.37,0.41,51.64,55.30,-50.35,27.01,5.55,49.10,1
n,2022-10-12 18:25:28.678671,0.26,-0.58,0.45,21.18,39.73,-66.22,27.01,5.55,49.10,1
n,2022-10-12 18:25:28.698672,0.30,-0.55,0.54,4.70,23.01,-81.73,28.56,12.54,53.09,1
n,2022-10-12 18:25:28.719981,0.35,-0.45,0.73,-9.16,-28.44,-80.20,28.56,12.54,53.09,1
n,2022-10-12 18:25:28.739354,0.42,-0.31,1.06,0.61,-52.49,-44.13,27.05,22.24,50.54,1
n,2022-10-12 18:25:28.759869,0.39,-0.43,1.27,24.72,-65.43,1.59,27.05,22.24,50.54,1
n,2022-10-12 18:25:28.780071,0.26,-0.48,1.11,18.92,-79.90,30.03,27.05,22.24,50.54,1
n,2022-10-12 18:25:28.800607,0.09,-0.42,1.13,-4.70,-83.19,31.19,28.39,19.71,49.11,1
n,2022-10-12 18:25:28.813788,-0.41,-0.43,1.36,-16.11,-51.39,38.57,28.39,19.71,49.11,1
n,2022-10-12 18:25:28.832425,-0.13,-0.26,1.31,110.29,23.56,205.87,36.82,12.93,43.62,1
n,2022-10-12 18:25:28.852930,0.13,-0.21,1.07,95.15,54.02,190.73,36.82,12.93,43.62,1
n,2022-10-12 18:25:28.877416,0.26,-0.22,0.84,49.26,68.24,121.03,36.82,12.93,43.62,1
n,2022-10-12 18:25:28.893551,0.40,-0.28,0.60,12.15,66.83,50.42,53.13,1.54,31.01,1
