y,2022-10-21 10:51:33.836806,0.42,0.35,0.88,9.40,15.50,1.10,58.94,44.81,-165.27,1
y,2022-10-21 10:51:33.852436,0.40,0.23,0.90,-6.65,10.50,-6.53,58.94,44.81,-165.27,1
y,2022-10-21 10:51:33.868077,0.34,0.19,0.94,-23.19,9.34,-7.81,62.49,42.82,-163.88,1
y,2022-10-21 10:51:33.883689,0.35,0.19,0.93,-25.27,9.70,-1.89,62.49,42.82,-163.88,1
y,2022-10-21 10:51:33.899311,0.39,0.24,0.87,-14.22,7.14,9.52,62.49,42.82,-163.88,1
y,2022-10-21 10:51:33.930562,0.35,0.24,0.84,-17.70,2.38,6.59,67.49,38.75,-161.58,1
y,2022-10-21 10:51:33.946190,0.28,0.23,0.89,-23.99,-1.16,4.46,67.49,38.75,-161.58,1
y,2022-10-21 10:51:33.961814,0.27,0.30,0.84,-23.13,-0.79,3.54,72.00,34.70,-160.34,1
y,2022-10-21 10:51:33.977453,0.16,0.35,0.88,-10.44,-9.22,-13.79,72.00,34.70,-160.34,1
y,2022-10-21 10:51:34.008693,0.23,0.25,0.63,-10.44,14.89,0.92,72.00,34.70,-160.34,1
y,2022-10-21 10:51:34.024318,0.26,0.32,0.84,-16.66,-4.88,-16.17,73.32,33.31,-160.08,1
y,2022-10-21 10:51:34.039967,0.29,0.29,0.80,-19.35,9.34,-10.74,73.32,33.31,-160.08,1
y,2022-10-21 10:51:34.055574,0.12,0.31,0.51,-19.96,13.06,-8.91,73.32,33.31,-160.08,1
y,2022-10-21 10:51:34.071198,0.25,0.30,0.74,9.58,-14.28,-7.20,72.12,32.78,-159.66,1
y,2022-10-21 10:51:34.086822,0.25,0.30,0.82,3.91,-14.40,-8.06,72.12,32.78,-159.66,1
y,2022-10-21 10:51:34.118076,0.22,0.30,0.72,0.79,-22.83,-10.86,72.12,32.78,-159.66,1
y,2022-10-21 10:51:34.133719,0.31,0.36,0.84,-6.35,-29.17,-16.48,65.30,36.65,-166.20,1
y,2022-10-21 10:51:34.149346,0.37,0.39,1.02,-0.55,-28.56,-17.27,65.30,36.65,-166.20,1
y,2022-10-21 10:51:34.164972,0.36,0.44,0.99,21.79,-20.08,-9.28,55.53,41.10,-172.91,1
y,2022-10-21 10:51:34.180603,0.38,0.40,1.02,50.54,-18.80,-3.66,55.53,41.10,-172.91,1
y,2022-10-21 10:51:34.211833,0.34,0.27,1.12,49.32,-26.98,-9.34,55.53,41.10,-172.91,1
y,2022-10-21 10:51:34.227457,0.35,0.14,1.10,24.23,-21.42,-11.05,47.73,48.95,-176.53,1
y,2022-10-21 10:51:34.243103,0.36,0.30,1.22,-7.08,-12.70,-24.17,47.73,48.95,-176.53,1
y,2022-10-21 10:51:34.258732,0.19,0.19,1.25,-30.09,16.91,-43.76,47.73,48.95,-176.53,1
y,2022-10-21 10:51:34.274355,0.29,0.17,1.07,19.10,41.81,-19.10,50.35,46.35,-176.49,1
y,2022-10-21 10:51:34.289983,0.42,0.07,0.80,25.02,36.99,-10.99,50.35,46.35,-176.49,1
y,2022-10-21 10:51:34.321212,0.40,-0.04,0.73,18.49,23.99,-5.19,59.12,45.47,-172.46,1
y,2022-10-21 10:51:34.336838,0.39,-0.04,0.73,9.03,10.01,2.99,59.12,45.47,-172.46,1
y,2022-10-21 10:51:34.352484,0.35,0.06,0.67,-12.39,-1.65,5.25,59.12,45.47,-172.46,1
y,2022-10-21 10:51:34.368113,0.28,0.17,0.58,-17.58,-10.86,-1.71,64.98,43.37,-171.92,1
y,2022-10-21 10:51:34.383735,0.19,0.30,0.83,-16.60,-22.09,-6.29,64.98,43.37,-171.92,1
y,2022-10-21 10:51:34.414967,0.27,0.28,0.89,20.69,17.52,-16.85,64.98,43.37,-171.92,1
y,2022-10-21 10:51:34.430593,0.07,0.17,0.36,12.88,-11.60,-26.43,65.62,44.36,-175.16,1
y,2022-10-21 10:51:34.446243,0.19,-0.01,0.67,5.80,-26.18,-19.84,65.62,44.36,-175.16,1
y,2022-10-21 10:51:34.461863,0.24,-0.06,0.80,-1.59,-40.83,-14.77,53.72,47.46,-177.58,1
y,2022-10-21 10:51:34.477491,0.25,-0.16,0.89,-47.18,-43.82,-21.24,53.72,47.46,-177.58,1
y,2022-10-21 10:51:34.508723,0.27,-0.00,1.00,-55.48,-32.29,-14.59,53.72,47.46,-177.58,1
y,2022-10-21 10:51:34.524372,0.33,0.06,0.96,-37.54,-20.20,2.50,39.09,45.89,-178.98,1
y,2022-10-21 10:51:34.539994,0.33,0.25,1.05,-15.32,-9.58,17.03,39.09,45.89,-178.98,1
y,2022-10-21 10:51:34.555620,0.32,0.32,1.00,-30.88,1.28,7.57,39.09,45.89,-178.98,1
y,2022-10-21 10:51:34.571249,0.33,0.28,1.10,-14.77,-2.62,21.55,32.21,46.08,-174.18,1
y,2022-10-21 10:51:34.602477,0.44,0.78,0.99,-10.80,2.75,29.54,32.21,46.08,-174.18,1
y,2022-10-21 10:51:34.618110,0.33,0.87,0.95,-61.22,5.25,-25.70,31.12,43.75,-169.68,1
y,2022-10-21 10:51:34.633749,0.28,0.61,0.96,15.50,-9.03,4.21,31.12,43.75,-169.68,1
y,2022-10-21 10:51:34.649379,0.27,0.47,0.93,67.99,-15.08,34.36,31.12,43.75,-169.68,1
y,2022-10-21 10:51:34.665001,0.25,0.29,0.91,96.44,-18.07,53.41,31.80,48.65,-170.14,1
y,2022-10-21 10:51:34.680630,0.23,0.21,0.92,95.83,-17.27,58.72,31.80,48.65,-170.14,1
y,2022-10-21 10:51:34.711859,0.46,0.84,1.54,62.07,-3.97,44.62,31.80,48.65,-170.14,1
y,2022-10-21 10:51:34.727484,-0.14,0.31,1.02,7.39,26.86,-23.80,34.14,51.60,-170.58,1
y,2022-10-21 10:51:34.743131,0.11,0.21,0.99,47.49,23.44,-9.77,34.14,51.60,-170.58,1
y,2022-10-21 10:51:34.758760,0.19,0.17,0.92,46.45,32.53,-12.70,36.11,53.02,-168.82,1
y,2022-10-21 10:51:34.774382,0.25,0.13,0.85,36.01,28.32,-15.81,36.11,53.02,-168.82,1
y,2022-10-21 10:51:34.805614,0.31,0.15,0.80,32.96,20.75,-15.32,36.11,53.02,-168.82,1
y,2022-10-21 10:51:34.821240,0.31,0.14,0.80,28.14,15.32,-18.13,36.11,53.76,-166.10,1
y,2022-10-21 10:51:34.836885,0.33,0.13,0.80,23.13,9.22,-21.67,36.11,53.76,-166.10,1
y,2022-10-21 10:51:34.852493,0.33,0.09,0.82,17.09,4.64,-25.82,36.11,53.76,-166.10,1
y,2022-10-21 10:51:34.868138,0.35,0.07,0.83,9.22,-1.89,-25.57,32.23,53.98,-164.77,1
y,2022-10-21 10:51:34.883767,0.37,0.05,0.84,5.49,-6.35,-23.74,32.23,53.98,-164.77,1
