N,2022-10-29 10:03:59.782318,0.38,-0.31,0.78,23.68,-6.47,7.14,-1.14,25.94,-10.72,1
N,2022-10-29 10:03:59.800707,0.43,-0.22,0.73,-11.11,-3.36,3.66,-1.14,25.94,-10.72,1
N,2022-10-29 10:03:59.820240,0.45,-0.18,0.81,-35.03,1.71,1.53,-1.28,25.87,-10.61,1
N,2022-10-29 10:03:59.839681,0.44,-0.18,0.83,-57.86,3.11,3.23,-1.28,25.87,-10.61,1
N,2022-10-29 10:03:59.859446,0.22,-0.02,1.01,-50.35,-43.46,-2.44,-1.05,26.14,-10.06,1
N,2022-10-29 10:03:59.881359,0.30,-0.18,0.76,13.49,-40.83,-1.53,-1.05,26.14,-10.06,1
N,2022-10-29 10:03:59.898533,0.49,-0.16,0.65,5.55,-40.22,-4.03,-1.05,26.14,-10.06,1
N,2022-10-29 10:03:59.920210,0.23,-0.09,0.83,-18.92,-34.61,-6.47,-0.73,25.95,-10.52,1
N,2022-10-29 10:03:59.939424,0.25,-0.27,0.77,-9.46,-36.74,-9.16,-0.73,25.95,-10.52,1
N,2022-10-29 10:03:59.957585,0.55,-0.11,0.83,-21.61,-52.37,-16.72,-0.73,25.95,-10.52,1
N,2022-10-29 10:03:59.978886,0.37,-0.15,1.01,-17.64,-55.73,-24.84,-1.16,25.74,-11.79,1
N,2022-10-29 10:03:59.997243,0.53,-0.16,0.93,-4.52,-56.15,-21.73,-1.16,25.74,-11.79,1
N,2022-10-29 10:04:00.015297,0.52,-0.07,1.07,-12.94,-44.86,-15.56,-1.68,25.87,-11.35,1
N,2022-10-29 10:04:00.034246,0.51,-0.12,1.07,-17.09,-26.12,-3.78,-1.68,25.87,-11.35,1
N,2022-10-29 10:04:00.052596,0.40,-0.05,1.18,-26.61,-20.02,-1.10,-1.68,25.87,-11.35,1
N,2022-10-29 10:04:00.072867,0.36,-0.02,1.16,-16.42,-25.57,0.92,-1.78,26.06,-10.83,1
N,2022-10-29 10:04:00.092554,0.31,0.04,1.10,13.43,-34.67,2.32,-1.78,26.06,-10.83,1
N,2022-10-29 10:04:00.113220,0.99,-0.09,0.26,72.88,-37.35,5.68,-1.66,25.31,-9.63,1
N,2022-10-29 10:04:00.130885,0.15,0.01,0.93,8.73,51.21,5.62,-1.66,25.31,-9.63,1
N,2022-10-29 10:04:00.148805,0.46,-0.26,0.84,57.07,73.61,22.22,-1.66,25.31,-9.63,1
N,2022-10-29 10:04:00.168490,0.62,-0.38,0.80,37.60,99.00,23.01,-1.32,26.18,-10.77,1
N,2022-10-29 10:04:00.187453,0.58,-0.31,0.77,-24.96,130.07,25.02,-1.32,26.18,-10.77,1
N,2022-10-29 10:04:00.206329,0.53,-0.24,0.88,-117.37,129.64,15.99,-1.32,26.18,-10.77,1
N,2022-10-29 10:04:00.224481,0.40,0.01,0.87,-159.48,94.97,-1.04,-1.17,25.94,-12.01,1
N,2022-10-29 10:04:00.244010,0.44,0.21,0.90,-96.98,12.70,9.83,-1.17,25.94,-12.01,1
N,2022-10-29 10:04:00.262908,-2.85,0.32,0.49,-54.08,-24.48,9.64,-1.79,24.73,-11.83,1
N,2022-10-29 10:04:00.282125,0.48,0.54,1.20,69.89,9.22,17.15,-1.79,24.73,-11.83,1
N,2022-10-29 10:04:00.302808,0.46,-0.54,0.76,102.97,-3.36,28.32,-1.79,24.73,-11.83,1
N,2022-10-29 10:04:00.320967,0.22,-0.14,1.02,13.79,-7.14,-15.26,-0.26,25.63,-12.41,1
N,2022-10-29 10:04:00.339888,0.37,0.03,0.84,-3.66,-34.79,-39.00,-0.26,25.63,-12.41,1
N,2022-10-29 10:04:00.358557,0.36,0.13,0.81,-12.08,-41.63,-35.10,-0.26,25.63,-12.41,1
N,2022-10-29 10:04:00.378600,0.25,0.07,0.79,-21.30,-49.07,-41.44,-1.39,24.71,-11.00,1
N,2022-10-29 10:04:00.399421,0.42,0.19,0.75,-5.62,-56.82,-46.39,-1.39,24.71,-11.00,1
N,2022-10-29 10:04:00.420147,0.48,0.07,0.82,23.01,-53.53,-37.96,-1.89,24.69,-11.84,1
N,2022-10-29 10:04:00.438318,0.37,-0.16,0.90,49.93,-38.09,-21.30,-1.89,24.69,-11.84,1
N,2022-10-29 10:04:00.457072,0.40,-0.25,1.00,35.95,-35.58,-21.06,-1.89,24.69,-11.84,1
N,2022-10-29 10:04:00.477664,0.45,-0.18,0.95,23.25,-33.33,-14.28,-1.62,24.94,-11.21,1
N,2022-10-29 10:04:00.496567,0.34,-0.28,0.97,17.09,-27.59,-9.95,-1.62,24.94,-11.21,1
N,2022-10-29 10:04:00.517534,0.42,-0.12,0.87,15.93,-21.91,-14.22,-1.05,25.29,-11.12,1
N,2022-10-29 10:04:00.535335,0.38,-0.17,0.93,14.16,-8.18,-3.72,-1.05,25.29,-11.12,1
N,2022-10-29 10:04:00.552769,0.40,-0.16,1.03,21.30,1.89,9.58,-1.05,25.29,-11.12,1
N,2022-10-29 10:04:00.573492,0.34,-0.23,1.11,31.74,-2.81,10.31,-0.70,25.04,-9.84,1
N,2022-10-29 10:04:00.592543,0.35,-0.17,1.01,39.49,-13.43,2.69,-0.70,25.04,-9.84,1
N,2022-10-29 10:04:00.610961,1.77,-0.07,-0.20,11.41,44.68,16.24,-0.70,25.04,-9.84,1
N,2022-10-29 10:04:00.629848,0.49,0.15,0.78,8.00,58.41,19.65,-0.88,25.20,-9.84,1
N,2022-10-29 10:04:00.647896,0.53,-0.23,1.02,-16.72,87.22,24.54,-0.88,25.20,-9.84,1
N,2022-10-29 10:04:00.667319,0.24,-0.23,1.03,-36.80,90.45,10.86,-0.27,25.93,-9.01,1
N,2022-10-29 10:04:00.684407,0.15,0.01,1.19,-41.63,63.29,10.25,-0.27,25.93,-9.01,1
N,2022-10-29 10:04:00.703144,0.09,-0.16,1.03,-20.14,25.45,12.57,-0.27,25.93,-9.01,1
N,2022-10-29 10:04:00.723315,0.35,-0.13,0.88,-0.55,9.89,16.17,-0.99,25.71,-10.47,1
N,2022-10-29 10:04:00.743436,0.25,-0.16,0.83,13.37,-2.44,11.41,-0.99,25.71,-10.47,1
N,2022-10-29 10:04:00.761769,0.17,-0.08,0.87,30.64,-15.01,9.46,-0.99,25.71,-10.47,1
N,2022-10-29 10:04:00.781326,0.33,-0.10,0.66,60.36,-33.81,9.77,-2.17,26.10,-9.39,1
N,2022-10-29 10:04:00.800088,0.38,-0.12,0.66,49.74,-25.33,13.12,-2.17,26.10,-9.39,1
N,2022-10-29 10:04:00.818885,0.38,-0.20,0.69,28.75,-12.76,17.27,-2.82,26.89,-8.54,1
N,2022-10-29 10:04:00.837668,0.39,-0.27,0.74,-2.75,2.56,13.67,-2.82,26.89,-8.54,1
N,2022-10-29 10:04:00.857630,0.40,-0.24,0.86,-20.94,7.02,9.40,-2.82,26.89,-8.54,1
N,2022-10-29 10:04:00.876579,0.41,-0.16,0.91,-31.43,8.00,5.62,-1.73,27.05,-9.29,1
N,2022-10-29 10:04:00.895064,0.40,-0.09,0.93,-33.02,6.10,5.07,-1.73,27.05,-9.29,1
N,2022-10-29 10:04:00.913235,0.36,0.07,0.92,-18.13,-0.12,13.31,-1.73,27.05,-9.29,1
N,2022-10-29 10:04:00.932545,0.21,0.16,0.73,96.56,-26.79,25.39,-2.28,26.22,-8.45,1
