k,2022-09-29 20:26:11.958455,-2.533195,9.074487,-0.603370,-0.089557,0.154870,0.080053,1.229968,23.525186,-75.504211,1
k,2022-09-29 20:26:12.053047,-2.490097,11.832748,2.121371,-0.127374,-0.009849,-0.082136,1.229968,23.525186,-75.504211,1
k,2022-09-29 20:26:12.150812,-1.714336,8.317881,-0.220278,0.111115,0.027836,0.008813,-3.514194,24.409591,-79.765174,1
k,2022-09-29 20:26:12.243994,-1.996866,7.930000,0.339994,-0.603555,-0.187351,0.095633,-2.459936,30.777311,-79.083419,1
k,2022-09-29 20:26:12.342658,-2.212355,9.012235,0.809281,-0.787049,-0.097867,-0.037660,-6.501259,64.207839,-74.822463,1
k,2022-09-29 20:26:12.438167,-2.356014,11.100085,0.909843,-0.391564,-0.021700,-0.245390,-6.501259,64.207839,-74.822463,1
k,2022-09-29 20:26:12.534338,-1.048714,13.700321,2.609813,0.071434,0.245552,-0.456316,-5.798420,92.508819,-41.075656,1
k,2022-09-29 20:26:12.630232,-2.940229,7.556486,-0.009577,0.784373,-0.107455,-0.509580,0.878549,78.712089,-49.256698,1
k,2022-09-29 20:26:12.726159,-3.352053,7.551697,0.162814,0.171703,0.034627,-0.176280,15.111036,43.158988,-66.130104,1
k,2022-09-29 20:26:12.822406,-3.711202,9.337862,0.861956,-0.107533,0.043815,-0.297855,15.111036,43.158988,-66.130104,1
k,2022-09-29 20:26:12.916590,-4.257108,8.044928,0.526751,-0.351616,0.211996,-0.226082,15.989584,37.321914,-66.300544,1
k,2022-09-29 20:26:13.014502,-1.048714,10.467984,0.311262,-0.209135,0.283903,0.443713,8.785486,44.927799,-67.493606,1
k,2022-09-29 20:26:13.110173,-1.580254,9.266034,0.627313,-0.282639,0.063789,-0.322223,-4.392743,63.854080,-74.140708,1
k,2022-09-29 20:26:13.204339,-0.727874,9.294765,0.914632,-0.426585,-0.456601,0.181787,-4.392743,63.854080,-74.140708,1
k,2022-09-29 20:26:13.300025,-4.008098,9.711378,1.307301,-0.243357,-0.155259,-0.205708,3.689904,70.929321,-61.528266,1
k,2022-09-29 20:26:13.397548,-2.638545,10.295593,1.699970,-0.135630,0.010525,-0.052707,35.141941,77.473922,-42.950477,1
