I,2022-10-17 14:55:56.375841,0.02,0.15,1.01,-26.73,29.85,-31.49,40.09,18.62,-19.27,1
I,2022-10-17 14:55:56.394800,0.10,0.14,1.01,-15.50,27.77,-26.49,41.36,18.25,-18.09,1
I,2022-10-17 14:55:56.412789,0.10,0.09,1.00,-13.24,20.51,-15.32,41.36,18.25,-18.09,1
I,2022-10-17 14:55:56.430840,0.09,0.06,0.93,-12.21,14.04,-9.03,41.36,18.25,-18.09,1
I,2022-10-17 14:55:56.449652,0.01,0.01,0.98,-25.63,18.86,-15.56,41.80,17.30,-17.98,1
I,2022-10-17 14:55:56.467781,0.08,0.06,0.98,-31.86,25.09,-24.84,41.80,17.30,-17.98,1
I,2022-10-17 14:55:56.486796,0.14,0.09,0.94,-36.19,36.07,-27.34,42.59,17.00,-16.87,1
I,2022-10-17 14:55:56.504676,0.12,0.06,0.95,-43.76,37.35,-18.86,42.59,17.00,-16.87,1
I,2022-10-17 14:55:56.522773,0.14,0.07,0.95,-33.26,26.12,-0.55,42.59,17.00,-16.87,1
I,2022-10-17 14:55:56.541786,0.12,-0.07,0.93,-27.71,15.93,12.15,42.74,17.37,-17.92,1
I,2022-10-17 14:55:56.559780,0.13,-0.03,0.90,-37.84,7.08,14.95,42.74,17.37,-17.92,1
I,2022-10-17 14:55:56.577850,0.19,0.04,0.83,-47.06,-0.92,18.37,42.74,17.37,-17.92,1
I,2022-10-17 14:55:56.596825,0.11,0.18,0.84,-63.78,-4.70,9.64,42.10,16.81,-16.14,1
I,2022-10-17 14:55:56.614892,0.08,0.37,0.81,-61.04,-18.19,-5.74,42.10,16.81,-16.14,1
I,2022-10-17 14:55:56.632703,-0.02,0.82,1.04,-42.18,16.72,0.55,42.10,16.81,-16.14,1
I,2022-10-17 14:55:56.651816,-0.01,0.34,1.14,47.36,13.06,13.67,41.98,16.38,-15.44,1
I,2022-10-17 14:55:56.669787,0.11,0.28,1.01,73.12,-17.33,-39.92,41.98,16.38,-15.44,1
I,2022-10-17 14:55:56.688838,0.14,0.37,0.94,58.53,-17.40,-85.14,43.47,15.77,-15.47,1
I,2022-10-17 14:55:56.706880,0.13,0.14,0.89,28.44,-4.52,-78.19,43.47,15.77,-15.47,1
I,2022-10-17 14:55:56.724847,0.03,0.05,1.00,-0.49,5.00,-61.77,43.47,15.77,-15.47,1
I,2022-10-17 14:55:56.743795,-0.15,-0.03,1.04,4.46,7.93,-24.23,45.62,15.11,-16.22,1
I,2022-10-17 14:55:56.761760,0.13,-0.23,1.01,29.60,17.94,23.01,45.62,15.11,-16.22,1
I,2022-10-17 14:55:56.779786,0.34,-0.37,0.96,-8.97,-2.75,33.51,45.62,15.11,-16.22,1
I,2022-10-17 14:55:56.798784,0.34,-0.06,0.81,-49.26,-19.78,27.95,45.29,15.64,-15.27,1
I,2022-10-17 14:55:56.816662,0.26,0.15,0.74,-74.34,-30.64,30.09,45.29,15.64,-15.27,1
I,2022-10-17 14:55:56.835841,0.08,0.82,0.91,-88.44,22.28,-53.16,44.47,15.14,-14.28,1
I,2022-10-17 14:55:56.853837,-0.08,0.79,1.03,-54.69,24.48,-31.07,44.47,15.14,-14.28,1
I,2022-10-17 14:55:56.871698,-0.01,0.60,1.10,52.25,-59.39,38.64,44.47,15.14,-14.28,1
I,2022-10-17 14:55:56.890786,0.06,0.39,1.11,96.01,-119.51,39.86,44.59,15.27,-14.82,1
I,2022-10-17 14:55:56.908520,0.14,0.26,0.90,135.44,-152.53,49.07,44.59,15.27,-14.82,1
I,2022-10-17 14:55:56.926783,0.07,0.02,0.67,138.92,-138.85,57.01,44.59,15.27,-14.82,1
I,2022-10-17 14:55:56.945845,-0.03,-0.17,0.69,94.06,-86.24,43.15,45.13,16.97,-13.22,1
I,2022-10-17 14:55:56.963822,-0.21,-0.08,0.88,10.25,0.92,12.08,45.13,16.97,-13.22,1
I,2022-10-17 14:55:56.981770,-0.06,-0.09,1.04,-13.43,52.12,4.21,45.13,16.97,-13.22,1
I,2022-10-17 14:55:57.000973,0.11,-0.02,1.10,-41.32,69.64,-3.17,45.13,16.52,-13.72,1
I,2022-10-17 14:55:57.018697,0.14,0.08,1.14,-49.87,49.74,0.06,45.13,16.52,-13.72,1
I,2022-10-17 14:55:57.037777,0.25,0.12,1.10,-45.65,17.27,10.01,45.08,16.67,-12.66,1
I,2022-10-17 14:55:57.055988,0.21,0.30,0.85,-44.92,-37.41,-4.46,45.08,16.67,-12.66,1
I,2022-10-17 14:55:57.073978,-0.33,0.98,1.06,-48.28,-15.20,-19.17,45.08,16.67,-12.66,1
I,2022-10-17 14:55:57.092685,-0.13,0.41,1.19,95.76,1.65,17.09,45.98,16.82,-13.12,1
I,2022-10-17 14:55:57.110787,-0.03,0.33,0.95,112.73,-12.82,-53.47,45.98,16.82,-13.12,1
I,2022-10-17 14:55:57.128779,-0.03,0.52,0.98,89.72,-1.89,-68.12,45.98,16.82,-13.12,1
I,2022-10-17 14:55:57.147820,-0.04,0.10,0.95,83.98,7.02,-26.79,47.66,15.82,-14.86,1
I,2022-10-17 14:55:57.165792,-0.14,-0.46,0.97,49.32,11.35,-6.77,47.66,15.82,-14.86,1
I,2022-10-17 14:55:57.183832,-0.34,-0.43,1.01,15.75,20.20,3.36,47.66,15.82,-14.86,1
I,2022-10-17 14:55:57.202686,-0.05,-0.55,1.03,10.07,25.45,26.25,48.89,16.37,-13.71,1
I,2022-10-17 14:55:57.220814,0.01,-0.35,1.03,-32.41,15.56,5.98,48.89,16.37,-13.71,1
I,2022-10-17 14:55:57.239706,-0.03,0.04,0.99,-21.42,7.45,15.50,47.99,17.38,-15.23,1
I,2022-10-17 14:55:57.257839,0.07,0.09,0.91,-5.92,5.00,26.25,47.99,17.38,-15.23,1
I,2022-10-17 14:55:57.275677,0.13,0.08,0.90,1.22,0.61,23.13,47.99,17.38,-15.23,1
I,2022-10-17 14:55:57.294781,0.14,0.13,0.87,-5.00,-3.30,14.10,47.01,17.64,-16.93,1
I,2022-10-17 14:55:57.312787,0.10,0.17,0.90,-9.28,-4.88,2.87,47.01,17.64,-16.93,1
I,2022-10-17 14:55:57.330853,-0.03,0.19,0.95,-5.37,-2.75,1.83,47.01,17.64,-16.93,1
I,2022-10-17 14:55:57.349837,0.03,0.15,0.97,0.24,2.50,-2.26,46.56,18.32,-15.48,1
