r,2022-10-13 16:40:29.836915,0.05,0.42,0.99,-0.37,4.64,-15.63,74.50,45.09,-68.77,1
r,2022-10-13 16:40:29.854898,0.06,0.46,0.97,-1.65,7.08,-17.64,74.50,45.09,-68.77,1
r,2022-10-13 16:40:29.872897,0.05,0.44,0.94,5.49,8.18,-13.31,74.50,45.09,-68.77,1
r,2022-10-13 16:40:29.891780,0.05,0.37,0.90,9.16,9.03,-12.08,77.65,44.97,-69.37,1
r,2022-10-13 16:40:29.909883,0.11,0.38,0.88,5.13,10.01,-11.84,77.65,44.97,-69.37,1
r,2022-10-13 16:40:29.927894,0.14,0.35,0.86,2.62,6.29,-5.68,77.65,44.97,-69.37,1
r,2022-10-13 16:40:29.946790,0.15,0.32,0.83,-2.14,2.87,0.18,80.21,44.95,-68.31,1
r,2022-10-13 16:40:29.964920,0.15,0.30,0.80,-9.16,-1.34,4.64,80.21,44.95,-68.31,1
r,2022-10-13 16:40:29.983876,0.13,0.37,0.77,-21.97,-3.66,7.75,81.63,43.75,-67.54,1
r,2022-10-13 16:40:30.001921,0.14,0.40,0.76,-25.51,-6.23,15.56,81.63,43.75,-67.54,1
r,2022-10-13 16:40:30.019913,0.00,0.39,0.74,-23.80,-5.98,16.48,81.63,43.75,-67.54,1
r,2022-10-13 16:40:30.038878,0.01,0.44,0.76,-19.41,-3.17,15.50,81.16,40.49,-66.77,1
r,2022-10-13 16:40:30.056892,-0.78,0.36,0.70,-9.58,-11.17,12.88,81.16,40.49,-66.77,1
r,2022-10-13 16:40:30.074980,-0.04,0.65,0.81,20.81,23.01,-5.31,81.16,40.49,-66.77,1
r,2022-10-13 16:40:30.093798,0.03,0.28,0.87,32.29,-7.20,11.35,80.73,40.30,-67.27,1
r,2022-10-13 16:40:30.111953,0.00,0.41,0.76,-22.77,-36.50,7.02,80.73,40.30,-67.27,1
r,2022-10-13 16:40:30.130866,0.01,0.45,0.78,-35.58,-48.89,10.93,76.42,39.31,-67.82,1
r,2022-10-13 16:40:30.148981,0.01,0.46,0.80,-31.31,-59.69,20.32,76.42,39.31,-67.82,1
r,2022-10-13 16:40:30.166986,0.02,0.42,0.74,-16.24,-63.29,32.23,76.42,39.31,-67.82,1
r,2022-10-13 16:40:30.185997,-0.02,0.45,0.78,-2.81,-44.43,29.97,69.19,39.15,-68.35,1
r,2022-10-13 16:40:30.203971,-0.05,0.60,0.95,2.75,-27.34,22.22,69.19,39.15,-68.35,1
r,2022-10-13 16:40:30.221828,-0.05,0.62,1.10,9.70,-8.91,15.26,69.19,39.15,-68.35,1
r,2022-10-13 16:40:30.240817,-0.06,0.56,1.13,8.79,0.61,6.84,65.82,39.99,-68.69,1
r,2022-10-13 16:40:30.259002,-0.04,0.72,1.22,-10.50,8.36,-4.39,65.82,39.99,-68.69,1
r,2022-10-13 16:40:30.276954,-0.02,0.67,1.12,16.91,-12.82,12.33,65.82,39.99,-68.69,1
r,2022-10-13 16:40:30.295715,-0.05,0.43,0.93,36.01,31.19,7.26,65.75,40.80,-68.92,1
r,2022-10-13 16:40:30.313943,-0.05,0.38,0.97,20.39,39.00,-10.01,65.75,40.80,-68.92,1
r,2022-10-13 16:40:30.332883,-0.03,0.55,0.88,3.42,36.68,-25.51,71.40,41.33,-69.45,1
r,2022-10-13 16:40:30.350953,-0.02,0.57,0.86,3.66,34.18,-27.34,71.40,41.33,-69.45,1
r,2022-10-13 16:40:30.368956,-0.02,0.60,0.83,8.24,30.58,-27.65,71.40,41.33,-69.45,1
r,2022-10-13 16:40:30.387862,-0.01,0.53,0.78,19.78,23.86,-26.37,76.71,40.65,-68.53,1
r,2022-10-13 16:40:30.405975,-0.00,0.47,0.76,22.83,17.40,-25.63,76.71,40.65,-68.53,1
r,2022-10-13 16:40:30.423965,-0.00,0.41,0.72,20.81,10.19,-26.67,76.71,40.65,-68.53,1
r,2022-10-13 16:40:30.442831,0.00,0.43,0.71,12.63,1.22,-25.15,81.54,41.50,-68.43,1
r,2022-10-13 16:40:30.461007,0.01,0.42,0.72,15.93,-7.39,-16.05,81.54,41.50,-68.43,1
r,2022-10-13 16:40:30.478899,0.02,0.32,0.75,18.49,-10.62,-5.55,81.54,41.50,-68.43,1
r,2022-10-13 16:40:30.497866,0.03,0.28,0.84,19.23,-12.27,-0.24,83.64,42.65,-68.51,1
r,2022-10-13 16:40:30.515909,0.04,0.26,0.88,22.83,-13.31,1.53,83.64,42.65,-68.51,1
r,2022-10-13 16:40:30.534913,0.03,0.25,0.93,22.71,-15.81,2.38,84.13,43.90,-69.57,1
r,2022-10-13 16:40:30.553026,0.02,0.29,0.96,-8.36,-23.74,0.18,84.13,43.90,-69.57,1
r,2022-10-13 16:40:30.571009,0.02,0.34,0.93,-18.13,-25.09,-1.71,84.13,43.90,-69.57,1
r,2022-10-13 16:40:30.590087,-0.01,0.33,0.89,-24.96,-19.96,-1.89,82.92,42.91,-68.01,1
r,2022-10-13 16:40:30.608727,-0.09,0.43,0.84,-32.35,-12.02,-2.32,82.92,42.91,-68.01,1
r,2022-10-13 16:40:30.626927,-0.13,0.53,0.85,4.03,10.01,5.43,82.92,42.91,-68.01,1
r,2022-10-13 16:40:30.645853,-0.02,0.37,0.89,19.47,12.39,3.23,82.34,42.08,-66.20,1
r,2022-10-13 16:40:30.664063,0.02,0.42,0.83,7.45,7.51,-2.62,82.34,42.08,-66.20,1
r,2022-10-13 16:40:30.682804,0.01,0.46,0.81,3.60,2.87,-2.08,81.80,43.80,-66.61,1
r,2022-10-13 16:40:30.700910,0.01,0.49,0.78,6.35,-0.73,-0.49,81.80,43.80,-66.61,1
r,2022-10-13 16:40:30.719243,0.02,0.48,0.77,12.08,-1.77,1.40,81.80,43.80,-66.61,1
