r,2022-10-13 16:40:38.375762,0.03,0.27,0.94,3.66,6.23,-6.77,41.98,98.07,-107.01,1
r,2022-10-13 16:40:38.394761,0.07,0.20,0.87,-1.22,2.56,-4.27,43.73,96.89,-112.78,1
r,2022-10-13 16:40:38.412848,0.14,0.27,0.83,-10.13,-2.44,-1.65,43.73,96.89,-112.78,1
r,2022-10-13 16:40:38.430918,0.15,0.25,0.82,-9.64,-10.50,6.59,43.73,96.89,-112.78,1
r,2022-10-13 16:40:38.449859,0.13,0.23,0.80,-14.10,-20.08,17.52,44.24,96.26,-117.64,1
r,2022-10-13 16:40:38.467735,0.06,0.20,0.78,-30.76,-28.26,25.51,44.24,96.26,-117.64,1
r,2022-10-13 16:40:38.485817,-0.00,0.25,0.79,-33.75,-34.61,25.70,44.24,96.26,-117.64,1
r,2022-10-13 16:40:38.504749,-0.17,0.46,0.75,17.76,-4.70,3.30,43.48,97.84,-124.60,1
r,2022-10-13 16:40:38.522653,0.04,0.65,1.05,28.20,30.33,4.39,43.48,97.84,-124.60,1
r,2022-10-13 16:40:38.540792,-0.05,-0.27,0.98,50.17,-10.56,8.91,43.48,97.84,-124.60,1
r,2022-10-13 16:40:38.559846,-0.06,0.20,0.71,-54.99,-46.39,-7.93,39.65,104.98,-125.35,1
r,2022-10-13 16:40:38.577830,-0.06,0.49,0.82,-90.39,-52.49,5.31,39.65,104.98,-125.35,1
r,2022-10-13 16:40:38.596841,-0.06,0.52,0.72,-36.87,-62.56,20.51,29.42,102.44,-122.13,1
r,2022-10-13 16:40:38.614751,-0.08,0.43,0.72,2.20,-65.06,28.56,29.42,102.44,-122.13,1
r,2022-10-13 16:40:38.632809,-0.10,0.43,0.72,20.32,-58.59,27.89,29.42,102.44,-122.13,1
r,2022-10-13 16:40:38.651753,-0.17,0.36,0.88,37.60,-34.06,25.76,13.99,117.38,-118.59,1
r,2022-10-13 16:40:38.669813,-0.20,0.33,1.12,16.48,-19.10,14.59,13.99,117.38,-118.59,1
r,2022-10-13 16:40:38.688038,-0.23,0.48,1.13,-1.71,-5.49,2.87,13.99,117.38,-118.59,1
r,2022-10-13 16:40:38.706675,-0.20,0.48,1.19,8.97,16.30,0.06,6.43,127.40,-115.50,1
r,2022-10-13 16:40:38.725196,-0.12,0.36,1.40,-13.67,10.13,2.08,6.43,127.40,-115.50,1
r,2022-10-13 16:40:38.742838,-0.27,0.51,0.90,1.59,19.84,-2.14,6.43,127.40,-115.50,1
r,2022-10-13 16:40:38.761755,-0.11,0.39,1.02,8.00,50.54,-7.20,7.36,125.12,-117.97,1
r,2022-10-13 16:40:38.779702,-0.10,0.38,1.05,15.81,52.80,-21.48,7.36,125.12,-117.97,1
r,2022-10-13 16:40:38.798711,-0.07,0.51,1.02,20.02,49.50,-28.69,17.07,119.82,-123.00,1
r,2022-10-13 16:40:38.816899,-0.06,0.47,0.93,38.21,42.91,-20.20,17.07,119.82,-123.00,1
r,2022-10-13 16:40:38.834815,-0.03,0.37,0.83,40.22,32.59,-21.42,17.07,119.82,-123.00,1
r,2022-10-13 16:40:38.853829,-0.02,0.33,0.73,25.45,26.18,-26.55,26.06,115.97,-127.08,1
r,2022-10-13 16:40:38.872474,-0.02,0.42,0.70,8.42,20.94,-33.51,26.06,115.97,-127.08,1
r,2022-10-13 16:40:38.890818,-0.03,0.42,0.72,19.29,17.88,-33.75,26.06,115.97,-127.08,1
r,2022-10-13 16:40:38.909805,-0.04,0.31,0.76,28.44,6.23,-20.32,27.29,114.77,-133.95,1
r,2022-10-13 16:40:38.927851,-0.03,0.26,0.82,34.18,-4.33,-8.18,27.29,114.77,-133.95,1
r,2022-10-13 16:40:38.946870,-0.02,0.20,0.86,29.60,-14.22,-4.82,18.52,120.26,-139.97,1
r,2022-10-13 16:40:38.964792,-0.03,0.11,0.88,14.47,-23.68,-8.91,18.52,120.26,-139.97,1
r,2022-10-13 16:40:38.982955,-0.06,0.07,0.92,-8.73,-28.08,-12.51,18.52,120.26,-139.97,1
r,2022-10-13 16:40:39.002406,-0.07,0.08,0.95,-42.72,-28.02,-13.61,6.98,121.03,-144.67,1
r,2022-10-13 16:40:39.020951,-0.13,0.18,0.97,-57.25,-31.62,-13.85,6.98,121.03,-144.67,1
r,2022-10-13 16:40:39.038956,-0.36,0.29,0.96,-54.08,-27.59,-12.51,6.98,121.03,-144.67,1
r,2022-10-13 16:40:39.057938,-0.39,0.25,0.98,-12.08,-15.32,-16.48,-0.72,114.61,-143.71,1
r,2022-10-13 16:40:39.075796,-0.43,0.31,1.01,31.92,17.40,-26.55,-0.72,114.61,-143.71,1
r,2022-10-13 16:40:39.093803,-0.27,0.03,1.10,57.86,31.74,-17.82,-0.72,114.61,-143.71,1
