g,2022-10-30 19:17:00.231789,0.12,0.20,1.02,-27.28,-4.76,31.19,26.84,-6.63,-103.34,1
g,2022-10-30 19:17:00.250793,0.13,0.24,1.01,-42.36,-7.02,27.40,22.53,-11.25,-105.21,1
g,2022-10-30 19:17:00.268817,0.05,0.31,1.02,-76.48,-15.50,4.33,22.53,-11.25,-105.21,1
g,2022-10-30 19:17:00.286962,-0.04,0.60,1.06,-79.41,-14.10,-7.81,22.53,-11.25,-105.21,1
g,2022-10-30 19:17:00.305789,-0.03,0.71,1.02,-61.16,-6.65,-19.47,20.08,-15.50,-105.76,1
g,2022-10-30 19:17:00.323982,-0.10,0.61,1.04,-39.49,-4.27,-28.69,20.08,-15.50,-105.76,1
g,2022-10-30 19:17:00.342881,-0.05,0.49,0.99,-8.97,-0.49,-23.68,19.02,-17.68,-105.04,1
g,2022-10-30 19:17:00.360663,0.11,0.35,0.96,6.53,1.46,-18.13,19.02,-17.68,-105.04,1
g,2022-10-30 19:17:00.378815,0.14,0.28,1.05,1.40,-1.77,-25.63,19.02,-17.68,-105.04,1
g,2022-10-30 19:17:00.397675,0.15,0.21,1.10,0.67,5.49,-23.86,20.58,-18.13,-103.60,1
g,2022-10-30 19:17:00.415658,0.21,0.08,1.07,3.72,13.24,-21.18,20.58,-18.13,-103.60,1
g,2022-10-30 19:17:00.433805,0.26,-0.01,1.08,-0.67,18.92,-8.18,20.58,-18.13,-103.60,1
g,2022-10-30 19:17:00.452786,-0.22,-0.31,1.45,0.98,12.94,10.07,21.34,-18.98,-98.38,1
g,2022-10-30 19:17:00.470693,0.17,-0.24,0.83,53.96,20.63,50.60,21.34,-18.98,-98.38,1
g,2022-10-30 19:17:00.489847,0.17,-0.19,0.75,-11.29,13.12,17.46,18.36,-19.15,-99.02,1
g,2022-10-30 19:17:00.507803,0.13,-0.16,0.54,-64.51,-5.62,2.38,18.36,-19.15,-99.02,1
g,2022-10-30 19:17:00.525709,0.07,-0.11,0.23,-75.07,-37.96,27.10,18.36,-19.15,-99.02,1
g,2022-10-30 19:17:00.544734,-0.07,0.17,0.36,-83.56,-83.25,51.70,14.45,-20.90,-99.73,1
g,2022-10-30 19:17:00.562785,-0.22,0.67,0.61,-103.76,-87.16,45.90,14.45,-20.90,-99.73,1
g,2022-10-30 19:17:00.580915,-0.30,1.08,0.90,-83.44,-71.90,22.34,14.45,-20.90,-99.73,1
g,2022-10-30 19:17:00.599719,-0.19,1.15,1.17,30.27,-16.78,14.47,15.89,-27.67,-100.82,1
g,2022-10-30 19:17:00.617684,-0.04,0.69,1.40,103.27,4.27,21.24,15.89,-27.67,-100.82,1
g,2022-10-30 19:17:00.635589,0.11,0.15,1.47,123.90,13.43,14.65,15.89,-27.67,-100.82,1
g,2022-10-30 19:17:00.654786,0.17,-0.09,1.53,87.95,9.16,-5.37,23.41,-30.22,-103.45,1
g,2022-10-30 19:17:00.672612,0.11,0.01,1.60,27.65,19.90,-45.72,23.41,-30.22,-103.45,1
g,2022-10-30 19:17:00.691778,0.17,-0.08,1.21,0.18,40.47,-56.82,25.77,-25.54,-100.29,1
g,2022-10-30 19:17:00.709784,0.23,-0.17,0.92,-8.06,39.00,-46.63,25.77,-25.54,-100.29,1
g,2022-10-30 19:17:00.727811,0.20,-0.20,0.64,-11.66,21.06,-26.92,25.77,-25.54,-100.29,1
g,2022-10-30 19:17:00.746965,0.08,-0.09,0.43,-26.79,-2.08,-17.58,19.86,-18.95,-98.24,1
g,2022-10-30 19:17:00.764892,-0.05,0.13,0.44,-66.22,-36.44,-39.86,19.86,-18.95,-98.24,1
g,2022-10-30 19:17:00.782839,0.02,0.14,-0.26,-100.83,15.20,-34.24,19.86,-18.95,-98.24,1
g,2022-10-30 19:17:00.801861,-0.03,0.03,0.12,-36.38,-82.82,-7.63,18.15,-16.86,-97.61,1
g,2022-10-30 19:17:00.819785,-0.04,0.09,0.36,-24.48,-100.28,0.12,18.15,-16.86,-97.61,1
g,2022-10-30 19:17:00.838653,0.01,0.17,0.59,12.88,-71.59,25.45,24.60,-25.17,-104.38,1
g,2022-10-30 19:17:00.856605,0.07,0.19,1.16,60.91,-52.43,53.65,24.60,-25.17,-104.38,1
g,2022-10-30 19:17:00.874653,0.09,0.05,1.49,99.43,-26.98,68.24,24.60,-25.17,-104.38,1
g,2022-10-30 19:17:00.893697,0.06,-0.21,1.74,82.34,-8.85,61.89,19.60,-33.69,-119.47,1
g,2022-10-30 19:17:00.911675,0.02,-0.17,1.83,-5.68,13.06,19.17,19.60,-33.69,-119.47,1
g,2022-10-30 19:17:00.929779,-0.13,0.34,1.55,-34.30,23.19,-3.78,19.60,-33.69,-119.47,1
g,2022-10-30 19:17:00.948811,-0.18,0.57,1.33,-34.67,23.93,-9.52,9.08,-35.24,-121.14,1
g,2022-10-30 19:17:00.966788,-0.27,0.77,1.16,-18.68,26.79,-11.29,9.08,-35.24,-121.14,1
g,2022-10-30 19:17:00.984872,-0.34,0.89,1.07,-0.73,43.27,-20.51,9.08,-35.24,-121.14,1
g,2022-10-30 19:17:01.003649,-0.51,0.79,0.91,42.42,54.81,-38.39,9.78,-33.51,-119.04,1
g,2022-10-30 19:17:01.021875,-0.22,0.44,0.76,73.24,34.97,-33.45,9.78,-33.51,-119.04,1
g,2022-10-30 19:17:01.040765,-0.02,0.30,0.73,70.13,27.34,-25.57,19.36,-28.28,-113.43,1
g,2022-10-30 19:17:01.058658,0.12,0.21,0.67,56.64,15.08,-20.02,19.36,-28.28,-113.43,1
g,2022-10-30 19:17:01.076641,0.20,0.10,0.70,22.64,1.10,-28.32,19.36,-28.28,-113.43,1
g,2022-10-30 19:17:01.095588,0.05,0.01,0.89,24.60,-1.40,-21.00,25.92,-23.19,-112.24,1
g,2022-10-30 19:17:01.113778,0.09,-0.08,0.91,31.31,2.62,-16.24,25.92,-23.19,-112.24,1
g,2022-10-30 19:17:01.131884,0.11,-0.20,0.95,26.12,2.62,-16.91,25.92,-23.19,-112.24,1
g,2022-10-30 19:17:01.150668,0.10,-0.18,1.02,7.32,4.64,-17.03,31.04,-20.43,-108.81,1
g,2022-10-30 19:17:01.168799,0.08,-0.02,1.11,-6.23,3.05,-17.82,31.04,-20.43,-108.81,1
g,2022-10-30 19:17:01.187816,0.10,0.00,1.08,-0.06,6.90,-13.73,32.57,-17.68,-108.48,1
g,2022-10-30 19:17:01.205786,0.07,-0.02,1.06,5.37,10.19,-9.83,32.57,-17.68,-108.48,1
g,2022-10-30 19:17:01.223786,0.08,-0.08,0.99,3.17,13.06,-12.02,32.57,-17.68,-108.48,1
