j,2022-10-31 15:31:09.588773,0.61,0.75,-0.01,-13.06,5.86,10.99,18.18,-36.47,-39.15,1
j,2022-10-31 15:31:09.609022,0.57,0.78,0.01,-17.15,5.98,4.52,18.18,-36.47,-39.15,1
j,2022-10-31 15:31:09.629091,0.52,0.78,0.04,-22.40,4.46,3.17,18.52,-37.16,-38.12,1
j,2022-10-31 15:31:09.649045,0.47,0.79,0.02,5.13,17.58,5.55,18.52,-37.16,-38.12,1
j,2022-10-31 15:31:09.669253,0.45,0.77,0.13,7.63,11.05,13.92,19.45,-36.88,-38.12,1
j,2022-10-31 15:31:09.689693,0.54,0.60,-0.05,-4.33,1.95,16.11,19.45,-36.88,-38.12,1
j,2022-10-31 15:31:09.709736,0.52,0.67,-0.03,-50.72,4.09,7.08,19.45,-36.88,-38.12,1
j,2022-10-31 15:31:09.729728,0.30,1.15,-0.04,-66.41,15.26,33.08,19.58,-37.79,-35.16,1
j,2022-10-31 15:31:09.749997,0.40,0.77,0.09,36.62,33.51,62.93,19.58,-37.79,-35.16,1
j,2022-10-31 15:31:09.770099,0.47,0.73,0.17,19.29,17.09,80.02,15.03,-37.41,-35.94,1
j,2022-10-31 15:31:09.789967,0.49,0.65,0.11,-28.26,-0.55,78.55,15.03,-37.41,-35.94,1
j,2022-10-31 15:31:09.810752,0.45,0.79,-0.09,-58.65,-4.46,64.58,15.03,-37.41,-35.94,1
j,2022-10-31 15:31:09.831207,0.50,0.78,-0.13,-11.41,16.97,63.72,9.38,-37.59,-33.81,1
j,2022-10-31 15:31:09.853477,0.47,0.82,0.01,9.34,27.22,43.15,9.38,-37.59,-33.81,1
j,2022-10-31 15:31:09.873518,0.52,0.83,0.02,1.77,34.00,39.31,6.48,-36.72,-35.11,1
j,2022-10-31 15:31:09.894242,0.67,0.71,0.20,-36.44,12.39,13.24,6.48,-36.72,-35.11,1
j,2022-10-31 15:31:09.916172,0.44,1.24,-0.46,-105.47,-16.36,-5.25,6.48,-36.72,-35.11,1
j,2022-10-31 15:31:09.936205,0.52,1.07,-0.54,-26.67,39.92,2.26,5.08,-37.78,-31.97,1
j,2022-10-31 15:31:09.956200,0.36,1.36,-0.58,10.07,29.42,-0.12,5.08,-37.78,-31.97,1
j,2022-10-31 15:31:09.976225,0.50,0.78,-0.16,95.28,70.68,-20.39,5.80,-37.46,-34.31,1
j,2022-10-31 15:31:09.996521,0.44,0.92,0.32,23.86,48.65,-45.17,5.80,-37.46,-34.31,1
j,2022-10-31 15:31:10.026407,0.34,0.95,-0.11,-50.60,-24.11,-56.15,10.19,-38.18,-33.04,1
j,2022-10-31 15:31:10.046403,0.35,0.95,-0.28,-65.98,-25.09,-61.04,10.19,-38.18,-33.04,1
j,2022-10-31 15:31:10.067523,0.46,0.88,-0.15,-4.09,0.49,-71.04,10.19,-38.18,-33.04,1
j,2022-10-31 15:31:10.087963,0.60,0.76,-0.00,5.92,-6.16,-73.97,14.83,-38.94,-32.25,1
j,2022-10-31 15:31:10.107993,0.62,0.78,0.02,-37.41,-35.83,-67.99,14.83,-38.94,-32.25,1
j,2022-10-31 15:31:10.129380,0.65,0.77,-0.09,-69.76,-50.48,-52.73,18.66,-39.40,-29.58,1
j,2022-10-31 15:31:10.150045,0.67,0.75,-0.16,-80.63,-30.88,-20.20,18.66,-39.40,-29.58,1
j,2022-10-31 15:31:10.170455,0.66,0.73,-0.03,-85.02,-12.15,6.16,18.66,-39.40,-29.58,1
j,2022-10-31 15:31:10.190447,0.58,0.64,0.09,-103.09,-18.49,51.51,20.97,-39.16,-24.37,1
j,2022-10-31 15:31:10.210443,0.11,0.65,-0.47,-85.39,-38.15,26.67,20.97,-39.16,-24.37,1
j,2022-10-31 15:31:10.230433,0.43,0.84,-0.29,-61.89,-15.93,5.86,21.04,-40.01,-20.06,1
j,2022-10-31 15:31:10.250528,0.35,0.77,-0.63,-48.46,-10.99,18.55,21.04,-40.01,-20.06,1
j,2022-10-31 15:31:10.272097,0.35,0.64,-0.51,40.34,30.46,16.72,20.13,-39.95,-19.02,1
j,2022-10-31 15:31:10.292109,0.13,0.93,-0.22,74.83,21.67,30.88,20.13,-39.95,-19.02,1
j,2022-10-31 15:31:10.312048,0.15,0.52,-0.69,152.47,29.17,-5.07,20.13,-39.95,-19.02,1
j,2022-10-31 15:31:10.341964,0.32,0.63,-0.46,187.13,40.89,-47.12,19.13,-38.51,-25.66,1
j,2022-10-31 15:31:10.361952,0.54,0.73,-0.11,162.11,22.71,-58.29,19.13,-38.51,-25.66,1
j,2022-10-31 15:31:10.381947,0.67,0.69,0.13,139.95,-12.39,-44.31,20.57,-36.61,-35.60,1
j,2022-10-31 15:31:10.402511,0.76,0.68,-0.03,64.39,-73.67,-21.97,20.57,-36.61,-35.60,1
j,2022-10-31 15:31:10.423164,0.95,0.61,0.00,57.43,-71.04,-14.04,20.57,-36.61,-35.60,1
