x,2022-10-14 16:26:36.872809,0.55,-0.53,-0.84,-82.03,28.14,-8.36,53.75,59.12,14.83,1
x,2022-10-14 16:26:36.891100,0.51,-0.52,-0.73,-72.45,36.74,-16.60,53.75,59.12,14.83,1
x,2022-10-14 16:26:36.910122,0.19,-0.55,-0.53,-61.16,36.32,-7.08,53.75,59.12,14.83,1
x,2022-10-14 16:26:36.928989,0.32,-0.66,-0.47,-33.08,25.70,-4.94,53.55,60.57,14.07,1
x,2022-10-14 16:26:36.946863,0.58,-0.70,-0.58,-13.37,8.36,-15.01,53.55,60.57,14.07,1
x,2022-10-14 16:26:36.965043,0.47,-0.57,-0.70,-11.41,2.38,-25.09,53.55,60.57,14.07,1
x,2022-10-14 16:26:36.983641,0.31,-0.52,-0.75,-13.00,23.13,-18.55,52.73,60.06,12.07,1
x,2022-10-14 16:26:37.001572,0.00,-0.87,-0.93,4.27,16.54,-16.60,52.73,60.06,12.07,1
x,2022-10-14 16:26:37.019828,-0.25,-0.75,-0.83,2.81,-8.48,-20.08,52.73,60.06,12.07,1
x,2022-10-14 16:26:37.039062,0.35,-0.57,-0.57,-1.77,-31.43,-8.00,52.27,60.14,12.85,1
x,2022-10-14 16:26:37.056989,0.63,-0.62,-0.66,-4.94,-36.25,20.75,52.27,60.14,12.85,1
x,2022-10-14 16:26:37.076153,0.57,-0.74,-0.70,-7.63,-16.30,11.23,53.05,60.07,12.18,1
x,2022-10-14 16:26:37.093989,0.25,-0.82,-0.70,-8.48,-7.69,-11.35,53.05,60.07,12.18,1
x,2022-10-14 16:26:37.111834,0.24,-0.75,-0.73,-4.46,-6.10,-22.52,53.05,60.07,12.18,1
x,2022-10-14 16:26:37.130844,0.35,-0.65,-0.74,2.93,-0.06,-19.96,52.32,59.77,12.43,1
x,2022-10-14 16:26:37.148888,0.53,-0.62,-0.77,6.53,40.47,3.91,52.32,59.77,12.43,1
x,2022-10-14 16:26:37.166640,0.38,-0.75,-0.78,2.56,64.88,14.10,52.32,59.77,12.43,1
x,2022-10-14 16:26:37.188289,-0.22,-0.57,-0.22,1.95,54.02,-3.78,51.92,59.36,12.24,1
x,2022-10-14 16:26:37.206750,0.29,-0.86,-0.45,49.44,-12.27,-19.65,51.92,59.36,12.24,1
x,2022-10-14 16:26:37.226794,0.32,-0.75,-0.61,80.26,-15.38,-23.56,50.88,58.74,11.77,1
x,2022-10-14 16:26:37.244436,0.28,-0.64,-0.72,91.92,-19.41,-29.42,50.88,58.74,11.77,1
x,2022-10-14 16:26:37.262300,0.28,-0.55,-0.83,77.76,-17.21,-27.71,50.88,58.74,11.77,1
x,2022-10-14 16:26:37.281825,-0.42,-0.25,-1.17,50.29,-11.72,-19.65,51.28,56.81,11.84,1
x,2022-10-14 16:26:37.299636,0.19,-0.59,-0.67,32.84,54.14,63.90,51.28,56.81,11.84,1
x,2022-10-14 16:26:37.317919,0.35,-0.64,-0.68,36.50,49.99,62.68,51.28,56.81,11.84,1
x,2022-10-14 16:26:37.336867,0.16,-0.43,-1.00,15.63,48.46,48.03,51.62,56.64,12.71,1
x,2022-10-14 16:26:37.354581,0.38,-0.60,-0.77,7.39,60.73,40.34,51.62,56.64,12.71,1
x,2022-10-14 16:26:37.373900,0.42,-0.49,-0.83,-8.97,46.94,11.23,51.39,58.00,12.46,1
x,2022-10-14 16:26:37.392007,0.11,-0.49,-0.97,-57.74,30.15,1.46,51.39,58.00,12.46,1
x,2022-10-14 16:26:37.410050,0.25,-0.57,-0.83,-63.54,49.44,-15.75,51.39,58.00,12.46,1
x,2022-10-14 16:26:37.428653,0.34,-0.62,-0.77,-85.94,43.82,-32.29,50.76,58.61,12.48,1
x,2022-10-14 16:26:37.446914,0.39,-0.95,-0.49,-64.70,26.73,-57.31,50.76,58.61,12.48,1
x,2022-10-14 16:26:37.464837,0.24,-0.62,-0.77,-67.69,-3.36,-65.73,50.76,58.61,12.48,1
x,2022-10-14 16:26:37.483641,0.17,-0.81,-0.63,-54.63,0.92,-48.65,49.52,59.77,10.53,1
x,2022-10-14 16:26:37.502003,0.18,-0.81,-0.67,-46.69,-0.49,-31.49,49.52,59.77,10.53,1
x,2022-10-14 16:26:37.519981,0.19,-0.94,-0.69,-42.91,-1.53,-16.05,49.52,59.77,10.53,1
x,2022-10-14 16:26:37.538804,0.19,-0.91,-0.66,-18.31,-2.56,-18.68,49.56,60.23,9.99,1
x,2022-10-14 16:26:37.556638,0.16,-0.81,-0.68,15.87,-6.16,-20.69,49.56,60.23,9.99,1
x,2022-10-14 16:26:37.575838,0.14,-0.70,-0.71,35.95,-5.43,-21.12,49.45,58.90,11.11,1
x,2022-10-14 16:26:37.592962,0.14,-0.76,-0.73,63.05,-4.94,-20.02,49.45,58.90,11.11,1
x,2022-10-14 16:26:37.611750,0.17,-0.79,-0.75,99.37,-2.69,-22.89,49.45,58.90,11.11,1
x,2022-10-14 16:26:37.630641,0.28,-0.36,-0.70,48.95,-31.74,64.27,50.42,57.70,12.60,1
x,2022-10-14 16:26:37.648572,0.22,-0.94,-0.85,105.41,-28.26,114.87,50.42,57.70,12.60,1
x,2022-10-14 16:26:37.666793,0.19,-0.51,-0.78,98.08,-38.51,112.92,50.42,57.70,12.60,1
x,2022-10-14 16:26:37.685938,0.13,-0.65,-0.88,79.96,-29.17,76.84,51.23,56.99,11.16,1
x,2022-10-14 16:26:37.703020,0.17,-0.24,-0.95,80.32,-16.30,43.70,51.23,56.99,11.16,1
x,2022-10-14 16:26:37.724555,0.27,-0.15,-0.92,75.01,-4.09,56.09,52.10,55.85,12.79,1
x,2022-10-14 16:26:37.740053,0.25,-0.50,-0.83,31.74,-5.31,74.77,52.10,55.85,12.79,1
x,2022-10-14 16:26:37.758633,0.22,-0.53,-0.87,3.66,-6.59,25.88,52.10,55.85,12.79,1
x,2022-10-14 16:26:37.777814,0.29,-0.42,-0.85,-7.45,-1.59,3.42,51.81,56.01,12.99,1
x,2022-10-14 16:26:37.795122,0.30,-0.54,-0.81,-13.92,-0.49,5.68,51.81,56.01,12.99,1
x,2022-10-14 16:26:37.813844,0.30,-0.46,-0.84,-3.66,-1.65,3.30,51.81,56.01,12.99,1
x,2022-10-14 16:26:37.832638,0.30,-0.48,-0.85,-18.43,-2.26,6.29,52.04,56.48,12.08,1
x,2022-10-14 16:26:37.850826,0.31,-0.56,-0.82,-26.31,-2.26,5.37,52.04,56.48,12.08,1
x,2022-10-14 16:26:37.868823,0.29,-0.59,-0.87,-27.10,-2.26,0.55,52.04,56.48,12.08,1
x,2022-10-14 16:26:37.887667,0.02,-0.72,-0.93,-14.40,1.89,-9.16,51.78,57.18,13.32,1
x,2022-10-14 16:26:37.906843,0.30,-0.43,-0.78,-2.93,19.84,-48.71,51.78,57.18,13.32,1
x,2022-10-14 16:26:37.924640,0.22,-0.40,-0.86,-25.21,22.16,-52.31,51.23,57.37,12.11,1
x,2022-10-14 16:26:37.942754,0.27,-0.48,-0.80,-31.68,25.27,-56.82,51.23,57.37,12.11,1
x,2022-10-14 16:26:37.960841,0.24,-0.51,-0.78,-44.37,22.52,-51.03,51.23,57.37,12.11,1
x,2022-10-14 16:26:37.979878,0.25,-0.55,-0.85,-56.34,23.62,-28.93,50.96,57.69,12.40,1
x,2022-10-14 16:26:37.997654,0.20,-0.82,-0.77,-20.57,26.98,-14.16,50.96,57.69,12.40,1
x,2022-10-14 16:26:38.015660,0.26,-0.77,-0.56,2.81,23.93,-22.22,50.96,57.69,12.40,1
x,2022-10-14 16:26:38.034642,0.11,-0.73,-0.89,40.47,11.72,-24.48,50.83,57.92,13.05,1
x,2022-10-14 16:26:38.052573,0.03,-0.59,-0.89,49.38,25.21,-26.25,50.83,57.92,13.05,1
x,2022-10-14 16:26:38.070642,0.24,-0.60,-0.74,39.37,41.14,-18.07,50.83,57.92,13.05,1
x,2022-10-14 16:26:38.089610,0.28,-0.65,-0.78,58.41,29.42,-15.38,50.26,55.76,12.24,1
x,2022-10-14 16:26:38.107807,0.11,-0.34,-0.93,71.78,21.61,-8.97,50.26,55.76,12.24,1
x,2022-10-14 16:26:38.127135,0.07,-0.22,-1.03,48.10,27.10,11.47,50.72,54.35,12.78,1
x,2022-10-14 16:26:38.144652,0.20,-0.31,-0.88,24.90,38.39,49.87,50.72,54.35,12.78,1
x,2022-10-14 16:26:38.162643,0.28,-0.58,-0.81,30.09,27.59,57.25,50.72,54.35,12.78,1
x,2022-10-14 16:26:38.181329,0.21,-0.48,-0.90,35.10,10.38,19.29,50.18,54.80,11.90,1
x,2022-10-14 16:26:38.199819,0.13,-0.28,-1.00,10.62,-0.06,6.84,50.18,54.80,11.90,1
x,2022-10-14 16:26:38.217233,0.14,-0.42,-0.89,-7.39,3.36,19.10,50.18,54.80,11.90,1
x,2022-10-14 16:26:38.236822,0.14,-0.50,-0.91,-15.32,2.20,21.79,50.46,54.28,12.88,1
x,2022-10-14 16:26:38.255008,0.14,-0.53,-0.87,-23.07,2.26,19.78,50.46,54.28,12.88,1
x,2022-10-14 16:26:38.273933,0.14,-0.58,-0.89,-35.95,0.98,12.76,50.26,56.13,12.63,1
x,2022-10-14 16:26:38.291919,0.10,-0.57,-0.86,-38.39,-1.10,7.20,50.26,56.13,12.63,1
x,2022-10-14 16:26:38.309919,-0.08,-0.66,-0.64,-33.75,-8.54,2.93,50.26,56.13,12.63,1
x,2022-10-14 16:26:38.328866,0.03,-0.70,-0.36,-2.14,-65.19,-5.25,50.71,56.48,11.83,1
x,2022-10-14 16:26:38.346643,0.19,-0.65,-0.66,18.01,-121.58,-8.73,50.71,56.48,11.83,1
x,2022-10-14 16:26:38.364893,0.22,-0.65,-0.85,18.68,-127.56,-2.38,50.71,56.48,11.83,1
x,2022-10-14 16:26:38.383084,0.22,-0.74,-0.83,29.36,-126.59,-4.64,52.73,56.04,12.68,1
x,2022-10-14 16:26:38.401895,0.31,-0.70,-0.83,41.75,-131.71,-17.21,52.73,56.04,12.68,1
x,2022-10-14 16:26:38.419654,0.39,-0.52,-1.10,63.78,-133.48,-18.25,52.73,56.04,12.68,1
x,2022-10-14 16:26:38.438135,0.25,-0.39,-0.99,56.76,-104.61,5.62,56.27,53.74,14.79,1
