R,2022-11-08 18:45:09.380087,0.07,0.41,0.89,-115.91,6.35,39.86,-31.60,15.81,-48.99,1
R,2022-11-08 18:45:09.397974,0.10,0.65,0.90,-115.97,9.95,27.65,-31.60,15.81,-48.99,1
R,2022-11-08 18:45:09.416734,0.07,0.83,0.93,-76.23,8.36,30.76,-35.95,15.38,-50.61,1
R,2022-11-08 18:45:09.434900,0.01,0.77,0.96,-41.14,5.13,37.29,-35.95,15.38,-50.61,1
R,2022-11-08 18:45:09.453983,-0.03,0.64,0.93,-12.39,1.95,38.57,-40.14,17.70,-51.92,1
R,2022-11-08 18:45:09.471863,-0.06,0.52,0.93,-4.33,1.83,31.49,-40.14,17.70,-51.92,1
R,2022-11-08 18:45:09.490055,-0.15,0.50,0.91,-3.91,8.42,15.93,-40.14,17.70,-51.92,1
R,2022-11-08 18:45:09.508954,-0.16,0.48,0.94,-2.14,16.48,11.60,-43.02,20.08,-53.42,1
R,2022-11-08 18:45:09.526838,-0.11,0.44,0.99,-7.14,18.68,9.64,-43.02,20.08,-53.42,1
R,2022-11-08 18:45:09.545037,-0.08,0.45,0.97,-6.84,19.23,10.86,-43.02,20.08,-53.42,1
R,2022-11-08 18:45:09.564006,-0.05,0.39,0.94,-2.99,20.08,13.18,-43.98,21.68,-55.88,1
R,2022-11-08 18:45:09.581963,-0.05,0.32,0.89,-5.62,26.67,5.86,-43.98,21.68,-55.88,1
R,2022-11-08 18:45:09.599955,-0.08,0.29,0.89,-29.24,34.06,-2.81,-43.98,21.68,-55.88,1
R,2022-11-08 18:45:09.618847,-0.01,0.44,0.86,-36.38,42.30,-9.34,-44.35,21.70,-57.19,1
R,2022-11-08 18:45:09.637077,0.05,0.50,0.91,-35.71,43.76,-8.85,-44.35,21.70,-57.19,1
R,2022-11-08 18:45:09.655900,0.10,0.44,0.90,-26.92,32.71,-5.37,-44.24,20.40,-60.12,1
R,2022-11-08 18:45:09.673833,0.10,0.39,0.89,-29.36,-0.55,-3.97,-44.24,20.40,-60.12,1
R,2022-11-08 18:45:09.692059,0.10,0.43,0.68,-29.54,-21.12,-3.97,-44.24,20.40,-60.12,1
R,2022-11-08 18:45:09.710929,0.06,0.38,0.72,-36.13,-31.98,-4.52,-48.50,19.19,-60.55,1
R,2022-11-08 18:45:09.729172,-0.39,0.66,0.66,-4.70,-18.01,-8.36,-48.50,19.19,-60.55,1
R,2022-11-08 18:45:09.746864,-0.05,0.37,0.92,56.40,-5.74,7.75,-48.50,19.19,-60.55,1
R,2022-11-08 18:45:09.766082,-0.01,0.01,0.98,26.61,-54.14,13.49,-51.01,19.85,-57.20,1
R,2022-11-08 18:45:09.784038,-0.05,0.50,0.99,-11.17,-95.58,31.07,-51.01,19.85,-57.20,1
R,2022-11-08 18:45:09.801895,-0.04,0.32,0.89,0.55,-120.79,57.68,-51.01,19.85,-57.20,1
R,2022-11-08 18:45:09.820956,-0.08,0.32,0.81,-0.49,-132.45,65.61,-54.46,22.66,-49.37,1
R,2022-11-08 18:45:09.838858,-0.18,0.31,0.74,2.87,-117.37,56.15,-54.46,22.66,-49.37,1
R,2022-11-08 18:45:09.857793,-0.31,0.38,0.75,-6.23,-84.84,39.67,-58.19,26.15,-43.20,1
R,2022-11-08 18:45:09.875857,-0.37,0.49,0.96,-26.31,-21.36,19.04,-58.19,26.15,-43.20,1
R,2022-11-08 18:45:09.893896,-0.64,0.57,1.04,-20.26,14.83,7.45,-58.19,26.15,-43.20,1
R,2022-11-08 18:45:09.912916,-0.48,0.62,1.00,29.97,51.82,-7.87,-56.51,25.94,-42.76,1
R,2022-11-08 18:45:09.930969,-0.09,0.41,1.07,63.29,83.80,-14.95,-56.51,25.94,-42.76,1
R,2022-11-08 18:45:09.948703,0.00,0.33,1.12,35.52,83.50,-14.04,-56.51,25.94,-42.76,1
R,2022-11-08 18:45:09.967856,-0.04,0.32,1.14,7.81,59.69,-7.75,-51.66,24.65,-47.47,1
R,2022-11-08 18:45:09.985865,-0.09,0.31,0.97,7.51,46.39,-9.03,-51.66,24.65,-47.47,1
R,2022-11-08 18:45:10.004005,-0.07,0.30,0.87,9.89,41.20,-13.18,-51.66,24.65,-47.47,1
R,2022-11-08 18:45:10.022877,-0.04,0.31,0.81,5.07,40.28,-13.06,-50.92,23.52,-51.39,1
R,2022-11-08 18:45:10.040910,-0.04,0.32,0.82,-0.85,43.27,-10.68,-50.92,23.52,-51.39,1
R,2022-11-08 18:45:10.060178,-0.06,0.31,0.85,-3.36,41.99,-4.03,-49.71,22.68,-54.85,1
R,2022-11-08 18:45:10.078141,-0.04,0.29,0.83,-10.19,37.29,-2.14,-49.71,22.68,-54.85,1
R,2022-11-08 18:45:10.096102,-0.02,0.35,0.79,-18.31,30.21,-6.77,-49.71,22.68,-54.85,1
R,2022-11-08 18:45:10.115071,-0.97,0.47,0.97,-23.86,23.62,-14.95,-50.20,20.68,-57.68,1
R,2022-11-08 18:45:10.132793,-0.10,0.67,0.71,11.72,15.32,7.32,-50.20,20.68,-57.68,1
R,2022-11-08 18:45:10.150776,-0.07,0.21,0.77,42.42,20.14,13.12,-50.20,20.68,-57.68,1
R,2022-11-08 18:45:10.169976,-0.08,0.08,0.85,37.54,11.72,-8.54,-49.50,21.24,-58.31,1
R,2022-11-08 18:45:10.187921,-0.05,0.11,0.87,14.83,-5.13,-30.82,-49.50,21.24,-58.31,1
R,2022-11-08 18:45:10.206026,-0.05,0.24,0.83,3.66,-24.54,-44.01,-49.50,21.24,-58.31,1
R,2022-11-08 18:45:10.225033,-0.07,0.31,0.76,2.20,-36.32,-40.59,-50.26,19.27,-57.20,1
R,2022-11-08 18:45:10.242866,-0.07,0.30,0.89,2.75,-43.09,-22.58,-50.26,19.27,-57.20,1
R,2022-11-08 18:45:10.262101,-0.08,0.36,0.98,7.69,-46.88,-2.14,-51.93,17.79,-53.06,1
R,2022-11-08 18:45:10.279814,-0.10,0.30,0.99,13.85,-47.79,20.57,-51.93,17.79,-53.06,1
R,2022-11-08 18:45:10.297906,-0.12,0.23,0.94,8.30,-38.09,39.55,-51.93,17.79,-53.06,1
R,2022-11-08 18:45:10.317008,-0.13,0.19,0.93,-7.69,-20.75,53.77,-52.92,20.21,-48.95,1
R,2022-11-08 18:45:10.334816,-0.14,0.20,0.92,-18.31,5.62,46.14,-52.92,20.21,-48.95,1
R,2022-11-08 18:45:10.352966,-0.10,0.32,0.97,-21.36,16.42,32.78,-52.92,20.21,-48.95,1
R,2022-11-08 18:45:10.371766,-0.12,0.42,1.00,-12.76,15.26,6.65,-53.42,22.45,-50.66,1
R,2022-11-08 18:45:10.390132,-0.12,0.62,0.92,-6.59,5.98,-11.29,-53.42,22.45,-50.66,1
R,2022-11-08 18:45:10.407778,-0.15,0.62,0.79,12.21,5.25,3.85,-53.42,22.45,-50.66,1
R,2022-11-08 18:45:10.426800,-0.14,0.44,0.81,29.48,13.00,19.53,-52.54,22.72,-50.94,1
R,2022-11-08 18:45:10.444745,-0.13,0.24,0.80,44.25,24.23,29.36,-52.54,22.72,-50.94,1
R,2022-11-08 18:45:10.463787,-0.09,-0.15,1.12,38.64,17.94,9.40,-51.92,23.86,-49.60,1
R,2022-11-08 18:45:10.482069,-0.07,0.32,1.03,-30.40,-39.79,-32.29,-51.92,23.86,-49.60,1
R,2022-11-08 18:45:10.500066,-0.13,0.68,0.78,-15.44,-76.17,-28.75,-51.92,23.86,-49.60,1
R,2022-11-08 18:45:10.519049,-0.14,0.43,0.87,35.22,-77.27,-1.89,-54.32,21.80,-44.38,1
R,2022-11-08 18:45:10.536816,-0.20,0.02,0.87,30.27,-70.62,4.88,-54.32,21.80,-44.38,1
R,2022-11-08 18:45:10.555101,-0.28,0.23,0.85,-11.54,-48.40,-4.70,-54.32,21.80,-44.38,1
R,2022-11-08 18:45:10.574306,-0.52,0.40,0.87,-22.52,-20.57,-3.91,-55.66,20.29,-40.44,1
R,2022-11-08 18:45:10.591666,-0.68,0.59,0.83,19.17,12.88,1.40,-55.66,20.29,-40.44,1
R,2022-11-08 18:45:10.609648,-0.28,0.31,0.96,66.96,53.10,15.26,-55.66,20.29,-40.44,1
R,2022-11-08 18:45:10.629018,-0.15,-0.00,1.10,44.86,59.33,4.58,-50.72,21.85,-40.76,1
R,2022-11-08 18:45:10.646960,-0.13,0.20,1.01,14.10,56.21,-8.36,-50.72,21.85,-40.76,1
R,2022-11-08 18:45:10.665964,-0.03,0.33,1.03,3.30,52.67,-14.10,-45.67,21.28,-43.97,1
R,2022-11-08 18:45:10.683687,0.02,0.33,1.01,5.49,40.65,-12.15,-45.67,21.28,-43.97,1
R,2022-11-08 18:45:10.701796,-0.03,0.23,0.97,9.09,26.18,-8.85,-45.67,21.28,-43.97,1
