h,2022-10-29 18:30:10.954852,0.23,-0.05,0.98,-16.72,26.86,-21.85,21.17,99.55,-154.55,1
h,2022-10-29 18:30:10.974440,0.20,-0.06,1.00,-2.62,28.08,-14.71,26.93,94.24,-159.09,1
h,2022-10-29 18:30:10.992344,0.25,-0.14,0.92,1.95,37.84,-6.53,26.93,94.24,-159.09,1
h,2022-10-29 18:30:11.011758,0.24,-0.21,0.93,-5.37,33.69,-4.46,26.93,94.24,-159.09,1
h,2022-10-29 18:30:11.031649,0.25,-0.20,0.94,-8.61,30.52,4.52,34.56,91.09,-161.99,1
h,2022-10-29 18:30:11.049809,0.23,-0.13,0.93,-25.45,29.54,13.49,34.56,91.09,-161.99,1
h,2022-10-29 18:30:11.066925,0.26,0.03,0.89,-27.53,28.26,15.44,34.56,91.09,-161.99,1
h,2022-10-29 18:30:11.085850,0.29,0.10,0.87,-34.24,25.27,1.71,39.90,86.67,-163.82,1
h,2022-10-29 18:30:11.104932,0.31,0.08,0.82,-33.26,17.64,-6.90,39.90,86.67,-163.82,1
h,2022-10-29 18:30:11.124544,0.33,0.05,0.66,-20.69,-3.36,-4.82,42.96,81.70,-166.67,1
h,2022-10-29 18:30:11.142795,-0.64,0.47,1.79,-21.30,-20.63,-7.81,42.96,81.70,-166.67,1
h,2022-10-29 18:30:11.161402,0.27,0.08,0.92,45.04,9.46,-3.60,42.96,81.70,-166.67,1
h,2022-10-29 18:30:11.180882,0.25,-0.01,0.90,32.71,11.78,1.10,42.68,84.59,-167.92,1
h,2022-10-29 18:30:11.199671,0.19,-0.04,0.73,34.30,-30.15,2.87,42.68,84.59,-167.92,1
h,2022-10-29 18:30:11.216919,0.16,-0.06,0.70,31.37,-61.16,-0.24,42.68,84.59,-167.92,1
h,2022-10-29 18:30:11.235830,0.20,-0.05,0.74,32.96,-89.54,1.95,34.34,90.43,-166.05,1
h,2022-10-29 18:30:11.255123,0.20,-0.10,0.80,63.23,-113.83,13.55,34.34,90.43,-166.05,1
h,2022-10-29 18:30:11.274516,0.18,-0.12,0.90,67.50,-121.22,17.46,12.88,105.75,-158.59,1
h,2022-10-29 18:30:11.292320,0.10,-0.04,1.03,44.74,-114.07,13.67,12.88,105.75,-158.59,1
h,2022-10-29 18:30:11.311655,0.07,-0.02,1.10,27.53,-90.33,9.03,12.88,105.75,-158.59,1
h,2022-10-29 18:30:11.330054,0.05,-0.04,1.18,8.24,-46.20,6.16,-3.58,116.48,-147.56,1
h,2022-10-29 18:30:11.348376,0.02,-0.02,1.21,3.91,-22.71,5.13,-3.58,116.48,-147.56,1
h,2022-10-29 18:30:11.367156,0.03,-0.03,1.27,-0.67,-2.75,-0.37,-3.58,116.48,-147.56,1
h,2022-10-29 18:30:11.386785,0.06,-0.06,1.11,-11.54,19.90,-0.73,-6.90,118.76,-141.65,1
h,2022-10-29 18:30:11.405497,0.06,-0.06,1.05,5.13,3.36,0.00,-6.90,118.76,-141.65,1
h,2022-10-29 18:30:11.424312,0.03,-0.06,1.54,11.29,-3.66,-0.49,-6.85,119.32,-141.81,1
h,2022-10-29 18:30:11.443911,0.05,0.04,1.21,-7.14,52.73,2.56,-6.85,119.32,-141.81,1
h,2022-10-29 18:30:11.462308,0.09,-0.02,1.03,-12.88,70.25,-0.92,-6.85,119.32,-141.81,1
h,2022-10-29 18:30:11.481529,0.11,-0.04,0.95,-14.47,70.13,-3.54,2.66,113.99,-151.29,1
h,2022-10-29 18:30:11.498799,0.12,-0.02,0.92,-17.88,62.44,-10.19,2.66,113.99,-151.29,1
h,2022-10-29 18:30:11.517304,0.14,-0.01,0.93,-20.81,54.32,-17.58,2.66,113.99,-151.29,1
h,2022-10-29 18:30:11.536509,0.14,0.02,0.86,-16.78,43.15,-21.67,13.70,105.68,-157.65,1
h,2022-10-29 18:30:11.555738,0.15,-0.01,0.82,-1.28,29.17,-22.52,13.70,105.68,-157.65,1
h,2022-10-29 18:30:11.575763,0.16,-0.05,0.79,7.51,17.09,-19.41,21.37,102.72,-163.00,1
h,2022-10-29 18:30:11.593477,0.16,-0.11,0.80,34.06,-5.07,-4.88,21.37,102.72,-163.00,1
h,2022-10-29 18:30:11.612867,0.12,-0.07,0.78,31.56,-8.79,-5.62,21.37,102.72,-163.00,1
h,2022-10-29 18:30:11.632374,0.12,-0.10,0.74,19.35,-18.25,-19.53,21.45,106.20,-161.52,1
h,2022-10-29 18:30:11.651136,0.14,-0.17,0.72,16.42,-53.04,-25.33,21.45,106.20,-161.52,1
h,2022-10-29 18:30:11.669774,0.13,-0.17,0.76,24.54,-78.74,-16.30,11.35,111.10,-157.40,1
h,2022-10-29 18:30:11.688283,0.12,-0.17,0.92,36.13,-97.78,-6.35,11.35,111.10,-157.40,1
h,2022-10-29 18:30:11.706575,0.08,-0.14,1.05,25.21,-94.54,2.81,11.35,111.10,-157.40,1
h,2022-10-29 18:30:11.725804,0.05,-0.13,1.10,-2.50,-57.62,9.95,-3.86,118.60,-149.61,1
h,2022-10-29 18:30:11.744940,-0.03,-0.06,1.19,-29.91,-32.23,1.71,-3.86,118.60,-149.61,1
h,2022-10-29 18:30:11.764025,-0.11,-0.00,1.24,-51.33,-3.23,-4.21,-3.86,118.60,-149.61,1
h,2022-10-29 18:30:11.782881,-0.21,0.03,1.32,-34.18,48.03,3.42,-6.01,114.21,-147.11,1
h,2022-10-29 18:30:11.801534,0.02,0.11,1.20,-11.96,63.42,1.65,-6.01,114.21,-147.11,1
h,2022-10-29 18:30:11.820369,0.11,0.06,1.10,-12.88,67.50,-11.54,4.46,108.29,-151.84,1
h,2022-10-29 18:30:11.839257,0.18,-0.00,1.02,-11.41,63.11,-12.57,4.46,108.29,-151.84,1
