C,2022-10-17 15:00:57.191546,0.20,-0.41,0.79,-43.58,41.81,-46.20,29.87,18.84,-17.43,1
C,2022-10-17 15:00:57.210438,0.23,-0.36,0.87,-50.29,44.68,-39.92,31.07,17.96,-17.71,1
C,2022-10-17 15:00:57.228362,0.21,-0.30,0.89,-50.17,39.61,-29.24,31.07,17.96,-17.71,1
C,2022-10-17 15:00:57.246355,0.28,-0.31,0.91,-34.61,26.00,-21.67,31.07,17.96,-17.71,1
C,2022-10-17 15:00:57.265376,0.34,-0.35,0.86,-24.29,13.31,-21.61,32.03,18.13,-18.14,1
C,2022-10-17 15:00:57.283417,0.34,-0.34,0.81,-38.27,7.26,-23.68,32.03,18.13,-18.14,1
C,2022-10-17 15:00:57.301403,0.28,-0.31,0.81,-51.03,12.63,-17.03,32.03,18.13,-18.14,1
C,2022-10-17 15:00:57.320656,-1.66,-0.45,1.22,-69.21,20.51,-7.63,31.99,17.15,-16.28,1
C,2022-10-17 15:00:57.338339,0.82,0.45,0.67,-30.40,4.76,-26.98,31.99,17.15,-16.28,1
C,2022-10-17 15:00:57.357240,0.19,-0.61,0.82,-31.13,35.58,36.99,31.29,16.27,-17.36,1
C,2022-10-17 15:00:57.375269,0.19,-0.33,0.86,-87.04,28.32,39.31,31.29,16.27,-17.36,1
C,2022-10-17 15:00:57.393322,0.22,-0.14,0.85,-95.76,17.46,48.65,31.29,16.27,-17.36,1
C,2022-10-17 15:00:57.412399,0.15,-0.20,0.82,-67.08,-3.54,65.73,31.95,16.04,-18.38,1
C,2022-10-17 15:00:57.430361,0.16,-0.11,0.74,-52.25,-22.95,56.09,31.95,16.04,-18.38,1
C,2022-10-17 15:00:57.448364,0.09,0.12,0.82,-53.65,-35.95,20.32,31.95,16.04,-18.38,1
C,2022-10-17 15:00:57.467405,0.07,0.33,0.94,-8.67,-71.90,21.48,30.19,14.71,-18.97,1
C,2022-10-17 15:00:57.485401,0.00,0.52,1.11,19.96,-79.96,12.08,30.19,14.71,-18.97,1
C,2022-10-17 15:00:57.503272,0.13,0.52,1.17,77.45,-97.53,6.35,30.19,14.71,-18.97,1
C,2022-10-17 15:00:57.522277,0.14,0.43,1.14,132.26,-106.69,5.19,28.89,14.53,-17.11,1
C,2022-10-17 15:00:57.540487,0.10,0.27,1.08,158.69,-95.21,-9.28,28.89,14.53,-17.11,1
C,2022-10-17 15:00:57.559409,0.01,0.06,1.00,148.07,-60.49,-24.72,28.55,15.16,-18.07,1
C,2022-10-17 15:00:57.577429,-0.02,-0.05,1.02,119.57,-12.94,-49.19,28.55,15.16,-18.07,1
C,2022-10-17 15:00:57.595410,0.03,-0.14,1.00,93.63,46.02,-78.06,28.55,15.16,-18.07,1
C,2022-10-17 15:00:57.614355,0.13,-0.19,1.09,42.48,94.85,-93.69,30.65,16.27,-16.98,1
C,2022-10-17 15:00:57.632254,0.19,-0.14,1.25,43.15,60.49,-44.37,30.65,16.27,-16.98,1
C,2022-10-17 15:00:57.650434,0.18,-0.50,1.02,64.27,13.92,6.35,30.65,16.27,-16.98,1
C,2022-10-17 15:00:57.669234,0.14,-0.78,0.70,62.32,-15.26,34.91,31.98,16.69,-16.32,1
C,2022-10-17 15:00:57.687251,0.05,-0.91,0.53,28.81,-15.14,36.01,31.98,16.69,-16.32,1
C,2022-10-17 15:00:57.706391,-0.01,-0.74,0.63,-16.48,2.81,20.57,32.65,17.92,-16.04,1
C,2022-10-17 15:00:57.724348,0.00,-0.53,0.77,-41.87,19.47,-0.24,32.65,17.92,-16.04,1
C,2022-10-17 15:00:57.742407,0.05,-0.19,1.01,-38.09,20.45,-1.46,32.65,17.92,-16.04,1
C,2022-10-17 15:00:57.761232,0.11,-0.12,1.06,-18.19,11.90,7.81,32.35,17.57,-15.72,1
C,2022-10-17 15:00:57.779353,0.13,-0.13,1.04,-2.93,3.85,13.92,32.35,17.57,-15.72,1
C,2022-10-17 15:00:57.797395,0.16,-0.12,1.00,5.07,1.22,13.73,32.35,17.57,-15.72,1
