C,2022-10-17 15:01:07.679245,0.28,-0.28,0.93,-31.80,21.48,-16.97,63.38,24.52,1.31,1
C,2022-10-17 15:01:07.697200,0.25,-0.24,0.93,-31.74,32.41,-13.49,63.38,24.52,1.31,1
C,2022-10-17 15:01:07.715283,0.27,-0.24,0.93,-21.85,37.90,-12.21,63.38,24.52,1.31,1
C,2022-10-17 15:01:07.734208,0.31,-0.24,0.92,-18.25,39.25,-13.06,62.63,26.09,3.38,1
C,2022-10-17 15:01:07.752202,0.35,-0.31,0.89,-22.03,38.39,-14.77,62.63,26.09,3.38,1
C,2022-10-17 15:01:07.771224,0.35,-0.32,0.89,-34.18,32.35,-15.56,62.34,27.48,3.71,1
C,2022-10-17 15:01:07.789250,0.33,-0.31,0.86,-40.77,20.87,-14.77,62.34,27.48,3.71,1
C,2022-10-17 15:01:07.807203,0.35,-0.34,0.83,-45.84,14.22,-12.63,62.34,27.48,3.71,1
C,2022-10-17 15:01:07.826216,0.31,-0.39,0.79,-58.41,8.85,-7.51,61.91,29.36,5.37,1
C,2022-10-17 15:01:07.844272,0.25,-0.41,0.78,-64.58,3.72,-0.37,61.91,29.36,5.37,1
C,2022-10-17 15:01:07.862260,0.21,-0.39,0.80,-74.40,1.83,9.95,61.91,29.36,5.37,1
C,2022-10-17 15:01:07.881218,0.17,-0.29,0.87,-78.86,0.31,25.76,62.38,29.19,7.39,1
C,2022-10-17 15:01:07.899105,0.34,-0.29,0.78,-1.22,7.51,-24.17,62.38,29.19,7.39,1
C,2022-10-17 15:01:07.917101,0.10,0.45,0.95,-91.55,30.40,6.10,62.38,29.19,7.39,1
C,2022-10-17 15:01:07.936052,0.18,-0.11,0.89,25.15,9.58,54.81,62.92,27.65,7.34,1
C,2022-10-17 15:01:07.954202,0.17,-0.15,0.82,24.23,-9.16,77.70,62.92,27.65,7.34,1
C,2022-10-17 15:01:07.973034,0.10,-0.17,0.85,3.91,-43.03,78.31,63.22,24.96,7.69,1
C,2022-10-17 15:01:07.991078,0.26,0.07,0.89,37.72,-75.68,83.19,63.22,24.96,7.69,1
C,2022-10-17 15:01:08.009125,0.30,0.02,0.79,55.05,-90.82,70.50,63.22,24.96,7.69,1
C,2022-10-17 15:01:08.028000,0.29,0.13,0.89,27.10,-86.12,38.76,65.66,22.51,4.09,1
C,2022-10-17 15:01:08.046103,0.24,0.32,1.01,40.65,-80.63,10.50,65.66,22.51,4.09,1
C,2022-10-17 15:01:08.064282,0.24,0.30,1.11,75.32,-74.16,-6.53,65.66,22.51,4.09,1
C,2022-10-17 15:01:08.083219,0.27,0.25,1.14,104.92,-61.28,-26.43,67.46,22.16,3.37,1
C,2022-10-17 15:01:08.100974,0.22,0.09,1.10,116.88,-36.50,-45.23,67.46,22.16,3.37,1
C,2022-10-17 15:01:08.119262,0.26,-0.04,1.04,104.98,-9.40,-65.31,67.46,22.16,3.37,1
C,2022-10-17 15:01:08.137926,0.20,-0.12,1.04,85.02,16.85,-65.49,68.57,25.51,0.78,1
C,2022-10-17 15:01:08.156191,0.28,-0.45,1.00,51.33,38.94,-39.55,68.57,25.51,0.78,1
C,2022-10-17 15:01:08.175011,0.07,-0.52,1.01,37.66,39.98,-10.44,69.53,28.70,3.69,1
C,2022-10-17 15:01:08.192933,0.20,-0.87,0.75,58.41,27.89,12.57,69.53,28.70,3.69,1
C,2022-10-17 15:01:08.211180,0.13,-0.84,0.73,-16.48,32.90,-6.10,69.53,28.70,3.69,1
C,2022-10-17 15:01:08.230087,0.03,-0.52,0.91,-66.28,13.79,-7.14,69.09,30.32,2.65,1
C,2022-10-17 15:01:08.248200,0.06,-0.26,0.78,-23.38,-0.79,6.59,69.09,30.32,2.65,1
C,2022-10-17 15:01:08.266273,-0.07,-0.34,0.88,-0.85,5.37,22.03,69.09,30.32,2.65,1
C,2022-10-17 15:01:08.284924,0.06,-0.28,0.85,21.48,12.94,21.12,68.64,29.86,3.59,1
C,2022-10-17 15:01:08.303122,0.20,-0.35,0.82,30.58,17.09,13.00,68.64,29.86,3.59,1
C,2022-10-17 15:01:08.322220,0.22,-0.36,0.80,10.01,15.50,-4.70,67.63,29.05,2.21,1
C,2022-10-17 15:01:08.340176,0.28,-0.28,0.81,5.55,8.67,-5.43,67.63,29.05,2.21,1
C,2022-10-17 15:01:08.358187,0.26,-0.40,0.79,20.08,-0.92,1.16,67.63,29.05,2.21,1
