d,2022-10-29 14:08:19.153871,0.63,0.53,-0.67,-3.30,1.04,-0.43,-1.12,-9.05,30.94,1
d,2022-10-29 14:08:19.170680,0.65,0.55,-0.65,1.95,2.50,-6.16,-1.12,-9.05,30.94,1
d,2022-10-29 14:08:19.192999,0.66,0.54,-0.65,0.73,3.36,-10.31,0.37,-9.52,31.25,1
d,2022-10-29 14:08:19.200562,0.64,0.55,-0.64,-4.09,2.32,-8.12,0.37,-9.52,31.25,1
d,2022-10-29 14:08:19.218201,0.63,0.51,-0.64,-9.64,1.95,-1.34,0.37,-9.52,31.25,1
d,2022-10-29 14:08:19.251532,0.58,0.49,-0.65,-10.50,6.47,-1.28,1.92,-8.37,30.66,1
d,2022-10-29 14:08:19.272768,0.61,0.49,-0.60,-10.01,13.12,-3.78,1.92,-8.37,30.66,1
d,2022-10-29 14:08:19.289251,0.54,0.51,-0.59,-16.60,7.20,7.75,3.60,-7.04,31.15,1
d,2022-10-29 14:08:19.306170,0.48,0.43,-0.62,-13.98,5.86,15.01,3.60,-7.04,31.15,1
d,2022-10-29 14:08:19.322052,0.52,0.40,-0.63,-13.85,12.15,16.17,3.60,-7.04,31.15,1
d,2022-10-29 14:08:19.354206,0.46,0.48,-0.59,-20.26,21.18,22.52,4.02,-5.93,32.23,1
d,2022-10-29 14:08:19.370035,0.41,0.38,-0.54,2.75,19.71,10.07,4.02,-5.93,32.23,1
d,2022-10-29 14:08:19.386073,0.36,0.57,-0.64,2.56,4.15,-2.99,3.72,-5.68,32.74,1
d,2022-10-29 14:08:19.401666,0.42,0.52,-0.60,-2.69,14.71,8.12,3.72,-5.68,32.74,1
d,2022-10-29 14:08:19.430358,0.37,0.50,-0.66,-10.38,18.43,27.95,3.72,-5.68,32.74,1
d,2022-10-29 14:08:19.446746,0.46,0.36,-0.57,-13.98,24.60,37.41,1.99,-5.51,31.69,1
d,2022-10-29 14:08:19.464355,0.51,0.33,-0.61,-2.81,18.92,29.91,1.99,-5.51,31.69,1
d,2022-10-29 14:08:19.500860,0.51,0.36,-0.66,3.60,17.82,21.36,-1.60,-5.76,32.73,1
d,2022-10-29 14:08:19.518722,0.56,0.47,-0.68,3.97,14.83,12.45,-1.60,-5.76,32.73,1
d,2022-10-29 14:08:19.534865,0.55,0.52,-0.68,3.78,17.76,9.89,-5.59,-6.23,33.96,1
d,2022-10-29 14:08:19.550606,0.62,0.55,-0.74,6.35,19.23,11.17,-5.59,-6.23,33.96,1
d,2022-10-29 14:08:19.567854,0.67,0.53,-0.82,8.18,13.85,3.36,-5.59,-6.23,33.96,1
d,2022-10-29 14:08:19.597743,0.71,0.45,-0.79,12.76,10.01,0.24,-8.30,-6.52,32.68,1
d,2022-10-29 14:08:19.615942,0.66,0.55,-0.79,21.36,6.53,-5.31,-8.30,-6.52,32.68,1
d,2022-10-29 14:08:19.633313,0.67,0.62,-0.80,11.35,3.97,-5.98,-8.30,-6.52,32.68,1
d,2022-10-29 14:08:19.658938,0.49,0.80,-0.86,8.48,5.86,-5.62,-9.13,-6.54,32.13,1
d,2022-10-29 14:08:19.678556,0.49,0.66,-0.76,33.39,19.78,14.28,-9.13,-6.54,32.13,1
d,2022-10-29 14:08:19.685800,0.93,0.11,-0.44,33.87,15.14,14.40,-8.87,-7.26,30.20,1
d,2022-10-29 14:08:19.718495,0.69,0.52,-0.65,-26.49,-21.06,-17.70,-8.87,-7.26,30.20,1
d,2022-10-29 14:08:19.735678,0.56,0.48,-0.76,-11.47,-23.01,-29.91,-8.87,-7.26,30.20,1
d,2022-10-29 14:08:19.753462,0.37,0.73,-0.81,2.81,-18.62,-32.78,-6.64,-6.93,33.03,1
d,2022-10-29 14:08:19.770497,0.29,0.69,-0.64,7.20,-7.20,-20.63,-6.64,-6.93,33.03,1
d,2022-10-29 14:08:19.786945,0.56,0.51,-0.60,0.06,-4.94,-11.29,-4.24,-8.52,32.86,1
d,2022-10-29 14:08:19.820278,0.38,0.62,-0.59,-20.45,0.00,-4.39,-4.24,-8.52,32.86,1
d,2022-10-29 14:08:19.837583,0.36,0.57,-0.53,-27.53,6.23,2.93,-4.24,-8.52,32.86,1
d,2022-10-29 14:08:19.854528,0.36,0.37,-0.59,-22.03,15.26,-0.31,-2.62,-7.24,34.02,1
d,2022-10-29 14:08:19.870324,0.48,0.46,-0.41,-13.85,34.18,-21.18,-2.62,-7.24,34.02,1
d,2022-10-29 14:08:19.902822,0.50,0.37,-0.53,-24.96,21.61,-16.97,-3.33,-7.90,33.74,1
d,2022-10-29 14:08:19.920369,0.42,0.31,-0.71,-28.20,14.16,-25.88,-3.33,-7.90,33.74,1
d,2022-10-29 14:08:19.937517,0.43,0.40,-0.74,-22.03,20.08,-31.80,-5.70,-8.33,36.18,1
d,2022-10-29 14:08:19.953607,0.32,0.35,-0.97,-20.75,21.12,-16.42,-5.70,-8.33,36.18,1
d,2022-10-29 14:08:19.970174,0.45,0.36,-0.87,-1.28,37.72,-13.73,-5.70,-8.33,36.18,1
d,2022-10-29 14:08:20.003612,0.40,0.41,-0.84,-4.64,43.33,2.26,-8.64,-8.46,34.45,1
d,2022-10-29 14:08:20.020847,0.48,0.44,-0.91,2.56,47.91,13.79,-8.64,-8.46,34.45,1
d,2022-10-29 14:08:20.038150,0.53,0.24,-0.88,32.96,34.79,16.97,-11.95,-9.13,32.17,1
d,2022-10-29 14:08:20.054287,0.60,0.32,-0.88,55.42,23.50,18.13,-11.95,-9.13,32.17,1
d,2022-10-29 14:08:20.080488,0.60,0.42,-0.89,80.99,4.27,18.19,-11.95,-9.13,32.17,1
d,2022-10-29 14:08:20.112329,0.65,0.48,-0.81,96.68,-20.63,25.82,-12.29,-9.38,29.24,1
d,2022-10-29 14:08:20.132469,0.61,0.34,-0.79,54.02,-78.19,46.94,-12.29,-9.38,29.24,1
d,2022-10-29 14:08:20.150180,0.62,0.47,-0.83,37.78,-71.04,23.93,-9.88,-10.07,29.11,1
d,2022-10-29 14:08:20.173206,0.25,0.41,-0.79,29.79,-42.30,-7.08,-9.88,-10.07,29.11,1
d,2022-10-29 14:08:20.190145,0.21,0.71,-0.81,85.69,-21.55,-73.00,-9.88,-10.07,29.11,1
d,2022-10-29 14:08:20.213127,0.49,0.92,-0.32,103.70,9.34,-75.44,-5.77,-9.84,29.31,1
d,2022-10-29 14:08:20.233463,0.48,0.84,-0.33,55.79,-15.63,-40.41,-5.77,-9.84,29.31,1
d,2022-10-29 14:08:20.246551,0.55,0.64,-0.49,38.45,-27.04,-19.90,-3.19,-10.83,24.13,1
d,2022-10-29 14:08:20.264878,0.65,0.47,-0.56,29.97,-22.03,-13.37,-3.19,-10.83,24.13,1
d,2022-10-29 14:08:20.297208,0.70,0.49,-0.50,30.09,-13.85,-6.59,-3.19,-10.83,24.13,1
d,2022-10-29 14:08:20.313076,0.74,0.47,-0.51,13.18,-7.81,2.69,-1.25,-11.49,21.42,1
d,2022-10-29 14:08:20.334348,0.69,0.48,-0.53,3.85,-6.71,11.29,-1.25,-11.49,21.42,1
d,2022-10-29 14:08:20.347676,0.66,0.55,-0.54,5.43,-9.16,16.97,-0.44,-10.29,22.01,1
d,2022-10-29 14:08:20.369457,0.61,0.59,-0.52,6.96,-7.39,16.54,-0.44,-10.29,22.01,1
d,2022-10-29 14:08:20.395858,0.58,0.63,-0.52,6.35,-7.32,13.55,-0.44,-10.29,22.01,1
d,2022-10-29 14:08:20.412418,0.58,0.66,-0.50,5.07,-2.08,10.56,-0.29,-9.90,21.94,1
d,2022-10-29 14:08:20.429441,0.57,0.67,-0.50,1.22,-2.14,10.07,-0.29,-9.90,21.94,1
d,2022-10-29 14:08:20.446654,0.58,0.64,-0.51,0.31,-5.62,10.62,0.40,-8.48,21.01,1
d,2022-10-29 14:08:20.463442,0.60,0.63,-0.50,1.65,-8.42,10.31,0.40,-8.48,21.01,1
