b,2022-10-29 16:55:12.583283,0.23,0.00,0.99,-15.20,48.46,-5.31,-68.95,10.47,-165.39,1
b,2022-10-29 16:55:12.601787,0.26,-0.01,0.94,-4.52,38.39,3.17,-68.95,10.47,-165.39,1
b,2022-10-29 16:55:12.620143,0.37,-0.03,0.86,-9.52,15.50,1.95,-67.21,9.23,-169.58,1
b,2022-10-29 16:55:12.639217,0.38,-0.07,0.83,-17.40,-5.37,0.67,-67.21,9.23,-169.58,1
b,2022-10-29 16:55:12.658237,0.40,-0.05,0.73,-24.84,-21.79,5.55,-67.21,9.23,-169.58,1
b,2022-10-29 16:55:12.677785,0.40,0.03,0.66,-42.66,-62.68,0.79,-69.71,7.71,-169.09,1
b,2022-10-29 16:55:12.695583,-2.34,0.46,2.53,-67.02,-88.87,-4.94,-69.71,7.71,-169.09,1
b,2022-10-29 16:55:12.714671,0.10,0.41,0.47,-22.71,3.66,-32.41,-69.71,7.71,-169.09,1
b,2022-10-29 16:55:12.735111,0.12,0.25,0.71,8.24,-38.39,-6.96,-73.22,5.81,-166.31,1
b,2022-10-29 16:55:12.754121,0.14,0.17,0.72,-14.16,-100.46,1.89,-73.22,5.81,-166.31,1
b,2022-10-29 16:55:12.772393,0.23,0.38,0.88,13.79,-137.33,13.49,-79.33,6.62,-156.31,1
b,2022-10-29 16:55:12.790005,0.20,0.31,1.00,42.24,-131.65,18.74,-79.33,6.62,-156.31,1
b,2022-10-29 16:55:12.809249,0.14,0.25,1.11,42.48,-86.30,30.21,-79.33,6.62,-156.31,1
b,2022-10-29 16:55:12.827374,0.15,0.24,1.21,50.78,-28.69,34.48,-83.19,10.83,-146.69,1
b,2022-10-29 16:55:12.846051,0.17,0.21,1.19,42.42,17.40,24.78,-83.19,10.83,-146.69,1
b,2022-10-29 16:55:12.863716,0.17,0.11,1.21,31.13,31.92,5.74,-83.19,10.83,-146.69,1
b,2022-10-29 16:55:12.884121,0.19,0.14,1.20,-51.94,35.95,-18.19,-81.53,11.40,-146.87,1
b,2022-10-29 16:55:12.903006,0.16,0.30,0.99,-57.74,89.05,-18.01,-81.53,11.40,-146.87,1
b,2022-10-29 16:55:12.921794,0.11,0.38,0.72,-28.38,118.96,-16.30,-78.85,9.19,-155.97,1
b,2022-10-29 16:55:12.939596,0.08,0.37,0.64,13.85,55.60,-12.94,-78.85,9.19,-155.97,1
b,2022-10-29 16:55:12.956977,0.20,0.38,0.76,18.07,34.42,-3.23,-78.85,9.19,-155.97,1
b,2022-10-29 16:55:12.976344,0.19,0.30,0.74,1.77,31.56,-29.79,-78.28,7.54,-160.40,1
b,2022-10-29 16:55:12.994479,0.18,0.08,0.82,7.32,12.39,-47.30,-78.28,7.54,-160.40,1
b,2022-10-29 16:55:13.012741,0.17,0.11,0.85,4.82,-12.08,-38.02,-78.28,7.54,-160.40,1
b,2022-10-29 16:55:13.033619,0.19,0.04,0.92,45.47,-39.12,-32.41,-80.47,4.16,-158.96,1
b,2022-10-29 16:55:13.051980,0.23,0.01,1.06,67.08,-63.35,-26.37,-80.47,4.16,-158.96,1
b,2022-10-29 16:55:13.071122,0.26,-0.09,1.23,64.88,-75.38,-5.98,-83.87,5.25,-151.09,1
b,2022-10-29 16:55:13.090393,0.20,-0.08,1.20,5.62,-50.29,27.83,-83.87,5.25,-151.09,1
b,2022-10-29 16:55:13.108227,0.19,-0.01,1.19,-14.22,-46.51,67.44,-83.87,5.25,-151.09,1
b,2022-10-29 16:55:13.127145,0.15,0.12,1.09,-27.28,-12.94,104.68,-82.81,11.12,-147.28,1
b,2022-10-29 16:55:13.146197,0.14,0.30,0.94,8.12,34.36,127.75,-82.81,11.12,-147.28,1
b,2022-10-29 16:55:13.164372,-0.10,0.71,0.88,8.06,34.42,99.30,-82.81,11.12,-147.28,1
b,2022-10-29 16:55:13.184929,-0.10,0.85,0.85,9.89,41.50,30.94,-77.12,20.15,-151.17,1
