C,2022-11-06 10:48:58.006636,0.15,0.97,-0.33,-19.65,9.64,-23.99,77.94,119.49,29.00,1
C,2022-11-06 10:48:58.030238,0.22,0.92,-0.35,-0.79,11.17,-19.96,77.94,119.49,29.00,1
C,2022-11-06 10:48:58.042615,0.29,0.83,-0.38,2.62,12.94,-12.27,77.94,119.49,29.00,1
C,2022-11-06 10:48:58.066248,0.33,0.86,-0.49,-2.20,9.46,-9.34,83.22,125.99,22.36,1
C,2022-11-06 10:48:58.078257,0.31,0.84,-0.45,-7.32,0.73,-13.79,83.22,125.99,22.36,1
C,2022-11-06 10:48:58.102253,0.31,0.78,-0.36,-21.97,-5.68,-10.68,83.22,125.99,22.36,1
C,2022-11-06 10:48:58.114507,0.29,0.79,-0.37,-35.34,-4.64,-4.39,90.28,131.88,17.92,1
C,2022-11-06 10:48:58.138524,0.34,0.71,-0.53,-38.70,-4.52,-1.40,90.28,131.88,17.92,1
C,2022-11-06 10:48:58.150520,0.39,0.72,-0.66,-47.73,-17.03,6.47,90.28,131.88,17.92,1
C,2022-11-06 10:48:58.174402,-0.07,0.69,-0.41,-45.10,-34.91,10.93,99.04,134.31,9.56,1
C,2022-11-06 10:48:58.198416,0.70,1.26,-0.75,61.34,-20.81,-6.59,99.04,134.31,9.56,1
C,2022-11-06 10:48:58.219963,0.24,0.95,-0.14,13.24,1.83,-35.95,102.22,144.26,1.60,1
C,2022-11-06 10:48:58.237431,0.52,0.89,-0.17,-35.16,9.58,-41.87,102.22,144.26,1.60,1
C,2022-11-06 10:48:58.249435,0.16,0.78,-0.13,-88.38,20.32,-12.94,102.22,144.26,1.60,1
C,2022-11-06 10:48:58.273416,0.18,0.70,-0.22,-70.68,33.94,-8.48,111.38,150.23,0.42,1
C,2022-11-06 10:48:58.285429,0.07,0.73,-0.21,-38.70,52.98,0.06,111.38,150.23,0.42,1
C,2022-11-06 10:48:58.309425,0.14,0.63,-0.30,-8.54,68.05,12.88,111.38,150.23,0.42,1
C,2022-11-06 10:48:58.321806,0.11,0.59,-0.58,-4.76,72.75,33.51,134.22,157.31,6.32,1
C,2022-11-06 10:48:58.345435,-0.09,0.69,-0.70,-3.23,56.58,39.79,134.22,157.31,6.32,1
C,2022-11-06 10:48:58.357831,-0.05,0.73,-0.75,27.34,59.57,62.56,150.21,153.65,23.18,1
C,2022-11-06 10:48:58.381468,0.07,0.74,-0.99,64.58,50.05,89.23,150.21,153.65,23.18,1
C,2022-11-06 10:48:58.393845,-0.03,0.87,-0.84,65.98,34.85,90.82,150.21,153.65,23.18,1
C,2022-11-06 10:48:58.417476,-0.03,1.01,-0.90,69.82,14.22,98.33,137.99,128.47,33.46,1
C,2022-11-06 10:48:58.429827,-0.02,1.20,-0.82,99.91,-13.92,104.13,137.99,128.47,33.46,1
C,2022-11-06 10:48:58.453621,0.16,1.28,-0.89,122.13,-39.31,86.73,137.99,128.47,33.46,1
C,2022-11-06 10:48:58.477467,0.10,1.25,-0.57,109.92,-62.74,22.77,113.27,112.41,17.09,1
C,2022-11-06 10:48:58.489856,0.12,1.17,-0.05,76.29,-65.55,-4.39,113.27,112.41,17.09,1
C,2022-11-06 10:48:58.513497,0.18,1.04,0.08,75.56,-36.07,-20.87,93.40,112.16,5.54,1
C,2022-11-06 10:48:58.525870,0.14,0.94,0.27,63.60,-9.52,-22.95,93.40,112.16,5.54,1
C,2022-11-06 10:48:58.549486,0.05,0.75,0.40,67.87,13.61,4.09,93.40,112.16,5.54,1
C,2022-11-06 10:48:58.561881,0.07,0.83,-0.12,5.37,-17.09,14.34,90.06,115.53,3.04,1
C,2022-11-06 10:48:58.585493,0.05,0.84,-0.16,-78.06,-44.74,12.57,90.06,115.53,3.04,1
C,2022-11-06 10:48:58.597518,0.54,1.85,-0.35,-146.79,-65.37,-0.49,90.06,115.53,3.04,1
C,2022-11-06 10:48:58.621503,-0.62,1.04,-0.11,-175.11,-56.40,-92.35,94.41,112.01,6.87,1
C,2022-11-06 10:48:58.633506,-0.12,1.10,-0.37,1.83,-2.14,-55.30,94.41,112.01,6.87,1
C,2022-11-06 10:48:58.657596,0.07,0.94,-0.34,45.84,16.24,-60.55,96.94,126.60,11.80,1
C,2022-11-06 10:48:58.669903,0.18,0.88,-0.19,47.55,21.61,-59.02,96.94,126.60,11.80,1
C,2022-11-06 10:48:58.693632,0.34,0.90,-0.19,-3.17,43.82,-72.88,96.94,126.60,11.80,1
C,2022-11-06 10:48:58.717550,0.53,0.61,-0.63,-38.09,36.19,-62.01,96.59,138.66,20.30,1
C,2022-11-06 10:48:58.730723,0.42,0.67,-0.49,-38.45,9.83,-36.19,96.59,138.66,20.30,1
C,2022-11-06 10:48:58.742088,0.33,0.78,-0.35,-40.04,-1.28,-13.67,96.59,138.66,20.30,1
C,2022-11-06 10:48:58.766119,0.26,0.89,-0.36,-31.43,8.06,-2.69,103.72,141.49,24.22,1
C,2022-11-06 10:48:58.790124,0.19,0.98,-0.38,-11.35,18.43,-2.69,103.72,141.49,24.22,1
