r,2022-10-13 18:42:18.611527,-5.353708,11.598105,-3.921902,-0.092438,-0.119378,1.619272,33.560554,-10.789748,-69.027557,1
r,2022-10-13 18:42:18.705309,-1.905882,6.565236,-4.190066,0.511443,0.283564,1.102744,15.286746,-21.756376,-80.617370,1
r,2022-10-13 18:42:18.799061,-3.893170,9.237301,-2.327283,-0.049960,-0.110989,-0.935271,2.987065,-51.118640,-85.048767,1
r,2022-10-13 18:42:18.908412,-4.817379,12.009928,-2.748684,-1.723783,-0.544159,-0.760565,2.987065,-51.118640,-85.048767,1
r,2022-10-13 18:42:19.002163,-4.520483,9.443213,-2.322494,-0.904315,-0.244282,-1.912400,-9.136905,-29.716026,-128.169677,1
r,2022-10-13 18:42:19.095895,-1.225894,3.821341,-2.360803,2.621364,-0.070908,1.999178,-0.175710,-42.982109,-111.978034,1
r,2022-10-13 18:42:19.189636,-5.631449,8.159855,-3.270646,-0.576342,-0.447085,0.133472,2.108516,-29.716026,-49.427139,1
r,2022-10-13 18:42:19.298925,-7.139873,8.590834,-0.335205,0.813716,0.913678,-0.681468,6.325550,-25.470878,-53.517662,1
r,2022-10-13 18:42:19.392768,-7.278744,3.069523,-4.233164,-0.206290,1.062285,0.240532,6.325550,-25.470878,-53.517662,1
r,2022-10-13 18:42:19.486495,-2.676854,6.502983,-5.047235,-0.270473,1.062817,1.424592,55.172847,-12.735440,-81.810440,1
