L,2022-10-26 13:06:10.640285,0.29,-0.68,0.62,-19.10,11.11,0.55,58.48,76.92,-71.26,1
L,2022-10-26 13:06:10.659418,0.30,-0.65,0.60,-21.30,11.60,-1.22,57.15,76.32,-71.29,1
L,2022-10-26 13:06:10.676898,0.33,-0.59,0.61,-19.17,6.23,2.44,57.15,76.32,-71.29,1
L,2022-10-26 13:06:10.696655,0.30,-0.59,0.59,-14.28,6.29,-1.04,56.34,75.12,-71.46,1
L,2022-10-26 13:06:10.715078,0.21,-0.58,0.62,-27.34,3.11,-7.26,56.34,75.12,-71.46,1
L,2022-10-26 13:06:10.732850,0.11,-0.62,0.61,-14.28,2.87,-3.30,56.34,75.12,-71.46,1
L,2022-10-26 13:06:10.752224,-0.51,-0.70,1.06,-20.45,2.56,-5.68,56.80,73.94,-70.14,1
L,2022-10-26 13:06:10.770778,0.23,-0.50,0.63,-6.53,23.62,3.66,56.80,73.94,-70.14,1
L,2022-10-26 13:06:10.790080,0.17,-0.53,0.61,-10.38,-2.01,-6.71,56.80,73.94,-70.14,1
L,2022-10-26 13:06:10.808895,0.16,-0.55,0.53,-20.32,-17.70,-25.45,57.91,74.93,-70.92,1
L,2022-10-26 13:06:10.827768,0.15,-0.52,0.54,-26.92,-22.09,-40.71,57.91,74.93,-70.92,1
L,2022-10-26 13:06:10.848074,0.19,-0.49,0.65,-19.71,-28.14,-47.49,59.48,76.31,-73.96,1
L,2022-10-26 13:06:10.865081,0.19,-0.51,0.69,-6.29,-27.71,-34.00,59.48,76.31,-73.96,1
L,2022-10-26 13:06:10.884086,0.19,-0.52,0.76,5.98,-31.56,-21.61,59.48,76.31,-73.96,1
L,2022-10-26 13:06:10.904192,0.20,-0.56,0.87,22.71,-31.19,-5.07,60.51,80.26,-75.78,1
L,2022-10-26 13:06:10.921483,0.20,-0.67,0.88,29.91,-17.58,3.60,60.51,80.26,-75.78,1
L,2022-10-26 13:06:10.939968,0.22,-0.72,0.87,21.73,-5.68,1.53,60.51,80.26,-75.78,1
L,2022-10-26 13:06:10.960200,0.23,-0.71,0.89,14.83,-1.28,-0.37,61.47,82.87,-75.74,1
L,2022-10-26 13:06:10.977417,0.22,-0.70,0.89,7.14,7.63,3.72,61.47,82.87,-75.74,1
L,2022-10-26 13:06:10.997086,0.21,-0.72,0.84,0.43,12.51,4.03,59.86,84.46,-77.40,1
L,2022-10-26 13:06:11.014359,0.20,-0.65,0.84,-8.73,15.75,-1.34,59.86,84.46,-77.40,1
L,2022-10-26 13:06:11.032841,0.20,-0.57,0.88,-9.52,15.50,-7.20,59.86,84.46,-77.40,1
L,2022-10-26 13:06:11.052041,0.14,-0.44,0.94,-0.73,11.60,-15.38,57.97,85.16,-79.52,1
L,2022-10-26 13:06:11.070529,0.09,-0.35,0.95,20.39,23.62,-19.78,57.97,85.16,-79.52,1
L,2022-10-26 13:06:11.088700,0.16,-0.41,0.85,29.60,37.23,-19.47,57.97,85.16,-79.52,1
L,2022-10-26 13:06:11.108286,0.22,-0.51,0.73,43.40,36.62,-4.09,53.11,83.74,-80.21,1
L,2022-10-26 13:06:11.126712,0.24,-0.76,0.63,62.07,18.01,19.29,53.11,83.74,-80.21,1
L,2022-10-26 13:06:11.145881,0.25,-0.92,0.57,53.53,8.61,14.71,48.50,82.19,-81.49,1
L,2022-10-26 13:06:11.163362,0.23,-0.93,0.58,29.48,3.72,-0.79,48.50,82.19,-81.49,1
L,2022-10-26 13:06:11.181844,0.08,-0.98,0.67,17.82,4.76,-4.58,48.50,82.19,-81.49,1
L,2022-10-26 13:06:11.200104,0.16,-0.86,0.75,33.20,4.46,32.53,46.74,79.85,-80.41,1
L,2022-10-26 13:06:11.219532,0.20,-0.77,0.74,50.42,0.67,52.92,46.74,79.85,-80.41,1
L,2022-10-26 13:06:11.237906,0.27,-0.67,0.74,53.65,0.31,64.76,46.74,79.85,-80.41,1
L,2022-10-26 13:06:11.257343,0.38,-0.67,0.66,44.68,5.07,36.44,48.68,78.99,-79.22,1
L,2022-10-26 13:06:11.275433,0.41,-0.71,0.62,-4.52,10.13,-2.50,48.68,78.99,-79.22,1
L,2022-10-26 13:06:11.294907,0.32,-0.68,0.69,-29.72,10.19,-25.63,47.08,77.36,-80.93,1
L,2022-10-26 13:06:11.314243,0.31,-0.65,0.73,-26.12,13.00,-19.84,47.08,77.36,-80.93,1
