b,2022-11-02 10:57:26.936713,0.04,-0.38,0.93,-16.11,10.99,1.34,-74.46,-50.72,-149.74,1
b,2022-11-02 10:57:26.954755,0.10,-0.39,0.85,-10.25,13.92,3.66,-74.46,-50.72,-149.74,1
b,2022-11-02 10:57:26.974080,0.15,-0.38,0.85,-4.94,11.66,5.49,-74.72,-48.06,-152.11,1
b,2022-11-02 10:57:26.991990,0.05,-0.44,0.84,-3.17,9.22,10.99,-74.72,-48.06,-152.11,1
b,2022-11-02 10:57:27.010735,0.14,-0.40,0.84,-6.59,5.74,9.16,-73.94,-44.21,-156.02,1
b,2022-11-02 10:57:27.028814,0.16,-0.36,0.87,-8.97,3.60,3.97,-73.94,-44.21,-156.02,1
b,2022-11-02 10:57:27.046901,0.15,-0.36,0.83,-8.91,4.94,5.74,-73.94,-44.21,-156.02,1
b,2022-11-02 10:57:27.066040,0.12,-0.41,0.82,-8.36,2.26,12.02,-73.46,-40.04,-159.77,1
b,2022-11-02 10:57:27.083936,0.14,-0.40,0.76,-11.54,-6.77,14.89,-73.46,-40.04,-159.77,1
b,2022-11-02 10:57:27.102130,0.08,-0.15,1.11,-4.39,-15.26,-14.10,-73.46,-40.04,-159.77,1
b,2022-11-02 10:57:27.120940,0.06,-0.27,0.85,9.95,-2.62,-0.67,-73.30,-37.67,-160.27,1
b,2022-11-02 10:57:27.138640,0.12,-0.22,0.79,10.13,2.20,5.07,-73.30,-37.67,-160.27,1
b,2022-11-02 10:57:27.156964,0.09,-0.30,0.65,-15.63,-9.64,-18.31,-73.30,-37.67,-160.27,1
b,2022-11-02 10:57:27.176042,0.01,-0.26,0.70,-18.80,-23.80,-20.75,-75.06,-38.16,-159.51,1
b,2022-11-02 10:57:27.194099,0.03,-0.23,0.75,-7.26,-33.39,-16.97,-75.06,-38.16,-159.51,1
b,2022-11-02 10:57:27.212980,0.07,-0.22,0.75,2.69,-33.26,-17.76,-83.63,-40.76,-157.42,1
b,2022-11-02 10:57:27.231007,0.06,-0.24,0.77,-0.12,-36.50,-25.70,-83.63,-40.76,-157.42,1
b,2022-11-02 10:57:27.249027,0.03,-0.26,0.86,0.67,-37.05,-24.66,-83.63,-40.76,-157.42,1
b,2022-11-02 10:57:27.267934,0.05,-0.25,0.90,5.31,-34.42,-21.97,-95.57,-45.59,-151.54,1
b,2022-11-02 10:57:27.285903,0.04,-0.32,0.95,9.64,-30.21,-20.26,-95.57,-45.59,-151.54,1
b,2022-11-02 10:57:27.303802,0.03,-0.37,0.99,15.63,-21.24,-12.94,-95.57,-45.59,-151.54,1
b,2022-11-02 10:57:27.322773,0.03,-0.45,1.06,16.85,-12.76,-11.41,-106.14,-50.66,-142.26,1
b,2022-11-02 10:57:27.341047,0.01,-0.50,1.10,10.56,-10.25,-8.67,-106.14,-50.66,-142.26,1
b,2022-11-02 10:57:27.359799,0.04,-0.52,1.08,7.26,-10.01,-5.68,-111.43,-54.59,-135.58,1
b,2022-11-02 10:57:27.377912,0.03,-0.51,1.13,1.83,-10.99,-8.61,-111.43,-54.59,-135.58,1
b,2022-11-02 10:57:27.395874,0.01,-0.49,1.12,-8.24,-1.95,-6.53,-111.43,-54.59,-135.58,1
b,2022-11-02 10:57:27.414848,0.04,-0.39,0.99,-21.79,-5.19,-11.90,-112.02,-56.56,-134.41,1
b,2022-11-02 10:57:27.432980,0.03,-0.33,1.06,-25.88,-17.15,-16.17,-112.02,-56.56,-134.41,1
b,2022-11-02 10:57:27.450981,-0.00,-0.36,1.11,-2.26,7.32,2.99,-112.02,-56.56,-134.41,1
b,2022-11-02 10:57:27.469886,-0.00,-0.43,1.01,1.53,18.37,8.30,-111.67,-55.52,-135.90,1
b,2022-11-02 10:57:27.487774,0.02,-0.43,1.01,-2.08,24.48,15.01,-111.67,-55.52,-135.90,1
b,2022-11-02 10:57:27.505829,0.02,-0.41,1.01,-2.44,23.38,18.01,-111.67,-55.52,-135.90,1
b,2022-11-02 10:57:27.524765,0.02,-0.34,0.97,-6.77,23.50,15.56,-107.12,-52.93,-143.25,1
b,2022-11-02 10:57:27.542950,0.08,-0.26,0.93,-5.62,22.09,10.07,-107.12,-52.93,-143.25,1
b,2022-11-02 10:57:27.561773,0.07,-0.20,0.88,-2.62,23.44,9.40,-99.66,-48.05,-151.45,1
b,2022-11-02 10:57:27.579919,0.03,-0.18,0.79,-5.43,18.80,3.72,-99.66,-48.05,-151.45,1
b,2022-11-02 10:57:27.597939,0.06,-0.14,0.78,-4.21,9.89,-0.85,-99.66,-48.05,-151.45,1
b,2022-11-02 10:57:27.616886,0.07,-0.12,0.79,3.78,3.54,-3.36,-96.15,-46.26,-153.92,1
b,2022-11-02 10:57:27.634753,0.06,-0.14,0.78,15.32,3.42,-11.17,-96.15,-46.26,-153.92,1
b,2022-11-02 10:57:27.652786,0.00,-0.26,0.74,11.35,2.32,-20.94,-96.15,-46.26,-153.92,1
b,2022-11-02 10:57:27.671830,0.00,-0.29,0.72,9.52,-2.81,-19.65,-98.35,-47.41,-155.05,1
b,2022-11-02 10:57:27.689985,0.00,-0.26,0.74,10.50,-12.94,-23.99,-98.35,-47.41,-155.05,1
b,2022-11-02 10:57:27.708821,0.02,-0.26,0.73,9.40,-19.96,-39.98,-107.01,-51.94,-153.22,1
b,2022-11-02 10:57:27.727165,-0.07,-0.40,0.82,-0.18,-27.71,-46.14,-107.01,-51.94,-153.22,1
b,2022-11-02 10:57:27.745075,-0.06,-0.40,0.85,12.94,-23.99,-25.57,-107.01,-51.94,-153.22,1
b,2022-11-02 10:57:27.763992,-0.06,-0.45,0.88,22.46,-23.07,-15.32,-115.77,-59.06,-147.60,1
b,2022-11-02 10:57:27.782211,-0.05,-0.51,0.94,23.99,-19.65,-11.90,-115.77,-59.06,-147.60,1
b,2022-11-02 10:57:27.799836,-0.05,-0.59,0.98,19.41,-15.01,-11.17,-115.77,-59.06,-147.60,1
b,2022-11-02 10:57:27.818836,-0.09,-0.62,1.03,9.58,-12.33,-7.75,-119.89,-62.39,-141.52,1
b,2022-11-02 10:57:27.836861,-0.07,-0.57,1.03,1.77,-6.41,0.55,-119.89,-62.39,-141.52,1
b,2022-11-02 10:57:27.854904,-0.04,-0.53,0.98,4.21,-3.97,9.28,-119.89,-62.39,-141.52,1
b,2022-11-02 10:57:27.873885,-0.01,-0.43,0.98,-15.01,-6.23,6.84,-118.75,-60.95,-135.89,1
b,2022-11-02 10:57:27.891971,-0.01,-0.33,0.96,-6.23,-6.71,11.47,-118.75,-60.95,-135.89,1
b,2022-11-02 10:57:27.910990,0.01,-0.29,0.97,-3.97,-3.97,15.63,-113.39,-57.39,-134.53,1
b,2022-11-02 10:57:27.928770,0.00,-0.26,0.98,-0.67,2.26,19.59,-113.39,-57.39,-134.53,1
b,2022-11-02 10:57:27.946725,-0.01,-0.26,0.96,11.60,8.67,23.74,-113.39,-57.39,-134.53,1
b,2022-11-02 10:57:27.965811,-0.10,-0.14,1.10,4.33,8.54,9.28,-108.45,-53.97,-135.10,1
b,2022-11-02 10:57:27.983745,-0.14,-0.17,1.10,3.72,15.75,0.24,-108.45,-53.97,-135.10,1
b,2022-11-02 10:57:28.001882,-0.10,-0.16,1.10,11.84,22.16,2.38,-108.45,-53.97,-135.10,1
b,2022-11-02 10:57:28.020787,-0.03,-0.19,1.05,24.23,29.42,4.21,-103.88,-56.76,-137.00,1
b,2022-11-02 10:57:28.039025,0.10,-0.27,0.93,34.06,39.37,-2.99,-103.88,-56.76,-137.00,1
b,2022-11-02 10:57:28.057848,0.21,-0.38,0.87,27.83,37.90,-12.82,-96.64,-60.38,-141.99,1
b,2022-11-02 10:57:28.075884,0.28,-0.45,0.82,12.94,31.43,-14.47,-96.64,-60.38,-141.99,1
b,2022-11-02 10:57:28.094096,0.22,-0.48,0.88,-3.66,24.72,-15.44,-96.64,-60.38,-141.99,1
b,2022-11-02 10:57:28.113100,0.16,-0.50,0.92,-6.35,24.48,-4.64,-94.04,-65.59,-148.84,1
b,2022-11-02 10:57:28.130792,0.15,-0.55,0.89,0.55,25.45,1.40,-94.04,-65.59,-148.84,1
b,2022-11-02 10:57:28.148859,0.14,-0.55,0.86,0.61,21.61,6.71,-94.04,-65.59,-148.84,1
