R,2022-10-28 11:07:46.294471,0.47,0.56,0.61,10.13,37.60,3.36,-16.78,-6.12,-13.93,1
R,2022-10-28 11:07:46.313461,0.47,0.57,0.49,5.00,24.84,-0.43,-16.75,-7.41,-14.70,1
R,2022-10-28 11:07:46.331471,0.59,0.54,0.46,7.87,2.14,8.79,-16.75,-7.41,-14.70,1
R,2022-10-28 11:07:46.349582,0.62,0.44,0.55,30.09,0.12,37.84,-16.75,-7.41,-14.70,1
R,2022-10-28 11:07:46.368322,0.53,0.44,0.57,40.16,0.98,56.70,-19.23,-7.65,-13.70,1
R,2022-10-28 11:07:46.386749,-0.03,0.73,1.06,28.02,16.97,-6.53,-19.23,-7.65,-13.70,1
R,2022-10-28 11:07:46.404432,0.44,0.83,0.26,6.71,17.58,-14.16,-19.23,-7.65,-13.70,1
R,2022-10-28 11:07:46.423429,0.22,0.64,0.75,32.65,13.92,13.37,-19.19,-7.96,-13.98,1
R,2022-10-28 11:07:46.441743,0.20,0.64,0.67,-49.19,-25.51,40.22,-19.19,-7.96,-13.98,1
R,2022-10-28 11:07:46.459487,0.43,0.54,0.64,-71.29,-47.06,57.07,-19.19,-7.96,-13.98,1
R,2022-10-28 11:07:46.478571,0.34,0.60,0.52,-67.08,-54.75,54.69,-18.41,-5.60,-12.07,1
R,2022-10-28 11:07:46.496740,0.48,0.58,0.43,-37.78,-52.92,46.94,-18.41,-5.60,-12.07,1
R,2022-10-28 11:07:46.515401,0.40,0.71,0.48,-24.54,-35.64,43.58,-17.18,-3.41,-9.74,1
R,2022-10-28 11:07:46.533396,0.43,0.80,0.52,-6.59,-6.77,38.39,-17.18,-3.41,-9.74,1
R,2022-10-28 11:07:46.551443,0.50,0.76,0.61,9.89,10.68,26.49,-17.18,-3.41,-9.74,1
R,2022-10-28 11:07:46.570271,0.44,0.80,0.76,15.99,12.63,11.41,-16.05,-2.25,-10.91,1
R,2022-10-28 11:07:46.588660,0.57,0.74,0.81,-1.89,10.50,-3.05,-16.05,-2.25,-10.91,1
R,2022-10-28 11:07:46.606642,0.36,0.89,0.77,-25.63,0.31,-7.81,-16.05,-2.25,-10.91,1
R,2022-10-28 11:07:46.625553,0.36,0.94,0.63,-73.49,-13.06,8.79,-15.99,-1.88,-9.73,1
R,2022-10-28 11:07:46.643363,0.70,0.58,0.27,-67.99,4.70,0.67,-15.99,-1.88,-9.73,1
R,2022-10-28 11:07:46.661657,0.59,0.84,0.53,44.07,67.38,-43.88,-15.99,-1.88,-9.73,1
R,2022-10-28 11:07:46.680442,0.42,0.79,0.61,74.65,78.92,-58.04,-17.08,-2.54,-10.62,1
R,2022-10-28 11:07:46.698557,0.64,0.71,0.64,96.50,94.54,-56.46,-17.08,-2.54,-10.62,1
R,2022-10-28 11:07:46.717455,0.70,0.76,0.66,59.69,81.91,-37.84,-17.81,-5.79,-14.16,1
R,2022-10-28 11:07:46.735651,0.02,0.81,0.54,49.68,59.45,-29.72,-17.81,-5.79,-14.16,1
R,2022-10-28 11:07:46.753559,0.45,0.65,0.33,9.40,16.11,-13.37,-17.81,-5.79,-14.16,1
R,2022-10-28 11:07:46.772274,0.33,0.64,0.47,35.95,5.98,-17.40,-18.49,-7.85,-15.01,1
R,2022-10-28 11:07:46.790630,0.24,0.62,0.44,61.40,7.14,-22.28,-18.49,-7.85,-15.01,1
R,2022-10-28 11:07:46.808723,0.33,0.55,0.38,45.96,3.11,-15.32,-18.49,-7.85,-15.01,1
R,2022-10-28 11:07:46.827722,0.48,0.50,0.42,54.14,-0.79,-13.61,-17.82,-9.46,-15.12,1
R,2022-10-28 11:07:46.845656,0.37,0.57,0.40,64.45,-27.95,-39.00,-17.82,-9.46,-15.12,1
R,2022-10-28 11:07:46.863546,0.39,0.44,0.55,52.92,-48.71,-46.75,-17.82,-9.46,-15.12,1
R,2022-10-28 11:07:46.882366,0.43,0.33,0.70,75.38,-8.30,-27.65,-15.55,-11.62,-13.81,1
R,2022-10-28 11:07:46.900553,0.44,0.39,0.66,77.27,3.17,-18.43,-15.55,-11.62,-13.81,1
R,2022-10-28 11:07:46.919582,0.38,0.42,0.67,95.03,-3.54,-21.79,-13.04,-12.24,-14.84,1
R,2022-10-28 11:07:46.937752,0.27,0.18,0.99,81.30,-9.28,-15.63,-13.04,-12.24,-14.84,1
R,2022-10-28 11:07:46.955443,0.55,0.22,0.86,36.74,-31.25,-6.29,-13.04,-12.24,-14.84,1
R,2022-10-28 11:07:46.974443,0.36,0.33,0.84,22.77,-22.89,4.88,-11.61,-12.04,-14.86,1
R,2022-10-28 11:07:46.992679,0.42,0.41,0.68,11.96,-20.26,22.03,-11.61,-12.04,-14.86,1
R,2022-10-28 11:07:47.010557,0.40,0.41,0.70,-3.23,-7.63,41.50,-11.61,-12.04,-14.86,1
R,2022-10-28 11:07:47.029475,0.50,0.32,0.79,-41.14,3.85,60.73,-11.60,-10.86,-14.99,1
R,2022-10-28 11:07:47.047658,0.53,0.28,0.86,-97.35,7.02,65.12,-11.60,-10.86,-14.99,1
R,2022-10-28 11:07:47.065657,0.54,0.46,0.66,-116.33,16.30,58.47,-11.60,-10.86,-14.99,1
R,2022-10-28 11:07:47.084370,0.53,0.57,0.67,-109.92,25.39,50.35,-13.02,-8.47,-14.12,1
R,2022-10-28 11:07:47.102680,0.62,0.57,0.70,-89.48,32.59,52.98,-13.02,-8.47,-14.12,1
R,2022-10-28 11:07:47.121306,0.63,0.61,0.64,-63.54,37.60,34.12,-15.45,-6.56,-15.21,1
R,2022-10-28 11:07:47.139544,0.53,0.71,0.52,-38.51,31.92,10.44,-15.45,-6.56,-15.21,1
R,2022-10-28 11:07:47.157557,0.43,0.79,0.55,-33.81,22.16,0.55,-15.45,-6.56,-15.21,1
R,2022-10-28 11:07:47.176756,0.42,0.86,0.29,-53.71,-8.00,-0.55,-16.35,-6.43,-16.33,1
R,2022-10-28 11:07:47.194742,0.44,0.73,0.33,-8.54,6.04,6.84,-16.35,-6.43,-16.33,1
R,2022-10-28 11:07:47.212581,0.27,0.78,0.20,70.98,24.84,-26.00,-16.35,-6.43,-16.33,1
R,2022-10-28 11:07:47.231455,0.74,0.41,0.59,102.60,32.78,-25.21,-15.99,-6.57,-15.77,1
R,2022-10-28 11:07:47.249426,0.29,0.66,0.59,101.50,-9.95,-55.91,-15.99,-6.57,-15.77,1
R,2022-10-28 11:07:47.267480,0.31,0.55,0.64,45.47,-55.05,-56.95,-15.99,-6.57,-15.77,1
R,2022-10-28 11:07:47.286554,0.28,0.63,0.60,13.92,-59.20,-34.97,-14.26,-9.00,-14.97,1
R,2022-10-28 11:07:47.304452,0.35,0.42,0.82,38.70,-18.49,3.91,-14.26,-9.00,-14.97,1
R,2022-10-28 11:07:47.323550,0.49,0.63,0.55,25.02,-41.56,-1.04,-11.74,-9.08,-14.21,1
R,2022-10-28 11:07:47.341550,0.40,0.44,0.87,72.88,-30.15,2.14,-11.74,-9.08,-14.21,1
R,2022-10-28 11:07:47.359443,0.44,0.39,0.72,16.30,-66.35,2.87,-11.74,-9.08,-14.21,1
R,2022-10-28 11:07:47.378538,0.46,0.38,0.78,-5.31,-54.38,13.49,-9.69,-8.41,-10.91,1
R,2022-10-28 11:07:47.396437,0.43,0.45,0.75,-19.84,-36.44,19.65,-9.69,-8.41,-10.91,1
R,2022-10-28 11:07:47.414631,0.41,0.51,0.74,-14.53,-26.25,18.62,-9.69,-8.41,-10.91,1
R,2022-10-28 11:07:47.433569,0.47,0.59,0.70,-93.08,-92.16,10.56,-8.04,-8.19,-10.91,1
R,2022-10-28 11:07:47.451630,0.39,0.53,0.87,-75.26,-97.72,7.93,-8.04,-8.19,-10.91,1
R,2022-10-28 11:07:47.469780,0.43,0.56,0.82,-68.30,-76.97,17.46,-8.04,-8.19,-10.91,1
R,2022-10-28 11:07:47.488572,0.43,0.48,0.86,-50.54,-42.48,12.94,-6.63,-6.88,-7.41,1
R,2022-10-28 11:07:47.506877,0.12,0.44,0.92,-61.34,-0.73,-9.89,-6.63,-6.88,-7.41,1
R,2022-10-28 11:07:47.525576,0.18,0.62,0.83,-124.39,58.04,-49.99,-7.07,-6.18,-6.31,1
R,2022-10-28 11:07:47.543478,0.51,0.86,0.45,-86.36,60.24,-70.07,-7.07,-6.18,-6.31,1
R,2022-10-28 11:07:47.561590,0.59,0.79,0.45,-14.89,49.99,-71.35,-7.07,-6.18,-6.31,1
R,2022-10-28 11:07:47.580545,0.53,0.64,0.62,21.61,49.50,-50.23,-6.16,-6.73,-6.71,1
R,2022-10-28 11:07:47.598613,0.64,0.61,0.53,20.81,41.02,-44.13,-6.16,-6.73,-6.71,1
R,2022-10-28 11:07:47.616456,0.64,0.59,0.50,64.94,39.92,-12.15,-6.16,-6.73,-6.71,1
