y,2022-10-17 14:59:15.162079,0.52,0.07,0.69,-0.31,53.10,-76.48,15.56,-74.74,-51.84,1
y,2022-10-17 14:59:15.193311,0.56,-0.11,0.66,13.79,27.22,-61.22,14.33,-61.91,-50.83,1
y,2022-10-17 14:59:15.208939,0.49,-0.36,0.71,44.98,-2.87,-13.06,14.33,-61.91,-50.83,1
y,2022-10-17 14:59:15.224578,0.50,-0.34,0.74,57.07,-10.68,14.53,14.33,-61.91,-50.83,1
y,2022-10-17 14:59:15.240210,0.50,-0.41,0.71,38.76,-12.94,7.69,12.95,-56.77,-48.57,1
y,2022-10-17 14:59:15.255832,0.40,-0.48,0.79,6.35,-17.03,-5.92,12.95,-56.77,-48.57,1
y,2022-10-17 14:59:15.271461,0.28,-0.41,0.91,-22.03,-16.11,-17.40,13.21,-54.05,-46.42,1
y,2022-10-17 14:59:15.302691,0.28,-0.16,1.11,0.79,-17.82,17.27,13.21,-54.05,-46.42,1
y,2022-10-17 14:59:15.318334,0.20,-0.35,0.57,-30.64,33.14,-11.96,13.21,-54.05,-46.42,1
y,2022-10-17 14:59:15.333961,0.44,-0.11,1.09,-26.00,4.09,-11.90,12.05,-52.27,-46.31,1
y,2022-10-17 14:59:15.349590,0.30,-0.30,0.81,-28.50,10.01,-12.45,12.05,-52.27,-46.31,1
y,2022-10-17 14:59:15.365212,0.32,-0.21,0.86,-12.33,-1.83,6.35,12.05,-52.27,-46.31,1
y,2022-10-17 14:59:15.396462,0.32,-0.08,0.85,-14.22,1.16,6.47,10.75,-51.05,-46.06,1
y,2022-10-17 14:59:15.412088,0.29,-0.07,0.83,-16.60,-0.12,3.05,10.75,-51.05,-46.06,1
y,2022-10-17 14:59:15.427705,0.25,0.04,0.83,-13.61,-3.23,1.95,9.62,-50.55,-46.48,1
y,2022-10-17 14:59:15.443342,0.29,-0.04,0.83,7.81,-12.82,-1.71,9.62,-50.55,-46.48,1
y,2022-10-17 14:59:15.458968,0.30,-0.06,0.82,7.93,-1.16,0.73,9.62,-50.55,-46.48,1
y,2022-10-17 14:59:15.474597,0.30,-0.05,0.83,3.78,14.89,3.23,9.66,-51.14,-47.71,1
y,2022-10-17 14:59:15.505848,0.06,0.05,0.60,-2.32,30.52,4.64,9.66,-51.14,-47.71,1
y,2022-10-17 14:59:15.521476,0.17,0.14,0.76,10.93,-12.45,-26.06,9.66,-51.14,-47.71,1
y,2022-10-17 14:59:15.537092,0.27,-0.03,0.79,5.19,-9.70,-44.19,10.34,-50.66,-46.50,1
y,2022-10-17 14:59:15.552722,0.16,0.09,0.81,-0.61,-6.96,-42.66,10.34,-50.66,-46.50,1
y,2022-10-17 14:59:15.568349,0.35,-0.01,0.99,9.40,-19.59,-37.60,10.34,-50.66,-46.50,1
y,2022-10-17 14:59:15.583978,0.45,-0.07,1.15,28.75,-18.74,-21.24,13.17,-49.74,-45.76,1
y,2022-10-17 14:59:15.615225,0.54,-0.25,1.20,64.70,-6.35,7.93,13.17,-49.74,-45.76,1
y,2022-10-17 14:59:15.630853,0.48,-0.37,1.07,71.72,-3.66,30.03,14.78,-51.27,-45.42,1
y,2022-10-17 14:59:15.646478,0.37,0.02,1.31,70.19,-13.85,36.80,14.78,-51.27,-45.42,1
y,2022-10-17 14:59:15.662108,0.33,-0.14,1.11,25.45,17.21,-14.34,14.78,-51.27,-45.42,1
y,2022-10-17 14:59:15.677730,0.38,-0.21,1.03,-26.67,37.90,-55.91,13.48,-50.56,-45.51,1
y,2022-10-17 14:59:15.708980,0.41,-0.47,0.83,-25.21,29.66,-45.47,13.48,-50.56,-45.51,1
y,2022-10-17 14:59:15.724606,0.40,-0.47,0.78,-4.21,11.96,-7.51,13.48,-50.56,-45.51,1
y,2022-10-17 14:59:15.740232,0.31,-0.36,0.71,18.43,-0.92,26.79,10.47,-48.40,-45.46,1
y,2022-10-17 14:59:15.755859,0.36,-0.26,0.94,35.22,-22.22,30.40,10.47,-48.40,-45.46,1
y,2022-10-17 14:59:15.771486,0.22,-0.23,0.77,1.89,-7.69,16.11,10.17,-49.46,-46.95,1
y,2022-10-17 14:59:15.787109,0.11,-0.14,0.58,-19.47,-14.16,-2.38,10.17,-49.46,-46.95,1
y,2022-10-17 14:59:15.818346,0.26,-0.20,0.76,-25.63,-23.93,-15.32,10.17,-49.46,-46.95,1
y,2022-10-17 14:59:15.833987,0.26,-0.18,0.79,-47.24,8.48,-17.09,10.02,-47.79,-48.39,1
y,2022-10-17 14:59:15.849618,0.26,-0.14,0.79,-60.79,28.87,-14.77,10.02,-47.79,-48.39,1
y,2022-10-17 14:59:15.865240,0.14,-0.01,0.66,-47.36,-0.06,-18.37,10.02,-47.79,-48.39,1
y,2022-10-17 14:59:15.880866,0.15,-0.06,0.64,-16.72,-15.69,-18.31,11.13,-46.73,-47.51,1
y,2022-10-17 14:59:15.912099,0.25,-0.16,0.71,6.65,-27.34,-17.21,11.13,-46.73,-47.51,1
y,2022-10-17 14:59:15.927742,0.24,-0.29,0.78,17.03,-32.47,-15.75,11.13,-46.73,-47.51,1
y,2022-10-17 14:59:15.943370,0.36,-0.45,0.73,25.27,-29.79,-4.46,14.42,-46.97,-45.79,1
y,2022-10-17 14:59:15.958996,0.43,-0.47,0.89,17.88,-25.88,14.16,14.42,-46.97,-45.79,1
y,2022-10-17 14:59:15.974625,0.45,-0.38,1.07,1.89,-23.32,15.38,19.80,-50.00,-44.64,1
y,2022-10-17 14:59:16.005871,0.43,-0.28,1.19,-11.90,-18.19,14.22,19.80,-50.00,-44.64,1
y,2022-10-17 14:59:16.021497,0.52,0.01,1.95,-24.72,-16.72,17.15,19.80,-50.00,-44.64,1
y,2022-10-17 14:59:16.037111,0.44,-0.10,1.18,-34.42,-22.52,34.79,22.64,-53.38,-45.09,1
y,2022-10-17 14:59:16.052749,0.36,0.09,1.26,-31.86,-25.02,64.70,22.64,-53.38,-45.09,1
y,2022-10-17 14:59:16.068377,0.24,0.35,1.18,-8.61,-14.77,100.16,22.64,-53.38,-45.09,1
y,2022-10-17 14:59:16.099611,-0.09,0.51,1.23,22.83,3.54,107.48,22.96,-57.25,-46.45,1
y,2022-10-17 14:59:16.115253,-0.12,0.91,1.24,35.03,42.30,50.29,22.96,-57.25,-46.45,1
y,2022-10-17 14:59:16.130879,-0.21,0.67,1.27,20.81,69.09,-29.36,18.71,-57.56,-46.97,1
y,2022-10-17 14:59:16.146506,-0.09,0.22,1.12,24.54,99.55,-55.85,18.71,-57.56,-46.97,1
y,2022-10-17 14:59:16.162135,0.40,0.22,0.70,36.99,109.68,-49.50,18.71,-57.56,-46.97,1
y,2022-10-17 14:59:16.177757,0.56,0.07,0.65,27.53,76.42,-56.76,14.51,-49.16,-47.83,1
y,2022-10-17 14:59:16.208991,0.55,-0.17,0.66,36.56,39.31,-52.55,14.51,-49.16,-47.83,1
y,2022-10-17 14:59:16.224617,0.52,-0.38,0.74,42.54,19.17,-47.12,14.51,-49.16,-47.83,1
y,2022-10-17 14:59:16.240274,0.47,-0.72,0.76,41.63,13.37,-33.69,11.43,-39.71,-48.67,1
y,2022-10-17 14:59:16.255887,0.54,-0.77,0.65,30.76,9.22,-12.94,11.43,-39.71,-48.67,1
y,2022-10-17 14:59:16.271513,0.58,-0.68,0.68,-22.22,-4.52,-21.30,7.81,-33.15,-51.61,1
y,2022-10-17 14:59:16.302755,0.45,-0.58,0.87,-55.73,-8.48,-30.46,7.81,-33.15,-51.61,1
