y,2022-10-17 14:59:59.742972,-0.21,-0.38,1.35,14.77,-68.79,33.51,-73.22,-64.62,-32.62,1
y,2022-10-17 14:59:59.758601,-0.25,-0.44,1.42,21.12,-66.77,63.78,-73.22,-64.62,-32.62,1
y,2022-10-17 14:59:59.774227,-0.29,-0.50,1.49,19.17,-48.10,106.99,-69.65,-59.33,-23.55,1
y,2022-10-17 14:59:59.789869,-0.34,-0.27,1.50,-17.64,-25.33,118.59,-69.65,-59.33,-23.55,1
y,2022-10-17 14:59:59.805498,-0.61,0.15,1.68,-82.28,15.75,90.33,-89.97,-41.41,-17.41,1
y,2022-10-17 14:59:59.836728,-1.08,0.69,1.45,-95.09,68.42,-8.18,-89.97,-41.41,-17.41,1
y,2022-10-17 14:59:59.852354,-0.55,0.44,1.28,-44.68,91.37,-40.95,-89.97,-41.41,-17.41,1
y,2022-10-17 14:59:59.867998,-0.16,0.36,0.83,8.00,101.75,-25.15,-110.16,-28.88,-40.04,1
y,2022-10-17 14:59:59.883627,0.01,0.38,0.63,32.78,75.74,-9.70,-110.16,-28.88,-40.04,1
y,2022-10-17 14:59:59.899249,-0.06,0.22,0.67,31.43,33.69,-6.77,-110.16,-28.88,-40.04,1
y,2022-10-17 14:59:59.930483,-0.15,0.21,0.67,37.23,21.61,7.08,-114.44,-25.11,-58.74,1
y,2022-10-17 14:59:59.946110,-0.23,0.32,0.71,36.56,9.52,12.27,-114.44,-25.11,-58.74,1
y,2022-10-17 14:59:59.961752,-0.36,0.36,0.85,24.72,1.83,-2.44,-109.36,-23.56,-68.57,1
y,2022-10-17 14:59:59.977379,-0.37,0.34,0.95,23.01,5.92,-23.25,-109.36,-23.56,-68.57,1
y,2022-10-17 14:59:59.993008,-0.31,0.30,0.93,32.71,6.84,-31.98,-109.36,-23.56,-68.57,1
y,2022-10-17 15:00:00.040907,-0.40,0.17,1.00,44.62,2.08,-34.85,-95.78,-27.65,-80.91,1
y,2022-10-17 15:00:00.056539,-0.38,0.20,1.02,65.12,3.36,-29.42,-95.78,-27.65,-80.91,1
y,2022-10-17 15:00:00.072165,-0.27,0.14,0.90,80.75,1.65,-37.11,-95.78,-27.65,-80.91,1
y,2022-10-17 15:00:00.072165,-0.30,0.05,0.99,82.09,-6.10,-40.41,-80.94,-30.14,-89.48,1
y,2022-10-17 15:00:00.087792,-0.26,-0.00,0.95,87.46,-7.02,-46.39,-80.94,-30.14,-89.48,1
y,2022-10-17 15:00:00.103417,-0.27,-0.10,0.98,91.55,-11.66,-50.72,-80.94,-30.14,-89.48,1
