z,2022-10-20 18:01:53.067281,-0.34,0.42,0.76,-37.60,12.39,-1.28,129.90,-83.25,-102.64,1
z,2022-10-20 18:01:53.085088,-0.36,0.43,0.79,-32.59,8.79,-4.88,129.90,-83.25,-102.64,1
z,2022-10-20 18:01:53.104066,-0.38,0.42,0.79,-23.50,9.22,-5.68,135.28,-87.70,-98.86,1
z,2022-10-20 18:01:53.122164,-0.57,0.37,0.50,-15.44,-6.23,-8.36,135.28,-87.70,-98.86,1
z,2022-10-20 18:01:53.140991,-0.39,0.42,0.72,20.08,-2.69,-11.60,138.44,-89.04,-99.27,1
z,2022-10-20 18:01:53.158992,-0.37,0.44,0.79,4.76,2.75,-9.70,138.44,-89.04,-99.27,1
z,2022-10-20 18:01:53.177040,-0.38,0.50,0.77,1.83,5.13,-5.13,138.44,-89.04,-99.27,1
z,2022-10-20 18:01:53.195997,-0.36,0.50,0.74,11.17,9.46,2.69,138.94,-88.59,-99.93,1
z,2022-10-20 18:01:53.214105,-0.29,0.61,0.62,-30.58,-20.39,-31.49,138.94,-88.59,-99.93,1
z,2022-10-20 18:01:53.232338,-0.37,0.63,0.76,-30.46,-27.40,-37.84,138.94,-88.59,-99.93,1
z,2022-10-20 18:01:53.251067,-0.35,0.66,0.70,-6.59,-20.32,-31.49,143.31,-85.80,-103.83,1
z,2022-10-20 18:01:53.269067,-0.33,0.59,0.71,1.77,-20.02,-31.56,143.31,-85.80,-103.83,1
z,2022-10-20 18:01:53.287247,-0.38,0.52,0.78,13.61,-18.80,-28.38,143.31,-85.80,-103.83,1
z,2022-10-20 18:01:53.306087,-0.39,0.40,0.82,15.56,-15.87,-23.86,150.81,-78.56,-111.66,1
z,2022-10-20 18:01:53.324202,-0.43,0.36,0.88,8.42,-13.31,-21.85,150.81,-78.56,-111.66,1
z,2022-10-20 18:01:53.343105,-0.43,0.31,0.89,9.28,-7.08,-14.71,155.57,-72.38,-115.69,1
z,2022-10-20 18:01:53.361134,-0.43,0.27,0.88,10.99,-1.83,-5.55,155.57,-72.38,-115.69,1
z,2022-10-20 18:01:53.378952,-0.44,0.26,0.89,18.62,3.30,1.46,155.57,-72.38,-115.69,1
z,2022-10-20 18:01:53.397858,-0.36,0.27,0.83,12.70,7.39,2.14,155.96,-69.85,-118.96,1
z,2022-10-20 18:01:53.416074,-0.35,0.34,0.78,-16.66,1.65,-12.08,155.96,-69.85,-118.96,1
z,2022-10-20 18:01:53.434372,-0.37,0.27,0.71,-31.43,-4.88,-15.69,155.96,-69.85,-118.96,1
z,2022-10-20 18:01:53.453091,-0.40,0.24,0.77,1.53,-17.40,23.13,154.16,-72.62,-118.55,1
z,2022-10-20 18:01:53.471062,-0.38,0.40,0.74,-11.11,-17.21,26.49,154.16,-72.62,-118.55,1
z,2022-10-20 18:01:53.489127,-0.38,0.47,0.71,-13.12,-15.87,26.67,154.16,-72.62,-118.55,1
z,2022-10-20 18:01:53.507997,-0.38,0.42,0.68,-15.32,-13.79,26.61,146.80,-80.32,-118.59,1
z,2022-10-20 18:01:53.526042,-0.37,0.40,0.66,-25.57,-17.52,22.22,146.80,-80.32,-118.59,1
z,2022-10-20 18:01:53.544999,-0.36,0.47,0.64,-27.77,-25.51,19.90,135.01,-88.64,-119.06,1
z,2022-10-20 18:01:53.562978,-0.41,0.53,0.73,-31.92,-33.02,13.43,135.01,-88.64,-119.06,1
z,2022-10-20 18:01:53.581016,-0.44,0.60,0.75,-27.95,-32.96,9.52,135.01,-88.64,-119.06,1
z,2022-10-20 18:01:53.600154,-0.48,0.66,0.79,-23.32,-29.91,3.05,122.44,-94.14,-118.96,1
z,2022-10-20 18:01:53.618167,-0.50,0.74,0.82,-6.59,-17.27,-2.44,122.44,-94.14,-118.96,1
z,2022-10-20 18:01:53.636097,-0.50,0.71,0.79,3.48,-7.57,-4.46,122.44,-94.14,-118.96,1
z,2022-10-20 18:01:53.654981,-0.49,0.62,0.80,11.78,1.16,-0.92,117.26,-96.59,-119.48,1
z,2022-10-20 18:01:53.672959,-0.45,0.51,0.74,17.27,2.50,8.18,117.26,-96.59,-119.48,1
z,2022-10-20 18:01:53.691998,-0.46,0.48,0.71,12.15,-1.65,12.33,117.75,-96.26,-120.30,1
z,2022-10-20 18:01:53.710061,-0.39,0.57,0.61,0.43,-5.49,-0.06,117.75,-96.26,-120.30,1
z,2022-10-20 18:01:53.728136,-0.45,0.71,0.63,-18.98,-9.58,-23.25,117.75,-96.26,-120.30,1
z,2022-10-20 18:01:53.747184,-0.40,0.68,0.58,1.16,-3.97,-22.83,120.86,-94.65,-123.68,1
z,2022-10-20 18:01:53.765069,-0.35,0.64,0.52,7.26,-12.21,-31.43,120.86,-94.65,-123.68,1
z,2022-10-20 18:01:53.783065,-0.42,0.54,0.64,8.24,-22.03,-35.34,120.86,-94.65,-123.68,1
z,2022-10-20 18:01:53.802072,-0.49,0.46,0.73,14.34,-24.29,-31.37,127.53,-89.97,-129.21,1
z,2022-10-20 18:01:53.820078,-0.52,0.37,0.78,26.61,-19.90,-19.84,127.53,-89.97,-129.21,1
z,2022-10-20 18:01:53.838053,-0.55,0.27,0.84,29.36,-13.24,-10.68,127.53,-89.97,-129.21,1
z,2022-10-20 18:01:53.856987,-0.59,0.20,0.90,19.59,-2.75,1.16,130.54,-83.90,-137.99,1
z,2022-10-20 18:01:53.875043,-0.45,0.26,0.79,5.25,4.58,2.56,130.54,-83.90,-137.99,1
z,2022-10-20 18:01:53.894226,-0.46,0.43,0.74,-35.77,-5.98,-15.75,130.18,-84.00,-138.64,1
z,2022-10-20 18:01:53.912076,-0.56,0.50,0.74,-43.58,-8.54,-15.81,130.18,-84.00,-138.64,1
z,2022-10-20 18:01:53.929984,-0.47,0.57,0.69,-4.27,5.74,12.15,130.18,-84.00,-138.64,1
z,2022-10-20 18:01:53.948908,-0.44,0.65,0.64,0.67,6.10,11.47,129.41,-86.44,-135.84,1
z,2022-10-20 18:01:53.967106,-0.49,0.62,0.70,11.23,7.45,16.60,129.41,-86.44,-135.84,1
z,2022-10-20 18:01:53.984965,-0.49,0.63,0.73,20.69,14.95,18.74,129.41,-86.44,-135.84,1
z,2022-10-20 18:01:54.003896,-0.55,0.64,0.74,11.72,13.37,0.61,129.97,-84.86,-135.14,1
z,2022-10-20 18:01:54.022067,-0.54,0.55,0.79,26.37,8.79,-6.96,129.97,-84.86,-135.14,1
z,2022-10-20 18:01:54.040899,-0.52,0.52,0.79,30.82,13.37,-5.13,133.70,-77.71,-134.05,1
z,2022-10-20 18:01:54.058998,-0.44,0.50,0.75,28.56,16.97,-8.00,133.70,-77.71,-134.05,1
z,2022-10-20 18:01:54.077069,-0.38,0.52,0.75,19.96,15.20,-13.98,133.70,-77.71,-134.05,1
