f,2022-11-02 13:14:34.082497,0.36,-0.41,0.75,-5.00,6.90,-17.33,-53.72,-67.68,-98.38,1
f,2022-11-02 13:14:34.101464,0.37,-0.34,0.73,-4.33,12.57,-29.97,-58.45,-69.21,-96.55,1
f,2022-11-02 13:14:34.119409,0.41,-0.39,0.66,13.12,3.36,-45.53,-58.45,-69.21,-96.55,1
f,2022-11-02 13:14:34.138609,0.43,-0.65,0.54,23.13,-12.94,-42.97,-59.07,-72.89,-95.03,1
f,2022-11-02 13:14:34.156457,0.42,-0.74,0.57,19.10,-28.56,-35.71,-59.07,-72.89,-95.03,1
f,2022-11-02 13:14:34.174566,-0.94,-0.92,1.71,4.88,-31.37,-25.09,-59.07,-72.89,-95.03,1
f,2022-11-02 13:14:34.193546,0.35,-0.66,0.72,13.37,2.81,-8.54,-58.84,-76.44,-89.66,1
f,2022-11-02 13:14:34.211505,0.38,-0.58,0.73,-26.37,3.78,-14.47,-58.84,-76.44,-89.66,1
f,2022-11-02 13:14:34.229412,0.32,-0.57,0.65,-5.49,8.12,35.71,-58.84,-76.44,-89.66,1
f,2022-11-02 13:14:34.248254,0.35,-0.61,0.69,-18.86,8.54,41.20,-62.32,-75.70,-90.50,1
f,2022-11-02 13:14:34.266272,0.32,-0.61,0.68,-32.04,2.56,34.24,-62.32,-75.70,-90.50,1
f,2022-11-02 13:14:34.285297,0.32,-0.43,0.76,-34.42,-2.93,41.20,-65.67,-73.65,-90.62,1
f,2022-11-02 13:14:34.303493,0.30,-0.31,0.73,-30.03,-2.44,26.00,-65.67,-73.65,-90.62,1
f,2022-11-02 13:14:34.321474,0.15,-0.43,0.51,5.37,-33.45,44.43,-65.67,-73.65,-90.62,1
f,2022-11-02 13:14:34.340310,0.26,-0.43,0.72,35.83,-86.91,44.25,-59.40,-74.28,-86.28,1
f,2022-11-02 13:14:34.358358,0.27,-0.36,0.75,19.23,-92.83,15.69,-59.40,-74.28,-86.28,1
f,2022-11-02 13:14:34.376391,0.28,-0.27,0.92,4.52,-57.07,-14.22,-59.40,-74.28,-86.28,1
f,2022-11-02 13:14:34.395468,0.17,-0.24,0.72,16.42,-68.48,-47.97,-43.15,-74.88,-83.41,1
f,2022-11-02 13:14:34.413594,0.26,-0.42,0.81,25.39,-77.03,-75.74,-43.15,-74.88,-83.41,1
f,2022-11-02 13:14:34.431507,0.26,-0.47,0.83,13.12,-72.33,-49.56,-43.15,-74.88,-83.41,1
f,2022-11-02 13:14:34.450592,0.27,-0.64,0.86,24.11,-68.24,-21.79,-22.35,-73.65,-85.30,1
f,2022-11-02 13:14:34.468309,0.28,-0.81,0.87,33.45,-52.61,2.50,-22.35,-73.65,-85.30,1
f,2022-11-02 13:14:34.487350,0.26,-0.77,0.88,10.44,-44.49,5.07,-7.35,-72.91,-87.68,1
f,2022-11-02 13:14:34.505623,0.28,-0.66,1.08,-4.52,-42.42,0.79,-7.35,-72.91,-87.68,1
f,2022-11-02 13:14:34.523677,0.22,-0.52,1.04,-21.85,-16.11,-0.67,-7.35,-72.91,-87.68,1
f,2022-11-02 13:14:34.543423,0.21,-0.54,1.15,11.60,-6.59,32.65,-5.77,-72.06,-90.25,1
f,2022-11-02 13:14:34.561364,0.00,-0.53,1.06,26.49,44.07,71.29,-5.77,-72.06,-90.25,1
f,2022-11-02 13:14:34.579500,0.22,-0.51,0.98,-0.98,87.77,49.01,-5.77,-72.06,-90.25,1
f,2022-11-02 13:14:34.598404,0.45,-0.52,0.80,-20.87,118.04,41.87,-19.97,-71.51,-89.26,1
f,2022-11-02 13:14:34.616477,0.45,-0.47,0.45,-32.41,103.88,28.87,-19.97,-71.51,-89.26,1
f,2022-11-02 13:14:34.635338,0.40,-0.40,0.40,-35.28,61.65,13.06,-33.40,-71.31,-89.17,1
f,2022-11-02 13:14:34.653415,0.38,-0.35,0.63,-32.10,22.64,-10.68,-33.40,-71.31,-89.17,1
f,2022-11-02 13:14:34.671546,0.35,-0.27,0.80,-42.85,13.73,-54.20,-33.40,-71.31,-89.17,1
f,2022-11-02 13:14:34.690244,0.38,-0.45,0.96,89.66,0.43,8.85,-34.70,-75.81,-83.76,1
f,2022-11-02 13:14:34.708550,0.29,-0.29,0.94,53.71,16.78,-26.37,-34.70,-75.81,-83.76,1
f,2022-11-02 13:14:34.726593,0.30,-0.61,0.61,-5.25,44.92,-43.27,-34.70,-75.81,-83.76,1
f,2022-11-02 13:14:34.745290,0.31,-0.86,0.54,36.80,4.39,5.68,-35.07,-77.05,-84.33,1
f,2022-11-02 13:14:34.763608,0.32,-0.63,0.72,-4.94,1.28,-7.69,-35.07,-77.05,-84.33,1
f,2022-11-02 13:14:34.781729,0.33,-0.47,0.80,-29.05,4.64,-14.59,-35.07,-77.05,-84.33,1
f,2022-11-02 13:14:34.800559,0.32,-0.39,0.85,-25.88,-1.22,-2.62,-36.36,-76.25,-82.97,1
f,2022-11-02 13:14:34.818517,0.09,-0.39,1.02,-7.87,-10.80,21.91,-36.36,-76.25,-82.97,1
f,2022-11-02 13:14:34.837284,0.05,-0.30,1.12,36.13,4.70,37.66,-36.46,-73.73,-85.75,1
f,2022-11-02 13:14:34.855524,0.31,-0.21,1.00,46.26,16.66,31.56,-36.46,-73.73,-85.75,1
f,2022-11-02 13:14:34.873270,0.39,-0.22,0.94,44.19,28.99,12.51,-36.46,-73.73,-85.75,1
f,2022-11-02 13:14:34.892372,0.40,-0.19,1.00,39.55,39.31,-3.17,-37.88,-68.52,-96.26,1
f,2022-11-02 13:14:34.910512,0.42,-0.20,0.94,47.85,57.31,-19.90,-37.88,-68.52,-96.26,1
f,2022-11-02 13:14:34.928528,0.58,-0.56,0.59,55.24,59.88,-34.24,-37.88,-68.52,-96.26,1
f,2022-11-02 13:14:34.947288,0.61,-0.74,0.45,42.48,50.90,-38.33,-36.30,-66.65,-107.60,1
f,2022-11-02 13:14:34.965375,0.52,-0.83,0.47,26.67,33.87,-35.83,-36.30,-66.65,-107.60,1
