W,2022-10-31 10:23:55.621509,0.30,-0.49,0.81,-32.04,3.60,15.50,20.01,45.15,-16.60,1
W,2022-10-31 10:23:55.639442,0.34,-0.51,0.79,-25.94,0.98,23.13,20.01,45.15,-16.60,1
W,2022-10-31 10:23:55.658675,0.32,-0.52,0.79,-28.38,-3.48,18.86,20.52,44.90,-18.09,1
W,2022-10-31 10:23:55.676552,0.28,-0.44,0.84,-26.31,-7.57,14.34,20.52,44.90,-18.09,1
W,2022-10-31 10:23:55.694556,0.22,-0.45,0.85,-18.80,-10.01,13.06,20.52,44.90,-18.09,1
W,2022-10-31 10:23:55.713544,0.16,-0.45,0.85,-13.79,-10.86,9.16,19.68,44.31,-18.19,1
W,2022-10-31 10:23:55.731532,0.17,-0.43,0.86,-7.26,-12.39,8.24,19.68,44.31,-18.19,1
W,2022-10-31 10:23:55.749523,0.19,-0.44,0.82,-0.61,-20.69,-0.43,19.68,44.31,-18.19,1
W,2022-10-31 10:23:55.768746,0.22,-0.40,0.78,-4.33,-30.70,-8.06,19.13,43.84,-18.02,1
W,2022-10-31 10:23:55.786541,0.06,-0.40,1.43,18.80,-10.86,-12.08,19.13,43.84,-18.02,1
W,2022-10-31 10:23:55.805448,0.17,0.24,0.81,23.93,-8.61,3.42,19.09,43.87,-16.53,1
W,2022-10-31 10:23:55.823521,0.19,-0.57,0.69,77.58,-5.13,30.82,19.09,43.87,-16.53,1
W,2022-10-31 10:23:55.841535,-0.23,-0.87,0.88,31.25,-15.93,-6.04,19.09,43.87,-16.53,1
W,2022-10-31 10:23:55.860530,0.03,-0.34,0.74,5.07,-26.31,-46.02,19.69,43.68,-17.69,1
W,2022-10-31 10:23:55.878551,0.03,-0.42,0.79,21.24,-43.21,-47.79,19.69,43.68,-17.69,1
W,2022-10-31 10:23:55.896522,0.07,-0.37,0.77,28.32,-61.46,-49.74,19.69,43.68,-17.69,1
W,2022-10-31 10:23:55.915523,0.13,-0.38,0.74,28.32,-73.12,-42.30,19.27,44.26,-17.53,1
W,2022-10-31 10:23:55.933634,0.18,-0.37,0.79,34.73,-58.29,-24.78,19.27,44.26,-17.53,1
W,2022-10-31 10:23:55.951641,0.20,-0.45,0.88,49.99,-31.80,-0.18,19.27,44.26,-17.53,1
W,2022-10-31 10:23:55.970530,0.21,-0.66,0.94,42.24,-6.96,15.50,20.25,44.29,-15.82,1
W,2022-10-31 10:23:55.988440,0.20,-0.75,1.03,31.01,5.37,23.19,20.25,44.29,-15.82,1
W,2022-10-31 10:23:56.007602,0.15,-0.88,1.09,33.87,3.66,34.00,21.80,43.73,-14.34,1
W,2022-10-31 10:23:56.025656,0.12,-1.06,1.02,34.48,-21.30,-1.83,21.80,43.73,-14.34,1
W,2022-10-31 10:23:56.043648,0.95,-0.85,-0.21,39.86,-30.15,-28.38,21.80,43.73,-14.34,1
W,2022-10-31 10:23:56.062525,0.21,-0.57,0.85,-53.16,73.61,-12.39,21.11,43.87,-15.10,1
W,2022-10-31 10:23:56.080539,0.17,-0.38,0.95,-69.03,91.49,0.37,21.11,43.87,-15.10,1
W,2022-10-31 10:23:56.098526,0.16,-0.41,0.91,-58.04,92.59,17.21,21.11,43.87,-15.10,1
W,2022-10-31 10:23:56.117569,0.07,-0.41,0.90,-45.65,80.87,25.45,19.20,44.06,-16.05,1
W,2022-10-31 10:23:56.135547,0.18,-0.45,0.74,3.36,30.03,22.52,19.20,44.06,-16.05,1
W,2022-10-31 10:23:56.153548,-0.01,-0.50,0.73,8.73,22.16,20.75,19.20,44.06,-16.05,1
W,2022-10-31 10:23:56.172469,0.01,-0.58,0.63,16.60,0.79,13.18,19.26,44.06,-13.71,1
W,2022-10-31 10:23:56.190539,0.11,-0.50,0.51,15.69,-15.75,11.60,19.26,44.06,-13.71,1
W,2022-10-31 10:23:56.209551,-0.15,-0.77,0.52,-6.47,-4.39,17.03,19.25,44.34,-14.50,1
W,2022-10-31 10:23:56.227648,0.01,-0.26,0.79,-34.91,-14.34,-39.37,19.25,44.34,-14.50,1
W,2022-10-31 10:23:56.245656,0.04,-0.45,0.80,2.26,-34.06,-37.05,19.25,44.34,-14.50,1
W,2022-10-31 10:23:56.264455,0.11,-0.37,0.81,16.42,-48.46,-44.31,19.08,44.59,-15.05,1
W,2022-10-31 10:23:56.282529,0.16,-0.32,0.84,26.43,-49.68,-37.90,19.08,44.59,-15.05,1
W,2022-10-31 10:23:56.300685,0.22,-0.36,0.84,43.46,-37.48,-19.59,19.08,44.59,-15.05,1
W,2022-10-31 10:23:56.319431,0.23,-0.50,0.86,39.86,-6.41,5.00,19.65,44.73,-14.98,1
W,2022-10-31 10:23:56.337462,0.25,-0.71,1.00,37.60,4.64,26.06,19.65,44.73,-14.98,1
W,2022-10-31 10:23:56.355445,0.17,-1.01,1.06,38.51,3.97,42.60,19.65,44.73,-14.98,1
W,2022-10-31 10:23:56.374450,0.15,-1.11,0.99,41.26,-11.05,16.17,21.39,43.87,-12.73,1
W,2022-10-31 10:23:56.392467,0.13,-1.00,0.94,45.72,-24.29,-18.25,21.39,43.87,-12.73,1
W,2022-10-31 10:23:56.411540,0.82,-0.28,-0.63,-48.65,62.32,-4.03,20.24,44.92,-13.01,1
W,2022-10-31 10:23:56.429457,0.23,-0.63,0.77,-79.53,93.63,13.49,20.24,44.92,-13.01,1
W,2022-10-31 10:23:56.447480,0.15,-0.51,1.03,-94.06,92.16,21.36,20.24,44.92,-13.01,1
W,2022-10-31 10:23:56.466620,0.19,-0.45,0.93,-61.40,75.81,14.77,19.20,45.23,-14.36,1
W,2022-10-31 10:23:56.484419,0.18,-0.42,0.95,-47.12,62.93,8.91,19.20,45.23,-14.36,1
W,2022-10-31 10:23:56.502430,0.06,-0.41,0.97,-6.10,28.69,9.34,19.20,45.23,-14.36,1
W,2022-10-31 10:23:56.521456,-0.05,-0.61,0.75,14.89,3.66,3.17,17.77,45.31,-14.56,1
W,2022-10-31 10:23:56.539523,0.01,-0.64,0.62,21.55,-24.41,-6.96,17.77,45.31,-14.56,1
W,2022-10-31 10:23:56.557527,0.14,-0.44,0.42,9.95,-26.61,-18.01,17.77,45.31,-14.56,1
W,2022-10-31 10:23:56.576651,-0.08,-0.50,0.60,-16.36,-1.16,-8.91,17.22,45.61,-15.26,1
W,2022-10-31 10:23:56.594628,-0.15,-0.61,0.60,-7.51,-29.54,4.33,17.22,45.61,-15.26,1
W,2022-10-31 10:23:56.613529,-0.50,-0.54,0.72,30.33,-6.04,23.07,17.37,45.87,-16.50,1
W,2022-10-31 10:23:56.631459,-0.25,-0.78,0.67,67.87,14.10,57.01,17.37,45.87,-16.50,1
W,2022-10-31 10:23:56.649255,-0.05,-1.32,0.46,66.10,19.96,69.40,17.37,45.87,-16.50,1
W,2022-10-31 10:23:56.668428,0.09,-1.24,0.42,16.60,26.06,50.35,21.26,44.81,-15.53,1
W,2022-10-31 10:23:56.686564,0.20,-0.94,0.48,-9.52,22.40,58.78,21.26,44.81,-15.53,1
W,2022-10-31 10:23:56.704632,0.43,-0.86,0.40,-1.40,12.27,81.97,21.26,44.81,-15.53,1
W,2022-10-31 10:23:56.723523,0.57,-0.81,0.41,-1.53,-4.52,98.82,23.65,44.35,-17.03,1
W,2022-10-31 10:23:56.741419,0.58,-0.74,0.37,-5.19,-31.01,105.16,23.65,44.35,-17.03,1
W,2022-10-31 10:23:56.759557,0.51,-0.62,0.50,-29.30,-45.96,102.29,23.65,44.35,-17.03,1
W,2022-10-31 10:23:56.778455,0.47,-0.35,0.71,-56.27,-54.32,89.42,27.48,42.30,-18.41,1
W,2022-10-31 10:23:56.796533,0.35,-0.02,0.82,-48.71,-62.01,96.07,27.48,42.30,-18.41,1
W,2022-10-31 10:23:56.815558,0.40,0.01,0.85,-22.95,-65.61,110.05,31.01,39.99,-21.13,1
W,2022-10-31 10:23:56.833535,0.41,-0.16,0.77,-9.58,-71.59,108.70,31.01,39.99,-21.13,1
W,2022-10-31 10:23:56.851441,0.29,-0.26,0.96,-50.60,-66.22,79.35,31.01,39.99,-21.13,1
