a,2022-10-31 15:59:54.218684,0.03,0.70,0.69,-28.02,9.95,13.92,-1.40,33.61,-49.57,1
a,2022-10-31 15:59:54.238676,-0.06,0.86,0.65,23.19,0.73,-6.84,-1.40,33.61,-49.57,1
a,2022-10-31 15:59:54.258672,-0.04,0.73,0.67,25.21,36.19,-8.54,-1.40,33.61,-49.57,1
a,2022-10-31 15:59:54.278668,-0.11,0.75,0.61,-30.70,51.09,34.73,-0.49,33.94,-48.95,1
a,2022-10-31 15:59:54.298755,-0.03,0.86,0.40,-25.88,45.53,64.39,-0.49,33.94,-48.95,1
a,2022-10-31 15:59:54.328648,0.07,0.74,0.27,-5.25,34.97,86.79,2.99,33.68,-51.07,1
a,2022-10-31 15:59:54.348640,0.09,0.82,0.25,5.31,21.42,82.15,2.99,33.68,-51.07,1
a,2022-10-31 15:59:54.359309,0.10,0.88,0.14,26.79,1.22,55.91,2.99,33.68,-51.07,1
a,2022-10-31 15:59:54.390265,0.12,1.01,0.25,37.48,-3.48,33.81,5.68,33.84,-49.08,1
a,2022-10-31 15:59:54.400907,0.10,1.03,0.36,53.10,-1.95,6.29,5.68,33.84,-49.08,1
a,2022-10-31 15:59:54.431009,0.14,0.96,0.58,44.92,-1.77,-8.97,5.15,34.90,-49.96,1
a,2022-10-31 15:59:54.451001,0.13,0.97,0.62,7.32,-13.67,-33.94,5.15,34.90,-49.96,1
a,2022-10-31 15:59:54.470998,0.14,0.92,0.66,-4.88,-8.91,-46.20,2.32,34.48,-49.23,1
a,2022-10-31 15:59:54.490985,0.10,0.89,0.70,-9.95,-8.24,-51.57,2.32,34.48,-49.23,1
a,2022-10-31 15:59:54.511016,-0.03,0.84,0.61,-8.91,-4.09,-39.37,2.32,34.48,-49.23,1
a,2022-10-31 15:59:54.530974,-0.05,0.68,0.61,-9.22,10.80,-7.32,-0.84,33.22,-50.27,1
a,2022-10-31 15:59:54.551483,-0.06,0.62,0.53,-13.49,12.88,3.60,-0.84,33.22,-50.27,1
a,2022-10-31 15:59:54.581496,0.00,0.56,0.37,-5.37,-3.54,16.85,-1.14,31.86,-50.02,1
a,2022-10-31 15:59:54.602742,0.03,0.47,0.22,3.30,13.24,-7.75,-1.14,31.86,-50.02,1
a,2022-10-31 15:59:54.612845,-0.07,0.86,0.55,-21.67,3.85,24.90,-1.14,31.86,-50.02,1
a,2022-10-31 15:59:54.632820,0.00,0.68,0.27,6.77,-12.27,48.34,-0.29,31.79,-50.72,1
a,2022-10-31 15:59:54.662773,0.03,0.85,0.31,13.55,-17.40,36.99,-0.29,31.79,-50.72,1
a,2022-10-31 15:59:54.684268,0.04,0.85,0.42,26.00,-22.83,30.27,-0.09,32.80,-51.40,1
a,2022-10-31 15:59:54.704254,0.01,0.79,0.60,15.87,-24.84,21.48,-0.09,32.80,-51.40,1
a,2022-10-31 15:59:54.726535,-0.01,0.75,0.70,-4.33,-26.79,13.18,0.43,32.39,-51.00,1
a,2022-10-31 15:59:54.746612,-0.49,0.83,0.72,32.84,-0.85,-30.52,0.43,32.39,-51.00,1
a,2022-10-31 15:59:54.766606,-0.15,0.85,1.00,71.96,33.20,-75.07,0.43,32.39,-51.00,1
a,2022-10-31 15:59:54.786600,-0.03,0.56,1.22,54.50,24.48,-61.10,1.54,34.20,-49.51,1
a,2022-10-31 15:59:54.806594,0.08,0.48,1.00,13.24,18.86,-38.09,1.54,34.20,-49.51,1
a,2022-10-31 15:59:54.826589,0.07,0.39,0.90,7.02,40.83,-9.58,4.33,34.35,-47.44,1
a,2022-10-31 15:59:54.846581,0.24,0.12,0.94,16.05,56.46,14.59,4.33,34.35,-47.44,1
a,2022-10-31 15:59:54.867283,0.22,0.03,0.96,-22.52,54.50,54.44,4.33,34.35,-47.44,1
a,2022-10-31 15:59:54.887275,0.08,0.12,0.75,-45.72,51.15,73.79,12.26,34.96,-44.64,1
a,2022-10-31 15:59:54.907271,0.06,0.24,0.62,-56.40,52.73,83.74,12.26,34.96,-44.64,1
a,2022-10-31 15:59:54.927260,-0.01,0.55,0.44,-71.23,51.82,81.67,26.56,33.23,-38.21,1
a,2022-10-31 15:59:54.947255,-0.00,0.75,0.26,-92.41,47.67,74.52,26.56,33.23,-38.21,1
a,2022-10-31 15:59:54.967247,0.11,1.19,-0.12,-112.06,28.38,45.59,26.56,33.23,-38.21,1
a,2022-10-31 15:59:54.987341,0.14,1.42,-0.29,-93.69,5.80,17.52,38.98,24.38,-26.23,1
a,2022-10-31 15:59:55.008181,0.14,1.55,-0.37,-39.25,-12.82,-17.58,38.98,24.38,-26.23,1
a,2022-10-31 15:59:55.028583,0.06,1.61,-0.20,-12.82,-7.93,-34.00,43.69,18.60,-17.61,1
