x,2022-10-12 18:37:37.917327,0.36,-0.23,0.87,-41.50,-50.23,-18.55,5.27,10.79,-18.21,1
x,2022-10-12 18:37:37.937681,0.25,-0.27,0.94,-37.23,-45.96,-16.78,5.27,10.79,-18.21,1
x,2022-10-12 18:37:37.958102,0.19,-0.26,0.93,-37.66,-38.45,-10.01,1.22,10.03,-21.06,1
x,2022-10-12 18:37:37.982532,0.20,-0.22,0.88,-30.27,-36.74,0.55,1.22,10.03,-21.06,1
x,2022-10-12 18:37:37.998048,0.20,-0.11,0.88,-37.29,-37.05,-5.86,-2.44,10.07,-23.65,1
x,2022-10-12 18:37:38.018277,-0.05,0.16,1.39,21.30,11.78,2.20,-2.44,10.07,-23.65,1
x,2022-10-12 18:37:38.039403,0.16,-0.37,1.05,72.75,7.63,30.70,-2.44,10.07,-23.65,1
x,2022-10-12 18:37:38.059902,0.11,0.04,0.89,-2.14,22.83,-13.18,-1.26,10.53,-23.28,1
x,2022-10-12 18:37:38.082193,0.17,-0.22,0.74,8.36,23.19,-47.18,-1.26,10.53,-23.28,1
x,2022-10-12 18:37:38.100342,0.17,-0.44,0.61,4.52,18.62,-48.03,-1.26,10.53,-23.28,1
x,2022-10-12 18:37:38.119682,0.14,-0.42,0.53,4.58,6.41,-35.95,-3.10,7.65,-22.06,1
x,2022-10-12 18:37:38.140031,0.26,-0.62,0.70,37.78,-27.10,-7.75,-3.10,7.65,-22.06,1
x,2022-10-12 18:37:38.162625,0.31,-0.69,0.85,27.22,-40.95,8.67,-7.19,8.23,-18.76,1
x,2022-10-12 18:37:38.181035,0.27,-0.42,1.09,-22.89,-39.67,14.83,-7.19,8.23,-18.76,1
x,2022-10-12 18:37:38.200856,0.27,-0.10,1.34,-52.43,-26.92,3.78,-7.19,8.23,-18.76,1
x,2022-10-12 18:37:38.221602,0.30,0.18,1.51,-66.77,15.99,-30.52,-9.75,6.88,-16.04,1
x,2022-10-12 18:37:38.241872,0.25,0.02,1.20,-0.06,-7.32,-6.59,-9.75,6.88,-16.04,1
x,2022-10-12 18:37:38.262144,0.04,0.27,1.55,30.27,18.13,5.80,-8.91,6.04,-16.56,1
x,2022-10-12 18:37:38.273280,0.21,-0.05,1.19,37.66,72.75,-4.21,-8.91,6.04,-16.56,1
x,2022-10-12 18:37:38.293905,0.20,-0.20,0.90,19.04,72.81,-31.92,-8.91,6.04,-16.56,1
x,2022-10-12 18:37:38.314444,0.08,-0.41,0.68,20.20,43.64,-29.60,-3.93,5.24,-20.15,1
x,2022-10-12 18:37:38.334608,0.16,-0.47,0.59,21.97,27.16,-22.71,-3.93,5.24,-20.15,1
x,2022-10-12 18:37:38.354774,0.14,-0.63,0.43,27.28,4.46,-4.33,0.60,3.98,-23.24,1
x,2022-10-12 18:37:38.374596,0.17,-0.65,0.53,48.28,-25.70,21.30,0.60,3.98,-23.24,1
x,2022-10-12 18:37:38.395458,0.13,-0.52,0.60,-6.35,-3.23,2.62,0.60,3.98,-23.24,1
x,2022-10-12 18:37:38.416709,0.26,-0.74,0.45,5.37,-32.71,9.70,0.07,3.98,-21.53,1
x,2022-10-12 18:37:38.435893,0.18,-0.26,0.76,-16.42,-56.40,25.15,0.07,3.98,-21.53,1
x,2022-10-12 18:37:38.455533,0.16,-0.04,0.97,-24.48,-50.84,11.05,-3.78,4.38,-17.92,1
x,2022-10-12 18:37:38.465796,0.15,0.23,1.18,-34.36,-25.57,-9.95,-3.78,4.38,-17.92,1
x,2022-10-12 18:37:38.485844,0.22,0.02,1.27,0.24,-15.50,-22.46,-3.78,4.38,-17.92,1
x,2022-10-12 18:37:38.505902,0.21,-0.15,1.16,30.33,-19.96,-24.11,-8.50,2.66,-15.66,1
x,2022-10-12 18:37:38.525880,0.17,-0.28,1.11,19.78,-5.74,-67.50,-8.50,2.66,-15.66,1
x,2022-10-12 18:37:38.545888,0.20,-0.56,0.88,-29.66,39.73,-110.84,-10.58,-0.65,-16.06,1
x,2022-10-12 18:37:38.566190,-0.26,-0.91,0.98,-62.32,75.50,-100.22,-10.58,-0.65,-16.06,1
x,2022-10-12 18:37:38.586307,-0.00,-0.83,0.69,46.51,98.63,43.58,-10.58,-0.65,-16.06,1
x,2022-10-12 18:37:38.616241,0.05,-1.15,0.47,79.10,83.56,72.51,-5.37,1.86,-17.49,1
x,2022-10-12 18:37:38.626318,0.28,-1.17,0.17,77.64,51.88,105.04,-5.37,1.86,-17.49,1
x,2022-10-12 18:37:38.646315,0.39,-1.07,0.25,49.56,18.55,110.96,2.00,10.89,-15.04,1
x,2022-10-12 18:37:38.666241,0.38,-0.90,0.36,9.28,-15.50,112.30,2.00,10.89,-15.04,1
x,2022-10-12 18:37:38.691383,0.52,-0.63,0.44,-23.32,-35.95,127.87,2.00,10.89,-15.04,1
x,2022-10-12 18:37:38.708133,0.55,-0.35,0.54,-48.89,-61.10,129.21,4.53,14.22,-11.79,1
x,2022-10-12 18:37:38.728103,0.44,-0.14,0.69,-65.86,-86.49,120.48,4.53,14.22,-11.79,1
x,2022-10-12 18:37:38.749203,0.35,0.04,0.85,-59.81,-90.15,114.07,4.85,17.65,-4.08,1
x,2022-10-12 18:37:38.768773,0.33,0.15,0.96,-65.61,-90.03,99.67,4.85,17.65,-4.08,1
x,2022-10-12 18:37:38.788879,0.17,0.30,1.12,-90.21,-75.74,64.39,4.85,17.65,-4.08,1
