H,2022-11-06 15:10:25.093882,0.46,0.19,0.80,-55.11,6.29,32.65,-15.82,4.74,-80.05,1
H,2022-11-06 15:10:25.113355,0.38,0.21,0.80,-36.62,9.28,42.05,-15.82,4.74,-80.05,1
H,2022-11-06 15:10:25.131764,0.41,0.09,0.87,-13.61,15.26,30.27,-15.82,4.74,-80.05,1
H,2022-11-06 15:10:25.151244,0.40,0.14,0.89,-28.26,9.28,15.20,-16.56,3.19,-79.42,1
H,2022-11-06 15:10:25.170446,0.36,0.20,0.84,-45.78,-3.97,7.81,-16.56,3.19,-79.42,1
H,2022-11-06 15:10:25.191789,0.38,0.25,0.75,-56.70,-19.84,17.76,-17.69,0.72,-80.47,1
H,2022-11-06 15:10:25.209844,-0.78,0.13,0.37,-66.47,-37.35,19.41,-17.69,0.72,-80.47,1
H,2022-11-06 15:10:25.228649,0.11,0.84,0.52,-45.23,18.07,5.00,-17.69,0.72,-80.47,1
H,2022-11-06 15:10:25.249704,0.05,0.59,0.95,-47.55,-5.00,46.20,-18.68,-2.67,-80.96,1
H,2022-11-06 15:10:25.268422,0.27,0.11,1.10,-14.53,-75.93,43.95,-18.68,-2.67,-80.96,1
H,2022-11-06 15:10:25.288231,0.32,0.42,1.03,-29.79,-112.79,32.71,-18.68,-2.67,-80.96,1
H,2022-11-06 15:10:25.306062,0.47,0.47,1.06,-23.86,-159.85,47.30,-24.80,-3.94,-76.03,1
H,2022-11-06 15:10:25.324363,0.40,0.47,0.70,10.13,-132.45,48.77,-24.80,-3.94,-76.03,1
H,2022-11-06 15:10:25.345330,0.41,0.46,0.59,32.23,-85.39,36.25,-32.96,-0.85,-70.85,1
H,2022-11-06 15:10:25.364422,0.21,0.53,0.75,42.30,0.24,1.77,-32.96,-0.85,-70.85,1
H,2022-11-06 15:10:25.382242,0.27,0.38,0.88,66.59,6.35,5.31,-32.96,-0.85,-70.85,1
H,2022-11-06 15:10:25.401760,0.06,0.73,0.62,111.39,130.13,-41.75,-31.45,2.61,-71.83,1
H,2022-11-06 15:10:25.419834,0.28,0.34,0.57,89.42,182.37,-18.37,-31.45,2.61,-71.83,1
H,2022-11-06 15:10:25.437845,0.50,0.01,1.20,2.01,156.25,-8.73,-31.45,2.61,-71.83,1
H,2022-11-06 15:10:25.459476,-0.73,0.75,1.15,-57.80,-3.66,-30.09,-23.11,1.39,-77.23,1
H,2022-11-06 15:10:25.477469,0.29,0.27,0.83,46.02,-0.12,6.23,-23.11,1.39,-77.23,1
H,2022-11-06 15:10:25.497391,0.30,0.48,0.71,16.48,2.44,8.18,-22.72,1.89,-76.55,1
H,2022-11-06 15:10:25.517403,0.09,0.13,1.09,15.14,-15.69,-43.52,-22.72,1.89,-76.55,1
H,2022-11-06 15:10:25.537268,0.23,0.74,0.78,21.12,-36.01,-101.75,-22.72,1.89,-76.55,1
H,2022-11-06 15:10:25.555461,0.34,0.65,0.86,39.37,-28.44,-107.12,-23.12,1.15,-76.42,1
H,2022-11-06 15:10:25.574538,0.39,0.56,0.75,63.90,-16.97,-74.28,-23.12,1.15,-76.42,1
H,2022-11-06 15:10:25.594873,0.47,0.12,0.82,108.52,2.14,-49.68,-22.28,1.56,-75.68,1
H,2022-11-06 15:10:25.614661,0.43,0.06,0.88,71.72,17.52,-37.05,-22.28,1.56,-75.68,1
H,2022-11-06 15:10:25.632600,0.49,-0.07,0.88,40.77,31.49,14.04,-22.28,1.56,-75.68,1
H,2022-11-06 15:10:25.653049,0.21,0.30,0.69,44.49,54.87,59.14,-20.61,3.56,-76.88,1
H,2022-11-06 15:10:25.671533,0.38,0.00,0.82,114.26,91.43,91.19,-20.61,3.56,-76.88,1
H,2022-11-06 15:10:25.691873,0.56,-0.14,0.96,89.72,83.68,40.59,-20.61,3.56,-76.88,1
H,2022-11-06 15:10:25.710628,0.63,-0.36,0.89,10.19,27.65,-10.80,-16.26,9.96,-76.90,1
H,2022-11-06 15:10:25.729994,0.50,-0.12,0.84,-47.55,-11.60,-42.18,-16.26,9.96,-76.90,1
H,2022-11-06 15:10:25.749115,0.25,0.65,0.54,22.16,20.14,8.97,-16.22,7.70,-78.44,1
H,2022-11-06 15:10:25.769539,-0.14,-0.18,1.44,-122.80,16.30,4.21,-16.22,7.70,-78.44,1
H,2022-11-06 15:10:25.786519,0.30,-0.12,1.22,-134.83,-84.53,-3.11,-16.22,7.70,-78.44,1
H,2022-11-06 15:10:25.805758,0.26,0.33,1.00,-103.21,-131.04,-12.88,-20.13,0.78,-75.94,1
H,2022-11-06 15:10:25.824965,0.36,0.47,1.08,-48.34,-183.96,6.77,-20.13,0.78,-75.94,1
H,2022-11-06 15:10:25.843309,0.45,0.55,0.77,-15.26,-202.09,26.00,-20.13,0.78,-75.94,1
H,2022-11-06 15:10:25.862655,0.40,0.48,0.59,12.33,-155.27,46.51,-28.86,0.62,-68.88,1
H,2022-11-06 15:10:25.881045,0.28,0.47,0.66,40.28,-80.81,51.51,-28.86,0.62,-68.88,1
H,2022-11-06 15:10:25.900628,0.11,0.37,0.87,76.23,10.25,46.14,-33.08,5.44,-67.30,1
H,2022-11-06 15:10:25.919131,-0.10,0.36,0.79,86.43,63.54,10.13,-33.08,5.44,-67.30,1
H,2022-11-06 15:10:25.939224,0.09,0.59,0.65,90.03,122.80,20.32,-33.08,5.44,-67.30,1
H,2022-11-06 15:10:25.958047,0.30,0.11,0.99,84.29,161.93,43.88,-27.66,9.08,-69.21,1
H,2022-11-06 15:10:25.976225,0.36,-0.33,1.22,38.94,124.94,8.48,-27.66,9.08,-69.21,1
H,2022-11-06 15:10:25.994236,0.45,-0.21,0.97,-8.54,79.71,-37.54,-27.66,9.08,-69.21,1
