p,2022-10-14 10:11:18.098285,0.37,-0.07,0.93,27.59,43.70,-12.70,46.74,26.18,-67.71,1
p,2022-10-14 10:11:18.129515,0.39,-0.18,0.91,16.05,42.11,-25.02,44.82,30.75,-64.16,1
p,2022-10-14 10:11:18.145142,0.45,-0.35,0.79,8.24,39.49,-26.18,44.82,30.75,-64.16,1
p,2022-10-14 10:11:18.160786,0.44,-0.46,0.72,-8.30,29.91,-29.42,44.82,30.75,-64.16,1
p,2022-10-14 10:11:18.176415,0.38,-0.55,0.70,-14.28,11.29,-24.54,46.68,33.90,-63.50,1
p,2022-10-14 10:11:18.192037,0.34,-0.60,0.76,-13.85,-10.31,-8.97,46.68,33.90,-63.50,1
p,2022-10-14 10:11:18.223288,0.26,-0.61,0.81,-15.56,-12.33,0.49,46.68,33.90,-63.50,1
p,2022-10-14 10:11:18.238898,0.24,-0.57,0.82,-20.51,-10.68,5.74,50.32,33.92,-63.56,1
p,2022-10-14 10:11:18.254523,0.22,-0.53,0.82,-31.19,-7.26,6.29,50.32,33.92,-63.56,1
p,2022-10-14 10:11:18.270167,0.21,-0.48,0.84,-35.10,-5.55,14.71,54.72,31.23,-61.35,1
p,2022-10-14 10:11:18.285797,0.25,-0.31,0.85,-33.39,-3.23,19.71,54.72,31.23,-61.35,1
p,2022-10-14 10:11:18.301418,0.26,-0.21,0.84,-35.22,-2.56,16.42,54.72,31.23,-61.35,1
p,2022-10-14 10:11:18.332652,0.31,-0.09,0.79,-32.23,-3.78,11.17,58.19,28.41,-62.24,1
p,2022-10-14 10:11:18.348295,-0.48,-0.03,1.48,-32.84,-6.90,-17.27,58.19,28.41,-62.24,1
p,2022-10-14 10:11:18.363927,0.21,0.18,0.89,4.88,20.14,-6.10,58.19,28.41,-62.24,1
p,2022-10-14 10:11:18.379549,0.26,-0.11,0.86,25.27,27.53,11.90,59.11,28.21,-61.01,1
p,2022-10-14 10:11:18.395174,0.10,-0.00,0.63,30.70,30.94,20.81,59.11,28.21,-61.01,1
p,2022-10-14 10:11:18.426407,0.19,-0.13,0.74,39.06,0.00,-4.88,59.11,28.21,-61.01,1
p,2022-10-14 10:11:18.442033,0.18,-0.30,0.73,27.47,-21.30,-23.07,57.81,31.34,-65.27,1
p,2022-10-14 10:11:18.457677,0.18,-0.28,0.69,22.46,-37.66,-23.38,57.81,31.34,-65.27,1
p,2022-10-14 10:11:18.473304,0.19,-0.28,0.78,25.76,-52.98,-24.11,50.10,37.85,-75.79,1
p,2022-10-14 10:11:18.488934,0.23,-0.29,0.87,24.35,-59.02,-24.48,50.10,37.85,-75.79,1
p,2022-10-14 10:11:18.504538,0.24,-0.30,0.97,15.99,-54.93,-22.64,50.10,37.85,-75.79,1
p,2022-10-14 10:11:18.535806,0.28,-0.32,1.12,11.84,-36.87,-17.15,38.84,44.41,-86.39,1
p,2022-10-14 10:11:18.551418,0.27,-0.31,1.16,10.93,-26.18,-8.73,38.84,44.41,-86.39,1
p,2022-10-14 10:11:18.567095,0.28,-0.32,1.18,13.18,-25.45,-4.09,38.84,44.41,-86.39,1
p,2022-10-14 10:11:18.582685,0.27,-0.32,1.20,12.76,-24.35,14.89,31.07,48.06,-90.32,1
p,2022-10-14 10:11:18.598315,0.23,-0.29,1.17,11.84,-16.36,5.13,31.07,48.06,-90.32,1
p,2022-10-14 10:11:18.629544,0.20,-0.38,1.31,17.52,-13.67,3.72,30.93,46.89,-89.44,1
p,2022-10-14 10:11:18.645188,0.09,-0.37,1.22,4.94,36.44,11.11,30.93,46.89,-89.44,1
p,2022-10-14 10:11:18.660797,0.25,-0.39,1.15,8.73,65.00,13.24,30.93,46.89,-89.44,1
p,2022-10-14 10:11:18.676446,0.35,-0.46,1.01,-25.02,78.55,6.10,38.81,42.91,-82.53,1
p,2022-10-14 10:11:18.692067,0.39,-0.36,0.77,-43.40,64.09,10.31,38.81,42.91,-82.53,1
p,2022-10-14 10:11:18.723301,0.40,-0.25,0.76,-40.41,36.80,11.72,38.81,42.91,-82.53,1
p,2022-10-14 10:11:18.738946,0.40,-0.19,0.70,-31.62,15.63,11.78,47.55,35.73,-72.31,1
p,2022-10-14 10:11:18.754552,0.43,-0.11,0.67,-26.37,-9.95,8.24,47.55,35.73,-72.31,1
p,2022-10-14 10:11:18.770285,-0.22,0.03,0.80,-34.73,-17.03,-4.33,47.55,35.73,-72.31,1
p,2022-10-14 10:11:18.785826,0.18,0.32,0.96,18.31,4.39,10.56,55.43,32.42,-69.52,1
p,2022-10-14 10:11:18.801448,0.22,-0.10,0.86,43.46,26.92,5.55,55.43,32.42,-69.52,1
p,2022-10-14 10:11:18.817074,0.20,-0.08,0.81,11.72,20.51,-8.36,57.20,32.87,-65.06,1
p,2022-10-14 10:11:18.848325,0.23,-0.06,0.78,0.49,16.11,-25.94,57.20,32.87,-65.06,1
p,2022-10-14 10:11:18.863950,0.20,-0.10,0.76,2.26,7.08,-34.06,57.20,32.87,-65.06,1
p,2022-10-14 10:11:18.879578,0.21,-0.17,0.72,13.00,4.76,-34.36,57.53,35.55,-65.56,1
p,2022-10-14 10:11:18.895204,0.22,-0.31,0.70,18.13,0.00,-34.97,57.53,35.55,-65.56,1
p,2022-10-14 10:11:18.910831,0.19,-0.39,0.71,21.18,-9.09,-23.99,57.53,35.55,-65.56,1
p,2022-10-14 10:11:18.942080,0.19,-0.43,0.71,23.80,-19.35,-22.22,54.03,40.54,-69.54,1
p,2022-10-14 10:11:18.957706,0.21,-0.50,0.72,31.31,-30.21,-17.40,54.03,40.54,-69.54,1
p,2022-10-14 10:11:18.979428,0.21,-0.61,0.78,35.58,-39.18,-12.82,46.36,45.76,-79.47,1
p,2022-10-14 10:11:18.998239,0.26,-0.64,0.84,14.28,-36.44,-8.67,46.36,45.76,-79.47,1
p,2022-10-14 10:11:19.013883,0.26,-0.61,0.97,-1.71,-30.52,-6.16,46.36,45.76,-79.47,1
p,2022-10-14 10:11:19.029509,0.28,-0.52,1.04,-5.19,-18.62,0.73,38.06,48.35,-86.55,1
p,2022-10-14 10:11:19.045140,0.30,-0.46,1.07,-4.64,-10.86,9.77,38.06,48.35,-86.55,1
p,2022-10-14 10:11:19.060762,0.27,-0.38,1.06,-12.76,-5.25,14.77,38.06,48.35,-86.55,1
p,2022-10-14 10:11:19.076391,0.26,-0.24,1.07,-10.07,-4.46,17.64,34.69,48.27,-87.57,1
p,2022-10-14 10:11:19.107620,0.25,-0.15,1.03,-7.69,-5.49,16.42,34.69,48.27,-87.57,1
p,2022-10-14 10:11:19.123247,0.23,-0.06,1.01,-4.76,-7.26,14.22,36.35,46.48,-86.91,1
p,2022-10-14 10:11:19.138891,0.21,-0.03,0.97,-1.59,-7.20,4.82,36.35,46.48,-86.91,1
p,2022-10-14 10:11:19.154518,0.16,-0.16,0.92,8.48,-6.35,8.67,36.35,46.48,-86.91,1
