G,2022-10-20 14:46:44.596823,0.16,0.84,-0.32,-62.26,45.47,18.92,-34.85,-61.63,-19.45,1
G,2022-10-20 14:46:44.624350,0.25,0.82,0.04,-17.64,85.21,35.83,-34.85,-61.63,-19.45,1
G,2022-10-20 14:46:44.645584,0.32,0.75,-0.23,-63.35,55.11,48.22,-37.12,-60.07,-21.18,1
G,2022-10-20 14:46:44.665691,0.16,0.86,-0.55,-85.75,18.01,37.54,-37.12,-60.07,-21.18,1
G,2022-10-20 14:46:44.685671,0.20,0.90,-0.66,-11.11,36.01,48.65,-37.12,-60.07,-21.18,1
G,2022-10-20 14:46:44.706068,0.15,1.00,-0.72,24.17,32.96,47.73,-41.42,-56.80,-19.73,1
G,2022-10-20 14:46:44.727715,0.36,1.03,-0.51,71.17,19.35,61.28,-41.42,-56.80,-19.73,1
G,2022-10-20 14:46:44.748305,0.37,0.99,-0.47,104.06,5.37,51.57,-45.19,-50.57,-25.85,1
G,2022-10-20 14:46:44.758898,0.37,1.04,-0.16,135.44,-7.14,28.99,-45.19,-50.57,-25.85,1
G,2022-10-20 14:46:44.789335,0.41,0.97,-0.11,120.18,-38.57,14.65,-47.88,-44.53,-30.80,1
G,2022-10-20 14:46:44.805144,0.40,0.91,-0.01,59.69,-63.60,-17.03,-47.88,-44.53,-30.80,1
G,2022-10-20 14:46:44.830403,0.44,0.98,-0.11,8.61,-73.67,-31.80,-47.88,-44.53,-30.80,1
G,2022-10-20 14:46:44.844580,0.47,0.92,0.03,-14.71,-63.23,-49.38,-47.42,-45.43,-27.43,1
G,2022-10-20 14:46:44.865423,0.34,0.98,-0.01,-26.18,-59.81,-57.92,-47.42,-45.43,-27.43,1
G,2022-10-20 14:46:44.885936,0.21,0.98,0.02,0.73,-28.81,-40.28,-45.21,-50.27,-22.08,1
G,2022-10-20 14:46:44.912109,0.34,0.73,0.43,27.89,27.34,-23.50,-45.21,-50.27,-22.08,1
G,2022-10-20 14:46:44.932324,0.22,0.73,0.40,-34.12,18.25,-21.24,-45.21,-50.27,-22.08,1
G,2022-10-20 14:46:44.953130,0.29,0.72,-0.09,-105.71,21.06,-16.11,-42.48,-53.13,-21.75,1
G,2022-10-20 14:46:44.973701,0.24,1.00,-0.07,-100.83,24.41,-7.63,-42.48,-53.13,-21.75,1
G,2022-10-20 14:46:44.994564,0.29,1.04,-0.99,-91.74,-35.34,7.63,-43.08,-56.19,-14.67,1
G,2022-10-20 14:46:45.014635,0.32,1.01,-0.71,80.99,35.40,7.02,-43.08,-56.19,-14.67,1
G,2022-10-20 14:46:45.035807,0.27,0.89,-0.21,120.48,35.52,18.92,-43.08,-56.19,-14.67,1
G,2022-10-20 14:46:45.056122,0.29,0.72,-0.17,116.58,-6.65,17.46,-42.76,-52.92,-21.26,1
G,2022-10-20 14:46:45.073597,0.27,0.69,-0.10,94.79,-8.18,2.75,-42.76,-52.92,-21.26,1
G,2022-10-20 14:46:45.093889,0.27,0.78,0.23,65.80,-12.57,0.85,-43.91,-49.82,-26.66,1
G,2022-10-20 14:46:45.114105,0.22,0.73,0.27,24.90,-8.91,5.92,-43.91,-49.82,-26.66,1
G,2022-10-20 14:46:45.134757,0.16,0.94,0.39,-28.87,-23.38,25.88,-43.91,-49.82,-26.66,1
G,2022-10-20 14:46:45.155238,0.17,0.85,0.08,-32.96,-17.58,59.63,-45.68,-47.28,-24.08,1
G,2022-10-20 14:46:45.175709,0.32,0.80,0.01,-23.56,-1.16,70.86,-45.68,-47.28,-24.08,1
G,2022-10-20 14:46:45.196485,0.25,0.83,-0.12,-36.13,-1.53,56.88,-50.65,-41.76,-21.17,1
G,2022-10-20 14:46:45.217027,0.37,0.89,-0.05,-7.57,7.87,44.19,-50.65,-41.76,-21.17,1
G,2022-10-20 14:46:45.237400,0.39,1.00,-0.19,-25.82,4.64,14.65,-52.83,-37.84,-21.80,1
G,2022-10-20 14:46:45.258325,0.35,1.24,-0.30,-26.43,7.32,3.48,-52.83,-37.84,-21.80,1
G,2022-10-20 14:46:45.278839,0.38,1.29,-0.32,-19.23,15.99,1.04,-52.83,-37.84,-21.80,1
G,2022-10-20 14:46:45.299221,0.22,1.29,-0.23,17.46,40.89,19.65,-53.32,-37.33,-20.10,1
G,2022-10-20 14:46:45.314819,0.38,0.57,-0.04,73.00,31.31,5.62,-53.32,-37.33,-20.10,1
G,2022-10-20 14:46:45.340711,-0.14,0.82,-0.64,23.50,-11.17,-86.00,-53.32,-37.33,-20.10,1
G,2022-10-20 14:46:45.361593,0.33,1.16,0.06,53.28,19.65,-128.97,-49.80,-39.97,-22.77,1
G,2022-10-20 14:46:45.381816,0.56,1.12,0.25,19.47,-8.42,-94.24,-49.80,-39.97,-22.77,1
G,2022-10-20 14:46:45.404487,0.51,0.95,-0.04,15.81,-44.56,-65.80,-41.13,-44.87,-21.44,1
G,2022-10-20 14:46:45.417393,0.58,0.86,0.02,34.12,-43.33,-55.24,-41.13,-44.87,-21.44,1
