G,2022-10-18 14:35:15.813746,0.32,0.12,1.06,15.81,1.83,-11.66,22.94,-38.06,-142.38,1
G,2022-10-18 14:35:15.832740,0.45,0.03,1.00,52.37,11.60,-6.16,23.86,-37.92,-142.64,1
G,2022-10-18 14:35:15.850746,0.48,0.14,0.87,66.59,6.77,0.00,23.86,-37.92,-142.64,1
G,2022-10-18 14:35:15.868861,0.50,0.21,0.82,152.65,-8.06,5.43,23.86,-37.92,-142.64,1
G,2022-10-18 14:35:15.887878,0.43,0.04,0.78,187.68,-21.73,-5.19,24.90,-33.14,-142.16,1
G,2022-10-18 14:35:15.906065,0.33,-0.09,0.94,82.89,-15.32,-31.62,24.90,-33.14,-142.16,1
G,2022-10-18 14:35:15.923950,0.30,-0.13,0.97,21.18,4.88,-36.07,24.90,-33.14,-142.16,1
G,2022-10-18 14:35:15.942751,0.42,-0.13,0.92,10.99,12.70,-29.54,24.96,-31.09,-140.49,1
G,2022-10-18 14:35:15.960961,0.46,-0.14,0.85,-3.05,12.88,-28.20,24.96,-31.09,-140.49,1
G,2022-10-18 14:35:15.978957,0.50,-0.13,0.81,2.87,2.56,-24.66,24.96,-31.09,-140.49,1
G,2022-10-18 14:35:15.997999,0.52,-0.16,0.82,-15.08,-5.68,-36.25,26.32,-32.19,-140.30,1
G,2022-10-18 14:35:16.016137,-0.27,-0.45,1.47,-18.01,-9.58,-29.66,26.32,-32.19,-140.30,1
G,2022-10-18 14:35:16.034834,0.41,-0.10,0.92,64.51,-5.13,7.45,26.75,-32.39,-141.50,1
G,2022-10-18 14:35:16.052849,0.85,-0.70,1.32,69.46,-5.86,1.89,26.75,-32.39,-141.50,1
G,2022-10-18 14:35:16.070976,0.34,-0.25,0.74,-48.40,7.87,-8.48,26.75,-32.39,-141.50,1
G,2022-10-18 14:35:16.090045,0.43,-0.32,0.75,-78.06,10.07,-0.18,27.38,-33.62,-142.18,1
G,2022-10-18 14:35:16.107835,0.45,-0.32,0.74,-74.04,3.36,12.82,27.38,-33.62,-142.18,1
G,2022-10-18 14:35:16.126001,0.43,-0.29,0.71,-46.63,-14.47,36.50,27.38,-33.62,-142.18,1
G,2022-10-18 14:35:16.144946,0.37,-0.18,0.76,-32.96,-22.22,51.09,24.68,-37.18,-142.02,1
G,2022-10-18 14:35:16.162958,0.32,-0.05,0.70,-9.09,-26.18,54.20,24.68,-37.18,-142.02,1
G,2022-10-18 14:35:16.181993,0.27,-0.01,0.73,8.18,-36.62,49.44,20.50,-35.24,-144.63,1
G,2022-10-18 14:35:16.199780,0.20,0.01,0.71,-2.01,-44.13,35.58,20.50,-35.24,-144.63,1
G,2022-10-18 14:35:16.217821,0.25,0.01,0.70,7.02,-58.11,35.03,20.50,-35.24,-144.63,1
G,2022-10-18 14:35:16.236950,0.14,0.17,0.90,-8.00,-61.40,17.88,15.43,-32.34,-145.87,1
G,2022-10-18 14:35:16.254920,0.12,0.25,0.92,13.49,-62.87,4.15,15.43,-32.34,-145.87,1
G,2022-10-18 14:35:16.272903,0.14,0.26,1.01,36.80,-60.30,-8.61,15.43,-32.34,-145.87,1
G,2022-10-18 14:35:16.291980,0.16,0.16,1.00,36.07,-46.81,-19.59,11.24,-27.67,-146.04,1
G,2022-10-18 14:35:16.309951,0.21,0.13,1.02,30.64,-38.45,-20.63,11.24,-27.67,-146.04,1
G,2022-10-18 14:35:16.327968,0.23,0.12,1.07,31.37,-32.71,-17.70,11.24,-27.67,-146.04,1
G,2022-10-18 14:35:16.346743,0.24,0.12,1.18,46.20,-27.16,-13.49,10.31,-24.90,-146.87,1
G,2022-10-18 14:35:16.364810,0.19,0.07,1.27,61.22,-14.65,-13.55,10.31,-24.90,-146.87,1
G,2022-10-18 14:35:16.383771,0.25,0.01,1.32,58.78,6.84,-22.95,13.12,-22.33,-145.12,1
G,2022-10-18 14:35:16.401939,0.36,-0.21,1.17,45.78,37.90,-25.70,13.12,-22.33,-145.12,1
G,2022-10-18 14:35:16.419897,0.39,-0.38,1.06,44.31,40.89,-18.19,13.12,-22.33,-145.12,1
G,2022-10-18 14:35:16.438806,0.41,-0.44,0.95,33.51,38.15,-9.40,19.25,-22.03,-145.84,1
G,2022-10-18 14:35:16.456779,0.44,-0.53,0.91,22.46,31.37,-2.81,19.25,-22.03,-145.84,1
G,2022-10-18 14:35:16.474840,0.46,-0.60,0.81,-16.36,28.26,13.37,19.25,-22.03,-145.84,1
G,2022-10-18 14:35:16.493808,0.39,-0.61,0.61,-38.51,19.78,27.83,23.00,-25.62,-144.08,1
G,2022-10-18 14:35:16.511849,0.41,-0.51,0.72,-50.78,0.49,35.34,23.00,-25.62,-144.08,1
G,2022-10-18 14:35:16.529930,0.21,-0.16,0.73,-67.14,-2.20,35.52,23.00,-25.62,-144.08,1
G,2022-10-18 14:35:16.548872,0.06,0.19,0.93,-46.51,-5.31,2.56,22.18,-30.65,-145.26,1
G,2022-10-18 14:35:16.566917,0.23,0.18,0.94,17.15,-8.73,-18.68,22.18,-30.65,-145.26,1
G,2022-10-18 14:35:16.585787,0.12,0.10,1.14,22.58,2.81,-21.18,20.40,-30.54,-145.31,1
G,2022-10-18 14:35:16.603966,0.15,0.20,0.90,-44.01,39.12,-45.72,20.40,-30.54,-145.31,1
G,2022-10-18 14:35:16.621829,0.25,0.05,0.81,-1.28,28.02,-46.26,20.40,-30.54,-145.31,1
G,2022-10-18 14:35:16.640952,0.29,-0.07,0.80,44.68,7.26,-34.30,23.51,-31.18,-144.87,1
G,2022-10-18 14:35:16.658819,0.29,-0.19,0.80,63.54,3.60,-26.79,23.51,-31.18,-144.87,1
G,2022-10-18 14:35:16.676824,0.30,-0.26,0.83,66.89,3.36,-29.36,23.51,-31.18,-144.87,1
G,2022-10-18 14:35:16.695746,0.35,-0.44,0.79,50.23,5.92,-33.39,25.72,-27.15,-145.92,1
G,2022-10-18 14:35:16.713991,0.37,-0.56,0.66,-7.69,0.43,-24.17,25.72,-27.15,-145.92,1
G,2022-10-18 14:35:16.732972,0.25,-0.48,0.53,-45.35,-12.33,-16.97,26.09,-25.55,-146.55,1
G,2022-10-18 14:35:16.751147,0.29,-0.30,0.73,-49.32,-45.53,-6.47,26.09,-25.55,-146.55,1
G,2022-10-18 14:35:16.768972,0.24,-0.07,1.01,-23.86,-59.81,-0.67,26.09,-25.55,-146.55,1
G,2022-10-18 14:35:16.787893,0.25,0.02,1.14,8.54,-38.94,-4.88,22.94,-23.51,-150.28,1
G,2022-10-18 14:35:16.805826,0.30,-0.12,1.13,43.27,-43.58,-1.16,22.94,-23.51,-150.28,1
G,2022-10-18 14:35:16.823943,0.30,-0.20,1.04,43.46,-38.45,8.36,22.94,-23.51,-150.28,1
G,2022-10-18 14:35:16.842863,0.27,-0.21,1.05,41.87,-39.98,20.39,20.62,-18.70,-151.79,1
G,2022-10-18 14:35:16.860954,0.23,-0.16,1.15,47.67,-43.64,45.96,20.62,-18.70,-151.79,1
G,2022-10-18 14:35:16.878916,0.08,-0.15,1.38,38.51,-8.06,25.27,20.62,-18.70,-151.79,1
G,2022-10-18 14:35:16.897718,0.08,-0.07,1.40,33.02,36.93,23.25,19.90,-16.15,-153.37,1
G,2022-10-18 14:35:16.915797,0.23,-0.06,1.31,23.38,76.97,8.12,19.90,-16.15,-153.37,1
G,2022-10-18 14:35:16.934802,0.27,-0.10,1.16,9.70,102.29,-7.32,26.29,-18.29,-148.72,1
G,2022-10-18 14:35:16.952919,0.32,-0.13,0.99,-3.42,113.34,-17.21,26.29,-18.29,-148.72,1
G,2022-10-18 14:35:16.970983,0.33,-0.22,0.83,10.50,97.96,-20.75,26.29,-18.29,-148.72,1
G,2022-10-18 14:35:16.989861,0.34,-0.31,0.70,32.41,78.61,-17.76,32.84,-20.20,-140.37,1
G,2022-10-18 14:35:17.007969,0.40,-0.38,0.62,40.65,62.68,-17.40,32.84,-20.20,-140.37,1
G,2022-10-18 14:35:17.025738,0.43,-0.49,0.51,23.32,56.46,-26.67,32.84,-20.20,-140.37,1
G,2022-10-18 14:35:17.044870,0.48,-0.61,0.38,0.73,33.75,-24.05,36.74,-20.14,-133.74,1
