w,2022-10-30 19:49:07.868789,0.07,0.66,-0.62,-16.24,-2.87,-2.20,27.51,15.31,-102.84,1
w,2022-10-30 19:49:07.887734,0.09,0.62,-0.57,-12.39,-3.36,-3.23,25.56,15.89,-104.32,1
w,2022-10-30 19:49:07.905746,0.10,0.66,-0.52,-16.30,2.38,-1.34,25.56,15.89,-104.32,1
w,2022-10-30 19:49:07.923739,0.11,0.68,-0.53,-16.85,14.89,-1.16,25.56,15.89,-104.32,1
w,2022-10-30 19:49:07.942609,0.12,0.62,-0.58,-21.12,24.66,4.88,25.05,17.79,-102.00,1
w,2022-10-30 19:49:07.960626,0.08,0.66,-0.63,-33.39,25.02,9.95,25.05,17.79,-102.00,1
w,2022-10-30 19:49:07.978711,0.07,0.58,-0.60,-37.60,28.87,10.62,25.05,17.79,-102.00,1
w,2022-10-30 19:49:07.997691,-1.85,1.52,-1.45,-33.51,33.75,18.01,25.34,18.97,-102.84,1
w,2022-10-30 19:49:08.015798,-0.04,0.59,-0.95,44.62,-25.27,-31.31,25.34,18.97,-102.84,1
w,2022-10-30 19:49:08.034763,-0.01,0.69,-0.77,-12.27,-11.96,-17.46,25.95,20.04,-102.77,1
w,2022-10-30 19:49:08.052900,-0.57,-0.12,-0.22,-30.58,-9.95,-7.26,25.95,20.04,-102.77,1
w,2022-10-30 19:49:08.070512,0.01,0.47,-0.63,26.31,14.34,45.29,25.95,20.04,-102.77,1
w,2022-10-30 19:49:08.089375,-0.05,0.48,-0.58,37.35,12.27,29.11,27.23,18.70,-103.61,1
w,2022-10-30 19:49:08.107480,-0.05,0.46,-0.65,48.40,8.54,27.22,27.23,18.70,-103.61,1
w,2022-10-30 19:49:08.125492,-0.01,0.59,-0.70,46.88,6.84,29.24,27.23,18.70,-103.61,1
w,2022-10-30 19:49:08.144459,0.06,0.82,-0.82,37.05,4.21,29.91,31.52,15.84,-105.09,1
w,2022-10-30 19:49:08.162470,0.01,0.92,-0.79,24.29,-0.37,23.74,31.52,15.84,-105.09,1
w,2022-10-30 19:49:08.180501,0.04,1.06,-0.80,31.01,6.04,2.56,31.52,15.84,-105.09,1
w,2022-10-30 19:49:08.199531,0.07,1.20,-0.79,19.10,4.76,-3.85,35.28,13.44,-106.35,1
w,2022-10-30 19:49:08.217744,-0.01,1.14,-0.75,-0.67,0.61,-5.68,35.28,13.44,-106.35,1
w,2022-10-30 19:49:08.236369,-0.05,0.98,-0.79,16.97,9.03,16.24,36.49,12.70,-106.19,1
w,2022-10-30 19:49:08.254628,0.12,0.91,-0.94,76.60,25.94,4.21,36.49,12.70,-106.19,1
w,2022-10-30 19:49:08.272776,-0.42,0.87,-1.05,-27.04,-31.25,-27.71,36.49,12.70,-106.19,1
w,2022-10-30 19:49:08.291808,-0.07,0.83,-0.58,-31.80,-35.46,-33.20,34.00,15.28,-107.34,1
w,2022-10-30 19:49:08.309844,0.14,0.88,-0.90,-10.56,-20.02,-18.43,34.00,15.28,-107.34,1
w,2022-10-30 19:49:08.327822,-0.05,0.86,-0.66,-35.28,-22.16,-20.87,34.00,15.28,-107.34,1
w,2022-10-30 19:49:08.346736,-0.04,0.72,-0.59,-21.06,-7.39,-15.87,30.90,18.48,-104.30,1
w,2022-10-30 19:49:08.364863,0.01,0.54,-0.56,-6.90,-3.60,-1.53,30.90,18.48,-104.30,1
w,2022-10-30 19:49:08.383563,-0.02,0.54,-0.54,2.69,-1.28,4.09,28.65,20.72,-102.58,1
w,2022-10-30 19:49:08.401484,-0.47,0.59,0.01,15.56,8.79,5.86,28.65,20.72,-102.58,1
w,2022-10-30 19:49:08.419475,0.06,0.56,-0.46,49.01,2.32,-4.64,28.65,20.72,-102.58,1
w,2022-10-30 19:49:08.438664,0.00,0.60,-0.53,-42.05,-30.82,-16.60,28.50,20.79,-100.67,1
w,2022-10-30 19:49:08.456763,-0.17,0.33,-0.58,-45.59,-34.12,7.45,28.50,20.79,-100.67,1
w,2022-10-30 19:49:08.474373,0.01,0.53,-0.65,12.21,2.08,46.33,28.50,20.79,-100.67,1
w,2022-10-30 19:49:08.493384,-0.04,0.46,-0.71,33.94,8.79,24.78,31.16,17.66,-104.15,1
w,2022-10-30 19:49:08.514222,0.08,0.61,-0.77,49.44,12.33,37.72,31.16,17.66,-104.15,1
w,2022-10-30 19:49:08.529449,0.03,0.84,-0.75,44.80,5.92,31.43,31.16,17.66,-104.15,1
w,2022-10-30 19:49:08.548285,0.05,1.16,-0.75,49.07,5.19,17.27,35.03,13.98,-104.64,1
w,2022-10-30 19:49:08.566639,0.04,1.35,-0.72,46.39,6.71,-6.35,35.03,13.98,-104.64,1
w,2022-10-30 19:49:08.585471,0.08,1.50,-0.73,16.85,4.64,-0.49,38.11,12.73,-106.69,1
w,2022-10-30 19:49:08.603645,-0.03,1.10,-0.74,45.04,16.48,20.45,38.11,12.73,-106.69,1
w,2022-10-30 19:49:08.621873,-0.11,1.27,-0.64,-31.25,-46.14,-8.48,38.11,12.73,-106.69,1
w,2022-10-30 19:49:08.640484,0.16,1.00,-1.05,3.05,-25.82,-23.01,37.60,13.75,-105.51,1
w,2022-10-30 19:49:08.658741,-0.10,0.90,-0.73,-7.75,-10.68,-16.17,37.60,13.75,-105.51,1
w,2022-10-30 19:49:08.676804,-0.06,0.75,-0.63,-5.86,-8.61,-14.65,37.60,13.75,-105.51,1
w,2022-10-30 19:49:08.695798,-0.12,0.67,-0.45,-14.89,-5.62,-10.86,36.27,16.88,-102.55,1
w,2022-10-30 19:49:08.713697,-0.28,0.64,-0.24,-21.36,0.73,-0.61,36.27,16.88,-102.55,1
w,2022-10-30 19:49:08.732467,-0.49,0.76,-0.17,-28.99,12.15,1.59,35.52,18.99,-100.48,1
w,2022-10-30 19:49:08.750774,-0.75,0.89,-0.23,-10.99,-14.77,-23.50,35.52,18.99,-100.48,1
w,2022-10-30 19:49:08.768824,-0.45,0.84,-0.15,-0.67,-22.71,-35.71,35.52,18.99,-100.48,1
w,2022-10-30 19:49:08.787777,-0.33,0.73,-0.08,-8.67,-12.15,-45.65,30.64,17.20,-102.93,1
w,2022-10-30 19:49:08.805713,-0.32,0.79,-0.09,-4.46,1.22,-48.89,30.64,17.20,-102.93,1
w,2022-10-30 19:49:08.823484,-0.25,0.90,0.02,5.19,15.26,-64.64,30.64,17.20,-102.93,1
