o,2022-11-04 12:40:22.117145,0.03,0.09,0.93,-21.30,-0.92,48.77,-18.30,9.01,-39.66,1
o,2022-11-04 12:40:22.133825,0.03,0.15,0.91,-28.93,-1.34,47.49,-16.53,10.16,-39.00,1
o,2022-11-04 12:40:22.152598,0.02,0.20,0.89,-36.07,0.12,46.26,-16.53,10.16,-39.00,1
o,2022-11-04 12:40:22.171722,0.05,0.28,0.86,-45.96,1.71,37.11,-15.48,10.34,-40.52,1
o,2022-11-04 12:40:22.192620,0.08,0.40,0.85,-44.80,2.14,32.65,-15.48,10.34,-40.52,1
o,2022-11-04 12:40:22.209961,0.03,0.43,0.85,-37.90,-2.32,33.33,-15.48,10.34,-40.52,1
o,2022-11-04 12:40:22.230837,-0.01,0.39,0.86,-32.29,-6.90,32.71,-13.70,10.00,-40.84,1
o,2022-11-04 12:40:22.248781,-0.09,0.39,0.88,-48.89,-5.49,20.51,-13.70,10.00,-40.84,1
o,2022-11-04 12:40:22.271628,-0.06,0.44,0.91,-55.36,-0.55,14.28,-13.70,10.00,-40.84,1
o,2022-11-04 12:40:22.287136,-0.08,0.51,0.92,-56.46,-1.16,9.77,-12.22,9.61,-39.20,1
o,2022-11-04 12:40:22.306212,-0.04,0.50,0.88,-29.60,-9.52,15.32,-12.22,9.61,-39.20,1
o,2022-11-04 12:40:22.326564,-0.13,0.46,0.89,-36.80,-11.41,12.15,-10.47,8.44,-39.92,1
o,2022-11-04 12:40:22.348493,-0.18,0.46,0.91,-41.56,-5.13,2.69,-10.47,8.44,-39.92,1
o,2022-11-04 12:40:22.370960,-0.15,0.54,0.92,-39.49,-1.34,-9.83,-10.47,8.44,-39.92,1
o,2022-11-04 12:40:22.384009,-0.13,0.62,0.94,-27.59,-3.72,-9.89,-8.89,6.74,-39.38,1
o,2022-11-04 12:40:22.403123,-0.13,0.57,0.92,-18.68,-5.43,-18.55,-8.89,6.74,-39.38,1
o,2022-11-04 12:40:22.424964,-0.13,0.58,0.90,-15.56,-4.64,-35.71,-7.73,6.19,-37.70,1
o,2022-11-04 12:40:22.441750,-0.04,0.44,0.88,-2.32,-12.39,-22.58,-7.73,6.19,-37.70,1
o,2022-11-04 12:40:22.460520,-0.11,0.40,0.89,-9.22,-18.13,-11.84,-7.73,6.19,-37.70,1
o,2022-11-04 12:40:22.481317,-0.17,0.50,0.95,-21.55,-15.32,-15.99,-6.48,5.57,-36.34,1
o,2022-11-04 12:40:22.502927,-0.10,0.42,0.95,-11.41,-7.51,-17.52,-6.48,5.57,-36.34,1
o,2022-11-04 12:40:22.519583,-0.12,0.44,0.92,-15.75,-10.56,-11.96,-6.48,5.57,-36.34,1
o,2022-11-04 12:40:22.538810,-0.13,0.43,0.91,-15.14,-3.05,-7.87,-5.47,5.66,-34.96,1
o,2022-11-04 12:40:22.557725,-0.13,0.48,0.93,-31.86,5.13,-20.63,-5.47,5.66,-34.96,1
o,2022-11-04 12:40:22.580785,-0.15,0.53,0.94,-31.13,10.62,-25.27,-4.30,4.85,-33.45,1
o,2022-11-04 12:40:22.597253,-1.39,0.78,1.26,-16.85,9.70,-14.22,-4.30,4.85,-33.45,1
o,2022-11-04 12:40:22.616572,-0.08,-0.02,1.00,61.89,17.21,5.00,-4.30,4.85,-33.45,1
o,2022-11-04 12:40:22.639179,-0.07,0.16,0.78,5.80,13.73,-8.24,-5.26,5.49,-33.89,1
o,2022-11-04 12:40:22.655890,-0.06,0.27,0.82,-34.48,27.22,10.56,-5.26,5.49,-33.89,1
o,2022-11-04 12:40:22.675281,-0.08,0.35,0.83,-40.65,15.93,35.58,-5.25,5.21,-34.47,1
o,2022-11-04 12:40:22.694229,-0.10,0.36,0.75,-35.40,2.01,41.75,-5.25,5.21,-34.47,1
o,2022-11-04 12:40:22.712586,-0.13,0.42,0.71,-37.90,-3.72,36.56,-5.25,5.21,-34.47,1
o,2022-11-04 12:40:22.735187,-0.14,0.50,0.67,-39.43,-6.53,27.16,-4.97,4.63,-33.81,1
o,2022-11-04 12:40:22.752113,-0.15,0.61,0.73,-37.96,-10.86,25.15,-4.97,4.63,-33.81,1
o,2022-11-04 12:40:22.769477,-0.16,0.63,0.73,-28.44,-20.81,28.93,-4.97,4.63,-33.81,1
o,2022-11-04 12:40:22.790052,-0.18,0.65,0.73,-22.83,-27.95,26.73,-4.00,4.15,-33.39,1
o,2022-11-04 12:40:22.813166,-0.20,0.73,0.73,-14.71,-28.69,16.05,-4.00,4.15,-33.39,1
o,2022-11-04 12:40:22.829990,-0.20,0.73,0.76,-3.60,-26.55,7.93,-3.22,3.47,-32.63,1
o,2022-11-04 12:40:22.849837,-0.20,0.71,0.83,10.68,-21.18,-3.05,-3.22,3.47,-32.63,1
o,2022-11-04 12:40:22.867613,-0.18,0.64,0.90,15.08,-14.04,-9.40,-3.22,3.47,-32.63,1
o,2022-11-04 12:40:22.890105,-0.16,0.60,0.96,18.13,-3.42,-17.21,-1.32,2.50,-33.56,1
o,2022-11-04 12:40:22.906613,-0.14,0.52,1.03,21.42,9.16,-19.59,-1.32,2.50,-33.56,1
o,2022-11-04 12:40:22.926323,-0.12,0.47,1.07,18.98,14.77,-20.20,-1.32,2.50,-33.56,1
o,2022-11-04 12:40:22.949996,-0.10,0.45,1.04,18.74,21.97,-22.34,-0.92,3.25,-33.09,1
o,2022-11-04 12:40:22.967220,-0.09,0.38,1.01,19.10,33.75,-25.27,-0.92,3.25,-33.09,1
o,2022-11-04 12:40:22.985220,-0.06,0.39,0.97,11.78,41.56,-29.85,-1.43,3.09,-32.03,1
o,2022-11-04 12:40:23.005721,-0.06,0.36,0.95,10.38,42.66,-24.78,-1.43,3.09,-32.03,1
o,2022-11-04 12:40:23.022336,-0.06,0.24,0.89,14.47,29.72,-11.23,-1.43,3.09,-32.03,1
o,2022-11-04 12:40:23.045603,-0.06,0.25,0.83,9.28,15.01,7.57,-3.47,4.19,-31.96,1
o,2022-11-04 12:40:23.060551,-0.07,0.24,0.71,3.54,20.45,17.70,-3.47,4.19,-31.96,1
o,2022-11-04 12:40:23.078662,-0.08,0.25,0.69,-11.78,21.48,24.35,-4.80,4.66,-32.48,1
o,2022-11-04 12:40:23.098353,-0.10,0.37,0.74,-29.66,17.58,35.03,-4.80,4.66,-32.48,1
o,2022-11-04 12:40:23.116510,-0.14,0.48,0.77,-36.13,2.20,51.21,-4.80,4.66,-32.48,1
o,2022-11-04 12:40:23.137796,-0.40,0.63,0.75,-27.47,2.20,44.86,-5.14,5.26,-33.70,1
o,2022-11-04 12:40:23.155053,-0.29,0.74,0.72,-8.36,14.28,19.23,-5.14,5.26,-33.70,1
o,2022-11-04 12:40:23.172675,-0.20,0.77,0.74,9.22,19.41,3.91,-5.14,5.26,-33.70,1
o,2022-11-04 12:40:23.192484,-0.17,0.70,0.76,32.29,7.26,-1.95,-4.66,4.87,-33.26,1
o,2022-11-04 12:40:23.214479,-0.12,0.66,0.77,45.41,-2.44,-5.55,-4.66,4.87,-33.26,1
o,2022-11-04 12:40:23.231202,-0.08,0.53,0.78,53.41,-8.67,-7.45,-4.57,3.91,-34.96,1
o,2022-11-04 12:40:23.249606,-0.06,0.48,0.77,48.65,-13.92,-13.73,-4.57,3.91,-34.96,1
o,2022-11-04 12:40:23.269057,-0.06,0.37,0.79,36.07,-15.20,-16.42,-4.57,3.91,-34.96,1
o,2022-11-04 12:40:23.290662,-0.05,0.45,0.81,25.63,-14.53,-19.59,-3.99,3.99,-36.32,1
o,2022-11-04 12:40:23.307193,-0.08,0.43,0.86,27.40,-15.87,-17.21,-3.99,3.99,-36.32,1
o,2022-11-04 12:40:23.325585,-0.02,0.41,0.85,22.77,-16.48,-21.42,-3.99,3.99,-36.32,1
o,2022-11-04 12:40:23.344583,-0.03,0.36,0.88,25.09,-19.29,-17.70,-3.48,3.77,-36.54,1
o,2022-11-04 12:40:23.363567,-0.05,0.29,0.90,14.16,-18.86,-20.63,-3.48,3.77,-36.54,1
o,2022-11-04 12:40:23.384563,-0.03,0.36,0.90,5.00,-16.54,-22.28,-3.75,2.95,-36.33,1
o,2022-11-04 12:40:23.402137,-0.01,0.36,0.92,4.76,-14.40,-18.19,-3.75,2.95,-36.33,1
