w,2022-11-04 10:37:49.031772,-0.34,-0.44,0.77,14.65,3.11,3.85,-5.97,-14.67,-105.77,1
w,2022-11-04 10:37:49.052940,-0.29,-0.40,0.69,11.23,-1.65,3.72,-6.19,-14.54,-106.25,1
w,2022-11-04 10:37:49.074561,-0.27,-0.36,0.62,4.27,-16.48,-14.04,-6.19,-14.54,-106.25,1
w,2022-11-04 10:37:49.093201,-0.29,-0.36,0.65,11.29,-30.88,-18.98,-6.19,-14.54,-106.25,1
w,2022-11-04 10:37:49.114610,-0.34,-0.42,0.73,29.42,-37.72,-16.66,-7.76,-14.22,-105.71,1
w,2022-11-04 10:37:49.136567,-0.39,-0.49,0.79,26.00,-33.81,-15.14,-7.76,-14.22,-105.71,1
w,2022-11-04 10:37:49.155370,-0.44,-0.58,0.82,12.70,-23.86,-17.82,-8.37,-13.67,-106.67,1
w,2022-11-04 10:37:49.174603,-0.44,-0.58,0.83,1.16,-16.78,-16.30,-8.37,-13.67,-106.67,1
w,2022-11-04 10:37:49.194666,-0.48,-0.61,0.88,0.12,-17.94,-10.80,-8.37,-13.67,-106.67,1
w,2022-11-04 10:37:49.215857,-0.51,-0.69,0.91,3.97,-14.77,-1.83,-9.75,-13.01,-106.76,1
w,2022-11-04 10:37:49.235774,-0.43,-0.64,0.77,-9.46,-13.49,0.31,-9.75,-13.01,-106.76,1
w,2022-11-04 10:37:49.257009,-0.42,-0.56,0.80,-25.33,-18.92,-9.89,-9.74,-13.17,-107.31,1
w,2022-11-04 10:37:49.276902,-0.51,-0.43,0.90,-31.56,-20.75,-18.62,-9.74,-13.17,-107.31,1
w,2022-11-04 10:37:49.296034,-0.60,-0.41,1.04,-15.56,1.28,-14.16,-9.74,-13.17,-107.31,1
w,2022-11-04 10:37:49.317190,-0.47,-0.40,0.85,0.12,43.70,0.43,-10.52,-13.43,-106.12,1
w,2022-11-04 10:37:49.342248,-0.35,-0.42,0.64,2.32,39.12,0.61,-10.52,-13.43,-106.12,1
w,2022-11-04 10:37:49.357287,-0.31,-0.45,0.51,17.94,8.36,0.24,-10.72,-14.07,-106.59,1
w,2022-11-04 10:37:49.376757,-0.40,-0.51,0.58,30.21,-13.79,4.09,-10.72,-14.07,-106.59,1
w,2022-11-04 10:37:49.396017,-0.44,-0.51,0.65,28.20,-9.22,7.20,-10.72,-14.07,-106.59,1
w,2022-11-04 10:37:49.418017,-0.36,-0.40,0.67,4.27,10.44,2.32,-12.07,-13.62,-105.52,1
w,2022-11-04 10:37:49.436574,-0.31,-0.31,0.67,-10.56,14.04,-11.72,-12.07,-13.62,-105.52,1
w,2022-11-04 10:37:49.457672,-0.36,-0.36,0.73,2.44,1.53,-18.49,-12.01,-13.67,-106.49,1
w,2022-11-04 10:37:49.478965,-0.40,-0.44,0.79,19.17,-5.37,-14.34,-12.01,-13.67,-106.49,1
w,2022-11-04 10:37:49.495450,-0.46,-0.56,0.84,24.84,-9.40,-11.78,-12.01,-13.67,-106.49,1
w,2022-11-04 10:37:49.517569,-0.49,-0.70,0.82,14.28,-6.29,-3.30,-13.85,-14.94,-106.25,1
w,2022-11-04 10:37:49.539229,-0.46,-0.68,0.77,-1.89,-5.43,-3.17,-13.85,-14.94,-106.25,1
w,2022-11-04 10:37:49.557192,-0.45,-0.58,0.79,-23.56,-5.13,-9.83,-13.90,-14.71,-105.83,1
w,2022-11-04 10:37:49.576809,-0.48,-0.50,0.89,-26.79,-1.83,-14.59,-13.90,-14.71,-105.83,1
w,2022-11-04 10:37:49.596837,-0.57,-0.48,1.05,-13.06,25.21,-4.46,-13.90,-14.71,-105.83,1
w,2022-11-04 10:37:49.619017,-0.47,-0.52,0.95,-11.84,54.14,8.00,-13.83,-15.71,-106.60,1
w,2022-11-04 10:37:49.638007,-0.40,-0.53,0.86,-11.78,56.21,13.92,-13.83,-15.71,-106.60,1
w,2022-11-04 10:37:49.659147,-0.36,-0.52,0.79,-4.27,45.35,15.69,-13.46,-16.56,-105.62,1
w,2022-11-04 10:37:49.680852,-0.35,-0.52,0.76,-6.53,38.76,11.96,-13.46,-16.56,-105.62,1
w,2022-11-04 10:37:49.697084,-0.30,-0.49,0.62,-10.74,32.17,8.85,-13.32,-18.43,-103.89,1
w,2022-11-04 10:37:49.716761,-0.25,-0.43,0.54,-3.54,13.73,5.25,-13.32,-18.43,-103.89,1
w,2022-11-04 10:37:49.737238,-0.22,-0.30,0.51,11.54,-24.78,-4.70,-13.32,-18.43,-103.89,1
w,2022-11-04 10:37:49.759682,-0.37,-0.37,0.72,23.38,-35.77,-10.19,-13.89,-18.84,-104.27,1
w,2022-11-04 10:37:49.776732,-0.39,-0.42,0.72,19.65,-19.84,8.97,-13.89,-18.84,-104.27,1
w,2022-11-04 10:37:49.795329,-0.38,-0.44,0.76,14.28,-2.01,14.16,-13.89,-18.84,-104.27,1
w,2022-11-04 10:37:49.817170,-0.36,-0.38,0.74,-4.09,13.31,6.29,-13.59,-18.87,-104.86,1
w,2022-11-04 10:37:49.839327,-0.45,-0.46,0.80,5.43,3.05,-2.56,-13.59,-18.87,-104.86,1
w,2022-11-04 10:37:49.858890,-0.45,-0.48,0.81,24.17,-3.48,4.88,-13.71,-19.08,-105.38,1
w,2022-11-04 10:37:49.876805,-0.46,-0.48,0.85,40.71,-2.26,8.79,-13.71,-19.08,-105.38,1
w,2022-11-04 10:37:49.894426,-0.34,-0.46,0.82,33.81,4.76,1.83,-13.71,-19.08,-105.38,1
w,2022-11-04 10:37:49.916788,-0.22,-0.47,0.83,25.02,12.94,-7.75,-13.20,-19.75,-106.12,1
w,2022-11-04 10:37:49.936065,-0.22,-0.47,0.78,9.70,19.04,-14.34,-13.20,-19.75,-106.12,1
w,2022-11-04 10:37:49.957594,-0.18,-0.47,0.75,13.00,15.50,-14.04,-12.87,-19.81,-106.88,1
w,2022-11-04 10:37:49.976113,-0.23,-0.50,0.74,15.32,7.20,-15.20,-12.87,-19.81,-106.88,1
w,2022-11-04 10:37:49.995021,-0.30,-0.52,0.79,13.24,6.10,-17.03,-12.87,-19.81,-106.88,1
w,2022-11-04 10:37:50.015789,-0.35,-0.56,0.81,4.21,14.28,-21.00,-10.95,-20.37,-107.56,1
w,2022-11-04 10:37:50.038529,-0.32,-0.58,0.72,1.89,21.18,-15.99,-10.95,-20.37,-107.56,1
w,2022-11-04 10:37:50.058393,-0.32,-0.62,0.65,10.50,7.69,-10.31,-8.75,-21.17,-108.67,1
