b,2022-10-30 13:42:01.719415,0.05,-0.96,-0.19,-27.04,-15.01,-5.19,-100.43,67.44,-156.23,1
b,2022-10-30 13:42:01.739448,-0.08,-0.94,-0.11,-29.11,-21.18,-7.57,-100.43,67.44,-156.23,1
b,2022-10-30 13:42:01.759420,-0.06,-0.92,-0.07,-16.78,-19.65,0.73,-98.03,70.34,-156.43,1
b,2022-10-30 13:42:01.779418,-0.02,-0.91,-0.09,-15.14,-9.40,-4.76,-98.03,70.34,-156.43,1
b,2022-10-30 13:42:01.802472,-0.02,-0.89,-0.08,-18.07,-9.83,-6.35,-98.03,70.34,-156.43,1
b,2022-10-30 13:42:01.819486,-0.04,-0.85,-0.04,-19.90,-12.39,-10.13,-97.41,73.84,-156.73,1
b,2022-10-30 13:42:01.839484,-0.03,-0.60,0.24,14.95,8.36,-9.70,-97.41,73.84,-156.73,1
b,2022-10-30 13:42:01.859490,-0.02,-0.92,-0.02,39.25,-4.82,19.29,-97.25,75.00,-157.69,1
b,2022-10-30 13:42:01.880059,-0.10,-0.82,-0.05,24.35,6.77,8.61,-97.25,75.00,-157.69,1
b,2022-10-30 13:42:01.902672,-0.05,-0.81,-0.07,2.14,13.92,-23.74,-97.25,75.00,-157.69,1
b,2022-10-30 13:42:01.920468,-0.05,-0.78,-0.02,7.32,10.62,-20.87,-99.58,73.45,-157.15,1
b,2022-10-30 13:42:01.940475,-0.04,-0.82,0.00,21.06,9.34,-19.71,-99.58,73.45,-157.15,1
b,2022-10-30 13:42:01.960513,-0.03,-0.87,-0.00,33.26,8.61,-14.77,-104.04,68.13,-160.18,1
b,2022-10-30 13:42:01.980476,-0.03,-0.98,-0.06,37.05,8.54,-18.43,-104.04,68.13,-160.18,1
b,2022-10-30 13:42:02.002535,-0.02,-1.07,-0.08,35.64,6.71,-16.54,-104.04,68.13,-160.18,1
b,2022-10-30 13:42:02.021721,-0.03,-1.14,-0.11,20.87,5.55,-20.20,-109.55,59.52,-160.55,1
b,2022-10-30 13:42:02.041103,-0.02,-1.18,-0.11,17.64,4.82,-18.80,-109.55,59.52,-160.55,1
b,2022-10-30 13:42:02.061178,-0.03,-1.22,-0.14,15.69,4.15,-16.72,-112.00,50.83,-161.88,1
b,2022-10-30 13:42:02.081155,-0.03,-1.33,-0.23,10.93,2.38,-11.23,-112.00,50.83,-161.88,1
b,2022-10-30 13:42:02.091207,-0.03,-1.38,-0.24,3.30,-0.43,-5.13,-112.00,50.83,-161.88,1
b,2022-10-30 13:42:02.111513,-0.07,-1.26,-0.19,-21.91,5.86,-27.95,-112.93,48.41,-163.66,1
b,2022-10-30 13:42:02.131534,-0.04,-1.20,-0.13,-15.63,-5.31,-5.31,-112.93,48.41,-163.66,1
b,2022-10-30 13:42:02.152413,-0.04,-1.13,-0.02,-10.56,-8.30,7.51,-112.79,51.75,-162.70,1
b,2022-10-30 13:42:02.172163,-0.04,-1.10,-0.07,-13.85,-2.87,13.43,-112.79,51.75,-162.70,1
b,2022-10-30 13:42:02.192171,-0.04,-1.00,0.03,-12.45,-2.75,15.44,-112.79,51.75,-162.70,1
b,2022-10-30 13:42:02.212711,-0.03,-0.95,0.07,-9.52,0.06,12.39,-109.11,58.29,-161.69,1
b,2022-10-30 13:42:02.232710,-0.03,-0.93,0.06,-1.71,5.43,12.15,-109.11,58.29,-161.69,1
b,2022-10-30 13:42:02.252714,-0.03,-0.91,0.06,-1.34,9.28,7.26,-109.11,58.29,-161.69,1
b,2022-10-30 13:42:02.272742,-0.05,-0.89,-0.01,-5.92,12.76,6.96,-104.46,62.66,-158.01,1
b,2022-10-30 13:42:02.293127,-0.06,-0.86,-0.03,-5.74,10.56,3.78,-104.46,62.66,-158.01,1
b,2022-10-30 13:42:02.312754,-0.07,-0.84,-0.04,-1.53,9.52,-2.26,-100.00,64.05,-156.58,1
b,2022-10-30 13:42:02.332678,-0.08,-0.84,-0.07,2.26,10.25,-3.78,-100.00,64.05,-156.58,1
b,2022-10-30 13:42:02.352751,-0.08,-0.85,-0.09,4.21,13.85,-9.40,-98.46,61.83,-154.22,1
b,2022-10-30 13:42:02.372730,-0.11,-0.82,-0.16,4.15,13.31,-14.04,-98.46,61.83,-154.22,1
b,2022-10-30 13:42:02.393160,-0.11,-0.84,-0.15,10.50,11.05,-18.62,-98.46,61.83,-154.22,1
b,2022-10-30 13:42:02.422728,-0.12,-0.86,-0.21,12.39,10.80,-22.16,-99.60,58.33,-155.21,1
b,2022-10-30 13:42:02.432730,-0.13,-0.91,-0.22,18.13,9.40,-22.09,-99.60,58.33,-155.21,1
b,2022-10-30 13:42:02.452722,-0.11,-1.03,-0.26,15.38,7.69,-22.46,-102.72,52.06,-154.21,1
b,2022-10-30 13:42:02.472739,-0.11,-1.07,-0.24,19.84,2.93,-9.09,-102.72,52.06,-154.21,1
b,2022-10-30 13:42:02.492733,-0.10,-1.07,-0.21,23.86,-2.99,-5.43,-102.72,52.06,-154.21,1
b,2022-10-30 13:42:02.512793,-0.09,-1.10,-0.18,21.79,-3.91,-6.35,-105.62,48.01,-157.10,1
b,2022-10-30 13:42:02.532751,-0.09,-1.13,-0.20,11.23,-3.30,-9.64,-105.62,48.01,-157.10,1
b,2022-10-30 13:42:02.552759,-0.09,-1.13,-0.21,2.14,-3.23,-7.75,-105.62,48.01,-157.10,1
b,2022-10-30 13:42:02.573885,-0.08,-1.07,-0.14,-5.13,-3.78,-0.67,-108.36,45.08,-159.47,1
b,2022-10-30 13:42:02.593029,-0.07,-1.02,-0.08,5.68,-6.41,5.25,-108.36,45.08,-159.47,1
b,2022-10-30 13:42:02.613113,-0.08,-1.03,-0.10,14.04,-8.00,6.29,-110.51,45.48,-161.95,1
b,2022-10-30 13:42:02.633057,-0.06,-1.02,-0.05,10.99,-7.81,7.81,-110.51,45.48,-161.95,1
b,2022-10-30 13:42:02.653051,-0.05,-1.02,-0.05,0.73,-2.87,7.45,-110.51,45.48,-161.95,1
b,2022-10-30 13:42:02.673563,-0.03,-1.02,0.01,3.05,-14.65,11.54,-112.38,47.25,-164.34,1
b,2022-10-30 13:42:02.693522,-0.02,-1.01,0.07,8.79,-18.68,14.16,-112.38,47.25,-164.34,1
b,2022-10-30 13:42:02.713192,-0.05,-1.13,0.16,5.62,-10.86,4.27,-113.40,48.88,-163.18,1
b,2022-10-30 13:42:02.733220,-0.43,-1.14,0.28,17.09,13.43,25.09,-113.40,48.88,-163.18,1
b,2022-10-30 13:42:02.753231,-0.32,-1.17,0.33,65.25,42.24,66.22,-113.40,48.88,-163.18,1
b,2022-10-30 13:42:02.773226,0.05,-1.25,-0.18,75.81,43.76,79.16,-105.91,51.99,-156.09,1
b,2022-10-30 13:42:02.793518,0.15,-1.24,-0.29,45.65,38.09,60.00,-105.91,51.99,-156.09,1
b,2022-10-30 13:42:02.813874,0.19,-1.13,-0.39,6.96,28.99,38.21,-95.92,56.08,-147.35,1
