p,2022-10-12 13:58:09.694952,0.47,-0.15,0.80,-8.91,-6.77,8.24,-41.72,64.84,-37.10,1
p,2022-10-12 13:58:09.713886,0.49,-0.09,0.75,-6.23,-9.22,7.69,-42.11,68.37,-35.62,1
p,2022-10-12 13:58:09.732207,0.54,-0.00,0.69,-1.71,-24.17,-9.83,-42.11,68.37,-35.62,1
p,2022-10-12 13:58:09.752119,-0.25,-0.27,2.16,-9.95,-21.73,-15.69,-44.97,69.86,-33.85,1
p,2022-10-12 13:58:09.769720,0.41,-0.10,0.84,40.28,12.02,11.66,-44.97,69.86,-33.85,1
p,2022-10-12 13:58:09.787864,0.34,-0.24,0.77,32.65,9.40,4.70,-44.97,69.86,-33.85,1
p,2022-10-12 13:58:09.806996,0.41,-0.23,0.81,3.78,-4.82,-13.92,-44.93,70.30,-32.50,1
p,2022-10-12 13:58:09.825140,0.39,-0.17,0.82,-5.92,-8.61,-17.09,-44.93,70.30,-32.50,1
p,2022-10-12 13:58:09.843053,0.36,-0.14,0.77,0.67,-12.82,-13.06,-44.93,70.30,-32.50,1
p,2022-10-12 13:58:09.862061,0.36,-0.14,0.78,13.31,-15.38,-9.58,-44.26,69.46,-30.21,1
p,2022-10-12 13:58:09.879908,0.32,-0.13,0.79,27.47,-19.23,-2.93,-44.26,69.46,-30.21,1
p,2022-10-12 13:58:09.898908,0.34,-0.14,0.82,51.15,-27.71,1.89,-42.82,71.59,-25.98,1
p,2022-10-12 13:58:09.917020,0.35,-0.19,0.79,51.45,-26.79,0.24,-42.82,71.59,-25.98,1
p,2022-10-12 13:58:09.935047,0.39,-0.20,0.83,35.95,-25.70,-4.64,-42.82,71.59,-25.98,1
p,2022-10-12 13:58:09.953992,0.38,-0.24,0.86,17.27,-18.49,-10.25,-39.90,73.06,-22.03,1
p,2022-10-12 13:58:09.972087,0.39,-0.28,0.86,1.53,-9.16,-11.17,-39.90,73.06,-22.03,1
p,2022-10-12 13:58:09.989990,0.38,-0.24,0.90,1.65,-7.26,-6.59,-39.90,73.06,-22.03,1
p,2022-10-12 13:58:10.009046,0.37,-0.23,0.92,7.57,-8.36,-5.37,-37.13,73.47,-21.30,1
p,2022-10-12 13:58:10.027054,0.39,-0.24,0.85,13.49,-10.68,-5.55,-37.13,73.47,-21.30,1
p,2022-10-12 13:58:10.044991,0.39,-0.30,0.89,11.66,-6.47,-5.62,-37.13,73.47,-21.30,1
p,2022-10-12 13:58:10.063925,0.35,-0.26,0.94,0.67,-6.96,-7.14,-34.06,75.29,-21.97,1
p,2022-10-12 13:58:10.082054,0.38,-0.18,0.94,7.20,-13.61,-7.87,-34.06,75.29,-21.97,1
p,2022-10-12 13:58:10.101003,0.41,-0.30,1.01,16.85,-12.94,-6.23,-33.54,75.83,-23.72,1
p,2022-10-12 13:58:10.118921,0.41,-0.30,0.95,13.67,-4.82,1.40,-33.54,75.83,-23.72,1
p,2022-10-12 13:58:10.136891,0.40,-0.37,0.97,13.73,-4.52,3.60,-33.54,75.83,-23.72,1
p,2022-10-12 13:58:10.155929,0.39,-0.33,0.98,2.01,-0.67,0.43,-31.57,77.08,-23.41,1
p,2022-10-12 13:58:10.173970,0.41,-0.33,1.04,-4.58,-1.65,0.79,-31.57,77.08,-23.41,1
p,2022-10-12 13:58:10.191952,0.36,-0.28,1.05,-8.36,4.33,5.86,-31.57,77.08,-23.41,1
p,2022-10-12 13:58:10.210923,0.33,-0.28,1.12,-6.16,30.88,15.14,-31.13,76.27,-24.22,1
p,2022-10-12 13:58:10.228931,0.43,-0.26,1.07,4.21,42.42,17.76,-31.13,76.27,-24.22,1
p,2022-10-12 13:58:10.246947,0.48,-0.26,0.95,-7.51,46.69,9.95,-31.13,76.27,-24.22,1
p,2022-10-12 13:58:10.266100,0.50,-0.28,0.90,-27.16,45.29,-1.04,-29.31,72.95,-26.23,1
p,2022-10-12 13:58:10.283968,0.51,-0.26,0.85,-29.79,30.21,1.95,-29.31,72.95,-26.23,1
p,2022-10-12 13:58:10.302944,0.50,-0.28,0.81,-22.95,20.26,5.49,-29.33,67.76,-30.71,1
p,2022-10-12 13:58:10.320938,0.46,-0.27,0.80,-26.31,18.13,6.84,-29.33,67.76,-30.71,1
p,2022-10-12 13:58:10.338926,0.46,-0.27,0.77,-27.22,15.56,8.30,-29.33,67.76,-30.71,1
p,2022-10-12 13:58:10.357868,0.46,-0.27,0.74,-26.67,11.23,10.86,-29.98,65.60,-33.15,1
p,2022-10-12 13:58:10.375937,0.46,-0.23,0.71,-31.19,6.41,12.76,-29.98,65.60,-33.15,1
p,2022-10-12 13:58:10.394153,0.42,-0.18,0.76,-32.17,-0.37,16.11,-29.98,65.60,-33.15,1
p,2022-10-12 13:58:10.413071,0.41,-0.17,0.78,-22.28,-3.11,19.41,-32.50,66.04,-32.98,1
p,2022-10-12 13:58:10.431067,0.43,-0.13,0.76,-17.70,-4.70,21.55,-32.50,66.04,-32.98,1
p,2022-10-12 13:58:10.450032,0.42,-0.07,0.78,-26.43,-8.06,8.67,-34.78,68.21,-34.07,1
p,2022-10-12 13:58:10.467945,0.38,0.00,0.90,-29.24,-5.80,1.40,-34.78,68.21,-34.07,1
p,2022-10-12 13:58:10.486118,0.41,-0.01,0.89,-17.52,-1.89,-0.43,-34.78,68.21,-34.07,1
p,2022-10-12 13:58:10.505094,0.45,-0.02,0.84,-13.67,-0.31,-2.08,-37.90,68.31,-35.80,1
p,2022-10-12 13:58:10.523097,0.47,-0.01,0.81,-18.01,-5.31,-7.45,-37.90,68.31,-35.80,1
p,2022-10-12 13:58:10.541146,0.43,0.01,0.90,-14.71,-6.96,-10.44,-37.90,68.31,-35.80,1
p,2022-10-12 13:58:10.559954,-0.45,-0.22,1.09,5.19,-7.02,-5.68,-42.85,66.05,-36.15,1
p,2022-10-12 13:58:10.577962,0.74,-0.20,0.95,110.17,-7.39,22.40,-42.85,66.05,-36.15,1
p,2022-10-12 13:58:10.595915,0.35,0.04,0.83,-76.11,24.48,-38.02,-42.85,66.05,-36.15,1
p,2022-10-12 13:58:10.614781,0.42,-0.02,0.82,3.72,1.40,-21.30,-45.46,61.82,-38.87,1
p,2022-10-12 13:58:10.632942,0.44,-0.01,0.81,21.00,0.31,-20.51,-45.46,61.82,-38.87,1
p,2022-10-12 13:58:10.651945,0.39,-0.08,0.83,9.46,3.30,-31.80,-48.11,55.42,-41.30,1
p,2022-10-12 13:58:10.669942,0.36,-0.16,0.81,16.78,0.55,-31.80,-48.11,55.42,-41.30,1
p,2022-10-12 13:58:10.688042,0.36,-0.19,0.77,43.76,-4.03,-30.82,-48.11,55.42,-41.30,1
p,2022-10-12 13:58:10.706949,0.37,-0.26,0.75,45.59,-7.93,-26.06,-48.56,47.88,-42.98,1
p,2022-10-12 13:58:10.725030,0.36,-0.32,0.76,65.49,-15.08,-19.04,-48.56,47.88,-42.98,1
p,2022-10-12 13:58:10.743086,0.36,-0.33,0.78,71.04,-21.12,-12.70,-48.56,47.88,-42.98,1
p,2022-10-12 13:58:10.762104,0.36,-0.31,0.78,60.30,-21.79,-13.79,-48.30,46.98,-39.98,1
p,2022-10-12 13:58:10.780037,0.37,-0.32,0.76,41.50,-21.55,-16.24,-48.30,46.98,-39.98,1
p,2022-10-12 13:58:10.799122,0.39,-0.35,0.74,38.02,-20.14,-12.63,-46.98,48.33,-36.91,1
p,2022-10-12 13:58:10.817105,0.41,-0.43,0.78,37.35,-18.86,-6.10,-46.98,48.33,-36.91,1
p,2022-10-12 13:58:10.834955,0.38,-0.43,0.81,23.80,-13.55,0.73,-46.98,48.33,-36.91,1
p,2022-10-12 13:58:10.853963,0.41,-0.42,0.85,3.72,-7.69,1.95,-44.45,51.57,-34.17,1
p,2022-10-12 13:58:10.872036,0.38,-0.39,0.82,-2.50,-5.55,3.42,-44.45,51.57,-34.17,1
p,2022-10-12 13:58:10.889966,0.39,-0.41,0.83,3.97,-9.64,7.45,-44.45,51.57,-34.17,1
p,2022-10-12 13:58:10.908936,0.40,-0.41,0.83,13.92,-12.39,13.85,-42.91,56.77,-30.69,1
p,2022-10-12 13:58:10.926978,0.38,-0.37,0.85,13.55,-11.17,14.53,-42.91,56.77,-30.69,1
p,2022-10-12 13:58:10.944958,0.40,-0.38,0.89,7.93,-9.83,13.61,-42.91,56.77,-30.69,1
p,2022-10-12 13:58:10.963964,0.44,-0.37,0.92,11.90,-8.42,17.52,-40.54,64.03,-27.10,1
p,2022-10-12 13:58:10.981948,0.45,-0.37,0.92,3.23,-4.39,25.33,-40.54,64.03,-27.10,1
p,2022-10-12 13:58:11.001045,0.43,-0.28,0.95,-2.87,-1.89,34.36,-37.26,71.78,-23.43,1
p,2022-10-12 13:58:11.018970,0.43,-0.09,0.99,-22.03,2.38,32.84,-37.26,71.78,-23.43,1
p,2022-10-12 13:58:11.037112,0.37,-0.02,1.00,-23.68,-1.46,28.87,-37.26,71.78,-23.43,1
p,2022-10-12 13:58:11.055961,0.26,0.04,1.13,-3.85,-0.18,28.56,-34.18,75.89,-21.22,1
p,2022-10-12 13:58:11.073545,0.20,0.12,1.20,6.29,19.96,17.94,-34.18,75.89,-21.22,1
p,2022-10-12 13:58:11.091928,0.32,0.07,1.12,26.55,44.31,-5.86,-34.18,75.89,-21.22,1
p,2022-10-12 13:58:11.110965,0.52,-0.06,0.96,30.40,45.72,-13.00,-33.50,72.18,-24.99,1
p,2022-10-12 13:58:11.128900,0.58,-0.17,0.89,17.46,45.72,-21.61,-33.50,72.18,-24.99,1
p,2022-10-12 13:58:11.148036,0.59,-0.21,0.83,-3.60,43.52,-28.38,-33.29,61.67,-33.44,1
p,2022-10-12 13:58:11.166015,0.54,-0.23,0.79,-25.70,38.39,-31.19,-33.29,61.67,-33.44,1
p,2022-10-12 13:58:11.184078,0.58,-0.28,0.68,-36.07,30.58,-34.00,-33.29,61.67,-33.44,1
p,2022-10-12 13:58:11.203107,0.56,-0.36,0.68,-33.69,14.65,-30.09,-31.85,48.06,-42.69,1
p,2022-10-12 13:58:11.221006,0.52,-0.39,0.69,-33.51,7.69,-22.77,-31.85,48.06,-42.69,1
p,2022-10-12 13:58:11.239088,0.47,-0.37,0.71,-36.38,5.00,-17.58,-31.85,48.06,-42.69,1
p,2022-10-12 13:58:11.258213,0.48,-0.40,0.71,-38.88,2.87,-14.47,-30.02,36.22,-47.16,1
p,2022-10-12 13:58:11.276385,0.43,-0.42,0.74,-36.99,-0.49,-9.95,-30.02,36.22,-47.16,1
p,2022-10-12 13:58:11.293968,0.40,-0.39,0.76,-38.88,-1.28,-6.53,-30.02,36.22,-47.16,1
p,2022-10-12 13:58:11.313065,0.42,-0.36,0.74,-40.89,-0.67,-5.86,-30.13,26.61,-49.61,1
p,2022-10-12 13:58:11.331176,0.45,-0.34,0.68,-24.90,-7.02,-0.24,-30.13,26.61,-49.61,1
p,2022-10-12 13:58:11.349994,0.51,-0.20,0.65,-21.73,-18.37,0.49,-30.15,21.04,-49.61,1
p,2022-10-12 13:58:11.368124,0.41,-0.10,0.78,-28.81,-27.53,-6.35,-30.15,21.04,-49.61,1
p,2022-10-12 13:58:11.386188,0.29,-0.08,0.91,-24.11,-22.58,-10.74,-30.15,21.04,-49.61,1
