p,2022-10-12 13:58:55.269746,-0.16,0.10,1.04,16.17,21.00,7.75,103.88,-12.70,-96.97,1
p,2022-10-12 13:58:55.288720,-0.14,0.10,1.02,1.46,23.62,4.76,103.25,-10.62,-92.69,1
p,2022-10-12 13:58:55.306711,-0.14,0.16,1.02,-14.22,25.63,15.56,103.25,-10.62,-92.69,1
p,2022-10-12 13:58:55.325933,-0.14,0.16,0.96,-14.89,27.71,-2.38,103.30,-9.23,-86.27,1
p,2022-10-12 13:58:55.343839,-0.07,0.17,0.90,-18.80,28.50,-4.58,103.30,-9.23,-86.27,1
p,2022-10-12 13:58:55.361901,-0.02,0.19,0.84,-25.21,25.27,-7.39,103.30,-9.23,-86.27,1
p,2022-10-12 13:58:55.380927,-0.11,0.22,0.90,-26.25,7.93,-10.44,104.24,-8.57,-81.04,1
p,2022-10-12 13:58:55.398908,-0.08,0.20,0.87,-15.99,12.08,-10.86,104.24,-8.57,-81.04,1
p,2022-10-12 13:58:55.416799,-0.06,0.17,0.84,-13.12,6.41,-9.46,104.24,-8.57,-81.04,1
p,2022-10-12 13:58:55.435824,-0.07,0.14,0.83,-15.81,2.99,-9.95,106.02,-8.04,-74.06,1
p,2022-10-12 13:58:55.453943,-0.49,0.13,1.09,-11.05,-5.80,-7.08,106.02,-8.04,-74.06,1
p,2022-10-12 13:58:55.471840,-0.15,0.16,0.90,49.87,-11.35,11.23,106.02,-8.04,-74.06,1
p,2022-10-12 13:58:55.490850,-0.14,0.13,0.92,26.12,-6.41,4.39,105.36,-6.21,-73.61,1
p,2022-10-12 13:58:55.508761,-0.15,0.11,0.90,7.75,-5.19,4.58,105.36,-6.21,-73.61,1
p,2022-10-12 13:58:55.527928,-0.13,0.17,0.94,-3.17,-1.22,3.05,104.99,-6.73,-73.47,1
p,2022-10-12 13:58:55.545807,-0.13,0.12,0.96,-3.72,1.04,3.78,104.99,-6.73,-73.47,1
p,2022-10-12 13:58:55.563857,-0.15,0.14,1.01,-28.81,12.82,-4.33,104.99,-6.73,-73.47,1
p,2022-10-12 13:58:55.582782,-0.11,0.20,1.03,-22.95,11.90,-6.65,106.15,-7.76,-72.08,1
p,2022-10-12 13:58:55.600773,-0.12,0.22,1.00,-24.90,14.16,-8.42,106.15,-7.76,-72.08,1
p,2022-10-12 13:58:55.619038,-0.11,0.25,0.98,-17.27,14.59,-7.93,106.15,-7.76,-72.08,1
p,2022-10-12 13:58:55.637843,-0.09,0.24,0.94,-12.21,12.45,-10.13,106.93,-8.03,-67.35,1
p,2022-10-12 13:58:55.655800,-0.11,0.23,0.89,12.15,-1.46,-3.85,106.93,-8.03,-67.35,1
p,2022-10-12 13:58:55.673739,-0.11,0.21,0.87,20.45,0.12,-4.64,106.93,-8.03,-67.35,1
p,2022-10-12 13:58:55.692778,-0.11,0.18,0.85,22.16,2.01,-8.36,105.53,-5.38,-63.75,1
p,2022-10-12 13:58:55.710726,-0.10,0.15,0.84,23.50,-0.37,-16.66,105.53,-5.38,-63.75,1
p,2022-10-12 13:58:55.729865,-0.11,0.18,0.85,12.51,-7.57,-28.81,106.09,-2.86,-65.38,1
p,2022-10-12 13:58:55.747965,-0.10,0.13,0.85,15.01,-12.63,-32.84,106.09,-2.86,-65.38,1
p,2022-10-12 13:58:55.765929,-0.11,0.09,0.86,17.33,-17.40,-30.52,106.09,-2.86,-65.38,1
p,2022-10-12 13:58:55.784934,-0.10,0.06,0.88,22.52,-20.81,-23.13,106.29,-0.43,-68.10,1
p,2022-10-12 13:58:55.802812,-0.11,0.05,0.93,33.39,-29.36,-6.90,106.29,-0.43,-68.10,1
p,2022-10-12 13:58:55.820887,-0.14,0.03,0.98,38.57,-30.52,1.59,106.29,-0.43,-68.10,1
p,2022-10-12 13:58:55.839705,-0.16,0.02,1.06,28.75,-22.16,4.64,105.11,1.50,-75.00,1
p,2022-10-12 13:58:55.857738,-0.13,0.03,1.04,15.08,-9.70,7.26,105.11,1.50,-75.00,1
p,2022-10-12 13:58:55.876890,-0.14,0.04,1.04,9.40,-14.95,12.08,104.57,-0.45,-78.99,1
p,2022-10-12 13:58:55.894785,-0.17,0.08,1.06,8.73,-13.18,17.33,104.57,-0.45,-78.99,1
p,2022-10-12 13:58:55.912782,-0.16,0.07,1.05,9.77,-9.34,23.19,104.57,-0.45,-78.99,1
p,2022-10-12 13:58:55.931878,-0.16,0.01,1.00,16.97,-7.93,31.98,103.33,-0.99,-82.31,1
p,2022-10-12 13:58:55.949827,-0.19,0.06,0.98,5.31,-4.58,28.26,103.33,-0.99,-82.31,1
p,2022-10-12 13:58:55.967909,-0.18,0.20,0.96,-22.22,0.85,18.01,103.33,-0.99,-82.31,1
p,2022-10-12 13:58:55.986832,-0.19,0.30,0.97,-31.13,1.89,3.17,103.39,-3.76,-83.69,1
p,2022-10-12 13:58:56.004947,-0.18,0.30,0.98,-19.04,0.98,-0.98,103.39,-3.76,-83.69,1
p,2022-10-12 13:58:56.022737,-0.26,0.33,1.08,-5.19,8.54,2.01,103.39,-3.76,-83.69,1
p,2022-10-12 13:58:56.041777,-0.29,0.41,1.04,0.24,19.96,-21.06,104.30,-5.07,-81.77,1
p,2022-10-12 13:58:56.059934,-0.23,0.35,1.06,41.14,18.62,-15.93,104.30,-5.07,-81.77,1
p,2022-10-12 13:58:56.078693,-0.21,0.27,1.04,49.13,22.28,-23.13,103.10,0.78,-76.22,1
p,2022-10-12 13:58:56.096758,-0.17,0.24,1.02,46.69,26.31,-30.58,103.10,0.78,-76.22,1
p,2022-10-12 13:58:56.114807,-0.03,0.14,0.92,34.36,24.66,-39.73,103.10,0.78,-76.22,1
p,2022-10-12 13:58:56.133722,-0.07,0.10,0.92,18.62,18.07,-36.80,101.71,8.44,-65.77,1
p,2022-10-12 13:58:56.151661,-0.05,0.10,0.90,21.06,17.70,-32.41,101.71,8.44,-65.77,1
p,2022-10-12 13:58:56.169822,-0.05,0.05,0.88,23.13,16.24,-30.46,101.71,8.44,-65.77,1
p,2022-10-12 13:58:56.188845,-0.04,-0.04,0.85,24.84,13.24,-29.48,99.41,14.89,-54.92,1
p,2022-10-12 13:58:56.206766,-0.04,-0.15,0.84,10.68,11.41,-27.04,99.41,14.89,-54.92,1
p,2022-10-12 13:58:56.225812,-0.04,-0.17,0.86,4.76,6.23,-18.43,96.89,19.52,-48.68,1
p,2022-10-12 13:58:56.243925,-0.07,-0.10,0.91,-6.65,5.80,-15.32,96.89,19.52,-48.68,1
p,2022-10-12 13:58:56.261900,-0.07,-0.07,0.96,-9.40,6.10,-14.40,96.89,19.52,-48.68,1
p,2022-10-12 13:58:56.280860,-0.06,-0.10,0.96,-3.05,-2.69,-6.90,96.18,21.46,-44.89,1
p,2022-10-12 13:58:56.298902,-0.08,-0.11,0.99,-3.78,-0.06,-0.43,96.18,21.46,-44.89,1
p,2022-10-12 13:58:56.316968,-0.07,-0.06,0.97,-16.66,4.46,-1.83,96.18,21.46,-44.89,1
p,2022-10-12 13:58:56.335821,-0.05,-0.01,0.97,-18.86,4.70,-0.73,96.68,21.83,-43.27,1
p,2022-10-12 13:58:56.353739,-0.05,0.02,0.94,-18.43,0.61,-0.73,96.68,21.83,-43.27,1
p,2022-10-12 13:58:56.371912,-0.06,0.05,0.91,-21.06,-1.16,-4.27,96.68,21.83,-43.27,1
p,2022-10-12 13:58:56.390936,-0.11,0.06,0.93,-20.75,-2.62,-6.16,97.90,21.34,-43.38,1
p,2022-10-12 13:58:56.408866,-0.07,0.06,0.90,-16.72,-3.42,-6.77,97.90,21.34,-43.38,1
p,2022-10-12 13:58:56.427956,-0.29,0.08,0.95,-20.32,-3.23,-8.54,99.05,20.70,-43.29,1
