o,2022-10-16 22:34:29.108556,0.05,-0.74,0.75,1.77,4.15,-19.71,-5.59,71.52,-11.51,1
o,2022-10-16 22:34:29.126417,0.07,-0.74,0.72,3.78,2.38,-15.56,-5.59,71.52,-11.51,1
o,2022-10-16 22:34:29.145487,0.07,-0.73,0.72,-5.74,3.72,-17.70,-7.09,69.56,-14.50,1
o,2022-10-16 22:34:29.163619,0.08,-0.69,0.71,-9.77,5.74,-17.82,-7.09,69.56,-14.50,1
o,2022-10-16 22:34:29.182485,0.08,-0.68,0.69,-7.02,4.39,-15.20,-8.92,67.86,-15.82,1
o,2022-10-16 22:34:29.200363,0.06,-0.71,0.70,0.79,-1.40,-3.11,-8.92,67.86,-15.82,1
o,2022-10-16 22:34:29.218366,0.01,-0.75,0.73,2.69,-4.21,0.73,-8.92,67.86,-15.82,1
o,2022-10-16 22:34:29.237554,0.04,-0.73,0.73,-1.59,-1.46,3.17,-9.67,67.42,-16.64,1
o,2022-10-16 22:34:29.255405,0.05,-0.67,0.72,-10.68,3.30,1.04,-9.67,67.42,-16.64,1
o,2022-10-16 22:34:29.273406,0.03,-0.66,0.76,-13.79,4.94,-0.92,-9.67,67.42,-16.64,1
o,2022-10-16 22:34:29.292222,0.03,-0.66,0.74,-8.48,5.55,5.25,-10.10,68.14,-18.31,1
o,2022-10-16 22:34:29.310439,0.05,-0.65,0.71,-6.23,4.15,7.57,-10.10,68.14,-18.31,1
o,2022-10-16 22:34:29.328397,0.05,-0.59,0.79,2.44,-0.43,5.31,-10.10,68.14,-18.31,1
o,2022-10-16 22:34:29.347312,0.06,-0.62,0.73,4.70,2.87,6.59,-9.12,68.63,-19.09,1
o,2022-10-16 22:34:29.365362,0.07,-0.63,0.72,1.95,-0.37,8.79,-9.12,68.63,-19.09,1
o,2022-10-16 22:34:29.384594,0.07,-0.61,0.69,1.40,-5.49,9.28,-8.95,69.38,-17.71,1
o,2022-10-16 22:34:29.402568,0.07,-0.58,0.70,1.46,-10.25,7.32,-8.95,69.38,-17.71,1
o,2022-10-16 22:34:29.420428,0.06,-0.57,0.72,2.99,-15.63,6.10,-8.95,69.38,-17.71,1
o,2022-10-16 22:34:29.439313,0.05,-0.55,0.74,-0.06,-15.50,4.46,-9.67,71.04,-16.64,1
o,2022-10-16 22:34:29.457576,0.05,-0.55,0.72,-2.32,-14.04,-0.98,-9.67,71.04,-16.64,1
o,2022-10-16 22:34:29.475465,0.05,-0.54,0.70,0.92,-18.68,-1.71,-9.67,71.04,-16.64,1
o,2022-10-16 22:34:29.494492,0.05,-0.53,0.71,5.86,-25.82,-2.62,-10.13,71.90,-14.06,1
o,2022-10-16 22:34:29.512450,0.04,-0.53,0.80,10.01,-29.60,-4.33,-10.13,71.90,-14.06,1
o,2022-10-16 22:34:29.531415,0.03,-0.52,0.79,3.91,-19.59,-6.65,-11.05,71.39,-13.05,1
o,2022-10-16 22:34:29.549452,0.02,-0.52,0.79,2.56,-17.40,-10.56,-11.05,71.39,-13.05,1
o,2022-10-16 22:34:29.567402,0.02,-0.53,0.77,2.20,-16.60,-14.16,-11.05,71.39,-13.05,1
o,2022-10-16 22:34:29.586353,0.02,-0.54,0.80,4.33,-18.49,-15.81,-12.50,70.67,-9.85,1
o,2022-10-16 22:34:29.604334,0.01,-0.54,0.81,6.23,-17.21,-15.26,-12.50,70.67,-9.85,1
o,2022-10-16 22:34:29.622485,-0.00,-0.57,0.82,9.09,-16.36,-17.09,-12.50,70.67,-9.85,1
o,2022-10-16 22:34:29.641470,-0.00,-0.60,0.81,8.85,-13.31,-18.37,-13.54,68.82,-10.41,1
o,2022-10-16 22:34:29.659717,-0.01,-0.61,0.82,7.57,-11.54,-19.90,-13.54,68.82,-10.41,1
o,2022-10-16 22:34:29.677540,-0.01,-0.61,0.83,4.88,-8.61,-21.91,-13.54,68.82,-10.41,1
o,2022-10-16 22:34:29.696593,-0.01,-0.61,0.84,5.13,-5.55,-21.36,-15.28,66.63,-9.01,1
o,2022-10-16 22:34:29.714546,-0.01,-0.65,0.84,7.32,-4.27,-19.35,-15.28,66.63,-9.01,1
o,2022-10-16 22:34:29.733601,-0.03,-0.67,0.84,11.29,-6.29,-18.01,-15.92,63.57,-9.59,1
o,2022-10-16 22:34:29.751646,-0.03,-0.67,0.83,6.23,-1.34,-16.60,-15.92,63.57,-9.59,1
o,2022-10-16 22:34:29.769477,-0.03,-0.68,0.84,-1.04,8.85,-20.32,-15.92,63.57,-9.59,1
o,2022-10-16 22:34:29.788583,-0.03,-0.73,0.81,-0.85,12.76,-16.66,-16.24,60.68,-10.75,1
o,2022-10-16 22:34:29.806480,-0.03,-0.73,0.78,0.98,13.31,-8.06,-16.24,60.68,-10.75,1
o,2022-10-16 22:34:29.824448,-0.03,-0.72,0.79,2.99,9.40,-5.92,-16.24,60.68,-10.75,1
o,2022-10-16 22:34:29.843459,-0.03,-0.73,0.81,0.00,11.84,-7.45,-15.75,59.41,-12.72,1
o,2022-10-16 22:34:29.861452,-0.02,-0.69,0.81,-7.26,21.06,-7.81,-15.75,59.41,-12.72,1
o,2022-10-16 22:34:29.880539,-0.01,-0.69,0.79,-6.90,22.52,-8.24,-14.83,58.02,-14.67,1
o,2022-10-16 22:34:29.898519,-0.01,-0.70,0.77,-2.87,17.82,-5.49,-14.83,58.02,-14.67,1
o,2022-10-16 22:34:29.916366,-0.01,-0.70,0.77,1.46,12.94,-1.28,-14.83,58.02,-14.67,1
o,2022-10-16 22:34:29.935453,-0.01,-0.70,0.76,3.60,13.73,3.54,-14.58,57.96,-16.55,1
o,2022-10-16 22:34:29.953255,-0.01,-0.71,0.72,2.62,14.47,3.97,-14.58,57.96,-16.55,1
o,2022-10-16 22:34:29.971414,-0.01,-0.72,0.71,-0.24,15.14,4.39,-14.58,57.96,-16.55,1
o,2022-10-16 22:34:29.990334,-0.00,-0.72,0.70,-0.92,13.31,5.68,-12.78,59.45,-18.68,1
o,2022-10-16 22:34:30.008395,-0.00,-0.71,0.69,-0.61,10.44,12.63,-12.78,59.45,-18.68,1
o,2022-10-16 22:34:30.026220,0.00,-0.69,0.67,0.49,7.51,14.16,-12.78,59.45,-18.68,1
o,2022-10-16 22:34:30.045453,0.01,-0.65,0.67,-0.18,5.68,14.95,-11.80,61.23,-18.85,1
o,2022-10-16 22:34:30.063470,0.01,-0.64,0.70,-1.95,3.42,11.90,-11.80,61.23,-18.85,1
o,2022-10-16 22:34:30.082360,0.02,-0.63,0.69,-4.76,4.52,12.76,-9.88,63.24,-18.98,1
o,2022-10-16 22:34:30.100442,0.02,-0.59,0.70,-5.25,1.40,12.82,-9.88,63.24,-18.98,1
o,2022-10-16 22:34:30.118513,0.03,-0.58,0.72,-3.91,-0.49,13.67,-9.88,63.24,-18.98,1
o,2022-10-16 22:34:30.137435,0.03,-0.56,0.74,-3.36,-0.31,14.16,-9.55,65.22,-20.07,1
o,2022-10-16 22:34:30.155504,0.03,-0.56,0.73,-5.98,2.75,10.80,-9.55,65.22,-20.07,1
o,2022-10-16 22:34:30.173447,0.03,-0.55,0.71,-7.32,0.67,7.02,-9.55,65.22,-20.07,1
o,2022-10-16 22:34:30.192413,0.03,-0.52,0.72,-4.52,-4.39,4.58,-9.31,66.77,-18.64,1
o,2022-10-16 22:34:30.210511,0.03,-0.53,0.71,-0.24,-10.07,3.36,-9.31,66.77,-18.64,1
o,2022-10-16 22:34:30.228354,0.03,-0.54,0.72,4.70,-16.54,4.88,-9.31,66.77,-18.64,1
o,2022-10-16 22:34:30.247426,0.02,-0.55,0.72,9.40,-20.75,6.84,-9.48,67.86,-17.66,1
o,2022-10-16 22:34:30.265528,-0.02,-0.52,0.78,6.77,-14.47,10.99,-9.48,67.86,-17.66,1
o,2022-10-16 22:34:30.284448,-0.22,-0.56,0.89,7.63,-7.39,11.29,-9.63,69.75,-16.36,1
o,2022-10-16 22:34:30.302527,-0.19,-0.54,0.88,23.38,7.08,17.58,-9.63,69.75,-16.36,1
o,2022-10-16 22:34:30.320414,-0.04,-0.62,0.78,27.16,19.71,14.71,-9.63,69.75,-16.36,1
o,2022-10-16 22:34:30.339248,-0.02,-0.66,0.75,15.99,16.85,3.05,-8.14,69.95,-14.49,1
