o,2022-10-11 18:57:55.790697,0.69,-0.56,0.42,-94.54,-9.70,-101.20,38.66,29.15,-9.84,1
o,2022-10-11 18:57:55.806319,0.48,-0.57,0.32,-78.74,-29.48,-89.29,38.66,29.15,-9.84,1
o,2022-10-11 18:57:55.828458,0.36,-0.62,0.30,-60.55,-28.38,-60.12,38.66,29.15,-9.84,1
o,2022-10-11 18:57:55.844218,0.17,-1.06,0.18,-29.85,-7.87,1.28,31.31,32.48,-11.05,1
o,2022-10-11 18:57:55.859701,-0.17,-1.44,0.17,-25.33,1.77,58.59,31.31,32.48,-11.05,1
o,2022-10-11 18:57:55.875346,0.47,-0.96,0.33,-43.52,29.91,66.04,31.31,32.48,-11.05,1
o,2022-10-11 18:57:55.906570,0.97,-0.50,0.59,-78.12,63.11,8.30,32.24,34.79,-12.30,1
o,2022-10-11 18:57:55.913088,0.49,-0.64,0.74,-64.51,50.48,-13.85,32.24,34.79,-12.30,1
o,2022-10-11 18:57:55.944344,0.12,-0.96,0.70,-37.72,28.99,-17.09,30.38,36.79,-15.45,1
o,2022-10-11 18:57:55.959966,0.49,-0.57,0.62,0.49,9.95,-15.69,30.38,36.79,-15.45,1
o,2022-10-11 18:57:55.975593,0.76,-0.57,0.52,1.04,9.28,-15.08,30.38,36.79,-15.45,1
o,2022-10-11 18:57:55.991398,0.71,-0.73,0.41,-15.08,16.42,-26.43,29.52,36.60,-15.61,1
o,2022-10-11 18:57:56.013446,0.04,-0.64,0.47,-53.71,14.77,-36.99,29.52,36.60,-15.61,1
o,2022-10-11 18:57:56.044698,0.57,-0.59,0.85,-28.63,9.03,4.39,27.69,37.60,-17.26,1
o,2022-10-11 18:57:56.060318,0.51,-0.80,0.63,-12.88,-15.87,29.30,27.69,37.60,-17.26,1
o,2022-10-11 18:57:56.075952,0.49,-0.61,0.60,-28.08,-28.20,26.12,27.69,37.60,-17.26,1
o,2022-10-11 18:57:56.099395,0.38,-0.70,0.59,-19.35,-40.89,25.15,28.45,39.48,-16.67,1
o,2022-10-11 18:57:56.113405,0.39,-0.64,0.64,-23.68,-55.97,16.17,28.45,39.48,-16.67,1
o,2022-10-11 18:57:56.129173,0.39,-0.64,0.63,-11.05,-69.34,2.44,30.51,40.45,-16.32,1
o,2022-10-11 18:57:56.160285,0.35,-0.53,0.82,-4.39,-65.92,-5.19,30.51,40.45,-16.32,1
o,2022-10-11 18:57:56.175903,0.30,-0.61,0.80,45.53,-78.37,-14.71,30.51,40.45,-16.32,1
o,2022-10-11 18:57:56.198982,0.27,-0.60,0.80,73.49,-83.25,-29.85,31.36,38.61,-14.37,1
o,2022-10-11 18:57:56.213629,0.29,-0.73,0.65,87.77,-82.95,-40.77,31.36,38.61,-14.37,1
o,2022-10-11 18:57:56.229300,0.35,-0.78,0.53,99.49,-71.84,-56.82,31.36,38.61,-14.37,1
o,2022-10-11 18:57:56.245004,0.20,-0.80,0.57,110.11,-45.17,-62.74,31.05,33.87,-7.57,1
o,2022-10-11 18:57:56.276124,0.28,-0.75,0.48,125.18,-31.19,-71.53,31.05,33.87,-7.57,1
o,2022-10-11 18:57:56.291954,0.27,-0.70,0.59,124.27,-12.76,-58.72,29.74,26.03,-3.37,1
o,2022-10-11 18:57:56.313994,0.21,-0.87,0.46,163.82,7.45,-50.54,29.74,26.03,-3.37,1
o,2022-10-11 18:57:56.329641,0.31,-0.76,0.55,152.47,20.08,-35.71,29.74,26.03,-3.37,1
o,2022-10-11 18:57:56.345452,0.22,-0.92,0.33,144.90,22.89,-16.48,29.10,17.99,1.68,1
o,2022-10-11 18:57:56.360867,0.28,-0.90,0.27,108.52,30.21,-1.10,29.10,17.99,1.68,1
o,2022-10-11 18:57:56.378889,0.25,-0.94,0.13,86.61,31.68,8.91,27.58,13.22,3.52,1
o,2022-10-11 18:57:56.410128,0.27,-0.91,0.13,55.24,45.90,21.73,27.58,13.22,3.52,1
o,2022-10-11 18:57:56.433795,0.32,-0.86,0.15,38.21,51.94,29.97,27.58,13.22,3.52,1
o,2022-10-11 18:57:56.436898,0.32,-0.95,0.20,15.20,39.49,29.36,26.68,12.12,1.12,1
o,2022-10-11 18:57:56.468150,0.31,-0.97,0.17,2.81,37.60,29.66,26.68,12.12,1.12,1
o,2022-10-11 18:57:56.483779,0.36,-0.89,0.12,-12.15,38.39,31.25,26.68,12.12,1.12,1
o,2022-10-11 18:57:56.499499,0.42,-0.84,0.16,-45.59,43.95,47.30,26.03,13.61,0.55,1
o,2022-10-11 18:57:56.514568,0.36,-0.95,0.31,-66.96,49.80,63.60,26.03,13.61,0.55,1
o,2022-10-11 18:57:56.545824,0.37,-0.94,0.34,-72.27,37.54,57.62,25.46,18.08,-3.66,1
o,2022-10-11 18:57:56.561450,0.49,-0.86,0.28,-78.12,20.94,46.75,25.46,18.08,-3.66,1
o,2022-10-11 18:57:56.577067,0.45,-0.87,0.28,-94.97,20.87,59.94,25.46,18.08,-3.66,1
o,2022-10-11 18:57:56.592683,0.40,-0.88,0.23,-103.15,26.18,58.96,25.43,24.21,-6.10,1
o,2022-10-11 18:57:56.614821,0.39,-0.81,0.39,-106.75,28.26,46.14,25.43,24.21,-6.10,1
o,2022-10-11 18:57:56.630650,0.29,-0.71,0.46,-137.33,15.44,55.11,25.85,30.87,-11.06,1
o,2022-10-11 18:57:56.646069,0.44,-0.88,0.53,-108.40,6.65,45.96,25.85,30.87,-11.06,1
o,2022-10-11 18:57:56.677313,0.33,-0.90,0.47,-133.12,-6.29,22.64,25.85,30.87,-11.06,1
o,2022-10-11 18:57:56.692940,0.40,-0.72,0.63,-96.31,-14.83,14.22,27.32,36.11,-14.89,1
o,2022-10-11 18:57:56.718436,0.36,-0.64,0.69,-77.64,-3.11,3.97,27.32,36.11,-14.89,1
o,2022-10-11 18:57:56.734060,0.50,-0.51,0.90,-33.26,4.82,-1.53,27.32,36.11,-14.89,1
o,2022-10-11 18:57:56.749792,0.48,-0.72,0.55,10.86,-15.32,0.92,27.14,36.74,-17.10,1
o,2022-10-11 18:57:56.765322,0.47,-0.68,0.47,17.64,-13.55,-2.32,27.14,36.74,-17.10,1
o,2022-10-11 18:57:56.796545,0.47,-0.67,0.46,19.90,-7.20,-2.56,27.43,36.68,-15.89,1
o,2022-10-11 18:57:56.815207,0.47,-0.69,0.52,14.59,0.79,-2.56,27.43,36.68,-15.89,1
o,2022-10-11 18:57:56.830841,0.48,-0.67,0.57,10.93,2.20,-2.20,27.43,36.68,-15.89,1
o,2022-10-11 18:57:56.846463,0.47,-0.67,0.56,9.22,-0.61,0.49,27.22,35.71,-15.20,1
o,2022-10-11 18:57:56.862197,0.48,-0.70,0.58,6.59,-4.27,3.30,27.22,35.71,-15.20,1
o,2022-10-11 18:57:56.893320,0.47,-0.68,0.56,4.52,-5.55,4.70,26.97,35.97,-15.48,1
o,2022-10-11 18:57:56.908981,0.45,-0.79,0.60,13.37,-6.53,2.50,26.97,35.97,-15.48,1
o,2022-10-11 18:57:56.931142,-0.26,-0.22,1.13,68.66,-44.86,55.73,26.97,35.97,-15.48,1
o,2022-10-11 18:57:56.946761,0.13,-0.44,0.85,179.38,-63.66,124.82,30.36,35.21,-12.02,1
