c,2022-11-01 13:48:45.928186,2.346437,8.609989,-3.941057,0.010695,0.029540,-0.056223,37.335384,-5.574098,-90.019012,1
c,2022-11-01 13:48:46.026207,2.394324,8.648298,-3.859650,-0.002354,0.035133,-0.048633,37.335384,-5.574098,-90.019012,1
c,2022-11-01 13:48:46.120870,2.379958,8.715339,-3.955423,0.010429,0.023548,-0.046236,36.442192,-4.675050,-89.155105,1
c,2022-11-01 13:48:46.216918,2.183623,8.586046,-3.888382,-0.002354,0.018355,-0.162485,37.692661,-4.854859,-90.019012,1
c,2022-11-01 13:48:46.312797,2.341649,8.724916,-3.878804,-0.025125,-0.024922,-0.037980,35.906280,-5.214478,-90.710136,1
c,2022-11-01 13:48:46.409827,2.130948,8.624355,-3.945845,-0.002887,0.012895,-0.051296,35.906280,-5.214478,-90.710136,1
c,2022-11-01 13:48:46.504065,2.312917,8.667452,-3.912325,0.018019,0.024613,-0.115479,35.727642,-4.315431,-90.882919,1
c,2022-11-01 13:48:46.600507,2.231510,8.720128,-3.874016,0.004703,0.006237,-0.076863,36.978107,-5.214478,-90.710136,1
c,2022-11-01 13:48:46.679995,2.068696,8.686607,-3.864439,0.017886,0.066559,-0.079925,36.620830,-7.012574,-90.364578,1
c,2022-11-01 13:48:46.776956,2.116582,8.729704,-4.036830,0.029737,0.096387,-0.092043,36.620830,-7.012574,-90.364578,1
c,2022-11-01 13:48:46.872629,2.164469,8.643509,-3.984155,0.006834,0.086133,-0.080458,36.620830,-5.574098,-88.982322,1
c,2022-11-01 13:48:46.968444,2.193201,8.686607,-3.802186,-0.007414,0.070154,-0.143176,36.084918,-3.955811,-90.882919,1
