i,2022-10-30 19:33:09.183145,0.44,0.97,0.65,-18.62,13.73,69.52,10.82,12.63,-157.89,1
i,2022-10-30 19:33:09.201983,0.44,1.00,0.64,-16.54,11.90,48.34,13.12,19.21,-156.23,1
i,2022-10-30 19:33:09.220062,0.42,0.91,0.58,-13.43,11.78,39.79,13.12,19.21,-156.23,1
i,2022-10-30 19:33:09.238234,0.38,0.90,0.56,-15.08,9.46,36.74,13.12,19.21,-156.23,1
i,2022-10-30 19:33:09.256958,0.38,1.01,0.55,-28.81,7.57,26.92,16.74,20.81,-152.34,1
i,2022-10-30 19:33:09.275237,0.31,1.05,0.55,-60.00,4.15,-1.16,16.74,20.81,-152.34,1
i,2022-10-30 19:33:09.294143,0.21,0.97,0.56,-40.04,0.18,-1.16,20.43,18.04,-150.82,1
i,2022-10-30 19:33:09.312272,0.26,0.96,0.55,-0.61,-4.64,10.93,20.43,18.04,-150.82,1
i,2022-10-30 19:33:09.330151,0.27,0.89,0.52,16.05,-6.16,16.72,20.43,18.04,-150.82,1
i,2022-10-30 19:33:09.349026,0.29,0.87,0.43,23.62,-11.35,16.78,23.39,17.10,-151.29,1
i,2022-10-30 19:33:09.367238,0.08,0.78,0.72,-4.46,-23.74,-2.38,23.39,17.10,-151.29,1
i,2022-10-30 19:33:09.385226,0.05,0.78,0.74,-14.53,-11.72,-9.03,23.39,17.10,-151.29,1
i,2022-10-30 19:33:09.404172,0.17,0.77,0.58,-14.59,-3.85,-14.22,24.95,15.27,-151.73,1
i,2022-10-30 19:33:09.422344,0.17,0.73,0.61,-12.02,-6.65,-11.84,24.95,15.27,-151.73,1
i,2022-10-30 19:33:09.440237,0.13,0.74,0.61,3.48,-7.26,-4.58,24.95,15.27,-151.73,1
i,2022-10-30 19:33:09.459140,0.05,0.65,0.78,22.77,-5.80,-9.89,27.06,14.15,-149.82,1
i,2022-10-30 19:33:09.477271,0.15,0.66,0.67,19.78,-5.86,-13.37,27.06,14.15,-149.82,1
i,2022-10-30 19:33:09.495981,0.21,0.44,0.58,9.89,-13.61,-15.20,27.33,14.70,-149.76,1
i,2022-10-30 19:33:09.514168,0.20,0.49,0.73,-30.40,-26.31,-1.95,27.33,14.70,-149.76,1
i,2022-10-30 19:33:09.532340,0.15,0.46,0.52,-28.02,-14.53,-2.44,27.33,14.70,-149.76,1
i,2022-10-30 19:33:09.551049,0.19,0.41,0.51,-24.66,-26.06,7.57,26.15,12.43,-152.27,1
i,2022-10-30 19:33:09.569230,0.21,0.42,0.65,-21.73,-38.64,29.85,26.15,12.43,-152.27,1
i,2022-10-30 19:33:09.587250,0.26,0.72,0.66,-21.73,-38.02,35.28,26.15,12.43,-152.27,1
i,2022-10-30 19:33:09.606041,0.21,0.86,0.66,-35.34,-29.91,20.39,22.17,10.56,-154.06,1
i,2022-10-30 19:33:09.624142,0.23,0.95,0.68,-7.02,-27.28,17.03,22.17,10.56,-154.06,1
i,2022-10-30 19:33:09.642046,0.24,0.90,0.71,15.26,-18.25,16.54,22.17,10.56,-154.06,1
i,2022-10-30 19:33:09.661058,0.25,0.85,0.73,31.68,-13.12,23.07,18.73,11.05,-155.32,1
i,2022-10-30 19:33:09.679158,0.23,0.80,0.75,28.32,-9.83,19.17,18.73,11.05,-155.32,1
i,2022-10-30 19:33:09.698018,0.22,0.82,0.84,27.16,-3.17,9.03,17.64,13.32,-156.62,1
i,2022-10-30 19:33:09.716213,0.15,0.94,0.97,5.19,14.53,-16.11,17.64,13.32,-156.62,1
i,2022-10-30 19:33:09.734048,0.23,0.94,0.89,4.82,36.44,-35.40,17.64,13.32,-156.62,1
i,2022-10-30 19:33:09.752871,0.33,0.93,0.78,9.83,50.48,-51.09,20.72,14.59,-153.38,1
i,2022-10-30 19:33:09.771339,0.38,0.77,0.63,-1.89,60.00,-72.75,20.72,14.59,-153.38,1
i,2022-10-30 19:33:09.789304,0.43,0.62,0.45,-11.35,54.63,-75.38,20.72,14.59,-153.38,1
i,2022-10-30 19:33:09.808143,0.43,0.50,0.44,-33.94,39.37,-72.02,25.67,14.09,-147.58,1
i,2022-10-30 19:33:09.826140,0.48,0.46,0.35,-28.08,21.12,-57.50,25.67,14.09,-147.58,1
i,2022-10-30 19:33:09.845212,0.48,0.36,0.25,-34.36,-12.70,-33.81,27.84,11.45,-144.89,1
i,2022-10-30 19:33:09.863231,0.25,0.49,0.63,-38.39,-27.40,-16.60,27.84,11.45,-144.89,1
i,2022-10-30 19:33:09.881244,-0.65,0.51,1.69,-41.38,-20.39,-9.09,27.84,11.45,-144.89,1
i,2022-10-30 19:33:09.899941,0.26,0.71,0.38,-7.87,15.50,1.16,28.21,9.27,-143.85,1
i,2022-10-30 19:33:09.918232,0.27,0.46,0.57,-17.58,2.38,-0.61,28.21,9.27,-143.85,1
i,2022-10-30 19:33:09.936239,0.16,0.49,0.48,-8.30,-3.23,13.73,28.21,9.27,-143.85,1
i,2022-10-30 19:33:09.954927,0.10,0.51,0.39,39.18,-16.05,39.00,27.29,8.59,-144.27,1
i,2022-10-30 19:33:09.972997,0.12,0.71,0.46,28.63,-33.02,46.20,27.29,8.59,-144.27,1
i,2022-10-30 19:33:09.991153,0.14,0.88,0.53,-1.83,-38.76,33.08,27.29,8.59,-144.27,1
i,2022-10-30 19:33:10.009998,0.36,1.09,0.75,14.04,-29.66,13.24,24.98,9.51,-146.53,1
i,2022-10-30 19:33:10.028151,0.33,1.01,0.77,27.65,-18.31,-1.28,24.98,9.51,-146.53,1
i,2022-10-30 19:33:10.047037,0.40,0.93,0.78,54.99,-7.81,-13.79,24.88,10.73,-150.00,1
i,2022-10-30 19:33:10.064959,0.43,0.64,0.75,64.45,2.26,-27.83,24.88,10.73,-150.00,1
i,2022-10-30 19:33:10.083141,0.49,0.48,0.80,24.35,15.75,-28.93,24.88,10.73,-150.00,1
i,2022-10-30 19:33:10.101903,0.57,0.56,0.88,8.30,18.31,-27.59,25.68,14.10,-149.29,1
i,2022-10-30 19:33:10.120066,0.44,0.48,0.77,-53.47,32.78,-48.46,25.68,14.10,-149.29,1
i,2022-10-30 19:33:10.138148,0.41,0.45,0.67,-62.50,29.36,-38.45,25.68,14.10,-149.29,1
i,2022-10-30 19:33:10.157041,0.33,0.52,0.59,-58.41,25.02,-14.10,27.99,11.65,-145.41,1
i,2022-10-30 19:33:10.174971,0.15,0.69,0.58,-44.25,12.02,8.85,27.99,11.65,-145.41,1
i,2022-10-30 19:33:10.193975,0.24,0.63,0.49,-22.16,2.38,23.25,26.83,9.06,-144.12,1
i,2022-10-30 19:33:10.212164,0.16,0.64,0.47,-18.80,-5.55,35.22,26.83,9.06,-144.12,1
i,2022-10-30 19:33:10.229950,0.01,0.57,0.58,12.39,-11.66,55.48,26.83,9.06,-144.12,1
i,2022-10-30 19:33:10.248986,-0.18,0.68,0.84,52.31,9.34,70.07,25.49,9.38,-145.26,1
i,2022-10-30 19:33:10.266985,-0.06,0.92,0.48,63.78,33.94,58.90,25.49,9.38,-145.26,1
i,2022-10-30 19:33:10.284823,0.14,0.90,0.49,79.16,20.69,31.31,25.49,9.38,-145.26,1
i,2022-10-30 19:33:10.303776,0.17,0.70,0.49,44.92,12.70,4.15,24.51,15.27,-146.68,1
i,2022-10-30 19:33:10.322006,0.21,0.68,0.50,-2.44,8.42,-0.18,24.51,15.27,-146.68,1
i,2022-10-30 19:33:10.340150,0.25,0.95,0.48,-10.07,6.84,-3.23,24.51,15.27,-146.68,1
