X,2022-10-30 19:18:25.309374,-0.21,-0.11,0.79,20.51,10.99,11.47,11.82,51.03,-23.01,1
X,2022-10-30 19:18:25.328455,-0.19,-0.04,0.75,3.11,-3.97,10.62,10.35,51.50,-22.41,1
X,2022-10-30 19:18:25.346352,-0.11,0.13,0.69,-2.93,-23.74,9.28,10.35,51.50,-22.41,1
X,2022-10-30 19:18:25.366712,-0.59,-0.24,0.80,-4.27,-34.79,6.77,10.35,51.50,-22.41,1
X,2022-10-30 19:18:25.384394,-0.23,0.67,0.84,-9.22,-15.08,-1.46,9.33,52.00,-21.97,1
X,2022-10-30 19:18:25.402180,-0.10,0.06,0.88,27.89,-55.36,-8.18,9.33,52.00,-21.97,1
X,2022-10-30 19:18:25.420706,-0.11,0.14,0.96,21.36,-97.72,-47.24,9.33,52.00,-21.97,1
X,2022-10-30 19:18:25.439619,-0.15,0.11,0.84,19.59,-139.28,-65.49,7.31,53.06,-21.72,1
X,2022-10-30 19:18:25.459791,-0.42,0.03,0.75,31.68,-148.38,-69.34,7.31,53.06,-21.72,1
X,2022-10-30 19:18:25.476697,-0.70,-0.12,0.70,38.94,-79.04,-48.40,2.80,53.52,-18.71,1
X,2022-10-30 19:18:25.494678,-0.80,-0.26,1.12,24.05,-34.18,-31.01,2.80,53.52,-18.71,1
X,2022-10-30 19:18:25.512702,-0.97,-0.23,1.20,7.69,-1.89,-23.07,2.80,53.52,-18.71,1
X,2022-10-30 19:18:25.531641,-0.89,-0.09,1.18,-7.08,38.21,0.00,2.05,53.70,-18.99,1
X,2022-10-30 19:18:25.551310,-0.66,0.01,1.15,-12.63,83.62,27.34,2.05,53.70,-18.99,1
X,2022-10-30 19:18:25.572289,-0.29,0.08,1.18,-5.86,113.59,39.43,2.05,53.70,-18.99,1
X,2022-10-30 19:18:25.590462,-0.19,0.01,1.08,7.81,103.15,36.93,4.65,52.84,-20.24,1
X,2022-10-30 19:18:25.609100,-0.10,-0.03,0.93,6.47,89.54,25.88,4.65,52.84,-20.24,1
X,2022-10-30 19:18:25.628605,-0.06,-0.02,0.87,2.62,70.68,18.07,5.65,52.17,-22.01,1
X,2022-10-30 19:18:25.645463,-0.08,0.05,0.84,10.38,49.13,22.46,5.65,52.17,-22.01,1
X,2022-10-30 19:18:25.663610,-0.11,-0.01,0.71,8.79,24.23,24.35,5.65,52.17,-22.01,1
X,2022-10-30 19:18:25.682788,-0.13,-0.05,0.69,18.98,0.00,17.52,5.42,52.42,-20.14,1
X,2022-10-30 19:18:25.700839,-0.76,-0.55,0.27,29.36,-21.00,-26.06,5.42,52.42,-20.14,1
X,2022-10-30 19:18:25.719470,-0.33,0.67,1.06,-19.23,-17.46,-9.46,5.42,52.42,-20.14,1
X,2022-10-30 19:18:25.741496,-0.28,-0.10,0.66,39.12,-59.51,42.11,5.48,52.84,-20.02,1
X,2022-10-30 19:18:25.756728,-0.25,-0.16,0.84,26.06,-80.99,50.05,5.48,52.84,-20.02,1
X,2022-10-30 19:18:25.774291,-0.29,-0.32,0.71,11.05,-98.82,48.46,5.48,52.84,-20.02,1
X,2022-10-30 19:18:25.793686,-0.39,-0.18,0.71,-18.01,-93.87,25.70,7.78,53.15,-18.37,1
X,2022-10-30 19:18:25.812941,-0.51,0.21,0.82,-26.61,-56.27,21.73,7.78,53.15,-18.37,1
X,2022-10-30 19:18:25.830832,-0.71,0.16,1.02,-8.06,-18.07,25.82,11.29,53.54,-19.73,1
X,2022-10-30 19:18:25.848840,-0.74,-0.03,1.14,-21.30,17.82,16.97,11.29,53.54,-19.73,1
X,2022-10-30 19:18:25.866775,-0.49,0.31,1.29,-47.97,45.29,-10.38,11.29,53.54,-19.73,1
X,2022-10-30 19:18:25.885771,-0.32,0.55,1.27,-37.11,47.36,-23.32,12.81,53.71,-22.17,1
X,2022-10-30 19:18:25.903267,-0.27,0.37,1.15,9.77,39.55,-17.27,12.81,53.71,-22.17,1
X,2022-10-30 19:18:25.924292,-0.21,0.20,1.09,24.60,33.63,-17.64,12.81,53.71,-22.17,1
X,2022-10-30 19:18:25.940648,-0.20,0.09,1.03,27.28,28.50,-24.84,10.38,52.62,-23.82,1
X,2022-10-30 19:18:25.957866,-0.17,0.01,0.98,24.96,25.76,-26.79,10.38,52.62,-23.82,1
X,2022-10-30 19:18:25.976453,-0.28,-0.03,0.97,17.33,22.89,-28.20,10.38,52.62,-23.82,1
X,2022-10-30 19:18:25.995668,-0.26,-0.02,0.89,2.14,27.34,-29.42,6.87,51.56,-21.75,1
X,2022-10-30 19:18:26.014298,-0.22,0.09,0.89,2.81,28.56,-27.59,6.87,51.56,-21.75,1
