i,2022-10-30 12:26:58.466074,0.86,-0.25,0.56,-19.10,-21.91,-49.93,64.98,40.36,-191.25,1
i,2022-10-30 12:26:58.486394,0.80,-0.38,0.55,33.26,-43.76,-18.13,65.01,43.13,-195.57,1
i,2022-10-30 12:26:58.506698,0.82,-0.46,0.51,77.88,-73.79,24.29,65.01,43.13,-195.57,1
i,2022-10-30 12:26:58.527107,0.78,-0.32,0.60,49.62,-67.63,15.87,65.01,43.13,-195.57,1
i,2022-10-30 12:26:58.548042,0.68,-0.31,0.60,4.39,-43.33,-15.81,65.97,45.47,-195.03,1
i,2022-10-30 12:26:58.558516,0.69,-0.34,0.73,-32.23,-14.16,-42.91,65.97,45.47,-195.03,1
i,2022-10-30 12:26:58.588893,0.55,-0.39,0.73,-17.27,-4.39,-34.06,67.24,45.29,-199.21,1
i,2022-10-30 12:26:58.600438,0.68,-0.39,0.63,17.15,-7.51,2.93,67.24,45.29,-199.21,1
i,2022-10-30 12:26:58.619142,0.83,-0.25,0.58,29.60,-10.44,8.54,67.24,45.29,-199.21,1
i,2022-10-30 12:26:58.641247,0.81,-0.35,0.67,8.91,-7.20,-3.72,69.24,45.47,-197.84,1
i,2022-10-30 12:26:58.664190,0.31,-0.39,0.94,-51.57,-7.51,-25.70,69.24,45.47,-197.84,1
i,2022-10-30 12:26:58.690141,0.51,-0.25,0.74,-23.07,0.37,-24.48,71.18,42.10,-198.73,1
i,2022-10-30 12:26:58.700266,0.84,-0.16,0.41,-37.90,-8.12,-42.42,71.18,42.10,-198.73,1
i,2022-10-30 12:26:58.720654,0.23,-0.30,0.87,-41.14,-21.79,-30.15,71.18,42.10,-198.73,1
i,2022-10-30 12:26:58.743376,0.61,-0.34,0.61,2.38,-7.63,13.98,71.68,40.59,-199.58,1
i,2022-10-30 12:26:58.770511,0.47,-0.20,0.63,-19.90,2.01,14.22,71.68,40.59,-199.58,1
i,2022-10-30 12:26:58.782258,0.32,-0.12,0.64,23.74,-33.81,-6.41,72.00,40.49,-201.62,1
i,2022-10-30 12:26:58.802819,0.31,-0.27,0.55,85.02,-81.42,-22.52,72.00,40.49,-201.62,1
i,2022-10-30 12:26:58.824565,0.60,-0.35,0.84,55.18,-91.43,-35.77,72.00,40.49,-201.62,1
i,2022-10-30 12:26:58.843904,0.74,-0.42,0.83,27.71,-53.10,-30.33,64.90,51.17,-204.08,1
i,2022-10-30 12:26:58.865785,0.67,-0.48,0.78,0.61,-16.24,-21.85,64.90,51.17,-204.08,1
i,2022-10-30 12:26:58.884559,0.76,-0.48,0.87,-13.55,5.49,-17.15,60.64,56.13,-206.97,1
i,2022-10-30 12:26:58.905512,0.65,-0.38,0.93,-31.07,5.19,-13.55,60.64,56.13,-206.97,1
i,2022-10-30 12:26:58.925516,0.62,-0.28,0.95,-10.01,-6.35,-10.25,60.64,56.13,-206.97,1
i,2022-10-30 12:26:58.945941,0.57,-0.32,1.00,82.46,-32.35,-2.75,58.76,56.41,-207.17,1
i,2022-10-30 12:26:58.966434,0.55,-0.59,1.10,136.05,45.41,104.80,58.76,56.41,-207.17,1
i,2022-10-30 12:26:58.978587,0.77,-0.31,0.93,150.94,105.35,118.47,65.71,54.11,-196.97,1
i,2022-10-30 12:26:59.000224,0.86,-0.23,0.46,105.83,122.50,82.76,65.71,54.11,-196.97,1
i,2022-10-30 12:26:59.019769,0.81,-0.23,0.18,14.77,102.17,61.77,65.71,54.11,-196.97,1
i,2022-10-30 12:26:59.040545,0.63,-0.27,0.31,-104.00,37.23,-0.92,73.34,44.70,-188.81,1
i,2022-10-30 12:26:59.058258,0.36,-0.31,0.35,-91.86,9.83,-27.28,73.34,44.70,-188.81,1
i,2022-10-30 12:26:59.079793,0.38,-0.41,0.49,-77.70,-8.12,-39.79,74.04,36.85,-189.60,1
i,2022-10-30 12:26:59.099099,0.56,-0.37,0.50,-67.44,-21.73,-25.63,74.04,36.85,-189.60,1
i,2022-10-30 12:26:59.119313,0.45,-0.39,0.75,-84.53,-13.61,-13.18,74.04,36.85,-189.60,1
i,2022-10-30 12:26:59.141691,0.61,-0.22,0.65,-42.18,8.12,4.88,73.74,32.90,-192.70,1
i,2022-10-30 12:26:59.160446,0.54,-0.27,0.56,-22.46,7.81,7.81,73.74,32.90,-192.70,1
i,2022-10-30 12:26:59.180736,0.57,-0.28,0.62,26.61,-32.04,26.18,74.21,32.54,-194.03,1
i,2022-10-30 12:26:59.201143,0.68,-0.12,0.82,3.11,-22.77,14.28,74.21,32.54,-194.03,1
i,2022-10-30 12:26:59.223328,0.70,-0.21,0.85,11.72,-10.99,6.65,74.21,32.54,-194.03,1
i,2022-10-30 12:26:59.243593,0.84,-0.17,0.93,-8.61,21.73,-24.84,75.56,33.00,-195.34,1
i,2022-10-30 12:26:59.254219,0.81,-0.46,0.57,-9.77,39.79,-24.17,75.56,33.00,-195.34,1
i,2022-10-30 12:26:59.274434,0.62,-0.63,0.37,9.09,11.23,-8.36,75.61,31.69,-192.19,1
i,2022-10-30 12:26:59.294141,0.60,-0.45,0.43,-16.11,9.77,-6.23,75.61,31.69,-192.19,1
i,2022-10-30 12:26:59.314718,0.58,-0.24,0.61,-31.25,9.09,0.55,75.61,31.69,-192.19,1
i,2022-10-30 12:26:59.338114,0.54,0.01,0.76,-11.96,-6.10,8.85,74.82,29.39,-191.91,1
i,2022-10-30 12:26:59.355232,0.45,-0.08,0.66,8.06,-2.01,9.22,74.82,29.39,-191.91,1
i,2022-10-30 12:26:59.377253,0.50,-0.11,0.71,22.16,-22.40,12.63,74.82,29.39,-191.91,1
i,2022-10-30 12:26:59.395623,0.42,-0.31,0.91,13.85,-15.81,8.73,75.06,29.85,-192.14,1
i,2022-10-30 12:26:59.416413,0.50,-0.31,0.87,52.31,25.63,59.69,75.06,29.85,-192.14,1
i,2022-10-30 12:26:59.436888,0.65,-0.18,0.66,67.20,34.00,71.78,77.50,33.92,-191.54,1
i,2022-10-30 12:26:59.447005,0.73,-0.22,0.62,101.32,18.98,72.81,77.50,33.92,-191.54,1
i,2022-10-30 12:26:59.471224,0.74,-0.31,0.56,94.30,14.83,72.57,77.50,33.92,-191.54,1
i,2022-10-30 12:26:59.489540,0.78,-0.26,0.53,90.21,9.46,71.84,78.08,38.10,-189.36,1
i,2022-10-30 12:26:59.508198,0.84,-0.22,0.52,78.00,-1.16,55.54,78.08,38.10,-189.36,1
i,2022-10-30 12:26:59.529037,0.81,-0.19,0.57,58.35,-4.27,35.64,78.80,41.47,-187.96,1
i,2022-10-30 12:26:59.550218,0.74,-0.23,0.58,39.61,-6.65,9.22,78.80,41.47,-187.96,1
i,2022-10-30 12:26:59.569787,0.63,-0.26,0.67,-6.96,-1.95,-25.94,78.80,41.47,-187.96,1
i,2022-10-30 12:26:59.590467,0.64,-0.23,0.67,-34.00,6.90,-41.50,77.56,44.96,-190.05,1
i,2022-10-30 12:26:59.611702,0.67,-0.13,0.68,-61.28,13.00,-73.85,77.56,44.96,-190.05,1
i,2022-10-30 12:26:59.631457,0.72,-0.13,0.64,-69.64,22.03,-80.75,74.52,48.07,-194.73,1
i,2022-10-30 12:26:59.653485,0.76,-0.15,0.57,-76.84,22.46,-87.95,74.52,48.07,-194.73,1
