d,2022-10-30 18:53:01.715791,0.25,-0.67,0.79,-3.66,18.55,3.23,-7.09,24.77,-19.79,1
d,2022-10-30 18:53:01.734387,0.24,-0.59,0.75,-8.00,19.90,6.84,-7.09,24.77,-19.79,1
d,2022-10-30 18:53:01.753393,0.24,-0.55,0.74,-11.84,20.08,9.22,-7.09,24.77,-19.79,1
d,2022-10-30 18:53:01.771752,0.21,-0.50,0.72,-9.52,17.82,13.24,-8.19,26.60,-20.92,1
d,2022-10-30 18:53:01.790573,0.20,-0.50,0.69,-5.13,8.42,18.25,-8.19,26.60,-20.92,1
d,2022-10-30 18:53:01.808411,0.19,-0.50,0.60,-8.54,2.32,14.47,-8.19,26.60,-20.92,1
d,2022-10-30 18:53:01.826785,0.13,-0.48,0.58,-19.17,-6.65,9.64,-9.34,27.12,-19.68,1
d,2022-10-30 18:53:01.846572,-0.62,-0.14,0.99,-18.55,-9.64,7.45,-9.34,27.12,-19.68,1
d,2022-10-30 18:53:01.862786,0.16,-0.11,0.68,39.43,13.55,12.27,-9.34,27.12,-19.68,1
d,2022-10-30 18:53:01.882360,-0.04,-0.72,0.76,38.64,24.11,30.15,-9.23,27.78,-17.10,1
d,2022-10-30 18:53:01.899364,0.01,-0.48,0.65,3.97,-34.79,-17.15,-9.23,27.78,-17.10,1
d,2022-10-30 18:53:01.918690,0.08,-0.51,0.66,21.97,-44.01,-17.52,-8.96,26.75,-18.64,1
d,2022-10-30 18:53:01.938744,0.15,-0.41,0.59,0.85,-46.57,-26.31,-8.96,26.75,-18.64,1
d,2022-10-30 18:53:01.955458,0.14,-0.37,0.69,-3.11,-46.75,-31.07,-8.96,26.75,-18.64,1
d,2022-10-30 18:53:01.975088,0.19,-0.32,0.76,6.35,-34.61,-17.82,-7.39,25.95,-16.75,1
d,2022-10-30 18:53:01.993144,0.22,-0.49,0.93,25.94,-27.04,-9.89,-7.39,25.95,-16.75,1
d,2022-10-30 18:53:02.010882,0.27,-0.58,1.02,30.88,-17.88,-6.90,-7.39,25.95,-16.75,1
d,2022-10-30 18:53:02.031075,0.31,-0.71,1.04,32.29,-10.13,-5.31,-5.02,25.73,-14.49,1
d,2022-10-30 18:53:02.048435,0.31,-0.83,1.08,19.84,-0.18,-2.38,-5.02,25.73,-14.49,1
d,2022-10-30 18:53:02.066559,0.32,-0.79,1.09,2.26,8.54,15.87,-5.02,25.73,-14.49,1
d,2022-10-30 18:53:02.084366,0.21,-1.00,0.79,-7.57,-3.60,-1.28,-4.58,25.89,-12.34,1
d,2022-10-30 18:53:02.102435,0.29,-0.69,1.00,-26.79,30.58,13.31,-4.58,25.89,-12.34,1
d,2022-10-30 18:53:02.122674,0.24,-0.62,0.97,-30.64,35.28,22.95,-5.57,26.00,-14.21,1
d,2022-10-30 18:53:02.139358,0.20,-0.63,0.91,-24.35,33.02,25.70,-5.57,26.00,-14.21,1
d,2022-10-30 18:53:02.157600,0.20,-0.58,0.79,-25.70,15.69,32.35,-5.57,26.00,-14.21,1
d,2022-10-30 18:53:02.176616,0.14,-0.56,0.76,-28.02,22.83,37.41,-6.04,26.28,-15.60,1
d,2022-10-30 18:53:02.194689,0.11,-0.49,0.69,-24.23,10.99,41.32,-6.04,26.28,-15.60,1
d,2022-10-30 18:53:02.212453,0.07,-0.46,0.67,-21.30,0.43,40.47,-6.04,26.28,-15.60,1
d,2022-10-30 18:53:02.233813,0.04,-0.39,0.68,-24.72,-9.09,33.45,-6.88,26.81,-16.75,1
d,2022-10-30 18:53:02.250605,0.07,-0.32,0.68,-14.40,-19.23,19.59,-6.88,26.81,-16.75,1
d,2022-10-30 18:53:02.267556,0.03,-0.29,0.78,0.61,-35.77,11.05,-6.88,26.81,-16.75,1
d,2022-10-30 18:53:02.286653,0.08,-0.29,0.77,23.07,-50.84,0.12,-6.25,25.99,-16.27,1
d,2022-10-30 18:53:02.305054,0.12,-0.30,0.78,25.15,-54.57,-16.42,-6.25,25.99,-16.27,1
d,2022-10-30 18:53:02.324495,0.17,-0.23,0.85,11.60,-45.47,-30.03,-4.88,24.87,-15.11,1
d,2022-10-30 18:53:02.342257,0.19,-0.19,0.94,4.58,-30.46,-32.96,-4.88,24.87,-15.11,1
d,2022-10-30 18:53:02.361109,0.20,-0.27,1.01,21.79,-9.28,-30.76,-4.88,24.87,-15.11,1
d,2022-10-30 18:53:02.379630,0.23,-0.36,1.00,29.72,5.74,-29.60,-5.27,24.39,-15.73,1
d,2022-10-30 18:53:02.397780,0.22,-0.48,1.01,36.50,19.17,-26.79,-5.27,24.39,-15.73,1
d,2022-10-30 18:53:02.417691,0.23,-0.65,0.97,28.56,32.17,-25.45,-5.27,24.39,-15.73,1
d,2022-10-30 18:53:02.435294,0.19,-0.74,0.95,1.28,38.70,-19.71,-5.14,25.37,-14.45,1
d,2022-10-30 18:53:02.453948,0.10,-0.77,0.89,-13.12,23.38,-5.07,-5.14,25.37,-14.45,1
d,2022-10-30 18:53:02.472480,-0.02,-0.74,0.86,-11.66,9.46,10.38,-5.14,25.37,-14.45,1
d,2022-10-30 18:53:02.490672,-0.10,-0.68,0.88,5.98,11.41,25.76,-6.14,26.32,-14.36,1
d,2022-10-30 18:53:02.509889,-0.02,-0.70,0.83,18.74,14.83,31.13,-6.14,26.32,-14.36,1
d,2022-10-30 18:53:02.528348,0.05,-0.67,0.78,15.01,19.84,18.92,-6.48,26.55,-15.54,1
d,2022-10-30 18:53:02.546352,0.12,-0.58,0.72,12.08,16.36,11.84,-6.48,26.55,-15.54,1
d,2022-10-30 18:53:02.564077,0.14,-0.59,0.70,1.10,13.98,5.98,-6.48,26.55,-15.54,1
d,2022-10-30 18:53:02.582354,0.15,-0.50,0.70,-6.71,12.63,2.38,-5.86,26.40,-17.03,1
d,2022-10-30 18:53:02.601325,0.13,-0.52,0.71,-1.89,6.41,3.11,-5.86,26.40,-17.03,1
d,2022-10-30 18:53:02.619303,0.14,-0.53,0.70,12.02,-1.95,5.92,-5.86,26.40,-17.03,1
d,2022-10-30 18:53:02.637698,0.15,-0.62,0.67,18.98,-8.42,9.52,-5.31,25.96,-18.77,1
d,2022-10-30 18:53:02.655777,0.14,-0.64,0.66,23.19,-14.65,14.77,-5.31,25.96,-18.77,1
d,2022-10-30 18:53:02.675360,0.13,-0.70,0.64,26.49,-19.65,21.42,-4.61,24.43,-20.34,1
