q,2022-10-16 15:43:31.056912,6.641854,10.875019,-1.312089,-0.108673,0.369389,0.094131,78.190818,12.204796,-36.644256,1
q,2022-10-16 15:43:31.152697,0.301685,11.416136,0.483653,0.014233,-0.210390,-0.880335,70.635299,46.696613,23.179622,1
q,2022-10-16 15:43:31.232759,0.699142,9.797573,-0.474076,0.089203,-0.070705,0.241406,48.671588,60.670219,39.030395,1
q,2022-10-16 15:43:31.329976,0.493231,9.304343,-0.861956,0.220632,-0.636902,0.139272,48.671588,60.670219,39.030395,1
q,2022-10-16 15:43:31.424922,-0.991250,10.027428,-1.441383,-0.103746,-0.465791,-0.117061,43.576007,65.799774,44.313987,1
q,2022-10-16 15:43:31.521064,-1.939402,9.151105,-1.307301,0.431557,0.085358,0.091201,59.917011,68.806747,54.028976,1
q,2022-10-16 15:43:31.620905,-0.924209,7.795918,-0.761395,-0.567277,0.299213,0.111708,48.495880,73.582542,51.472400,1
q,2022-10-16 15:43:31.713367,0.354360,11.349095,-0.071830,-0.897380,-0.202134,0.022624,48.495880,73.582542,51.472400,1
q,2022-10-16 15:43:31.809528,-1.805320,11.018678,-0.747029,0.663655,-0.375775,0.105982,39.358974,61.908386,66.811859,1
q,2022-10-16 15:43:31.905275,-0.866745,8.035351,-0.416612,0.158180,0.007460,-0.053943,70.986724,64.384719,58.289936,1
q,2022-10-16 15:43:32.004110,-0.387880,7.767186,-0.277742,-0.216133,-0.206529,0.168834,66.066848,65.092247,53.858535,1
q,2022-10-16 15:43:32.096764,-1.201951,10.075315,-0.110139,-0.707894,-0.340621,-0.157675,80.826469,61.908386,64.084838,1
q,2022-10-16 15:43:32.192536,-0.392669,12.709071,0.249010,-0.024250,-0.028893,-0.054076,80.826469,61.908386,64.084838,1
q,2022-10-16 15:43:32.287296,-1.019982,8.705761,-0.550694,0.923051,-0.167646,0.069496,85.570625,65.269126,68.004928,1
q,2022-10-16 15:43:32.386916,-1.403074,8.978714,-0.110139,-0.258212,-0.102397,0.008642,101.033081,54.302497,40.393901,1
q,2022-10-16 15:43:32.478330,0.201123,12.929348,2.547560,-0.288573,0.454744,-0.344632,98.573150,51.826164,39.712150,1
