r,2022-10-16 17:34:36.605071,0.42,0.66,0.68,28.87,15.44,55.05,-58.00,32.92,7.54,1
r,2022-10-16 17:34:36.620698,0.45,0.53,0.67,46.75,6.47,51.51,-58.00,32.92,7.54,1
r,2022-10-16 17:34:36.620698,0.49,0.39,0.67,46.75,6.47,51.51,-58.00,32.92,7.54,1
r,2022-10-16 17:34:36.636323,0.51,0.32,0.61,25.15,-3.05,36.99,-58.00,32.92,7.54,1
r,2022-10-16 17:34:36.651954,0.51,0.38,0.53,-6.10,-14.16,16.91,-58.00,32.92,7.54,1
r,2022-10-16 17:34:36.651954,0.50,0.54,0.45,-37.78,-23.38,-17.82,-58.00,32.92,7.54,1
r,2022-10-16 17:34:36.669085,0.51,0.70,0.43,-37.78,-23.38,-17.82,-58.13,32.40,8.37,1
r,2022-10-16 17:34:36.669085,0.53,0.77,0.52,-63.78,-31.19,-18.98,-58.13,32.40,8.37,1
r,2022-10-16 17:34:36.684934,-0.60,1.36,0.37,10.38,-0.85,6.41,-58.13,32.40,8.37,1
r,2022-10-16 17:34:36.690696,0.38,1.23,0.58,103.76,8.67,25.21,-58.13,32.40,8.37,1
r,2022-10-16 17:34:36.699706,0.45,0.67,0.68,83.80,4.46,29.72,-58.13,32.40,8.37,1
r,2022-10-16 17:34:36.699706,0.46,0.31,0.66,72.08,-0.92,20.45,-58.13,32.40,8.37,1
r,2022-10-16 17:34:36.715366,0.46,0.31,0.66,72.08,-0.92,20.45,-58.73,33.65,7.91,1
r,2022-10-16 17:34:36.715366,0.46,0.30,0.52,-6.59,-5.07,-3.23,-58.73,33.65,7.91,1
r,2022-10-16 17:34:36.731179,0.43,0.51,0.45,-6.59,-5.07,-3.23,-58.73,33.65,7.91,1
r,2022-10-16 17:34:36.731179,0.39,0.56,0.56,-50.66,-5.62,-6.29,-58.73,33.65,7.91,1
r,2022-10-16 17:34:36.746611,0.04,0.61,0.66,-50.66,-5.62,-6.29,-58.73,33.65,7.91,1
r,2022-10-16 17:34:36.746611,0.30,0.72,0.59,-65.25,-21.48,8.30,-58.73,33.65,7.91,1
r,2022-10-16 17:34:36.769248,0.32,0.75,0.50,-65.25,-21.48,8.30,-58.44,32.90,8.69,1
r,2022-10-16 17:34:36.778258,0.32,0.70,0.49,-61.65,-42.97,16.36,-58.44,32.90,8.69,1
r,2022-10-16 17:34:36.778258,0.35,0.69,0.55,-61.65,-42.97,16.36,-58.44,32.90,8.69,1
r,2022-10-16 17:34:36.793912,0.26,0.70,0.64,-66.10,-50.05,19.41,-58.44,32.90,8.69,1
r,2022-10-16 17:34:36.793912,0.24,0.77,0.60,-76.90,-61.46,35.89,-58.44,32.90,8.69,1
r,2022-10-16 17:34:36.809519,0.24,0.99,0.67,-76.90,-61.46,35.89,-58.44,32.90,8.69,1
r,2022-10-16 17:34:36.809519,0.19,1.27,0.51,-69.64,-75.38,60.12,-60.24,33.61,12.72,1
r,2022-10-16 17:34:36.825147,0.32,1.16,0.42,-17.46,-70.25,130.68,-60.24,33.61,12.72,1
r,2022-10-16 17:34:36.825147,0.53,0.97,0.50,-17.46,-70.25,130.68,-60.24,33.61,12.72,1
r,2022-10-16 17:34:36.840792,0.61,0.63,0.52,6.77,-64.70,143.92,-60.24,33.61,12.72,1
r,2022-10-16 17:34:36.840792,0.61,0.37,0.45,13.73,-55.66,128.85,-60.24,33.61,12.72,1
r,2022-10-16 17:34:36.856398,0.56,0.26,0.45,6.84,-46.63,98.33,-60.24,33.61,12.72,1
r,2022-10-16 17:34:36.869416,0.50,0.30,0.47,-21.24,-36.99,63.72,-61.49,37.73,14.67,1
r,2022-10-16 17:34:36.872447,0.47,0.45,0.46,-72.20,-18.13,-0.49,-61.49,37.73,14.67,1
r,2022-10-16 17:34:36.872447,0.43,0.72,0.48,-72.20,-18.13,-0.49,-61.49,37.73,14.67,1
r,2022-10-16 17:34:36.888099,0.42,0.96,0.53,-83.13,-10.19,-19.96,-61.49,37.73,14.67,1
r,2022-10-16 17:34:36.888099,0.37,1.12,0.57,-83.13,-10.19,-19.96,-61.49,37.73,14.67,1
r,2022-10-16 17:34:36.903725,0.31,1.17,0.65,-45.72,-1.77,-16.24,-61.49,37.73,14.67,1
r,2022-10-16 17:34:36.919333,0.30,1.14,0.62,-13.12,-4.70,-7.02,-61.54,36.96,16.17,1
r,2022-10-16 17:34:36.919333,0.29,1.11,0.55,57.62,-10.50,9.16,-61.54,36.96,16.17,1
r,2022-10-16 17:34:36.934959,0.28,1.11,0.55,105.35,-10.86,15.99,-61.54,36.96,16.17,1
r,2022-10-16 17:34:36.934959,0.38,1.04,0.47,164.61,5.19,3.66,-61.54,36.96,16.17,1
r,2022-10-16 17:34:36.950604,0.97,0.24,-0.46,162.11,70.86,-57.50,-61.54,36.96,16.17,1
r,2022-10-16 17:34:36.950604,0.44,0.48,-0.18,142.52,114.44,-89.78,-61.54,36.96,16.17,1
r,2022-10-16 17:34:36.969734,0.47,0.68,0.23,115.30,133.79,-96.25,-60.19,36.66,11.06,1
r,2022-10-16 17:34:36.969734,0.46,0.63,0.53,88.56,135.25,-97.66,-60.19,36.66,11.06,1
r,2022-10-16 17:34:36.982263,0.46,0.63,0.53,50.96,129.64,-104.74,-60.19,36.66,11.06,1
r,2022-10-16 17:34:36.982263,0.29,0.59,0.75,14.22,109.99,-113.95,-60.19,36.66,11.06,1
r,2022-10-16 17:34:36.997922,0.14,0.63,0.93,6.53,77.21,-116.21,-60.19,36.66,11.06,1
r,2022-10-16 17:34:36.997922,0.26,0.69,0.94,-12.70,44.07,-110.23,-60.19,36.66,11.06,1
r,2022-10-16 17:34:37.013535,0.14,1.14,0.77,-32.29,17.76,-83.74,-58.73,33.90,8.80,1
r,2022-10-16 17:34:37.029165,0.23,1.12,0.63,7.39,3.97,-42.91,-58.73,33.90,8.80,1
r,2022-10-16 17:34:37.029165,0.23,1.12,0.63,69.46,0.67,-6.96,-58.73,33.90,8.80,1
r,2022-10-16 17:34:37.044802,0.33,0.61,0.83,81.67,-5.49,5.13,-58.73,33.90,8.80,1
r,2022-10-16 17:34:37.044802,0.33,0.61,0.83,81.67,-5.49,5.13,-58.73,33.90,8.80,1
r,2022-10-16 17:34:37.060423,0.34,-0.02,0.77,33.20,-22.52,-8.00,-58.73,33.90,8.80,1
r,2022-10-16 17:34:37.069960,0.35,0.31,0.72,-20.87,-42.48,-45.10,-58.81,34.27,9.44,1
r,2022-10-16 17:34:37.076479,0.30,0.58,0.62,-42.91,-56.82,-29.54,-58.81,34.27,9.44,1
r,2022-10-16 17:34:37.076479,0.31,0.69,0.51,-35.10,-56.34,-13.37,-58.81,34.27,9.44,1
r,2022-10-16 17:34:37.092119,0.23,0.63,0.70,-20.75,-56.09,-1.34,-58.81,34.27,9.44,1
r,2022-10-16 17:34:37.092119,0.23,0.63,0.70,-14.59,-62.19,9.58,-58.81,34.27,9.44,1
r,2022-10-16 17:34:37.107741,0.59,0.74,0.46,-14.59,-62.19,9.58,-58.81,34.27,9.44,1
r,2022-10-16 17:34:37.107741,0.39,0.81,0.37,-9.89,-51.64,20.69,-58.63,33.87,12.62,1
r,2022-10-16 17:34:37.123369,0.44,0.83,0.48,14.34,-27.04,44.86,-58.63,33.87,12.62,1
r,2022-10-16 17:34:37.123369,0.53,0.84,0.53,14.34,-27.04,44.86,-58.63,33.87,12.62,1
r,2022-10-16 17:34:37.139016,0.60,0.72,0.53,28.26,-18.43,50.96,-58.63,33.87,12.62,1
r,2022-10-16 17:34:37.139016,0.62,0.54,0.53,33.75,-0.55,34.91,-58.63,33.87,12.62,1
r,2022-10-16 17:34:37.154635,0.56,0.46,0.62,33.75,-0.55,34.91,-58.63,33.87,12.62,1
r,2022-10-16 17:34:37.154635,0.52,0.58,0.64,6.96,5.00,20.32,-58.80,36.22,12.29,1
r,2022-10-16 17:34:37.170166,0.48,0.70,0.67,-28.02,9.03,7.51,-58.80,36.22,12.29,1
r,2022-10-16 17:34:37.170166,0.42,0.76,0.71,-28.02,9.03,7.51,-58.80,36.22,12.29,1
r,2022-10-16 17:34:37.185823,0.37,0.73,0.67,-38.82,6.65,9.70,-58.80,36.22,12.29,1
r,2022-10-16 17:34:37.185823,0.18,0.71,0.61,-49.68,3.66,12.27,-58.80,36.22,12.29,1
r,2022-10-16 17:34:37.207578,-0.01,0.65,0.56,-42.91,5.92,7.39,-58.80,36.22,12.29,1
r,2022-10-16 17:34:37.217101,-0.21,0.65,0.50,-17.27,19.04,-14.59,-58.61,36.06,12.83,1
r,2022-10-16 17:34:37.217101,-0.15,0.76,0.45,3.85,36.25,-65.37,-58.61,36.06,12.83,1
r,2022-10-16 17:34:37.232757,-0.01,0.81,0.38,3.85,36.25,-65.37,-58.61,36.06,12.83,1
r,2022-10-16 17:34:37.232757,0.27,0.82,0.42,28.93,52.92,-76.48,-58.61,36.06,12.83,1
r,2022-10-16 17:34:37.248383,0.50,0.84,0.47,28.14,50.78,-80.51,-58.61,36.06,12.83,1
r,2022-10-16 17:34:37.248383,0.66,0.87,0.51,24.90,45.29,-63.42,-58.61,36.06,12.83,1
r,2022-10-16 17:34:37.264011,0.74,0.84,0.55,24.29,36.44,-72.88,-55.14,35.49,12.57,1
r,2022-10-16 17:34:37.270536,0.76,0.81,0.57,28.87,14.22,-51.15,-55.14,35.49,12.57,1
r,2022-10-16 17:34:37.280064,0.75,0.76,0.53,28.87,14.22,-51.15,-55.14,35.49,12.57,1
r,2022-10-16 17:34:37.280064,0.78,0.68,0.48,37.17,3.36,-39.25,-55.14,35.49,12.57,1
r,2022-10-16 17:34:37.295719,0.83,0.57,0.43,44.80,-5.86,-29.11,-55.14,35.49,12.57,1
r,2022-10-16 17:34:37.295719,0.82,0.48,0.43,43.46,-13.43,-21.42,-55.14,35.49,12.57,1
r,2022-10-16 17:34:37.311345,0.79,0.46,0.47,43.46,-13.43,-21.42,-54.11,36.63,11.04,1
