p,2022-10-12 14:48:51.907473,-1.16,-0.54,1.34,-38.39,-17.09,-39.12,-29.59,96.72,-43.35,1
p,2022-10-12 14:48:51.926200,0.42,-0.16,0.83,46.08,-7.20,-0.24,-32.91,96.90,-43.27,1
p,2022-10-12 14:48:51.944335,0.01,-0.08,0.60,-0.61,-5.19,-1.10,-32.91,96.90,-43.27,1
p,2022-10-12 14:48:51.962204,0.20,0.01,0.68,31.56,-20.39,-19.59,-32.91,96.90,-43.27,1
p,2022-10-12 14:48:51.981168,0.14,-0.03,0.58,101.62,-59.51,-13.79,-35.28,97.17,-34.58,1
p,2022-10-12 14:48:51.999297,0.35,-0.29,0.65,169.49,-121.77,-11.35,-35.28,97.17,-34.58,1
p,2022-10-12 14:48:52.017268,0.38,-0.53,0.86,130.98,-102.42,-3.91,-35.28,97.17,-34.58,1
p,2022-10-12 14:48:52.036088,0.39,-0.62,0.93,91.00,-83.01,-7.69,-39.26,97.51,-7.46,1
p,2022-10-12 14:48:52.054235,0.33,-0.53,0.87,38.70,-71.04,-13.24,-39.26,97.51,-7.46,1
p,2022-10-12 14:48:52.073053,0.30,-0.54,0.83,13.55,-60.73,-16.30,-39.32,93.81,4.00,1
p,2022-10-12 14:48:52.091161,0.29,-0.55,0.97,0.37,-53.53,-14.89,-39.32,93.81,4.00,1
p,2022-10-12 14:48:52.109220,0.27,-0.50,1.06,-3.17,-39.86,-13.06,-39.32,93.81,4.00,1
p,2022-10-12 14:48:52.128219,0.20,-0.44,1.10,1.65,-14.22,-10.25,-38.17,91.05,7.53,1
p,2022-10-12 14:48:52.146204,0.21,-0.42,0.98,14.71,-3.78,-7.39,-38.17,91.05,7.53,1
p,2022-10-12 14:48:52.163986,0.38,-0.59,1.13,16.66,31.80,22.64,-38.17,91.05,7.53,1
p,2022-10-12 14:48:52.183007,0.18,-0.50,1.01,-10.62,73.12,30.94,-38.53,92.33,4.60,1
p,2022-10-12 14:48:52.200987,0.32,-0.51,0.98,-40.53,97.53,31.80,-38.53,92.33,4.60,1
p,2022-10-12 14:48:52.218971,0.29,-0.44,0.80,-86.67,114.32,31.49,-38.53,92.33,4.60,1
p,2022-10-12 14:48:52.238030,0.35,-0.37,0.72,-105.90,107.06,13.06,-38.59,98.95,-12.15,1
p,2022-10-12 14:48:52.256080,0.29,-0.19,0.79,-62.56,63.11,5.31,-38.59,98.95,-12.15,1
p,2022-10-12 14:48:52.275126,0.27,-0.26,0.81,-5.07,47.00,4.82,-36.98,101.98,-26.31,1
p,2022-10-12 14:48:52.293105,0.35,-0.33,0.81,4.76,41.38,-2.08,-36.98,101.98,-26.31,1
p,2022-10-12 14:48:52.311257,0.30,-0.31,0.68,-2.44,35.28,-2.38,-36.98,101.98,-26.31,1
p,2022-10-12 14:48:52.330093,0.30,-0.27,0.80,7.93,25.15,-8.36,-36.23,104.64,-31.45,1
p,2022-10-12 14:48:52.348094,0.37,-0.33,0.79,2.20,29.30,-11.17,-36.23,104.64,-31.45,1
p,2022-10-12 14:48:52.366239,0.39,-0.32,0.77,-0.31,31.07,-13.18,-36.23,104.64,-31.45,1
p,2022-10-12 14:48:52.385147,0.35,-0.29,0.81,12.94,26.55,-13.67,-37.32,104.98,-35.38,1
p,2022-10-12 14:48:52.402951,0.36,-0.30,0.79,21.73,26.43,-26.18,-37.32,104.98,-35.38,1
p,2022-10-12 14:48:52.422102,0.38,-0.36,0.72,28.32,25.70,-32.04,-38.84,104.99,-35.31,1
p,2022-10-12 14:48:52.440094,0.42,-0.41,0.72,30.64,18.13,-29.54,-38.84,104.99,-35.31,1
p,2022-10-12 14:48:52.458190,0.42,-0.44,0.70,26.12,9.89,-28.26,-38.84,104.99,-35.31,1
p,2022-10-12 14:48:52.477076,0.33,-0.36,0.71,26.49,2.38,-27.10,-41.77,104.31,-32.26,1
p,2022-10-12 14:48:52.495176,0.35,-0.36,0.67,40.47,-1.71,-41.20,-41.77,104.31,-32.26,1
p,2022-10-12 14:48:52.513093,0.42,-0.48,0.68,60.85,-7.02,-42.36,-41.77,104.31,-32.26,1
p,2022-10-12 14:48:52.532127,0.51,-0.58,0.72,60.67,-13.98,-34.85,-46.91,101.90,-25.15,1
p,2022-10-12 14:48:52.550190,0.51,-0.62,0.75,50.11,-23.32,-25.57,-46.91,101.90,-25.15,1
p,2022-10-12 14:48:52.568129,0.38,-0.58,0.68,27.83,-27.40,-19.04,-46.91,101.90,-25.15,1
p,2022-10-12 14:48:52.587197,0.45,-0.63,0.74,15.93,-22.71,-15.63,-47.86,99.00,-16.59,1
p,2022-10-12 14:48:52.605109,0.45,-0.66,0.78,0.06,-15.87,-5.31,-47.86,99.00,-16.59,1
p,2022-10-12 14:48:52.624167,0.51,-0.61,0.46,-2.26,-25.82,4.15,-46.46,96.66,-12.60,1
p,2022-10-12 14:48:52.642078,0.37,-0.73,0.67,3.48,-50.42,20.87,-46.46,96.66,-12.60,1
p,2022-10-12 14:48:52.660082,0.40,-0.77,0.75,41.69,-98.94,44.92,-46.46,96.66,-12.60,1
p,2022-10-12 14:48:52.679242,0.25,-0.54,0.84,-13.24,-65.25,28.38,-42.18,95.35,-2.83,1
p,2022-10-12 14:48:52.697237,0.18,-0.46,0.91,-26.37,-33.14,16.05,-42.18,95.35,-2.83,1
p,2022-10-12 14:48:52.715269,0.23,-0.31,0.97,-41.56,-16.17,14.53,-42.18,95.35,-2.83,1
p,2022-10-12 14:48:52.734181,-0.02,-0.26,1.13,-12.21,4.64,44.56,-38.60,93.85,-3.31,1
p,2022-10-12 14:48:52.752006,0.01,-0.22,1.18,12.15,29.42,59.69,-38.60,93.85,-3.31,1
p,2022-10-12 14:48:52.769972,0.20,-0.24,1.00,27.47,48.22,60.85,-38.60,93.85,-3.31,1
p,2022-10-12 14:48:52.788946,0.33,-0.27,0.79,23.80,60.42,41.93,-33.64,99.12,-6.37,1
p,2022-10-12 14:48:52.807092,0.39,-0.28,0.68,5.55,67.20,-6.47,-33.64,99.12,-6.37,1
p,2022-10-12 14:48:52.826146,0.43,-0.33,0.72,-0.79,69.95,-31.62,-34.27,102.28,-14.62,1
p,2022-10-12 14:48:52.844017,0.49,-0.35,0.69,11.90,68.24,-32.53,-34.27,102.28,-14.62,1
p,2022-10-12 14:48:52.862080,0.46,-0.37,0.72,25.33,58.53,-33.63,-34.27,102.28,-14.62,1
p,2022-10-12 14:48:52.881072,0.44,-0.44,0.71,28.44,56.64,-44.56,-41.13,102.44,-18.47,1
p,2022-10-12 14:48:52.899053,0.51,-0.54,0.66,15.32,51.64,-44.92,-41.13,102.44,-18.47,1
