w,2022-11-04 13:40:49.432899,0.727874,7.963521,-2.930652,-1.008013,1.725954,1.397250,-0.357276,24.813724,-53.562175,1
w,2022-11-04 13:40:49.531184,5.535676,9.299553,-3.126987,-0.471111,0.718199,1.320150,3.930041,33.084964,-67.384674,1
w,2022-11-04 13:40:49.627363,5.272301,10.305170,-2.006443,-0.554336,0.593428,0.501615,3.930041,33.084964,-67.384674,1
w,2022-11-04 13:40:49.723253,4.731184,11.286843,-0.928998,0.081503,-0.924597,1.022804,-8.038720,23.914676,-69.285263,1
w,2022-11-04 13:40:49.818146,2.341649,8.509427,-2.844457,-0.257389,0.484636,0.935451,-12.504674,20.138675,-73.259231,1
w,2022-11-04 13:40:49.915069,2.901920,7.120718,-3.634583,-0.195470,-0.349479,1.317487,-11.254207,18.160770,-77.578765,1
w,2022-11-04 13:40:50.009754,3.514867,7.503810,-1.513213,-1.645050,-0.078498,-1.180063,-11.254207,18.160770,-77.578765,1
w,2022-11-04 13:40:50.105110,4.338514,12.507947,-1.786165,-0.832907,0.076101,-0.671658,-16.434715,21.217533,-81.552734,1
w,2022-11-04 13:40:50.202580,2.011232,10.151933,-2.365592,3.001571,-2.114516,-0.671392,-20.364755,25.892581,-76.369293,1
w,2022-11-04 13:40:50.297550,2.916286,8.595623,-2.700797,0.441701,-0.798228,1.179400,-18.221096,26.611820,-68.421363,1
w,2022-11-04 13:40:50.394105,2.308128,10.458406,-2.207566,-2.406593,-0.953892,-0.596689,-22.687051,30.028203,-61.337329,1
w,2022-11-04 13:40:50.490552,1.867572,10.439251,-1.225894,-0.325967,0.164253,-1.006023,-22.687051,30.028203,-61.337329,1
w,2022-11-04 13:40:50.586098,0.818859,6.785513,-1.484481,1.908859,-0.500482,0.520790,-22.329774,28.949346,-55.462768,1
w,2022-11-04 13:40:50.682374,3.184451,9.031390,-2.384746,0.021049,0.138686,0.779254,-17.863821,30.927251,-55.635551,1
