j,2022-10-30 17:33:55.129357,0.42,-0.56,0.73,0.49,-26.25,9.40,-7.59,66.64,-126.73,1
j,2022-10-30 17:33:55.148437,0.26,-0.52,0.83,-9.58,1.83,-7.93,-7.59,66.64,-126.73,1
j,2022-10-30 17:33:55.170207,0.22,-0.41,0.79,-0.92,16.66,0.98,-5.87,65.42,-128.50,1
j,2022-10-30 17:33:55.191522,0.41,-0.32,0.69,7.69,25.82,-26.67,-5.87,65.42,-128.50,1
j,2022-10-30 17:33:55.211931,0.44,-0.48,0.51,-14.10,23.01,-54.63,-5.90,65.76,-128.21,1
j,2022-10-30 17:33:55.231985,-0.68,-1.43,0.73,6.53,13.31,-25.70,-5.90,65.76,-128.21,1
j,2022-10-30 17:33:55.250505,0.25,-0.64,0.60,1.28,23.93,8.00,-5.90,65.76,-128.21,1
j,2022-10-30 17:33:55.272492,0.27,-0.54,0.61,-18.62,11.78,-39.12,-5.63,65.98,-128.06,1
j,2022-10-30 17:33:55.294210,0.15,-0.43,0.55,-4.88,-6.04,-46.69,-5.63,65.98,-128.06,1
j,2022-10-30 17:33:55.317322,0.16,-0.45,0.57,10.07,-24.17,-50.35,-12.71,66.66,-130.57,1
j,2022-10-30 17:33:55.335086,0.26,-0.59,0.61,18.31,-27.65,-45.53,-12.71,66.66,-130.57,1
j,2022-10-30 17:33:55.355037,0.30,-0.72,0.58,18.25,-17.52,-10.01,-12.71,66.66,-130.57,1
j,2022-10-30 17:33:55.377353,0.38,-0.89,0.67,10.13,-26.61,7.20,-21.97,69.53,-130.58,1
j,2022-10-30 17:33:55.396712,0.31,-0.91,0.70,-9.40,-36.25,7.87,-21.97,69.53,-130.58,1
j,2022-10-30 17:33:55.416301,0.30,-0.87,1.14,-25.76,-20.75,10.01,-26.59,69.76,-133.95,1
j,2022-10-30 17:33:55.437396,0.33,-0.75,1.05,-42.36,-1.40,-12.39,-26.59,69.76,-133.95,1
j,2022-10-30 17:33:55.458390,0.49,-0.66,0.88,-33.51,-1.28,-4.58,-26.83,68.55,-135.97,1
j,2022-10-30 17:33:55.476802,0.39,-0.75,0.88,14.53,-37.78,43.52,-26.83,68.55,-135.97,1
j,2022-10-30 17:33:55.499318,0.21,-0.67,0.93,4.88,-42.60,53.16,-26.83,68.55,-135.97,1
j,2022-10-30 17:33:55.520115,0.21,-0.63,0.84,-7.02,-23.44,50.29,-21.23,69.46,-135.52,1
j,2022-10-30 17:33:55.538816,0.16,-0.58,0.91,-23.68,-7.57,30.52,-21.23,69.46,-135.52,1
j,2022-10-30 17:33:55.559871,-0.00,-0.66,1.10,-28.99,6.16,16.11,-14.64,67.19,-135.51,1
j,2022-10-30 17:33:55.578183,0.11,-0.63,1.12,-11.11,61.22,37.66,-14.64,67.19,-135.51,1
j,2022-10-30 17:33:55.597846,0.36,-0.53,0.89,4.03,86.30,55.54,-14.64,67.19,-135.51,1
j,2022-10-30 17:33:55.617313,0.56,-0.45,0.56,12.08,90.15,53.53,-7.54,64.93,-131.96,1
j,2022-10-30 17:33:55.637662,0.67,-0.52,0.33,20.08,46.02,23.32,-7.54,64.93,-131.96,1
j,2022-10-30 17:33:55.657193,0.52,-0.47,0.43,-10.56,19.71,-3.54,-2.77,63.83,-129.71,1
j,2022-10-30 17:33:55.678405,0.46,-0.30,0.47,-35.83,21.97,-29.66,-2.77,63.83,-129.71,1
j,2022-10-30 17:33:55.698939,0.45,-0.35,0.28,-28.81,9.95,-42.54,-2.77,63.83,-129.71,1
j,2022-10-30 17:33:55.720371,0.07,-0.43,0.58,65.49,-27.89,19.84,0.63,63.65,-128.69,1
j,2022-10-30 17:33:55.740432,0.27,-0.59,0.64,51.09,-16.42,-3.30,0.63,63.65,-128.69,1
j,2022-10-30 17:33:55.762823,0.38,-0.60,0.87,5.37,-52.37,-5.62,0.12,64.45,-126.97,1
j,2022-10-30 17:33:55.782001,0.31,-0.48,0.85,-12.57,-15.63,-1.89,0.12,64.45,-126.97,1
j,2022-10-30 17:33:55.801532,0.22,-0.50,0.85,-6.71,-10.50,9.03,0.12,64.45,-126.97,1
j,2022-10-30 17:33:55.823672,0.31,-0.50,0.97,-8.24,18.55,-0.92,0.26,64.27,-126.89,1
j,2022-10-30 17:33:55.842665,0.47,-0.79,0.21,23.07,47.91,15.87,0.26,64.27,-126.89,1
j,2022-10-30 17:33:55.864110,0.33,-0.75,0.55,17.27,25.39,11.05,2.42,65.17,-125.87,1
j,2022-10-30 17:33:55.884690,0.46,-0.64,0.61,-14.28,27.89,-5.68,2.42,65.17,-125.87,1
j,2022-10-30 17:33:55.904680,0.37,-0.66,0.75,-19.17,-78.25,3.91,2.42,65.17,-125.87,1
j,2022-10-30 17:33:55.925819,-0.35,-0.50,1.35,-38.21,-63.35,-23.68,0.76,64.51,-127.60,1
j,2022-10-30 17:33:55.947370,-0.18,-0.25,1.19,52.61,-2.38,20.87,0.76,64.51,-127.60,1
j,2022-10-30 17:33:55.968156,0.40,-0.19,0.94,78.25,51.03,2.08,-5.00,66.42,-126.38,1
j,2022-10-30 17:33:55.988035,0.37,-0.30,0.90,32.84,63.84,-25.33,-5.00,66.42,-126.38,1
j,2022-10-30 17:33:56.010993,0.24,-0.27,0.91,21.61,80.14,-42.36,-16.00,69.67,-125.29,1
j,2022-10-30 17:33:56.031007,0.24,-0.39,0.72,46.63,88.75,-43.76,-16.00,69.67,-125.29,1
j,2022-10-30 17:33:56.050502,0.46,-0.70,0.26,101.87,69.95,-33.08,-16.00,69.67,-125.29,1
j,2022-10-30 17:33:56.072271,0.85,-0.92,0.19,97.96,40.83,-32.90,-29.93,69.21,-125.99,1
j,2022-10-30 17:33:56.092527,0.75,-0.93,0.16,35.03,4.82,-34.97,-29.93,69.21,-125.99,1
