l,2022-09-29 18:00:05.352015,-0.62,0.51,0.57,-3.36,8.30,4.88,32.56,80.13,-35.40,1
l,2022-09-29 18:00:05.360248,-0.62,0.50,0.57,-1.22,9.52,8.61,32.56,80.13,-35.40,1
l,2022-09-29 18:00:05.367813,-0.60,0.49,0.54,-1.22,9.52,8.61,32.56,80.13,-35.40,1
l,2022-09-29 18:00:05.377037,-0.58,0.49,0.50,11.90,12.02,12.21,33.72,81.26,-35.71,1
l,2022-09-29 18:00:05.385472,-0.57,0.53,0.50,14.53,9.70,14.65,33.72,81.26,-35.71,1
l,2022-09-29 18:00:05.392878,-0.57,0.54,0.50,14.53,9.70,14.65,33.72,81.26,-35.71,1
l,2022-09-29 18:00:05.401352,-0.56,0.55,0.50,15.14,8.06,13.49,33.72,81.26,-35.71,1
l,2022-09-29 18:00:05.409880,-0.56,0.56,0.51,12.88,6.16,7.75,33.72,81.26,-35.71,1
l,2022-09-29 18:00:05.417170,-0.56,0.53,0.51,12.88,6.16,7.75,33.72,81.26,-35.71,1
l,2022-09-29 18:00:05.426462,-0.56,0.52,0.54,5.74,1.65,5.25,35.08,80.80,-35.44,1
l,2022-09-29 18:00:05.434947,-0.57,0.49,0.57,2.01,0.67,4.82,35.08,80.80,-35.44,1
l,2022-09-29 18:00:05.442360,-0.56,0.47,0.58,2.01,0.67,4.82,35.08,80.80,-35.44,1
l,2022-09-29 18:00:05.450715,-0.55,0.47,0.58,1.40,2.14,6.96,35.08,80.80,-35.44,1
l,2022-09-29 18:00:05.458136,-0.53,0.47,0.54,1.40,2.14,6.96,35.08,80.80,-35.44,1
l,2022-09-29 18:00:05.466456,-0.51,0.49,0.50,4.09,3.30,12.21,35.08,80.80,-35.44,1
l,2022-09-29 18:00:05.475782,-0.52,0.52,0.49,3.78,0.79,13.55,36.04,80.76,-35.63,1
l,2022-09-29 18:00:05.484549,-0.54,0.54,0.52,0.18,-5.00,11.66,36.04,80.76,-35.63,1
l,2022-09-29 18:00:05.491943,-0.56,0.54,0.54,0.18,-5.00,11.66,36.04,80.76,-35.63,1
l,2022-09-29 18:00:05.500460,-0.55,0.53,0.52,3.91,-5.80,12.70,36.04,80.76,-35.63,1
l,2022-09-29 18:00:05.507984,-0.56,0.54,0.51,3.91,-5.80,12.70,36.04,80.76,-35.63,1
l,2022-09-29 18:00:05.516250,-0.59,0.57,0.55,1.83,-9.83,11.41,36.04,80.76,-35.63,1
l,2022-09-29 18:00:05.525845,-0.60,0.59,0.59,-2.44,-11.54,8.61,35.71,80.29,-36.19,1
l,2022-09-29 18:00:05.534466,-0.60,0.60,0.60,-7.57,-9.03,2.08,35.71,80.29,-36.19,1
l,2022-09-29 18:00:05.543347,-0.58,0.59,0.55,-10.93,-8.06,-1.10,35.71,80.29,-36.19,1
l,2022-09-29 18:00:05.551760,-0.56,0.55,0.53,-12.70,-7.87,-2.87,35.71,80.29,-36.19,1
l,2022-09-29 18:00:05.559526,-0.56,0.55,0.53,-11.29,-9.09,-1.71,35.71,80.29,-36.19,1
l,2022-09-29 18:00:05.567948,-0.57,0.56,0.56,-10.31,-10.74,0.43,35.71,80.29,-36.19,1
l,2022-09-29 18:00:05.576356,-0.57,0.56,0.56,-10.80,-11.11,1.40,34.39,79.38,-37.10,1
l,2022-09-29 18:00:05.584904,-0.60,0.63,0.57,-12.02,-10.44,0.79,34.39,79.38,-37.10,1
l,2022-09-29 18:00:05.593508,-0.63,0.67,0.53,-15.50,-10.31,-1.16,34.39,79.38,-37.10,1
l,2022-09-29 18:00:05.602356,-0.76,0.65,0.47,-15.93,-14.77,-4.82,34.39,79.38,-37.10,1
l,2022-09-29 18:00:05.610712,-0.71,0.74,0.60,11.11,-24.96,1.65,34.39,79.38,-37.10,1
l,2022-09-29 18:00:05.618981,-0.69,0.66,0.60,42.85,-22.83,11.23,34.39,79.38,-37.10,1
l,2022-09-29 18:00:05.628323,-0.66,0.59,0.58,54.93,-18.31,14.59,32.96,80.47,-35.74,1
l,2022-09-29 18:00:05.636783,-0.66,0.59,0.58,51.09,-16.60,15.44,32.96,80.47,-35.74,1
l,2022-09-29 18:00:05.645175,-0.65,0.62,0.54,44.37,-16.48,14.89,32.96,80.47,-35.74,1
l,2022-09-29 18:00:05.653487,-0.65,0.68,0.54,30.40,-17.33,7.93,32.96,80.47,-35.74,1
l,2022-09-29 18:00:05.661872,-0.70,0.66,0.59,11.41,-18.98,-4.03,32.96,80.47,-35.74,1
l,2022-09-29 18:00:05.670378,-0.73,0.68,0.62,-1.83,-17.64,-13.92,32.96,80.47,-35.74,1
l,2022-09-29 18:00:05.679861,-0.73,0.70,0.62,-2.93,-12.76,-19.59,31.27,81.88,-34.90,1
l,2022-09-29 18:00:05.688110,-0.70,0.73,0.60,1.89,-7.02,-24.29,0.00,0.00,ovf,1
l,2022-09-29 18:00:05.696124,-0.68,0.69,0.59,7.08,-3.97,-30.40,0.00,0.00,ovf,1
l,2022-09-29 18:00:05.704282,-0.71,0.67,0.63,-4.03,-1.65,-39.55,0.00,0.00,ovf,1
l,2022-09-29 18:00:05.712806,-0.75,0.64,0.70,-16.72,0.31,-48.95,0.00,0.00,0.00,1
l,2022-09-29 18:00:05.722260,-0.75,0.66,0.71,-22.77,4.94,-52.31,27.49,83.30,-31.92,1
l,2022-09-29 18:00:05.730794,-0.69,0.65,0.66,-18.13,10.68,-52.49,27.49,83.30,-31.92,1
l,2022-09-29 18:00:05.739563,-0.65,0.56,0.63,-9.64,15.01,-49.68,27.49,83.30,-31.92,1
l,2022-09-29 18:00:05.746934,-0.63,0.52,0.64,-9.64,15.01,-49.68,27.49,83.30,-31.92,1
l,2022-09-29 18:00:05.755354,-0.63,0.48,0.66,-8.61,15.01,-44.86,27.49,83.30,-31.92,1
l,2022-09-29 18:00:05.763928,-0.61,0.47,0.65,-0.79,14.47,-35.52,27.49,83.30,-31.92,1
l,2022-09-29 18:00:05.773359,-0.60,0.51,0.62,11.60,13.61,-15.56,25.38,85.23,-27.31,1
l,2022-09-29 18:00:05.781823,-0.58,0.54,0.58,18.80,10.38,-14.04,25.38,85.23,-27.31,1
l,2022-09-29 18:00:05.790372,-0.57,0.56,0.54,12.51,8.42,-16.60,25.38,85.23,-27.31,1
l,2022-09-29 18:00:05.796818,-0.57,0.56,0.54,12.51,8.42,-16.60,25.38,85.23,-27.31,1
l,2022-09-29 18:00:05.805286,-0.56,0.54,0.53,4.70,7.45,-22.58,25.38,85.23,-27.31,1
l,2022-09-29 18:00:05.812756,-0.57,0.54,0.56,4.70,7.45,-22.58,25.38,85.23,-27.31,1
l,2022-09-29 18:00:05.822215,-0.59,0.54,0.57,-4.76,7.20,-23.99,22.07,86.57,-24.02,1
l,2022-09-29 18:00:05.830866,-0.60,0.53,0.60,-3.30,11.54,-25.57,22.07,86.57,-24.02,1
l,2022-09-29 18:00:05.839348,-0.60,0.48,0.61,-2.62,14.40,-24.11,22.07,86.57,-24.02,1
l,2022-09-29 18:00:05.847813,-0.56,0.43,0.47,0.18,15.44,-19.41,22.07,86.57,-24.02,1
l,2022-09-29 18:00:05.856455,-0.50,0.35,0.44,4.03,13.43,-11.54,22.07,86.57,-24.02,1
l,2022-09-29 18:00:05.862865,-0.50,0.35,0.44,4.03,13.43,-11.54,22.07,86.57,-24.02,1
l,2022-09-29 18:00:05.872360,-0.45,0.38,0.42,2.87,9.28,-0.18,19.26,87.27,-21.40,1
l,2022-09-29 18:00:05.880927,-0.49,0.45,0.45,-1.71,3.66,2.50,19.26,87.27,-21.40,1
l,2022-09-29 18:00:05.889375,-0.56,0.52,0.50,-4.33,5.00,2.20,19.26,87.27,-21.40,1
l,2022-09-29 18:00:05.896935,-0.56,0.52,0.50,-7.63,8.36,-0.37,19.26,87.27,-21.40,1
l,2022-09-29 18:00:05.905419,-0.56,0.53,0.53,-13.12,12.63,-4.64,19.26,87.27,-21.40,1
l,2022-09-29 18:00:05.913964,-0.58,0.50,0.57,-18.25,17.88,-8.73,19.26,87.27,-21.40,1
l,2022-09-29 18:00:05.920718,-0.58,0.50,0.57,-18.25,17.88,-8.73,19.26,87.27,-21.40,1
l,2022-09-29 18:00:05.930145,-0.58,0.50,0.60,-18.62,27.22,-12.02,18.31,86.72,-21.06,1
l,2022-09-29 18:00:05.938548,-0.60,0.52,0.64,-22.46,31.07,-13.37,18.31,86.72,-21.06,1
l,2022-09-29 18:00:05.944991,-0.60,0.52,0.64,-22.46,31.07,-13.37,18.31,86.72,-21.06,1
l,2022-09-29 18:00:05.953426,-0.54,0.48,0.60,-22.28,34.48,-13.37,18.31,86.72,-21.06,1
l,2022-09-29 18:00:05.960915,-0.50,0.49,0.57,-22.28,34.48,-13.37,18.31,86.72,-21.06,1
l,2022-09-29 18:00:05.969471,-0.46,0.49,0.51,-25.45,32.65,-10.50,18.31,86.72,-21.06,1
l,2022-09-29 18:00:05.978984,-0.44,0.48,0.50,-30.40,28.32,-10.38,18.20,85.67,-21.40,1
l,2022-09-29 18:00:05.987564,-0.45,0.48,0.50,-32.96,17.46,-6.41,18.20,85.67,-21.40,1
l,2022-09-29 18:00:05.995776,-0.45,0.49,0.50,-29.85,13.00,-2.69,0.00,0.00,ovf,1
l,2022-09-29 18:00:06.004024,-0.45,0.50,0.50,-27.89,9.34,0.31,0.00,0.00,ovf,1
l,2022-09-29 18:00:06.011976,-0.44,0.50,0.48,-28.14,6.04,2.08,0.00,0.00,ovf,1
l,2022-09-29 18:00:06.019956,-0.45,0.54,0.48,-30.58,2.93,2.75,0.00,0.00,ovf,1
l,2022-09-29 18:00:06.028352,-0.45,0.58,0.46,-30.58,2.93,2.75,20.01,85.95,-23.60,1
l,2022-09-29 18:00:06.036879,-0.45,0.60,0.44,-34.12,-0.73,-0.12,20.01,85.95,-23.60,1
l,2022-09-29 18:00:06.045440,-0.46,0.60,0.45,-29.36,-0.98,1.10,20.01,85.95,-23.60,1
l,2022-09-29 18:00:06.053877,-0.48,0.61,0.46,-17.82,0.37,5.07,20.01,85.95,-23.60,1
l,2022-09-29 18:00:06.060405,-0.48,0.61,0.46,-17.82,0.37,5.07,20.01,85.95,-23.60,1
l,2022-09-29 18:00:06.068887,-0.46,0.61,0.44,-8.00,1.34,8.18,20.01,85.95,-23.60,1
l,2022-09-29 18:00:06.078417,-0.45,0.59,0.43,-4.76,-14.71,8.97,23.07,85.64,-27.47,1
l,2022-09-29 18:00:06.086975,-0.45,0.58,0.43,-3.30,-2.44,10.44,23.07,85.64,-27.47,1
l,2022-09-29 18:00:06.093415,-0.45,0.58,0.43,-3.30,-2.44,10.44,23.07,85.64,-27.47,1
l,2022-09-29 18:00:06.101997,-0.45,0.55,0.44,-3.05,-4.52,28.56,23.07,85.64,-27.47,1
l,2022-09-29 18:00:06.109674,-0.46,0.60,0.45,-3.05,-4.52,28.56,23.07,85.64,-27.47,1
l,2022-09-29 18:00:06.118168,-0.47,0.59,0.45,-1.46,-7.75,16.17,23.07,85.64,-27.47,1
l,2022-09-29 18:00:06.127633,-0.48,0.57,0.45,-2.08,-8.79,15.50,25.04,85.12,-28.12,1
l,2022-09-29 18:00:06.136171,-0.48,0.57,0.44,-3.91,-9.52,15.93,25.04,85.12,-28.12,1
l,2022-09-29 18:00:06.144556,-0.47,0.57,0.43,-3.23,-10.56,16.97,25.04,85.12,-28.12,1
l,2022-09-29 18:00:06.151014,-0.47,0.57,0.43,-3.23,-10.56,16.97,25.04,85.12,-28.12,1
l,2022-09-29 18:00:06.159426,-0.48,0.62,0.44,-1.89,-11.60,18.25,25.04,85.12,-28.12,1
l,2022-09-29 18:00:06.168104,-0.50,0.63,0.46,-0.31,-12.76,17.21,25.04,85.12,-28.12,1
l,2022-09-29 18:00:06.176734,-0.51,0.62,0.47,-0.31,-12.76,17.21,28.47,83.26,-31.67,1
l,2022-09-29 18:00:06.185208,-0.51,0.63,0.47,2.75,-12.82,16.11,28.47,83.26,-31.67,1
l,2022-09-29 18:00:06.193265,-0.51,0.63,0.47,5.31,-13.43,16.54,0.00,0.00,ovf,1
l,2022-09-29 18:00:06.201348,-0.51,0.63,0.46,6.16,-14.34,16.66,0.00,0.00,ovf,1
l,2022-09-29 18:00:06.208347,-0.50,0.64,0.45,6.16,-14.34,16.66,0.00,0.00,ovf,1
l,2022-09-29 18:00:06.216424,-0.50,0.67,0.43,4.94,-15.99,16.17,0.00,0.00,ovf,1
l,2022-09-29 18:00:06.225736,-0.50,0.68,0.43,3.23,-18.31,14.95,29.36,82.52,-32.51,1
l,2022-09-29 18:00:06.234188,-0.52,0.68,0.45,5.55,-22.89,13.18,29.36,82.52,-32.51,1
l,2022-09-29 18:00:06.241586,-0.53,0.68,0.46,5.55,-22.89,13.18,29.36,82.52,-32.51,1
l,2022-09-29 18:00:06.250036,-0.53,0.69,0.45,9.28,-24.23,13.73,29.36,82.52,-32.51,1
l,2022-09-29 18:00:06.258436,-0.51,0.68,0.42,11.41,-25.51,12.21,29.36,82.52,-32.51,1
l,2022-09-29 18:00:06.265927,-0.50,0.65,0.39,11.41,-25.51,12.21,29.36,82.52,-32.51,1
l,2022-09-29 18:00:06.275360,-0.50,0.66,0.38,9.46,-31.13,11.60,28.25,80.63,-32.47,1
l,2022-09-29 18:00:06.283565,-0.49,0.66,0.37,8.91,-37.11,12.88,28.25,80.63,-32.47,1
l,2022-09-29 18:00:06.290984,-0.50,0.68,0.35,8.91,-37.11,12.88,28.25,80.63,-32.47,1
l,2022-09-29 18:00:06.299228,-0.49,0.67,0.33,6.84,-41.20,12.70,28.25,80.63,-32.47,1
l,2022-09-29 18:00:06.307772,-0.51,0.64,0.35,2.56,-45.23,11.23,28.25,80.63,-32.47,1
l,2022-09-29 18:00:06.316218,-0.54,0.62,0.39,0.85,-47.73,13.92,28.25,80.63,-32.47,1
l,2022-09-29 18:00:06.324527,-0.55,0.58,0.41,0.85,-47.73,13.92,24.44,78.23,-30.71,1
l,2022-09-29 18:00:06.332983,-0.66,0.59,0.53,7.45,-46.88,19.35,24.44,78.23,-30.71,1
l,2022-09-29 18:00:06.340430,-0.75,0.64,0.61,7.45,-46.88,19.35,24.44,78.23,-30.71,1
l,2022-09-29 18:00:06.348966,-0.79,0.71,0.63,15.38,-39.61,19.78,24.44,78.23,-30.71,1
l,2022-09-29 18:00:06.357427,-0.79,0.73,0.63,17.52,-31.92,12.08,24.44,78.23,-30.71,1
l,2022-09-29 18:00:06.365001,-0.78,0.72,0.62,17.52,-31.92,12.08,24.44,78.23,-30.71,1
l,2022-09-29 18:00:06.374558,-0.75,0.66,0.60,18.68,-19.71,8.30,22.05,77.29,-25.02,1
l,2022-09-29 18:00:06.383101,-0.72,0.61,0.58,10.38,-14.77,4.09,22.05,77.29,-25.02,1
l,2022-09-29 18:00:06.391636,-0.71,0.60,0.57,1.71,-14.83,2.56,22.05,77.29,-25.02,1
l,2022-09-29 18:00:06.399993,-0.73,0.61,0.58,-5.86,-14.65,0.49,22.05,77.29,-25.02,1
l,2022-09-29 18:00:06.408704,-0.75,0.64,0.57,-9.22,-13.67,-0.67,22.05,77.29,-25.02,1
l,2022-09-29 18:00:06.416200,-0.75,0.64,0.57,-11.47,-12.08,-1.65,22.05,77.29,-25.02,1
l,2022-09-29 18:00:06.425831,-0.78,0.68,0.58,-15.93,-10.62,-3.97,21.91,76.48,-22.36,1
l,2022-09-29 18:00:06.434357,-0.89,0.80,0.55,-10.99,-8.97,-6.23,21.91,76.48,-22.36,1
l,2022-09-29 18:00:06.442787,-0.88,0.82,0.53,5.13,-9.83,-6.96,21.91,76.48,-22.36,1
l,2022-09-29 18:00:06.451543,-0.85,0.85,0.50,15.44,-10.19,-9.77,21.91,76.48,-22.36,1
l,2022-09-29 18:00:06.459994,-0.80,0.81,0.49,19.17,-9.89,-17.52,21.91,76.48,-22.36,1
l,2022-09-29 18:00:06.468533,-0.76,0.76,0.49,16.85,-9.28,-25.88,21.91,76.48,-22.36,1
l,2022-09-29 18:00:06.477917,-0.73,0.72,0.51,14.16,-7.93,-31.37,21.37,75.24,-19.46,1
l,2022-09-29 18:00:06.486357,-0.70,0.66,0.52,14.65,-5.37,-34.55,21.37,75.24,-19.46,1
l,2022-09-29 18:00:06.495023,-0.67,0.61,0.50,19.96,-2.26,-33.81,21.37,75.24,-19.46,1
l,2022-09-29 18:00:06.503554,-0.65,0.61,0.49,29.60,0.49,-29.66,21.37,75.24,-19.46,1
l,2022-09-29 18:00:06.512034,-0.63,0.61,0.47,36.32,3.23,-25.63,21.37,75.24,-19.46,1
l,2022-09-29 18:00:06.521260,-0.61,0.60,0.44,38.76,5.49,-24.72,20.32,72.71,-16.66,1
l,2022-09-29 18:00:06.529779,-0.59,0.58,0.45,39.18,5.80,-24.66,20.32,72.71,-16.66,1
l,2022-09-29 18:00:06.538370,-0.58,0.57,0.47,40.47,6.04,-23.25,20.32,72.71,-16.66,1
l,2022-09-29 18:00:06.546749,-0.58,0.57,0.49,42.54,6.47,-20.94,20.32,72.71,-16.66,1
l,2022-09-29 18:00:06.555145,-0.58,0.58,0.49,45.59,8.54,-16.85,20.32,72.71,-16.66,1
l,2022-09-29 18:00:06.562604,-0.57,0.58,0.48,45.59,8.54,-16.85,20.32,72.71,-16.66,1
l,2022-09-29 18:00:06.571901,-0.59,0.54,0.49,50.96,11.54,-17.21,19.37,70.41,-14.81,1
l,2022-09-29 18:00:06.580338,-0.59,0.49,0.53,47.12,9.95,-17.64,19.37,70.41,-14.81,1
l,2022-09-29 18:00:06.587783,-0.57,0.45,0.54,47.12,9.95,-17.64,19.37,70.41,-14.81,1
l,2022-09-29 18:00:06.596252,-0.55,0.41,0.54,41.26,8.30,-0.73,19.37,70.41,-14.81,1
l,2022-09-29 18:00:06.604759,-0.56,0.41,0.57,31.68,6.16,-13.98,19.37,70.41,-14.81,1
l,2022-09-29 18:00:06.612369,-0.56,0.41,0.60,31.68,6.16,-13.98,19.37,70.41,-14.81,1
l,2022-09-29 18:00:06.621834,-0.57,0.42,0.60,18.37,3.72,-11.54,19.27,67.86,-12.50,1
l,2022-09-29 18:00:06.630354,-0.57,0.44,0.59,10.38,3.72,-7.39,19.27,67.86,-12.50,1
