s,2022-10-16 22:35:14.286142,0.53,0.61,0.36,13.24,8.06,-0.79,68.27,9.74,-38.56,1
s,2022-10-16 22:35:14.293696,0.55,0.61,0.34,13.24,8.06,-0.79,68.27,9.74,-38.56,1
s,2022-10-16 22:35:14.302742,0.55,0.64,0.31,-6.29,3.97,-4.52,0.00,0.00,ovf,1
s,2022-10-16 22:35:14.310145,0.54,0.70,0.29,-13.18,3.48,-7.32,0.00,0.00,ovf,1
s,2022-10-16 22:35:14.318769,0.55,0.78,0.27,-16.24,3.97,-9.40,0.00,0.00,ovf,1
s,2022-10-16 22:35:14.327568,0.55,0.85,0.26,-15.56,5.19,-9.28,68.97,9.79,-37.57,1
s,2022-10-16 22:35:14.337104,0.55,0.86,0.26,-11.29,7.08,-4.09,68.97,9.79,-37.57,1
s,2022-10-16 22:35:14.343616,0.55,0.91,0.26,-11.29,7.08,-4.09,68.97,9.79,-37.57,1
s,2022-10-16 22:35:14.352740,0.54,1.04,0.19,-2.38,10.38,0.55,68.97,9.79,-37.57,1
s,2022-10-16 22:35:14.360493,0.54,1.19,0.14,10.62,13.92,8.24,68.97,9.79,-37.57,1
s,2022-10-16 22:35:14.369396,0.54,1.20,0.12,34.12,19.65,20.26,68.97,9.79,-37.57,1
s,2022-10-16 22:35:14.378272,0.54,1.21,0.08,58.96,26.12,33.81,68.23,10.55,-38.45,1
s,2022-10-16 22:35:14.386821,0.55,1.28,0.04,107.36,42.60,64.33,68.23,10.55,-38.45,1
s,2022-10-16 22:35:14.393995,0.56,1.28,0.05,107.36,42.60,64.33,68.23,10.55,-38.45,1
s,2022-10-16 22:35:14.402585,0.57,1.13,0.19,133.85,50.90,96.68,68.23,10.55,-38.45,1
s,2022-10-16 22:35:14.411141,0.58,0.95,0.36,148.86,54.75,103.82,68.23,10.55,-38.45,1
s,2022-10-16 22:35:14.418536,0.49,0.86,0.41,148.86,54.75,103.82,68.23,10.55,-38.45,1
s,2022-10-16 22:35:14.427922,0.53,0.63,0.53,136.72,50.72,104.49,66.82,18.35,-40.58,1
s,2022-10-16 22:35:14.435900,0.24,0.42,0.24,133.12,46.51,26.12,66.82,18.35,-40.58,1
s,2022-10-16 22:35:14.443360,0.13,0.93,0.02,133.12,46.51,26.12,66.82,18.35,-40.58,1
s,2022-10-16 22:35:14.452247,0.23,0.96,0.06,93.02,66.89,7.26,66.82,18.35,-40.58,1
s,2022-10-16 22:35:14.460439,0.38,0.68,0.18,114.81,88.07,-0.37,66.82,18.35,-40.58,1
s,2022-10-16 22:35:14.469405,0.50,0.33,0.46,113.53,93.87,-11.41,66.82,18.35,-40.58,1
s,2022-10-16 22:35:14.478132,0.59,0.11,0.62,95.76,73.61,-36.01,68.10,22.68,-42.10,1
s,2022-10-16 22:35:14.487681,0.65,0.24,0.44,-10.31,-1.22,-102.48,68.10,22.68,-42.10,1
s,2022-10-16 22:35:14.495266,0.69,0.42,0.27,-43.64,-26.49,-124.76,68.10,22.68,-42.10,1
s,2022-10-16 22:35:14.503852,0.62,0.57,0.13,-60.24,-42.85,-137.82,68.10,22.68,-42.10,1
s,2022-10-16 22:35:14.512674,0.58,0.79,0.13,-55.91,-48.52,-143.49,68.10,22.68,-42.10,1
s,2022-10-16 22:35:14.520538,0.58,0.79,0.13,-38.45,-48.77,-142.94,68.10,22.68,-42.10,1
s,2022-10-16 22:35:14.534052,0.56,0.72,0.43,-22.52,-50.78,-140.87,68.62,21.86,-39.36,1
s,2022-10-16 22:35:14.538708,0.56,0.48,0.52,-17.70,-53.34,-139.34,68.62,21.86,-39.36,1
s,2022-10-16 22:35:14.547995,0.66,0.43,0.57,-26.25,-52.73,-135.86,68.62,21.86,-39.36,1
s,2022-10-16 22:35:14.555961,0.71,0.37,0.70,-39.00,-48.10,-129.09,68.62,21.86,-39.36,1
s,2022-10-16 22:35:14.567442,0.72,0.32,0.76,-48.34,-41.38,-119.45,68.62,21.86,-39.36,1
s,2022-10-16 22:35:14.573945,0.75,0.30,0.77,-50.42,-34.06,-107.36,67.60,21.90,-37.52,1
s,2022-10-16 22:35:14.583263,0.75,0.25,0.75,-57.74,-31.25,-94.30,67.60,21.90,-37.52,1
s,2022-10-16 22:35:14.594967,0.75,0.24,0.67,-74.22,-33.26,-82.09,67.60,21.90,-37.52,1
s,2022-10-16 22:35:14.602722,0.78,0.32,0.57,-106.26,-40.16,-59.20,67.60,21.90,-37.52,1
s,2022-10-16 22:35:14.610729,0.75,0.41,0.51,-106.26,-40.16,-59.20,67.60,21.90,-37.52,1
s,2022-10-16 22:35:14.619429,0.70,0.52,0.45,-88.99,-19.59,-33.94,67.60,21.90,-37.52,1
s,2022-10-16 22:35:14.627883,0.67,0.62,0.48,-88.99,-19.59,-33.94,67.91,20.95,-35.18,1
s,2022-10-16 22:35:14.636429,0.64,0.64,0.59,-30.40,-11.05,-10.25,67.91,20.95,-35.18,1
s,2022-10-16 22:35:14.645123,0.63,0.57,0.66,-22.16,-10.38,-7.02,67.91,20.95,-35.18,1
s,2022-10-16 22:35:14.654605,0.68,0.53,0.63,-18.92,-11.23,-7.45,67.91,20.95,-35.18,1
s,2022-10-16 22:35:14.662837,0.80,0.55,0.44,-14.53,-13.24,-6.10,67.91,20.95,-35.18,1
s,2022-10-16 22:35:14.669384,0.80,0.55,0.44,-14.53,-13.24,-6.10,67.91,20.95,-35.18,1
s,2022-10-16 22:35:14.678527,0.80,0.58,0.40,-8.97,-30.94,0.79,67.37,21.00,-32.79,1
s,2022-10-16 22:35:14.686961,0.78,0.61,0.42,8.24,-17.46,3.17,67.37,21.00,-32.79,1
s,2022-10-16 22:35:14.695993,0.73,0.66,0.47,21.06,-16.17,5.92,67.37,21.00,-32.79,1
s,2022-10-16 22:35:14.704626,0.68,0.72,0.51,40.28,-12.51,9.89,67.37,21.00,-32.79,1
s,2022-10-16 22:35:14.710758,0.68,0.72,0.51,40.28,-12.51,9.89,67.37,21.00,-32.79,1
s,2022-10-16 22:35:14.719372,0.74,0.59,0.52,55.48,-7.81,14.59,67.37,21.00,-32.79,1
s,2022-10-16 22:35:14.728736,0.72,0.48,0.51,59.88,-5.86,17.64,67.15,21.51,-35.07,1
s,2022-10-16 22:35:14.736281,0.68,0.42,0.48,43.52,-8.48,17.03,67.15,21.51,-35.07,1
s,2022-10-16 22:35:14.743794,0.68,0.41,0.44,43.52,-8.48,17.03,67.15,21.51,-35.07,1
s,2022-10-16 22:35:14.752789,0.66,0.43,0.43,30.15,-8.97,0.24,67.15,21.51,-35.07,1
s,2022-10-16 22:35:14.760559,0.66,0.50,0.41,15.63,-8.18,14.59,67.15,21.51,-35.07,1
s,2022-10-16 22:35:14.768879,0.68,0.60,0.38,6.41,-6.84,14.04,67.15,21.51,-35.07,1
s,2022-10-16 22:35:14.778439,0.65,0.64,0.37,1.34,-7.02,9.16,67.13,21.62,-35.45,1
s,2022-10-16 22:35:14.787372,0.65,0.67,0.32,-1.89,-8.36,4.33,67.13,21.62,-35.45,1
s,2022-10-16 22:35:14.795773,0.68,0.71,0.34,0.49,-9.28,0.43,67.13,21.62,-35.45,1
s,2022-10-16 22:35:14.803149,0.68,0.71,0.34,0.49,-9.28,0.43,67.13,21.62,-35.45,1
s,2022-10-16 22:35:14.809989,0.74,0.69,0.37,7.20,-10.62,-0.18,67.13,21.62,-35.45,1
s,2022-10-16 22:35:14.819447,0.75,0.61,0.42,13.00,-14.95,0.98,67.13,21.62,-35.45,1
s,2022-10-16 22:35:14.827785,0.75,0.54,0.48,13.00,-14.95,0.98,66.31,22.20,-34.07,1
s,2022-10-16 22:35:14.836049,0.75,0.51,0.54,4.52,-32.41,2.32,66.31,22.20,-34.07,1
s,2022-10-16 22:35:14.842913,0.71,0.51,0.54,4.52,-32.41,2.32,66.31,22.20,-34.07,1
s,2022-10-16 22:35:14.852161,-0.32,0.76,0.50,-10.56,-35.89,4.58,66.31,22.20,-34.07,1
s,2022-10-16 22:35:14.859819,0.60,0.61,0.69,30.64,-10.62,3.60,66.31,22.20,-34.07,1
s,2022-10-16 22:35:14.868560,0.69,0.32,0.42,26.98,-9.83,5.92,66.31,22.20,-34.07,1
s,2022-10-16 22:35:14.877703,0.70,0.42,0.35,12.63,-10.25,0.43,66.27,22.01,-34.88,1
s,2022-10-16 22:35:14.887177,0.67,0.53,0.39,-8.85,-1.59,-7.26,66.27,22.01,-34.88,1
s,2022-10-16 22:35:14.894712,0.68,0.52,0.46,-16.72,-0.67,-8.18,66.27,22.01,-34.88,1
s,2022-10-16 22:35:14.903360,0.68,0.47,0.44,-25.45,1.28,-11.41,66.27,22.01,-34.88,1
s,2022-10-16 22:35:14.912254,0.68,0.49,0.48,-32.17,2.26,-14.77,66.27,22.01,-34.88,1
s,2022-10-16 22:35:14.920136,0.71,0.50,0.50,-34.00,2.75,-17.88,66.27,22.01,-34.88,1
s,2022-10-16 22:35:14.930142,0.74,0.48,0.53,-39.43,5.43,-21.18,65.89,22.03,-34.09,1
s,2022-10-16 22:35:14.938899,0.75,0.57,0.49,-49.01,7.45,-22.64,65.89,22.03,-34.09,1
s,2022-10-16 22:35:14.950554,0.78,0.61,0.44,-48.10,10.68,-21.91,65.89,22.03,-34.09,1
s,2022-10-16 22:35:14.955208,0.67,0.56,0.48,-48.83,18.13,-17.94,65.89,22.03,-34.09,1
s,2022-10-16 22:35:14.963757,0.57,0.55,0.54,-53.28,22.95,-12.02,65.89,22.03,-34.09,1
s,2022-10-16 22:35:14.972511,0.59,0.59,0.45,-54.63,22.03,-7.45,65.89,22.03,-34.09,1
s,2022-10-16 22:35:14.983851,0.57,0.65,0.38,-54.50,20.32,-3.36,66.83,21.69,-32.98,1
s,2022-10-16 22:35:14.991360,0.56,0.71,0.37,-41.56,22.52,3.42,66.83,21.69,-32.98,1
s,2022-10-16 22:35:14.998808,0.56,0.74,0.34,-28.50,24.84,10.44,66.83,21.69,-32.98,1
s,2022-10-16 22:35:15.007373,0.58,0.68,0.36,-19.78,26.61,17.15,66.83,21.69,-32.98,1
s,2022-10-16 22:35:15.015791,0.61,0.70,0.34,-11.29,25.94,21.85,66.83,21.69,-32.98,1
s,2022-10-16 22:35:15.025265,0.67,0.57,0.38,-2.32,26.49,26.55,66.87,21.30,-33.41,1
s,2022-10-16 22:35:15.034251,0.62,0.55,0.38,-2.81,23.93,25.70,66.87,21.30,-33.41,1
s,2022-10-16 22:35:15.041895,0.62,0.54,0.43,-10.19,23.93,25.09,66.87,21.30,-33.41,1
s,2022-10-16 22:35:15.051007,0.64,0.44,0.45,-12.15,22.28,23.93,66.87,21.30,-33.41,1
s,2022-10-16 22:35:15.059683,0.63,0.62,0.41,-30.82,17.33,19.65,66.87,21.30,-33.41,1
s,2022-10-16 22:35:15.067663,0.64,0.71,0.45,-24.41,20.39,24.72,66.87,21.30,-33.41,1
s,2022-10-16 22:35:15.077529,0.64,0.56,0.42,0.55,24.78,34.42,66.87,21.61,-33.94,1
s,2022-10-16 22:35:15.084849,0.61,0.51,0.36,4.52,21.67,25.94,66.87,21.61,-33.94,1
s,2022-10-16 22:35:15.092698,0.62,0.72,0.32,4.52,21.67,25.94,66.87,21.61,-33.94,1
s,2022-10-16 22:35:15.102060,0.59,0.75,0.23,-8.30,12.21,25.33,66.87,21.61,-33.94,1
s,2022-10-16 22:35:15.109560,0.65,0.79,0.25,0.73,11.72,26.31,66.87,21.61,-33.94,1
s,2022-10-16 22:35:15.117935,0.66,0.74,0.22,12.21,9.64,24.78,66.87,21.61,-33.94,1
s,2022-10-16 22:35:15.127195,0.59,0.84,0.23,13.73,5.62,19.96,67.63,20.95,-33.76,1
s,2022-10-16 22:35:15.135002,0.62,0.79,0.31,22.71,5.43,25.94,67.63,20.95,-33.76,1
s,2022-10-16 22:35:15.143118,0.57,0.78,0.35,22.71,5.43,25.94,67.63,20.95,-33.76,1
s,2022-10-16 22:35:15.151090,0.62,0.73,0.36,43.82,4.03,31.25,67.63,20.95,-33.76,1
s,2022-10-16 22:35:15.159428,0.61,0.64,0.38,54.93,2.14,33.94,67.63,20.95,-33.76,1
s,2022-10-16 22:35:15.167903,0.61,0.61,0.40,56.88,-0.24,34.06,67.63,20.95,-33.76,1
s,2022-10-16 22:35:15.177011,0.62,0.54,0.40,54.63,-2.75,33.57,67.77,21.96,-34.63,1
s,2022-10-16 22:35:15.185450,0.58,0.55,0.44,45.53,-7.14,28.75,67.77,21.96,-34.63,1
s,2022-10-16 22:35:15.192876,0.58,0.62,0.45,45.53,-7.14,28.75,67.77,21.96,-34.63,1
s,2022-10-16 22:35:15.201702,0.64,0.54,0.40,45.59,-9.64,28.44,67.77,21.96,-34.63,1
s,2022-10-16 22:35:15.209982,0.67,0.58,0.41,38.09,-11.96,20.02,67.77,21.96,-34.63,1
s,2022-10-16 22:35:15.217695,0.71,0.63,0.40,38.09,-11.96,20.02,67.77,21.96,-34.63,1
s,2022-10-16 22:35:15.227783,0.69,0.62,0.40,27.40,-12.88,15.01,66.72,22.34,-35.77,1
s,2022-10-16 22:35:15.235443,0.66,0.61,0.41,3.97,-12.70,7.08,66.72,22.34,-35.77,1
s,2022-10-16 22:35:15.243616,0.57,0.58,0.44,3.97,-12.70,7.08,66.72,22.34,-35.77,1
s,2022-10-16 22:35:15.251050,0.50,0.63,0.48,9.16,-15.75,4.15,66.72,22.34,-35.77,1
s,2022-10-16 22:35:15.259759,0.47,0.67,0.53,12.76,-23.32,1.59,66.72,22.34,-35.77,1
s,2022-10-16 22:35:15.268815,0.48,0.60,0.50,23.62,-33.94,-1.53,66.72,22.34,-35.77,1
s,2022-10-16 22:35:15.277649,0.61,0.59,0.43,27.16,-45.53,-23.13,67.25,21.06,-34.89,1
s,2022-10-16 22:35:15.286995,0.69,0.56,0.41,13.31,-55.30,-24.35,67.25,21.06,-34.89,1
s,2022-10-16 22:35:15.294627,0.76,0.58,0.41,-0.85,-50.48,-30.52,67.25,21.06,-34.89,1
s,2022-10-16 22:35:15.301950,0.76,0.58,0.41,-0.85,-50.48,-30.52,67.25,21.06,-34.89,1
s,2022-10-16 22:35:15.309998,0.75,0.77,0.35,-9.46,-44.98,-15.75,67.25,21.06,-34.89,1
s,2022-10-16 22:35:15.319241,0.71,0.75,0.43,12.02,-21.97,-14.59,67.25,21.06,-34.89,1
s,2022-10-16 22:35:15.327075,0.68,0.67,0.47,12.02,-21.97,-14.59,67.21,20.87,-34.81,1
s,2022-10-16 22:35:15.335647,0.66,0.56,0.54,20.26,-9.77,-4.70,67.21,20.87,-34.81,1
s,2022-10-16 22:35:15.343118,0.63,0.49,0.59,20.26,-9.77,-4.70,67.21,20.87,-34.81,1
s,2022-10-16 22:35:15.351884,0.61,0.43,0.60,17.88,-10.50,-12.02,67.21,20.87,-34.81,1
s,2022-10-16 22:35:15.359633,0.59,0.39,0.60,17.88,-10.50,-12.02,67.21,20.87,-34.81,1
s,2022-10-16 22:35:15.367647,0.60,0.48,0.50,-0.37,-22.95,-21.12,67.21,20.87,-34.81,1
s,2022-10-16 22:35:15.377186,0.59,0.55,0.50,-8.12,-26.98,-27.04,67.55,20.62,-34.42,1
s,2022-10-16 22:35:15.386335,0.57,0.57,0.48,-17.52,-31.43,-31.37,67.55,20.62,-34.42,1
s,2022-10-16 22:35:15.394626,0.60,0.69,0.41,-15.81,-28.93,-28.02,67.55,20.62,-34.42,1
s,2022-10-16 22:35:15.402669,0.60,0.74,0.41,-7.20,-24.17,-21.85,67.55,20.62,-34.42,1
s,2022-10-16 22:35:15.411683,0.61,0.73,0.43,-0.55,-20.57,-15.87,67.55,20.62,-34.42,1
s,2022-10-16 22:35:15.419076,0.61,0.73,0.43,6.84,-16.24,-9.34,67.55,20.62,-34.42,1
s,2022-10-16 22:35:15.428980,0.60,0.71,0.48,13.37,-14.04,-5.07,68.02,19.54,-34.02,1
s,2022-10-16 22:35:15.437872,0.60,0.65,0.50,18.68,-13.31,-2.20,68.02,19.54,-34.02,1
s,2022-10-16 22:35:15.445731,0.60,0.59,0.51,24.05,-13.00,0.12,68.02,19.54,-34.02,1
s,2022-10-16 22:35:15.454799,0.59,0.53,0.53,26.79,-12.94,1.04,68.02,19.54,-34.02,1
s,2022-10-16 22:35:15.462364,0.58,0.50,0.55,23.32,-13.31,0.73,68.02,19.54,-34.02,1
s,2022-10-16 22:35:15.470472,0.57,0.49,0.56,15.69,-15.20,-1.34,68.02,19.54,-34.02,1
s,2022-10-16 22:35:15.479982,0.59,0.52,0.50,7.75,-18.37,-3.72,68.29,19.57,-33.01,1
s,2022-10-16 22:35:15.489417,0.62,0.61,0.45,1.40,-19.71,-5.13,68.29,19.57,-33.01,1
s,2022-10-16 22:35:15.498365,0.62,0.63,0.49,1.40,-16.24,-3.42,68.29,19.57,-33.01,1
s,2022-10-16 22:35:15.505795,0.61,0.62,0.49,4.52,-12.88,-0.49,68.29,19.57,-33.01,1
s,2022-10-16 22:35:15.515248,0.61,0.59,0.54,7.57,-10.01,1.77,68.29,19.57,-33.01,1
s,2022-10-16 22:35:15.522766,0.60,0.56,0.56,6.90,-8.67,3.30,68.29,19.57,-33.01,1
s,2022-10-16 22:35:15.532360,0.60,0.54,0.56,3.05,-8.54,3.78,67.94,19.24,-33.53,1
s,2022-10-16 22:35:15.540881,0.59,0.54,0.54,0.79,-9.09,3.42,67.94,19.24,-33.53,1
s,2022-10-16 22:35:15.550161,0.56,0.54,0.56,-1.95,-10.31,3.17,67.94,19.24,-33.53,1
s,2022-10-16 22:35:15.558364,0.56,0.54,0.52,-5.86,-12.27,2.87,67.94,19.24,-33.53,1
s,2022-10-16 22:35:15.566641,0.43,0.54,0.50,-11.05,-13.85,2.87,67.94,19.24,-33.53,1
s,2022-10-16 22:35:15.576977,0.59,0.65,0.54,-22.16,-16.54,4.82,67.82,19.46,-33.90,1
s,2022-10-16 22:35:15.585367,0.61,0.63,0.51,-20.63,-1.71,10.07,67.82,19.46,-33.90,1
s,2022-10-16 22:35:15.593043,0.65,0.59,0.52,-20.63,-1.71,10.07,67.82,19.46,-33.90,1
s,2022-10-16 22:35:15.601129,0.66,0.56,0.51,-13.67,-11.72,10.50,67.82,19.46,-33.90,1
s,2022-10-16 22:35:15.609358,0.66,0.56,0.52,-14.95,-7.51,9.58,67.82,19.46,-33.90,1
s,2022-10-16 22:35:15.618217,0.60,0.60,0.54,-15.69,-4.52,6.47,67.82,19.46,-33.90,1
s,2022-10-16 22:35:15.627600,0.63,0.61,0.52,-15.69,-4.52,6.47,67.77,18.81,-34.07,1
s,2022-10-16 22:35:15.635284,0.59,0.62,0.50,-10.01,-0.37,6.84,67.77,18.81,-34.07,1
s,2022-10-16 22:35:15.643426,0.57,0.64,0.50,-10.01,-0.37,6.84,67.77,18.81,-34.07,1
s,2022-10-16 22:35:15.654163,0.54,0.63,0.50,-5.86,1.10,11.84,67.77,18.81,-34.07,1
s,2022-10-16 22:35:15.658695,0.53,0.64,0.51,-5.86,1.10,11.84,67.77,18.81,-34.07,1
s,2022-10-16 22:35:15.667931,0.53,0.68,0.54,0.79,4.88,17.21,67.77,18.81,-34.07,1
s,2022-10-16 22:35:15.676274,0.53,0.58,0.53,10.99,7.26,24.35,66.98,18.82,-33.72,1
s,2022-10-16 22:35:15.684976,0.57,0.66,0.56,16.11,8.48,32.47,66.98,18.82,-33.72,1
s,2022-10-16 22:35:15.691725,0.57,0.66,0.54,16.11,8.48,32.47,66.98,18.82,-33.72,1
s,2022-10-16 22:35:15.699850,0.55,0.69,0.56,32.10,14.65,38.45,66.98,18.82,-33.72,1
s,2022-10-16 22:35:15.708226,0.59,0.52,0.60,48.28,19.59,47.49,66.98,18.82,-33.72,1
s,2022-10-16 22:35:15.717639,0.60,0.38,0.61,49.74,18.92,48.46,66.98,18.82,-33.72,1
s,2022-10-16 22:35:15.725983,0.62,0.43,0.58,32.04,13.00,39.43,67.11,19.93,-33.87,1
s,2022-10-16 22:35:15.734359,0.61,0.46,0.52,17.03,7.45,27.83,67.11,19.93,-33.87,1
s,2022-10-16 22:35:15.743083,0.57,0.66,0.43,1.71,4.46,16.30,67.11,19.93,-33.87,1
s,2022-10-16 22:35:15.750016,0.54,0.84,0.43,1.71,4.46,16.30,67.11,19.93,-33.87,1
s,2022-10-16 22:35:15.758172,0.53,0.81,0.47,14.34,14.89,25.51,67.11,19.93,-33.87,1
s,2022-10-16 22:35:15.766616,0.54,0.71,0.52,31.31,20.45,35.34,67.11,19.93,-33.87,1
s,2022-10-16 22:35:15.776687,0.57,0.65,0.51,36.38,20.94,39.86,66.91,21.13,-35.42,1
s,2022-10-16 22:35:15.784421,0.59,0.63,0.56,37.54,22.22,46.39,66.91,21.13,-35.42,1
s,2022-10-16 22:35:15.791926,0.61,0.52,0.60,37.54,22.22,46.39,66.91,21.13,-35.42,1
s,2022-10-16 22:35:15.800916,0.56,0.44,0.60,49.01,22.71,42.72,66.91,21.13,-35.42,1
s,2022-10-16 22:35:15.809139,0.60,0.59,0.52,44.37,20.08,34.97,66.91,21.13,-35.42,1
s,2022-10-16 22:35:15.817139,0.60,0.60,0.57,46.14,21.18,32.96,66.91,21.13,-35.42,1
s,2022-10-16 22:35:15.826131,0.51,0.53,0.56,46.51,20.87,31.13,66.27,23.25,-36.02,1
s,2022-10-16 22:35:15.835654,0.51,0.78,0.43,35.71,13.98,18.55,66.27,23.25,-36.02,1
s,2022-10-16 22:35:15.842228,0.56,0.93,0.41,35.71,13.98,18.55,66.27,23.25,-36.02,1
s,2022-10-16 22:35:15.849831,0.58,0.84,0.48,53.28,21.36,29.42,66.27,23.25,-36.02,1
s,2022-10-16 22:35:15.858755,0.56,0.65,0.58,68.60,27.77,40.41,66.27,23.25,-36.02,1
s,2022-10-16 22:35:15.867363,0.54,0.49,0.66,71.29,26.98,43.03,66.27,23.25,-36.02,1
s,2022-10-16 22:35:15.876758,0.50,0.42,0.69,67.69,21.36,37.60,65.41,25.66,-37.23,1
s,2022-10-16 22:35:15.884735,0.51,0.49,0.63,60.97,8.06,20.39,65.41,25.66,-37.23,1
s,2022-10-16 22:35:15.892043,0.54,0.48,0.61,60.97,8.06,20.39,65.41,25.66,-37.23,1
s,2022-10-16 22:35:15.901119,0.51,0.40,0.59,58.17,5.92,15.93,65.41,25.66,-37.23,1
s,2022-10-16 22:35:15.908719,0.50,0.40,0.61,44.13,4.27,10.50,65.41,25.66,-37.23,1
s,2022-10-16 22:35:15.917861,0.50,0.54,0.57,25.76,0.55,3.97,65.41,25.66,-37.23,1
s,2022-10-16 22:35:15.926205,0.51,0.65,0.54,12.45,-0.37,1.77,65.82,25.83,-38.27,1
s,2022-10-16 22:35:15.935499,0.51,0.72,0.50,10.31,3.11,7.93,65.82,25.83,-38.27,1
s,2022-10-16 22:35:15.942038,0.51,0.74,0.49,10.31,3.11,7.93,65.82,25.83,-38.27,1
s,2022-10-16 22:35:15.951655,0.51,0.69,0.50,15.69,5.92,13.12,65.82,25.83,-38.27,1
s,2022-10-16 22:35:15.961264,0.52,0.59,0.55,24.11,11.23,18.01,65.82,25.83,-38.27,1
s,2022-10-16 22:35:15.967275,0.53,0.46,0.61,24.11,11.23,18.01,65.82,25.83,-38.27,1
s,2022-10-16 22:35:15.976812,0.54,0.37,0.66,22.09,11.54,15.38,65.11,27.32,-38.05,1
s,2022-10-16 22:35:15.984916,0.54,0.27,0.71,2.75,6.53,0.98,65.11,27.32,-38.05,1
s,2022-10-16 22:35:15.992244,0.55,0.21,0.73,2.75,6.53,0.98,65.11,27.32,-38.05,1
