T,2022-11-08 15:05:07.417923,0.05,-0.49,0.88,10.07,17.33,23.74,-4.39,13.98,-21.89,1
T,2022-11-08 15:05:07.449056,-0.01,-0.61,0.89,-2.01,12.39,18.92,-4.39,13.98,-21.89,1
T,2022-11-08 15:05:07.464803,0.05,-0.47,0.89,-11.78,11.60,14.53,-4.17,14.47,-21.73,1
T,2022-11-08 15:05:07.480432,0.07,-0.36,0.92,-11.78,11.23,23.62,-4.17,14.47,-21.73,1
T,2022-11-08 15:05:07.511551,0.12,-0.34,0.92,-11.41,2.75,29.72,-4.17,14.47,-21.73,1
T,2022-11-08 15:05:07.530471,0.19,-0.40,0.85,-27.16,-15.20,28.02,-3.88,14.75,-20.02,1
T,2022-11-08 15:05:07.543850,0.13,-0.39,0.94,-44.74,-12.82,13.92,-3.88,14.75,-20.02,1
T,2022-11-08 15:05:07.574615,-1.41,-0.30,1.03,-58.04,-11.17,-5.62,-4.25,13.75,-19.74,1
T,2022-11-08 15:05:07.591246,0.03,0.37,1.08,-6.84,3.72,0.49,-4.25,13.75,-19.74,1
T,2022-11-08 15:05:07.606372,0.08,-0.22,1.04,49.07,-2.81,31.31,-4.25,13.75,-19.74,1
T,2022-11-08 15:05:07.622126,0.02,-0.42,0.83,46.69,-3.17,28.75,-4.04,14.38,-20.79,1
T,2022-11-08 15:05:07.653255,0.02,-0.62,0.75,12.76,31.62,-42.60,-4.04,14.38,-20.79,1
T,2022-11-08 15:05:07.671142,0.10,-0.24,0.83,-17.46,57.01,-90.21,-3.28,14.10,-20.40,1
T,2022-11-08 15:05:07.684765,0.12,-0.13,0.99,-26.98,62.38,-98.27,-3.28,14.10,-20.40,1
T,2022-11-08 15:05:07.700516,0.10,-0.18,1.01,-33.14,45.47,-82.09,-3.28,14.10,-20.40,1
T,2022-11-08 15:05:07.731646,0.06,-0.19,1.09,-24.54,23.07,-47.00,-2.48,13.35,-21.34,1
T,2022-11-08 15:05:07.748013,0.08,-0.48,0.99,24.96,-7.57,17.33,-2.48,13.35,-21.34,1
T,2022-11-08 15:05:07.763145,0.05,-0.83,0.79,16.72,-9.70,22.95,-2.48,13.35,-21.34,1
T,2022-11-08 15:05:07.778882,-0.05,-0.43,0.86,-42.66,-1.46,4.70,-3.63,14.69,-20.08,1
T,2022-11-08 15:05:07.810029,-0.00,-0.25,1.03,1.59,-1.59,34.42,-3.63,14.69,-20.08,1
T,2022-11-08 15:05:07.825783,0.07,-0.35,0.96,23.07,-11.54,52.00,-3.94,14.16,-21.40,1
T,2022-11-08 15:05:07.841394,0.21,-0.43,0.81,34.24,-11.11,47.00,-3.94,14.16,-21.40,1
T,2022-11-08 15:05:07.857025,0.27,-0.50,0.81,6.53,-2.87,30.76,-3.94,14.16,-21.40,1
T,2022-11-08 15:05:07.889292,0.24,-0.32,0.88,-34.12,2.50,12.70,-4.14,13.60,-21.63,1
T,2022-11-08 15:05:07.903928,0.23,-0.18,0.86,-43.15,-3.48,-9.28,-4.14,13.60,-21.63,1
T,2022-11-08 15:05:07.919664,-1.92,0.08,0.88,-68.48,-9.83,-16.85,-3.45,12.67,-20.81,1
T,2022-11-08 15:05:07.950815,0.08,0.11,1.17,22.09,7.69,0.67,-3.45,12.67,-20.81,1
T,2022-11-08 15:05:07.966439,0.07,-0.55,1.11,57.50,-16.24,5.74,-3.45,12.67,-20.81,1
T,2022-11-08 15:05:07.982183,0.06,-0.48,1.04,6.23,-54.20,-25.15,-3.41,12.60,-20.13,1
T,2022-11-08 15:05:07.997796,0.07,-0.33,1.11,-48.46,-116.09,-56.21,-3.41,12.60,-20.13,1
T,2022-11-08 15:05:08.029172,0.12,-0.23,1.00,-37.54,-153.02,-68.18,-4.09,11.54,-20.45,1
T,2022-11-08 15:05:08.046810,0.03,-0.07,0.88,21.85,-170.96,-68.66,-4.09,11.54,-20.45,1
T,2022-11-08 15:05:08.062022,-0.12,-0.06,0.79,57.92,-161.44,-55.24,-4.09,11.54,-20.45,1
T,2022-11-08 15:05:08.077139,-0.26,-0.21,0.73,59.75,-138.37,-42.48,-4.50,10.68,-17.40,1
T,2022-11-08 15:05:08.109900,-0.43,-0.33,0.61,23.25,-74.77,-16.54,-4.50,10.68,-17.40,1
T,2022-11-08 15:05:08.125416,-0.50,-0.43,0.53,0.67,-13.73,2.01,-3.74,11.87,-16.43,1
T,2022-11-08 15:05:08.140560,-0.62,-0.47,0.69,-25.63,37.23,15.08,-3.74,11.87,-16.43,1
T,2022-11-08 15:05:08.156329,-0.70,-0.29,0.69,3.78,82.52,50.48,-3.74,11.87,-16.43,1
T,2022-11-08 15:05:08.187443,-0.28,-0.49,0.82,22.03,101.14,73.97,-3.36,11.88,-17.24,1
T,2022-11-08 15:05:08.203165,-0.15,-0.61,0.83,25.57,107.36,93.87,-3.36,11.88,-17.24,1
T,2022-11-08 15:05:08.218808,-0.05,-0.69,0.88,27.34,90.33,112.55,-3.66,11.38,-19.53,1
T,2022-11-08 15:05:08.234434,0.04,-0.88,0.86,25.27,63.66,110.47,-3.66,11.38,-19.53,1
