u,2022-10-14 10:56:54.399634,2.370380,10.736148,4.362458,0.382718,-0.092912,-0.475930,28.992101,25.647760,-58.801250,1
u,2022-10-14 10:56:54.494948,-0.641679,9.529409,2.973750,0.533988,-0.049635,-0.720013,28.992101,25.647760,-58.801250,1
u,2022-10-14 10:56:54.590885,-1.695181,8.236474,1.690392,0.473666,0.917773,-0.299892,40.588943,19.633802,-62.210018,1
u,2022-10-14 10:56:54.687243,-0.818859,8.959560,0.723086,0.371533,1.429107,-0.368869,71.338142,7.429007,-54.881168,1
u,2022-10-14 10:56:54.782733,1.134909,10.329113,0.378303,0.593510,1.423381,-0.364209,78.542243,9.020936,-21.304801,1
u,2022-10-14 10:56:54.878355,3.261069,10.242918,1.087023,0.630129,1.098204,0.480825,78.542243,9.020936,-21.304801,1
u,2022-10-14 10:56:54.959394,4.860477,9.347440,1.441383,0.236109,0.257565,0.758996,66.593978,13.619846,-13.123758,1
u,2022-10-14 10:56:55.055024,6.546081,10.496716,2.130948,0.039831,-0.075602,0.666184,53.240043,12.558559,-7.328852,1
u,2022-10-14 10:56:55.150891,4.448653,8.806324,-1.843629,0.312676,-0.475615,0.003313,47.617332,14.681132,-1.874822,1
u,2022-10-14 10:56:55.246834,2.197989,7.020157,-2.236298,-0.164437,-0.224075,0.813459,47.617332,14.681132,-1.874822,1
u,2022-10-14 10:56:55.342180,2.178835,8.375345,-1.345610,-0.056311,0.328672,0.802673,46.563072,18.572515,6.647098,1
u,2022-10-14 10:56:55.437830,5.310610,9.912501,-0.512385,-0.228487,0.163288,-0.159808,41.467491,17.688110,9.885428,1
u,2022-10-14 10:56:55.519494,5.928346,10.108835,-0.670411,0.380987,-0.654182,-0.638385,41.291782,11.143510,16.191648,1
u,2022-10-14 10:56:55.614629,1.953768,7.417615,-0.598581,0.286976,-0.159226,-0.084040,55.172847,15.565538,10.226305,1
u,2022-10-14 10:56:55.709727,2.557138,6.579602,-0.531540,0.231448,0.093245,0.635690,55.172847,15.565538,10.226305,1
u,2022-10-14 10:56:55.806597,6.268340,9.395327,-0.747029,-0.355122,0.294717,0.257516,52.010074,14.858014,11.930689,1
u,2022-10-14 10:56:55.902283,4.554004,9.869402,-1.015193,-0.116899,-0.032990,-0.318934,48.671588,7.605887,20.282171,1
u,2022-10-14 10:56:55.997985,5.348919,10.281227,1.589831,0.170994,0.081261,-0.817353,48.671588,7.605887,20.282171,1
