u,2022-10-14 10:57:00.669178,-1.541944,8.437597,-1.010405,0.348096,0.796464,-1.071156,47.968750,-76.943283,-44.484424,1
u,2022-10-14 10:57:00.765194,1.484481,8.878152,-0.627313,0.156080,1.688503,-0.804569,76.082305,-50.057353,-30.508474,1
u,2022-10-14 10:57:00.861007,4.362458,7.733665,-0.071830,-0.146194,1.901293,0.054846,76.082305,-50.057353,-30.508474,1
u,2022-10-14 10:57:00.956415,7.494233,7.676202,0.914632,-0.343670,1.055061,0.616915,70.283882,-25.824642,-13.635073,1
u,2022-10-14 10:57:01.052945,6.819034,10.113624,1.115755,-0.056311,-0.113020,-0.084040,50.077266,-14.327370,-12.101127,1
u,2022-10-14 10:57:01.148135,3.610640,7.398460,-0.114928,0.053014,-0.072805,0.206915,46.914493,-13.973608,-10.737620,1
u,2022-10-14 10:57:01.244906,5.023291,8.068871,1.585042,-0.330487,0.339725,-0.013465,44.278846,-14.504251,-7.840167,1
u,2022-10-14 10:57:01.340792,6.258762,14.983678,6.230030,-1.112803,0.881153,-0.056343,44.278846,-14.504251,-7.840167,1
u,2022-10-14 10:57:01.436781,5.301033,10.022640,1.790954,-0.315973,-0.039648,-0.599236,52.537204,-3.006979,-6.306221,1
u,2022-10-14 10:57:01.532648,4.084716,8.791957,1.058291,0.287908,-0.503045,-0.243166,62.376945,-16.449943,-12.101127,1
u,2022-10-14 10:57:01.628009,3.069523,8.049716,1.632929,0.133709,0.087120,0.264440,62.376945,-28.124095,-14.487265,1
u,2022-10-14 10:57:01.723720,5.521310,7.834227,2.049541,-0.654732,0.650387,0.211575,62.376945,-28.124095,-14.487265,1
u,2022-10-14 10:57:01.819649,6.124680,10.084892,1.838841,-0.328224,0.105097,0.094395,65.715431,-15.565538,-14.316826,1
u,2022-10-14 10:57:01.901897,4.889209,8.595623,2.183623,-0.111439,0.062619,-0.851175,69.053916,-11.851035,-11.760251,1
