Z,2022-10-29 17:55:11.381266,-0.68,-0.74,0.09,-64.09,55.91,52.73,1.97,35.44,42.16,1
Z,2022-10-29 17:55:11.399150,-0.59,-0.87,0.61,-29.48,68.12,87.71,1.97,35.44,42.16,1
Z,2022-10-29 17:55:11.417986,-0.36,-1.18,0.51,-12.15,49.13,106.38,-1.43,37.41,39.61,1
Z,2022-10-29 17:55:11.436255,-0.27,-1.17,0.26,-7.08,41.14,96.92,-1.43,37.41,39.61,1
Z,2022-10-29 17:55:11.454181,-0.23,-1.10,0.12,26.37,42.24,81.05,-1.43,37.41,39.61,1
Z,2022-10-29 17:55:11.473189,-0.18,-1.08,-0.12,54.69,33.08,70.13,-8.79,36.46,39.29,1
Z,2022-10-29 17:55:11.491234,-0.07,-1.10,-0.42,49.80,31.68,62.26,-8.79,36.46,39.29,1
Z,2022-10-29 17:55:11.509250,0.05,-1.11,-0.46,34.36,21.48,45.41,-8.79,36.46,39.29,1
Z,2022-10-29 17:55:11.527965,0.09,-1.07,-0.55,25.63,1.46,16.72,-16.03,36.02,39.78,1
Z,2022-10-29 17:55:11.546242,0.07,-0.96,-0.52,1.16,-12.76,-3.97,-16.03,36.02,39.78,1
Z,2022-10-29 17:55:11.565257,-0.00,-0.91,-0.52,-18.49,-41.26,-14.59,-18.86,37.94,40.47,1
Z,2022-10-29 17:55:11.583429,-0.14,-0.91,-0.52,-54.20,-50.72,-19.17,-18.86,37.94,40.47,1
Z,2022-10-29 17:55:11.601220,-0.16,-0.89,-0.43,-68.91,-50.05,-27.34,-18.86,37.94,40.47,1
Z,2022-10-29 17:55:11.620239,-0.15,-0.88,-0.34,-75.26,-42.60,-35.34,-16.06,43.62,42.47,1
Z,2022-10-29 17:55:11.638290,-0.48,-0.74,-0.10,-74.16,-26.67,-35.40,-16.06,43.62,42.47,1
Z,2022-10-29 17:55:11.656258,-0.48,-0.84,0.11,-58.35,19.90,-4.03,-16.06,43.62,42.47,1
Z,2022-10-29 17:55:11.675139,-0.27,-0.94,0.54,-27.95,34.91,15.87,-13.59,46.97,38.73,1
Z,2022-10-29 17:55:11.693201,-0.29,-1.08,0.31,-4.27,5.37,13.92,-13.59,46.97,38.73,1
Z,2022-10-29 17:55:11.711310,-0.44,-1.10,0.12,34.36,7.08,-13.18,-13.59,46.97,38.73,1
Z,2022-10-29 17:55:11.730052,-0.49,-1.09,0.05,62.44,40.83,-28.32,-15.17,45.23,39.23,1
Z,2022-10-29 17:55:11.748151,-0.36,-0.84,0.26,38.57,98.45,-10.93,-15.17,45.23,39.23,1
Z,2022-10-29 17:55:11.766980,-0.22,-0.75,0.45,42.42,91.31,13.92,-22.41,42.13,38.20,1
Z,2022-10-29 17:55:11.785167,-0.13,-0.90,0.14,73.91,42.05,26.86,-22.41,42.13,38.20,1
Z,2022-10-29 17:55:11.803178,-0.15,-1.03,-0.19,81.48,1.95,22.52,-22.41,42.13,38.20,1
Z,2022-10-29 17:55:11.822173,-0.09,-1.01,-0.36,73.73,-23.01,6.53,-28.44,37.15,38.11,1
Z,2022-10-29 17:55:11.840346,-0.17,-1.00,-0.68,71.66,-50.84,-6.77,-28.44,37.15,38.11,1
Z,2022-10-29 17:55:11.858240,-0.17,-1.15,-0.48,21.00,-39.73,-31.07,-28.44,37.15,38.11,1
Z,2022-10-29 17:55:11.877164,0.02,-1.07,-0.45,16.17,-70.68,-78.06,-29.22,33.02,41.20,1
Z,2022-10-29 17:55:11.895262,-0.09,-1.01,-0.48,20.26,-100.83,-115.66,-29.22,33.02,41.20,1
Z,2022-10-29 17:55:11.913316,-0.33,-1.06,-0.54,52.67,-91.92,-137.82,-29.22,33.02,41.20,1
Z,2022-10-29 17:55:11.932262,-0.53,-0.88,-0.41,47.55,-43.27,-147.83,-26.62,26.14,47.69,1
Z,2022-10-29 17:55:11.950149,-0.71,-0.61,0.05,56.52,32.10,-107.60,-26.62,26.14,47.69,1
Z,2022-10-29 17:55:11.969081,-0.62,-0.69,0.25,64.64,50.54,-43.27,-27.12,20.30,47.68,1
Z,2022-10-29 17:55:11.987257,-0.63,-0.94,0.13,71.11,46.02,-12.02,-27.12,20.30,47.68,1
Z,2022-10-29 17:55:12.005285,-0.73,-0.92,-0.12,54.14,56.27,4.39,-27.12,20.30,47.68,1
Z,2022-10-29 17:55:12.024230,-0.62,-0.76,-0.02,26.25,85.94,32.84,-31.07,16.99,44.48,1
