i,2022-11-01 20:31:47.983945,0.29,-0.07,0.92,3.05,1.34,1.46,17.16,11.04,-96.22,1
i,2022-11-01 20:31:48.002322,0.01,-0.10,1.04,-4.15,1.95,-3.23,17.16,11.04,-96.22,1
i,2022-11-01 20:31:48.020982,0.28,-0.05,0.94,9.64,1.53,-3.17,17.42,11.06,-97.61,1
i,2022-11-01 20:31:48.039091,0.26,-0.04,0.92,3.30,1.04,-4.46,17.42,11.06,-97.61,1
i,2022-11-01 20:31:48.057145,0.27,-0.03,0.90,-5.43,3.72,-4.15,17.42,11.06,-97.61,1
i,2022-11-01 20:31:48.076143,0.25,-0.02,0.88,-23.93,14.71,-1.16,17.41,11.11,-98.30,1
i,2022-11-01 20:31:48.093981,0.22,0.02,0.82,-21.30,19.90,2.14,17.41,11.11,-98.30,1
i,2022-11-01 20:31:48.112154,0.32,-0.06,0.98,32.04,-36.80,16.54,17.41,11.11,-98.30,1
i,2022-11-01 20:31:48.131107,0.19,-0.08,0.76,29.60,-36.99,9.03,18.63,10.63,-99.58,1
i,2022-11-01 20:31:48.149209,0.24,-0.09,0.88,3.91,-31.74,-2.69,18.63,10.63,-99.58,1
i,2022-11-01 20:31:48.167307,0.19,-0.09,0.88,-27.65,-23.93,-11.23,18.63,10.63,-99.58,1
i,2022-11-01 20:31:48.186158,0.23,0.05,0.96,-48.77,-22.03,-14.47,20.72,9.20,-100.33,1
i,2022-11-01 20:31:48.204096,0.27,0.12,0.99,-33.51,-22.28,-9.34,20.72,9.20,-100.33,1
i,2022-11-01 20:31:48.222954,0.29,0.10,1.11,-0.43,-28.32,2.20,21.74,7.97,-103.99,1
i,2022-11-01 20:31:48.240970,0.28,0.02,1.17,9.46,-17.15,7.93,21.74,7.97,-103.99,1
i,2022-11-01 20:31:48.258940,0.31,0.01,1.23,4.09,-8.24,7.02,21.74,7.97,-103.99,1
i,2022-11-01 20:31:48.277918,0.28,0.01,1.15,6.16,-6.84,6.77,22.06,8.61,-103.71,1
i,2022-11-01 20:31:48.296112,0.24,-0.00,1.22,30.03,-26.61,3.54,22.06,8.61,-103.71,1
i,2022-11-01 20:31:48.313958,0.03,0.04,1.12,-7.20,40.89,3.66,22.06,8.61,-103.71,1
i,2022-11-01 20:31:48.332922,0.27,-0.00,1.28,32.65,54.26,9.16,21.35,9.77,-100.90,1
i,2022-11-01 20:31:48.351092,0.33,-0.08,1.03,48.10,60.97,17.09,21.35,9.77,-100.90,1
i,2022-11-01 20:31:48.369978,0.36,-0.18,0.87,23.80,61.52,7.39,18.04,12.22,-98.05,1
i,2022-11-01 20:31:48.388126,0.36,-0.18,0.78,-20.45,47.97,1.77,18.04,12.22,-98.05,1
i,2022-11-01 20:31:48.406319,0.41,-0.00,0.68,-25.57,33.75,-0.98,18.04,12.22,-98.05,1
i,2022-11-01 20:31:48.425084,0.37,0.11,0.66,-52.19,22.64,-10.74,14.78,12.90,-100.17,1
i,2022-11-01 20:31:48.443132,0.32,0.13,0.64,-71.84,13.06,-25.88,14.78,12.90,-100.17,1
i,2022-11-01 20:31:48.461310,0.19,-0.01,0.62,-61.89,2.26,-33.87,14.78,12.90,-100.17,1
i,2022-11-01 20:31:48.480072,0.02,0.08,0.85,29.54,-10.86,1.28,12.19,11.91,-99.32,1
i,2022-11-01 20:31:48.497968,0.17,-0.08,0.59,58.17,-4.82,27.10,12.19,11.91,-99.32,1
i,2022-11-01 20:31:48.516065,0.21,-0.04,0.71,70.31,-31.74,29.48,12.19,11.91,-99.32,1
i,2022-11-01 20:31:48.534959,0.23,0.04,1.04,45.72,-38.02,21.73,13.17,13.22,-97.51,1
i,2022-11-01 20:31:48.553327,0.27,0.21,1.15,-5.25,-8.18,-0.24,13.17,13.22,-97.51,1
i,2022-11-01 20:31:48.572169,0.33,0.04,1.11,31.62,-6.96,-4.64,14.27,12.38,-96.18,1
i,2022-11-01 20:31:48.590329,0.33,-0.14,1.02,43.76,0.55,-12.02,14.27,12.38,-96.18,1
i,2022-11-01 20:31:48.608054,0.36,-0.22,0.94,28.38,15.87,-20.81,14.27,12.38,-96.18,1
i,2022-11-01 20:31:48.626973,0.36,-0.17,1.00,19.10,18.68,-24.11,13.57,12.44,-96.59,1
i,2022-11-01 20:31:48.645152,0.42,-0.21,1.01,-0.12,23.93,-23.74,13.57,12.44,-96.59,1
i,2022-11-01 20:31:48.663127,0.30,-0.18,0.76,-41.69,42.60,-12.27,13.57,12.44,-96.59,1
i,2022-11-01 20:31:48.682148,0.23,-0.10,0.69,-65.43,27.77,-4.33,12.19,12.99,-96.53,1
i,2022-11-01 20:31:48.700111,0.22,-0.10,0.60,-54.57,4.27,13.37,12.19,12.99,-96.53,1
i,2022-11-01 20:31:48.718421,0.11,0.08,0.80,-25.70,-50.84,39.43,12.19,12.99,-96.53,1
i,2022-11-01 20:31:48.737340,-0.22,0.48,1.25,-7.57,-38.64,38.15,13.00,12.54,-98.43,1
i,2022-11-01 20:31:48.755239,-0.12,0.59,1.18,12.02,-7.93,14.34,13.00,12.54,-98.43,1
i,2022-11-01 20:31:48.774093,0.00,0.61,1.11,46.51,6.47,-0.24,15.25,12.74,-98.05,1
i,2022-11-01 20:31:48.791978,0.12,0.41,1.01,106.26,16.66,-9.22,15.25,12.74,-98.05,1
i,2022-11-01 20:31:48.810124,0.38,0.18,0.85,68.79,25.88,-30.33,15.25,12.74,-98.05,1
i,2022-11-01 20:31:48.829003,0.46,-0.00,0.80,22.09,31.62,-51.09,15.52,13.96,-98.41,1
i,2022-11-01 20:31:48.847003,0.48,-0.14,0.73,3.42,21.36,-56.76,15.52,13.96,-98.41,1
i,2022-11-01 20:31:48.877567,0.43,-0.27,0.81,-2.93,5.43,-52.80,15.52,13.96,-98.41,1
i,2022-11-01 20:31:48.884092,0.36,-0.31,0.90,1.04,-3.30,-39.31,15.93,12.40,-98.84,1
i,2022-11-01 20:31:48.902382,0.42,-0.29,0.94,12.63,-1.40,-30.33,15.93,12.40,-98.84,1
i,2022-11-01 20:31:48.921359,0.48,-0.36,0.91,14.10,-2.32,-24.29,16.15,12.07,-101.87,1
i,2022-11-01 20:31:48.939252,0.46,-0.44,0.86,3.17,-6.77,-19.41,16.15,12.07,-101.87,1
i,2022-11-01 20:31:48.957254,0.41,-0.43,0.88,-15.99,-13.98,-8.97,16.15,12.07,-101.87,1
i,2022-11-01 20:31:48.976147,0.30,-0.30,1.01,-25.33,-14.16,-5.68,16.13,12.12,-103.61,1
i,2022-11-01 20:31:48.994162,0.32,-0.24,1.01,-15.44,-9.34,0.00,16.13,12.12,-103.61,1
