z,2022-10-18 18:42:36.658113,0.12,0.11,0.92,-15.69,-11.11,-6.23,-0.57,-14.25,-157.01,1
z,2022-10-18 18:42:36.677870,0.10,0.02,0.91,-12.88,-9.64,-1.34,-0.50,-13.62,-158.56,1
z,2022-10-18 18:42:36.696254,0.17,0.03,0.86,-14.22,-13.00,7.45,-0.50,-13.62,-158.56,1
z,2022-10-18 18:42:36.714134,0.11,0.19,0.91,-25.57,-20.26,5.68,-0.50,-13.62,-158.56,1
z,2022-10-18 18:42:36.733059,-0.01,0.25,0.99,-31.56,-18.07,-3.23,-0.67,-14.36,-159.05,1
z,2022-10-18 18:42:36.750981,0.01,0.26,0.96,-32.53,-4.52,-10.01,-0.67,-14.36,-159.05,1
z,2022-10-18 18:42:36.769974,0.07,0.23,0.93,-37.48,-2.01,-8.85,-0.59,-15.67,-161.40,1
z,2022-10-18 18:42:36.787979,0.08,0.22,0.85,-28.99,-3.30,-1.65,-0.59,-15.67,-161.40,1
z,2022-10-18 18:42:36.806026,0.09,0.20,0.86,-8.30,-10.19,13.98,-0.59,-15.67,-161.40,1
z,2022-10-18 18:42:36.824983,-0.68,0.59,1.54,-19.41,-20.08,9.22,-1.15,-16.74,-164.27,1
z,2022-10-18 18:42:36.842837,0.06,0.34,0.93,5.43,-0.06,-3.60,-1.15,-16.74,-164.27,1
z,2022-10-18 18:42:36.860690,0.07,0.53,0.91,15.26,0.85,10.80,-1.15,-16.74,-164.27,1
z,2022-10-18 18:42:36.879557,0.09,0.58,0.90,54.14,4.09,28.63,-0.63,-16.82,-162.24,1
z,2022-10-18 18:42:36.897987,0.15,0.87,0.90,-13.24,-22.77,-53.96,-0.63,-16.82,-162.24,1
z,2022-10-18 18:42:36.916880,-0.01,0.34,0.94,19.04,6.90,-48.46,-1.38,-15.20,-159.27,1
z,2022-10-18 18:42:36.934684,0.04,0.26,0.90,64.82,1.95,-9.70,-1.38,-15.20,-159.27,1
z,2022-10-18 18:42:36.952964,0.02,-0.09,0.97,67.26,-2.93,-1.16,-1.38,-15.20,-159.27,1
z,2022-10-18 18:42:36.971945,-0.00,-0.28,1.01,59.94,-5.80,14.34,-1.28,-10.99,-154.52,1
z,2022-10-18 18:42:36.989982,0.03,-0.27,1.05,36.68,-5.98,28.38,-1.28,-10.99,-154.52,1
z,2022-10-18 18:42:37.007959,0.07,-0.09,0.98,8.85,-4.33,14.83,-1.28,-10.99,-154.52,1
z,2022-10-18 18:42:37.026863,0.06,0.03,0.93,-27.71,-2.38,-10.07,-1.16,-9.25,-151.44,1
z,2022-10-18 18:42:37.045054,0.05,0.12,0.91,-50.60,-0.31,-28.50,-1.16,-9.25,-151.44,1
z,2022-10-18 18:42:37.062957,0.03,0.17,0.90,-59.27,3.85,-37.84,-1.16,-9.25,-151.44,1
z,2022-10-18 18:42:37.082079,-0.21,-0.22,0.85,12.70,-23.99,44.56,-2.36,-11.40,-153.44,1
z,2022-10-18 18:42:37.099652,0.09,0.38,0.86,84.84,-40.34,109.01,-2.36,-11.40,-153.44,1
z,2022-10-18 18:42:37.118682,0.04,0.12,0.85,41.02,-25.76,56.46,-2.66,-13.57,-153.80,1
z,2022-10-18 18:42:37.136953,-0.03,0.04,0.86,10.80,-12.57,32.10,-2.66,-13.57,-153.80,1
z,2022-10-18 18:42:37.154934,-0.00,0.10,0.87,-16.66,-13.92,16.17,-2.66,-13.57,-153.80,1
z,2022-10-18 18:42:37.173831,0.03,0.38,1.00,-27.89,-12.82,7.51,-5.69,-16.56,-154.83,1
z,2022-10-18 18:42:37.191905,0.01,0.37,1.03,-29.66,-5.19,0.73,-5.69,-16.56,-154.83,1
z,2022-10-18 18:42:37.209758,0.01,0.28,1.01,-10.86,1.65,13.92,-5.69,-16.56,-154.83,1
z,2022-10-18 18:42:37.228643,0.04,0.48,1.04,7.26,-0.92,28.02,-7.74,-18.82,-153.49,1
z,2022-10-18 18:42:37.247055,0.06,0.69,1.12,-18.86,-2.01,-8.06,-7.74,-18.82,-153.49,1
z,2022-10-18 18:42:37.266070,0.03,0.73,0.95,-12.88,-4.70,-14.10,-8.58,-20.52,-152.88,1
z,2022-10-18 18:42:37.283919,0.06,1.00,0.98,5.92,-20.39,-11.60,-8.58,-20.52,-152.88,1
z,2022-10-18 18:42:37.302076,-0.03,0.35,0.96,34.18,-8.06,-11.84,-8.58,-20.52,-152.88,1
z,2022-10-18 18:42:37.320762,0.02,0.83,0.92,51.64,-2.81,-13.12,-7.45,-18.05,-150.99,1
z,2022-10-18 18:42:37.339000,-0.04,0.14,0.85,29.48,7.14,-45.78,-7.45,-18.05,-150.99,1
z,2022-10-18 18:42:37.357052,-0.07,0.09,0.87,33.69,-1.83,-30.09,-7.45,-18.05,-150.99,1
z,2022-10-18 18:42:37.376202,-0.06,-0.11,0.92,23.62,-3.11,-30.15,-4.98,-15.81,-145.89,1
z,2022-10-18 18:42:37.395174,-0.22,-0.31,1.03,-6.47,4.27,-28.44,-4.98,-15.81,-145.89,1
z,2022-10-18 18:42:37.414016,-0.56,-0.32,1.28,-18.98,23.86,-22.09,-4.98,-15.81,-145.89,1
