k,2022-11-02 17:37:03.619492,0.08,-0.93,-0.44,-16.17,9.52,23.99,17.04,21.30,-14.03,1
k,2022-11-02 17:37:03.650433,0.13,-0.90,-0.42,-12.02,8.91,23.32,17.04,21.30,-14.03,1
k,2022-11-02 17:37:03.666021,0.18,-0.82,-0.38,-12.63,6.35,12.88,16.74,20.92,-14.29,1
k,2022-11-02 17:37:03.681925,0.14,-0.81,-0.36,-15.87,0.85,0.92,16.74,20.92,-14.29,1
k,2022-11-02 17:37:03.712892,-0.00,-0.80,-0.37,-10.56,-2.81,-4.46,17.09,20.43,-12.99,1
k,2022-11-02 17:37:03.728819,0.11,-0.85,-0.25,35.22,-17.03,-7.39,17.09,20.43,-12.99,1
k,2022-11-02 17:37:03.744471,0.04,-0.76,-0.60,33.26,-19.84,1.22,17.09,20.43,-12.99,1
k,2022-11-02 17:37:03.775398,0.05,-0.81,-0.65,-9.52,1.34,12.82,16.19,20.67,-14.15,1
k,2022-11-02 17:37:03.791018,-0.05,-0.85,-0.43,-23.93,18.55,2.44,16.19,20.67,-14.15,1
k,2022-11-02 17:37:03.806976,0.02,-0.78,-0.22,-22.52,20.63,-26.98,17.38,20.32,-14.61,1
k,2022-11-02 17:37:03.837895,0.02,-0.75,-0.27,-17.58,14.10,-33.45,17.38,20.32,-14.61,1
k,2022-11-02 17:37:03.853873,0.02,-0.82,-0.32,-8.67,16.91,-37.54,16.44,20.97,-13.37,1
k,2022-11-02 17:37:03.884780,0.05,-0.85,-0.32,3.11,19.71,-37.35,16.44,20.97,-13.37,1
k,2022-11-02 17:37:03.900648,0.04,-0.98,-0.43,7.69,17.33,-32.59,16.44,20.97,-13.37,1
k,2022-11-02 17:37:03.918513,0.04,-1.10,-0.43,2.38,16.97,-25.21,17.82,21.56,-13.54,1
k,2022-11-02 17:37:03.932840,0.05,-1.22,-0.42,5.80,10.68,-20.75,17.82,21.56,-13.54,1
k,2022-11-02 17:37:03.966698,0.03,-1.22,-0.48,5.31,1.53,-16.36,17.50,21.64,-13.64,1
k,2022-11-02 17:37:03.980455,0.01,-1.17,-0.52,3.85,-0.37,-14.28,17.50,21.64,-13.64,1
k,2022-11-02 17:37:04.011736,-0.02,-1.09,-0.62,9.28,-5.80,-5.37,17.50,21.64,-13.64,1
k,2022-11-02 17:37:04.027430,-0.17,-1.01,-0.36,7.51,-1.46,28.44,17.71,20.95,-13.21,1
k,2022-11-02 17:37:04.045284,0.01,-1.10,-0.53,46.88,-17.88,43.76,17.71,20.95,-13.21,1
k,2022-11-02 17:37:04.075302,0.13,-1.05,-0.58,42.85,-11.72,49.80,17.18,21.06,-12.45,1
k,2022-11-02 17:37:04.090938,0.21,-0.96,-0.49,17.52,3.97,52.43,17.18,21.06,-12.45,1
k,2022-11-02 17:37:04.106912,0.20,-0.93,-0.48,-0.31,10.56,50.35,16.82,20.45,-12.99,1
k,2022-11-02 17:37:04.138415,0.20,-0.87,-0.37,-24.35,19.04,35.71,16.82,20.45,-12.99,1
k,2022-11-02 17:37:04.154073,0.14,-0.83,-0.35,-35.71,23.93,10.80,16.82,20.45,-12.99,1
k,2022-11-02 17:37:04.170036,0.01,-0.74,-0.36,-40.77,23.56,-6.90,16.75,20.48,-12.21,1
k,2022-11-02 17:37:04.201200,0.03,-0.77,-0.34,44.86,-2.44,-16.54,16.75,20.48,-12.21,1
k,2022-11-02 17:37:04.218550,-0.01,-0.71,-0.71,30.40,-5.43,-5.98,16.93,19.78,-12.92,1
k,2022-11-02 17:37:04.233431,-0.14,-0.88,-0.60,-13.92,12.76,-1.71,16.93,19.78,-12.92,1
k,2022-11-02 17:37:04.264740,-0.07,-0.81,-0.51,-11.90,1.10,-26.86,16.58,20.69,-13.15,1
k,2022-11-02 17:37:04.280347,-0.02,-0.77,-0.49,-26.55,-8.36,-38.82,16.58,20.69,-13.15,1
k,2022-11-02 17:37:04.296268,0.01,-0.80,-0.43,-32.53,-4.94,-33.63,16.58,20.69,-13.15,1
k,2022-11-02 17:37:04.327220,0.05,-0.86,-0.31,-26.86,1.65,-17.70,16.65,21.24,-13.56,1
k,2022-11-02 17:37:04.342845,0.08,-1.00,-0.18,-5.43,1.95,-4.03,16.65,21.24,-13.56,1
k,2022-11-02 17:37:04.374109,0.08,-1.11,-0.13,13.12,0.12,6.71,17.85,21.85,-14.58,1
k,2022-11-02 17:37:04.389763,0.07,-1.15,-0.16,41.02,-11.47,4.33,17.85,21.85,-14.58,1
k,2022-11-02 17:37:04.405801,0.03,-1.11,-0.36,60.85,-17.64,-5.62,17.85,21.85,-14.58,1
k,2022-11-02 17:37:04.421392,0.02,-1.01,-0.47,57.92,-11.35,-13.00,17.47,21.48,-14.09,1
k,2022-11-02 17:37:04.452317,0.01,-0.90,-0.38,34.30,9.03,-8.06,17.47,21.48,-14.09,1
k,2022-11-02 17:37:04.468235,-0.01,-0.85,-0.32,25.70,24.17,-5.62,17.54,20.63,-13.15,1
k,2022-11-02 17:37:04.496907,-0.05,-0.84,-0.38,25.88,36.32,-13.61,17.54,20.63,-13.15,1
k,2022-11-02 17:37:04.517346,-0.06,-0.83,-0.45,23.80,37.78,-20.20,16.77,19.75,-12.52,1
k,2022-11-02 17:37:04.541679,-0.32,-0.75,-0.69,25.45,29.91,-23.68,16.77,19.75,-12.52,1
k,2022-11-02 17:37:04.560564,-0.80,-0.64,-0.69,32.90,8.42,13.24,16.77,19.75,-12.52,1
k,2022-11-02 17:37:04.582714,-0.42,-0.65,-1.02,78.43,-6.90,49.99,16.38,19.45,-11.56,1
