e,2022-10-31 16:49:09.358136,0.28,0.90,0.11,-9.28,6.04,10.31,-27.14,-54.55,-10.16,1
e,2022-10-31 16:49:09.378963,0.23,0.93,0.05,-9.77,3.66,7.14,-28.25,-54.74,-10.85,1
e,2022-10-31 16:49:09.398440,0.22,0.93,0.06,-3.36,4.94,7.20,-28.25,-54.74,-10.85,1
e,2022-10-31 16:49:09.420229,0.03,0.97,0.05,-7.51,2.26,4.21,-28.33,-55.75,-10.34,1
e,2022-10-31 16:49:09.436997,0.23,0.99,0.03,13.12,8.61,0.31,-28.33,-55.75,-10.34,1
e,2022-10-31 16:49:09.455808,0.24,0.91,0.12,5.62,13.85,5.31,-28.33,-55.75,-10.34,1
e,2022-10-31 16:49:09.474389,0.21,0.93,0.03,-1.16,8.24,4.15,-28.19,-55.26,-10.29,1
e,2022-10-31 16:49:09.492748,0.31,0.96,0.35,-7.51,-41.08,8.30,-28.19,-55.26,-10.29,1
e,2022-10-31 16:49:09.514515,0.21,1.07,-0.31,1.22,-54.26,-0.18,-27.92,-55.04,-8.59,1
e,2022-10-31 16:49:09.532265,0.27,0.97,-0.05,38.15,-31.98,0.98,-27.92,-55.04,-8.59,1
e,2022-10-31 16:49:09.551378,0.29,0.90,0.11,46.20,-36.62,-2.20,-27.92,-55.04,-8.59,1
e,2022-10-31 16:49:09.571624,0.28,0.96,0.06,33.33,-46.63,-15.01,-25.40,-55.97,-10.23,1
e,2022-10-31 16:49:09.591689,0.16,0.94,0.30,28.02,-33.33,-26.61,-25.40,-55.97,-10.23,1
e,2022-10-31 16:49:09.608658,0.14,0.93,0.42,28.50,-14.65,-27.89,-25.40,-55.97,-10.23,1
e,2022-10-31 16:49:09.628988,0.14,0.99,0.57,22.83,7.93,-2.26,-21.94,-56.99,-12.52,1
e,2022-10-31 16:49:09.648570,0.24,0.77,0.26,14.77,2.50,-6.41,-21.94,-56.99,-12.52,1
e,2022-10-31 16:49:09.671597,0.17,0.82,0.05,17.52,25.82,-11.05,-20.31,-57.18,-13.92,1
e,2022-10-31 16:49:09.686947,0.21,0.81,0.37,11.96,69.52,-2.50,-20.31,-57.18,-13.92,1
e,2022-10-31 16:49:09.705997,0.23,0.82,0.32,-8.73,54.20,7.87,-20.31,-57.18,-13.92,1
e,2022-10-31 16:49:09.726284,0.18,0.77,0.19,-14.16,40.47,16.05,-21.44,-57.36,-14.73,1
e,2022-10-31 16:49:09.745943,0.16,0.72,0.14,-38.64,38.02,29.48,-21.44,-57.36,-14.73,1
e,2022-10-31 16:49:09.764550,0.23,0.80,0.02,-74.28,11.11,31.01,-25.78,-56.14,-14.07,1
e,2022-10-31 16:49:09.783702,0.16,0.99,-0.13,-79.04,-12.70,41.02,-25.78,-56.14,-14.07,1
e,2022-10-31 16:49:09.803741,0.31,0.90,-0.15,-26.86,-25.70,53.28,-25.78,-56.14,-14.07,1
e,2022-10-31 16:49:09.824696,0.27,1.05,-0.13,-14.28,-20.57,40.65,-31.12,-53.34,-8.47,1
e,2022-10-31 16:49:09.842406,0.25,1.05,-0.05,1.53,-21.18,33.69,-31.12,-53.34,-8.47,1
e,2022-10-31 16:49:09.860021,0.32,1.10,0.08,4.94,-19.41,19.41,-31.12,-53.34,-8.47,1
e,2022-10-31 16:49:09.880172,0.28,1.05,0.19,10.80,-38.94,2.08,-33.44,-52.70,-8.20,1
e,2022-10-31 16:49:09.899729,0.29,0.99,0.29,5.37,-54.14,-9.89,-33.44,-52.70,-8.20,1
e,2022-10-31 16:49:09.922711,0.22,0.99,0.06,-18.49,-65.73,-27.04,-31.80,-53.72,-5.13,1
e,2022-10-31 16:49:09.939697,0.02,1.09,-0.02,0.98,-26.37,-36.56,-31.80,-53.72,-5.13,1
e,2022-10-31 16:49:09.958796,-0.02,1.08,0.26,14.95,10.80,-17.70,-31.80,-53.72,-5.13,1
e,2022-10-31 16:49:09.978903,-0.20,1.03,0.22,37.41,36.80,-24.84,-28.83,-55.19,-6.24,1
e,2022-10-31 16:49:09.999032,-0.05,0.87,0.66,47.24,65.25,-24.29,-28.83,-55.19,-6.24,1
e,2022-10-31 16:49:10.017931,0.07,0.89,0.58,19.96,56.40,-29.91,-28.22,-53.66,-9.70,1
e,2022-10-31 16:49:10.037538,0.22,0.83,0.48,-2.20,64.33,-18.62,-28.22,-53.66,-9.70,1
e,2022-10-31 16:49:10.056766,0.22,0.80,0.45,-14.40,66.16,-8.42,-28.22,-53.66,-9.70,1
e,2022-10-31 16:49:10.077776,0.21,0.74,0.44,-2.99,78.67,5.13,-28.70,-51.33,-14.90,1
e,2022-10-31 16:49:10.096112,0.29,0.62,0.47,-0.18,100.77,15.44,-28.70,-51.33,-14.90,1
e,2022-10-31 16:49:10.115296,0.31,0.61,0.38,-29.79,97.47,15.63,-28.70,-51.33,-14.90,1
e,2022-10-31 16:49:10.138066,0.30,0.65,0.18,-57.25,81.36,10.07,-31.86,-48.36,-20.40,1
e,2022-10-31 16:49:10.156339,0.33,0.90,-0.09,-65.80,65.49,-2.69,-31.86,-48.36,-20.40,1
e,2022-10-31 16:49:10.176092,0.35,0.95,-0.20,-47.36,69.34,1.22,-34.27,-48.56,-20.98,1
e,2022-10-31 16:49:10.195754,0.35,0.91,-0.15,-32.10,72.57,5.68,-34.27,-48.56,-20.98,1
e,2022-10-31 16:49:10.216757,0.37,0.92,-0.15,-10.07,65.73,10.99,-34.27,-48.56,-20.98,1
e,2022-10-31 16:49:10.234987,0.40,0.87,-0.12,-3.60,59.75,16.78,-35.88,-46.29,-27.23,1
e,2022-10-31 16:49:10.253614,0.39,0.84,-0.14,-4.39,52.00,21.61,-35.88,-46.29,-27.23,1
e,2022-10-31 16:49:10.274092,0.38,0.80,-0.12,-19.65,41.08,19.47,-37.88,-45.90,-30.41,1
e,2022-10-31 16:49:10.294918,0.32,0.89,-0.18,-36.32,29.85,13.85,-37.88,-45.90,-30.41,1
e,2022-10-31 16:49:10.312728,0.30,0.99,-0.25,-38.33,16.24,9.40,-37.88,-45.90,-30.41,1
e,2022-10-31 16:49:10.333259,0.28,1.05,-0.27,-24.48,12.33,12.02,-39.59,-45.80,-32.14,1
e,2022-10-31 16:49:10.352726,0.24,1.02,-0.27,-18.49,8.97,12.45,-39.59,-45.80,-32.14,1
e,2022-10-31 16:49:10.373818,0.27,0.99,-0.23,-22.40,-2.99,9.77,-41.31,-46.46,-34.68,1
e,2022-10-31 16:49:10.392203,0.27,0.96,-0.32,-39.49,-18.25,7.57,-41.31,-46.46,-34.68,1
e,2022-10-31 16:49:10.411293,0.20,1.05,-0.41,-42.54,-21.36,8.06,-41.31,-46.46,-34.68,1
e,2022-10-31 16:49:10.431958,0.19,1.03,-0.37,-15.69,-2.75,20.45,-42.87,-47.73,-33.81,1
e,2022-10-31 16:49:10.451026,0.24,0.91,-0.29,13.61,3.60,27.22,-42.87,-47.73,-33.81,1
e,2022-10-31 16:49:10.469245,0.23,0.91,-0.25,9.58,-3.78,24.84,-42.87,-47.73,-33.81,1
e,2022-10-31 16:49:10.489553,0.19,0.91,-0.28,5.37,-17.33,19.29,-45.96,-46.88,-34.46,1
e,2022-10-31 16:49:10.507547,0.14,0.97,-0.29,-3.36,-19.53,21.30,-45.96,-46.88,-34.46,1
e,2022-10-31 16:49:10.529987,0.11,1.00,-0.30,1.28,-8.12,26.43,-48.69,-47.36,-34.18,1
e,2022-10-31 16:49:10.547543,0.04,1.00,-0.25,17.40,8.97,24.60,-48.69,-47.36,-34.18,1
e,2022-10-31 16:49:10.567291,0.12,0.89,-0.12,15.44,8.73,11.90,-48.69,-47.36,-34.18,1
e,2022-10-31 16:49:10.590723,0.13,0.96,-0.13,-6.04,-2.81,3.23,-50.65,-47.18,-36.58,1
e,2022-10-31 16:49:10.607579,0.16,1.05,-0.22,-11.29,-4.52,6.10,-50.65,-47.18,-36.58,1
e,2022-10-31 16:49:10.626704,0.17,1.05,-0.21,0.92,0.49,11.66,-52.06,-47.88,-37.48,1
e,2022-10-31 16:49:10.646023,0.16,1.00,-0.16,12.45,4.21,16.54,-52.06,-47.88,-37.48,1
e,2022-10-31 16:49:10.667497,0.14,0.97,-0.14,12.70,1.71,14.77,-52.06,-47.88,-37.48,1
e,2022-10-31 16:49:10.686157,0.11,0.97,-0.13,9.58,0.43,9.22,-53.16,-46.45,-39.45,1
e,2022-10-31 16:49:10.705387,0.11,0.98,-0.11,4.88,0.31,3.17,-53.16,-46.45,-39.45,1
e,2022-10-31 16:49:10.724385,0.12,1.00,-0.14,-6.04,-1.40,-0.55,-53.64,-47.40,-38.82,1
e,2022-10-31 16:49:10.744327,0.12,1.02,-0.15,-3.17,-0.06,-0.31,-53.64,-47.40,-38.82,1
e,2022-10-31 16:49:10.762855,0.14,0.97,-0.11,3.54,2.38,0.55,-53.64,-47.40,-38.82,1
e,2022-10-31 16:49:10.783977,0.14,0.95,-0.10,0.85,-0.55,-1.95,-53.30,-47.58,-39.58,1
e,2022-10-31 16:49:10.804744,0.17,0.94,-0.16,-2.87,-1.34,-3.23,-53.30,-47.58,-39.58,1
e,2022-10-31 16:49:10.825601,0.18,0.96,-0.18,-6.23,-3.36,-2.32,-53.32,-48.83,-38.94,1
e,2022-10-31 16:49:10.843959,0.16,0.97,-0.16,-1.16,0.12,-0.18,-53.32,-48.83,-38.94,1
e,2022-10-31 16:49:10.863913,0.15,0.95,-0.12,2.32,-0.55,1.95,-53.32,-48.83,-38.94,1
e,2022-10-31 16:49:10.884525,0.15,0.93,-0.15,0.24,-0.61,2.75,-52.78,-49.13,-39.58,1
