e,2022-10-31 16:49:27.951966,0.12,0.93,0.06,-1.71,7.69,6.23,-52.64,0.15,-10.61,1
e,2022-10-31 16:49:27.970415,0.12,0.94,0.07,-6.96,14.59,5.68,-52.64,0.15,-10.61,1
e,2022-10-31 16:49:27.989421,0.14,0.92,0.05,-7.39,14.65,8.36,-52.83,0.77,-10.91,1
e,2022-10-31 16:49:28.008262,0.12,0.90,0.03,-7.14,10.68,9.70,-52.83,0.77,-10.91,1
e,2022-10-31 16:49:28.028077,0.08,0.94,-0.01,-8.79,8.73,9.46,-52.83,0.77,-10.91,1
e,2022-10-31 16:49:28.047245,0.03,0.99,0.01,-2.81,12.15,12.21,-53.33,1.73,-10.97,1
e,2022-10-31 16:49:28.066756,0.03,0.94,0.00,-4.94,9.58,12.70,-53.33,1.73,-10.97,1
e,2022-10-31 16:49:28.085134,0.03,0.98,-0.05,-10.07,2.32,10.86,-53.33,1.73,-10.97,1
e,2022-10-31 16:49:28.105866,0.06,0.99,-0.13,-10.19,-7.81,10.38,-53.71,2.89,-11.33,1
e,2022-10-31 16:49:28.123919,0.08,0.97,-0.12,-6.59,-10.62,13.55,-53.71,2.89,-11.33,1
e,2022-10-31 16:49:28.145634,-0.41,1.06,-0.26,-7.02,-13.67,13.92,-52.70,4.21,-10.42,1
e,2022-10-31 16:49:28.164183,0.11,1.01,0.16,6.10,0.92,4.58,-52.70,4.21,-10.42,1
e,2022-10-31 16:49:28.185511,0.09,1.05,-0.07,-12.94,-25.63,1.95,-52.70,4.21,-10.42,1
e,2022-10-31 16:49:28.203269,0.08,1.07,-0.17,-5.07,-24.60,-1.77,-52.94,3.67,-7.93,1
e,2022-10-31 16:49:28.222434,0.08,1.00,0.01,14.10,-14.28,-10.13,-52.94,3.67,-7.93,1
e,2022-10-31 16:49:28.242871,0.06,1.06,0.08,9.83,-13.43,-16.78,-51.46,3.33,-7.67,1
e,2022-10-31 16:49:28.263339,0.06,1.09,0.09,19.47,-2.26,-17.03,-51.46,3.33,-7.67,1
e,2022-10-31 16:49:28.281229,0.09,0.97,0.20,34.12,13.61,-9.77,-51.46,3.33,-7.67,1
e,2022-10-31 16:49:28.300854,0.10,0.92,0.14,36.07,14.40,-11.72,-52.10,1.67,-7.51,1
e,2022-10-31 16:49:28.320437,0.09,0.90,0.17,34.48,25.70,-15.81,-52.10,1.67,-7.51,1
e,2022-10-31 16:49:28.341174,0.10,0.84,0.13,18.68,30.52,-9.83,-52.42,0.83,-9.47,1
e,2022-10-31 16:49:28.359146,0.09,0.85,0.11,4.70,33.26,-5.80,-52.42,0.83,-9.47,1
e,2022-10-31 16:49:28.377725,0.08,0.84,0.13,0.43,36.38,0.73,-52.42,0.83,-9.47,1
e,2022-10-31 16:49:28.398990,0.08,0.81,0.14,-10.86,35.22,14.47,-53.32,0.62,-11.98,1
e,2022-10-31 16:49:28.419908,0.07,0.80,0.01,-34.91,30.58,22.28,-53.32,0.62,-11.98,1
e,2022-10-31 16:49:28.437325,0.05,0.86,-0.05,-52.67,27.10,29.66,-53.32,0.62,-11.98,1
e,2022-10-31 16:49:28.456671,0.05,0.87,-0.13,-58.35,20.32,42.36,-53.32,2.27,-12.60,1
e,2022-10-31 16:49:28.475397,0.04,0.94,-0.19,-51.03,20.63,49.68,-53.32,2.27,-12.60,1
e,2022-10-31 16:49:28.495260,0.03,0.97,-0.20,-43.76,10.68,46.39,-53.63,5.94,-14.53,1
e,2022-10-31 16:49:28.515380,0.02,1.08,-0.26,-42.24,-9.16,40.53,-53.63,5.94,-14.53,1
e,2022-10-31 16:49:28.533250,0.03,1.08,-0.25,-31.01,-18.68,32.78,-53.63,5.94,-14.53,1
e,2022-10-31 16:49:28.552767,0.04,1.19,-0.19,-14.34,-34.30,22.58,-52.65,7.91,-12.77,1
e,2022-10-31 16:49:28.572124,0.06,1.12,-0.19,9.46,-66.41,3.36,-52.65,7.91,-12.77,1
e,2022-10-31 16:49:28.593306,0.02,1.05,-0.16,21.97,-68.18,-8.54,-50.87,8.58,-7.47,1
e,2022-10-31 16:49:28.611543,-0.06,1.10,-0.18,17.52,-49.19,-14.89,-50.87,8.58,-7.47,1
e,2022-10-31 16:49:28.631266,-0.08,1.07,-0.07,29.05,-0.67,-7.93,-50.87,8.58,-7.47,1
e,2022-10-31 16:49:28.651646,-0.15,1.03,0.25,39.37,32.53,-5.92,-51.03,6.73,-8.37,1
e,2022-10-31 16:49:28.672081,-0.07,1.06,0.23,33.33,23.25,-18.62,-51.03,6.73,-8.37,1
e,2022-10-31 16:49:28.689724,0.05,0.97,0.13,23.86,19.65,-18.62,-51.03,6.73,-8.37,1
e,2022-10-31 16:49:28.708743,0.06,0.96,0.00,-4.46,3.05,-17.82,-50.39,4.96,-9.80,1
e,2022-10-31 16:49:28.728878,0.11,0.97,-0.23,-6.77,-9.46,-18.07,-50.39,4.96,-9.80,1
e,2022-10-31 16:49:28.750788,0.13,0.94,-0.26,13.37,-7.26,-16.48,-50.46,3.49,-10.05,1
e,2022-10-31 16:49:28.769959,0.15,0.91,-0.17,21.36,-9.52,-14.34,-50.46,3.49,-10.05,1
e,2022-10-31 16:49:28.788940,0.13,0.90,-0.07,26.73,-13.55,-10.68,-50.46,3.49,-10.05,1
e,2022-10-31 16:49:28.810056,0.13,0.89,0.01,20.87,-17.64,-6.65,-50.02,1.93,-10.06,1
e,2022-10-31 16:49:28.829924,0.10,0.95,0.03,9.70,-16.85,-4.09,-50.02,1.93,-10.06,1
e,2022-10-31 16:49:28.848743,0.09,0.97,0.05,8.73,-12.63,-3.05,-49.88,1.48,-8.47,1
e,2022-10-31 16:49:28.868309,0.09,0.95,0.12,9.09,-8.73,-5.07,-49.88,1.48,-8.47,1
e,2022-10-31 16:49:28.889163,0.11,0.97,0.10,3.54,-6.96,-6.90,-49.88,1.48,-8.47,1
e,2022-10-31 16:49:28.906378,0.12,0.99,0.09,-1.16,-6.77,-5.07,-49.17,1.29,-6.31,1
e,2022-10-31 16:49:28.925163,0.09,0.97,0.09,-0.73,-2.32,1.34,-49.17,1.29,-6.31,1
e,2022-10-31 16:49:28.945618,0.09,0.93,0.07,3.23,-0.24,1.16,-49.55,0.45,-6.20,1
e,2022-10-31 16:49:28.966757,0.09,0.97,0.10,-2.56,-1.65,-1.46,-49.55,0.45,-6.20,1
e,2022-10-31 16:49:28.985260,0.09,0.97,0.05,-3.97,-2.08,-0.67,-49.55,0.45,-6.20,1
e,2022-10-31 16:49:29.004680,0.11,0.92,0.07,-3.36,0.00,-0.79,-48.96,0.72,-6.01,1
e,2022-10-31 16:49:29.024148,0.11,0.97,0.06,-5.80,3.11,-0.12,-48.96,0.72,-6.01,1
e,2022-10-31 16:49:29.044670,0.09,0.91,0.05,-3.91,2.44,0.43,-48.96,0.72,-6.01,1
e,2022-10-31 16:49:29.063211,0.10,0.94,0.03,-6.84,3.05,-1.59,-49.58,0.54,-6.67,1
e,2022-10-31 16:49:29.082618,0.10,0.93,0.05,-5.80,3.66,0.24,-49.58,0.54,-6.67,1
e,2022-10-31 16:49:29.105805,0.07,0.96,0.01,-3.97,4.03,2.50,-49.37,0.49,-7.06,1
e,2022-10-31 16:49:29.123449,0.07,0.93,0.06,4.15,9.83,3.30,-49.37,0.49,-7.06,1
e,2022-10-31 16:49:29.141984,0.08,0.93,0.11,2.20,6.84,3.42,-49.37,0.49,-7.06,1
e,2022-10-31 16:49:29.162710,0.08,0.95,0.04,-3.30,4.09,3.66,-49.66,0.65,-6.54,1
e,2022-10-31 16:49:29.182808,0.08,0.96,0.01,-8.24,3.17,3.91,-49.66,0.65,-6.54,1
e,2022-10-31 16:49:29.200667,0.08,0.97,-0.04,-2.87,5.92,3.36,-49.24,0.95,-6.84,1
e,2022-10-31 16:49:29.218961,0.09,0.98,0.03,5.43,6.71,4.70,-49.24,0.95,-6.84,1
e,2022-10-31 16:49:29.237565,0.09,0.94,0.03,7.57,6.16,6.77,-49.24,0.95,-6.84,1
e,2022-10-31 16:49:29.255934,0.08,0.93,0.06,5.74,6.04,6.35,-49.87,1.18,-7.97,1
