s,2022-10-15 11:31:11.508361,0.48,0.02,0.86,20.81,-3.60,1.46,-40.86,-66.37,-74.57,1
s,2022-10-15 11:31:11.515477,0.48,0.01,0.89,23.86,-2.87,-3.48,-40.86,-66.37,-74.57,1
s,2022-10-15 11:31:11.524056,0.47,0.00,0.91,23.86,-2.87,-3.48,-40.86,-66.37,-74.57,1
s,2022-10-15 11:31:11.531027,0.45,-0.00,0.94,28.20,-4.15,-6.41,-40.86,-66.37,-74.57,1
s,2022-10-15 11:31:11.541900,0.36,0.04,0.97,30.09,-4.52,-6.53,0.00,0.00,0.00,1
s,2022-10-15 11:31:11.558143,0.35,0.04,0.98,33.02,-4.21,-5.25,-41.98,-65.49,-75.01,1
s,2022-10-15 11:31:11.560978,0.35,0.03,0.98,35.89,-3.17,-2.62,-41.98,-65.49,-75.01,1
s,2022-10-15 11:31:11.571717,0.33,-0.02,0.98,38.88,-1.95,0.67,-41.98,-65.49,-75.01,1
s,2022-10-15 11:31:11.571717,0.30,-0.09,0.97,42.11,0.06,1.65,-41.98,-65.49,-75.01,1
s,2022-10-15 11:31:11.587441,0.31,-0.15,0.95,42.30,3.85,-0.73,-41.98,-65.49,-75.01,1
s,2022-10-15 11:31:11.603155,0.34,-0.17,0.98,38.45,10.99,-9.83,-42.29,-62.87,-73.88,1
s,2022-10-15 11:31:11.607147,0.35,-0.08,1.02,34.55,11.17,-13.00,-42.29,-62.87,-73.88,1
s,2022-10-15 11:31:11.623472,0.35,-0.05,1.00,37.11,9.64,-12.08,-42.29,-62.87,-73.88,1
s,2022-10-15 11:31:11.625431,0.37,-0.06,0.96,39.98,7.57,-7.81,-42.29,-62.87,-73.88,1
s,2022-10-15 11:31:11.638442,0.38,-0.10,0.91,42.42,5.68,-2.56,-42.29,-62.87,-73.88,1
s,2022-10-15 11:31:11.652973,0.39,-0.14,0.87,45.65,4.70,2.99,-42.29,-62.87,-73.88,1
s,2022-10-15 11:31:11.666993,0.43,-0.19,0.85,48.34,3.91,9.09,-40.91,-60.44,-72.88,1
s,2022-10-15 11:31:11.668431,0.44,-0.24,0.87,47.36,2.01,9.70,-40.91,-60.44,-72.88,1
s,2022-10-15 11:31:11.674601,0.43,-0.27,0.88,47.00,-0.37,9.03,-40.91,-60.44,-72.88,1
s,2022-10-15 11:31:11.685654,0.45,-0.30,0.89,46.02,-2.69,6.16,-40.91,-60.44,-72.88,1
s,2022-10-15 11:31:11.698993,0.40,-0.33,0.88,47.00,-4.82,1.28,-40.70,-56.27,-70.86,1
s,2022-10-15 11:31:11.707416,0.34,-0.30,0.86,47.61,-4.76,-9.70,-40.70,-56.27,-70.86,1
s,2022-10-15 11:31:11.719822,0.34,-0.23,0.86,46.69,-3.36,-12.76,-40.70,-56.27,-70.86,1
s,2022-10-15 11:31:11.734696,0.36,-0.12,0.89,51.27,-2.69,-12.33,-40.70,-56.27,-70.86,1
s,2022-10-15 11:31:11.739514,0.38,-0.05,0.91,62.62,-2.87,-7.14,-40.70,-56.27,-70.86,1
s,2022-10-15 11:31:11.747478,0.38,-0.09,0.90,80.57,-4.76,0.67,-40.70,-56.27,-70.86,1
s,2022-10-15 11:31:11.760755,0.38,-0.22,0.86,96.31,-6.53,9.28,-40.47,-51.62,-68.51,1
s,2022-10-15 11:31:11.770352,0.36,-0.35,0.82,97.78,-8.73,18.37,-40.47,-51.62,-68.51,1
s,2022-10-15 11:31:11.781643,0.27,-0.55,0.78,91.67,-9.28,18.62,-40.47,-51.62,-68.51,1
s,2022-10-15 11:31:11.789586,0.22,-0.65,0.76,80.93,-7.93,17.94,-40.47,-51.62,-68.51,1
s,2022-10-15 11:31:11.793748,-1.63,-0.85,0.63,60.67,-5.37,17.58,-40.47,-51.62,-68.51,1
s,2022-10-15 11:31:11.810974,0.37,-0.91,0.69,-10.19,9.83,19.71,-39.15,-45.21,-65.19,1
s,2022-10-15 11:31:11.814318,0.33,-0.51,0.85,-47.30,24.29,30.64,-39.15,-45.21,-65.19,1
s,2022-10-15 11:31:11.829050,0.29,-0.15,0.99,-56.64,25.39,32.71,-39.15,-45.21,-65.19,1
s,2022-10-15 11:31:11.838008,0.32,-0.33,0.91,-29.17,9.95,48.77,-39.15,-45.21,-65.19,1
s,2022-10-15 11:31:11.847342,0.29,-0.42,0.87,-17.40,3.36,59.08,-39.15,-45.21,-65.19,1
s,2022-10-15 11:31:11.863482,0.26,-0.49,0.84,-22.77,-2.44,65.67,-37.00,-47.25,-68.01,1
s,2022-10-15 11:31:11.865846,0.25,-0.56,0.81,-29.05,-7.87,69.52,-37.00,-47.25,-68.01,1
s,2022-10-15 11:31:11.876528,0.24,-0.59,0.74,-42.85,-14.04,69.64,-37.00,-47.25,-68.01,1
s,2022-10-15 11:31:11.887233,0.23,-0.62,0.69,-84.53,-22.46,55.24,-37.00,-47.25,-68.01,1
s,2022-10-15 11:31:11.896486,0.25,-0.39,0.72,-109.13,-24.84,39.49,-37.00,-47.25,-68.01,1
s,2022-10-15 11:31:11.905453,0.26,-0.19,0.76,-124.08,-26.18,23.99,-35.30,-51.48,-69.90,1
s,2022-10-15 11:31:11.913555,0.29,-0.01,0.80,-128.11,-27.71,11.35,-35.30,-51.48,-69.90,1
s,2022-10-15 11:31:11.925617,0.31,0.15,0.83,-123.05,-27.65,-4.52,-35.30,-51.48,-69.90,1
s,2022-10-15 11:31:11.937668,0.32,0.28,0.81,-82.95,-26.98,-7.51,-35.30,-51.48,-69.90,1
s,2022-10-15 11:31:11.946211,0.33,0.24,0.85,-55.36,-25.45,-10.62,-35.30,-51.48,-69.90,1
s,2022-10-15 11:31:11.953359,0.32,0.20,0.86,-35.40,-24.23,-14.71,-37.83,-58.65,-73.22,1
s,2022-10-15 11:31:11.965045,0.31,0.13,0.86,-20.57,-23.68,-19.84,-37.83,-58.65,-73.22,1
s,2022-10-15 11:31:11.970924,0.33,0.09,0.84,-11.41,-23.50,-25.51,-37.83,-58.65,-73.22,1
s,2022-10-15 11:31:11.986040,0.33,0.12,0.82,-6.59,-22.46,-31.98,-37.83,-58.65,-73.22,1
s,2022-10-15 11:31:11.988683,0.35,0.13,0.85,-1.95,-20.39,-37.60,-37.83,-58.65,-73.22,1
s,2022-10-15 11:31:12.004314,0.36,0.06,0.89,10.07,-15.63,-48.65,-41.46,-60.30,-72.96,1
s,2022-10-15 11:31:12.011441,0.39,-0.09,0.95,12.88,-13.79,-58.17,-41.46,-60.30,-72.96,1
s,2022-10-15 11:31:12.022054,0.37,-0.07,0.97,10.93,-12.82,-67.93,-41.46,-60.30,-72.96,1
s,2022-10-15 11:31:12.035227,0.35,-0.07,1.00,10.38,-13.43,-74.77,-41.46,-60.30,-72.96,1
s,2022-10-15 11:31:12.036358,0.33,-0.01,0.99,8.91,-16.17,-77.03,-41.46,-60.30,-72.96,1
s,2022-10-15 11:31:12.052866,0.29,0.03,0.97,8.79,-18.98,-71.59,-41.46,-60.30,-72.96,1
s,2022-10-15 11:31:12.065117,0.27,-0.05,0.94,26.00,-18.55,-44.01,-45.64,-62.56,-72.11,1
s,2022-10-15 11:31:12.065117,0.27,-0.28,0.94,30.27,-15.32,-31.92,-45.64,-62.56,-72.11,1
s,2022-10-15 11:31:12.083028,0.27,-0.40,0.99,32.53,-12.39,-23.19,-45.64,-62.56,-72.11,1
s,2022-10-15 11:31:12.087473,0.29,-0.52,1.03,32.29,-11.84,-20.39,-45.64,-62.56,-72.11,1
s,2022-10-15 11:31:12.101844,0.29,-0.55,1.05,26.86,-12.70,-23.99,-45.64,-62.56,-72.11,1
s,2022-10-15 11:31:12.110623,0.31,-0.57,1.03,17.09,-14.71,-38.51,-48.51,-62.41,-70.24,1
s,2022-10-15 11:31:12.117967,0.28,-0.47,1.01,-12.27,-15.38,-43.40,-48.51,-62.41,-70.24,1
s,2022-10-15 11:31:12.130385,0.23,-0.35,1.04,-31.43,-17.03,-44.68,-48.51,-62.41,-70.24,1
s,2022-10-15 11:31:12.137183,0.19,-0.21,1.05,-48.77,-21.79,-40.65,-48.51,-62.41,-70.24,1
s,2022-10-15 11:31:12.144960,0.18,-0.07,1.00,-59.75,-28.02,-29.66,-48.51,-62.41,-70.24,1
s,2022-10-15 11:31:12.162313,0.19,-0.09,0.90,-55.05,-31.31,-12.94,-50.71,-66.20,-72.35,1
s,2022-10-15 11:31:12.170384,0.23,-0.26,0.82,-35.40,-20.32,15.38,-50.71,-66.20,-72.35,1
s,2022-10-15 11:31:12.180904,0.24,-0.31,0.82,-31.01,-10.19,23.32,-50.71,-66.20,-72.35,1
s,2022-10-15 11:31:12.191761,0.25,-0.26,0.88,-34.48,-0.67,27.47,-50.71,-66.20,-72.35,1
s,2022-10-15 11:31:12.196196,0.26,-0.14,0.95,-37.54,6.96,30.58,-50.71,-66.20,-72.35,1
s,2022-10-15 11:31:12.207607,0.28,-0.06,1.02,-38.02,11.54,34.55,-50.18,-67.80,-74.78,1
s,2022-10-15 11:31:12.220629,0.32,0.01,1.04,-30.88,12.82,38.33,-50.18,-67.80,-74.78,1
s,2022-10-15 11:31:12.223584,0.33,0.02,1.01,-26.12,13.18,36.19,-50.18,-67.80,-74.78,1
s,2022-10-15 11:31:12.240860,0.32,0.07,0.98,-23.07,13.79,33.26,-50.18,-67.80,-74.78,1
s,2022-10-15 11:31:12.241919,0.32,0.09,0.98,-23.86,14.77,30.40,-50.18,-67.80,-74.78,1
s,2022-10-15 11:31:12.259345,0.30,0.14,0.95,-21.18,15.14,26.67,-46.92,-67.60,-74.76,1
s,2022-10-15 11:31:12.271284,0.29,0.22,0.95,-7.63,12.63,18.86,-46.92,-67.60,-74.76,1
s,2022-10-15 11:31:12.279298,0.12,0.21,0.90,0.24,13.18,14.59,-46.92,-67.60,-74.76,1
s,2022-10-15 11:31:12.290797,0.02,0.11,0.87,1.46,18.62,9.09,-46.92,-67.60,-74.76,1
s,2022-10-15 11:31:12.290797,0.05,0.15,0.90,-8.00,27.28,-0.37,-46.92,-67.60,-74.76,1
s,2022-10-15 11:31:12.301962,0.12,0.27,0.97,-20.75,35.10,-9.34,-44.80,-68.26,-75.34,1
s,2022-10-15 11:31:12.317746,0.18,0.36,1.00,-25.27,39.49,-14.65,-44.80,-68.26,-75.34,1
s,2022-10-15 11:31:12.325836,0.24,0.36,1.00,-5.49,41.20,-16.05,-44.80,-68.26,-75.34,1
s,2022-10-15 11:31:12.336663,0.31,0.27,0.97,8.54,40.04,-17.09,-44.80,-68.26,-75.34,1
s,2022-10-15 11:31:12.349354,0.32,0.20,0.94,23.68,38.27,-18.68,-44.80,-68.26,-75.34,1
s,2022-10-15 11:31:12.358519,0.33,0.13,0.91,37.17,36.80,-20.57,-42.63,-68.77,-75.05,1
s,2022-10-15 11:31:12.365550,0.35,0.04,0.90,46.02,35.58,-22.22,-42.63,-68.77,-75.05,1
s,2022-10-15 11:31:12.373571,0.40,-0.01,0.89,41.81,29.79,-21.42,-42.63,-68.77,-75.05,1
s,2022-10-15 11:31:12.379917,0.47,-0.10,0.88,36.56,23.86,-18.49,-42.63,-68.77,-75.05,1
s,2022-10-15 11:31:12.398653,0.46,-0.16,0.87,29.05,16.36,-15.81,-42.63,-68.77,-75.05,1
s,2022-10-15 11:31:12.400060,0.42,-0.22,0.85,20.81,9.40,-14.65,-42.46,-67.47,-73.34,1
s,2022-10-15 11:31:12.412829,0.37,-0.27,0.81,12.51,4.52,-15.50,-42.46,-67.47,-73.34,1
s,2022-10-15 11:31:12.420149,0.35,-0.30,0.79,3.05,3.17,-17.52,-42.46,-67.47,-73.34,1
s,2022-10-15 11:31:12.430072,0.39,-0.24,0.80,-8.30,4.09,-18.07,-42.46,-67.47,-73.34,1
s,2022-10-15 11:31:12.445095,0.40,-0.14,0.84,-8.30,4.09,-18.07,-42.46,-67.47,-73.34,1
s,2022-10-15 11:31:12.454804,0.44,0.01,0.90,-7.51,2.81,-4.09,-42.93,-68.75,-71.12,1
s,2022-10-15 11:31:12.463473,0.46,-0.01,0.90,4.64,0.79,5.07,-42.93,-68.75,-71.12,1
s,2022-10-15 11:31:12.466344,0.46,-0.08,0.89,16.85,-0.98,12.45,-42.93,-68.75,-71.12,1
s,2022-10-15 11:31:12.477357,0.46,-0.16,0.88,23.44,-2.08,15.93,-42.93,-68.75,-71.12,1
s,2022-10-15 11:31:12.491703,0.45,-0.24,0.87,25.39,-2.01,15.20,-42.93,-68.75,-71.12,1
s,2022-10-15 11:31:12.497081,0.44,-0.31,0.88,21.79,-1.28,5.13,-42.93,-68.75,-71.12,1
s,2022-10-15 11:31:12.506141,0.43,-0.33,0.90,21.79,-1.28,5.13,-43.36,-67.75,-71.90,1
s,2022-10-15 11:31:12.521871,0.39,-0.21,0.93,-10.93,-2.62,-2.99,-43.36,-67.75,-71.90,1
s,2022-10-15 11:31:12.523200,0.35,-0.13,0.93,-15.93,-5.49,-2.38,-43.36,-67.75,-71.90,1
