s,2022-10-15 11:31:26.921470,-0.05,-0.11,0.85,30.40,5.62,-6.53,-102.92,-60.46,2.06,1
s,2022-10-15 11:31:26.931501,-0.07,-0.17,0.87,31.43,8.73,-7.39,-103.61,-65.64,3.41,1
s,2022-10-15 11:31:26.948366,-0.03,-0.23,0.92,29.54,12.82,-10.93,-103.61,-65.64,3.41,1
s,2022-10-15 11:31:26.949244,-0.02,-0.23,1.04,20.63,12.76,-19.84,-103.61,-65.64,3.41,1
s,2022-10-15 11:31:26.962211,-0.04,-0.22,1.05,17.21,9.52,-22.46,-103.61,-65.64,3.41,1
s,2022-10-15 11:31:26.965693,-0.04,-0.19,1.06,12.57,6.35,-23.13,-103.61,-65.64,3.41,1
s,2022-10-15 11:31:26.977806,-0.03,-0.15,1.02,10.93,3.11,-22.09,-103.69,-72.24,3.75,1
s,2022-10-15 11:31:26.992155,-0.07,-0.08,0.97,13.00,1.46,-19.53,-103.69,-72.24,3.75,1
s,2022-10-15 11:31:26.998072,-0.07,-0.05,0.93,25.21,7.08,-7.02,-103.69,-72.24,3.75,1
s,2022-10-15 11:31:27.011333,-0.08,-0.10,0.92,32.47,11.78,-1.83,-103.69,-72.24,3.75,1
s,2022-10-15 11:31:27.011333,-0.05,-0.26,0.94,33.08,16.97,1.65,-103.69,-72.24,3.75,1
s,2022-10-15 11:31:27.026486,-0.02,-0.31,1.00,29.85,21.36,2.01,-103.93,-76.76,1.75,1
s,2022-10-15 11:31:27.044009,0.01,-0.34,1.04,27.65,23.07,-0.92,-103.93,-76.76,1.75,1
s,2022-10-15 11:31:27.044009,0.05,-0.32,1.05,23.93,22.09,-4.94,-103.93,-76.76,1.75,1
s,2022-10-15 11:31:27.055531,0.06,-0.28,1.06,21.79,19.04,-8.91,-103.93,-76.76,1.75,1
s,2022-10-15 11:31:27.060934,-0.00,-0.24,1.04,24.17,14.77,-11.78,-103.93,-76.76,1.75,1
s,2022-10-15 11:31:27.071036,-0.07,-0.21,0.97,44.31,13.00,-5.80,-105.02,-79.54,0.92,1
s,2022-10-15 11:31:27.088783,-0.20,-0.23,0.88,38.70,17.40,2.93,-105.02,-79.54,0.92,1
s,2022-10-15 11:31:27.094992,-0.32,-0.28,0.92,34.12,18.25,15.20,-105.02,-79.54,0.92,1
s,2022-10-15 11:31:27.102427,-0.05,-0.57,0.90,16.24,16.48,28.75,-105.02,-79.54,0.92,1
s,2022-10-15 11:31:27.111638,-0.00,-0.57,0.87,8.73,15.87,31.49,-105.02,-79.54,0.92,1
s,2022-10-15 11:31:27.119927,-0.01,-0.54,0.90,-4.21,10.86,28.50,-105.02,-79.54,0.92,1
s,2022-10-15 11:31:27.136969,-0.02,-0.54,0.85,-19.71,4.52,23.68,-104.55,-78.45,-1.87,1
s,2022-10-15 11:31:27.138821,-0.02,-0.42,0.78,-52.73,1.40,14.89,-104.55,-78.45,-1.87,1
s,2022-10-15 11:31:27.151489,-0.04,-0.09,0.84,-60.30,3.66,21.91,-104.55,-78.45,-1.87,1
s,2022-10-15 11:31:27.165618,-0.02,-0.11,0.91,-55.54,2.69,37.35,-104.55,-78.45,-1.87,1
s,2022-10-15 11:31:27.169836,-0.02,-0.26,0.87,-44.31,-1.89,52.73,-105.04,-74.28,-1.83,1
s,2022-10-15 11:31:27.183000,-0.01,-0.43,0.84,-50.42,-9.28,56.95,-105.04,-74.28,-1.83,1
s,2022-10-15 11:31:27.196946,-0.02,-0.39,0.87,-60.55,-12.63,47.30,-105.04,-74.28,-1.83,1
s,2022-10-15 11:31:27.201669,-0.01,-0.24,0.97,-72.33,-17.33,35.16,-105.04,-74.28,-1.83,1
s,2022-10-15 11:31:27.214295,-0.02,-0.09,1.02,-77.21,-25.51,25.39,-105.04,-74.28,-1.83,1
s,2022-10-15 11:31:27.228806,-0.02,0.02,0.99,-75.32,-34.30,19.23,-105.03,-70.24,1.60,1
s,2022-10-15 11:31:27.228806,-0.04,0.11,0.91,-55.85,-44.01,13.61,-105.03,-70.24,1.60,1
s,2022-10-15 11:31:27.244771,-0.03,0.08,0.88,-42.36,-43.82,12.76,-105.03,-70.24,1.60,1
s,2022-10-15 11:31:27.251703,-0.04,0.02,0.91,-32.59,-41.44,11.05,-105.03,-70.24,1.60,1
s,2022-10-15 11:31:27.260756,-0.04,-0.02,0.92,-26.98,-38.51,7.32,-105.03,-70.24,1.60,1
s,2022-10-15 11:31:27.276589,-0.04,-0.03,0.95,-27.10,-36.07,1.10,-104.32,-68.60,5.76,1
s,2022-10-15 11:31:27.276589,-0.05,0.03,0.98,-30.94,-33.87,-14.04,-104.32,-68.60,5.76,1
s,2022-10-15 11:31:27.292387,-0.05,0.16,1.01,-28.63,-34.06,-21.67,-104.32,-68.60,5.76,1
s,2022-10-15 11:31:27.312001,-0.06,0.17,1.00,-21.91,-33.63,-28.32,-104.32,-68.60,5.76,1
s,2022-10-15 11:31:27.313408,-0.06,0.18,1.03,-14.28,-32.10,-33.20,-104.32,-68.60,5.76,1
s,2022-10-15 11:31:27.323942,-0.07,0.16,1.06,8.85,-29.66,-38.27,-103.42,-71.75,9.96,1
s,2022-10-15 11:31:27.339573,-0.08,0.16,1.02,24.90,-27.53,-38.57,-103.42,-71.75,9.96,1
s,2022-10-15 11:31:27.344329,-0.09,0.13,0.98,41.56,-24.29,-37.17,-103.42,-71.75,9.96,1
s,2022-10-15 11:31:27.355499,-0.09,0.06,0.95,55.11,-19.59,-36.01,-103.42,-71.75,9.96,1
s,2022-10-15 11:31:27.363238,-0.09,-0.02,0.95,68.73,-7.08,-36.50,-103.42,-71.75,9.96,1
s,2022-10-15 11:31:27.373506,-0.09,-0.10,1.00,69.70,-3.48,-37.29,-102.00,-77.87,12.33,1
s,2022-10-15 11:31:27.387068,-0.08,-0.34,1.04,65.67,-2.50,-39.37,-102.00,-77.87,12.33,1
s,2022-10-15 11:31:27.391011,-0.08,-0.39,1.08,56.15,-3.23,-43.52,-102.00,-77.87,12.33,1
s,2022-10-15 11:31:27.404287,-0.09,-0.30,1.09,44.07,-5.07,-47.79,-102.00,-77.87,12.33,1
s,2022-10-15 11:31:27.418626,-0.10,-0.23,1.04,38.76,-8.06,-46.63,-102.00,-77.87,12.33,1
s,2022-10-15 11:31:27.423442,-0.11,-0.19,1.00,31.98,-12.15,-30.40,-101.43,-82.76,13.76,1
s,2022-10-15 11:31:27.437833,-0.13,-0.20,0.97,31.56,-11.96,-21.36,-101.43,-82.76,13.76,1
s,2022-10-15 11:31:27.440884,-0.11,-0.24,1.01,34.18,-11.11,-15.08,-101.43,-82.76,13.76,1
s,2022-10-15 11:31:27.450413,-0.11,-0.23,1.08,37.48,-12.33,-13.98,-101.43,-82.76,13.76,1
s,2022-10-15 11:31:27.467382,-0.11,-0.21,1.07,38.70,-18.55,-15.69,-101.43,-82.76,13.76,1
s,2022-10-15 11:31:27.474755,-0.12,-0.21,0.97,37.17,-29.91,-17.03,-102.17,-83.87,15.54,1
s,2022-10-15 11:31:27.481220,-0.14,-0.23,0.88,29.48,-30.70,-16.05,-102.17,-83.87,15.54,1
s,2022-10-15 11:31:27.500268,-0.15,-0.23,0.90,23.62,-30.64,-13.79,-102.17,-83.87,15.54,1
s,2022-10-15 11:31:27.501995,-0.15,-0.22,0.91,17.15,-31.98,-9.64,-102.17,-83.87,15.54,1
s,2022-10-15 11:31:27.512254,-0.17,-0.24,0.89,9.83,-34.91,12.02,-102.17,-83.87,15.54,1
s,2022-10-15 11:31:27.532006,-0.18,-0.27,0.84,0.00,0.00,nan,-103.38,-83.50,18.98,1
s,2022-10-15 11:31:27.533134,-0.19,-0.25,0.81,-7.02,-31.19,18.25,-103.38,-83.50,18.98,1
s,2022-10-15 11:31:27.544136,-0.20,-0.23,0.83,-12.15,-26.79,25.94,-103.38,-83.50,18.98,1
s,2022-10-15 11:31:27.544136,-0.20,-0.18,0.86,-17.15,-22.22,33.69,-103.38,-83.50,18.98,1
s,2022-10-15 11:31:27.561871,-0.20,-0.19,0.85,-20.02,-18.13,41.50,-103.38,-83.50,18.98,1
s,2022-10-15 11:31:27.575533,-0.20,-0.21,0.84,-19.17,-6.41,50.35,-103.77,-77.38,19.74,1
s,2022-10-15 11:31:27.581684,-0.19,-0.28,0.87,-20.75,0.18,49.80,-103.77,-77.38,19.74,1
s,2022-10-15 11:31:27.595781,-0.18,-0.27,0.93,-26.67,5.92,47.24,-103.77,-77.38,19.74,1
s,2022-10-15 11:31:27.609408,-0.18,-0.22,1.01,-34.42,9.64,43.64,-103.77,-77.38,19.74,1
s,2022-10-15 11:31:27.617288,-0.22,-0.19,1.06,-41.75,10.01,38.88,-103.77,-77.38,19.74,1
s,2022-10-15 11:31:27.627912,-0.29,-0.14,1.06,-41.75,10.01,38.88,-103.77,-77.38,19.74,1
s,2022-10-15 11:31:27.630066,-0.39,-0.13,1.04,-55.24,11.66,22.95,-104.37,-69.74,18.52,1
s,2022-10-15 11:31:27.643060,-0.42,-0.08,1.04,-71.84,29.30,-2.50,-104.37,-69.74,18.52,1
s,2022-10-15 11:31:27.657162,-0.26,0.32,1.19,-74.28,36.68,-12.21,-104.37,-69.74,18.52,1
s,2022-10-15 11:31:27.660513,-0.19,0.44,1.21,-64.64,38.45,-15.63,-104.37,-69.74,18.52,1
s,2022-10-15 11:31:27.675837,-0.15,0.46,1.16,-47.06,36.74,-13.61,-104.37,-69.74,18.52,1
s,2022-10-15 11:31:27.685327,-0.15,0.41,1.10,-27.04,35.46,-10.56,-103.83,-67.36,12.83,1
s,2022-10-15 11:31:27.694931,-0.15,0.36,1.05,2.69,39.12,-8.06,-103.83,-67.36,12.83,1
s,2022-10-15 11:31:27.703220,-0.05,0.22,1.03,13.37,41.26,-9.03,-103.83,-67.36,12.83,1
s,2022-10-15 11:31:27.713790,-0.02,0.15,1.04,22.09,40.65,-10.93,-103.83,-67.36,12.83,1
s,2022-10-15 11:31:27.724003,-0.03,0.06,1.04,28.14,37.35,-13.24,-103.83,-67.36,12.83,1
s,2022-10-15 11:31:27.733951,-0.00,0.00,1.03,27.53,32.90,-16.42,-100.96,-69.78,7.79,1
s,2022-10-15 11:31:27.737234,-0.01,-0.03,1.02,24.41,23.01,-23.32,-100.96,-69.78,7.79,1
s,2022-10-15 11:31:27.750721,-0.02,-0.06,0.99,14.65,18.80,-25.70,-100.96,-69.78,7.79,1
