a,2022-09-30 15:14:56.005860,0.28,0.18,0.87,12.39,-16.11,-11.35,-0.61,81.62,-5.11,1
a,2022-09-30 15:14:56.025400,1.11,-0.13,1.79,-26.61,42.85,6.90,-1.01,82.07,-4.47,1
a,2022-09-30 15:14:56.053032,0.28,0.20,0.81,-35.28,49.50,21.42,-1.01,82.07,-4.47,1
a,2022-09-30 15:14:56.068659,0.30,0.17,0.85,-29.36,42.66,35.34,-1.01,82.07,-4.47,1
a,2022-09-30 15:14:56.084304,0.32,0.14,0.81,-32.10,34.24,45.90,-3.06,82.60,-4.57,1
a,2022-09-30 15:14:56.099936,0.33,0.25,0.78,-36.56,16.30,54.81,-3.06,82.60,-4.57,1
a,2022-09-30 15:14:56.115556,0.29,0.38,0.82,-35.89,10.86,42.05,-3.06,82.60,-4.57,1
a,2022-09-30 15:14:56.146790,0.31,0.32,0.79,-36.50,7.87,38.64,-2.59,84.12,-5.35,1
a,2022-09-30 15:14:56.162414,0.30,0.24,0.75,-38.02,5.74,44.56,-2.59,84.12,-5.35,1
a,2022-09-30 15:14:56.178062,0.25,0.30,0.74,-32.90,-0.24,57.37,0.43,86.04,-5.36,1
a,2022-09-30 15:14:56.193688,0.25,0.47,0.70,-12.63,-17.76,59.45,0.43,86.04,-5.36,1
a,2022-09-30 15:14:56.209317,0.19,0.65,0.75,-26.79,-24.41,38.02,0.43,86.04,-5.36,1
a,2022-09-30 15:14:56.224938,0.24,0.51,0.73,-14.77,-26.73,28.02,5.99,86.46,-7.36,1
a,2022-09-30 15:14:56.256170,0.20,0.64,0.75,2.14,-29.60,32.17,5.99,86.46,-7.36,1
a,2022-09-30 15:14:56.271800,0.17,0.65,0.78,17.21,-44.25,10.93,5.99,86.46,-7.36,1
a,2022-09-30 15:14:56.287435,0.22,0.68,0.81,30.21,-51.09,-0.31,10.35,85.46,-7.67,1
a,2022-09-30 15:14:56.303069,0.22,0.51,0.86,38.45,-49.74,-6.16,10.35,85.46,-7.67,1
a,2022-09-30 15:14:56.318694,0.21,0.47,0.84,41.26,-52.12,-6.04,10.35,85.46,-7.67,1
a,2022-09-30 15:14:56.334320,0.22,0.52,0.89,45.29,-51.03,-3.54,12.96,84.47,-7.20,1
a,2022-09-30 15:14:56.365552,0.18,0.54,0.92,37.05,-42.05,-20.32,12.96,84.47,-7.20,1
a,2022-09-30 15:14:56.381178,0.21,0.41,0.96,14.95,-36.80,-41.93,15.06,83.01,-8.00,1
a,2022-09-30 15:14:56.396829,0.20,0.46,0.96,9.09,-27.28,-45.41,15.06,83.01,-8.00,1
a,2022-09-30 15:14:56.412455,0.20,0.57,0.99,5.37,-18.86,-52.73,15.06,83.01,-8.00,1
a,2022-09-30 15:14:56.428075,0.25,0.55,1.03,11.23,9.09,-69.09,13.53,83.45,-9.16,1
a,2022-09-30 15:14:56.443695,0.25,0.31,0.98,9.64,26.31,-64.45,13.53,83.45,-9.16,1
a,2022-09-30 15:14:56.474933,0.29,0.37,1.00,10.07,41.69,-44.19,13.53,83.45,-9.16,1
a,2022-09-30 15:14:56.490561,0.25,0.30,0.98,13.12,52.92,-42.91,10.77,85.12,-8.11,1
a,2022-09-30 15:14:56.506207,0.32,0.25,0.94,40.83,59.57,-32.90,10.77,85.12,-8.11,1
a,2022-09-30 15:14:56.521837,0.34,0.13,0.92,41.38,69.89,-22.52,10.77,85.12,-8.11,1
a,2022-09-30 15:14:56.541340,0.28,0.15,0.83,26.49,76.54,-4.33,5.62,83.40,-6.42,1
a,2022-09-30 15:14:56.553356,0.24,0.15,0.75,5.98,64.33,5.98,5.62,83.40,-6.42,1
a,2022-09-30 15:14:56.584612,0.35,0.13,0.84,4.09,40.95,11.35,1.78,82.35,-6.23,1
a,2022-09-30 15:14:56.600262,0.26,0.15,0.75,-9.34,26.92,9.46,1.78,82.35,-6.23,1
a,2022-09-30 15:14:56.615884,0.30,0.27,0.79,-15.26,10.31,1.16,1.78,82.35,-6.23,1
a,2022-09-30 15:14:56.631510,0.35,0.22,0.80,-25.45,8.97,-0.55,-0.45,82.45,-6.36,1
a,2022-09-30 15:14:56.647116,0.35,0.37,0.82,-23.68,7.39,-4.76,-0.45,82.45,-6.36,1
a,2022-09-30 15:14:56.678365,0.35,0.30,0.77,-25.94,5.49,-3.48,-0.45,82.45,-6.36,1
a,2022-09-30 15:14:56.693994,0.29,0.24,0.78,11.17,-20.63,12.15,0.31,82.92,-6.01,1
a,2022-09-30 15:14:56.709641,0.28,0.26,0.78,6.53,-41.14,11.17,0.31,82.92,-6.01,1
a,2022-09-30 15:14:56.725269,0.32,0.36,0.83,9.95,-47.18,10.13,2.97,83.36,-6.04,1
a,2022-09-30 15:14:56.740889,0.28,0.30,0.83,4.21,-51.82,1.40,2.97,83.36,-6.04,1
a,2022-09-30 15:14:56.772122,0.27,0.34,0.85,8.36,-56.52,0.49,2.97,83.36,-6.04,1
a,2022-09-30 15:14:56.787749,0.32,0.34,0.87,14.59,-63.11,8.12,6.47,83.20,-6.51,1
a,2022-09-30 15:14:56.803375,0.28,0.45,0.90,-2.01,-54.81,5.43,6.47,83.20,-6.51,1
a,2022-09-30 15:14:56.819021,0.26,0.44,0.91,0.55,-45.04,7.08,6.47,83.20,-6.51,1
a,2022-09-30 15:14:56.834646,0.22,0.36,0.89,13.12,-41.32,7.45,10.25,83.72,-7.75,1
a,2022-09-30 15:14:56.850277,0.23,0.37,0.93,7.32,-43.82,-0.43,10.25,83.72,-7.75,1
a,2022-09-30 15:14:56.865878,0.23,0.44,0.94,1.83,-38.09,-6.23,10.25,83.72,-7.75,1
a,2022-09-30 15:14:56.897131,0.23,0.43,0.94,-0.73,-28.87,-18.31,12.73,84.88,-9.67,1
a,2022-09-30 15:14:56.912781,0.21,0.35,0.96,-0.43,-16.30,-31.92,12.73,84.88,-9.67,1
a,2022-09-30 15:14:56.928395,0.25,0.43,0.94,-7.93,-2.26,-45.65,13.26,85.84,-11.89,1
a,2022-09-30 15:14:56.944028,0.23,0.33,0.97,-3.54,11.17,-49.26,13.26,85.84,-11.89,1
a,2022-09-30 15:14:56.959654,0.22,0.30,0.95,4.70,17.70,-33.94,13.26,85.84,-11.89,1
a,2022-09-30 15:14:56.990886,0.21,0.27,0.95,19.29,23.38,-13.85,11.51,88.00,-13.49,1
a,2022-09-30 15:14:57.006514,-0.05,0.21,1.02,49.56,39.92,17.09,11.51,88.00,-13.49,1
a,2022-09-30 15:14:57.022163,0.16,0.14,0.88,63.54,42.11,45.59,11.51,88.00,-13.49,1
a,2022-09-30 15:14:57.037783,0.04,0.22,0.96,46.45,30.82,46.33,10.93,85.49,-13.09,1
a,2022-09-30 15:14:57.057563,0.19,0.40,0.97,45.53,27.83,27.22,10.93,85.49,-13.09,1
a,2022-09-30 15:14:57.069091,0.26,0.49,0.99,25.88,34.85,4.15,9.47,83.73,-16.14,1
a,2022-09-30 15:14:57.100348,0.41,0.54,0.85,20.75,54.75,-10.13,9.47,83.73,-16.14,1
a,2022-09-30 15:14:57.115990,0.48,0.45,0.77,-4.33,48.65,-39.37,9.47,83.73,-16.14,1
a,2022-09-30 15:14:57.131621,0.49,0.40,0.80,-10.68,27.89,-45.41,6.51,83.70,-20.04,1
a,2022-09-30 15:14:57.147247,0.38,0.35,0.84,4.52,10.38,-35.22,6.51,83.70,-20.04,1
a,2022-09-30 15:14:57.162871,0.35,0.30,0.87,22.58,8.00,-23.32,6.51,83.70,-20.04,1
a,2022-09-30 15:14:57.194104,0.37,0.17,0.87,31.43,8.91,-19.96,4.87,84.17,-24.28,1
