s,2022-11-03 16:47:21.892865,-0.13,-0.72,0.60,9.89,23.19,10.99,-30.93,0.84,-53.63,1
s,2022-11-03 16:47:21.911707,-0.04,-0.80,0.48,12.02,8.61,23.25,-30.15,3.00,-52.61,1
s,2022-11-03 16:47:21.929848,0.01,-0.89,0.36,-9.28,-14.04,42.79,-30.15,3.00,-52.61,1
s,2022-11-03 16:47:21.948848,-0.05,-0.87,0.36,-32.23,-24.41,48.89,-34.28,4.26,-51.03,1
s,2022-11-03 16:47:21.967015,-0.11,-0.80,0.42,-57.56,-30.21,48.28,-34.28,4.26,-51.03,1
s,2022-11-03 16:47:21.985105,-0.13,-0.66,0.49,-69.03,-35.28,52.61,-34.28,4.26,-51.03,1
s,2022-11-03 16:47:22.003987,-0.11,-0.58,0.55,-65.86,-40.59,59.81,-42.27,5.58,-46.66,1
s,2022-11-03 16:47:22.022176,-0.16,-0.52,0.61,-68.42,-48.10,61.83,-42.27,5.58,-46.66,1
s,2022-11-03 16:47:22.039956,-0.15,-0.44,0.67,-80.38,-42.72,57.98,-42.27,5.58,-46.66,1
s,2022-11-03 16:47:22.058917,-0.10,-0.30,0.76,-85.88,-40.28,53.65,-51.28,7.89,-39.66,1
s,2022-11-03 16:47:22.076740,-0.13,-0.23,0.85,-81.36,-38.70,49.87,-51.28,7.89,-39.66,1
s,2022-11-03 16:47:22.095080,-0.15,-0.14,0.94,-76.05,-35.16,39.92,-51.28,7.89,-39.66,1
s,2022-11-03 16:47:22.113937,-0.15,-0.05,1.02,-48.65,-25.63,32.23,-58.12,11.38,-30.59,1
s,2022-11-03 16:47:22.131971,-0.19,-0.08,1.10,-30.94,-18.55,33.81,-58.12,11.38,-30.59,1
s,2022-11-03 16:47:22.150837,-0.17,-0.12,1.09,-20.02,-11.90,32.78,-61.79,15.44,-24.32,1
s,2022-11-03 16:47:22.169096,-0.16,-0.14,1.08,-5.68,-8.61,26.98,-61.79,15.44,-24.32,1
s,2022-11-03 16:47:22.186876,-0.14,-0.17,1.02,1.71,-2.38,27.28,-61.79,15.44,-24.32,1
s,2022-11-03 16:47:22.205643,-0.16,-0.20,0.98,2.44,1.28,21.00,-62.02,18.24,-20.15,1
s,2022-11-03 16:47:22.223635,-0.08,-0.21,1.02,2.56,13.98,13.79,-62.02,18.24,-20.15,1
s,2022-11-03 16:47:22.241844,-0.12,-0.22,1.06,3.48,16.60,8.54,-62.02,18.24,-20.15,1
s,2022-11-03 16:47:22.260635,-0.22,-0.22,1.11,4.88,19.84,7.02,-64.28,19.26,-16.25,1
s,2022-11-03 16:47:22.278861,-0.22,-0.26,1.09,12.39,28.02,7.08,-64.28,19.26,-16.25,1
s,2022-11-03 16:47:22.296949,-0.16,-0.33,1.13,-4.94,41.87,-4.03,-64.28,19.26,-16.25,1
s,2022-11-03 16:47:22.315804,-0.17,-0.25,1.15,-13.92,41.08,-5.19,-65.56,19.30,-12.46,1
s,2022-11-03 16:47:22.333849,-0.20,-0.30,1.17,4.27,36.68,0.67,-65.56,19.30,-12.46,1
s,2022-11-03 16:47:22.352969,-0.11,-0.32,1.03,18.01,33.20,-0.24,-68.44,17.87,-14.23,1
s,2022-11-03 16:47:22.370839,-0.04,-0.33,0.99,5.80,36.80,-1.16,-68.44,17.87,-14.23,1
s,2022-11-03 16:47:22.388792,0.01,-0.34,1.00,-8.48,21.85,-4.82,-68.44,17.87,-14.23,1
s,2022-11-03 16:47:22.407826,-0.03,-0.29,0.93,-16.36,15.01,-16.42,-71.30,17.33,-14.56,1
s,2022-11-03 16:47:22.425931,-0.04,-0.27,0.86,-12.21,8.48,-20.75,-71.30,17.33,-14.56,1
s,2022-11-03 16:47:22.443712,-0.08,-0.31,0.86,-9.16,1.46,-13.92,-71.30,17.33,-14.56,1
s,2022-11-03 16:47:22.462814,-2.40,-0.01,0.99,-10.99,-0.67,-7.93,-75.00,14.70,-11.88,1
s,2022-11-03 16:47:22.480636,-0.04,-0.27,1.12,24.41,15.14,27.04,-75.00,14.70,-11.88,1
s,2022-11-03 16:47:22.498782,-0.05,-0.42,1.05,-2.69,16.24,13.92,-75.00,14.70,-11.88,1
s,2022-11-03 16:47:22.517771,-0.07,-0.50,1.05,-11.35,10.25,12.15,-75.74,16.03,-13.35,1
s,2022-11-03 16:47:22.535739,-0.03,-0.30,0.93,-12.94,6.04,5.07,-75.74,16.03,-13.35,1
s,2022-11-03 16:47:22.554809,-0.07,-0.44,0.82,-4.27,11.11,11.90,-77.62,17.66,-14.76,1
s,2022-11-03 16:47:22.572733,-0.07,-0.42,0.79,-25.02,18.74,9.22,-77.62,17.66,-14.76,1
s,2022-11-03 16:47:22.590873,-0.08,-0.29,0.90,-31.80,13.49,8.42,-77.62,17.66,-14.76,1
s,2022-11-03 16:47:22.609951,-0.09,-0.24,0.97,-28.81,-1.83,9.28,-78.76,19.57,-15.10,1
s,2022-11-03 16:47:22.627998,-0.16,-0.22,0.88,-21.79,-18.98,3.23,-78.76,19.57,-15.10,1
s,2022-11-03 16:47:22.646181,-0.17,-0.07,0.95,-28.50,-23.99,-9.03,-78.76,19.57,-15.10,1
s,2022-11-03 16:47:22.665091,-0.17,-0.04,0.96,-37.41,-32.65,-18.74,-78.59,19.82,-12.63,1
s,2022-11-03 16:47:22.683086,-0.14,-0.07,0.98,-19.47,-35.16,-30.46,-78.59,19.82,-12.63,1
s,2022-11-03 16:47:22.701116,-0.16,-0.11,0.99,-2.75,-27.77,-35.64,-78.59,19.82,-12.63,1
s,2022-11-03 16:47:22.719739,-0.14,-0.22,0.99,9.89,-17.52,-42.85,-76.82,16.74,-8.81,1
s,2022-11-03 16:47:22.738034,-0.12,-0.33,0.94,26.86,-17.03,-47.97,-76.82,16.74,-8.81,1
s,2022-11-03 16:47:22.756920,-0.10,-0.37,0.90,24.54,-22.83,-48.46,-73.91,11.45,-7.70,1
s,2022-11-03 16:47:22.774993,-0.12,-0.43,0.83,12.70,-29.85,-33.39,-73.91,11.45,-7.70,1
s,2022-11-03 16:47:22.793006,-0.14,-0.47,0.78,5.13,-30.88,-22.95,-73.91,11.45,-7.70,1
s,2022-11-03 16:47:22.811967,-0.13,-0.40,0.84,-5.68,-26.61,-11.41,-72.11,8.69,-4.08,1
s,2022-11-03 16:47:22.830112,-0.14,-0.38,0.91,-6.29,-27.47,6.23,-72.11,8.69,-4.08,1
s,2022-11-03 16:47:22.847973,-0.15,-0.39,0.96,-9.16,-28.99,24.78,-72.11,8.69,-4.08,1
s,2022-11-03 16:47:22.866870,-0.20,-0.37,0.97,-20.69,-23.50,44.01,-71.46,11.01,-0.87,1
s,2022-11-03 16:47:22.884820,-0.27,-0.27,1.07,-13.85,-12.82,42.11,-71.46,11.01,-0.87,1
s,2022-11-03 16:47:22.902951,-0.24,-0.09,1.09,-3.78,-1.59,35.03,-71.46,11.01,-0.87,1
s,2022-11-03 16:47:22.921628,-0.28,-0.08,1.06,17.27,5.55,41.75,-73.28,14.83,1.44,1
s,2022-11-03 16:47:22.939671,-0.34,-0.04,1.04,29.17,9.52,36.01,-73.28,14.83,1.44,1
s,2022-11-03 16:47:22.958666,-0.56,-0.02,1.07,48.22,27.47,28.99,-73.30,16.35,-0.26,1
s,2022-11-03 16:47:22.976819,-0.38,-0.22,0.99,72.63,23.99,21.48,-73.30,16.35,-0.26,1
s,2022-11-03 16:47:22.994685,-0.34,-0.35,0.86,60.67,21.55,0.00,-73.30,16.35,-0.26,1
