E,2022-10-20 14:41:54.446436,0.50,0.66,0.39,-36.13,23.01,16.85,4.47,22.01,-28.19,1
E,2022-10-20 14:41:54.466747,0.44,0.67,0.36,-32.04,24.35,13.73,4.47,22.01,-28.19,1
E,2022-10-20 14:41:54.486757,0.48,0.70,0.29,-9.22,17.58,11.41,5.21,21.34,-27.73,1
E,2022-10-20 14:41:54.502771,0.49,0.71,0.25,-7.02,7.02,2.38,5.21,21.34,-27.73,1
E,2022-10-20 14:41:54.523430,0.49,0.77,0.24,11.84,-0.43,26.79,5.02,22.84,-28.33,1
E,2022-10-20 14:41:54.544825,0.41,0.91,0.26,148.68,16.17,-8.24,5.02,22.84,-28.33,1
E,2022-10-20 14:41:54.566063,0.50,0.59,0.41,43.76,30.58,-0.73,5.02,22.84,-28.33,1
E,2022-10-20 14:41:54.586080,0.46,0.50,0.57,-52.86,2.20,-4.94,5.35,24.05,-29.00,1
E,2022-10-20 14:41:54.604686,0.38,0.75,0.06,-26.49,-54.75,28.87,5.35,24.05,-29.00,1
E,2022-10-20 14:41:54.625264,0.34,0.64,0.46,-1.89,-50.29,44.68,5.35,24.05,-29.00,1
E,2022-10-20 14:41:54.649373,0.29,0.69,0.25,25.33,-33.51,56.64,4.19,23.41,-29.25,1
E,2022-10-20 14:41:54.670054,0.58,0.41,0.27,55.05,-13.92,69.46,4.19,23.41,-29.25,1
E,2022-10-20 14:41:54.690476,0.48,0.85,0.37,3.48,-14.83,27.40,4.52,23.41,-27.14,1
E,2022-10-20 14:41:54.711506,0.52,0.94,0.52,10.68,-10.99,18.43,4.52,23.41,-27.14,1
E,2022-10-20 14:41:54.732235,0.51,1.07,0.52,4.39,-9.77,16.97,4.85,22.97,-26.83,1
E,2022-10-20 14:41:54.753257,0.52,1.10,0.58,7.69,-6.90,22.34,4.85,22.97,-26.83,1
E,2022-10-20 14:41:54.764503,0.46,1.01,0.69,5.31,-7.02,32.78,4.85,22.97,-26.83,1
E,2022-10-20 14:41:54.784722,0.38,0.83,0.71,-8.48,-23.62,42.11,3.67,23.52,-27.92,1
E,2022-10-20 14:41:54.807505,1.04,0.26,-0.06,-16.54,-33.81,31.31,3.67,23.52,-27.92,1
E,2022-10-20 14:41:54.827780,0.20,0.77,0.17,1.28,65.67,-77.82,3.67,23.52,-27.92,1
E,2022-10-20 14:41:54.848472,0.76,0.58,0.52,-25.02,97.78,-98.75,3.56,23.08,-27.59,1
E,2022-10-20 14:41:54.870435,0.74,0.63,0.62,-134.89,34.79,-107.60,3.56,23.08,-27.59,1
E,2022-10-20 14:41:54.893250,0.64,0.93,0.27,-106.51,13.12,-76.35,4.49,20.25,-27.82,1
E,2022-10-20 14:41:54.913088,0.65,0.78,0.25,-43.46,10.80,-28.99,4.49,20.25,-27.82,1
E,2022-10-20 14:41:54.923760,0.71,0.45,0.22,-20.08,0.00,31.43,4.49,20.25,-27.82,1
E,2022-10-20 14:41:54.944462,0.49,0.55,0.20,-62.50,-28.75,53.83,4.17,20.67,-27.72,1
E,2022-10-20 14:41:54.965213,0.19,1.63,0.05,116.09,-5.92,5.62,4.17,20.67,-27.72,1
E,2022-10-20 14:41:54.985310,0.50,0.58,0.80,136.54,51.15,40.41,3.33,22.51,-28.89,1
E,2022-10-20 14:41:55.010561,0.49,0.65,0.43,89.42,23.99,32.84,3.33,22.51,-28.89,1
E,2022-10-20 14:41:55.021646,0.34,0.35,1.06,103.21,-3.54,18.68,3.33,22.51,-28.89,1
E,2022-10-20 14:41:55.050965,0.38,1.15,-0.20,-31.92,-97.29,-48.71,2.16,23.47,-28.20,1
E,2022-10-20 14:41:55.061157,0.44,0.74,0.15,47.85,-16.54,0.73,2.16,23.47,-28.20,1
E,2022-10-20 14:41:55.081817,0.51,0.56,0.59,53.47,5.80,4.82,0.84,23.38,-29.26,1
E,2022-10-20 14:41:55.101823,0.41,0.58,0.61,13.12,-14.89,-5.37,0.84,23.38,-29.26,1
E,2022-10-20 14:41:55.122442,0.43,0.32,0.78,7.69,-5.25,3.97,0.84,23.38,-29.26,1
E,2022-10-20 14:41:55.143384,0.29,0.50,0.65,-36.56,-6.77,6.23,-0.16,23.85,-27.43,1
E,2022-10-20 14:41:55.165701,0.11,0.60,0.53,-2.44,44.92,29.66,-0.16,23.85,-27.43,1
E,2022-10-20 14:41:55.177459,0.40,0.41,0.64,15.38,68.54,26.18,-0.16,23.85,-27.43,1
E,2022-10-20 14:41:55.197894,0.63,0.46,0.53,-19.71,56.21,18.37,2.04,22.83,-28.34,1
E,2022-10-20 14:41:55.218188,0.81,0.75,0.36,-85.82,12.94,14.04,2.04,22.83,-28.34,1
E,2022-10-20 14:41:55.238913,0.80,0.93,0.07,-97.47,-22.34,23.56,4.50,21.25,-28.28,1
E,2022-10-20 14:41:55.259135,0.83,1.02,-0.11,-75.81,-65.61,42.79,4.50,21.25,-28.28,1
E,2022-10-20 14:41:55.279532,0.32,1.95,-0.24,57.19,41.38,-32.90,4.50,21.25,-28.28,1
E,2022-10-20 14:41:55.300117,0.53,0.87,1.07,118.10,84.41,19.10,4.50,21.39,-27.97,1
E,2022-10-20 14:41:55.320544,0.57,0.99,-0.20,-55.79,-157.47,-82.34,4.50,21.39,-27.97,1
E,2022-10-20 14:41:55.340841,0.38,1.17,0.00,-27.16,-90.03,-49.07,2.83,21.39,-26.93,1
E,2022-10-20 14:41:55.361644,0.38,0.79,0.30,43.09,-14.34,0.55,2.83,21.39,-26.93,1
E,2022-10-20 14:41:55.382206,0.40,0.41,0.57,75.01,2.50,6.16,1.06,21.58,-27.36,1
E,2022-10-20 14:41:55.406012,0.44,0.40,0.72,34.48,18.98,11.29,1.06,21.58,-27.36,1
E,2022-10-20 14:41:55.422304,0.29,0.48,0.78,-13.31,4.33,4.15,1.06,21.58,-27.36,1
E,2022-10-20 14:41:55.443838,0.11,0.68,0.44,-32.17,18.92,18.55,1.66,21.62,-28.17,1
E,2022-10-20 14:41:55.457337,0.32,0.57,0.61,15.87,75.38,25.70,1.66,21.62,-28.17,1
E,2022-10-20 14:41:55.477719,0.60,0.53,0.58,-6.04,78.12,26.98,1.66,21.62,-28.17,1
E,2022-10-20 14:41:55.497719,0.71,0.63,0.45,-45.90,51.57,31.37,3.76,21.24,-27.61,1
E,2022-10-20 14:41:55.523763,0.67,0.85,0.28,-78.37,14.77,36.13,3.76,21.24,-27.61,1
E,2022-10-20 14:41:55.544664,0.71,1.02,-0.04,-56.09,-31.49,49.68,5.70,19.30,-28.28,1
E,2022-10-20 14:41:55.560662,0.56,0.95,-0.15,-39.79,-62.01,59.08,5.70,19.30,-28.28,1
E,2022-10-20 14:41:55.581820,0.31,1.72,-0.22,106.32,61.95,17.94,5.70,19.30,-28.28,1
E,2022-10-20 14:41:55.601871,0.48,0.39,0.57,104.80,-31.62,9.89,4.80,22.05,-28.15,1
E,2022-10-20 14:41:55.622014,0.47,1.08,0.21,1.77,-104.25,-66.47,4.80,22.05,-28.15,1
E,2022-10-20 14:41:55.642522,0.43,0.99,0.22,26.98,-66.96,-39.86,1.73,21.48,-27.49,1
E,2022-10-20 14:41:55.662531,0.35,0.82,0.36,60.73,-19.47,-8.97,1.73,21.48,-27.49,1
E,2022-10-20 14:41:55.682878,0.36,0.48,0.75,53.22,-9.64,0.24,1.73,21.48,-27.49,1
E,2022-10-20 14:41:55.693983,0.38,0.32,0.93,25.21,5.25,20.26,0.78,22.72,-27.99,1
E,2022-10-20 14:41:55.714647,0.38,0.42,0.79,-19.53,4.03,21.36,0.78,22.72,-27.99,1
E,2022-10-20 14:41:55.735875,-0.02,0.66,0.44,-53.22,5.25,11.47,0.32,21.80,-27.33,1
E,2022-10-20 14:41:55.756086,0.32,0.90,0.45,20.26,62.19,-7.02,0.32,21.80,-27.33,1
E,2022-10-20 14:41:55.776866,0.36,1.03,0.45,15.44,46.57,-27.34,0.32,21.80,-27.33,1
E,2022-10-20 14:41:55.797825,0.51,1.04,0.29,34.85,41.69,-31.37,1.44,21.53,-28.45,1
E,2022-10-20 14:41:55.818116,0.61,0.74,0.48,53.47,25.02,-37.54,1.44,21.53,-28.45,1
E,2022-10-20 14:41:55.838595,0.70,0.59,0.52,47.36,9.03,-38.39,1.44,21.53,-28.45,1
