P,2022-11-09 16:07:45.421801,0.19,-0.66,0.76,-33.39,-0.49,20.75,-57.93,52.14,-83.63,1
P,2022-11-09 16:07:45.439600,0.22,-0.63,0.66,-28.56,-15.56,22.77,-57.93,52.14,-83.63,1
P,2022-11-09 16:07:45.458059,0.21,-0.56,0.62,-31.68,-29.42,22.16,-57.93,52.14,-83.63,1
P,2022-11-09 16:07:45.478109,0.03,-0.56,0.65,-39.92,-21.67,12.27,-59.89,51.51,-85.55,1
P,2022-11-09 16:07:45.497865,0.05,-0.24,0.85,1.59,13.43,33.33,-59.89,51.51,-85.55,1
P,2022-11-09 16:07:45.515784,0.09,-1.02,0.57,-10.80,12.88,39.25,-60.88,50.99,-86.41,1
P,2022-11-09 16:07:45.534417,0.04,-0.65,0.76,-39.43,-11.47,-37.96,-60.88,50.99,-86.41,1
P,2022-11-09 16:07:45.554118,0.06,-0.55,0.72,-51.64,-45.72,-60.12,-60.88,50.99,-86.41,1
P,2022-11-09 16:07:45.576791,0.06,-0.39,0.74,-57.25,-57.19,-68.60,-66.13,44.23,-84.78,1
P,2022-11-09 16:07:45.593662,0.01,-0.33,0.71,-23.68,-66.83,-71.29,-66.13,44.23,-84.78,1
P,2022-11-09 16:07:45.611917,-0.00,-0.37,0.71,2.20,-54.50,-58.96,-66.13,44.23,-84.78,1
P,2022-11-09 16:07:45.632591,-0.06,-0.50,0.78,-0.37,-32.53,-45.23,-73.93,35.97,-79.25,1
P,2022-11-09 16:07:45.651958,-0.04,-0.47,1.00,-11.41,-10.31,-29.30,-73.93,35.97,-79.25,1
P,2022-11-09 16:07:45.673012,-0.03,-0.59,1.10,5.19,2.87,1.22,-77.55,30.76,-76.73,1
P,2022-11-09 16:07:45.690562,0.00,-0.73,1.40,11.90,21.61,19.10,-77.55,30.76,-76.73,1
P,2022-11-09 16:07:45.710213,0.01,-0.83,1.23,43.64,-4.33,1.46,-77.55,30.76,-76.73,1
P,2022-11-09 16:07:45.729307,0.02,-0.24,0.98,61.40,36.07,73.73,-77.53,33.34,-76.49,1
P,2022-11-09 16:07:45.751981,0.13,-0.91,0.84,55.91,60.67,123.17,-77.53,33.34,-76.49,1
P,2022-11-09 16:07:45.768815,0.11,-0.78,0.88,-14.53,75.74,120.97,-69.60,44.09,-81.25,1
P,2022-11-09 16:07:45.788009,0.07,-0.65,0.97,-10.31,56.82,67.02,-69.60,44.09,-81.25,1
P,2022-11-09 16:07:45.806606,0.10,-0.34,0.90,5.98,44.80,38.45,-69.60,44.09,-81.25,1
P,2022-11-09 16:07:45.828426,0.09,-0.44,0.89,18.31,46.57,35.58,-63.07,49.82,-86.36,1
P,2022-11-09 16:07:45.845478,0.06,-0.42,0.76,9.52,58.72,2.38,-63.07,49.82,-86.36,1
P,2022-11-09 16:07:45.865833,0.04,-0.42,0.69,6.35,64.21,-27.59,-56.48,51.22,-90.82,1
P,2022-11-09 16:07:45.887659,0.08,-0.46,0.64,7.51,60.85,-54.57,-56.48,51.22,-90.82,1
P,2022-11-09 16:07:45.904269,0.06,-0.48,0.71,-14.40,48.95,-94.18,-56.48,51.22,-90.82,1
P,2022-11-09 16:07:45.924151,0.04,-0.41,0.77,-5.37,20.81,-112.30,-53.75,44.45,-94.80,1
P,2022-11-09 16:07:45.943551,0.02,-0.50,0.71,27.28,-18.86,-107.54,-53.75,44.45,-94.80,1
P,2022-11-09 16:07:45.964972,-0.01,-0.66,0.55,51.45,-59.51,-71.04,-53.75,44.45,-94.80,1
P,2022-11-09 16:07:45.981650,-0.03,-0.93,0.51,52.86,-70.13,-41.14,-59.45,40.42,-89.45,1
P,2022-11-09 16:07:46.002064,-0.04,-0.86,0.59,19.78,-77.64,-1.89,-59.45,40.42,-89.45,1
P,2022-11-09 16:07:46.021546,0.03,-0.61,0.66,-52.19,-81.12,88.99,-66.98,41.82,-82.78,1
P,2022-11-09 16:07:46.042293,0.12,-0.48,0.87,-86.06,-38.21,131.10,-66.98,41.82,-82.78,1
P,2022-11-09 16:07:46.061255,-0.38,-0.37,1.26,-87.16,10.31,102.29,-66.98,41.82,-82.78,1
P,2022-11-09 16:07:46.079943,-0.11,-0.14,1.57,45.29,68.18,31.37,-66.16,44.30,-84.35,1
P,2022-11-09 16:07:46.099174,0.25,-0.37,1.32,66.77,56.95,1.40,-66.16,44.30,-84.35,1
P,2022-11-09 16:07:46.120262,0.17,-0.56,0.98,83.19,40.53,-14.04,-57.06,47.23,-81.30,1
P,2022-11-09 16:07:46.138604,0.13,-0.63,0.70,68.42,28.87,-30.33,-57.06,47.23,-81.30,1
P,2022-11-09 16:07:46.157091,0.10,-0.63,0.58,59.27,19.90,-29.05,-57.06,47.23,-81.30,1
P,2022-11-09 16:07:46.177306,0.17,-0.64,0.49,45.90,12.88,-20.08,-51.46,48.84,-79.06,1
P,2022-11-09 16:07:46.195624,0.26,-0.61,0.50,21.67,8.00,-9.77,-51.46,48.84,-79.06,1
P,2022-11-09 16:07:46.214223,0.29,-0.59,0.64,-3.97,7.69,-11.35,-51.46,48.84,-79.06,1
P,2022-11-09 16:07:46.234677,0.24,-0.53,0.68,-7.14,7.08,-11.41,-49.39,47.16,-78.30,1
