q,2022-10-17 11:46:32.899784,-0.15,-0.54,0.45,3.48,-18.98,1.22,-4.03,18.44,-46.28,1
q,2022-10-17 11:46:32.918418,-0.15,-0.36,0.64,-26.31,12.39,4.64,-4.03,18.44,-46.28,1
q,2022-10-17 11:46:32.936328,-0.27,-0.28,1.06,-30.40,11.23,21.67,-4.03,18.44,-46.28,1
q,2022-10-17 11:46:32.955326,-0.39,-0.23,0.81,7.32,-8.42,28.20,-3.41,19.23,-46.61,1
q,2022-10-17 11:46:32.973465,-0.15,-0.39,0.94,34.30,5.37,28.50,-3.41,19.23,-46.61,1
q,2022-10-17 11:46:32.992367,-0.05,-0.52,0.93,32.84,13.06,20.14,-1.15,21.15,-46.46,1
q,2022-10-17 11:46:33.010294,-0.08,-0.47,0.92,20.39,27.34,-4.09,-1.15,21.15,-46.46,1
q,2022-10-17 11:46:33.028418,0.04,-0.43,1.01,20.51,36.50,-11.35,-1.15,21.15,-46.46,1
q,2022-10-17 11:46:33.047240,0.07,-0.46,0.99,22.64,33.51,-15.01,3.52,20.92,-48.18,1
q,2022-10-17 11:46:33.065346,0.07,-0.48,0.95,22.46,26.86,-11.84,3.52,20.92,-48.18,1
q,2022-10-17 11:46:33.083224,0.05,-0.56,0.89,21.91,22.22,-7.08,3.52,20.92,-48.18,1
q,2022-10-17 11:46:33.102347,-0.03,-0.62,0.83,1.83,26.43,-7.14,6.01,21.18,-50.74,1
q,2022-10-17 11:46:33.120274,-0.01,-0.55,0.83,6.96,34.36,-9.83,6.01,21.18,-50.74,1
q,2022-10-17 11:46:33.138474,0.00,-0.64,0.83,7.32,35.83,-7.08,6.01,21.18,-50.74,1
q,2022-10-17 11:46:33.157369,0.05,-0.79,0.77,2.62,27.40,-7.57,9.74,20.04,-52.82,1
q,2022-10-17 11:46:33.175344,0.00,-0.71,0.73,-14.77,21.73,-18.25,9.74,20.04,-52.82,1
q,2022-10-17 11:46:33.194305,0.02,-0.59,0.78,-21.48,21.18,-18.74,11.87,18.38,-53.45,1
q,2022-10-17 11:46:33.212184,0.06,-0.51,0.80,-15.63,19.29,-11.17,11.87,18.38,-53.45,1
q,2022-10-17 11:46:33.230218,0.07,-0.54,0.78,-11.35,12.15,-6.35,11.87,18.38,-53.45,1
q,2022-10-17 11:46:33.249790,0.04,-0.66,0.71,-11.47,7.14,-5.49,13.12,17.37,-55.41,1
q,2022-10-17 11:46:33.268381,-0.25,-0.69,0.74,-27.59,1.16,-7.63,13.12,17.37,-55.41,1
q,2022-10-17 11:46:33.286595,-0.02,-0.67,0.78,-2.38,15.01,13.85,13.12,17.37,-55.41,1
q,2022-10-17 11:46:33.305401,-0.02,-0.50,0.69,-7.02,14.53,5.49,13.39,16.54,-55.71,1
q,2022-10-17 11:46:33.323251,0.01,-0.49,0.77,-14.47,17.46,15.50,13.39,16.54,-55.71,1
q,2022-10-17 11:46:33.342203,-0.00,-0.46,0.79,-16.36,9.16,24.72,13.33,16.89,-56.98,1
q,2022-10-17 11:46:33.360323,0.01,-0.53,0.80,-10.38,-17.52,36.74,13.33,16.89,-56.98,1
q,2022-10-17 11:46:33.378942,0.00,-0.55,0.74,-11.11,-46.57,40.34,13.33,16.89,-56.98,1
q,2022-10-17 11:46:33.398570,-0.02,-0.44,0.83,-15.81,-53.83,24.72,9.84,17.63,-53.87,1
q,2022-10-17 11:46:33.416798,-0.00,-0.26,0.99,-7.75,-56.40,8.24,9.84,17.63,-53.87,1
q,2022-10-17 11:46:33.435281,-0.03,-0.24,0.94,19.71,-66.22,6.47,9.84,17.63,-53.87,1
q,2022-10-17 11:46:33.454302,-0.07,-0.31,0.98,35.77,-62.32,-3.23,7.84,18.41,-51.88,1
q,2022-10-17 11:46:33.472359,-0.10,-0.40,0.95,42.72,-46.26,-13.06,7.84,18.41,-51.88,1
q,2022-10-17 11:46:33.490489,-0.10,-0.44,0.88,37.66,-21.42,-20.32,7.84,18.41,-51.88,1
q,2022-10-17 11:46:33.509295,-0.08,-0.53,0.87,26.67,3.30,-10.01,7.15,18.68,-50.56,1
q,2022-10-17 11:46:33.527339,-0.05,-0.68,0.90,8.79,31.86,-3.23,7.15,18.68,-50.56,1
q,2022-10-17 11:46:33.546333,-0.05,-0.71,0.86,-3.60,42.66,-3.11,9.58,18.79,-50.99,1
q,2022-10-17 11:46:33.565410,-0.01,-0.64,0.83,-14.59,58.78,-3.85,9.58,18.79,-50.99,1
q,2022-10-17 11:46:33.583303,0.00,-0.59,0.86,-17.58,66.10,-0.06,9.58,18.79,-50.99,1
q,2022-10-17 11:46:33.602304,0.01,-0.63,0.84,-9.70,45.59,3.36,12.05,18.10,-54.64,1
q,2022-10-17 11:46:33.620334,0.00,-0.52,0.91,-8.67,22.58,5.07,12.05,18.10,-54.64,1
q,2022-10-17 11:46:33.638477,-0.01,-0.44,0.80,0.43,-4.15,4.27,12.05,18.10,-54.64,1
q,2022-10-17 11:46:33.657462,-0.02,-0.35,0.66,7.26,-18.86,2.20,13.00,18.31,-53.64,1
q,2022-10-17 11:46:33.675371,-0.02,-0.45,0.61,6.71,-10.74,8.79,13.00,18.31,-53.64,1
q,2022-10-17 11:46:33.694220,-0.01,-0.67,0.65,-5.55,8.61,6.29,13.78,18.30,-54.91,1
q,2022-10-17 11:46:33.712602,-0.01,-0.49,0.82,-2.87,-21.85,-18.80,13.78,18.30,-54.91,1
q,2022-10-17 11:46:33.730522,-0.02,-0.36,0.81,-4.94,-41.75,-16.17,13.78,18.30,-54.91,1
q,2022-10-17 11:46:33.749795,-0.04,-0.33,0.77,9.83,-54.02,-13.98,13.06,17.31,-53.09,1
q,2022-10-17 11:46:33.768532,-0.04,-0.37,0.76,34.12,-67.93,-6.41,13.06,17.31,-53.09,1
q,2022-10-17 11:46:33.786934,-0.07,-0.57,0.73,37.66,-77.64,-7.75,13.06,17.31,-53.09,1
q,2022-10-17 11:46:33.806490,-0.10,-0.61,0.74,30.52,-74.04,-17.94,9.45,17.94,-47.90,1
q,2022-10-17 11:46:33.824589,-0.13,-0.55,0.78,21.30,-64.39,-22.89,9.45,17.94,-47.90,1
q,2022-10-17 11:46:33.843490,-0.16,-0.52,0.86,22.71,-42.54,-14.22,7.67,17.74,-43.98,1
q,2022-10-17 11:46:33.861353,-0.20,-0.58,0.92,22.95,-28.02,-6.10,7.67,17.74,-43.98,1
q,2022-10-17 11:46:33.879289,-0.20,-0.61,0.93,19.35,-13.67,2.14,7.67,17.74,-43.98,1
q,2022-10-17 11:46:33.898370,-0.17,-0.69,0.96,14.16,-3.17,9.58,7.59,17.61,-45.62,1
q,2022-10-17 11:46:33.916324,-0.15,-0.81,0.97,11.47,-6.53,12.33,7.59,17.61,-45.62,1
q,2022-10-17 11:46:33.934461,-0.16,-0.74,0.88,7.81,-19.90,-6.41,7.59,17.61,-45.62,1
q,2022-10-17 11:46:33.953423,-0.19,-0.53,0.97,-0.73,24.78,-0.79,7.69,18.21,-44.68,1
q,2022-10-17 11:46:33.971442,-0.20,-0.52,0.80,-1.16,29.17,2.50,7.69,18.21,-44.68,1
q,2022-10-17 11:46:33.989331,-0.16,-0.53,0.89,-4.03,44.13,2.38,7.69,18.21,-44.68,1
