H,2022-10-19 10:44:58.872017,0.23,-0.53,0.79,-15.50,-1.95,3.17,0.79,-22.27,-192.50,1
H,2022-10-19 10:44:58.892002,0.25,-0.50,0.79,-12.39,0.43,4.21,0.79,-22.27,-192.50,1
H,2022-10-19 10:44:58.911996,0.27,-0.50,0.75,-9.77,-0.73,-0.49,1.45,-22.23,-192.14,1
H,2022-10-19 10:44:58.932230,0.27,-0.50,0.75,-14.16,-4.88,-4.58,1.45,-22.23,-192.14,1
H,2022-10-19 10:44:58.952481,0.23,-0.49,0.79,-16.17,-5.92,-6.65,2.82,-22.84,-191.25,1
H,2022-10-19 10:44:58.972484,0.25,-0.49,0.75,-5.80,-7.51,-5.00,2.82,-22.84,-191.25,1
H,2022-10-19 10:44:58.982502,0.29,-0.45,0.69,-2.01,-11.23,-4.94,2.82,-22.84,-191.25,1
H,2022-10-19 10:44:59.002509,0.31,-0.44,0.62,-9.03,-16.78,-19.41,2.67,-24.02,-191.30,1
H,2022-10-19 10:44:59.022512,0.30,-0.46,0.59,-25.45,-26.55,-45.17,2.67,-24.02,-191.30,1
H,2022-10-19 10:44:59.042698,-1.14,-0.70,1.58,-36.44,-36.13,-42.72,2.67,-24.02,-191.30,1
H,2022-10-19 10:44:59.062695,0.19,-0.44,0.81,30.46,21.48,10.07,2.19,-27.25,-192.08,1
H,2022-10-19 10:44:59.083582,0.09,-0.45,0.61,17.15,-31.01,-15.99,2.19,-27.25,-192.08,1
H,2022-10-19 10:44:59.103160,0.08,-0.44,0.70,7.51,-31.56,-26.98,0.52,-27.54,-193.20,1
H,2022-10-19 10:44:59.123154,0.09,-0.44,0.67,3.91,-46.08,-40.65,0.52,-27.54,-193.20,1
H,2022-10-19 10:44:59.143145,0.11,-0.42,0.72,10.99,-50.23,-35.77,0.52,-27.54,-193.20,1
H,2022-10-19 10:44:59.163140,0.07,-0.41,0.69,20.81,-43.88,-24.84,-5.08,-30.26,-192.21,1
H,2022-10-19 10:44:59.183133,0.11,-0.53,0.88,29.54,-60.30,-25.70,-5.08,-30.26,-192.21,1
H,2022-10-19 10:44:59.193798,0.02,-0.64,0.98,28.20,-50.84,-22.34,-10.96,-31.34,-191.77,1
H,2022-10-19 10:44:59.213587,0.10,-0.74,0.96,11.78,-42.91,-24.41,-10.96,-31.34,-191.77,1
H,2022-10-19 10:44:59.233622,0.08,-0.74,1.00,-4.27,-33.51,-22.28,-10.96,-31.34,-191.77,1
H,2022-10-19 10:44:59.253705,0.08,-0.73,1.08,-19.71,-21.18,-9.03,-15.59,-32.86,-190.12,1
H,2022-10-19 10:44:59.273604,-0.14,-0.66,1.11,-18.19,-6.53,10.25,-15.59,-32.86,-190.12,1
H,2022-10-19 10:44:59.293784,-0.17,-0.61,1.16,23.50,12.63,47.24,-15.94,-30.00,-188.28,1
H,2022-10-19 10:44:59.313789,0.21,-0.68,0.82,52.12,32.17,53.89,-15.94,-30.00,-188.28,1
H,2022-10-19 10:44:59.333783,0.24,-0.73,0.70,21.97,27.83,31.62,-15.94,-30.00,-188.28,1
H,2022-10-19 10:44:59.355002,0.19,-0.68,0.74,-6.53,22.46,13.92,-12.38,-25.15,-189.01,1
H,2022-10-19 10:44:59.374524,0.16,-0.60,0.69,-11.29,12.15,7.32,-12.38,-25.15,-189.01,1
H,2022-10-19 10:44:59.384531,0.25,-0.52,0.57,-13.31,-0.55,2.75,-12.38,-25.15,-189.01,1
H,2022-10-19 10:44:59.414509,0.23,-0.44,0.61,-21.36,-13.06,-6.23,-10.72,-25.84,-189.01,1
H,2022-10-19 10:44:59.424518,0.13,-0.36,0.69,-44.19,-11.29,-31.31,-10.72,-25.84,-189.01,1
H,2022-10-19 10:44:59.444506,-0.71,-0.21,0.43,-53.10,-4.58,-42.79,-10.40,-28.33,-189.89,1
H,2022-10-19 10:44:59.464541,0.09,-0.31,0.89,21.55,-2.08,-5.62,-10.40,-28.33,-189.89,1
H,2022-10-19 10:44:59.484909,0.03,-0.47,0.78,29.48,-13.79,11.41,-10.40,-28.33,-189.89,1
H,2022-10-19 10:44:59.504942,0.04,-0.38,0.90,4.03,3.23,0.00,-9.94,-26.64,-191.63,1
H,2022-10-19 10:44:59.525129,0.04,-0.30,1.00,-2.14,22.95,-28.50,-9.94,-26.64,-191.63,1
H,2022-10-19 10:44:59.545149,0.10,-0.32,0.96,-2.44,47.18,-43.52,-7.28,-29.15,-187.76,1
H,2022-10-19 10:44:59.565141,0.12,-0.43,0.91,10.74,48.22,-40.04,-7.28,-29.15,-187.76,1
H,2022-10-19 10:44:59.585431,0.11,-0.61,0.80,27.22,36.38,-27.34,-7.28,-29.15,-187.76,1
H,2022-10-19 10:44:59.605922,0.09,-0.75,0.71,32.17,12.88,-11.66,-3.44,-29.66,-188.22,1
H,2022-10-19 10:44:59.625924,0.08,-0.90,0.65,19.78,2.14,-6.71,-3.44,-29.66,-188.22,1
H,2022-10-19 10:44:59.645918,0.08,-0.88,0.66,2.56,-4.82,-4.64,-3.44,-29.66,-188.22,1
H,2022-10-19 10:44:59.665911,0.01,-0.73,0.81,-18.01,10.50,-6.23,-3.45,-29.38,-186.94,1
H,2022-10-19 10:44:59.675951,-0.06,-0.71,0.88,-7.32,22.03,4.88,-3.45,-29.38,-186.94,1
H,2022-10-19 10:44:59.705905,0.05,-0.70,0.83,28.50,15.56,44.68,-2.04,-28.22,-186.11,1
H,2022-10-19 10:44:59.725910,0.24,-0.65,0.74,27.83,8.91,49.56,-2.04,-28.22,-186.11,1
H,2022-10-19 10:44:59.735894,0.27,-0.65,0.71,5.31,11.72,30.58,-2.04,-28.22,-186.11,1
H,2022-10-19 10:44:59.755894,0.30,-0.56,0.71,-24.78,15.69,13.61,-0.72,-25.76,-185.29,1
H,2022-10-19 10:44:59.775873,0.31,-0.49,0.69,-30.15,11.17,8.36,-0.72,-25.76,-185.29,1
H,2022-10-19 10:44:59.796113,0.32,-0.42,0.61,-32.71,0.49,-2.87,-0.01,-26.60,-185.88,1
H,2022-10-19 10:44:59.816133,-1.74,-0.62,1.82,-40.59,-14.40,-22.89,-0.01,-26.60,-185.88,1
H,2022-10-19 10:44:59.836104,0.18,-0.42,0.82,18.86,-23.32,-0.55,-0.01,-26.60,-185.88,1
H,2022-10-19 10:44:59.863178,0.11,-0.55,0.62,1.77,-2.75,1.77,0.84,-26.07,-185.36,1
H,2022-10-19 10:44:59.876663,-0.00,-0.28,0.53,-27.22,19.71,-0.85,0.84,-26.07,-185.36,1
H,2022-10-19 10:44:59.896662,0.01,-0.35,0.60,-31.13,-6.84,-43.09,1.10,-28.96,-185.44,1
H,2022-10-19 10:44:59.916656,0.02,-0.38,0.61,-13.24,-27.65,-47.73,1.10,-28.96,-185.44,1
H,2022-10-19 10:44:59.936650,0.07,-0.38,0.70,8.79,-47.49,-37.60,1.10,-28.96,-185.44,1
H,2022-10-19 10:44:59.956690,0.10,-0.46,0.79,29.72,-61.28,-22.16,-2.72,-32.97,-185.53,1
H,2022-10-19 10:44:59.976634,0.09,-0.61,0.87,24.41,-47.00,-18.37,-2.72,-32.97,-185.53,1
H,2022-10-19 10:44:59.996634,0.06,-0.63,0.90,15.56,-57.80,-29.85,-7.32,-35.30,-184.00,1
H,2022-10-19 10:45:00.017302,0.00,-0.67,1.05,-9.09,-38.39,-27.28,-7.32,-35.30,-184.00,1
H,2022-10-19 10:45:00.037638,0.02,-0.65,1.08,-18.13,-26.18,-16.72,-7.32,-35.30,-184.00,1
H,2022-10-19 10:45:00.057150,-0.06,-0.59,1.14,-7.93,-3.91,12.21,-10.31,-37.85,-182.26,1
H,2022-10-19 10:45:00.077138,-0.18,-0.52,1.18,29.72,21.06,34.85,-10.31,-37.85,-182.26,1
H,2022-10-19 10:45:00.097954,-0.01,-0.55,1.03,61.34,36.68,53.22,-8.91,-34.55,-183.31,1
H,2022-10-19 10:45:00.109355,0.11,-0.66,0.87,49.62,28.20,38.51,-8.91,-34.55,-183.31,1
H,2022-10-19 10:45:00.128843,0.08,-0.72,0.80,26.61,30.76,19.90,-8.91,-34.55,-183.31,1
H,2022-10-19 10:45:00.148350,0.09,-0.72,0.77,15.01,31.07,13.31,-5.58,-32.03,-181.99,1
H,2022-10-19 10:45:00.168807,0.13,-0.69,0.71,17.27,25.02,19.29,-5.58,-32.03,-181.99,1
H,2022-10-19 10:45:00.178976,0.18,-0.64,0.68,20.69,18.31,26.79,-5.58,-32.03,-181.99,1
H,2022-10-19 10:45:00.200323,0.22,-0.59,0.61,11.72,15.20,15.81,-3.50,-29.54,-181.36,1
