O,2022-10-28 14:49:02.919994,0.50,-0.23,0.86,3.72,-36.01,-15.56,-40.91,19.84,-100.82,1
O,2022-10-28 14:49:02.938359,0.42,-0.06,0.94,-1.04,-27.65,-9.77,-40.91,19.84,-100.82,1
O,2022-10-28 14:49:02.957009,0.43,-0.04,0.92,30.15,-22.52,0.55,-46.00,24.60,-100.66,1
O,2022-10-28 14:49:02.975112,0.45,-0.03,0.91,33.08,-18.98,-0.98,-46.00,24.60,-100.66,1
O,2022-10-28 14:49:02.993188,0.40,-0.04,0.94,9.52,-20.20,-4.94,-46.00,24.60,-100.66,1
O,2022-10-28 14:49:03.011926,0.32,0.06,1.12,29.97,-12.88,10.62,-47.11,30.25,-97.17,1
O,2022-10-28 14:49:03.029933,0.36,0.03,1.04,55.85,0.18,21.73,-47.11,30.25,-97.17,1
O,2022-10-28 14:49:03.048111,0.32,-0.02,1.01,22.64,9.95,8.18,-47.11,30.25,-97.17,1
O,2022-10-28 14:49:03.067013,0.29,-0.16,1.04,5.13,19.59,4.94,-47.96,35.96,-92.43,1
O,2022-10-28 14:49:03.085133,0.20,-0.13,0.97,8.67,24.41,25.39,-47.96,35.96,-92.43,1
O,2022-10-28 14:49:03.103924,0.20,-0.06,0.78,-22.52,22.16,25.70,-45.18,37.63,-91.99,1
O,2022-10-28 14:49:03.122002,0.24,-0.15,0.73,-44.68,7.57,20.45,-45.18,37.63,-91.99,1
O,2022-10-28 14:49:03.140116,0.26,-0.12,0.68,-31.92,-7.57,37.17,-45.18,37.63,-91.99,1
O,2022-10-28 14:49:03.158993,0.28,0.01,0.65,-30.40,-36.13,39.86,-36.07,33.56,-90.39,1
O,2022-10-28 14:49:03.177180,0.10,0.12,0.53,-31.62,-58.59,32.17,-36.07,33.56,-90.39,1
O,2022-10-28 14:49:03.195098,-0.10,0.25,0.59,-4.03,-100.77,29.05,-36.07,33.56,-90.39,1
O,2022-10-28 14:49:03.214044,-0.14,0.34,0.96,50.72,-142.52,27.10,-20.78,24.37,-84.94,1
O,2022-10-28 14:49:03.232108,-0.09,0.47,1.10,106.93,-148.07,13.43,-20.78,24.37,-84.94,1
O,2022-10-28 14:49:03.250096,-0.07,0.42,1.37,82.76,-117.92,-21.00,-20.78,24.37,-84.94,1
O,2022-10-28 14:49:03.269028,-0.08,0.47,1.38,45.90,-69.03,-52.98,-16.76,20.57,-88.54,1
O,2022-10-28 14:49:03.287181,-0.02,0.32,1.40,29.36,-21.42,-77.88,-16.76,20.57,-88.54,1
O,2022-10-28 14:49:03.306053,0.04,0.29,1.40,28.63,17.15,-83.44,-32.84,30.10,-85.83,1
O,2022-10-28 14:49:03.323983,0.19,-0.16,1.11,59.57,54.81,-67.32,-32.84,30.10,-85.83,1
O,2022-10-28 14:49:03.342010,0.15,-0.27,1.01,88.99,58.35,-26.31,-32.84,30.10,-85.83,1
O,2022-10-28 14:49:03.361012,0.20,-0.47,1.06,90.82,64.45,-10.19,-61.10,37.07,-79.81,1
O,2022-10-28 14:49:03.378988,0.39,-0.61,1.04,52.67,75.62,-11.72,-61.10,37.07,-79.81,1
O,2022-10-28 14:49:03.397224,0.42,-0.70,0.88,-34.30,97.05,-2.26,-61.10,37.07,-79.81,1
O,2022-10-28 14:49:03.416084,0.43,-0.51,0.92,-72.14,111.45,13.18,-77.71,39.54,-90.23,1
O,2022-10-28 14:49:03.434102,0.31,-0.46,0.79,-98.02,116.70,26.49,-77.71,39.54,-90.23,1
O,2022-10-28 14:49:03.453128,0.42,-0.38,0.56,-94.48,103.76,44.43,-69.43,42.36,-107.24,1
O,2022-10-28 14:49:03.470966,0.47,-0.24,0.46,-117.19,47.73,53.59,-69.43,42.36,-107.24,1
O,2022-10-28 14:49:03.489079,0.18,-0.04,0.54,-64.21,-3.54,67.57,-69.43,42.36,-107.24,1
O,2022-10-28 14:49:03.508024,0.02,0.04,0.87,-28.93,-36.56,70.98,-50.45,42.64,-104.41,1
O,2022-10-28 14:49:03.526214,-0.05,0.24,1.00,-16.24,-32.10,67.32,-50.45,42.64,-104.41,1
O,2022-10-28 14:49:03.544104,-0.11,0.38,1.11,-24.17,-20.08,50.66,-50.45,42.64,-104.41,1
O,2022-10-28 14:49:03.563129,-0.09,0.46,1.13,-5.92,-2.01,38.82,-33.62,31.79,-98.18,1
O,2022-10-28 14:49:03.580990,-0.04,0.55,1.08,7.93,8.42,35.83,-33.62,31.79,-98.18,1
O,2022-10-28 14:49:03.598920,0.01,0.61,1.11,6.77,18.62,21.24,-33.62,31.79,-98.18,1
O,2022-10-28 14:49:03.617987,-0.02,0.51,1.17,4.94,38.64,1.10,-31.08,23.29,-100.01,1
O,2022-10-28 14:49:03.635970,0.25,0.53,0.92,43.03,67.57,-12.94,-31.08,23.29,-100.01,1
