Z,2022-11-01 14:52:33.717372,0.34,-0.63,0.71,-22.95,27.71,13.31,49.94,24.41,-37.05,1
Z,2022-11-01 14:52:33.736355,0.27,-0.62,0.73,-45.96,24.48,18.55,51.77,23.33,-35.14,1
Z,2022-11-01 14:52:33.754337,0.24,-0.60,0.72,-28.44,7.81,27.34,51.77,23.33,-35.14,1
Z,2022-11-01 14:52:33.772329,0.24,-0.58,0.71,-17.76,-13.31,35.16,51.77,23.33,-35.14,1
Z,2022-11-01 14:52:33.791607,0.22,-0.60,0.66,-20.26,-24.84,45.90,53.16,21.45,-35.69,1
Z,2022-11-01 14:52:33.809359,0.17,-0.61,0.65,-48.52,-19.78,42.36,53.16,21.45,-35.69,1
Z,2022-11-01 14:52:33.828298,0.13,-0.43,0.77,-87.10,6.96,-0.37,54.63,17.94,-36.77,1
Z,2022-11-01 14:52:33.846405,0.10,-0.08,1.02,-81.54,6.65,-21.67,54.63,17.94,-36.77,1
Z,2022-11-01 14:52:33.864509,-0.06,-0.01,1.41,-35.64,4.88,-14.77,54.63,17.94,-36.77,1
Z,2022-11-01 14:52:33.883120,0.18,0.01,0.97,41.56,-3.36,10.50,55.75,17.66,-36.66,1
Z,2022-11-01 14:52:33.901362,0.14,-0.21,0.94,29.79,-8.30,26.98,55.75,17.66,-36.66,1
Z,2022-11-01 14:52:33.919306,0.07,-0.20,1.08,38.33,-1.89,-5.80,55.75,17.66,-36.66,1
Z,2022-11-01 14:52:33.938312,0.03,-0.26,0.99,41.26,25.39,-33.08,55.69,19.02,-36.87,1
Z,2022-11-01 14:52:33.956393,0.21,-0.28,0.90,45.41,35.46,-47.06,55.69,19.02,-36.87,1
Z,2022-11-01 14:52:33.974387,0.26,-0.36,0.85,43.52,32.17,-33.87,55.69,19.02,-36.87,1
Z,2022-11-01 14:52:33.993329,0.24,-0.47,0.82,41.75,25.39,-15.01,55.29,22.42,-35.13,1
Z,2022-11-01 14:52:34.011321,0.23,-0.63,0.71,44.01,14.77,0.37,55.29,22.42,-35.13,1
Z,2022-11-01 14:52:34.030342,0.23,-0.78,0.60,18.80,15.38,-2.62,55.87,24.23,-33.72,1
Z,2022-11-01 14:52:34.048270,0.25,-0.79,0.60,-7.39,17.03,-8.30,55.87,24.23,-33.72,1
Z,2022-11-01 14:52:34.066321,0.26,-0.76,0.57,-26.49,15.81,-6.96,55.87,24.23,-33.72,1
Z,2022-11-01 14:52:34.085401,0.13,-0.67,0.70,-51.27,24.05,-11.17,55.47,24.57,-33.48,1
Z,2022-11-01 14:52:34.103495,0.15,-0.48,0.85,-30.52,-31.62,-13.92,55.47,24.57,-33.48,1
Z,2022-11-01 14:52:34.121352,0.19,-0.51,0.68,27.65,-72.69,2.62,55.47,24.57,-33.48,1
Z,2022-11-01 14:52:34.140333,0.17,-0.47,0.77,18.07,-79.65,5.43,54.22,25.16,-35.49,1
Z,2022-11-01 14:52:34.158385,0.13,-0.50,0.76,29.24,-85.57,5.86,54.22,25.16,-35.49,1
Z,2022-11-01 14:52:34.176361,0.18,-0.53,0.72,30.09,-83.68,6.59,54.22,25.16,-35.49,1
Z,2022-11-01 14:52:34.195586,0.07,-0.45,0.86,-13.24,-56.58,4.27,51.40,25.87,-40.60,1
Z,2022-11-01 14:52:34.213503,0.06,-0.28,1.07,-35.10,-23.86,-5.13,51.40,25.87,-40.60,1
Z,2022-11-01 14:52:34.232608,0.06,-0.16,1.12,-45.29,2.50,-12.70,50.00,23.84,-42.49,1
Z,2022-11-01 14:52:34.250312,0.05,-0.05,1.36,-47.55,15.99,-11.78,50.00,23.84,-42.49,1
Z,2022-11-01 14:52:34.268293,0.06,-0.04,1.31,5.25,-7.02,-4.15,50.00,23.84,-42.49,1
Z,2022-11-01 14:52:34.287389,-0.05,-0.13,1.21,56.03,-20.51,-6.71,48.97,25.57,-42.05,1
Z,2022-11-01 14:52:34.305331,-0.07,-0.21,1.07,75.87,28.50,-52.55,48.97,25.57,-42.05,1
Z,2022-11-01 14:52:34.323384,0.11,-0.26,1.00,79.28,45.17,-67.14,48.97,25.57,-42.05,1
Z,2022-11-01 14:52:34.342423,0.15,-0.33,0.95,76.90,37.05,-49.44,48.05,31.14,-38.59,1
Z,2022-11-01 14:52:34.360370,0.20,-0.55,0.77,88.13,10.01,-15.26,48.05,31.14,-38.59,1
Z,2022-11-01 14:52:34.378377,0.15,-0.79,0.60,92.65,-11.47,8.24,48.05,31.14,-38.59,1
Z,2022-11-01 14:52:34.397297,0.14,-1.07,0.36,52.43,-19.41,22.83,46.92,34.44,-38.34,1
Z,2022-11-01 14:52:34.415538,-0.01,-1.09,0.39,-11.72,-5.37,23.07,46.92,34.44,-38.34,1
