t,2022-10-13 11:04:54.558093,0.13,-0.17,1.03,-17.40,11.47,-17.94,46.66,-7.24,68.55,1
t,2022-10-13 11:04:54.568265,0.20,-0.17,0.98,6.59,7.02,-3.17,46.66,-7.24,68.55,1
t,2022-10-13 11:04:54.588279,0.21,-0.18,0.96,9.77,4.70,2.26,42.27,-4.86,71.29,1
t,2022-10-13 11:04:54.618157,0.22,-0.16,0.94,-0.85,4.82,-6.71,42.27,-4.86,71.29,1
t,2022-10-13 11:04:54.628270,0.22,-0.16,0.93,-8.97,6.41,-14.10,42.27,-4.86,71.29,1
t,2022-10-13 11:04:54.657059,0.20,-0.17,0.89,-9.70,3.85,-15.56,37.54,-1.45,72.19,1
t,2022-10-13 11:04:54.675261,0.15,-0.25,0.83,5.55,-5.25,-2.01,37.54,-1.45,72.19,1
t,2022-10-13 11:04:54.695267,0.20,-0.26,0.79,13.55,-10.31,5.74,34.13,1.05,76.68,1
t,2022-10-13 11:04:54.715273,0.16,-0.26,0.84,14.95,-16.36,5.98,34.13,1.05,76.68,1
t,2022-10-13 11:04:54.735270,0.14,-0.27,0.84,9.09,-14.10,0.37,34.13,1.05,76.68,1
t,2022-10-13 11:04:54.755271,0.17,-0.26,0.83,-0.98,-11.96,-5.98,34.25,1.03,76.04,1
t,2022-10-13 11:04:54.775269,0.17,-0.22,0.87,-16.54,-10.50,-6.47,34.25,1.03,76.04,1
t,2022-10-13 11:04:54.795272,0.14,-0.17,0.94,-14.22,-10.25,-4.39,35.72,2.03,77.70,1
t,2022-10-13 11:04:54.815763,0.15,-0.18,0.94,-6.53,-8.30,-2.01,35.72,2.03,77.70,1
t,2022-10-13 11:04:54.835850,0.14,-0.20,0.93,-2.56,-5.49,-2.50,35.72,2.03,77.70,1
t,2022-10-13 11:04:54.865763,0.18,-0.20,0.91,-9.28,-3.30,-6.16,38.27,2.28,78.44,1
t,2022-10-13 11:04:54.875843,0.23,-0.18,0.93,-12.45,-5.13,-6.29,38.27,2.28,78.44,1
t,2022-10-13 11:04:54.901431,0.22,-0.13,0.95,-16.66,-5.55,-6.10,41.17,3.42,81.74,1
t,2022-10-13 11:04:54.921829,0.21,-0.09,0.96,-11.84,-5.49,-6.96,41.17,3.42,81.74,1
t,2022-10-13 11:04:54.941832,0.15,-0.18,0.94,-9.83,-5.43,-7.20,45.46,5.65,86.94,1
t,2022-10-13 11:04:54.961829,0.15,-0.18,0.99,39.43,7.45,-2.50,45.46,5.65,86.94,1
t,2022-10-13 11:04:54.981967,0.13,-0.25,0.96,31.56,-3.17,8.73,45.46,5.65,86.94,1
t,2022-10-13 11:04:55.001977,0.13,-0.22,0.94,-1.40,-2.32,-1.77,44.29,6.13,87.22,1
t,2022-10-13 11:04:55.027885,0.13,-0.22,0.93,-8.61,-2.50,-1.77,44.29,6.13,87.22,1
t,2022-10-13 11:04:55.038328,0.14,-0.16,0.93,-20.69,0.18,-3.11,45.46,8.42,89.03,1
t,2022-10-13 11:04:55.058210,0.12,-0.17,0.93,-16.48,1.22,-2.14,45.46,8.42,89.03,1
t,2022-10-13 11:04:55.078859,0.12,-0.17,0.95,-17.52,-9.70,-4.09,45.46,8.42,89.03,1
t,2022-10-13 11:04:55.100587,0.16,-0.74,1.22,72.51,-116.82,-31.86,49.01,10.67,89.26,1
t,2022-10-13 11:04:55.121947,0.03,-0.07,0.79,-37.84,-50.78,-20.75,49.01,10.67,89.26,1
t,2022-10-13 11:04:55.142492,0.05,-0.25,0.98,-17.21,-40.71,-28.99,58.37,11.04,87.18,1
t,2022-10-13 11:04:55.166147,0.04,-0.19,0.94,-24.60,-32.53,-29.05,58.37,11.04,87.18,1
t,2022-10-13 11:04:55.176659,0.05,-0.16,0.97,-32.41,-32.90,-26.55,58.37,11.04,87.18,1
t,2022-10-13 11:04:55.206900,0.01,-0.11,1.05,-31.07,-33.57,-22.77,63.81,11.18,82.42,1
t,2022-10-13 11:04:55.227039,-0.00,-0.07,1.06,-19.23,-24.78,-17.09,63.81,11.18,82.42,1
t,2022-10-13 11:04:55.247120,-0.01,-0.07,1.06,-24.96,-7.39,-13.06,68.40,10.67,78.58,1
t,2022-10-13 11:04:55.257917,-0.00,-0.09,1.11,-15.14,-5.80,-6.96,68.40,10.67,78.58,1
t,2022-10-13 11:04:55.288032,0.00,-0.11,1.04,-12.15,-0.79,-4.46,68.40,10.67,78.58,1
t,2022-10-13 11:04:55.308026,-0.01,-0.07,1.02,-16.24,-2.93,-5.19,68.44,10.39,76.49,1
t,2022-10-13 11:04:55.328027,-0.06,0.02,1.00,-5.62,-6.10,-9.34,68.44,10.39,76.49,1
t,2022-10-13 11:04:55.348027,-0.12,0.05,1.05,7.63,-6.90,-30.09,67.69,12.90,77.19,1
t,2022-10-13 11:04:55.368028,-0.08,-0.00,1.05,12.94,11.84,-55.18,67.69,12.90,77.19,1
t,2022-10-13 11:04:55.388023,-0.01,-0.01,1.01,1.89,26.49,-67.02,67.69,12.90,77.19,1
t,2022-10-13 11:04:55.407604,0.06,-0.14,0.92,18.62,18.80,-43.15,61.19,17.60,78.98,1
t,2022-10-13 11:04:55.427670,0.03,-0.38,0.85,21.67,6.35,-9.70,61.19,17.60,78.98,1
t,2022-10-13 11:04:55.447670,-0.06,-0.38,0.91,-17.09,5.80,5.92,60.52,15.36,77.22,1
t,2022-10-13 11:04:55.467667,-0.18,-0.32,1.23,40.77,7.26,73.67,60.52,15.36,77.22,1
t,2022-10-13 11:04:55.477695,0.10,-0.15,1.17,112.24,14.77,132.32,60.52,15.36,77.22,1
t,2022-10-13 11:04:55.497774,0.13,-0.17,1.02,132.20,15.93,126.34,58.47,1.51,74.41,1
t,2022-10-13 11:04:55.517780,0.27,-0.21,0.92,73.67,23.44,93.20,58.47,1.51,74.41,1
t,2022-10-13 11:04:55.547750,0.17,-0.24,0.91,12.02,30.21,56.64,53.09,-3.31,73.28,1
t,2022-10-13 11:04:55.567671,0.13,-0.20,0.94,-1.71,23.44,34.06,53.09,-3.31,73.28,1
t,2022-10-13 11:04:55.588103,0.09,-0.21,0.92,0.79,23.32,31.25,53.09,-3.31,73.28,1
t,2022-10-13 11:04:55.608605,0.17,-0.23,0.87,17.09,22.58,28.38,49.40,-2.27,74.48,1
t,2022-10-13 11:04:55.623990,0.18,-0.25,0.86,10.01,18.80,23.44,49.40,-2.27,74.48,1
t,2022-10-13 11:04:55.645455,0.11,-0.24,0.85,-20.69,18.37,1.59,47.95,-2.03,77.16,1
t,2022-10-13 11:04:55.665598,0.09,-0.15,0.91,-25.21,14.34,-0.12,47.95,-2.03,77.16,1
t,2022-10-13 11:04:55.685601,0.14,-0.16,0.90,-14.10,7.45,-2.62,47.95,-2.03,77.16,1
t,2022-10-13 11:04:55.705603,0.12,-0.23,0.90,-12.82,4.94,-6.71,47.66,-0.81,79.88,1
t,2022-10-13 11:04:55.725611,0.17,-0.22,0.90,1.46,-5.43,-2.44,47.66,-0.81,79.88,1
t,2022-10-13 11:04:55.747935,0.15,-0.22,0.88,4.27,-9.77,-2.99,50.13,-1.66,80.83,1
t,2022-10-13 11:04:55.768339,0.18,-0.20,0.92,-18.49,-11.17,-15.50,50.13,-1.66,80.83,1
t,2022-10-13 11:04:55.788341,0.24,-0.10,0.89,-40.71,-7.87,-35.22,50.13,-1.66,80.83,1
t,2022-10-13 11:04:55.808338,-1.51,-0.71,1.61,-64.64,-7.02,-59.14,54.96,0.78,84.75,1
t,2022-10-13 11:04:55.828338,0.11,-0.19,1.03,5.37,3.85,-16.17,54.96,0.78,84.75,1
t,2022-10-13 11:04:55.849570,0.11,-0.13,0.98,12.94,-9.16,-3.48,55.08,5.96,87.95,1
t,2022-10-13 11:04:55.869801,-0.14,0.07,0.99,30.94,-14.28,2.75,55.08,5.96,87.95,1
t,2022-10-13 11:04:55.891315,-0.19,0.09,1.17,29.36,-10.13,-60.49,55.08,5.96,87.95,1
t,2022-10-13 11:04:55.911777,0.07,-0.04,1.03,11.66,22.34,-95.89,51.05,10.72,91.93,1
t,2022-10-13 11:04:55.932025,0.10,-0.23,0.86,13.37,25.63,-86.12,51.05,10.72,91.93,1
t,2022-10-13 11:04:55.952025,0.25,-0.41,0.81,34.42,10.86,-47.30,43.75,14.64,92.24,1
t,2022-10-13 11:04:55.972030,0.21,-0.56,0.82,36.38,-6.35,7.75,43.75,14.64,92.24,1
t,2022-10-13 11:04:55.990675,0.09,-0.49,0.89,-9.52,-5.37,35.40,42.81,11.99,92.09,1
t,2022-10-13 11:04:56.008885,-0.33,-0.43,1.09,-22.58,-4.94,45.41,42.81,11.99,92.09,1
t,2022-10-13 11:04:56.029308,-0.29,-0.06,1.15,29.60,-2.75,100.95,42.81,11.99,92.09,1
t,2022-10-13 11:04:56.049813,0.00,-0.01,1.12,82.40,8.48,84.29,40.15,5.77,83.53,1
t,2022-10-13 11:04:56.070441,0.12,-0.06,0.99,85.39,5.49,45.04,40.15,5.77,83.53,1
t,2022-10-13 11:04:56.081311,0.27,-0.13,0.83,70.31,3.72,22.16,40.15,5.77,83.53,1
t,2022-10-13 11:04:56.101360,0.28,-0.15,0.89,15.44,9.77,-14.22,31.46,3.75,73.44,1
t,2022-10-13 11:04:56.121361,0.16,-0.23,0.89,-14.89,13.43,-32.29,31.46,3.75,73.44,1
t,2022-10-13 11:04:56.147017,0.21,-0.18,0.91,-20.14,7.26,-34.67,26.12,6.27,70.26,1
t,2022-10-13 11:04:56.159696,0.23,-0.22,0.94,-19.59,9.95,-36.19,26.12,6.27,70.26,1
t,2022-10-13 11:04:56.179937,0.24,-0.30,0.86,-24.41,13.85,-36.32,26.12,6.27,70.26,1
t,2022-10-13 11:04:56.199941,0.30,-0.34,0.85,-15.14,4.58,-29.60,20.39,10.38,65.95,1
t,2022-10-13 11:04:56.219941,0.26,-0.38,0.88,-7.57,-11.54,-17.70,20.39,10.38,65.95,1
t,2022-10-13 11:04:56.234712,0.17,-0.47,0.86,-14.16,-13.31,-19.35,17.93,12.88,64.86,1
t,2022-10-13 11:04:56.255198,0.14,-0.47,0.87,-28.56,-11.17,-22.46,17.93,12.88,64.86,1
t,2022-10-13 11:04:56.275638,0.18,-0.45,0.87,-28.32,-17.03,-13.06,17.93,12.88,64.86,1
t,2022-10-13 11:04:56.295771,0.12,-0.44,0.90,-25.39,-23.86,-3.54,17.10,14.73,64.23,1
t,2022-10-13 11:04:56.321318,0.11,-0.40,0.92,-35.52,-23.32,-0.98,17.10,14.73,64.23,1
t,2022-10-13 11:04:56.331989,0.11,-0.33,0.93,-43.76,-16.48,-11.11,17.10,14.73,64.23,1
t,2022-10-13 11:04:56.352097,0.12,-0.31,0.95,-44.92,-12.39,-17.27,17.29,16.93,64.58,1
t,2022-10-13 11:04:56.377088,0.07,-0.30,0.96,-49.44,-10.13,-20.32,17.29,16.93,64.58,1
t,2022-10-13 11:04:56.397470,0.07,-0.27,0.98,-55.91,-9.77,-18.92,17.32,18.75,63.20,1
t,2022-10-13 11:04:56.407955,0.08,-0.20,0.98,-53.22,-10.93,-11.60,17.32,18.75,63.20,1
t,2022-10-13 11:04:56.428028,0.08,-0.17,0.99,-51.15,-13.18,-5.55,17.32,18.75,63.20,1
t,2022-10-13 11:04:56.448051,0.05,-0.10,1.01,-39.86,-10.19,-3.72,18.74,21.08,64.18,1
t,2022-10-13 11:04:56.467956,0.06,-0.07,1.00,-34.48,-3.85,-5.25,18.74,21.08,64.18,1
t,2022-10-13 11:04:56.485273,0.06,-0.03,0.93,-27.95,-3.30,-9.64,17.59,21.78,64.28,1
t,2022-10-13 11:04:56.506015,0.08,-0.06,0.95,-19.47,-6.47,-9.09,17.59,21.78,64.28,1
t,2022-10-13 11:04:56.526319,0.06,-0.00,0.97,-11.60,-10.25,-5.62,17.59,21.78,64.28,1
t,2022-10-13 11:04:56.546388,0.00,-0.01,0.96,-6.71,-9.64,-8.91,18.18,23.06,64.83,1
t,2022-10-13 11:04:56.567448,0.02,-0.02,0.97,-4.70,-6.41,-10.99,18.18,23.06,64.83,1
t,2022-10-13 11:04:56.587716,0.02,-0.02,0.96,-0.43,-5.98,-7.75,18.18,23.06,64.83,1
