L,2022-11-08 13:44:32.171205,0.21,-0.58,0.77,23.93,-3.36,25.21,-19.45,57.50,-22.67,1
L,2022-11-08 13:44:32.192648,0.32,-0.64,0.80,43.03,19.78,27.28,-19.45,57.50,-22.67,1
L,2022-11-08 13:44:32.205085,0.40,-0.73,0.71,54.32,34.36,25.63,-18.98,57.96,-21.89,1
L,2022-11-08 13:44:32.221935,0.41,-0.87,0.71,52.61,44.74,23.56,-18.98,57.96,-21.89,1
L,2022-11-08 13:44:32.250026,0.41,-0.89,0.66,46.57,43.40,17.03,-17.83,57.98,-21.64,1
L,2022-11-08 13:44:32.265943,0.38,-0.89,0.61,43.76,41.14,11.11,-17.83,57.98,-21.64,1
L,2022-11-08 13:44:32.286194,0.43,-0.87,0.54,34.61,34.48,17.21,-17.83,57.98,-21.64,1
L,2022-11-08 13:44:32.306650,0.45,-0.92,0.42,4.52,16.97,21.73,-16.97,59.73,-21.79,1
L,2022-11-08 13:44:32.313471,0.39,-0.91,0.40,-16.54,10.56,20.39,-16.97,59.73,-21.79,1
L,2022-11-08 13:44:32.333611,0.36,-0.83,0.45,-33.75,7.57,16.91,-16.97,59.73,-21.79,1
L,2022-11-08 13:44:32.360991,0.40,-0.71,0.45,-39.73,2.01,19.17,-16.19,60.53,-22.25,1
L,2022-11-08 13:44:32.382947,0.35,-0.70,0.47,-41.87,-2.44,22.03,-16.19,60.53,-22.25,1
L,2022-11-08 13:44:32.399298,0.35,-0.71,0.45,-38.70,-4.94,13.43,-15.88,60.97,-25.55,1
L,2022-11-08 13:44:32.425807,0.32,-0.65,0.47,-39.12,-10.07,-0.43,-15.88,60.97,-25.55,1
L,2022-11-08 13:44:32.442033,-0.54,-0.50,0.37,-45.84,-23.44,-21.61,-15.88,60.97,-25.55,1
L,2022-11-08 13:44:32.465039,0.35,-0.32,0.58,20.14,-0.92,17.70,-16.66,60.91,-26.98,1
L,2022-11-08 13:44:32.482538,0.19,-1.16,0.49,48.10,-19.41,-19.23,-16.66,60.91,-26.98,1
L,2022-11-08 13:44:32.504676,0.17,-0.69,0.57,-16.85,-27.34,-49.80,-17.80,60.14,-26.44,1
L,2022-11-08 13:44:32.520432,0.23,-0.56,0.52,-11.54,-54.32,-55.66,-17.80,60.14,-26.44,1
L,2022-11-08 13:44:32.536290,0.23,-0.60,0.48,-6.71,-53.10,-53.34,-17.80,60.14,-26.44,1
L,2022-11-08 13:44:32.556164,0.24,-0.54,0.50,6.90,-42.79,-53.41,-20.39,58.11,-23.95,1
L,2022-11-08 13:44:32.572091,0.32,-0.57,0.56,30.40,-19.59,-27.22,-20.39,58.11,-23.95,1
L,2022-11-08 13:44:32.599553,0.34,-0.67,0.68,34.30,-2.01,-3.17,-21.57,57.14,-21.06,1
L,2022-11-08 13:44:32.621651,0.34,-0.77,0.68,26.31,8.06,22.95,-21.57,57.14,-21.06,1
L,2022-11-08 13:44:32.634466,0.39,-0.95,0.79,13.79,12.21,32.71,-21.57,57.14,-21.06,1
L,2022-11-08 13:44:32.663170,0.40,-0.94,0.85,-2.38,10.62,31.68,-19.54,56.69,-21.12,1
L,2022-11-08 13:44:32.682711,0.30,-1.00,0.87,13.67,-7.69,26.86,-19.54,56.69,-21.12,1
L,2022-11-08 13:44:32.703387,0.27,-0.88,0.72,35.83,-21.55,7.57,-19.73,57.79,-19.64,1
L,2022-11-08 13:44:32.711159,0.30,-1.18,0.22,49.87,16.54,-28.69,-19.73,57.79,-19.64,1
L,2022-11-08 13:44:32.742814,0.32,-0.44,0.76,-53.89,78.92,-54.20,-19.73,57.79,-19.64,1
L,2022-11-08 13:44:32.766780,0.31,-0.39,0.86,-33.26,82.76,-45.04,-20.97,57.21,-21.63,1
L,2022-11-08 13:44:32.776538,0.19,-0.64,0.83,10.19,48.46,-20.26,-20.97,57.21,-21.63,1
L,2022-11-08 13:44:32.798694,0.20,-0.79,0.55,36.80,24.11,-13.24,-21.46,56.64,-22.45,1
L,2022-11-08 13:44:32.818423,0.26,-0.94,0.40,41.99,10.74,-8.91,-21.46,56.64,-22.45,1
L,2022-11-08 13:44:32.838483,0.20,-0.87,0.44,14.65,-5.25,-3.42,-21.46,56.64,-22.45,1
