q,2022-10-14 12:25:38.036656,2.174046,6.814245,-1.958557,-0.056524,0.196532,0.144338,64.309753,111.081336,-54.540290,1
q,2022-10-14 12:25:38.134914,6.795091,5.669758,-2.432633,-0.465858,0.619049,-0.243025,50.604396,135.137161,-66.811859,1
q,2022-10-14 12:25:38.224531,6.819034,9.337862,-3.136564,-0.804484,-0.241698,-0.723999,41.116073,133.014587,-44.654861,1
q,2022-10-14 12:25:38.327583,5.176528,10.482350,-3.337687,-0.254533,-0.590843,-0.040222,41.116073,133.014587,-44.654861,1
q,2022-10-14 12:25:38.419007,2.657699,7.250012,-2.154891,-0.086085,-0.127047,-0.201213,41.116073,133.014587,-44.654861,1
q,2022-10-14 12:25:38.518746,2.801359,5.435115,-1.197162,-0.037615,-0.064595,0.803879,63.431205,130.007614,-42.439163,1
q,2022-10-14 12:25:38.610367,5.822995,7.628315,-2.332071,-0.932051,0.503200,-0.872473,65.715431,121.694198,-18.066471,1
q,2022-10-14 12:25:38.710248,8.006619,9.749687,-3.859650,-0.154530,-0.093890,-1.718306,60.795558,84.195404,-2.386138,1
q,2022-10-14 12:25:38.802513,1.154064,7.762397,-1.494058,-0.271311,-0.266066,-0.767942,60.795558,84.195404,-2.386138,1
q,2022-10-14 12:25:38.901830,-1.944191,11.119239,2.806147,0.669199,-0.372328,-0.031700,64.309753,90.563125,5.454029,1
q,2022-10-14 12:25:38.993531,-0.579426,7.441558,-6.081582,0.217653,1.726808,-0.622398,50.077266,86.494857,-52.324592,1
