x,2022-10-15 11:38:50.442740,0.46,0.21,1.02,-99.12,-22.28,43.64,1.43,-96.51,-7.09,1
x,2022-10-15 11:38:50.460047,0.43,0.45,1.09,-86.73,-20.69,36.07,1.43,-96.51,-7.09,1
x,2022-10-15 11:38:50.463201,0.41,0.57,1.15,-74.34,-23.25,36.44,1.43,-96.51,-7.09,1
x,2022-10-15 11:38:50.480582,0.40,0.58,1.15,-54.75,-26.61,38.82,1.43,-96.51,-7.09,1
x,2022-10-15 11:38:50.486246,0.35,0.52,1.12,-30.82,-28.38,41.14,1.43,-96.51,-7.09,1
x,2022-10-15 11:38:50.497299,0.30,0.38,1.06,-7.69,-25.57,40.83,-0.78,-100.90,-9.38,1
x,2022-10-15 11:38:50.497810,0.27,0.25,1.00,8.42,-10.62,27.40,-0.78,-100.90,-9.38,1
x,2022-10-15 11:38:50.515602,0.25,0.16,0.97,5.31,-1.65,15.63,-0.78,-100.90,-9.38,1
x,2022-10-15 11:38:50.526240,0.24,0.08,0.92,-2.32,7.39,2.32,-0.78,-100.90,-9.38,1
x,2022-10-15 11:38:50.537092,0.24,0.13,0.96,-11.05,14.22,-8.67,-0.78,-100.90,-9.38,1
x,2022-10-15 11:38:50.540396,0.23,0.27,1.04,-16.42,15.93,-15.81,-0.79,-104.71,-13.09,1
x,2022-10-15 11:38:50.555890,0.22,0.39,1.07,-4.52,5.49,-11.35,-0.79,-104.71,-13.09,1
x,2022-10-15 11:38:50.560309,0.18,0.42,1.02,9.77,0.61,-4.03,-0.79,-104.71,-13.09,1
x,2022-10-15 11:38:50.575671,0.18,0.35,0.99,25.15,-0.67,3.23,-0.79,-104.71,-13.09,1
x,2022-10-15 11:38:50.589439,0.17,0.24,0.96,37.41,0.98,8.12,-0.79,-104.71,-13.09,1
x,2022-10-15 11:38:50.593223,0.15,0.12,0.92,44.43,5.31,9.03,-1.94,-105.30,-17.02,1
x,2022-10-15 11:38:50.606710,0.17,0.02,0.92,35.95,17.64,1.04,-1.94,-105.30,-17.02,1
x,2022-10-15 11:38:50.620803,0.22,-0.02,0.98,26.61,20.81,-3.05,-1.94,-105.30,-17.02,1
x,2022-10-15 11:38:50.623117,0.27,-0.02,0.99,17.21,20.81,-4.82,-1.94,-105.30,-17.02,1
x,2022-10-15 11:38:50.636287,0.30,-0.00,0.99,8.91,17.94,-5.07,-1.94,-105.30,-17.02,1
x,2022-10-15 11:38:50.644740,0.32,0.03,0.97,1.53,13.24,-3.30,-2.12,-107.06,-18.46,1
x,2022-10-15 11:38:50.655074,0.34,0.07,0.96,-8.67,4.88,4.27,-2.12,-107.06,-18.46,1
x,2022-10-15 11:38:50.668473,0.26,0.03,0.92,-8.91,3.85,8.36,-2.12,-107.06,-18.46,1
x,2022-10-15 11:38:50.676535,0.26,0.01,0.90,-11.41,5.98,10.86,0.00,0.00,0.00,1
x,2022-10-15 11:38:50.680831,0.25,0.03,0.92,-16.97,10.01,10.99,0.00,0.00,0.00,1
x,2022-10-15 11:38:50.698699,0.26,0.08,0.96,-21.00,15.14,9.70,-2.98,-109.44,-19.74,1
x,2022-10-15 11:38:50.701549,0.28,0.15,1.05,-25.21,22.52,7.87,-2.98,-109.44,-19.74,1
x,2022-10-15 11:38:50.716583,0.28,0.15,1.05,-24.11,23.25,8.54,-2.98,-109.44,-19.74,1
x,2022-10-15 11:38:50.723452,0.39,0.23,1.05,-20.81,23.32,9.28,-2.98,-109.44,-19.74,1
x,2022-10-15 11:38:50.730354,0.45,0.23,1.04,-13.85,22.52,9.64,-2.98,-109.44,-19.74,1
x,2022-10-15 11:38:50.736989,0.50,0.21,1.04,-2.26,21.24,9.77,-3.06,-110.38,-19.06,1
x,2022-10-15 11:38:50.752844,0.51,0.16,1.04,8.48,18.62,9.16,-3.06,-110.38,-19.06,1
x,2022-10-15 11:38:50.761896,0.48,0.10,1.03,15.32,16.42,8.00,-3.06,-110.38,-19.06,1
x,2022-10-15 11:38:50.768179,0.44,0.09,1.01,16.48,14.04,7.45,-3.06,-110.38,-19.06,1
x,2022-10-15 11:38:50.779903,0.40,0.09,1.02,16.11,12.08,9.70,-3.06,-110.38,-19.06,1
x,2022-10-15 11:38:50.785550,0.40,0.10,1.02,12.33,7.02,10.68,-3.06,-110.38,-19.06,1
x,2022-10-15 11:38:50.796575,0.38,0.18,1.04,12.70,2.62,9.58,-3.00,-111.56,-20.54,1
x,2022-10-15 11:38:50.810508,0.35,0.20,1.03,19.23,-1.40,7.14,-3.00,-111.56,-20.54,1
x,2022-10-15 11:38:50.820357,0.32,0.19,1.00,32.78,-3.66,3.78,-3.00,-111.56,-20.54,1
x,2022-10-15 11:38:50.823366,0.29,0.17,1.00,47.30,-4.94,-0.73,-3.00,-111.56,-20.54,1
x,2022-10-15 11:38:50.839964,0.28,0.15,0.99,66.71,-13.67,-15.56,-3.00,-111.56,-20.54,1
x,2022-10-15 11:38:50.850830,0.02,-0.02,0.65,38.15,1.53,-14.53,-2.59,-110.78,-20.19,1
x,2022-10-15 11:38:50.860036,0.16,-0.29,0.66,24.23,32.35,-12.57,-2.59,-110.78,-20.19,1
x,2022-10-15 11:38:50.870309,0.15,0.16,1.09,13.37,37.29,-26.98,-2.59,-110.78,-20.19,1
x,2022-10-15 11:38:50.882265,0.07,0.30,1.10,31.86,6.23,-21.61,-2.59,-110.78,-20.19,1
x,2022-10-15 11:38:50.891482,0.09,-0.12,0.91,59.39,-9.64,-19.78,-2.59,-110.78,-20.19,1
x,2022-10-15 11:38:50.904060,0.09,-0.22,0.79,67.57,-22.52,-22.40,0.27,-109.79,-19.54,1
x,2022-10-15 11:38:50.911603,0.07,-0.37,0.69,72.08,-31.37,-26.67,0.27,-109.79,-19.54,1
x,2022-10-15 11:38:50.922347,0.10,-0.52,0.68,61.95,-37.48,-33.20,0.27,-109.79,-19.54,1
x,2022-10-15 11:38:50.924247,0.08,-0.58,0.69,61.95,-37.48,-33.20,0.27,-109.79,-19.54,1
x,2022-10-15 11:38:50.935198,0.10,-0.56,0.66,12.33,-48.95,-36.50,0.27,-109.79,-19.54,1
x,2022-10-15 11:38:50.949339,0.13,-0.46,0.63,-36.87,-57.13,-35.40,-0.57,-109.50,-20.98,1
x,2022-10-15 11:38:50.959746,0.14,-0.28,0.68,-51.51,-55.85,-29.11,-0.57,-109.50,-20.98,1
x,2022-10-15 11:38:50.969834,0.16,-0.23,0.76,-61.52,-55.42,-21.42,-0.57,-109.50,-20.98,1
x,2022-10-15 11:38:50.979802,0.19,-0.16,0.80,-70.74,-56.46,-13.31,-0.57,-109.50,-20.98,1
x,2022-10-15 11:38:50.985070,0.25,-0.03,0.88,-75.62,-52.12,1.71,-0.57,-109.50,-20.98,1
x,2022-10-15 11:38:50.997081,0.32,-0.02,0.94,-67.63,-44.56,7.81,-3.10,-111.39,-21.86,1
x,2022-10-15 11:38:51.012330,0.37,0.06,1.00,-58.78,-33.08,9.46,-3.10,-111.39,-21.86,1
x,2022-10-15 11:38:51.020709,0.41,0.04,1.10,-49.56,-18.62,7.39,-3.10,-111.39,-21.86,1
x,2022-10-15 11:38:51.031308,0.43,0.08,1.23,-42.79,6.77,-8.67,-3.10,-111.39,-21.86,1
x,2022-10-15 11:38:51.033830,0.47,0.34,1.47,-35.64,14.77,-17.09,-3.10,-111.39,-21.86,1
x,2022-10-15 11:38:51.051554,0.39,0.46,1.59,-21.18,18.92,-22.22,-2.98,-113.83,-23.05,1
x,2022-10-15 11:38:51.063377,0.28,0.55,1.82,-6.84,13.00,-18.86,-2.98,-113.83,-23.05,1
x,2022-10-15 11:38:51.063377,0.25,0.39,1.67,16.42,-34.00,9.77,-2.98,-113.83,-23.05,1
x,2022-10-15 11:38:51.081327,0.54,0.39,1.13,41.87,-23.74,15.63,-2.98,-113.83,-23.05,1
x,2022-10-15 11:38:51.093929,0.43,0.06,0.87,61.52,12.39,12.63,-2.98,-113.83,-23.05,1
x,2022-10-15 11:38:51.101704,0.40,-0.02,1.11,58.90,40.95,2.26,-2.99,-112.16,-22.12,1
x,2022-10-15 11:38:51.107836,0.35,0.02,1.13,53.16,52.55,-9.77,-2.99,-112.16,-22.12,1
x,2022-10-15 11:38:51.121776,0.33,0.07,1.12,47.06,55.48,-19.65,-2.99,-112.16,-22.12,1
x,2022-10-15 11:38:51.134315,0.27,0.11,1.12,56.40,55.66,-28.56,-2.99,-112.16,-22.12,1
x,2022-10-15 11:38:51.140572,0.25,0.08,1.06,67.26,52.25,-28.81,-2.99,-112.16,-22.12,1
x,2022-10-15 11:38:51.151894,0.21,0.10,1.02,75.87,47.61,-27.65,0.22,-110.89,-22.18,1
x,2022-10-15 11:38:51.159122,0.18,0.01,0.95,81.91,41.93,-23.25,0.22,-110.89,-22.18,1
x,2022-10-15 11:38:51.170108,0.15,-0.07,0.86,81.30,36.44,-17.58,0.22,-110.89,-22.18,1
x,2022-10-15 11:38:51.179713,0.14,-0.14,0.80,77.76,32.29,-12.57,0.22,-110.89,-22.18,1
x,2022-10-15 11:38:51.186872,0.12,-0.22,0.69,64.45,24.48,-6.84,0.22,-110.89,-22.18,1
x,2022-10-15 11:38:51.198462,0.09,-0.38,0.62,52.31,21.06,-7.81,2.82,-108.51,-22.07,1
x,2022-10-15 11:38:51.208045,0.09,-0.41,0.58,35.46,19.10,-10.99,2.82,-108.51,-22.07,1
x,2022-10-15 11:38:51.221812,0.05,-0.38,0.57,14.59,17.94,-14.47,2.82,-108.51,-22.07,1
x,2022-10-15 11:38:51.228808,0.00,-0.36,0.60,-5.68,15.69,-14.40,2.82,-108.51,-22.07,1
x,2022-10-15 11:38:51.233341,-0.02,-0.31,0.66,-22.28,9.40,-7.14,2.82,-108.51,-22.07,1
x,2022-10-15 11:38:51.247424,0.19,-0.70,0.39,-47.24,8.12,5.49,3.30,-108.13,-19.90,1
x,2022-10-15 11:38:51.250748,-0.08,-0.03,1.11,-92.47,18.31,-5.43,3.30,-108.13,-19.90,1
x,2022-10-15 11:38:51.268995,0.03,-0.19,0.94,-72.94,-3.66,5.19,3.30,-108.13,-19.90,1
x,2022-10-15 11:38:51.278682,0.10,-0.37,0.70,-38.21,-24.41,20.08,3.30,-108.13,-19.90,1
x,2022-10-15 11:38:51.293047,0.12,-0.31,0.77,-45.53,-30.94,23.93,3.30,-108.13,-19.90,1
x,2022-10-15 11:38:51.295940,0.15,-0.32,0.78,-70.31,-37.72,22.34,1.72,-110.34,-19.40,1
x,2022-10-15 11:38:51.305076,0.23,-0.09,0.87,-81.12,-36.56,14.95,1.72,-110.34,-19.40,1
x,2022-10-15 11:38:51.312022,0.28,0.04,0.93,-82.28,-35.83,4.76,1.72,-110.34,-19.40,1
x,2022-10-15 11:38:51.326603,0.30,0.18,0.97,-79.10,-35.40,-5.37,1.72,-110.34,-19.40,1
x,2022-10-15 11:38:51.338055,0.31,0.31,1.01,-71.04,-33.39,-14.04,1.72,-110.34,-19.40,1
x,2022-10-15 11:38:51.347894,0.32,0.42,1.09,-57.01,-31.74,-18.49,0.06,-112.55,-19.19,1
x,2022-10-15 11:38:51.347894,0.36,0.48,1.10,-28.02,-32.41,-19.90,0.06,-112.55,-19.19,1
x,2022-10-15 11:38:51.365884,0.38,0.39,1.12,-14.10,-31.25,-21.18,0.06,-112.55,-19.19,1
x,2022-10-15 11:38:51.379701,0.39,0.32,1.11,-8.00,-29.17,-27.16,0.06,-112.55,-19.19,1
x,2022-10-15 11:38:51.381070,0.39,0.30,1.13,-1.53,-25.94,-36.50,0.06,-112.55,-19.19,1
x,2022-10-15 11:38:51.395155,0.39,0.30,1.16,10.01,-22.03,-46.33,1.42,-112.28,-18.90,1
x,2022-10-15 11:38:51.402659,0.36,0.24,1.17,28.44,-18.98,-52.55,1.42,-112.28,-18.90,1
x,2022-10-15 11:38:51.413417,0.32,0.14,1.14,45.65,-16.17,-55.66,1.42,-112.28,-18.90,1
x,2022-10-15 11:38:51.421069,0.26,0.03,1.11,45.65,-16.17,-55.66,1.42,-112.28,-18.90,1
x,2022-10-15 11:38:51.431157,0.08,-0.21,0.88,57.01,1.53,-48.83,1.42,-112.28,-18.90,1
x,2022-10-15 11:38:51.442391,-0.17,-0.21,0.85,37.96,23.38,-40.95,1.42,-112.28,-18.90,1
x,2022-10-15 11:38:51.451381,-0.02,-0.22,0.93,25.27,48.10,-26.67,4.09,-110.40,-18.32,1
x,2022-10-15 11:38:51.462054,0.10,-0.23,1.02,18.13,66.10,-9.09,4.09,-110.40,-18.32,1
x,2022-10-15 11:38:51.472050,0.18,-0.22,1.08,30.46,76.84,24.72,4.09,-110.40,-18.32,1
x,2022-10-15 11:38:51.479637,0.21,-0.26,1.07,30.46,76.84,24.72,4.09,-110.40,-18.32,1
x,2022-10-15 11:38:51.489847,0.29,-0.38,1.04,24.48,67.38,36.32,4.09,-110.40,-18.32,1
x,2022-10-15 11:38:51.498879,0.32,-0.33,1.02,22.64,59.63,33.26,5.29,-108.56,-18.54,1
x,2022-10-15 11:38:51.502773,0.33,-0.35,0.96,21.06,50.54,28.14,5.29,-108.56,-18.54,1
x,2022-10-15 11:38:51.518236,0.32,-0.35,0.92,13.73,41.69,20.87,5.29,-108.56,-18.54,1
x,2022-10-15 11:38:51.529153,0.30,-0.25,0.90,3.42,33.63,13.18,5.29,-108.56,-18.54,1
x,2022-10-15 11:38:51.536817,0.29,-0.24,0.87,-11.41,20.08,2.93,5.29,-108.56,-18.54,1
x,2022-10-15 11:38:51.549491,0.29,-0.11,0.79,-16.48,15.32,1.53,4.24,-107.47,-17.90,1
x,2022-10-15 11:38:51.559182,0.29,-0.05,0.76,-17.33,11.60,1.10,4.24,-107.47,-17.90,1
x,2022-10-15 11:38:51.570552,0.33,0.05,0.77,-21.85,7.81,2.38,4.24,-107.47,-17.90,1
