T,2022-10-26 13:41:49.053672,-0.01,0.38,-0.90,-15.38,-1.28,-6.71,7.98,-45.72,-130.41,1
T,2022-10-26 13:41:49.071379,-0.05,0.38,-0.93,-25.45,0.73,-13.98,7.98,-45.72,-130.41,1
T,2022-10-26 13:41:49.090594,-0.03,0.24,-0.92,-27.59,3.60,-19.23,7.46,-44.92,-131.98,1
T,2022-10-26 13:41:49.108753,0.01,0.12,-0.87,-37.72,8.18,-15.32,7.46,-44.92,-131.98,1
T,2022-10-26 13:41:49.128448,-0.04,-0.05,-0.89,-57.50,13.55,-6.59,7.46,-44.92,-131.98,1
T,2022-10-26 13:41:49.147704,-0.08,-0.31,-1.14,-41.32,-5.74,22.22,9.05,-46.04,-134.05,1
T,2022-10-26 13:41:49.166122,-0.05,0.12,-0.99,-8.18,6.41,-17.09,9.05,-46.04,-134.05,1
T,2022-10-26 13:41:49.185538,-0.06,-0.28,-0.99,0.37,-6.84,15.26,6.65,-46.91,-132.15,1
T,2022-10-26 13:41:49.203890,-0.09,-0.36,-1.04,-4.21,-6.71,65.61,6.65,-46.91,-132.15,1
T,2022-10-26 13:41:49.221717,-0.06,-0.21,-1.02,3.85,-5.31,86.12,6.65,-46.91,-132.15,1
T,2022-10-26 13:41:49.240552,-0.13,0.15,-0.97,15.01,2.32,76.84,-1.48,-48.78,-125.83,1
T,2022-10-26 13:41:49.258464,0.03,-0.08,-1.08,46.33,2.38,47.91,-1.48,-48.78,-125.83,1
T,2022-10-26 13:41:49.277685,-0.03,0.20,-0.98,32.23,1.71,40.47,-1.48,-48.78,-125.83,1
T,2022-10-26 13:41:49.297536,-0.12,0.36,-1.02,24.78,4.82,32.65,-9.25,-49.43,-118.29,1
T,2022-10-26 13:41:49.315668,-0.09,0.40,-1.04,13.92,7.69,21.42,-9.25,-49.43,-118.29,1
T,2022-10-26 13:41:49.334446,-0.12,0.46,-1.01,2.99,6.10,20.57,-13.44,-49.71,-114.04,1
T,2022-10-26 13:41:49.352643,-0.15,0.54,-1.00,12.57,4.52,-9.09,-13.44,-49.71,-114.04,1
T,2022-10-26 13:41:49.370466,-0.23,0.47,-1.04,24.11,-1.04,-26.18,-13.44,-49.71,-114.04,1
T,2022-10-26 13:41:49.390669,-0.22,0.49,-0.98,26.49,-14.16,-41.50,-13.35,-49.62,-114.53,1
T,2022-10-26 13:41:49.409936,-0.12,0.33,-0.99,14.77,-13.49,-52.61,-13.35,-49.62,-114.53,1
T,2022-10-26 13:41:49.428735,0.03,0.16,-0.95,-9.34,-11.17,-45.72,-13.35,-49.62,-114.53,1
T,2022-10-26 13:41:49.448587,0.10,0.10,-0.86,-38.64,-6.90,-29.79,-8.92,-48.54,-117.26,1
T,2022-10-26 13:41:49.467881,0.24,-0.07,-0.71,-49.56,14.47,-18.49,-8.92,-48.54,-117.26,1
T,2022-10-26 13:41:49.487158,0.18,-0.12,-0.70,-60.79,37.17,-7.93,-5.64,-48.10,-120.45,1
T,2022-10-26 13:41:49.506075,-1.12,-0.17,-1.84,-59.27,50.96,1.16,-5.64,-48.10,-120.45,1
T,2022-10-26 13:41:49.525627,-0.09,0.05,-1.02,-1.22,4.21,-10.44,-5.64,-48.10,-120.45,1
T,2022-10-26 13:41:49.545565,-0.03,0.09,-0.86,1.34,17.64,11.47,-2.66,-53.16,-121.41,1
T,2022-10-26 13:41:49.564147,-0.16,0.07,-0.82,-19.17,20.02,13.79,-2.66,-53.16,-121.41,1
T,2022-10-26 13:41:49.583020,-0.10,0.07,-0.87,-25.21,31.07,12.21,-0.48,-56.36,-120.73,1
T,2022-10-26 13:41:49.601473,-0.08,0.09,-0.89,-14.59,32.35,5.49,-0.48,-56.36,-120.73,1
T,2022-10-26 13:41:49.619741,-0.11,0.02,-0.91,0.85,24.84,-1.46,-0.48,-56.36,-120.73,1
T,2022-10-26 13:41:49.640025,-0.09,-0.02,-1.01,12.88,18.43,-1.65,4.93,-61.13,-118.43,1
T,2022-10-26 13:41:49.657674,-0.10,0.00,-1.33,10.56,19.29,-5.55,4.93,-61.13,-118.43,1
T,2022-10-26 13:41:49.676730,-0.09,-0.01,-1.31,12.57,13.12,-14.83,4.93,-61.13,-118.43,1
T,2022-10-26 13:41:49.696380,-0.12,0.02,-1.34,15.81,9.28,-25.33,8.14,-64.79,-117.71,1
T,2022-10-26 13:41:49.714636,-0.16,-0.07,-1.33,29.17,-4.27,-39.06,8.14,-64.79,-117.71,1
T,2022-10-26 13:41:49.733966,-0.30,-0.14,-1.38,54.08,-22.16,-22.52,8.34,-65.22,-118.08,1
T,2022-10-26 13:41:49.752188,-0.18,-0.10,-1.29,67.57,-37.84,-7.69,8.34,-65.22,-118.08,1
T,2022-10-26 13:41:49.770582,-0.07,-0.03,-1.22,58.35,-39.92,4.94,8.34,-65.22,-118.08,1
T,2022-10-26 13:41:49.790688,-0.00,0.04,-1.11,36.93,-34.30,15.81,1.12,-60.91,-117.79,1
