t,2022-11-03 17:16:13.697022,0.20,0.34,1.09,-26.12,-19.10,25.88,34.25,-24.56,-157.06,1
t,2022-11-03 17:16:13.714988,0.17,0.48,1.15,-40.34,-16.30,23.19,34.25,-24.56,-157.06,1
t,2022-11-03 17:16:13.733874,0.16,0.50,1.15,-46.81,-11.17,13.92,42.04,-24.49,-166.88,1
t,2022-11-03 17:16:13.751986,0.23,0.65,1.11,-42.91,-8.73,2.75,42.04,-24.49,-166.88,1
t,2022-11-03 17:16:13.770159,0.20,0.43,1.12,-36.38,-4.21,-3.36,42.04,-24.49,-166.88,1
t,2022-11-03 17:16:13.788940,0.18,0.33,1.05,-18.13,-1.22,10.62,48.22,-25.66,-170.09,1
t,2022-11-03 17:16:13.807002,0.18,0.46,1.03,-11.41,-1.89,21.06,48.22,-25.66,-170.09,1
t,2022-11-03 17:16:13.825139,0.16,0.52,1.04,-28.69,-6.59,0.43,48.22,-25.66,-170.09,1
t,2022-11-03 17:16:13.844061,0.06,0.42,1.12,-34.48,-5.07,-5.62,55.59,-29.27,-168.90,1
t,2022-11-03 17:16:13.861964,-0.01,0.39,1.19,-24.48,4.64,-2.14,55.59,-29.27,-168.90,1
t,2022-11-03 17:16:13.880743,0.03,0.37,1.02,-5.74,17.58,6.35,61.47,-32.87,-163.17,1
t,2022-11-03 17:16:13.898877,0.14,0.44,0.87,-8.91,12.57,-2.32,61.47,-32.87,-163.17,1
t,2022-11-03 17:16:13.917083,0.14,0.43,0.93,-17.03,7.81,-7.81,61.47,-32.87,-163.17,1
t,2022-11-03 17:16:13.935952,0.13,0.42,0.88,-16.30,8.91,-13.85,64.76,-33.96,-154.05,1
t,2022-11-03 17:16:13.953950,0.15,0.28,0.77,-12.70,9.64,-18.31,64.76,-33.96,-154.05,1
t,2022-11-03 17:16:13.971995,0.21,0.19,0.60,-11.90,4.88,-8.61,64.76,-33.96,-154.05,1
t,2022-11-03 17:16:13.990998,0.21,0.33,0.57,-11.66,-22.77,-6.77,69.07,-33.31,-148.33,1
t,2022-11-03 17:16:14.008876,0.07,0.39,0.85,61.16,-4.15,-2.87,69.07,-33.31,-148.33,1
t,2022-11-03 17:16:14.027642,0.09,0.18,0.85,31.19,2.93,7.51,71.41,-32.25,-150.45,1
t,2022-11-03 17:16:14.045899,0.11,0.20,0.86,7.26,14.16,-15.14,71.41,-32.25,-150.45,1
t,2022-11-03 17:16:14.063824,0.01,0.19,0.64,38.64,-24.35,4.70,71.41,-32.25,-150.45,1
t,2022-11-03 17:16:14.082737,0.06,0.15,0.83,57.01,-44.01,18.43,68.87,-31.13,-155.49,1
t,2022-11-03 17:16:14.100908,0.03,0.16,0.80,36.80,-42.18,19.71,68.87,-31.13,-155.49,1
t,2022-11-03 17:16:14.118849,0.02,0.13,0.82,32.71,-48.52,25.70,68.87,-31.13,-155.49,1
t,2022-11-03 17:16:14.137795,0.06,0.30,0.94,41.93,-52.73,31.49,62.51,-30.47,-170.75,1
t,2022-11-03 17:16:14.155690,0.07,0.40,1.07,36.68,-39.73,9.70,62.51,-30.47,-170.75,1
t,2022-11-03 17:16:14.173911,0.07,0.33,1.15,32.96,-31.62,-7.26,62.51,-30.47,-170.75,1
t,2022-11-03 17:16:14.192798,0.07,0.21,1.19,32.17,-25.45,-17.82,54.17,-26.37,-184.66,1
t,2022-11-03 17:16:14.210872,0.05,0.12,1.17,33.20,-19.84,-19.23,54.17,-26.37,-184.66,1
t,2022-11-03 17:16:14.229944,0.04,0.09,1.14,19.84,-16.05,-23.80,49.76,-21.33,-191.32,1
t,2022-11-03 17:16:14.247979,0.02,0.01,1.11,3.11,-8.67,-30.58,49.76,-21.33,-191.32,1
t,2022-11-03 17:16:14.266007,0.03,0.20,1.20,-7.26,-1.46,-35.71,49.76,-21.33,-191.32,1
t,2022-11-03 17:16:14.285063,-0.22,-0.05,1.41,-41.50,30.03,-55.60,50.01,-19.01,-189.42,1
t,2022-11-03 17:16:14.303173,-0.14,-0.15,0.85,-2.56,56.09,-14.10,50.01,-19.01,-189.42,1
t,2022-11-03 17:16:14.321080,0.19,-0.09,0.76,-9.83,42.11,-6.29,50.01,-19.01,-189.42,1
t,2022-11-03 17:16:14.339986,0.09,-0.18,0.89,-17.27,19.47,6.47,53.55,-20.35,-177.88,1
t,2022-11-03 17:16:14.357727,0.09,0.07,0.92,-26.00,15.44,21.24,53.55,-20.35,-177.88,1
t,2022-11-03 17:16:14.376692,0.06,0.18,0.97,-35.40,16.66,14.04,56.42,-26.88,-170.50,1
t,2022-11-03 17:16:14.394943,0.17,0.34,0.79,-34.97,23.19,12.27,56.42,-26.88,-170.50,1
t,2022-11-03 17:16:14.412806,0.22,0.27,0.74,-34.97,12.70,1.16,56.42,-26.88,-170.50,1
t,2022-11-03 17:16:14.431856,0.14,0.25,0.79,-37.23,0.00,2.56,59.67,-32.12,-165.50,1
t,2022-11-03 17:16:14.450069,0.07,0.34,0.87,-35.03,-6.16,6.29,59.67,-32.12,-165.50,1
t,2022-11-03 17:16:14.467965,-0.10,0.48,0.94,18.86,-4.27,-27.28,59.67,-32.12,-165.50,1
t,2022-11-03 17:16:14.487025,0.06,0.33,0.89,17.15,-2.01,-2.14,61.24,-33.87,-165.72,1
t,2022-11-03 17:16:14.504574,0.07,0.34,0.93,26.25,3.42,14.28,61.24,-33.87,-165.72,1
t,2022-11-03 17:16:14.522695,0.07,0.71,0.76,42.30,3.72,23.99,61.24,-33.87,-165.72,1
t,2022-11-03 17:16:14.541862,0.09,0.59,0.88,24.29,-11.29,-34.12,61.18,-32.40,-166.00,1
t,2022-11-03 17:16:14.559880,0.07,0.23,0.92,12.88,-7.63,-40.34,61.18,-32.40,-166.00,1
t,2022-11-03 17:16:14.578896,0.06,0.25,0.93,7.57,-3.36,-36.44,62.63,-24.79,-171.50,1
t,2022-11-03 17:16:14.596955,0.04,0.09,0.93,6.53,-3.91,-31.62,62.63,-24.79,-171.50,1
t,2022-11-03 17:16:14.615000,0.01,-0.03,1.00,0.67,-5.49,-12.08,62.63,-24.79,-171.50,1
t,2022-11-03 17:16:14.633881,-0.39,0.16,1.51,3.30,9.58,-7.45,60.60,-19.98,-174.69,1
t,2022-11-03 17:16:14.651960,-0.11,0.36,1.11,25.15,45.65,-10.44,60.60,-19.98,-174.69,1
t,2022-11-03 17:16:14.669749,0.15,0.31,0.94,36.56,46.57,-16.72,60.60,-19.98,-174.69,1
t,2022-11-03 17:16:14.688871,0.22,0.39,0.81,34.06,37.17,-16.91,51.21,-18.13,-165.59,1
t,2022-11-03 17:16:14.706703,0.27,0.24,0.77,12.94,19.65,-31.19,51.21,-18.13,-165.59,1
t,2022-11-03 17:16:14.725858,0.29,0.21,0.75,2.75,10.38,-31.31,42.90,-17.04,-161.83,1
t,2022-11-03 17:16:14.743910,0.29,0.12,0.76,5.37,-3.91,-26.00,42.90,-17.04,-161.83,1
t,2022-11-03 17:16:14.761805,0.21,0.07,0.87,8.85,-11.90,-19.35,42.90,-17.04,-161.83,1
t,2022-11-03 17:16:14.780803,0.19,-0.01,0.93,6.41,-11.78,-13.31,35.75,-16.74,-164.70,1
t,2022-11-03 17:16:14.798937,0.19,-0.12,0.93,5.49,-13.49,-5.80,35.75,-16.74,-164.70,1
