r,2022-10-16 18:34:12.297597,-0.10,-0.19,1.04,-7.02,-0.24,4.27,-84.06,99.29,-60.47,1
r,2022-10-16 18:34:12.315588,-0.06,-0.18,1.04,-7.87,2.93,4.46,-84.06,99.29,-60.47,1
r,2022-10-16 18:34:12.334479,-0.01,-0.16,1.00,-2.44,4.64,6.04,-76.54,114.66,-53.03,1
r,2022-10-16 18:34:12.352601,0.02,-0.17,0.95,-7.69,3.97,-1.65,-76.54,114.66,-53.03,1
r,2022-10-16 18:34:12.371437,0.00,-0.18,0.93,-21.73,3.78,-7.57,-67.18,126.21,-48.78,1
r,2022-10-16 18:34:12.389472,-0.03,-0.14,0.92,-37.90,5.25,-12.15,-67.18,126.21,-48.78,1
r,2022-10-16 18:34:12.407517,-0.06,-0.06,0.98,-42.97,5.68,-14.34,-67.18,126.21,-48.78,1
r,2022-10-16 18:34:12.426614,-0.11,-0.04,1.04,-24.11,7.32,-10.01,-59.13,134.92,-47.46,1
r,2022-10-16 18:34:12.444566,-0.12,-0.06,1.09,-2.26,10.80,-5.80,-59.13,134.92,-47.46,1
r,2022-10-16 18:34:12.462482,-0.09,-0.12,1.07,4.27,15.99,-8.61,-59.13,134.92,-47.46,1
r,2022-10-16 18:34:12.481476,-0.07,-0.15,1.07,1.65,23.01,-13.12,-55.11,142.81,-43.57,1
r,2022-10-16 18:34:12.499639,-0.06,-0.20,1.01,-0.98,25.88,-12.27,-55.11,142.81,-43.57,1
r,2022-10-16 18:34:12.518471,-0.04,-0.24,1.00,-3.97,25.27,-11.05,-53.50,148.57,-42.91,1
r,2022-10-16 18:34:12.536499,0.02,-0.22,0.99,-9.46,24.66,-10.80,-53.50,148.57,-42.91,1
r,2022-10-16 18:34:12.554561,0.08,-0.15,0.92,-11.17,20.51,-9.89,-53.50,148.57,-42.91,1
r,2022-10-16 18:34:12.573376,0.11,-0.10,0.90,-17.76,13.73,-15.63,-50.92,152.16,-47.28,1
r,2022-10-16 18:34:12.591634,-0.09,-0.01,0.97,-18.49,1.65,-19.65,-50.92,152.16,-47.28,1
r,2022-10-16 18:34:12.609451,0.04,-0.11,0.92,42.05,7.75,-0.73,-50.92,152.16,-47.28,1
r,2022-10-16 18:34:12.628341,0.02,-0.20,0.91,47.73,11.29,5.49,-51.82,155.14,-45.39,1
r,2022-10-16 18:34:12.646337,0.01,-0.25,0.91,40.16,16.48,10.19,-51.82,155.14,-45.39,1
r,2022-10-16 18:34:12.664500,0.02,-0.25,0.91,27.89,23.86,7.93,-51.82,155.14,-45.39,1
r,2022-10-16 18:34:12.683607,0.04,-0.34,1.03,0.55,-14.34,-14.47,-52.54,157.71,-40.82,1
r,2022-10-16 18:34:12.701628,-0.03,-0.22,0.76,-37.72,-10.80,-30.70,-52.54,157.71,-40.82,1
r,2022-10-16 18:34:12.720462,0.02,-0.13,0.81,-63.54,-14.04,-40.47,-58.97,154.42,-38.77,1
r,2022-10-16 18:34:12.738603,0.01,-0.14,0.85,-37.17,-25.27,-34.12,-58.97,154.42,-38.77,1
r,2022-10-16 18:34:12.756516,0.01,-0.20,0.83,-18.43,-28.08,-23.74,-58.97,154.42,-38.77,1
r,2022-10-16 18:34:12.775484,0.01,-0.22,0.89,-7.26,-29.54,-15.99,-64.97,151.83,-32.25,1
r,2022-10-16 18:34:12.793608,0.00,-0.21,0.90,-6.35,-25.76,-13.18,-64.97,151.83,-32.25,1
r,2022-10-16 18:34:12.811574,0.01,-0.21,0.93,-7.08,-23.86,-12.39,-64.97,151.83,-32.25,1
r,2022-10-16 18:34:12.830733,0.00,-0.22,1.01,-2.26,-24.78,-5.31,-63.29,149.13,-19.53,1
r,2022-10-16 18:34:12.848578,-0.01,-0.24,1.12,7.39,-22.77,1.04,-63.29,149.13,-19.53,1
r,2022-10-16 18:34:12.866463,-0.02,-0.25,1.19,9.58,-18.86,3.48,-63.29,149.13,-19.53,1
r,2022-10-16 18:34:12.885581,-0.01,-0.27,1.19,12.02,-8.30,4.15,-53.78,147.27,-9.14,1
r,2022-10-16 18:34:12.903332,-0.03,-0.21,1.23,6.23,3.72,5.00,-53.78,147.27,-9.14,1
r,2022-10-16 18:34:12.922516,-0.03,-0.12,1.20,5.98,4.39,1.46,-46.31,145.41,-5.83,1
r,2022-10-16 18:34:12.940354,-0.01,-0.13,1.16,12.94,4.33,2.01,-46.31,145.41,-5.83,1
r,2022-10-16 18:34:12.958474,-0.03,-0.10,1.16,17.64,5.55,1.95,-46.31,145.41,-5.83,1
r,2022-10-16 18:34:12.977479,-0.05,-0.07,1.23,22.03,8.61,0.61,-46.37,146.23,-7.25,1
r,2022-10-16 18:34:12.995562,-0.04,-0.10,1.14,35.34,26.00,-4.52,-46.37,146.23,-7.25,1
r,2022-10-16 18:34:13.013540,-0.03,-0.21,1.09,34.61,29.05,-8.42,-46.37,146.23,-7.25,1
r,2022-10-16 18:34:13.032365,0.01,-0.24,0.99,27.10,35.10,-8.36,-56.92,149.71,-12.85,1
r,2022-10-16 18:34:13.050450,0.02,-0.26,0.90,26.67,28.02,-4.21,-56.92,149.71,-12.85,1
r,2022-10-16 18:34:13.069269,0.01,-0.28,0.87,26.61,14.65,2.81,-66.72,153.00,-23.27,1
r,2022-10-16 18:34:13.087478,-0.01,-0.26,0.83,23.74,9.03,2.20,-66.72,153.00,-23.27,1
r,2022-10-16 18:34:13.105561,-0.03,-0.26,0.80,12.02,9.03,-2.14,-66.72,153.00,-23.27,1
r,2022-10-16 18:34:13.124639,-0.01,-0.31,0.75,-1.16,9.22,-5.68,-71.85,154.85,-32.82,1
r,2022-10-16 18:34:13.142589,-0.01,-0.31,0.71,-24.90,5.49,-6.47,-71.85,154.85,-32.82,1
r,2022-10-16 18:34:13.160636,0.01,-0.29,0.68,-27.65,-1.65,-4.27,-71.85,154.85,-32.82,1
r,2022-10-16 18:34:13.179749,-0.03,-0.26,0.83,-25.45,-4.82,-0.31,-73.01,154.04,-40.38,1
r,2022-10-16 18:34:13.198559,-0.09,-0.20,0.86,-30.82,11.23,1.95,-73.01,154.04,-40.38,1
r,2022-10-16 18:34:13.217474,-0.37,-0.24,1.01,-11.47,-6.77,6.41,-70.18,150.00,-42.35,1
r,2022-10-16 18:34:13.235476,-0.18,-0.13,1.05,23.93,4.15,24.54,-70.18,150.00,-42.35,1
r,2022-10-16 18:34:13.253359,-0.02,-0.04,1.00,18.49,9.83,15.81,-70.18,150.00,-42.35,1
r,2022-10-16 18:34:13.272347,0.05,-0.02,1.00,15.20,4.76,5.55,-65.08,135.51,-41.64,1
r,2022-10-16 18:34:13.290278,0.11,0.00,0.95,22.46,2.32,-5.68,-65.08,135.51,-41.64,1
r,2022-10-16 18:34:13.308470,0.12,-0.10,0.90,18.86,0.67,-15.75,-65.08,135.51,-41.64,1
r,2022-10-16 18:34:13.327443,0.12,-0.14,0.86,12.76,1.16,-21.36,-72.60,122.17,-43.64,1
r,2022-10-16 18:34:13.345566,0.15,-0.17,0.83,8.61,-0.37,-24.23,-72.60,122.17,-43.64,1
r,2022-10-16 18:34:13.363430,0.14,-0.24,0.86,6.16,-3.42,-24.96,-72.60,122.17,-43.64,1
r,2022-10-16 18:34:13.382456,0.16,-0.28,0.87,18.43,-6.41,-14.34,-85.03,111.52,-44.71,1
r,2022-10-16 18:34:13.400462,0.15,-0.35,0.88,17.88,-8.85,-11.72,-85.03,111.52,-44.71,1
r,2022-10-16 18:34:13.419433,0.08,-0.44,0.94,4.88,-10.68,-14.89,-97.64,104.30,-42.82,1
