L,2022-11-09 12:08:53.356155,-0.03,0.40,-0.91,-38.21,-9.09,4.64,-22.72,-38.51,-40.09,1
L,2022-11-09 12:08:53.374226,0.03,0.42,-0.89,-27.34,-5.31,-10.56,-22.72,-38.51,-40.09,1
L,2022-11-09 12:08:53.392257,0.08,0.33,-0.85,-17.40,-0.12,-20.02,-22.72,-38.51,-40.09,1
L,2022-11-09 12:08:53.411100,0.05,0.26,-0.85,-13.98,4.21,-19.04,-22.02,-38.44,-39.73,1
L,2022-11-09 12:08:53.429252,-0.02,0.29,-0.87,-10.56,4.21,-7.93,-22.02,-38.44,-39.73,1
L,2022-11-09 12:08:53.447298,-0.07,0.34,-0.92,-8.30,0.31,-0.92,-22.02,-38.44,-39.73,1
L,2022-11-09 12:08:53.466066,-0.04,0.42,-0.93,8.06,-3.23,-7.02,-23.22,-38.93,-36.40,1
L,2022-11-09 12:08:53.484016,0.11,0.30,-0.87,13.00,0.06,-15.56,-23.22,-38.93,-36.40,1
L,2022-11-09 12:08:53.502978,0.19,0.14,-0.89,2.32,3.17,-9.70,-23.34,-41.54,-38.02,1
L,2022-11-09 12:08:53.521051,0.15,0.11,-0.90,-15.01,0.73,7.51,-23.34,-41.54,-38.02,1
L,2022-11-09 12:08:53.539091,0.06,0.18,-0.89,-22.77,3.17,19.78,-23.34,-41.54,-38.02,1
L,2022-11-09 12:08:53.557934,0.06,0.08,-0.80,-22.95,12.21,22.46,-30.82,-42.36,-36.51,1
L,2022-11-09 12:08:53.576311,-0.07,0.66,-1.55,-24.11,21.48,28.87,-30.82,-42.36,-36.51,1
L,2022-11-09 12:08:53.594307,-0.02,0.17,-1.11,-36.13,-60.67,-26.79,-30.82,-42.36,-36.51,1
L,2022-11-09 12:08:53.614180,-0.37,0.07,-0.52,-75.87,-31.80,-7.20,-34.28,-41.28,-33.04,1
L,2022-11-09 12:08:53.632076,-0.15,0.27,-0.70,21.91,44.31,17.27,-34.28,-41.28,-33.04,1
L,2022-11-09 12:08:53.650069,-0.09,0.29,-0.77,28.63,75.87,27.65,-34.28,-41.28,-33.04,1
L,2022-11-09 12:08:53.669114,-0.00,0.34,-0.72,35.77,93.08,25.21,-38.51,-38.62,-37.94,1
L,2022-11-09 12:08:53.687029,0.06,0.43,-0.98,50.90,102.36,12.08,-38.51,-38.62,-37.94,1
L,2022-11-09 12:08:53.705922,0.09,0.21,-1.59,2.56,34.18,8.61,-40.17,-38.83,-46.69,1
L,2022-11-09 12:08:53.724203,-0.11,0.12,-1.21,-41.20,-13.12,2.38,-40.17,-38.83,-46.69,1
L,2022-11-09 12:08:53.742261,-0.16,0.00,-1.27,-25.51,-4.21,-2.38,-40.17,-38.83,-46.69,1
L,2022-11-09 12:08:53.761173,-0.14,-0.28,-1.53,21.24,14.10,8.24,-42.10,-35.36,-44.95,1
L,2022-11-09 12:08:53.779264,-0.08,-0.19,-1.25,66.96,-14.22,46.94,-42.10,-35.36,-44.95,1
L,2022-11-09 12:08:53.797187,-0.11,0.37,-1.02,73.18,-24.60,47.61,-42.10,-35.36,-44.95,1
L,2022-11-09 12:08:53.816060,-0.09,0.47,-0.89,69.34,-20.87,31.13,-49.41,-24.30,-42.19,1
L,2022-11-09 12:08:53.834142,-0.03,0.81,-0.70,60.24,-11.05,10.07,-49.41,-24.30,-42.19,1
L,2022-11-09 12:08:53.853106,-0.02,1.01,-0.65,48.52,6.41,-26.43,-48.97,-17.57,-40.33,1
L,2022-11-09 12:08:53.871213,-0.06,0.52,-0.87,8.73,9.83,-31.49,-48.97,-17.57,-40.33,1
L,2022-11-09 12:08:53.889248,-0.10,0.44,-0.94,-17.64,-4.88,0.37,-48.97,-17.57,-40.33,1
L,2022-11-09 12:08:53.908188,-0.25,0.45,-0.97,-32.23,-5.92,10.50,-47.60,-17.37,-40.25,1
L,2022-11-09 12:08:53.926150,-0.39,0.50,-1.17,-20.32,7.14,-33.63,-47.60,-17.37,-40.25,1
L,2022-11-09 12:08:53.944334,-0.31,0.17,-1.26,20.87,-14.22,-42.72,-47.60,-17.37,-40.25,1
L,2022-11-09 12:08:53.964142,-0.08,0.10,-1.17,39.43,-24.90,-41.32,-43.44,-20.87,-40.28,1
L,2022-11-09 12:08:53.982100,0.01,0.19,-1.09,33.08,-34.00,-25.94,-43.44,-20.87,-40.28,1
L,2022-11-09 12:08:54.000089,0.06,0.28,-1.05,23.13,-42.11,-11.17,-43.44,-20.87,-40.28,1
