P,2022-10-26 16:55:37.667969,0.72,-0.55,0.58,-0.85,-1.83,10.19,-25.74,20.43,-149.93,1
P,2022-10-26 16:55:37.687614,0.69,-0.53,0.57,-14.53,-13.49,1.89,-24.13,18.38,-149.39,1
P,2022-10-26 16:55:37.706073,0.38,-0.53,0.85,-18.13,-21.48,2.75,-24.13,18.38,-149.39,1
P,2022-10-26 16:55:37.726765,0.34,-0.45,0.90,-23.99,-14.22,-5.62,-25.54,14.59,-153.12,1
P,2022-10-26 16:55:37.747348,0.50,-0.30,0.78,-32.04,-6.90,-21.36,-25.54,14.59,-153.12,1
P,2022-10-26 16:55:37.769350,0.47,-0.21,0.93,-19.78,-8.36,-17.88,-25.54,14.59,-153.12,1
P,2022-10-26 16:55:37.787491,0.31,-0.21,0.68,-7.57,-4.76,-3.36,-24.78,13.76,-155.40,1
P,2022-10-26 16:55:37.806895,0.43,-0.27,0.71,-5.00,-3.54,1.28,-24.78,13.76,-155.40,1
P,2022-10-26 16:55:37.829188,-0.02,-0.32,0.22,8.67,2.44,4.76,-25.33,12.51,-154.68,1
P,2022-10-26 16:55:37.847329,0.31,-0.29,0.46,12.33,-40.95,-25.39,-25.33,12.51,-154.68,1
P,2022-10-26 16:55:37.867560,0.33,-0.36,0.52,49.74,-57.80,-21.42,-25.33,12.51,-154.68,1
P,2022-10-26 16:55:37.890761,0.34,-0.36,0.58,19.23,-63.78,-21.18,-31.04,10.25,-153.02,1
P,2022-10-26 16:55:37.908620,0.40,-0.35,0.85,-8.24,-35.40,-23.13,-31.04,10.25,-153.02,1
P,2022-10-26 16:55:37.930468,0.41,-0.43,0.94,-15.93,-31.98,-24.35,-38.79,6.73,-146.17,1
P,2022-10-26 16:55:37.952568,0.46,-0.36,0.96,-26.79,-20.75,-21.24,-38.79,6.73,-146.17,1
P,2022-10-26 16:55:37.970913,0.51,-0.35,1.13,-26.55,-11.35,-7.57,-38.79,6.73,-146.17,1
P,2022-10-26 16:55:37.992879,0.55,-0.45,1.07,-21.79,5.49,9.16,-41.74,3.77,-138.64,1
P,2022-10-26 16:55:38.015471,0.44,-0.34,1.04,-25.88,11.05,18.01,-41.74,3.77,-138.64,1
P,2022-10-26 16:55:38.033972,0.41,-0.11,1.04,-40.77,48.83,9.95,-42.22,5.22,-139.56,1
P,2022-10-26 16:55:38.054706,0.37,-0.32,0.98,-22.95,86.24,17.94,-42.22,5.22,-139.56,1
P,2022-10-26 16:55:38.075711,0.48,-0.45,0.96,-7.63,52.12,11.84,-36.17,8.90,-143.20,1
P,2022-10-26 16:55:38.097596,0.61,-0.44,0.72,-3.11,34.18,15.99,-36.17,8.90,-143.20,1
P,2022-10-26 16:55:38.113718,0.60,-0.37,0.70,-18.80,18.49,5.07,-36.17,8.90,-143.20,1
P,2022-10-26 16:55:38.132540,0.54,-0.29,0.65,-31.25,9.22,-0.98,-29.08,12.92,-147.33,1
P,2022-10-26 16:55:38.154401,0.51,-0.25,0.59,-18.07,-3.11,1.16,-29.08,12.92,-147.33,1
P,2022-10-26 16:55:38.170927,0.44,-0.18,0.52,-22.89,-15.26,-4.33,-29.08,12.92,-147.33,1
P,2022-10-26 16:55:38.190144,0.54,-0.01,0.99,12.39,-13.00,3.54,-25.44,12.59,-150.18,1
P,2022-10-26 16:55:38.207944,0.37,-0.11,0.89,47.30,0.98,-4.15,-25.44,12.59,-150.18,1
P,2022-10-26 16:55:38.231264,0.31,0.04,0.84,12.63,2.99,-33.39,-20.26,12.37,-150.59,1
P,2022-10-26 16:55:38.250543,0.33,-0.07,0.77,19.65,9.03,-71.90,-20.26,12.37,-150.59,1
P,2022-10-26 16:55:38.270146,0.30,-0.22,0.76,22.22,17.27,-81.36,-20.26,12.37,-150.59,1
P,2022-10-26 16:55:38.292802,0.38,-0.41,0.57,43.95,20.26,-53.59,-11.15,11.29,-143.16,1
P,2022-10-26 16:55:38.310599,0.44,-0.82,0.46,48.10,3.42,-31.49,-11.15,11.29,-143.16,1
P,2022-10-26 16:55:38.330760,0.30,-0.78,0.40,33.02,-12.57,1.53,-7.60,9.39,-136.71,1
P,2022-10-26 16:55:38.350359,0.45,-0.67,0.55,40.28,-45.53,19.35,-7.60,9.39,-136.71,1
P,2022-10-26 16:55:38.372913,0.50,-0.70,0.74,54.08,-55.11,34.48,-7.60,9.39,-136.71,1
P,2022-10-26 16:55:38.391949,0.48,-0.60,0.86,-11.29,-41.08,22.58,-14.45,5.08,-139.25,1
P,2022-10-26 16:55:38.412854,0.50,-0.47,0.98,-24.90,-35.52,22.34,-14.45,5.08,-139.25,1
P,2022-10-26 16:55:38.435606,0.47,-0.28,0.93,-42.24,-8.00,14.65,-26.06,5.10,-144.97,1
P,2022-10-26 16:55:38.452443,0.40,-0.33,0.84,-13.73,1.65,29.91,-26.06,5.10,-144.97,1
P,2022-10-26 16:55:38.471166,0.21,-0.43,0.84,7.32,3.97,18.49,-26.06,5.10,-144.97,1
P,2022-10-26 16:55:38.491907,0.05,-0.63,0.88,45.04,28.26,38.76,-36.28,9.47,-149.01,1
P,2022-10-26 16:55:38.511626,0.27,-0.71,0.69,78.31,46.02,66.77,-36.28,9.47,-149.01,1
P,2022-10-26 16:55:38.532338,0.60,-0.69,0.32,62.01,46.14,68.79,-39.94,22.44,-150.84,1
P,2022-10-26 16:55:38.551260,0.73,-0.75,0.07,59.63,29.85,69.46,-39.94,22.44,-150.84,1
P,2022-10-26 16:55:38.569536,0.91,-0.79,-0.02,59.14,0.06,74.16,-39.94,22.44,-150.84,1
P,2022-10-26 16:55:38.590559,0.96,-0.83,-0.03,16.17,-46.88,77.33,-48.39,38.57,-149.02,1
P,2022-10-26 16:55:38.608721,0.74,-0.73,0.15,-31.07,-83.07,65.98,-48.39,38.57,-149.02,1
P,2022-10-26 16:55:38.629711,0.48,-0.58,0.40,-73.12,-103.45,52.43,-57.76,57.65,-141.33,1
P,2022-10-26 16:55:38.651875,0.20,-0.34,0.90,-84.53,-99.12,58.47,-57.76,57.65,-141.33,1
