P,2022-10-25 11:44:39.651367,-0.03,-0.40,0.90,-5.80,3.30,3.36,-8.87,65.53,-34.12,1
P,2022-10-25 11:44:39.672216,0.04,-0.46,0.85,-0.98,4.94,5.37,-8.87,65.53,-34.12,1
P,2022-10-25 11:44:39.690867,0.15,-0.47,0.77,-9.77,-4.52,-0.18,-8.73,66.48,-35.55,1
P,2022-10-25 11:44:39.709241,0.11,-0.38,0.77,-20.08,-14.59,-10.07,-8.73,66.48,-35.55,1
P,2022-10-25 11:44:39.729955,-1.74,-0.06,0.55,-21.06,-15.75,-11.96,-9.18,66.15,-34.14,1
P,2022-10-25 11:44:39.750132,0.02,-0.48,0.76,4.82,31.62,4.39,-9.18,66.15,-34.14,1
P,2022-10-25 11:44:39.767106,0.07,-0.40,0.78,-26.49,38.82,-0.43,-9.18,66.15,-34.14,1
P,2022-10-25 11:44:39.787230,0.06,-0.30,0.93,-49.13,43.70,-0.79,-8.36,64.18,-36.15,1
P,2022-10-25 11:44:39.805812,0.04,-0.24,0.98,-33.33,6.23,-17.88,-8.36,64.18,-36.15,1
P,2022-10-25 11:44:39.823525,0.02,-0.16,0.90,1.16,-35.71,-27.28,-8.36,64.18,-36.15,1
P,2022-10-25 11:44:39.846135,-0.00,-0.16,0.82,10.93,-42.97,-15.26,-10.78,62.67,-35.91,1
P,2022-10-25 11:44:39.862137,-0.00,-0.25,0.82,19.23,-46.69,-11.72,-10.78,62.67,-35.91,1
P,2022-10-25 11:44:39.882390,-0.01,-0.34,0.84,18.31,-48.34,-10.25,-13.59,63.01,-32.21,1
P,2022-10-25 11:44:39.901391,-0.00,-0.43,0.93,8.12,-35.16,-4.76,-13.59,63.01,-32.21,1
P,2022-10-25 11:44:39.922790,-0.00,-0.45,1.05,-2.20,-18.31,-0.73,-13.59,63.01,-32.21,1
P,2022-10-25 11:44:39.941841,0.00,-0.46,1.16,-6.77,-2.87,8.06,-14.78,62.35,-28.60,1
P,2022-10-25 11:44:39.959488,0.01,-0.48,1.35,-19.29,14.71,14.28,-14.78,62.35,-28.60,1
P,2022-10-25 11:44:39.979589,0.00,-0.47,1.31,-2.62,-6.04,5.55,-14.50,62.61,-28.47,1
P,2022-10-25 11:44:39.999928,0.01,-0.40,1.24,30.64,-40.65,-7.45,-14.50,62.61,-28.47,1
P,2022-10-25 11:44:40.017117,-0.02,-0.38,1.10,-5.49,31.01,31.86,-14.50,62.61,-28.47,1
P,2022-10-25 11:44:40.036560,0.01,-0.39,1.00,3.23,35.16,25.33,-14.27,64.07,-31.30,1
P,2022-10-25 11:44:40.055596,-0.01,-0.38,0.99,6.16,45.47,17.27,-14.27,64.07,-31.30,1
P,2022-10-25 11:44:40.077581,0.01,-0.37,0.96,-3.36,36.50,15.81,-14.27,64.07,-31.30,1
P,2022-10-25 11:44:40.093296,0.00,-0.31,0.86,2.99,26.73,11.54,-11.57,65.38,-32.10,1
P,2022-10-25 11:44:40.112974,0.00,-0.27,0.83,4.03,26.86,9.40,-11.57,65.38,-32.10,1
P,2022-10-25 11:44:40.131773,-0.00,-0.22,0.83,5.55,25.57,7.02,-9.50,66.94,-34.90,1
P,2022-10-25 11:44:40.154278,-0.01,-0.21,0.76,8.00,12.33,5.55,-9.50,66.94,-34.90,1
P,2022-10-25 11:44:40.169331,0.01,-0.24,0.73,4.09,11.66,4.76,-9.50,66.94,-34.90,1
P,2022-10-25 11:44:40.189529,0.00,-0.27,0.75,4.09,19.35,-6.35,-9.08,68.57,-35.97,1
P,2022-10-25 11:44:40.208314,0.01,-0.27,0.78,11.41,19.78,-26.98,-9.08,68.57,-35.97,1
P,2022-10-25 11:44:40.227056,0.02,-0.25,0.83,18.49,11.41,-30.58,-9.08,68.57,-35.97,1
P,2022-10-25 11:44:40.249711,0.02,-0.30,0.86,31.68,2.44,-33.20,-11.23,69.67,-34.20,1
P,2022-10-25 11:44:40.265832,0.02,-0.44,0.85,41.08,-4.76,-28.02,-11.23,69.67,-34.20,1
P,2022-10-25 11:44:40.283849,0.02,-0.60,0.84,36.93,-15.50,-14.40,-13.95,71.56,-31.19,1
P,2022-10-25 11:44:40.302501,0.03,-0.68,0.84,26.73,-18.55,-11.96,-13.95,71.56,-31.19,1
P,2022-10-25 11:44:40.321085,0.01,-0.67,0.87,20.26,-18.49,-10.31,-13.95,71.56,-31.19,1
P,2022-10-25 11:44:40.344814,0.00,-0.64,0.90,22.40,-24.05,-5.74,-16.09,70.52,-28.06,1
P,2022-10-25 11:44:40.360094,0.00,-0.63,0.85,14.59,-36.62,13.92,-16.09,70.52,-28.06,1
P,2022-10-25 11:44:40.380138,0.00,-0.59,0.84,0.79,-33.45,23.50,-16.09,70.52,-28.06,1
P,2022-10-25 11:44:40.399393,-0.00,-0.49,0.87,-12.45,-20.51,24.84,-15.34,69.23,-27.81,1
P,2022-10-25 11:44:40.420675,-0.00,-0.34,0.95,-25.63,-3.85,27.65,-15.34,69.23,-27.81,1
P,2022-10-25 11:44:40.438749,0.00,-0.23,1.04,-30.27,3.05,22.77,-13.34,66.61,-28.94,1
P,2022-10-25 11:44:40.458411,0.00,-0.13,1.10,-32.90,5.00,14.95,-13.34,66.61,-28.94,1
P,2022-10-25 11:44:40.476984,-0.01,-0.09,1.08,-26.67,-3.36,21.61,-13.34,66.61,-28.94,1
P,2022-10-25 11:44:40.499780,-0.19,-0.05,1.09,-21.42,-10.25,31.37,-12.37,65.67,-29.68,1
P,2022-10-25 11:44:40.515106,-0.27,-0.15,1.08,4.52,-4.27,37.78,-12.37,65.67,-29.68,1
P,2022-10-25 11:44:40.535124,-0.13,-0.26,1.00,32.65,9.58,20.08,-11.80,68.12,-29.09,1
