O,2022-10-27 12:09:51.744884,0.45,-0.47,0.77,2.69,26.06,-30.03,34.47,-38.76,-144.29,1
O,2022-10-27 12:09:51.756745,0.50,-0.49,0.73,14.34,20.57,-30.64,34.47,-38.76,-144.29,1
O,2022-10-27 12:09:51.778363,0.49,-0.50,0.74,16.78,14.40,-28.93,36.52,-31.87,-140.71,1
O,2022-10-27 12:09:51.797204,0.46,-0.50,0.78,19.29,13.06,-27.28,36.52,-31.87,-140.71,1
O,2022-10-27 12:09:51.817298,0.45,-0.57,0.75,19.41,19.17,-30.58,38.44,-25.57,-137.24,1
O,2022-10-27 12:09:51.844273,0.48,-0.69,0.66,12.08,20.02,-31.68,38.44,-25.57,-137.24,1
O,2022-10-27 12:09:51.860392,0.50,-0.72,0.61,7.08,13.43,-24.72,38.44,-25.57,-137.24,1
O,2022-10-27 12:09:51.879819,0.49,-0.69,0.60,9.34,4.58,-18.68,39.23,-20.59,-131.64,1
O,2022-10-27 12:09:51.898666,0.45,-0.75,0.54,8.97,-1.53,-13.79,39.23,-20.59,-131.64,1
O,2022-10-27 12:09:51.919076,0.39,-0.82,0.57,3.23,-7.26,-12.33,42.64,-18.80,-127.76,1
O,2022-10-27 12:09:51.942640,0.36,-0.82,0.59,-5.74,-9.89,3.17,42.64,-18.80,-127.76,1
O,2022-10-27 12:09:51.961670,0.32,-0.74,0.53,-4.39,-16.11,10.31,42.64,-18.80,-127.76,1
O,2022-10-27 12:09:51.979675,0.32,-0.69,0.48,-13.43,-19.53,8.36,47.94,-21.56,-125.42,1
O,2022-10-27 12:09:51.992933,0.28,-0.66,0.46,-28.56,-28.56,2.20,47.94,-21.56,-125.42,1
O,2022-10-27 12:09:52.020599,0.27,-0.14,0.88,-51.94,42.48,-50.35,51.71,-23.86,-125.33,1
O,2022-10-27 12:09:52.041253,0.32,-1.03,0.33,-6.59,14.65,13.43,51.71,-23.86,-125.33,1
O,2022-10-27 12:09:52.061267,0.29,-0.37,0.75,39.79,-52.49,69.70,51.71,-23.86,-125.33,1
O,2022-10-27 12:09:52.073413,0.16,-0.46,0.52,11.35,-28.26,33.39,54.88,-29.44,-130.00,1
O,2022-10-27 12:09:52.094741,0.28,-0.62,0.52,-18.80,-27.83,12.70,54.88,-29.44,-130.00,1
O,2022-10-27 12:09:52.113851,0.28,-0.48,0.74,-38.02,-28.75,11.84,54.97,-32.87,-138.88,1
O,2022-10-27 12:09:52.133508,0.31,-0.23,0.84,-57.86,-19.65,2.81,54.97,-32.87,-138.88,1
O,2022-10-27 12:09:52.153507,0.30,-0.14,0.91,-49.26,-15.08,-0.12,54.97,-32.87,-138.88,1
O,2022-10-27 12:09:52.173684,0.30,-0.10,1.00,-21.85,-20.32,-3.60,52.20,-31.64,-148.38,1
O,2022-10-27 12:09:52.194249,0.28,-0.08,1.02,-8.00,-18.01,-13.06,52.20,-31.64,-148.38,1
O,2022-10-27 12:09:52.214826,0.30,-0.16,1.10,2.01,-13.24,-26.06,48.55,-24.98,-157.14,1
O,2022-10-27 12:09:52.235715,0.35,-0.20,1.04,14.95,6.23,-37.90,48.55,-24.98,-157.14,1
O,2022-10-27 12:09:52.256461,0.34,-0.37,1.00,29.85,10.99,-34.30,48.55,-24.98,-157.14,1
O,2022-10-27 12:09:52.275593,0.38,-0.40,0.97,43.76,12.45,-24.29,45.62,-15.11,-157.96,1
O,2022-10-27 12:09:52.296074,0.41,-0.53,0.97,55.60,12.21,-18.07,45.62,-15.11,-157.96,1
O,2022-10-27 12:09:52.317328,0.36,-0.70,0.93,53.34,14.53,-23.56,45.17,-6.08,-153.53,1
O,2022-10-27 12:09:52.337569,0.36,-0.76,0.86,37.78,20.57,-26.00,45.17,-6.08,-153.53,1
O,2022-10-27 12:09:52.357395,0.37,-0.86,0.81,32.04,17.03,-17.82,45.17,-6.08,-153.53,1
O,2022-10-27 12:09:52.367830,0.35,-0.89,0.76,34.97,11.60,-6.59,45.10,-1.17,-144.21,1
O,2022-10-27 12:09:52.388033,0.39,-0.87,0.70,26.55,14.47,1.40,45.10,-1.17,-144.21,1
O,2022-10-27 12:09:52.408178,0.39,-0.87,0.62,17.03,14.83,3.30,45.10,-1.17,-144.21,1
O,2022-10-27 12:09:52.430229,0.33,-0.93,0.80,12.15,4.64,4.15,46.06,-1.14,-133.45,1
O,2022-10-27 12:09:52.449022,0.32,-0.88,0.58,-9.52,15.50,3.97,46.06,-1.14,-133.45,1
O,2022-10-27 12:09:52.469815,0.33,-0.85,0.51,-14.28,9.58,9.95,46.48,-4.69,-126.32,1
O,2022-10-27 12:09:52.489399,0.34,-0.83,0.52,-15.75,2.62,18.37,46.48,-4.69,-126.32,1
O,2022-10-27 12:09:52.509829,0.29,-0.78,0.47,-20.87,-2.62,24.60,46.48,-4.69,-126.32,1
O,2022-10-27 12:09:52.530481,0.25,-0.70,0.46,-30.70,-2.69,26.12,48.84,-11.63,-122.56,1
O,2022-10-27 12:09:52.550482,0.22,-0.57,0.56,-48.10,-6.04,21.73,48.84,-11.63,-122.56,1
O,2022-10-27 12:09:52.570918,0.23,-0.25,0.65,-55.66,-4.88,11.11,52.08,-21.91,-125.81,1
O,2022-10-27 12:09:52.591251,0.25,-0.33,0.61,-58.04,3.11,-7.20,52.08,-21.91,-125.81,1
O,2022-10-27 12:09:52.611263,0.27,-0.11,0.81,-31.74,-6.29,10.31,52.08,-21.91,-125.81,1
O,2022-10-27 12:09:52.622489,0.28,-0.09,0.85,-18.55,-0.31,7.14,52.84,-29.24,-127.91,1
O,2022-10-27 12:09:52.643401,0.33,-0.11,0.92,-0.98,-1.89,6.04,52.84,-29.24,-127.91,1
O,2022-10-27 12:09:52.669947,0.35,-0.31,0.86,19.84,3.72,10.56,54.30,-30.73,-129.36,1
O,2022-10-27 12:09:52.682302,0.32,-0.35,0.86,33.87,-8.67,16.17,54.30,-30.73,-129.36,1
O,2022-10-27 12:09:52.702826,0.26,-0.37,0.97,44.43,-13.12,14.22,54.30,-30.73,-129.36,1
O,2022-10-27 12:09:52.723173,0.07,-0.52,1.04,56.09,18.49,27.28,54.41,-28.60,-129.91,1
O,2022-10-27 12:09:52.744999,0.19,-0.53,0.90,67.99,39.61,33.02,54.41,-28.60,-129.91,1
O,2022-10-27 12:09:52.764964,0.27,-0.65,0.77,64.21,40.28,25.21,47.27,-24.74,-127.14,1
O,2022-10-27 12:09:52.784686,0.33,-0.75,0.64,60.67,32.53,23.38,47.27,-24.74,-127.14,1
