J,2022-10-19 14:24:22.598037,0.45,-0.76,0.50,-5.00,-10.74,-22.34,21.45,-73.29,-83.15,1
J,2022-10-19 14:24:22.617877,0.34,-0.93,0.62,-13.43,-14.83,-15.69,18.59,-71.57,-79.98,1
J,2022-10-19 14:24:22.637035,0.36,-0.93,0.63,-12.51,-13.79,-2.26,18.59,-71.57,-79.98,1
J,2022-10-19 14:24:22.656157,0.40,-0.85,0.56,-16.24,-14.16,8.54,18.59,-71.57,-79.98,1
J,2022-10-19 14:24:22.675429,0.43,-0.71,0.52,-21.61,-23.01,7.75,18.21,-71.28,-75.68,1
J,2022-10-19 14:24:22.693233,0.40,-0.60,0.60,-31.01,-32.35,1.89,18.21,-71.28,-75.68,1
J,2022-10-19 14:24:22.713291,0.33,-0.51,0.71,-32.04,-35.64,-1.59,19.98,-72.86,-73.16,1
J,2022-10-19 14:24:22.730681,0.33,-0.36,0.82,27.16,8.79,9.22,19.98,-72.86,-73.16,1
J,2022-10-19 14:24:22.749811,0.36,-0.51,0.76,40.47,-2.26,7.32,19.98,-72.86,-73.16,1
J,2022-10-19 14:24:22.770645,0.36,-0.44,0.81,29.72,-5.00,12.76,19.10,-73.23,-71.96,1
J,2022-10-19 14:24:22.789718,0.33,-0.28,0.93,-10.50,23.86,-7.69,19.10,-73.23,-71.96,1
J,2022-10-19 14:24:22.809240,0.33,-0.26,0.90,-31.49,38.57,-36.50,18.09,-72.80,-71.62,1
J,2022-10-19 14:24:22.827357,0.34,-0.32,0.83,-20.02,34.55,-46.02,18.09,-72.80,-71.62,1
J,2022-10-19 14:24:22.847118,0.34,-0.54,0.71,9.77,16.91,-37.11,18.09,-72.80,-71.62,1
J,2022-10-19 14:24:22.866854,0.34,-0.74,0.61,21.79,4.33,-21.36,14.82,-69.41,-71.15,1
J,2022-10-19 14:24:22.885152,0.37,-0.88,0.53,15.08,-5.31,1.22,14.82,-69.41,-71.15,1
J,2022-10-19 14:24:22.903650,0.35,-0.94,0.52,-18.13,-3.30,8.18,14.82,-69.41,-71.15,1
J,2022-10-19 14:24:22.923168,0.42,-0.92,0.62,-47.67,1.04,4.70,12.98,-67.07,-68.99,1
J,2022-10-19 14:24:22.941639,0.37,-0.84,0.60,-31.86,-5.19,30.82,12.98,-67.07,-68.99,1
J,2022-10-19 14:24:22.961282,0.50,-0.62,0.63,-17.52,-16.42,36.99,14.38,-66.97,-71.50,1
J,2022-10-19 14:24:22.979959,0.35,-0.40,0.84,-22.46,-10.38,25.76,14.38,-66.97,-71.50,1
J,2022-10-19 14:24:22.998611,0.34,-0.29,0.86,-9.46,-0.61,22.09,14.38,-66.97,-71.50,1
J,2022-10-19 14:24:23.018325,0.31,-0.18,0.85,-7.45,7.39,-3.91,15.56,-69.58,-71.23,1
J,2022-10-19 14:24:23.037061,0.38,-0.25,0.83,-3.66,9.52,-14.28,15.56,-69.58,-71.23,1
J,2022-10-19 14:24:23.055316,0.21,-0.36,0.63,17.03,1.65,2.81,15.56,-69.58,-71.23,1
J,2022-10-19 14:24:23.075291,0.26,-0.36,0.67,14.10,-16.72,-8.85,16.85,-70.97,-73.38,1
J,2022-10-19 14:24:23.093243,0.27,-0.39,0.66,7.69,-21.61,-17.33,16.85,-70.97,-73.38,1
J,2022-10-19 14:24:23.112074,0.28,-0.39,0.68,1.04,-18.37,-17.33,19.30,-71.40,-71.04,1
J,2022-10-19 14:24:23.130256,0.27,-0.42,0.67,2.01,-15.08,-20.14,19.30,-71.40,-71.04,1
J,2022-10-19 14:24:23.148832,0.30,-0.47,0.71,5.49,-14.04,-23.13,19.30,-71.40,-71.04,1
J,2022-10-19 14:24:23.169408,0.34,-0.58,0.73,3.66,-14.83,-24.05,23.91,-72.97,-68.71,1
J,2022-10-19 14:24:23.186601,0.36,-0.64,0.74,1.22,-15.81,-21.00,23.91,-72.97,-68.71,1
J,2022-10-19 14:24:23.205671,0.35,-0.67,0.74,1.77,-16.60,-15.75,23.91,-72.97,-68.71,1
J,2022-10-19 14:24:23.225343,0.37,-0.70,0.76,3.60,-16.05,-7.57,28.52,-75.00,-67.36,1
J,2022-10-19 14:24:23.244173,0.41,-0.73,0.84,-1.53,-11.96,-3.42,28.52,-75.00,-67.36,1
J,2022-10-19 14:24:23.264166,0.41,-0.69,0.88,-8.42,-5.80,1.59,32.67,-77.51,-68.44,1
J,2022-10-19 14:24:23.282351,0.41,-0.64,0.89,-0.79,-4.82,7.81,32.67,-77.51,-68.44,1
J,2022-10-19 14:24:23.300239,0.42,-0.72,0.84,26.00,-13.18,23.13,32.67,-77.51,-68.44,1
J,2022-10-19 14:24:23.321309,0.41,-0.76,0.78,50.66,-22.71,44.86,34.24,-80.25,-70.74,1
J,2022-10-19 14:24:23.338537,0.37,-0.67,0.83,24.48,-20.14,46.57,34.24,-80.25,-70.74,1
J,2022-10-19 14:24:23.358456,0.31,-0.45,0.91,-8.73,-12.15,32.59,33.94,-82.56,-75.34,1
J,2022-10-19 14:24:23.378566,0.33,-0.26,1.03,-41.14,-5.25,17.76,33.94,-82.56,-75.34,1
J,2022-10-19 14:24:23.397772,0.27,-0.13,1.12,-31.49,-3.91,17.40,33.94,-82.56,-75.34,1
J,2022-10-19 14:24:23.417729,-0.24,-0.07,1.46,10.80,24.96,26.49,30.97,-79.14,-75.61,1
J,2022-10-19 14:24:23.436388,0.12,0.00,1.20,44.01,70.31,19.90,30.97,-79.14,-75.61,1
J,2022-10-19 14:24:23.455050,0.38,-0.14,0.93,44.68,84.17,-7.26,30.97,-79.14,-75.61,1
J,2022-10-19 14:24:23.473970,0.56,-0.26,0.61,39.12,66.65,-12.45,24.69,-74.29,-76.98,1
J,2022-10-19 14:24:23.492270,0.58,-0.36,0.50,18.07,51.88,-26.37,24.69,-74.29,-76.98,1
J,2022-10-19 14:24:23.511677,0.57,-0.42,0.46,10.13,31.25,-32.04,19.06,-67.59,-77.58,1
