K,2022-11-08 14:52:45.815548,0.13,-0.76,0.72,-8.42,23.19,15.26,-22.42,44.03,-139.18,1
K,2022-11-08 14:52:45.832959,0.14,-0.76,0.65,-17.15,22.34,23.32,-22.42,44.03,-139.18,1
K,2022-11-08 14:52:45.857668,0.08,-0.67,0.68,-37.23,25.63,23.32,-19.75,45.80,-142.72,1
K,2022-11-08 14:52:45.874512,0.10,-0.61,0.61,-42.66,22.64,17.70,-19.75,45.80,-142.72,1
K,2022-11-08 14:52:45.899318,0.12,-0.56,0.56,-54.14,8.73,13.79,-19.75,45.80,-142.72,1
K,2022-11-08 14:52:45.916115,0.09,-0.41,0.49,-55.18,-5.25,9.09,-19.36,46.66,-145.92,1
K,2022-11-08 14:52:45.932513,-0.48,-0.34,1.09,46.94,25.15,-11.90,-19.36,46.66,-145.92,1
K,2022-11-08 14:52:45.957792,0.01,-0.69,0.60,53.34,35.34,17.21,-19.30,48.23,-144.41,1
K,2022-11-08 14:52:45.974193,-0.08,-0.21,0.35,-3.30,1.28,-20.51,-19.30,48.23,-144.41,1
K,2022-11-08 14:52:45.999404,-0.04,-0.30,0.51,42.36,-69.76,-67.26,-19.30,48.23,-144.41,1
K,2022-11-08 14:52:46.015803,-0.02,-0.43,0.59,62.19,-95.46,-74.58,-24.52,44.38,-139.12,1
K,2022-11-08 14:52:46.040830,-0.00,-0.69,0.85,62.01,-109.19,-67.02,-24.52,44.38,-139.12,1
K,2022-11-08 14:52:46.057787,-0.05,-0.80,1.01,56.40,-98.94,-53.41,-31.79,39.66,-129.19,1
K,2022-11-08 14:52:46.082567,-0.10,-1.01,1.14,27.28,-65.55,-38.39,-31.79,39.66,-129.19,1
K,2022-11-08 14:52:46.098578,-0.22,-1.02,1.22,-10.25,-37.48,-29.05,-31.79,39.66,-129.19,1
K,2022-11-08 14:52:46.123278,-0.22,-0.95,1.33,-10.50,15.14,6.90,-34.55,36.06,-124.76,1
K,2022-11-08 14:52:46.140295,-0.00,-0.82,1.13,-24.72,58.29,29.24,-34.55,36.06,-124.76,1
K,2022-11-08 14:52:46.165309,0.11,-0.73,1.00,-42.54,77.09,33.39,-31.35,39.06,-130.25,1
K,2022-11-08 14:52:46.183247,0.12,-0.63,0.72,-60.79,84.11,37.05,-31.35,39.06,-130.25,1
K,2022-11-08 14:52:46.207038,0.07,-0.53,0.54,-82.89,73.30,34.55,-26.71,41.30,-139.67,1
K,2022-11-08 14:52:46.224441,0.02,-0.45,0.46,-95.21,57.25,27.04,-26.71,41.30,-139.67,1
K,2022-11-08 14:52:46.241256,-1.16,-0.38,0.25,-86.98,40.16,14.22,-26.71,41.30,-139.67,1
K,2022-11-08 14:52:46.266382,-0.04,-0.49,0.54,57.13,-1.53,10.44,-25.94,43.08,-145.19,1
K,2022-11-08 14:52:46.282593,-0.05,-0.63,0.63,35.71,5.49,1.16,-25.94,43.08,-145.19,1
K,2022-11-08 14:52:46.307707,0.00,-0.65,0.61,-8.79,37.35,0.79,-24.27,43.29,-146.01,1
K,2022-11-08 14:52:46.324112,-0.04,-0.55,0.49,-40.16,3.23,-8.97,-24.27,43.29,-146.01,1
K,2022-11-08 14:52:46.349137,-0.02,-0.60,0.62,5.43,-23.99,-3.23,-24.27,43.29,-146.01,1
K,2022-11-08 14:52:46.366002,0.06,-0.64,0.78,32.65,-35.22,5.68,-25.63,42.33,-142.87,1
K,2022-11-08 14:52:46.390336,0.07,-0.59,0.95,45.29,-46.69,17.70,-25.63,42.33,-142.87,1
K,2022-11-08 14:52:46.407621,0.10,-0.46,1.15,26.98,-42.72,20.81,-27.29,43.87,-138.82,1
K,2022-11-08 14:52:46.432067,0.10,-0.36,1.33,-1.95,-14.16,4.52,-27.29,43.87,-138.82,1
K,2022-11-08 14:52:46.448489,0.01,-0.33,0.98,12.33,-10.19,3.11,-27.29,43.87,-138.82,1
K,2022-11-08 14:52:46.473494,0.00,-0.18,1.03,21.12,-10.13,-37.90,-27.77,44.43,-137.13,1
K,2022-11-08 14:52:46.490121,-0.02,-0.18,0.93,10.68,5.13,-71.17,-27.77,44.43,-137.13,1
K,2022-11-08 14:52:46.514561,-0.03,-0.24,0.78,40.95,1.83,-86.61,-30.09,40.64,-136.17,1
K,2022-11-08 14:52:46.539994,-0.10,-0.63,0.56,51.64,-5.55,-83.56,-30.09,40.64,-136.17,1
K,2022-11-08 14:52:46.556038,-0.18,-1.06,0.50,3.60,-16.48,-65.31,-31.21,35.60,-135.14,1
K,2022-11-08 14:52:46.581656,-0.36,-1.03,0.73,-28.63,-17.21,-44.31,-31.21,35.60,-135.14,1
K,2022-11-08 14:52:46.598629,-0.27,-0.94,0.80,4.58,-0.79,11.78,-31.21,35.60,-135.14,1
K,2022-11-08 14:52:46.615641,-0.05,-0.86,0.79,7.87,3.54,21.67,-31.19,34.62,-135.40,1
