F,2022-10-17 15:54:42.603053,0.26,-0.31,1.06,-11.29,-2.44,8.97,-66.76,-12.33,-111.11,1
F,2022-10-17 15:54:42.622053,0.15,-0.35,1.07,-6.96,15.63,16.24,-66.76,-12.33,-111.11,1
F,2022-10-17 15:54:42.643045,0.46,-0.31,0.76,4.27,34.79,32.78,-66.76,-12.33,-111.11,1
F,2022-10-17 15:54:42.666412,0.54,-0.25,0.65,-4.46,22.09,34.42,-65.09,-11.39,-115.78,1
F,2022-10-17 15:54:42.685414,0.54,-0.05,0.61,-26.49,-2.69,23.74,-65.09,-11.39,-115.78,1
F,2022-10-17 15:54:42.709159,0.48,-0.00,0.58,-38.15,-15.26,0.92,-64.45,-10.23,-118.19,1
F,2022-10-17 15:54:42.728155,0.38,0.20,0.60,-43.03,-34.12,-13.43,-64.45,-10.23,-118.19,1
F,2022-10-17 15:54:42.751985,0.38,0.25,0.58,-32.17,-51.15,-42.24,-71.72,-9.28,-113.98,1
F,2022-10-17 15:54:42.773644,0.33,0.11,0.46,-18.74,-71.23,-51.76,-71.72,-9.28,-113.98,1
F,2022-10-17 15:54:42.794300,-0.10,0.08,0.03,70.50,58.72,19.47,-71.72,-9.28,-113.98,1
F,2022-10-17 15:54:42.817716,0.26,-0.10,0.78,109.74,-15.44,7.57,-77.27,-6.47,-104.42,1
F,2022-10-17 15:54:42.835557,0.17,-0.23,0.77,97.60,-31.31,-1.22,-77.27,-6.47,-104.42,1
F,2022-10-17 15:54:42.856617,0.19,-0.24,0.89,48.22,-34.42,-15.81,-73.23,-7.91,-88.64,1
F,2022-10-17 15:54:42.876744,0.26,-0.23,0.94,50.60,-35.52,-16.24,-73.23,-7.91,-88.64,1
F,2022-10-17 15:54:42.896760,0.31,-0.23,1.09,60.06,-31.86,-7.75,-60.74,-12.23,-70.13,1
F,2022-10-17 15:54:42.916285,0.40,-0.30,1.24,68.97,-27.95,2.01,-60.74,-12.23,-70.13,1
F,2022-10-17 15:54:42.937531,0.44,-0.39,1.36,65.12,-10.56,21.61,-60.74,-12.23,-70.13,1
F,2022-10-17 15:54:42.964318,0.35,-0.57,1.19,53.53,-14.65,24.48,-52.15,-15.53,-64.14,1
F,2022-10-17 15:54:42.986934,0.14,-0.47,1.41,-16.11,-26.98,10.93,-52.15,-15.53,-64.14,1
F,2022-10-17 15:54:43.010896,-0.18,-0.64,1.26,-101.44,105.83,-44.86,-54.75,-14.11,-67.99,1
F,2022-10-17 15:54:43.032442,0.54,-0.34,0.63,-21.30,117.37,37.35,-54.75,-14.11,-67.99,1
F,2022-10-17 15:54:43.055113,0.68,-0.32,0.69,-21.48,75.93,27.28,-62.11,-10.11,-91.43,1
F,2022-10-17 15:54:43.075155,0.57,-0.29,0.75,-50.54,49.38,17.09,-62.11,-10.11,-91.43,1
F,2022-10-17 15:54:43.096573,0.52,-0.15,0.68,-70.50,38.39,3.30,-65.05,-8.91,-106.52,1
F,2022-10-17 15:54:43.116428,0.47,-0.12,0.49,-73.30,24.60,-9.46,-65.05,-8.91,-106.52,1
F,2022-10-17 15:54:43.135439,0.47,-0.07,0.30,-70.62,-24.54,-18.92,-65.05,-8.91,-106.52,1
F,2022-10-17 15:54:43.155237,0.51,0.19,0.42,-81.30,-58.59,-25.09,-72.29,-9.18,-113.45,1
F,2022-10-17 15:54:43.176950,-1.88,0.43,2.77,28.38,-18.07,-8.48,-72.29,-9.18,-113.45,1
F,2022-10-17 15:54:43.196533,0.34,0.20,0.84,74.65,-27.10,49.62,-76.59,-7.80,-110.82,1
F,2022-10-17 15:54:43.216958,0.09,0.50,0.86,38.09,10.31,-47.36,-76.59,-7.80,-110.82,1
F,2022-10-17 15:54:43.236446,0.22,0.14,0.97,60.18,18.55,-65.06,-76.59,-7.80,-110.82,1
F,2022-10-17 15:54:43.256768,0.26,-0.14,0.90,54.38,24.05,-69.21,-75.21,-12.90,-114.47,1
F,2022-10-17 15:54:43.276348,0.41,-0.56,0.73,64.39,19.65,-42.72,-75.21,-12.90,-114.47,1
F,2022-10-17 15:54:43.297521,0.52,-0.94,0.62,75.56,5.68,-8.06,-71.45,-10.84,-117.49,1
F,2022-10-17 15:54:43.319055,0.44,-0.91,0.72,47.49,-16.30,31.49,-71.45,-10.84,-117.49,1
F,2022-10-17 15:54:43.339078,0.27,-0.69,0.83,-5.00,-10.38,18.55,-71.45,-10.84,-117.49,1
F,2022-10-17 15:54:43.360487,-0.28,-0.95,1.27,-81.67,-4.09,-52.49,-70.56,-7.96,-116.49,1
F,2022-10-17 15:54:43.380478,0.11,-0.91,0.71,-11.29,51.39,30.15,-70.56,-7.96,-116.49,1
F,2022-10-17 15:54:43.400830,0.79,-0.33,0.30,-13.67,19.04,60.18,-66.03,-10.58,-117.83,1
F,2022-10-17 15:54:43.420320,0.60,-0.18,0.59,-41.32,-22.22,36.38,-66.03,-10.58,-117.83,1
F,2022-10-17 15:54:43.441708,0.65,-0.03,0.72,-65.12,-36.01,15.69,-66.03,-10.58,-117.83,1
F,2022-10-17 15:54:43.462789,0.74,0.09,0.58,-62.81,-44.62,12.33,-64.39,-11.13,-111.35,1
F,2022-10-17 15:54:43.486532,0.54,0.26,0.61,-76.42,-73.36,-11.35,-64.39,-11.13,-111.35,1
F,2022-10-17 15:54:43.508000,0.28,0.41,0.92,-71.41,-83.07,-36.01,-70.26,-8.24,-96.47,1
F,2022-10-17 15:54:43.530857,0.35,0.70,1.15,-20.26,53.89,-29.79,-70.26,-8.24,-96.47,1
F,2022-10-17 15:54:43.553506,0.27,0.18,1.00,106.02,-9.83,9.46,-72.06,-8.48,-91.66,1
F,2022-10-17 15:54:43.578012,0.19,0.25,1.21,113.53,-17.64,-10.93,-72.06,-8.48,-91.66,1
F,2022-10-17 15:54:43.601335,0.25,0.02,1.09,98.21,-0.61,-21.48,-71.28,-11.32,-90.41,1
F,2022-10-17 15:54:43.619812,0.36,-0.37,0.92,90.21,3.48,-10.50,-71.28,-11.32,-90.41,1
F,2022-10-17 15:54:43.641103,0.37,-0.73,0.69,67.87,-3.54,-5.25,-71.28,-11.32,-90.41,1
F,2022-10-17 15:54:43.664317,0.39,-0.98,0.66,40.59,-21.55,11.54,-70.06,-11.19,-92.11,1
F,2022-10-17 15:54:43.683869,0.18,-0.79,0.83,-38.09,-34.42,29.85,-70.06,-11.19,-92.11,1
F,2022-10-17 15:54:43.705871,0.01,-0.43,1.47,-126.71,24.96,-31.25,-70.14,-8.29,-95.54,1
F,2022-10-17 15:54:43.726337,-0.15,-0.42,1.08,-8.85,80.26,62.81,-70.14,-8.29,-95.54,1
F,2022-10-17 15:54:43.746902,0.39,-0.17,0.50,-4.27,69.21,34.85,-62.12,-8.51,-107.20,1
F,2022-10-17 15:54:43.766668,0.45,-0.21,0.73,-24.17,37.41,19.84,-62.12,-8.51,-107.20,1
F,2022-10-17 15:54:43.786674,0.56,0.07,0.66,-28.63,22.71,18.55,-62.12,-8.51,-107.20,1
F,2022-10-17 15:54:43.809675,0.62,0.20,0.64,-26.31,2.26,-1.04,-54.44,-10.69,-111.60,1
F,2022-10-17 15:54:43.832081,0.64,0.17,0.59,-25.82,-25.02,-27.59,-54.44,-10.69,-111.60,1
F,2022-10-17 15:54:43.858032,0.52,0.18,0.74,-11.54,-47.79,-37.35,-54.10,-11.78,-110.90,1
