Z,2022-10-31 14:59:37.138219,5.334553,7.930000,-1.685604,0.199522,0.064226,0.723528,6.430975,26.971439,25.571619,1
Z,2022-10-31 14:59:37.234391,5.085544,8.279572,-1.288146,0.143861,0.022946,0.290092,5.895061,34.343631,30.582275,1
Z,2022-10-31 14:59:37.327890,5.578774,6.570024,-1.302512,0.230548,0.135333,0.313129,6.788252,45.671638,37.666305,1
Z,2022-10-31 14:59:37.409492,7.590006,6.555658,-0.244221,0.130678,0.711916,-0.602880,6.073699,57.898693,45.268676,1
Z,2022-10-31 14:59:37.508813,7.412826,6.230030,-0.392669,-0.439780,-0.727544,-0.136020,6.073699,57.898693,45.268676,1
Z,2022-10-31 14:59:37.603318,1.867572,10.544602,-0.574638,0.044390,0.209770,-0.007388,9.825101,43.693733,55.117206,1
Z,2022-10-31 14:59:37.703060,2.308128,7.077621,1.474903,0.024150,-0.694653,0.989715,9.289187,37.760017,59.782299,1
Z,2022-10-31 14:59:37.779718,4.956250,7.364940,-0.268164,-0.274262,1.396492,-0.292883,9.289187,37.760017,59.782299,1
Z,2022-10-31 14:59:37.876588,10.640375,7.182971,0.124505,-0.017796,0.366366,0.360134,-2.143658,18.700199,49.069866,1
Z,2022-10-31 14:59:37.971771,7.680990,7.704934,0.244221,0.077947,0.491536,-0.207927,-13.040590,5.574098,37.839084,1
Z,2022-10-31 14:59:38.068572,8.677029,6.072005,0.933786,-0.487451,-0.640590,-0.369849,-9.825101,0.179810,36.111274,1
Z,2022-10-31 14:59:38.165080,4.961039,8.193376,0.541117,-0.199293,0.289000,0.583044,-13.933780,-12.586672,28.681680,1
Z,2022-10-31 14:59:38.259433,10.247706,11.545430,7.982675,-0.300894,-0.545381,0.279839,-13.933780,-12.586672,28.681680,1
