w,2022-10-14 15:53:33.519240,0.31,0.05,0.92,-8.06,-6.04,-1.04,-13.66,126.62,-119.46,1
w,2022-10-14 15:53:33.538369,0.31,0.05,0.91,-7.69,-4.27,-0.67,-13.66,126.62,-119.46,1
w,2022-10-14 15:53:33.558693,0.31,0.06,0.92,-3.78,-3.60,-0.06,-12.17,126.50,-121.44,1
w,2022-10-14 15:53:33.575900,0.33,0.05,0.91,-9.77,-3.66,-6.35,-12.17,126.50,-121.44,1
w,2022-10-14 15:53:33.594076,0.33,0.05,0.91,-6.41,-5.07,-5.98,-12.17,126.50,-121.44,1
w,2022-10-14 15:53:33.613614,0.34,0.03,0.90,-2.93,-6.77,-3.42,-13.67,127.03,-122.03,1
w,2022-10-14 15:53:33.630495,0.29,0.05,0.93,-5.68,-6.29,0.85,-13.67,127.03,-122.03,1
w,2022-10-14 15:53:33.650481,0.25,0.04,0.92,1.77,-2.75,7.87,-13.67,127.03,-122.03,1
w,2022-10-14 15:53:33.669624,0.31,0.00,0.91,-1.77,-5.19,4.94,-13.89,128.33,-121.70,1
w,2022-10-14 15:53:33.687914,0.30,0.03,0.91,-12.63,-5.43,1.89,-13.89,128.33,-121.70,1
w,2022-10-14 15:53:33.706929,0.23,0.01,0.86,-22.03,-5.80,-2.20,-13.29,126.67,-122.66,1
w,2022-10-14 15:53:33.725620,0.17,0.08,0.79,7.75,-17.46,-3.05,-13.29,126.67,-122.66,1
w,2022-10-14 15:53:33.744545,0.15,0.10,0.81,5.00,-19.96,-3.66,-13.29,126.67,-122.66,1
w,2022-10-14 15:53:33.763805,0.19,0.14,0.84,15.93,-20.57,-1.28,-19.15,126.88,-119.62,1
w,2022-10-14 15:53:33.781637,0.22,0.04,0.87,20.69,-12.39,0.85,-19.15,126.88,-119.62,1
w,2022-10-14 15:53:33.800500,0.22,0.06,0.84,25.88,-8.36,2.62,-19.15,126.88,-119.62,1
w,2022-10-14 15:53:33.820514,0.27,0.00,0.90,22.16,-3.48,0.31,-29.27,129.06,-112.55,1
w,2022-10-14 15:53:33.838543,0.36,-0.03,1.07,10.25,0.49,-3.72,-29.27,129.06,-112.55,1
w,2022-10-14 15:53:33.858114,0.32,-0.07,0.97,-5.62,8.67,-2.75,-36.82,127.71,-105.40,1
w,2022-10-14 15:53:33.878061,0.38,0.06,1.08,-7.39,4.46,-5.62,-36.82,127.71,-105.40,1
w,2022-10-14 15:53:33.896928,0.44,-0.05,1.13,7.32,-5.25,-4.52,-36.82,127.71,-105.40,1
w,2022-10-14 15:53:33.916273,0.43,-0.05,1.04,5.19,-4.46,-2.14,-40.36,126.01,-101.79,1
w,2022-10-14 15:53:33.934274,0.30,0.06,1.02,12.08,-11.11,0.49,-40.36,126.01,-101.79,1
w,2022-10-14 15:53:33.953941,0.47,0.03,1.19,16.36,-12.45,-4.15,-41.14,127.55,-102.64,1
w,2022-10-14 15:53:33.971942,0.29,0.12,1.02,-26.31,9.58,-16.17,-41.14,127.55,-102.64,1
w,2022-10-14 15:53:33.989945,0.31,0.07,1.05,-1.89,0.85,-12.15,-41.14,127.55,-102.64,1
w,2022-10-14 15:53:34.008946,0.23,0.04,0.93,-8.73,9.40,-13.79,-39.79,127.21,-110.62,1
w,2022-10-14 15:53:34.026947,0.31,0.04,0.96,1.40,5.37,-10.19,-39.79,127.21,-110.62,1
w,2022-10-14 15:53:34.045948,0.27,0.01,0.91,-19.10,14.59,-14.89,-39.79,127.21,-110.62,1
w,2022-10-14 15:53:34.065949,0.25,-0.02,0.86,-9.64,8.61,-12.45,-37.51,126.55,-119.27,1
w,2022-10-14 15:53:34.085954,0.26,-0.01,0.90,1.71,-0.12,-7.45,-37.51,126.55,-119.27,1
w,2022-10-14 15:53:34.103953,0.22,0.02,0.81,1.65,-0.79,-8.79,-34.48,125.21,-125.56,1
w,2022-10-14 15:53:34.121967,0.19,-0.05,0.62,5.98,-2.32,-5.86,-34.48,125.21,-125.56,1
w,2022-10-14 15:53:34.139970,0.24,-0.09,0.79,36.99,-17.88,9.52,-34.48,125.21,-125.56,1
w,2022-10-14 15:53:34.158957,0.23,-0.07,0.78,11.90,-9.03,5.98,-33.83,126.33,-126.64,1
w,2022-10-14 15:53:34.177960,0.24,-0.06,0.84,-15.26,4.03,-0.37,-33.83,126.33,-126.64,1
w,2022-10-14 15:53:34.197961,0.19,0.05,0.84,-34.12,14.28,-5.55,-33.83,126.33,-126.64,1
w,2022-10-14 15:53:34.218908,0.19,0.09,0.86,-30.15,15.63,-9.22,-33.97,124.45,-127.29,1
w,2022-10-14 15:53:34.237367,0.24,0.06,0.90,8.91,-2.01,-3.11,-33.97,124.45,-127.29,1
w,2022-10-14 15:53:34.258146,0.16,0.15,0.81,18.31,-7.26,1.77,-39.06,123.63,-124.96,1
w,2022-10-14 15:53:34.275061,0.16,0.01,0.84,24.96,-9.64,0.85,-39.06,123.63,-124.96,1
w,2022-10-14 15:53:34.293485,0.23,0.08,0.89,19.47,-5.31,-2.50,-39.06,123.63,-124.96,1
w,2022-10-14 15:53:34.312487,0.24,0.04,0.86,19.10,-1.59,-5.62,-47.77,122.95,-116.78,1
w,2022-10-14 15:53:34.331108,0.30,0.01,0.92,23.01,0.12,-4.27,-47.77,122.95,-116.78,1
w,2022-10-14 15:53:34.348460,0.32,-0.04,1.00,23.74,3.42,-1.71,-47.77,122.95,-116.78,1
w,2022-10-14 15:53:34.368935,0.50,-0.12,1.14,22.89,6.16,-1.89,-54.71,120.32,-105.85,1
w,2022-10-14 15:53:34.386476,0.44,-0.03,1.13,11.72,11.96,-0.24,-54.71,120.32,-105.85,1
w,2022-10-14 15:53:34.406672,0.48,-0.06,1.17,31.74,4.15,0.73,-58.22,118.14,-101.25,1
w,2022-10-14 15:53:34.424476,0.47,-0.20,1.00,34.61,-0.12,8.36,-58.22,118.14,-101.25,1
w,2022-10-14 15:53:34.442928,0.32,-0.09,1.02,48.46,-14.34,9.28,-58.22,118.14,-101.25,1
w,2022-10-14 15:53:34.463062,0.25,-0.22,0.88,3.23,11.72,-7.08,-59.68,121.41,-99.93,1
w,2022-10-14 15:53:34.479614,0.41,-0.05,1.10,-11.78,11.35,-9.22,-59.68,121.41,-99.93,1
w,2022-10-14 15:53:34.498183,0.36,-0.03,1.11,-9.28,0.55,-6.47,-59.68,121.41,-99.93,1
w,2022-10-14 15:53:34.516461,0.28,0.00,0.96,-12.94,5.62,-8.61,-57.80,121.85,-108.24,1
w,2022-10-14 15:53:34.535542,0.27,0.02,1.01,-15.26,12.15,-10.19,-57.80,121.85,-108.24,1
w,2022-10-14 15:53:34.556237,0.31,0.08,1.00,-12.15,11.05,-10.31,-53.23,121.23,-120.98,1
w,2022-10-14 15:53:34.572998,0.29,-0.07,0.86,2.44,3.23,-10.25,-53.23,121.23,-120.98,1
w,2022-10-14 15:53:34.591373,0.26,-0.08,0.78,8.61,-6.29,-5.49,-53.23,121.23,-120.98,1
w,2022-10-14 15:53:34.609517,0.19,-0.16,0.76,3.17,-6.65,-7.45,-50.79,119.71,-126.92,1
w,2022-10-14 15:53:34.627831,0.26,-0.12,0.81,-3.60,-5.00,-8.67,-50.79,119.71,-126.92,1
w,2022-10-14 15:53:34.648629,0.26,-0.14,0.81,-7.75,-9.03,-3.78,-50.79,119.71,-126.92,1
w,2022-10-14 15:53:34.666836,0.11,-0.02,0.80,-30.40,1.53,-4.82,-49.40,118.23,-129.19,1
w,2022-10-14 15:53:34.684985,0.00,0.03,0.91,-20.87,1.28,-5.25,-49.40,118.23,-129.19,1
w,2022-10-14 15:53:34.703481,-0.08,-0.03,1.10,34.24,18.43,23.01,-48.28,115.47,-125.46,1
w,2022-10-14 15:53:34.721696,0.15,0.08,0.96,46.81,36.87,22.64,-48.28,115.47,-125.46,1
w,2022-10-14 15:53:34.740677,0.32,0.10,0.91,38.51,40.95,14.22,-48.28,115.47,-125.46,1
w,2022-10-14 15:53:34.758976,0.39,0.05,0.88,20.32,44.31,-2.26,-42.74,108.19,-118.63,1
w,2022-10-14 15:53:34.777656,0.46,0.07,0.84,23.99,33.39,-8.54,-42.74,108.19,-118.63,1
w,2022-10-14 15:53:34.795982,0.48,-0.07,0.80,25.76,26.25,-13.92,-42.74,108.19,-118.63,1
w,2022-10-14 15:53:34.815490,0.52,-0.12,0.79,29.48,18.49,-10.62,-43.18,101.39,-114.71,1
w,2022-10-14 15:53:34.834050,0.56,-0.16,0.80,20.75,9.83,-9.95,-43.18,101.39,-114.71,1
w,2022-10-14 15:53:34.851463,0.55,-0.17,0.82,10.38,-3.36,-10.38,-47.89,96.52,-111.50,1
w,2022-10-14 15:53:34.870814,0.45,-0.18,0.91,4.82,-6.47,-7.26,-47.89,96.52,-111.50,1
w,2022-10-14 15:53:34.889422,0.44,-0.19,0.93,8.85,-7.02,-4.15,-47.89,96.52,-111.50,1
w,2022-10-14 15:53:34.907927,0.41,-0.27,0.95,7.63,-5.86,-3.23,-54.59,95.61,-111.89,1
