M,2022-10-26 13:14:17.021430,-0.42,-0.41,-1.10,-18.86,19.84,-0.85,38.16,31.25,-102.40,1
M,2022-10-26 13:14:17.041017,-0.44,-0.59,-1.33,-31.37,16.48,14.83,37.33,31.80,-102.53,1
M,2022-10-26 13:14:17.060149,-0.40,-0.51,-1.24,15.14,-43.82,14.95,37.33,31.80,-102.53,1
M,2022-10-26 13:14:17.080150,-0.36,-0.48,-1.20,27.95,-58.59,10.13,32.98,32.86,-98.21,1
M,2022-10-26 13:14:17.098587,-0.32,-0.49,-1.18,33.57,-71.84,12.39,32.98,32.86,-98.21,1
M,2022-10-26 13:14:17.118180,-0.28,-0.35,-0.95,44.13,-81.30,6.53,32.98,32.86,-98.21,1
M,2022-10-26 13:14:17.138364,-0.26,-0.33,-0.83,56.82,-69.95,-3.05,30.13,32.54,-93.05,1
M,2022-10-26 13:14:17.157852,-0.23,-0.35,-0.79,64.88,-58.72,-12.70,30.13,32.54,-93.05,1
M,2022-10-26 13:14:17.176149,-0.23,-0.27,-0.54,48.65,-46.75,-9.28,30.13,32.54,-93.05,1
M,2022-10-26 13:14:17.196355,-0.23,-0.19,-0.38,11.60,-23.44,-2.81,30.05,30.07,-90.08,1
M,2022-10-26 13:14:17.215343,-0.23,-0.13,-0.40,-25.02,7.75,1.04,30.05,30.07,-90.08,1
M,2022-10-26 13:14:17.235377,-0.15,-0.17,-0.59,-17.40,2.32,-6.41,30.33,28.49,-91.91,1
M,2022-10-26 13:14:17.253908,-0.27,-0.39,-0.35,-28.75,-4.39,19.96,30.33,28.49,-91.91,1
M,2022-10-26 13:14:17.273149,-0.19,-0.22,-0.64,-27.16,34.55,24.11,30.33,28.49,-91.91,1
M,2022-10-26 13:14:17.293150,-0.20,-0.40,-0.84,-7.93,37.84,10.99,30.30,30.26,-91.58,1
M,2022-10-26 13:14:17.312149,-0.23,-0.44,-1.02,-3.54,34.91,7.69,30.30,30.26,-91.58,1
M,2022-10-26 13:14:17.331938,-0.25,-0.47,-1.20,4.15,23.13,0.73,30.49,32.20,-94.32,1
M,2022-10-26 13:14:17.351488,-0.27,-0.45,-1.26,7.02,16.78,-0.24,30.49,32.20,-94.32,1
M,2022-10-26 13:14:17.369482,-0.28,-0.44,-1.28,8.67,12.27,-0.37,30.49,32.20,-94.32,1
M,2022-10-26 13:14:17.390159,-0.27,-0.46,-1.27,17.76,8.24,-3.17,31.16,32.15,-94.87,1
M,2022-10-26 13:14:17.408506,-0.26,-0.45,-1.27,18.80,0.00,5.43,31.16,32.15,-94.87,1
M,2022-10-26 13:14:17.429009,-0.25,-0.41,-1.20,28.56,-12.15,9.22,31.57,32.31,-94.98,1
M,2022-10-26 13:14:17.448149,-0.25,-0.33,-1.04,23.99,-22.46,12.63,31.57,32.31,-94.98,1
M,2022-10-26 13:14:17.467149,-0.25,-0.30,-0.96,12.45,-23.25,17.82,31.57,32.31,-94.98,1
M,2022-10-26 13:14:17.487149,-0.22,-0.31,-0.88,9.95,-20.02,22.95,31.35,31.71,-96.19,1
M,2022-10-26 13:14:17.506150,-0.21,-0.24,-0.78,9.52,-17.82,21.42,31.35,31.71,-96.19,1
M,2022-10-26 13:14:17.525149,-0.22,-0.20,-0.71,14.65,-15.08,16.48,31.35,31.71,-96.19,1
M,2022-10-26 13:14:17.544896,-0.25,-0.11,-0.66,11.72,-11.05,9.64,31.14,31.21,-95.34,1
M,2022-10-26 13:14:17.564326,-0.22,-0.01,-0.72,-1.83,-13.06,0.98,31.14,31.21,-95.34,1
M,2022-10-26 13:14:17.584361,-0.27,-0.24,-0.42,-21.79,-7.39,10.44,30.93,31.60,-96.36,1
M,2022-10-26 13:14:17.602908,-0.24,-0.13,-0.58,-54.50,35.95,7.93,30.93,31.60,-96.36,1
M,2022-10-26 13:14:17.621868,-0.22,-0.21,-0.56,-46.14,46.02,-4.46,30.93,31.60,-96.36,1
M,2022-10-26 13:14:17.642347,-0.21,-0.25,-0.60,-47.24,53.28,-7.26,30.47,34.31,-96.34,1
M,2022-10-26 13:14:17.661300,-0.23,-0.34,-0.74,-38.09,59.02,-12.82,30.47,34.31,-96.34,1
M,2022-10-26 13:14:17.681149,-0.26,-0.42,-0.91,-30.70,61.16,-15.63,31.43,34.78,-98.11,1
M,2022-10-26 13:14:17.700623,-0.30,-0.50,-1.06,-28.63,58.72,-16.78,31.43,34.78,-98.11,1
M,2022-10-26 13:14:17.719156,-0.38,-0.59,-1.28,-21.55,43.21,-18.43,31.43,34.78,-98.11,1
M,2022-10-26 13:14:17.739302,-0.41,-0.61,-1.40,-9.28,32.71,-24.66,34.05,32.40,-102.84,1
M,2022-10-26 13:14:17.758026,-0.49,-0.63,-1.39,10.50,15.08,-32.41,34.05,32.40,-102.84,1
M,2022-10-26 13:14:17.778152,-0.56,-0.65,-1.35,44.19,-4.39,-15.20,35.89,31.65,-103.43,1
M,2022-10-26 13:14:17.797490,-0.46,-0.50,-1.26,56.88,-18.55,-3.05,35.89,31.65,-103.43,1
M,2022-10-26 13:14:17.816369,-0.34,-0.39,-1.10,49.80,-23.50,4.70,35.89,31.65,-103.43,1
M,2022-10-26 13:14:17.836255,-0.24,-0.29,-0.87,38.02,-22.34,7.26,35.22,34.17,-101.79,1
