m,2022-10-14 16:46:36.598802,0.26,-0.17,0.89,-0.79,0.85,-1.95,45.04,52.03,-19.34,1
m,2022-10-14 16:46:36.617818,0.23,-0.14,0.93,-3.36,0.00,-3.30,45.04,52.03,-19.34,1
m,2022-10-14 16:46:36.635818,0.22,-0.16,0.94,-1.16,0.79,-3.91,44.48,52.61,-18.60,1
m,2022-10-14 16:46:36.653808,0.24,-0.17,0.93,1.59,1.59,-3.17,44.48,52.61,-18.60,1
m,2022-10-14 16:46:36.671809,0.22,-0.18,0.96,0.67,0.79,-3.97,44.48,52.61,-18.60,1
m,2022-10-14 16:46:36.690811,0.22,-0.18,0.95,0.92,1.95,-4.33,45.61,52.58,-17.68,1
m,2022-10-14 16:46:36.709812,0.23,-0.19,0.93,-0.12,2.38,-4.58,45.61,52.58,-17.68,1
m,2022-10-14 16:46:36.729821,0.23,-0.22,0.92,-2.14,1.04,-5.07,45.61,52.58,-17.68,1
m,2022-10-14 16:46:36.748815,0.21,-0.18,0.95,-2.50,0.18,-3.60,45.12,52.88,-16.06,1
m,2022-10-14 16:46:36.766605,0.21,-0.19,0.95,1.28,2.69,-2.87,45.12,52.88,-16.06,1
m,2022-10-14 16:46:36.785763,0.25,-0.20,0.92,1.59,4.03,-2.20,44.56,53.36,-16.53,1
m,2022-10-14 16:46:36.804909,0.26,-0.19,0.91,-3.11,2.32,-4.76,44.56,53.36,-16.53,1
m,2022-10-14 16:46:36.824497,0.23,-0.17,0.94,-5.74,2.14,-5.00,44.56,53.36,-16.53,1
m,2022-10-14 16:46:36.843108,0.26,-0.19,0.91,-1.10,2.50,-2.01,44.67,53.52,-16.55,1
m,2022-10-14 16:46:36.861237,0.30,-0.21,0.86,-1.28,-1.16,-2.08,44.67,53.52,-16.55,1
m,2022-10-14 16:46:36.879588,0.28,-0.21,0.87,-9.52,-7.32,-3.66,45.13,53.47,-15.52,1
m,2022-10-14 16:46:36.898591,0.23,-0.17,0.92,-12.57,-10.13,-4.39,45.13,53.47,-15.52,1
m,2022-10-14 16:46:36.916992,0.21,-0.14,0.94,-10.44,-9.83,-2.81,45.13,53.47,-15.52,1
m,2022-10-14 16:46:36.936240,0.21,-0.14,0.93,-6.47,-7.20,-1.28,44.79,52.87,-15.14,1
m,2022-10-14 16:46:36.954617,0.21,-0.11,0.94,-7.45,-6.16,-5.25,44.79,52.87,-15.14,1
m,2022-10-14 16:46:36.972412,0.17,-0.05,1.00,13.12,-8.42,0.31,44.79,52.87,-15.14,1
m,2022-10-14 16:46:36.991479,0.13,-0.19,0.88,23.80,-1.22,10.38,45.72,52.69,-14.51,1
m,2022-10-14 16:46:37.009596,0.19,-0.11,0.96,6.35,2.56,0.06,45.72,52.69,-14.51,1
m,2022-10-14 16:46:37.027642,0.19,-0.10,0.90,-4.58,6.10,-14.47,45.72,52.69,-14.51,1
m,2022-10-14 16:46:37.046483,0.19,-0.16,0.86,2.81,2.81,-10.62,44.82,54.16,-14.45,1
m,2022-10-14 16:46:37.064622,0.21,-0.19,0.84,10.99,0.73,-1.71,44.82,54.16,-14.45,1
m,2022-10-14 16:46:37.084071,0.20,-0.20,0.84,14.89,-0.37,2.32,44.60,55.14,-15.44,1
m,2022-10-14 16:46:37.103511,0.18,-0.20,0.85,14.59,-3.05,0.06,44.60,55.14,-15.44,1
m,2022-10-14 16:46:37.120361,0.19,-0.23,0.85,10.25,-4.52,-2.93,44.60,55.14,-15.44,1
m,2022-10-14 16:46:37.138774,0.21,-0.23,0.86,3.23,-4.88,-5.92,45.47,55.33,-16.16,1
m,2022-10-14 16:46:37.157814,0.19,-0.19,0.88,-0.37,-3.66,-5.80,45.47,55.33,-16.16,1
m,2022-10-14 16:46:37.176548,0.22,-0.20,0.88,8.30,-8.12,-3.91,45.47,55.33,-16.16,1
m,2022-10-14 16:46:37.196233,0.21,-0.19,0.91,11.66,-6.71,1.22,45.72,56.58,-15.55,1
m,2022-10-14 16:46:37.214695,0.22,-0.23,0.91,12.82,-3.91,2.08,45.72,56.58,-15.55,1
m,2022-10-14 16:46:37.233519,0.21,-0.22,0.93,10.13,-3.23,1.28,46.72,56.20,-17.03,1
m,2022-10-14 16:46:37.251626,0.22,-0.20,0.95,6.41,-5.49,-0.31,46.72,56.20,-17.03,1
m,2022-10-14 16:46:37.269907,0.22,-0.22,0.97,5.55,-6.35,-1.28,46.72,56.20,-17.03,1
m,2022-10-14 16:46:37.289328,0.23,-0.23,0.97,6.23,-6.71,-0.61,47.78,56.20,-17.32,1
m,2022-10-14 16:46:37.308041,0.22,-0.21,0.96,3.36,-5.49,-1.40,47.78,56.20,-17.32,1
m,2022-10-14 16:46:37.326358,0.21,-0.20,0.97,4.09,-5.68,-0.85,47.78,56.20,-17.32,1
m,2022-10-14 16:46:37.346022,0.21,-0.21,0.97,4.82,-5.07,-0.98,48.68,55.91,-18.03,1
m,2022-10-14 16:46:37.364654,0.22,-0.23,0.97,4.52,-5.25,-0.85,48.68,55.91,-18.03,1
m,2022-10-14 16:46:37.384024,0.21,-0.23,0.97,-0.67,-4.76,-2.87,49.56,55.27,-17.24,1
m,2022-10-14 16:46:37.401964,0.21,-0.22,0.98,-2.20,-4.70,-3.42,49.56,55.27,-17.24,1
m,2022-10-14 16:46:37.419479,0.22,-0.21,0.99,-1.59,-4.52,-3.60,49.56,55.27,-17.24,1
m,2022-10-14 16:46:37.439611,0.22,-0.21,0.98,0.06,-1.89,-2.75,48.71,56.09,-18.74,1
m,2022-10-14 16:46:37.457961,0.21,-0.20,0.98,2.38,0.06,-1.28,48.71,56.09,-18.74,1
m,2022-10-14 16:46:37.476961,0.20,-0.20,0.98,6.77,-4.03,-0.79,48.71,56.09,-18.74,1
m,2022-10-14 16:46:37.496074,0.20,-0.21,0.96,11.11,-6.96,-0.85,49.26,55.92,-17.72,1
m,2022-10-14 16:46:37.514398,0.20,-0.21,0.99,12.51,-6.71,1.16,49.26,55.92,-17.72,1
m,2022-10-14 16:46:37.533139,0.20,-0.23,0.96,-9.03,14.89,1.83,48.47,55.57,-18.84,1
m,2022-10-14 16:46:37.551354,0.22,-0.20,0.99,-7.45,10.62,-2.93,48.47,55.57,-18.84,1
m,2022-10-14 16:46:37.569492,0.23,-0.22,1.01,-3.17,7.51,-4.33,48.47,55.57,-18.84,1
m,2022-10-14 16:46:37.588617,0.20,-0.24,0.96,-2.93,5.49,-4.70,48.23,56.23,-17.63,1
m,2022-10-14 16:46:37.606126,0.22,-0.20,0.98,-8.42,6.04,-6.04,48.23,56.23,-17.63,1
m,2022-10-14 16:46:37.624837,0.20,-0.19,0.96,-12.08,6.47,-10.01,48.23,56.23,-17.63,1
m,2022-10-14 16:46:37.644944,0.20,-0.18,0.94,-10.62,6.77,-9.52,46.78,56.82,-17.15,1
m,2022-10-14 16:46:37.662602,0.22,-0.17,0.93,-2.81,5.25,-6.16,46.78,56.82,-17.15,1
m,2022-10-14 16:46:37.680445,0.21,-0.18,0.92,-0.61,5.37,-4.82,44.52,57.89,-16.63,1
m,2022-10-14 16:46:37.699178,0.21,-0.17,0.90,1.83,6.04,-4.70,44.52,57.89,-16.63,1
m,2022-10-14 16:46:37.717638,0.18,-0.16,0.90,1.10,5.13,-5.92,44.52,57.89,-16.63,1
m,2022-10-14 16:46:37.736146,0.17,-0.17,0.88,0.61,4.94,-8.24,42.99,58.52,-16.48,1
m,2022-10-14 16:46:37.755125,0.19,-0.18,0.85,2.01,2.32,-7.93,42.99,58.52,-16.48,1
m,2022-10-14 16:46:37.773262,0.19,-0.22,0.82,7.26,-0.61,-4.39,42.99,58.52,-16.48,1
m,2022-10-14 16:46:37.792511,0.18,-0.25,0.81,8.91,-2.44,0.12,41.59,59.14,-16.49,1
m,2022-10-14 16:46:37.810482,0.18,-0.26,0.80,7.63,-2.93,2.50,41.59,59.14,-16.49,1
m,2022-10-14 16:46:37.828616,0.18,-0.23,0.84,3.42,1.95,0.37,40.99,59.62,-16.71,1
m,2022-10-14 16:46:37.846716,0.17,-0.22,0.82,2.01,4.27,-4.64,40.99,59.62,-16.71,1
m,2022-10-14 16:46:37.866271,0.18,-0.19,0.84,-1.65,2.50,-10.86,40.99,59.62,-16.71,1
m,2022-10-14 16:46:37.885149,0.19,-0.19,0.85,-1.34,0.85,-11.29,41.06,60.62,-17.54,1
m,2022-10-14 16:46:37.903490,0.21,-0.23,0.87,5.98,-2.14,-5.62,41.06,60.62,-17.54,1
m,2022-10-14 16:46:37.921895,0.18,-0.20,0.88,6.90,-1.46,-3.36,41.06,60.62,-17.54,1
m,2022-10-14 16:46:37.939899,0.20,-0.22,0.88,10.99,-1.83,-3.72,40.98,60.90,-18.21,1
m,2022-10-14 16:46:37.958291,0.21,-0.25,0.90,10.19,-3.78,-3.17,40.98,60.90,-18.21,1
m,2022-10-14 16:46:37.976851,0.22,-0.25,0.90,9.46,-4.64,-2.69,40.98,60.90,-18.21,1
m,2022-10-14 16:46:37.996185,0.22,-0.27,0.92,5.74,-4.03,-2.81,41.41,61.28,-18.30,1
m,2022-10-14 16:46:38.013643,0.21,-0.26,0.90,5.25,-5.55,-2.87,41.41,61.28,-18.30,1
m,2022-10-14 16:46:38.033137,0.21,-0.26,0.92,4.64,-6.23,-4.03,41.41,61.23,-18.32,1
m,2022-10-14 16:46:38.052177,0.21,-0.25,0.94,4.70,-6.90,-3.72,41.41,61.23,-18.32,1
m,2022-10-14 16:46:38.069140,0.23,-0.27,0.96,5.62,-6.23,-2.75,41.41,61.23,-18.32,1
m,2022-10-14 16:46:38.088696,0.23,-0.25,0.97,4.03,-5.37,-1.89,42.64,61.66,-18.35,1
m,2022-10-14 16:46:38.106651,0.23,-0.27,0.99,2.38,-3.54,-2.69,42.64,61.66,-18.35,1
m,2022-10-14 16:46:38.124358,0.23,-0.26,1.03,-1.77,-1.71,-3.36,42.64,61.66,-18.35,1
m,2022-10-14 16:46:38.143647,0.24,-0.26,1.02,-1.77,-0.67,-3.78,42.90,61.36,-18.24,1
m,2022-10-14 16:46:38.162100,0.24,-0.24,1.03,-2.26,-0.24,-3.66,42.90,61.36,-18.24,1
m,2022-10-14 16:46:38.179654,0.22,-0.23,0.99,1.40,-3.60,-4.21,43.44,61.67,-18.69,1
m,2022-10-14 16:46:38.197654,0.21,-0.22,0.99,9.52,-13.24,-4.64,43.44,61.67,-18.69,1
m,2022-10-14 16:46:38.216120,0.14,-0.44,1.08,14.83,-8.30,0.61,43.44,61.67,-18.69,1
m,2022-10-14 16:46:38.235428,0.25,-0.27,1.04,-1.95,6.96,-0.24,43.21,62.24,-18.37,1
m,2022-10-14 16:46:38.253504,0.21,-0.22,0.98,-8.18,6.96,-3.36,43.21,62.24,-18.37,1
m,2022-10-14 16:46:38.271428,0.22,-0.24,0.98,-3.85,5.49,-4.52,43.21,62.24,-18.37,1
m,2022-10-14 16:46:38.290474,0.23,-0.24,0.97,-2.08,4.03,-4.39,41.49,61.91,-18.09,1
m,2022-10-14 16:46:38.307625,0.22,-0.24,0.95,-2.14,4.27,-4.88,41.49,61.91,-18.09,1
m,2022-10-14 16:46:38.325804,0.18,-0.23,0.95,-3.42,3.48,-5.62,41.49,61.91,-18.09,1
m,2022-10-14 16:46:38.347185,0.19,-0.22,0.90,-3.11,5.86,-5.68,40.37,62.40,-18.09,1
m,2022-10-14 16:46:38.363200,0.22,-0.21,0.93,-5.31,3.91,-7.87,40.37,62.40,-18.09,1
m,2022-10-14 16:46:38.381919,0.17,-0.20,0.88,-5.62,3.54,-7.93,38.83,62.57,-18.65,1
m,2022-10-14 16:46:38.399620,0.16,-0.17,0.85,-2.62,1.53,-6.65,38.83,62.57,-18.65,1
m,2022-10-14 16:46:38.418234,0.19,-0.16,0.88,3.42,0.85,-4.88,38.83,62.57,-18.65,1
m,2022-10-14 16:46:38.437499,0.18,-0.19,0.89,3.36,1.59,-6.65,37.15,62.02,-18.65,1
m,2022-10-14 16:46:38.454612,0.17,-0.22,0.82,5.43,2.26,-6.16,37.15,62.02,-18.65,1
m,2022-10-14 16:46:38.473724,0.17,-0.23,0.83,13.24,-1.89,-1.95,37.15,62.02,-18.65,1
m,2022-10-14 16:46:38.491477,0.17,-0.24,0.83,10.38,0.49,-2.38,35.64,62.52,-19.04,1
m,2022-10-14 16:46:38.510473,0.18,-0.26,0.84,5.74,2.87,-3.60,35.64,62.52,-19.04,1
m,2022-10-14 16:46:38.529489,0.17,-0.23,0.84,9.89,2.56,-3.30,34.00,63.01,-19.96,1
m,2022-10-14 16:46:38.547243,0.20,-0.27,0.84,13.06,3.30,-3.60,34.00,63.01,-19.96,1
m,2022-10-14 16:46:38.564913,0.18,-0.25,0.84,10.50,3.91,-3.48,34.00,63.01,-19.96,1
m,2022-10-14 16:46:38.585051,0.18,-0.26,0.86,11.90,2.26,-5.25,33.50,63.53,-20.78,1
m,2022-10-14 16:46:38.602743,0.20,-0.29,0.84,7.08,-2.26,-7.93,33.50,63.53,-20.78,1
m,2022-10-14 16:46:38.620735,0.20,-0.28,0.85,8.24,-3.30,-6.04,33.50,63.53,-20.78,1
m,2022-10-14 16:46:38.639597,0.20,-0.30,0.87,10.01,-2.14,-5.07,32.74,63.99,-20.08,1
m,2022-10-14 16:46:38.657500,0.20,-0.30,0.84,9.95,-3.17,-5.07,32.74,63.99,-20.08,1
m,2022-10-14 16:46:38.676139,0.18,-0.28,0.85,7.57,-2.38,-5.25,32.74,63.99,-20.08,1
m,2022-10-14 16:46:38.695246,0.21,-0.29,0.88,10.50,-4.76,-3.36,33.25,65.23,-20.58,1
m,2022-10-14 16:46:38.713516,0.21,-0.30,0.92,8.54,-5.92,-4.09,33.25,65.23,-20.58,1
m,2022-10-14 16:46:38.732195,0.21,-0.28,0.93,5.31,-5.74,-5.55,33.37,65.31,-20.94,1
m,2022-10-14 16:46:38.750457,0.22,-0.27,0.93,5.98,-5.43,-5.19,33.37,65.31,-20.94,1
m,2022-10-14 16:46:38.769410,0.22,-0.30,0.96,8.36,-4.94,-3.85,33.37,65.31,-20.94,1
m,2022-10-14 16:46:38.786617,0.23,-0.35,0.98,9.64,-3.91,-4.15,32.93,65.23,-20.76,1
m,2022-10-14 16:46:38.804908,0.23,-0.36,0.99,6.41,-1.77,-3.60,32.93,65.23,-20.76,1
m,2022-10-14 16:46:38.823248,0.23,-0.34,0.98,2.75,-2.26,-3.72,32.93,65.23,-20.76,1
m,2022-10-14 16:46:38.843133,0.23,-0.34,0.97,1.46,-5.07,-3.97,33.11,65.64,-19.96,1
m,2022-10-14 16:46:38.861262,0.23,-0.34,0.98,-1.83,-5.68,-3.36,33.11,65.64,-19.96,1
m,2022-10-14 16:46:38.879599,0.21,-0.32,0.98,-5.13,-5.55,-2.75,32.91,65.65,-21.18,1
m,2022-10-14 16:46:38.898747,0.20,-0.31,0.96,-5.25,-5.25,-1.77,32.91,65.65,-21.18,1
m,2022-10-14 16:46:38.916262,0.12,-0.32,1.03,-2.81,-4.52,0.79,32.91,65.65,-21.18,1
m,2022-10-14 16:46:38.935285,0.06,-0.26,1.02,3.23,8.54,12.76,32.37,66.14,-19.79,1
m,2022-10-14 16:46:38.952732,0.14,-0.26,0.99,12.94,16.60,12.02,32.37,66.14,-19.79,1
m,2022-10-14 16:46:38.971888,0.18,-0.32,0.97,7.87,19.10,3.11,32.37,66.14,-19.79,1
m,2022-10-14 16:46:38.990510,0.19,-0.34,0.96,-2.99,19.71,-4.03,32.17,65.21,-21.46,1
m,2022-10-14 16:46:39.008904,0.27,-0.32,0.91,-1.34,17.82,-0.31,32.17,65.21,-21.46,1
m,2022-10-14 16:46:39.026601,0.26,-0.30,0.93,-3.66,12.76,-0.12,30.98,63.61,-21.94,1
m,2022-10-14 16:46:39.044903,0.28,-0.29,0.92,2.75,11.54,3.54,30.98,63.61,-21.94,1
m,2022-10-14 16:46:39.063508,0.29,-0.29,0.90,-2.26,9.95,0.73,30.98,63.61,-21.94,1
m,2022-10-14 16:46:39.082583,0.30,-0.30,0.88,-6.04,6.59,-2.56,30.74,63.07,-23.16,1
m,2022-10-14 16:46:39.100487,0.30,-0.28,0.88,-7.87,4.94,-2.69,30.74,63.07,-23.16,1
m,2022-10-14 16:46:39.119599,0.29,-0.25,0.88,-9.77,3.54,-4.09,30.74,63.07,-23.16,1
m,2022-10-14 16:46:39.138110,0.25,-0.23,0.91,-8.61,4.58,-2.44,29.92,61.90,-22.49,1
m,2022-10-14 16:46:39.156779,0.30,-0.29,0.85,0.61,3.60,-0.31,29.92,61.90,-22.49,1
m,2022-10-14 16:46:39.174493,0.27,-0.31,0.85,-2.62,1.04,-1.95,29.92,61.90,-22.49,1
m,2022-10-14 16:46:39.193168,0.28,-0.33,0.84,-1.71,-0.92,-1.95,29.21,62.43,-22.33,1
m,2022-10-14 16:46:39.211167,0.24,-0.32,0.85,-4.58,-2.69,-0.98,29.21,62.43,-22.33,1
m,2022-10-14 16:46:39.230508,0.23,-0.30,0.86,-1.89,-2.44,0.24,29.81,62.01,-23.24,1
m,2022-10-14 16:46:39.250194,0.25,-0.28,0.85,-0.79,-2.87,-0.12,29.81,62.01,-23.24,1
m,2022-10-14 16:46:39.267648,0.23,-0.30,0.84,-2.87,-4.82,-3.42,29.81,62.01,-23.24,1
m,2022-10-14 16:46:39.286627,0.25,-0.27,0.86,-5.55,-6.23,-5.43,29.80,62.57,-23.46,1
m,2022-10-14 16:46:39.305317,0.23,-0.22,0.89,-1.95,-4.94,-7.08,29.80,62.57,-23.46,1
m,2022-10-14 16:46:39.322724,0.23,-0.23,0.88,-1.04,-4.39,-8.73,29.80,62.57,-23.46,1
m,2022-10-14 16:46:39.343550,0.24,-0.22,0.87,-3.05,-5.19,-11.72,29.38,62.43,-21.86,1
m,2022-10-14 16:46:39.360601,0.19,-0.23,0.91,-4.03,-6.04,-13.67,29.38,62.43,-21.86,1
m,2022-10-14 16:46:39.379699,0.20,-0.25,0.90,-1.59,-5.31,-11.84,29.06,63.40,-21.58,1
m,2022-10-14 16:46:39.398144,0.21,-0.29,0.89,-0.06,-4.94,-9.03,29.06,63.40,-21.58,1
m,2022-10-14 16:46:39.416526,0.24,-0.28,0.86,3.11,-6.04,-3.72,29.06,63.40,-21.58,1
m,2022-10-14 16:46:39.435863,0.24,-0.27,0.87,-3.72,-8.85,-6.04,28.89,63.93,-23.29,1
m,2022-10-14 16:46:39.453487,0.20,-0.28,0.91,-6.65,-9.64,-8.54,28.89,63.93,-23.29,1
m,2022-10-14 16:46:39.471615,0.02,-0.23,1.07,5.00,-3.60,0.18,28.89,63.93,-23.29,1
m,2022-10-14 16:46:39.490931,0.20,-0.34,0.93,27.16,1.46,9.16,28.66,63.44,-22.41,1
m,2022-10-14 16:46:39.508628,0.21,-0.33,0.91,2.08,-3.48,0.18,28.66,63.44,-22.41,1
m,2022-10-14 16:46:39.529312,0.23,-0.28,0.94,-3.42,-4.15,-3.97,29.13,64.01,-23.01,1
m,2022-10-14 16:46:39.546778,0.22,-0.24,0.98,-6.71,0.67,-8.18,29.13,64.01,-23.01,1
m,2022-10-14 16:46:39.564126,0.22,-0.24,0.93,-5.74,5.98,-9.83,29.13,64.01,-23.01,1
m,2022-10-14 16:46:39.583628,0.23,-0.25,0.92,0.92,1.22,-3.11,28.49,63.75,-22.08,1
m,2022-10-14 16:46:39.602123,0.22,-0.27,0.94,7.63,-1.10,-0.43,28.49,63.75,-22.08,1
m,2022-10-14 16:46:39.619661,0.20,-0.29,0.90,3.05,-0.24,-1.59,28.49,63.75,-22.08,1
m,2022-10-14 16:46:39.639004,0.20,-0.24,0.90,-2.99,0.92,-5.62,28.39,63.42,-23.45,1
m,2022-10-14 16:46:39.656162,0.21,-0.28,0.88,-2.99,1.40,-5.37,28.39,63.42,-23.45,1
m,2022-10-14 16:46:39.674358,0.20,-0.26,0.88,1.53,-1.77,-1.53,28.39,63.42,-23.45,1
m,2022-10-14 16:46:39.693268,0.20,-0.32,0.86,2.20,-0.55,-3.48,28.16,63.77,-22.29,1
m,2022-10-14 16:46:39.711245,0.19,-0.26,0.88,-1.10,-0.06,-3.11,28.16,63.77,-22.29,1
m,2022-10-14 16:46:39.730509,0.20,-0.25,0.88,-1.22,-0.67,-6.84,27.12,64.18,-22.91,1
m,2022-10-14 16:46:39.748603,0.19,-0.26,0.90,0.92,-2.01,-6.77,27.12,64.18,-22.91,1
m,2022-10-14 16:46:39.767226,0.21,-0.29,0.88,5.55,-1.95,-4.39,27.12,64.18,-22.91,1
m,2022-10-14 16:46:39.785988,0.20,-0.31,0.87,4.76,-1.34,-2.62,26.77,64.31,-24.74,1
m,2022-10-14 16:46:39.803977,0.20,-0.28,0.89,4.03,-0.24,-1.83,26.77,64.31,-24.74,1
m,2022-10-14 16:46:39.821969,0.21,-0.31,0.87,3.72,0.49,-2.75,26.77,64.31,-24.74,1
m,2022-10-14 16:46:39.842644,0.20,-0.31,0.89,2.44,-0.92,-4.94,26.77,64.50,-23.66,1
m,2022-10-14 16:46:39.859219,0.20,-0.30,0.87,2.38,-1.83,-4.64,26.77,64.50,-23.66,1
m,2022-10-14 16:46:39.879338,0.20,-0.30,0.88,5.19,-2.56,-3.60,26.77,64.23,-24.62,1
m,2022-10-14 16:46:39.897175,0.19,-0.30,0.88,5.00,-2.26,-3.17,26.77,64.23,-24.62,1
m,2022-10-14 16:46:39.914626,0.20,-0.29,0.90,3.42,-2.75,-3.48,26.77,64.23,-24.62,1
m,2022-10-14 16:46:39.934444,0.20,-0.28,0.90,1.04,-2.69,-3.91,26.75,64.58,-23.55,1
m,2022-10-14 16:46:39.952129,0.20,-0.28,0.90,2.75,-2.50,-2.93,26.75,64.58,-23.55,1
m,2022-10-14 16:46:39.970243,0.21,-0.30,0.91,6.29,-2.56,-1.83,26.75,64.58,-23.55,1
m,2022-10-14 16:46:39.989648,0.21,-0.29,0.91,5.62,-3.23,-2.93,26.12,64.56,-23.33,1
m,2022-10-14 16:46:40.007136,0.20,-0.31,0.92,3.85,-4.27,-4.09,26.12,64.56,-23.33,1
m,2022-10-14 16:46:40.027331,0.21,-0.30,0.91,2.32,-4.76,-4.46,26.23,64.79,-23.54,1
m,2022-10-14 16:46:40.044434,0.21,-0.31,0.92,2.38,-4.88,-3.11,26.23,64.79,-23.54,1
m,2022-10-14 16:46:40.062654,0.20,-0.31,0.91,4.21,-5.13,-2.69,26.23,64.79,-23.54,1
m,2022-10-14 16:46:40.081523,0.20,-0.30,0.91,3.60,-4.82,-2.99,26.27,64.59,-23.14,1
m,2022-10-14 16:46:40.098544,0.21,-0.34,0.93,2.87,-4.64,-3.85,26.27,64.59,-23.14,1
m,2022-10-14 16:46:40.116464,0.21,-0.33,0.91,2.62,-2.99,-3.17,26.27,64.59,-23.14,1
m,2022-10-14 16:46:40.137370,0.20,-0.35,0.91,2.99,-2.99,-3.36,26.73,65.04,-24.01,1
m,2022-10-14 16:46:40.155447,0.21,-0.32,0.95,-0.73,-3.97,-3.17,26.73,65.04,-24.01,1
m,2022-10-14 16:46:40.173430,0.21,-0.33,0.95,-1.65,-4.46,-3.91,26.73,65.04,-24.01,1
m,2022-10-14 16:46:40.193004,0.20,-0.33,0.95,-2.38,-3.48,-4.33,26.77,65.23,-23.50,1
m,2022-10-14 16:46:40.211494,0.22,-0.33,0.98,-0.18,-0.31,-2.81,26.77,65.23,-23.50,1
m,2022-10-14 16:46:40.230428,0.21,-0.31,0.96,-1.77,2.62,-4.39,26.61,65.61,-23.89,1
m,2022-10-14 16:46:40.247910,0.20,-0.30,0.96,0.61,-1.53,-6.16,26.61,65.61,-23.89,1
m,2022-10-14 16:46:40.265899,0.20,-0.29,0.96,4.64,-7.02,-5.00,26.61,65.61,-23.89,1
m,2022-10-14 16:46:40.285373,0.16,-0.24,0.84,1.53,6.84,9.95,27.06,64.43,-23.60,1
m,2022-10-14 16:46:40.303983,0.25,-0.34,1.02,7.51,2.50,4.09,27.06,64.43,-23.60,1
m,2022-10-14 16:46:40.321984,0.22,-0.37,0.98,7.02,3.36,4.76,27.06,64.43,-23.60,1
m,2022-10-14 16:46:40.340897,0.22,-0.31,0.98,-0.18,3.85,1.65,26.66,64.62,-23.03,1
m,2022-10-14 16:46:40.357393,0.21,-0.29,0.96,-6.10,3.54,-1.46,26.66,64.62,-23.03,1
m,2022-10-14 16:46:40.376624,0.21,-0.28,0.94,-9.58,2.87,-3.85,26.25,64.82,-23.32,1
m,2022-10-14 16:46:40.394640,0.19,-0.26,0.97,-10.07,2.32,-5.49,0.00,0.00,0.00,1
m,2022-10-14 16:46:40.412882,0.19,-0.25,0.95,-9.64,4.15,-5.62,0.00,0.00,0.00,1
m,2022-10-14 16:46:40.432274,0.18,-0.25,0.88,-10.07,6.77,-6.35,25.27,64.84,-24.82,1
m,2022-10-14 16:46:40.449500,0.20,-0.22,0.90,-2.93,7.20,-4.39,25.27,64.84,-24.82,1
m,2022-10-14 16:46:40.468496,0.17,-0.26,0.89,2.32,5.19,-3.42,25.27,64.84,-24.82,1
m,2022-10-14 16:46:40.487529,0.19,-0.28,0.88,2.38,4.76,-4.88,24.49,64.04,-23.43,1
m,2022-10-14 16:46:40.505466,0.18,-0.29,0.85,1.65,2.81,-5.43,24.49,64.04,-23.43,1
m,2022-10-14 16:46:40.525091,0.16,-0.31,0.84,5.86,-0.61,-3.17,23.89,62.94,-25.50,1
m,2022-10-14 16:46:40.542434,0.17,-0.28,0.82,0.31,2.75,-4.88,23.89,62.94,-25.50,1
m,2022-10-14 16:46:40.561226,0.17,-0.26,0.81,-2.20,2.87,-6.65,23.89,62.94,-25.50,1
m,2022-10-14 16:46:40.579466,0.17,-0.27,0.80,-0.79,2.62,-7.14,23.12,62.68,-26.73,1
m,2022-10-14 16:46:40.598534,0.18,-0.31,0.80,4.52,3.11,-4.94,23.12,62.68,-26.73,1
m,2022-10-14 16:46:40.615838,0.17,-0.30,0.80,7.20,1.71,-1.77,23.12,62.68,-26.73,1
m,2022-10-14 16:46:40.635986,0.17,-0.28,0.81,5.43,0.98,-4.15,22.68,61.96,-27.66,1
m,2022-10-14 16:46:40.653633,0.18,-0.29,0.83,3.85,0.55,-5.62,22.68,61.96,-27.66,1
m,2022-10-14 16:46:40.671278,0.17,-0.26,0.82,3.78,-2.08,-7.14,22.68,61.96,-27.66,1
m,2022-10-14 16:46:40.690446,0.18,-0.29,0.84,6.41,-3.11,-8.24,21.73,61.55,-27.53,1
m,2022-10-14 16:46:40.708123,0.20,-0.29,0.85,8.42,-2.32,-5.49,21.73,61.55,-27.53,1
m,2022-10-14 16:46:40.727906,0.21,-0.32,0.86,11.72,-1.95,-4.70,22.11,61.54,-28.53,1
m,2022-10-14 16:46:40.745161,0.18,-0.36,0.87,12.51,-0.79,-0.55,22.11,61.54,-28.53,1
m,2022-10-14 16:46:40.763533,0.20,-0.36,0.88,14.28,-2.99,-1.95,22.11,61.54,-28.53,1
m,2022-10-14 16:46:40.781636,0.21,-0.35,0.89,7.57,-5.25,-5.07,21.95,61.49,-28.52,1
m,2022-10-14 16:46:40.799613,0.19,-0.38,0.89,6.47,-5.55,-4.52,21.95,61.49,-28.52,1
m,2022-10-14 16:46:40.817625,0.25,-0.39,0.92,11.23,-6.04,-1.10,21.95,61.49,-28.52,1
m,2022-10-14 16:46:40.838084,0.21,-0.38,0.95,10.44,-1.89,1.22,21.87,61.22,-27.34,1
m,2022-10-14 16:46:40.855663,0.23,-0.40,0.96,7.02,-1.95,0.18,21.87,61.22,-27.34,1
m,2022-10-14 16:46:40.874464,0.25,-0.38,0.99,0.31,-3.78,-3.23,22.81,61.88,-25.96,1
m,2022-10-14 16:46:40.893611,0.25,-0.37,1.02,-2.93,-2.50,-3.42,22.81,61.88,-25.96,1
m,2022-10-14 16:46:40.912420,0.25,-0.35,1.01,-0.24,-0.18,-1.71,22.81,61.88,-25.96,1
m,2022-10-14 16:46:40.931971,0.22,-0.33,0.96,3.30,-1.40,-2.81,22.90,61.39,-27.34,1
m,2022-10-14 16:46:40.949346,0.21,-0.33,0.95,9.09,-7.57,-4.33,22.90,61.39,-27.34,1
m,2022-10-14 16:46:40.967138,0.21,-0.33,0.97,14.10,-11.23,-1.53,22.90,61.39,-27.34,1
m,2022-10-14 16:46:40.986340,0.24,-0.32,0.98,-7.02,10.68,8.61,22.50,61.71,-26.70,1
m,2022-10-14 16:46:41.004649,0.20,-0.30,0.91,-1.83,8.30,4.58,22.50,61.71,-26.70,1
m,2022-10-14 16:46:41.025036,0.22,-0.34,0.97,1.40,5.07,-0.49,22.42,61.35,-26.98,1
m,2022-10-14 16:46:41.041454,0.20,-0.34,0.97,-3.54,6.41,-3.97,22.42,61.35,-26.98,1
m,2022-10-14 16:46:41.059844,0.23,-0.31,0.95,-6.84,6.90,-5.74,22.42,61.35,-26.98,1
m,2022-10-14 16:46:41.079436,0.20,-0.30,0.89,-7.63,6.59,-6.04,21.72,60.79,-27.72,1
m,2022-10-14 16:46:41.097184,0.21,-0.29,0.91,-2.62,4.88,-5.49,21.72,60.79,-27.72,1
m,2022-10-14 16:46:41.116274,0.20,-0.30,0.89,-0.61,3.66,-7.08,21.72,60.79,-27.72,1
m,2022-10-14 16:46:41.135610,0.19,-0.29,0.87,-1.53,3.91,-8.48,21.01,59.34,-29.92,1
m,2022-10-14 16:46:41.153237,0.18,-0.31,0.83,-2.38,4.70,-10.07,21.01,59.34,-29.92,1
m,2022-10-14 16:46:41.170482,0.18,-0.30,0.83,0.24,3.30,-8.12,21.01,59.34,-29.92,1
m,2022-10-14 16:46:41.190667,0.18,-0.31,0.76,6.71,-0.06,1.16,20.23,58.48,-29.75,1
m,2022-10-14 16:46:41.207797,0.16,-0.35,0.79,24.23,-9.03,7.14,20.23,58.48,-29.75,1
m,2022-10-14 16:46:41.227928,0.16,-0.41,0.76,15.93,-4.33,4.58,20.36,57.25,-30.74,1
m,2022-10-14 16:46:41.244869,0.18,-0.40,0.78,8.18,-0.85,2.32,20.36,57.25,-30.74,1
m,2022-10-14 16:46:41.262624,0.18,-0.39,0.79,5.92,-0.67,4.21,20.36,57.25,-30.74,1
m,2022-10-14 16:46:41.282163,0.16,-0.34,0.81,-3.66,4.15,-10.31,20.17,57.04,-31.46,1
m,2022-10-14 16:46:41.299649,0.18,-0.31,0.81,-10.56,3.17,-16.05,20.17,57.04,-31.46,1
m,2022-10-14 16:46:41.318484,0.18,-0.26,0.84,-7.57,-0.06,-14.71,20.17,57.04,-31.46,1
m,2022-10-14 16:46:41.336943,0.18,-0.31,0.84,3.11,-2.50,-9.70,20.02,56.42,-31.65,1
m,2022-10-14 16:46:41.355404,0.20,-0.33,0.84,12.57,-1.28,-3.60,20.02,56.42,-31.65,1
m,2022-10-14 16:46:41.374615,0.18,-0.37,0.84,15.99,-0.31,-2.50,20.01,56.62,-30.44,1
m,2022-10-14 16:46:41.393168,0.19,-0.38,0.83,16.91,-1.40,-2.20,20.01,56.62,-30.44,1
m,2022-10-14 16:46:41.412789,0.20,-0.43,0.84,14.53,-3.91,-2.56,20.01,56.62,-30.44,1
m,2022-10-14 16:46:41.431003,0.20,-0.41,0.87,8.00,-3.48,-3.72,21.03,56.68,-31.35,1
m,2022-10-14 16:46:41.448872,0.22,-0.42,0.87,9.16,-2.69,-3.05,21.03,56.68,-31.35,1
m,2022-10-14 16:46:41.467525,0.21,-0.41,0.88,7.69,-3.48,-3.11,21.03,56.68,-31.35,1
m,2022-10-14 16:46:41.486625,0.21,-0.41,0.89,7.45,-3.42,-3.85,21.52,56.87,-30.59,1
m,2022-10-14 16:46:41.503725,0.22,-0.42,0.92,3.48,-1.46,-4.52,21.52,56.87,-30.59,1
m,2022-10-14 16:46:41.523670,0.22,-0.42,0.93,2.75,-0.85,-4.03,21.91,57.10,-29.92,1
m,2022-10-14 16:46:41.540879,0.22,-0.41,0.92,4.09,-1.10,-3.48,21.91,57.10,-29.92,1
m,2022-10-14 16:46:41.559321,0.23,-0.43,0.93,3.23,-2.50,-3.11,21.91,57.10,-29.92,1
m,2022-10-14 16:46:41.578226,0.22,-0.43,0.92,-1.28,-3.91,-4.39,22.46,57.46,-30.05,1
m,2022-10-14 16:46:41.596172,0.23,-0.43,0.94,-2.50,-4.58,-4.27,22.46,57.46,-30.05,1
m,2022-10-14 16:46:41.614626,0.22,-0.40,0.92,-4.27,-4.64,-3.91,22.46,57.46,-30.05,1
m,2022-10-14 16:46:41.634166,0.20,-0.39,0.92,-4.94,-4.39,-3.17,22.30,58.42,-30.14,1
m,2022-10-14 16:46:41.651064,0.20,-0.38,0.90,-1.34,-6.84,-2.44,22.30,58.42,-30.14,1
m,2022-10-14 16:46:41.668898,0.17,-0.37,0.94,0.31,-7.75,-1.34,22.30,58.42,-30.14,1
m,2022-10-14 16:46:41.687698,0.04,-0.37,0.92,-1.22,6.29,3.42,22.27,57.91,-30.64,1
m,2022-10-14 16:46:41.706354,0.15,-0.40,0.96,12.70,14.83,8.91,22.27,57.91,-30.64,1
m,2022-10-14 16:46:41.724858,0.14,-0.41,0.96,14.95,17.94,11.84,22.30,58.73,-31.35,1
m,2022-10-14 16:46:41.743506,0.21,-0.43,0.92,9.40,21.00,8.24,22.30,58.73,-31.35,1
m,2022-10-14 16:46:41.761068,0.24,-0.38,0.90,0.00,21.30,2.56,22.30,58.73,-31.35,1
m,2022-10-14 16:46:41.779808,0.25,-0.36,0.90,-4.94,20.08,-4.27,22.81,57.96,-30.92,1
m,2022-10-14 16:46:41.798536,0.31,-0.39,0.84,0.18,17.15,-2.87,22.81,57.96,-30.92,1
m,2022-10-14 16:46:41.816469,0.30,-0.39,0.85,-1.28,8.00,-0.12,22.81,57.96,-30.92,1
m,2022-10-14 16:46:41.835297,0.28,-0.39,0.86,-3.17,5.49,-1.46,22.88,57.14,-31.92,1
m,2022-10-14 16:46:41.853616,0.29,-0.42,0.85,-1.16,5.00,-0.12,22.88,57.14,-31.92,1
m,2022-10-14 16:46:41.873448,0.28,-0.41,0.84,-3.48,3.48,0.12,22.78,56.96,-32.28,1
m,2022-10-14 16:46:41.891335,0.29,-0.42,0.81,-2.93,-0.12,0.85,22.78,56.96,-32.28,1
m,2022-10-14 16:46:41.908557,0.26,-0.42,0.83,-7.32,-2.56,0.06,22.78,56.96,-32.28,1
m,2022-10-14 16:46:41.927680,0.28,-0.41,0.80,-6.47,-3.17,0.98,22.73,55.48,-33.85,1
m,2022-10-14 16:46:41.946747,0.27,-0.39,0.79,-10.19,-5.98,-0.12,22.73,55.48,-33.85,1
m,2022-10-14 16:46:41.965100,0.25,-0.37,0.80,-13.06,-10.80,-1.95,22.73,55.48,-33.85,1
m,2022-10-14 16:46:41.984074,0.22,-0.35,0.82,-14.53,-12.94,-3.30,21.90,55.32,-32.68,1
m,2022-10-14 16:46:42.002430,0.23,-0.31,0.82,-14.04,-13.43,-3.30,21.90,55.32,-32.68,1
m,2022-10-14 16:46:42.019679,0.22,-0.32,0.83,-14.22,-13.55,-5.31,21.90,55.32,-32.68,1
m,2022-10-14 16:46:42.039630,0.21,-0.30,0.86,-13.79,-14.04,-5.86,20.56,55.85,-33.42,1
m,2022-10-14 16:46:42.057381,0.12,-0.29,0.92,-6.77,-9.52,-5.68,20.56,55.85,-33.42,1
m,2022-10-14 16:46:42.076397,0.19,-0.22,0.99,25.09,-4.64,2.50,20.68,54.64,-33.65,1
m,2022-10-14 16:46:42.093633,0.20,-0.47,0.91,40.22,-6.77,14.47,20.68,54.64,-33.65,1
m,2022-10-14 16:46:42.112380,0.18,-0.29,0.86,-7.87,10.31,-6.29,20.68,54.64,-33.65,1
m,2022-10-14 16:46:42.132879,0.23,-0.30,0.85,-18.01,8.24,-15.26,20.50,53.87,-34.34,1
m,2022-10-14 16:46:42.149639,0.20,-0.31,0.88,-1.65,2.50,-8.00,20.50,53.87,-34.34,1
m,2022-10-14 16:46:42.167613,0.22,-0.36,0.87,15.26,0.85,-0.49,20.50,53.87,-34.34,1
m,2022-10-14 16:46:42.187157,0.23,-0.38,0.85,16.78,0.43,2.50,20.58,53.55,-34.74,1
m,2022-10-14 16:46:42.205111,0.20,-0.39,0.86,10.38,-0.55,2.01,20.58,53.55,-34.74,1
m,2022-10-14 16:46:42.224619,0.21,-0.41,0.83,4.52,0.06,-1.83,21.23,53.27,-33.58,1
m,2022-10-14 16:46:42.241619,0.21,-0.39,0.83,-2.62,-1.04,-4.15,21.23,53.27,-33.58,1
m,2022-10-14 16:46:42.259690,0.20,-0.37,0.84,-5.00,-0.92,-5.25,21.23,53.27,-33.58,1
m,2022-10-14 16:46:42.279245,0.20,-0.36,0.84,2.32,-0.61,-2.20,21.72,53.08,-34.20,1
m,2022-10-14 16:46:42.296425,0.20,-0.36,0.83,2.14,-0.67,-5.00,21.72,53.08,-34.20,1
m,2022-10-14 16:46:42.315334,0.20,-0.37,0.86,1.28,0.24,-4.46,21.72,53.08,-34.20,1
m,2022-10-14 16:46:42.334111,0.22,-0.37,0.85,2.69,0.43,-3.30,21.97,52.83,-35.66,1
m,2022-10-14 16:46:42.352512,0.21,-0.39,0.83,2.81,-1.22,-4.39,21.97,52.83,-35.66,1
m,2022-10-14 16:46:42.371351,0.20,-0.38,0.85,2.69,-2.44,-5.07,22.60,53.00,-33.03,1
m,2022-10-14 16:46:42.388843,0.21,-0.39,0.84,2.01,-2.26,-5.07,22.60,53.00,-33.03,1
m,2022-10-14 16:46:42.407521,0.22,-0.38,0.87,2.32,-3.17,-3.66,22.60,53.00,-33.03,1
m,2022-10-14 16:46:42.426542,0.20,-0.38,0.85,4.39,-2.08,-2.20,22.08,53.16,-34.74,1
m,2022-10-14 16:46:42.445211,0.22,-0.39,0.86,4.21,-2.93,-3.36,22.08,53.16,-34.74,1
m,2022-10-14 16:46:42.462619,0.21,-0.39,0.87,2.62,-4.09,-3.23,22.08,53.16,-34.74,1
m,2022-10-14 16:46:42.482518,0.21,-0.38,0.86,2.75,-4.21,-2.99,22.71,53.06,-33.31,1
m,2022-10-14 16:46:42.499562,0.20,-0.38,0.85,2.01,-4.82,-3.36,22.71,53.06,-33.31,1
m,2022-10-14 16:46:42.518586,0.20,-0.38,0.87,3.23,-4.09,-2.99,22.71,53.06,-33.31,1
m,2022-10-14 16:46:42.538280,0.21,-0.38,0.87,4.27,-3.30,-2.81,22.90,53.89,-32.74,1
m,2022-10-14 16:46:42.555141,0.21,-0.39,0.88,2.93,-4.15,-2.50,22.90,53.89,-32.74,1
m,2022-10-14 16:46:42.573620,0.20,-0.38,0.87,2.14,-4.76,-3.23,23.30,54.36,-32.24,1
m,2022-10-14 16:46:42.592100,0.21,-0.40,0.88,2.69,-5.68,-3.60,23.30,54.36,-32.24,1
m,2022-10-14 16:46:42.610198,0.20,-0.39,0.88,2.62,-3.66,-2.56,23.30,54.36,-32.24,1
m,2022-10-14 16:46:42.628981,0.21,-0.41,0.87,4.58,-3.91,-2.14,24.17,55.55,-32.01,1
m,2022-10-14 16:46:42.648415,0.21,-0.41,0.89,1.65,-4.39,-2.81,24.17,55.55,-32.01,1
m,2022-10-14 16:46:42.665726,0.21,-0.39,0.91,-1.34,-3.60,-3.97,24.17,55.55,-32.01,1
m,2022-10-14 16:46:42.684439,0.23,-0.40,0.95,0.98,-0.85,-2.62,24.58,56.26,-32.08,1
m,2022-10-14 16:46:42.701459,0.23,-0.40,0.93,2.32,1.59,-0.67,24.58,56.26,-32.08,1
m,2022-10-14 16:46:42.721540,0.23,-0.40,0.95,2.93,2.81,-0.37,24.16,56.75,-32.86,1
m,2022-10-14 16:46:42.740633,0.23,-0.41,0.95,2.50,2.50,-1.22,24.16,56.75,-32.86,1
m,2022-10-14 16:46:42.757822,0.22,-0.41,0.91,2.38,-1.53,-4.03,24.16,56.75,-32.86,1
m,2022-10-14 16:46:42.777021,0.21,-0.39,0.91,3.60,-5.86,-5.68,24.28,56.67,-32.97,1
m,2022-10-14 16:46:42.795543,0.21,-0.39,0.90,5.43,-8.61,-5.86,24.28,56.67,-32.97,1
m,2022-10-14 16:46:42.813566,0.21,-0.39,1.41,6.47,-4.88,-1.04,24.28,56.67,-32.97,1
m,2022-10-14 16:46:42.834553,0.27,-0.44,1.01,1.59,5.55,5.74,24.13,56.42,-31.30,1
m,2022-10-14 16:46:42.850697,0.19,-0.38,0.85,1.10,6.65,6.53,24.13,56.42,-31.30,1
m,2022-10-14 16:46:42.869649,0.20,-0.41,0.90,2.93,1.89,1.46,24.11,55.41,-31.02,1
m,2022-10-14 16:46:42.887965,0.22,-0.43,0.92,-4.52,3.42,-1.22,24.11,55.41,-31.02,1
m,2022-10-14 16:46:42.906567,0.22,-0.41,0.89,-8.24,2.75,-2.62,24.11,55.41,-31.02,1
m,2022-10-14 16:46:42.927397,0.21,-0.40,0.91,-7.08,1.22,-3.17,23.58,54.97,-33.13,1
m,2022-10-14 16:46:42.944078,0.22,-0.36,0.90,-7.20,2.32,-2.75,23.58,54.97,-33.13,1
m,2022-10-14 16:46:42.962511,0.21,-0.39,0.88,-6.47,2.01,-3.30,23.58,54.97,-33.13,1
m,2022-10-14 16:46:42.981391,0.21,-0.37,0.88,-5.92,3.05,-3.30,22.88,54.06,-33.86,1
m,2022-10-14 16:46:42.999280,0.21,-0.36,0.88,-4.09,2.93,-2.87,22.88,54.06,-33.86,1
m,2022-10-14 16:46:43.017439,0.21,-0.36,0.89,-3.11,3.60,-3.60,22.88,54.06,-33.86,1
m,2022-10-14 16:46:43.037528,0.21,-0.35,0.87,-3.23,4.33,-4.33,22.13,53.42,-34.92,1
m,2022-10-14 16:46:43.054622,0.20,-0.35,0.85,0.37,1.65,-3.30,22.13,53.42,-34.92,1
m,2022-10-14 16:46:43.074100,0.22,-0.34,0.86,1.28,0.61,-2.81,22.66,52.82,-34.79,1
m,2022-10-14 16:46:43.092485,0.21,-0.34,0.89,1.89,0.67,-3.11,22.66,52.82,-34.79,1
m,2022-10-14 16:46:43.109636,0.20,-0.33,0.86,1.10,1.46,-3.05,22.66,52.82,-34.79,1
m,2022-10-14 16:46:43.129264,0.20,-0.34,0.83,1.95,1.95,-4.33,23.19,51.29,-34.61,1
m,2022-10-14 16:46:43.147379,0.20,-0.36,0.83,3.05,2.93,-4.70,23.19,51.29,-34.61,1
m,2022-10-14 16:46:43.165613,0.19,-0.36,0.83,2.38,2.44,-4.52,23.19,51.29,-34.61,1
m,2022-10-14 16:46:43.184920,0.19,-0.38,0.82,6.41,0.49,-3.17,24.44,50.10,-35.79,1
m,2022-10-14 16:46:43.203884,0.20,-0.37,0.82,4.46,-0.12,-3.60,24.44,50.10,-35.79,1
m,2022-10-14 16:46:43.223179,0.19,-0.36,0.81,2.56,0.79,-4.82,24.68,49.96,-36.44,1
m,2022-10-14 16:46:43.241037,0.19,-0.39,0.80,4.33,1.46,-4.03,24.68,49.96,-36.44,1
m,2022-10-14 16:46:43.259041,0.20,-0.43,0.81,6.04,0.55,-1.89,24.68,49.96,-36.44,1
m,2022-10-14 16:46:43.277624,0.19,-0.43,0.81,6.41,-0.31,-1.16,25.70,49.34,-36.85,1
m,2022-10-14 16:46:43.296722,0.20,-0.38,0.82,6.10,-1.77,-2.50,25.70,49.34,-36.85,1
m,2022-10-14 16:46:43.315783,0.19,-0.37,0.82,8.36,-6.04,-4.82,25.70,49.34,-36.85,1
m,2022-10-14 16:46:43.334315,0.18,-0.37,0.82,5.13,-4.46,-6.53,26.73,49.60,-37.04,1
m,2022-10-14 16:46:43.352290,0.20,-0.39,0.83,5.49,-0.55,-5.80,26.73,49.60,-37.04,1
m,2022-10-14 16:46:43.371065,0.21,-0.41,0.82,10.56,0.12,-3.30,27.04,50.15,-35.69,1
m,2022-10-14 16:46:43.389288,0.20,-0.42,0.86,10.68,1.59,-2.01,27.04,50.15,-35.69,1
m,2022-10-14 16:46:43.407624,0.21,-0.43,0.86,10.80,1.53,-2.50,27.04,50.15,-35.69,1
m,2022-10-14 16:46:43.427881,0.22,-0.44,0.85,9.58,-1.22,-3.66,27.43,51.11,-37.98,1
m,2022-10-14 16:46:43.446514,0.20,-0.45,0.83,7.02,-1.65,-3.60,27.43,51.11,-37.98,1
m,2022-10-14 16:46:43.464105,0.21,-0.43,0.83,4.33,-4.15,-4.21,27.43,51.11,-37.98,1
m,2022-10-14 16:46:43.483501,0.21,-0.45,0.87,3.48,-4.09,-4.70,28.16,52.11,-36.04,1
m,2022-10-14 16:46:43.501666,0.22,-0.44,0.86,3.30,-4.03,-4.64,28.16,52.11,-36.04,1
m,2022-10-14 16:46:43.520986,0.22,-0.45,0.87,3.85,-3.23,-3.30,28.02,52.56,-36.06,1
m,2022-10-14 16:46:43.538660,0.21,-0.43,0.87,2.14,-4.58,-4.46,28.02,52.56,-36.06,1
m,2022-10-14 16:46:43.557505,0.20,-0.43,0.86,0.92,-5.68,-4.70,28.02,52.56,-36.06,1
m,2022-10-14 16:46:43.577642,0.20,-0.44,0.86,2.93,-6.59,-3.97,28.60,53.82,-35.28,1
m,2022-10-14 16:46:43.596188,0.21,-0.43,0.87,2.69,-5.00,-2.56,28.60,53.82,-35.28,1
m,2022-10-14 16:46:43.614884,0.21,-0.42,0.88,3.72,-3.97,-2.20,28.60,53.82,-35.28,1
m,2022-10-14 16:46:43.633121,0.21,-0.43,0.90,3.60,-2.75,-2.93,28.61,55.32,-36.28,1
m,2022-10-14 16:46:43.650425,0.22,-0.45,0.90,3.66,-1.28,-2.38,28.61,55.32,-36.28,1
m,2022-10-14 16:46:43.669510,0.22,-0.45,0.90,2.44,-0.73,-2.62,29.03,55.51,-35.38,1
m,2022-10-14 16:46:43.687670,0.23,-0.47,0.92,2.20,-0.49,-1.65,29.03,55.51,-35.38,1
m,2022-10-14 16:46:43.706959,0.22,-0.45,0.91,1.95,-1.10,-2.14,29.03,55.51,-35.38,1
m,2022-10-14 16:46:43.725109,0.21,-0.44,0.90,4.27,-4.27,-4.21,28.75,55.10,-35.31,1
m,2022-10-14 16:46:43.743243,0.20,-0.44,0.89,5.98,-8.61,-5.80,28.75,55.10,-35.31,1
m,2022-10-14 16:46:43.760475,0.20,-0.38,0.87,15.56,-12.27,-4.94,28.75,55.10,-35.31,1
m,2022-10-14 16:46:43.779626,0.06,-0.71,0.83,15.20,-0.73,2.62,28.87,54.77,-35.85,1
m,2022-10-14 16:46:43.797513,0.27,-0.47,1.02,7.87,3.54,3.42,28.87,54.77,-35.85,1
m,2022-10-14 16:46:43.816661,0.19,-0.45,0.83,6.35,6.04,6.59,28.87,54.77,-35.85,1
m,2022-10-14 16:46:43.835479,0.21,-0.50,0.90,6.04,1.46,2.20,28.49,54.58,-36.07,1
m,2022-10-14 16:46:43.854640,0.19,-0.48,0.86,-8.48,2.01,-3.85,28.49,54.58,-36.07,1
m,2022-10-14 16:46:43.874068,0.22,-0.46,0.89,-9.95,2.32,-3.48,28.61,53.72,-36.65,1
m,2022-10-14 16:46:43.894548,0.20,-0.44,0.88,-9.83,2.44,-3.97,28.61,53.72,-36.65,1
m,2022-10-14 16:46:43.912087,0.21,-0.40,0.87,-6.96,3.17,-2.75,28.61,53.72,-36.65,1
m,2022-10-14 16:46:43.930358,0.19,-0.39,0.86,-5.62,3.78,-3.66,28.59,52.03,-35.91,1
m,2022-10-14 16:46:43.949137,0.20,-0.39,0.87,-4.46,4.46,-4.33,28.59,52.03,-35.91,1
m,2022-10-14 16:46:43.968359,0.19,-0.38,0.83,-1.28,4.76,-5.62,28.89,50.39,-37.56,1
m,2022-10-14 16:46:43.988146,0.19,-0.39,0.81,2.99,4.82,-5.19,28.89,50.39,-37.56,1
m,2022-10-14 16:46:44.005828,0.20,-0.40,0.84,7.08,1.16,-4.15,28.89,50.39,-37.56,1
m,2022-10-14 16:46:44.025156,0.16,-0.38,0.79,7.45,1.77,-1.71,29.81,48.96,-38.68,1
m,2022-10-14 16:46:44.043041,0.18,-0.39,0.80,6.71,1.65,-2.50,29.81,48.96,-38.68,1
m,2022-10-14 16:46:44.061514,0.19,-0.39,0.80,6.77,1.53,-4.21,29.81,48.96,-38.68,1
m,2022-10-14 16:46:44.080293,0.17,-0.41,0.80,6.47,1.59,-4.82,31.02,49.37,-39.47,1
m,2022-10-14 16:46:44.097661,0.18,-0.43,0.76,3.48,2.62,-6.04,31.02,49.37,-39.47,1
m,2022-10-14 16:46:44.115639,0.18,-0.42,0.77,2.32,1.59,-4.88,31.02,49.37,-39.47,1
m,2022-10-14 16:46:44.134791,0.16,-0.40,0.77,3.85,1.40,-5.07,32.47,48.57,-39.93,1
m,2022-10-14 16:46:44.153658,0.16,-0.37,0.77,1.89,-0.06,-7.32,32.47,48.57,-39.93,1
m,2022-10-14 16:46:44.174640,0.18,-0.35,0.76,1.95,-1.53,-12.88,33.51,49.35,-38.99,1
m,2022-10-14 16:46:44.192053,0.17,-0.43,0.78,11.05,-1.89,-8.67,33.51,49.35,-38.99,1
m,2022-10-14 16:46:44.210578,0.17,-0.47,0.77,12.08,-0.31,-6.90,33.51,49.35,-38.99,1
m,2022-10-14 16:46:44.229499,0.19,-0.45,0.75,14.71,-0.73,-4.70,34.70,50.72,-40.48,1
m,2022-10-14 16:46:44.247655,0.17,-0.49,0.78,14.16,-2.87,-6.77,34.70,50.72,-40.48,1
m,2022-10-14 16:46:44.266656,0.18,-0.47,0.75,12.57,-3.36,-8.54,34.70,50.72,-40.48,1
m,2022-10-14 16:46:44.285629,0.19,-0.54,0.78,13.12,-5.37,-8.67,35.16,52.58,-39.42,1
m,2022-10-14 16:46:44.304417,0.18,-0.50,0.81,14.77,-4.15,-4.09,35.16,52.58,-39.42,1
m,2022-10-14 16:46:44.322643,0.20,-0.54,0.82,14.22,-3.36,-3.78,35.72,55.66,-39.01,1
m,2022-10-14 16:46:44.340641,0.22,-0.55,0.87,10.31,-3.23,-4.46,35.72,55.66,-39.01,1
m,2022-10-14 16:46:44.359632,0.21,-0.51,0.87,7.39,-0.98,-4.58,35.72,55.66,-39.01,1
m,2022-10-14 16:46:44.378991,0.24,-0.57,0.93,7.57,-1.22,-5.19,34.73,57.74,-39.76,1
m,2022-10-14 16:46:44.396239,0.24,-0.55,0.94,5.07,-1.83,-2.26,34.73,57.74,-39.76,1
m,2022-10-14 16:46:44.413646,0.24,-0.58,0.95,1.83,-2.44,-1.22,34.73,57.74,-39.76,1
m,2022-10-14 16:46:44.433093,0.21,-0.58,0.91,0.37,-2.56,-0.18,34.12,59.25,-38.62,1
m,2022-10-14 16:46:44.450483,0.11,-0.63,0.93,-3.05,-3.97,-3.48,34.12,59.25,-38.62,1
m,2022-10-14 16:46:44.470329,-0.03,-0.79,1.02,0.24,3.72,13.06,33.64,60.12,-37.49,1
m,2022-10-14 16:46:44.488009,0.02,-0.90,0.86,15.81,25.39,10.19,33.64,60.12,-37.49,1
