m,2022-10-14 16:47:24.159369,0.12,-0.43,0.88,1.28,12.08,2.20,11.73,51.14,-36.68,1
m,2022-10-14 16:47:24.178546,0.15,-0.43,0.85,-2.26,9.64,1.65,11.73,51.14,-36.68,1
m,2022-10-14 16:47:24.196145,0.13,-0.40,0.85,-5.80,6.84,-0.55,11.73,51.14,-36.68,1
m,2022-10-14 16:47:24.215538,0.11,-0.40,0.86,-6.29,5.37,-2.56,12.51,52.16,-38.29,1
m,2022-10-14 16:47:24.233055,0.12,-0.41,0.85,-4.52,4.09,0.49,12.51,52.16,-38.29,1
m,2022-10-14 16:47:24.251680,0.12,-0.44,0.85,4.58,1.71,5.55,12.33,52.69,-39.21,1
m,2022-10-14 16:47:24.270077,0.09,-0.44,0.85,1.04,-0.37,5.92,12.33,52.69,-39.21,1
m,2022-10-14 16:47:24.288390,0.08,-0.44,0.87,-1.89,-1.89,4.94,12.33,52.69,-39.21,1
m,2022-10-14 16:47:24.307647,0.05,-0.42,0.90,-5.00,-2.44,3.60,12.73,53.15,-39.86,1
m,2022-10-14 16:47:24.325540,0.04,-0.35,0.91,-0.73,1.22,1.77,12.73,53.15,-39.86,1
m,2022-10-14 16:47:24.343796,0.05,-0.40,0.91,1.95,4.15,-0.31,12.73,53.15,-39.86,1
m,2022-10-14 16:47:24.362003,0.07,-0.40,0.88,5.25,6.90,2.14,12.66,53.70,-40.26,1
m,2022-10-14 16:47:24.379446,0.08,-0.41,0.88,2.20,5.25,-0.24,12.66,53.70,-40.26,1
m,2022-10-14 16:47:24.398647,0.06,-0.38,0.92,-0.98,7.02,-3.17,12.66,53.70,-40.26,1
m,2022-10-14 16:47:24.417173,0.08,-0.38,0.90,0.49,11.11,-3.42,12.74,53.87,-41.69,1
m,2022-10-14 16:47:24.436386,0.11,-0.41,0.86,3.30,11.29,-1.95,12.74,53.87,-41.69,1
m,2022-10-14 16:47:24.453739,0.13,-0.41,0.87,4.64,8.18,0.49,14.07,53.85,-42.08,1
m,2022-10-14 16:47:24.472493,0.15,-0.40,0.84,2.20,2.38,0.79,14.07,53.85,-42.08,1
m,2022-10-14 16:47:24.490496,-0.01,-0.34,0.91,-3.36,-1.34,-3.66,14.07,53.85,-42.08,1
m,2022-10-14 16:47:24.509717,0.10,-0.38,0.90,7.69,3.17,-1.89,14.12,54.41,-42.29,1
m,2022-10-14 16:47:24.526639,0.10,-0.38,0.85,2.69,4.09,-0.73,14.12,54.41,-42.29,1
m,2022-10-14 16:47:24.545584,0.11,-0.40,0.86,1.46,0.67,-1.59,14.12,54.41,-42.29,1
m,2022-10-14 16:47:24.564235,0.11,-0.42,0.88,-4.03,-3.11,-4.09,14.56,54.26,-41.83,1
m,2022-10-14 16:47:24.582220,0.11,-0.43,0.90,-4.88,-4.64,-4.15,14.56,54.26,-41.83,1
m,2022-10-14 16:47:24.601842,0.12,-0.42,0.90,-4.88,-5.00,-4.39,13.94,54.32,-42.41,1
m,2022-10-14 16:47:24.618851,0.12,-0.41,0.91,-5.00,-3.17,-5.13,13.94,54.32,-42.41,1
m,2022-10-14 16:47:24.637221,0.12,-0.38,0.93,-4.46,1.95,-3.60,13.94,54.32,-42.41,1
m,2022-10-14 16:47:24.656019,0.12,-0.38,0.91,-0.37,3.66,-1.04,14.79,54.58,-42.66,1
m,2022-10-14 16:47:24.674012,0.12,-0.37,0.92,1.89,3.23,-0.49,14.79,54.58,-42.66,1
m,2022-10-14 16:47:24.692297,0.13,-0.37,0.91,1.40,2.50,-1.10,14.79,54.58,-42.66,1
m,2022-10-14 16:47:24.711693,0.12,-0.36,0.88,-2.20,1.77,-3.36,15.33,54.91,-41.43,1
m,2022-10-14 16:47:24.729412,0.10,-0.36,0.86,0.00,-0.12,-4.09,15.33,54.91,-41.43,1
m,2022-10-14 16:47:24.747552,0.10,-0.34,0.84,1.46,-0.37,-4.15,15.33,54.91,-41.43,1
m,2022-10-14 16:47:24.766625,0.09,-0.36,0.82,3.30,-0.49,-4.33,16.52,55.79,-40.55,1
m,2022-10-14 16:47:24.784578,0.08,-0.38,0.81,2.81,-1.10,-3.54,16.52,55.79,-40.55,1
m,2022-10-14 16:47:24.804287,0.08,-0.36,0.81,3.54,-1.71,-1.65,15.89,56.30,-39.50,1
m,2022-10-14 16:47:24.822478,0.07,-0.40,0.80,6.41,-4.21,-1.83,15.89,56.30,-39.50,1
m,2022-10-14 16:47:24.840240,0.07,-0.41,0.80,7.93,-5.55,-1.71,15.89,56.30,-39.50,1
m,2022-10-14 16:47:24.859643,0.08,-0.41,0.81,5.43,-6.71,-4.58,16.28,55.36,-39.44,1
m,2022-10-14 16:47:24.877580,0.07,-0.41,0.83,0.73,-8.54,-7.08,16.28,55.36,-39.44,1
m,2022-10-14 16:47:24.895103,0.08,-0.40,0.84,0.06,-9.16,-7.93,16.28,55.36,-39.44,1
m,2022-10-14 16:47:24.915106,0.08,-0.41,0.86,0.49,-9.46,-8.97,15.53,53.70,-38.20,1
m,2022-10-14 16:47:24.934145,0.08,-0.40,0.87,2.99,-9.16,-8.06,15.53,53.70,-38.20,1
m,2022-10-14 16:47:24.952000,0.08,-0.44,0.89,5.13,-8.79,-6.41,15.23,52.11,-36.13,1
m,2022-10-14 16:47:24.970107,0.08,-0.45,0.90,4.94,-9.16,-7.02,15.23,52.11,-36.13,1
m,2022-10-14 16:47:24.988787,0.08,-0.44,0.91,3.85,-9.22,-6.35,15.23,52.11,-36.13,1
m,2022-10-14 16:47:25.006626,0.09,-0.44,0.93,2.01,-8.30,-6.84,15.31,51.27,-35.19,1
m,2022-10-14 16:47:25.024702,0.09,-0.45,0.93,0.18,-7.02,-6.29,15.31,51.27,-35.19,1
m,2022-10-14 16:47:25.044635,0.09,-0.43,0.96,0.67,-7.32,-5.25,15.31,51.27,-35.19,1
m,2022-10-14 16:47:25.063541,0.09,-0.46,0.97,3.05,-7.57,-4.76,14.73,50.71,-34.06,1
m,2022-10-14 16:47:25.081439,0.09,-0.45,0.97,2.26,-6.77,-2.69,14.73,50.71,-34.06,1
m,2022-10-14 16:47:25.099493,0.08,-0.47,0.97,-0.31,-4.52,-0.98,14.48,50.29,-33.15,1
m,2022-10-14 16:47:25.118525,0.08,-0.44,0.93,-2.75,-4.76,-3.23,14.48,50.29,-33.15,1
m,2022-10-14 16:47:25.137142,0.07,-0.41,0.92,-1.59,-10.31,-7.20,14.48,50.29,-33.15,1
m,2022-10-14 16:47:25.154657,0.08,-0.44,0.98,3.11,-15.14,-9.40,14.44,50.17,-33.98,1
m,2022-10-14 16:47:25.172603,0.06,-0.46,0.96,-14.28,0.00,-2.26,14.44,50.17,-33.98,1
m,2022-10-14 16:47:25.190492,0.07,-0.44,0.97,-9.89,3.42,1.53,14.44,50.17,-33.98,1
m,2022-10-14 16:47:25.209457,0.08,-0.43,0.98,-7.51,5.37,1.77,14.70,50.38,-34.52,1
m,2022-10-14 16:47:25.227339,0.07,-0.46,0.99,-5.37,5.86,1.77,14.70,50.38,-34.52,1
m,2022-10-14 16:47:25.246627,0.09,-0.45,1.00,-8.00,7.57,3.42,14.70,50.38,-34.52,1
m,2022-10-14 16:47:25.265521,0.08,-0.41,0.97,-11.54,8.85,4.94,15.44,52.16,-35.93,1
m,2022-10-14 16:47:25.282707,0.09,-0.37,0.94,-10.13,8.79,5.80,15.44,52.16,-35.93,1
m,2022-10-14 16:47:25.301649,0.08,-0.36,0.90,-9.46,7.45,3.17,15.80,53.97,-37.62,1
m,2022-10-14 16:47:25.319616,0.07,-0.31,0.86,-10.19,6.84,0.43,15.80,53.97,-37.62,1
m,2022-10-14 16:47:25.338992,0.06,-0.26,0.85,-5.43,4.52,-1.89,15.80,53.97,-37.62,1
m,2022-10-14 16:47:25.357241,0.06,-0.22,0.78,-1.04,2.56,-2.75,16.43,56.65,-37.06,1
m,2022-10-14 16:47:25.375527,0.04,-0.22,0.76,1.46,0.61,-5.62,16.43,56.65,-37.06,1
m,2022-10-14 16:47:25.393033,0.04,-0.24,0.75,6.84,1.28,-5.37,16.43,56.65,-37.06,1
m,2022-10-14 16:47:25.411422,0.04,-0.26,0.75,11.23,4.03,-3.36,17.02,58.35,-36.25,1
m,2022-10-14 16:47:25.430943,0.03,-0.34,0.75,16.42,3.97,-1.34,17.02,58.35,-36.25,1
m,2022-10-14 16:47:25.450460,0.03,-0.37,0.75,12.21,0.00,-5.31,17.04,58.65,-34.39,1
m,2022-10-14 16:47:25.468386,0.03,-0.38,0.76,6.65,-5.43,-9.34,17.04,58.65,-34.39,1
m,2022-10-14 16:47:25.486124,0.03,-0.37,0.77,4.70,-11.29,-12.39,17.04,58.65,-34.39,1
m,2022-10-14 16:47:25.505286,0.02,-0.41,0.79,10.13,-10.99,-7.93,16.87,58.69,-32.81,1
m,2022-10-14 16:47:25.524357,0.03,-0.42,0.80,17.64,-10.44,-5.00,16.87,58.69,-32.81,1
m,2022-10-14 16:47:25.542089,0.04,-0.47,0.82,18.68,-10.01,-4.58,16.87,58.69,-32.81,1
m,2022-10-14 16:47:25.560494,0.04,-0.46,0.86,13.73,-12.33,-8.42,16.67,56.95,-30.48,1
m,2022-10-14 16:47:25.579440,0.04,-0.52,0.89,9.52,-11.35,-6.53,16.67,56.95,-30.48,1
m,2022-10-14 16:47:25.598982,0.05,-0.48,0.94,5.19,-10.86,-6.90,16.59,54.87,-28.63,1
m,2022-10-14 16:47:25.615865,0.06,-0.50,0.98,5.07,-8.30,-5.80,16.59,54.87,-28.63,1
m,2022-10-14 16:47:25.635240,0.07,-0.49,1.01,4.76,-2.81,-3.23,16.59,54.87,-28.63,1
m,2022-10-14 16:47:25.654261,0.09,-0.52,1.06,6.35,-0.55,-2.14,17.82,54.25,-28.31,1
m,2022-10-14 16:47:25.671650,0.09,-0.52,1.08,1.34,-0.24,-4.03,17.82,54.25,-28.31,1
m,2022-10-14 16:47:25.690651,0.08,-0.44,0.99,-4.76,-1.16,-6.53,17.82,54.25,-28.31,1
m,2022-10-14 16:47:25.709368,0.07,-0.42,0.96,0.79,-10.68,-12.82,17.26,53.53,-27.40,1
m,2022-10-14 16:47:25.727386,0.05,-0.42,0.99,-8.24,3.78,2.50,17.26,53.53,-27.40,1
m,2022-10-14 16:47:25.746402,0.08,-0.45,0.99,-3.48,5.80,3.91,17.26,53.53,-27.40,1
m,2022-10-14 16:47:25.764617,0.07,-0.46,0.98,-5.07,5.92,2.26,16.80,54.31,-27.67,1
m,2022-10-14 16:47:25.781925,0.06,-0.42,0.96,-7.45,6.10,1.04,16.80,54.31,-27.67,1
m,2022-10-14 16:47:25.801867,0.07,-0.41,0.95,-12.51,5.43,-2.01,17.71,56.05,-29.22,1
m,2022-10-14 16:47:25.819829,0.06,-0.37,0.92,-14.40,6.53,-1.16,17.71,56.05,-29.22,1
m,2022-10-14 16:47:25.838615,0.05,-0.34,0.90,-9.46,7.87,1.59,17.71,56.05,-29.22,1
m,2022-10-14 16:47:25.858203,0.06,-0.32,0.86,-3.72,7.93,1.28,17.03,58.01,-30.37,1
m,2022-10-14 16:47:25.876003,0.05,-0.29,0.84,-0.24,7.51,1.89,17.03,58.01,-30.37,1
m,2022-10-14 16:47:25.894143,0.05,-0.30,0.81,3.05,5.31,0.18,17.03,58.01,-30.37,1
m,2022-10-14 16:47:25.913683,0.03,-0.32,0.78,2.69,3.30,-2.14,16.99,60.80,-29.72,1
m,2022-10-14 16:47:25.932607,0.02,-0.34,0.74,6.47,0.98,-0.24,16.99,60.80,-29.72,1
m,2022-10-14 16:47:25.951644,0.03,-0.36,0.74,9.46,-0.49,-0.49,16.17,62.48,-28.05,1
m,2022-10-14 16:47:25.969567,0.02,-0.36,0.73,1.46,-0.92,-5.74,16.17,62.48,-28.05,1
m,2022-10-14 16:47:25.987994,0.02,-0.34,0.74,-0.85,-1.22,-9.03,16.17,62.48,-28.05,1
m,2022-10-14 16:47:26.007094,0.01,-0.34,0.74,6.41,-4.27,-8.61,15.09,63.37,-28.14,1
m,2022-10-14 16:47:26.025730,0.00,-0.39,0.75,10.07,-6.29,-8.12,15.09,63.37,-28.14,1
m,2022-10-14 16:47:26.042706,0.01,-0.40,0.76,9.40,-8.12,-10.74,15.09,63.37,-28.14,1
m,2022-10-14 16:47:26.062642,0.01,-0.40,0.76,9.83,-9.34,-11.84,14.07,64.05,-26.70,1
m,2022-10-14 16:47:26.081730,0.01,-0.40,0.79,10.07,-12.08,-14.59,14.07,64.05,-26.70,1
m,2022-10-14 16:47:26.099457,0.02,-0.43,0.84,13.31,-12.08,-14.10,14.71,63.37,-23.17,1
m,2022-10-14 16:47:26.118289,0.03,-0.43,0.88,19.84,-9.40,-10.25,14.71,63.37,-23.17,1
m,2022-10-14 16:47:26.136949,0.03,-0.53,0.91,24.41,-8.79,-8.30,14.71,63.37,-23.17,1
m,2022-10-14 16:47:26.155569,0.04,-0.52,0.97,10.93,-5.25,-11.66,14.50,61.16,-20.81,1
m,2022-10-14 16:47:26.173658,0.04,-0.59,1.03,8.36,-4.70,-8.42,14.50,61.16,-20.81,1
m,2022-10-14 16:47:26.192574,0.05,-0.58,1.05,5.25,-4.27,-4.52,14.50,61.16,-20.81,1
m,2022-10-14 16:47:26.211462,0.05,-0.60,1.05,3.23,-4.88,-1.40,15.59,60.69,-19.32,1
m,2022-10-14 16:47:26.228650,0.04,-0.55,0.99,-2.99,-6.53,2.01,15.59,60.69,-19.32,1
m,2022-10-14 16:47:26.248631,0.02,-0.48,0.93,-5.49,-13.73,-2.50,15.49,60.17,-19.38,1
m,2022-10-14 16:47:26.267586,0.03,-0.51,1.04,-5.49,-18.19,-7.57,15.49,60.17,-19.38,1
m,2022-10-14 16:47:26.285203,-0.18,-0.44,1.00,-26.12,7.75,0.24,15.49,60.17,-19.38,1
m,2022-10-14 16:47:26.305394,-0.23,-0.45,1.00,-1.71,18.86,-6.53,14.43,61.24,-20.39,1
m,2022-10-14 16:47:26.322427,-0.19,-0.57,0.97,1.28,27.34,-9.77,14.43,61.24,-20.39,1
m,2022-10-14 16:47:26.339668,-0.12,-0.53,0.90,1.04,31.74,-3.05,14.43,61.24,-20.39,1
m,2022-10-14 16:47:26.359177,-0.08,-0.55,0.84,3.23,31.98,0.06,13.27,62.07,-22.57,1
m,2022-10-14 16:47:26.376430,-0.05,-0.60,0.75,12.15,28.99,12.15,13.27,62.07,-22.57,1
