X,2022-10-31 14:46:23.756181,-0.13,-0.13,0.79,15.75,22.46,-34.36,2.51,2.38,-94.53,1
X,2022-10-31 14:46:23.774483,-0.14,-0.19,0.79,11.11,21.73,-37.48,2.51,2.38,-94.53,1
X,2022-10-31 14:46:23.791532,-0.13,-0.25,0.79,4.64,18.01,-39.31,2.51,2.38,-94.53,1
X,2022-10-31 14:46:23.810958,-0.14,-0.34,0.76,-2.81,10.07,-31.62,2.87,6.86,-90.49,1
X,2022-10-31 14:46:23.829335,-0.10,-0.40,0.68,-5.31,3.78,-19.96,2.87,6.86,-90.49,1
X,2022-10-31 14:46:23.847729,-0.08,-0.42,0.56,-12.70,-6.16,-10.50,3.66,8.95,-87.10,1
X,2022-10-31 14:46:23.865993,-0.48,-0.50,0.73,-25.39,-19.71,-2.32,3.66,8.95,-87.10,1
X,2022-10-31 14:46:23.884294,-0.24,0.03,1.05,57.19,30.46,13.67,3.66,8.95,-87.10,1
X,2022-10-31 14:46:23.903427,-0.15,-0.41,0.60,13.55,-3.72,-2.14,4.20,8.96,-88.79,1
X,2022-10-31 14:46:23.920693,-0.21,-0.29,0.66,-20.08,-18.68,-5.31,4.20,8.96,-88.79,1
X,2022-10-31 14:46:23.938694,-0.19,-0.32,0.59,-15.20,-36.74,7.63,4.20,8.96,-88.79,1
X,2022-10-31 14:46:23.958798,-0.20,-0.31,0.56,-27.71,-47.97,12.63,4.43,5.92,-91.21,1
X,2022-10-31 14:46:23.977586,-0.21,-0.19,0.64,-19.23,-57.98,19.65,4.43,5.92,-91.21,1
X,2022-10-31 14:46:23.995440,-0.21,-0.15,0.68,-8.12,-58.17,15.32,4.43,5.92,-91.21,1
X,2022-10-31 14:46:24.014619,-0.26,-0.14,0.80,2.08,-61.71,11.41,5.03,-1.72,-93.32,1
X,2022-10-31 14:46:24.032119,-0.29,-0.08,1.01,7.93,-63.78,8.61,5.03,-1.72,-93.32,1
X,2022-10-31 14:46:24.051338,-0.33,-0.07,1.19,-1.77,-54.14,5.86,4.26,-13.22,-96.03,1
X,2022-10-31 14:46:24.068758,-0.34,-0.10,1.19,-3.97,-52.00,11.41,4.26,-13.22,-96.03,1
X,2022-10-31 14:46:24.087209,-0.44,-0.10,1.42,-6.04,-55.30,17.58,4.26,-13.22,-96.03,1
X,2022-10-31 14:46:24.105493,-0.52,-0.05,1.63,-20.08,-33.94,15.08,4.52,-20.97,-96.06,1
X,2022-10-31 14:46:24.124338,-0.33,-0.05,1.21,-61.77,8.12,-3.78,4.52,-20.97,-96.06,1
X,2022-10-31 14:46:24.142598,-0.70,-0.18,1.79,-53.83,4.70,3.05,4.52,-20.97,-96.06,1
X,2022-10-31 14:46:24.161459,-0.61,0.02,1.49,-2.75,60.12,12.08,3.15,-21.25,-95.92,1
X,2022-10-31 14:46:24.178816,-0.34,-0.07,1.30,43.70,71.23,8.85,3.15,-21.25,-95.92,1
X,2022-10-31 14:46:24.198224,-0.25,-0.23,1.17,34.00,59.45,5.07,2.49,-13.07,-98.32,1
X,2022-10-31 14:46:24.216675,-0.18,-0.21,0.99,14.28,65.06,8.24,2.49,-13.07,-98.32,1
X,2022-10-31 14:46:24.234273,-0.16,-0.17,0.89,-0.67,62.81,8.48,2.49,-13.07,-98.32,1
X,2022-10-31 14:46:24.253307,-0.14,-0.19,0.80,-3.60,57.31,12.39,2.45,-4.88,-97.30,1
X,2022-10-31 14:46:24.270632,-0.13,-0.19,0.63,8.12,44.92,26.00,2.45,-4.88,-97.30,1
X,2022-10-31 14:46:24.288914,-0.08,-0.13,0.48,1.28,32.59,22.52,2.45,-4.88,-97.30,1
X,2022-10-31 14:46:24.307934,-0.10,-0.10,0.45,-14.04,18.98,13.85,3.15,-0.45,-96.35,1
X,2022-10-31 14:46:24.326162,-0.17,-0.02,0.50,-19.84,7.32,5.43,3.15,-0.45,-96.35,1
X,2022-10-31 14:46:24.344407,-0.13,-0.04,0.45,-11.29,4.46,-1.28,3.15,-0.45,-96.35,1
X,2022-10-31 14:46:24.363217,-0.05,-0.00,0.35,0.73,-7.69,-1.22,4.37,-0.18,-95.03,1
X,2022-10-31 14:46:24.380635,-0.32,0.22,0.93,37.60,-6.29,2.56,4.37,-0.18,-95.03,1
X,2022-10-31 14:46:24.399986,-0.11,0.33,0.39,111.82,4.70,13.18,4.81,-1.82,-97.34,1
X,2022-10-31 14:46:24.418492,-0.18,0.19,0.74,95.40,-21.97,-28.20,4.81,-1.82,-97.34,1
X,2022-10-31 14:46:24.436641,-0.19,0.07,0.81,91.61,-29.72,-45.41,4.81,-1.82,-97.34,1
X,2022-10-31 14:46:24.454749,-0.20,-0.12,0.80,67.81,-28.75,-58.35,5.62,-2.16,-94.48,1
X,2022-10-31 14:46:24.472999,-0.23,-0.30,0.80,34.24,-34.36,-70.74,5.62,-2.16,-94.48,1
X,2022-10-31 14:46:24.491475,-0.25,-0.43,0.86,2.26,-41.20,-71.90,5.62,-2.16,-94.48,1
X,2022-10-31 14:46:24.510583,-0.28,-0.46,0.96,3.05,-49.32,-51.82,8.79,-3.00,-88.10,1
X,2022-10-31 14:46:24.528928,-0.44,-0.66,1.29,35.34,-45.90,-26.37,8.79,-3.00,-88.10,1
X,2022-10-31 14:46:24.548370,-0.43,-0.78,1.28,58.96,-28.50,2.62,14.65,-3.58,-84.02,1
X,2022-10-31 14:46:24.565819,-0.44,-0.89,1.27,29.24,-9.77,9.28,14.65,-3.58,-84.02,1
X,2022-10-31 14:46:24.583872,-0.41,-0.89,1.24,-10.01,10.19,6.71,14.65,-3.58,-84.02,1
X,2022-10-31 14:46:24.602990,-0.66,-0.75,1.36,-75.13,0.31,-1.59,15.82,-4.05,-83.44,1
X,2022-10-31 14:46:24.621203,-0.46,-0.53,1.20,-8.67,18.07,29.30,15.82,-4.05,-83.44,1
X,2022-10-31 14:46:24.638509,-0.34,-0.47,0.95,3.11,26.73,28.75,15.82,-4.05,-83.44,1
X,2022-10-31 14:46:24.657517,-0.35,-0.50,0.90,5.55,25.39,28.02,11.12,-4.14,-88.40,1
X,2022-10-31 14:46:24.675680,-0.31,-0.51,0.68,8.61,23.93,37.23,11.12,-4.14,-88.40,1
X,2022-10-31 14:46:24.693858,-0.26,-0.58,0.56,-3.72,16.66,36.19,11.12,-4.14,-88.40,1
X,2022-10-31 14:46:24.713183,-0.27,-0.63,0.49,-10.01,4.58,41.69,5.81,-5.49,-91.85,1
X,2022-10-31 14:46:24.731516,-0.25,-0.61,0.43,-18.01,-5.25,48.71,5.81,-5.49,-91.85,1
X,2022-10-31 14:46:24.750847,-0.25,-0.57,0.39,-40.28,-21.42,51.15,-1.31,-10.14,-100.52,1
