Z,2022-10-29 11:44:53.925124,0.08,-0.66,0.66,-32.35,-5.25,22.16,79.98,57.06,-133.54,1
Z,2022-10-29 11:44:53.942922,0.02,-0.47,0.75,-55.42,-6.35,8.79,79.98,57.06,-133.54,1
Z,2022-10-29 11:44:53.961937,-0.02,-0.39,0.79,-61.22,-7.26,-2.01,79.98,57.06,-133.54,1
Z,2022-10-29 11:44:53.980023,-0.01,-0.27,0.85,-55.11,-10.62,-3.05,86.80,50.96,-136.84,1
Z,2022-10-29 11:44:53.997726,-0.02,-0.14,0.91,-28.87,-18.37,-3.78,86.80,50.96,-136.84,1
Z,2022-10-29 11:44:54.016643,0.00,0.03,1.06,16.72,-8.06,4.21,86.80,50.96,-136.84,1
Z,2022-10-29 11:44:54.035233,-0.11,-0.27,0.97,98.57,-17.58,10.38,89.88,50.78,-137.74,1
Z,2022-10-29 11:44:54.053488,-0.10,-0.16,1.08,10.80,-0.67,-25.21,89.88,50.78,-137.74,1
Z,2022-10-29 11:44:54.071947,-0.06,-0.24,1.03,9.89,14.83,-41.99,84.33,60.30,-133.78,1
Z,2022-10-29 11:44:54.089962,-0.02,-0.38,0.86,30.15,18.49,-36.74,84.33,60.30,-133.78,1
Z,2022-10-29 11:44:54.107964,-0.01,-0.63,0.68,57.86,10.62,-27.16,84.33,60.30,-133.78,1
Z,2022-10-29 11:44:54.126716,-0.02,-0.84,0.59,62.38,0.98,-14.77,74.13,72.42,-126.88,1
Z,2022-10-29 11:44:54.145469,-0.03,-0.94,0.49,51.94,-4.76,-5.19,74.13,72.42,-126.88,1
Z,2022-10-29 11:44:54.163467,-0.04,-0.98,0.49,3.97,-5.19,-7.69,74.13,72.42,-126.88,1
Z,2022-10-29 11:44:54.181798,-0.06,-0.76,0.43,-31.37,0.12,-16.66,69.46,76.53,-126.71,1
Z,2022-10-29 11:44:54.199905,-0.03,-0.72,0.35,-50.35,-14.59,-28.14,69.46,76.53,-126.71,1
Z,2022-10-29 11:44:54.217903,-0.02,-0.77,0.36,-26.73,-47.00,-11.96,69.46,76.53,-126.71,1
Z,2022-10-29 11:44:54.237641,-0.04,-0.75,0.48,3.42,-92.16,21.18,70.02,75.39,-134.59,1
Z,2022-10-29 11:44:54.254640,-0.11,-0.65,0.70,5.62,-94.18,24.90,70.02,75.39,-134.59,1
Z,2022-10-29 11:44:54.274547,-0.17,-0.50,0.81,-25.21,-75.87,14.04,71.66,69.73,-152.77,1
Z,2022-10-29 11:44:54.292544,-0.19,-0.37,0.98,-47.42,-55.11,0.37,71.66,69.73,-152.77,1
Z,2022-10-29 11:44:54.309741,-0.24,-0.21,1.26,-49.62,-23.56,-6.47,71.66,69.73,-152.77,1
Z,2022-10-29 11:44:54.328879,-0.26,-0.08,1.46,-8.06,-5.86,-3.30,67.29,65.37,-164.53,1
Z,2022-10-29 11:44:54.346660,-0.17,-0.10,1.23,37.48,6.59,6.59,67.29,65.37,-164.53,1
Z,2022-10-29 11:44:54.365227,-0.22,-0.16,1.20,70.50,-7.81,4.82,67.29,65.37,-164.53,1
Z,2022-10-29 11:44:54.384226,-0.26,-0.23,1.16,65.92,-4.70,-10.99,63.66,71.46,-160.08,1
Z,2022-10-29 11:44:54.401811,-0.22,-0.33,0.93,51.03,21.61,-25.94,63.66,71.46,-160.08,1
Z,2022-10-29 11:44:54.420810,-0.16,-0.44,0.83,60.12,24.35,-28.38,57.74,83.08,-151.14,1
Z,2022-10-29 11:44:54.439145,-0.16,-0.53,0.75,73.00,21.79,-30.76,57.74,83.08,-151.14,1
Z,2022-10-29 11:44:54.457363,-0.16,-0.72,0.63,64.64,20.26,-34.18,57.74,83.08,-151.14,1
Z,2022-10-29 11:44:54.476373,-0.14,-0.94,0.52,46.26,11.90,-31.31,47.35,92.43,-138.38,1
Z,2022-10-29 11:44:54.494369,-0.13,-1.21,0.37,16.48,2.14,-19.10,47.35,92.43,-138.38,1
Z,2022-10-29 11:44:54.511589,-0.14,-1.22,0.38,5.43,-10.13,6.23,47.35,92.43,-138.38,1
Z,2022-10-29 11:44:54.531173,-0.22,-0.85,0.60,-36.25,-7.02,9.46,43.51,93.64,-137.65,1
Z,2022-10-29 11:44:54.549178,-0.22,-0.71,0.75,-84.47,13.61,-13.43,43.51,93.64,-137.65,1
