D,2022-10-19 10:34:21.686504,0.28,-0.57,0.72,-14.28,4.52,-5.80,-22.53,-23.74,-140.58,1
D,2022-10-19 10:34:21.707802,0.27,-0.59,0.69,-9.95,0.12,-1.34,-16.94,-24.79,-142.57,1
D,2022-10-19 10:34:21.726823,0.29,-0.59,0.67,-11.47,-2.50,1.83,-16.94,-24.79,-142.57,1
D,2022-10-19 10:34:21.736815,0.29,-0.56,0.69,-18.31,-7.39,2.14,-16.94,-24.79,-142.57,1
D,2022-10-19 10:34:21.756808,0.28,-0.50,0.69,-19.59,-9.58,2.20,-14.64,-25.16,-144.36,1
D,2022-10-19 10:34:21.777030,0.26,-0.50,0.71,-18.55,-12.45,-1.40,-14.64,-25.16,-144.36,1
D,2022-10-19 10:34:21.797122,0.26,-0.44,0.77,-23.86,-10.44,-4.15,-15.00,-27.06,-146.89,1
D,2022-10-19 10:34:21.818150,0.27,-0.38,0.72,-30.76,-2.14,-17.09,-15.00,-27.06,-146.89,1
D,2022-10-19 10:34:21.837155,0.29,-0.42,0.69,-30.15,-6.71,-22.58,-15.00,-27.06,-146.89,1
D,2022-10-19 10:34:21.857150,0.26,-0.43,0.68,-25.57,-15.87,-18.92,-16.71,-29.87,-150.26,1
D,2022-10-19 10:34:21.877149,0.23,-0.38,0.72,-22.95,-22.77,-15.99,-16.71,-29.87,-150.26,1
D,2022-10-19 10:34:21.897136,0.25,-0.43,0.88,7.02,30.40,8.18,-16.71,-29.87,-150.26,1
D,2022-10-19 10:34:21.907262,0.17,-0.46,0.72,-4.52,23.38,7.51,-19.21,-34.12,-152.54,1
D,2022-10-19 10:34:21.927371,0.22,-0.49,0.85,-4.21,-15.99,-18.80,-19.21,-34.12,-152.54,1
D,2022-10-19 10:34:21.947521,0.18,-0.38,0.73,0.98,-11.78,-23.19,-21.07,-35.83,-151.48,1
D,2022-10-19 10:34:21.967916,0.18,-0.36,0.76,0.85,-15.32,-22.22,-21.07,-35.83,-151.48,1
D,2022-10-19 10:34:21.988002,0.14,-0.35,0.75,13.06,-15.99,-13.79,-21.07,-35.83,-151.48,1
D,2022-10-19 10:34:22.009095,0.18,-0.37,0.76,24.23,-26.06,-14.71,-23.29,-38.16,-146.61,1
D,2022-10-19 10:34:22.028289,0.15,-0.44,0.77,25.51,-24.11,-12.02,-23.29,-38.16,-146.61,1
D,2022-10-19 10:34:22.048359,0.25,-0.41,0.78,20.75,-22.22,-9.95,-27.31,-41.72,-140.42,1
D,2022-10-19 10:34:22.069013,0.19,-0.53,0.89,17.33,-23.50,-13.73,-27.31,-41.72,-140.42,1
D,2022-10-19 10:34:22.088560,0.21,-0.57,0.93,12.76,-10.19,-5.49,-27.31,-41.72,-140.42,1
D,2022-10-19 10:34:22.108554,0.22,-0.65,1.00,5.19,-5.13,-6.04,-27.70,-46.28,-131.96,1
D,2022-10-19 10:34:22.128546,0.23,-0.62,1.02,-4.33,3.66,-2.93,-27.70,-46.28,-131.96,1
D,2022-10-19 10:34:22.148735,0.24,-0.58,1.04,-11.47,-4.64,-5.86,-27.99,-48.78,-126.45,1
D,2022-10-19 10:34:22.168733,0.23,-0.55,1.09,-9.95,-6.96,-1.83,-27.99,-48.78,-126.45,1
D,2022-10-19 10:34:22.188725,0.18,-0.48,1.00,-6.71,-10.68,2.20,-27.99,-48.78,-126.45,1
D,2022-10-19 10:34:22.208721,0.29,-0.81,1.47,14.95,0.12,33.51,-28.05,-46.88,-125.56,1
D,2022-10-19 10:34:22.218726,0.19,-0.51,1.02,22.22,31.07,45.84,-28.05,-46.88,-125.56,1
D,2022-10-19 10:34:22.238716,0.19,-0.58,0.89,19.29,24.90,41.99,-28.05,-46.88,-125.56,1
D,2022-10-19 10:34:22.258704,0.19,-0.62,0.90,2.20,31.25,32.53,-24.89,-39.82,-131.15,1
D,2022-10-19 10:34:22.278732,0.19,-0.57,0.90,-23.50,44.37,20.45,-24.89,-39.82,-131.15,1
D,2022-10-19 10:34:22.298690,0.26,-0.46,0.77,-25.15,45.04,17.88,-20.25,-32.89,-135.90,1
D,2022-10-19 10:34:22.318685,0.36,-0.46,0.70,-10.80,27.34,15.87,-20.25,-32.89,-135.90,1
D,2022-10-19 10:34:22.329303,0.42,-0.44,0.66,-8.48,12.39,15.63,-20.25,-32.89,-135.90,1
D,2022-10-19 10:34:22.348828,0.42,-0.39,0.68,-17.27,-5.55,6.16,-18.32,-28.56,-140.59,1
D,2022-10-19 10:34:22.368822,0.31,-0.34,0.79,-20.63,-8.00,0.37,-18.32,-28.56,-140.59,1
D,2022-10-19 10:34:22.389744,0.29,-0.35,0.77,-18.68,-4.82,-1.83,-18.32,-28.56,-140.59,1
D,2022-10-19 10:34:22.409539,0.28,-0.29,0.79,-24.84,-3.11,-9.89,-18.84,-28.12,-142.40,1
D,2022-10-19 10:34:22.429643,0.23,-0.27,0.84,-31.37,0.55,-19.29,-18.84,-28.12,-142.40,1
D,2022-10-19 10:34:22.450173,0.20,-0.30,0.87,-22.28,5.49,-17.88,-18.58,-30.79,-147.91,1
D,2022-10-19 10:34:22.470178,0.22,-0.26,0.87,-12.21,3.30,-12.27,-18.58,-30.79,-147.91,1
D,2022-10-19 10:34:22.490170,0.21,-0.24,0.83,-2.87,-2.01,-16.66,-18.58,-30.79,-147.91,1
D,2022-10-19 10:34:22.510236,0.26,-0.36,0.92,45.10,-33.94,26.49,-15.65,-34.80,-148.60,1
D,2022-10-19 10:34:22.530157,0.16,-0.28,0.89,16.78,5.31,-9.83,-15.65,-34.80,-148.60,1
D,2022-10-19 10:34:22.550480,0.21,-0.32,0.80,-9.64,34.12,-42.60,-10.41,-35.67,-148.86,1
D,2022-10-19 10:34:22.570481,0.23,-0.21,0.89,-2.75,17.46,-39.31,-10.41,-35.67,-148.86,1
D,2022-10-19 10:34:22.590671,0.23,-0.26,0.88,10.93,16.66,-38.33,-10.41,-35.67,-148.86,1
D,2022-10-19 10:34:22.610705,0.23,-0.44,0.74,28.50,12.76,-21.12,-0.76,-36.01,-142.68,1
D,2022-10-19 10:34:22.630917,0.22,-0.46,0.75,28.14,1.28,-16.66,-0.76,-36.01,-142.68,1
D,2022-10-19 10:34:22.650927,0.21,-0.49,0.76,24.60,1.04,-28.44,5.65,-35.68,-136.66,1
D,2022-10-19 10:34:22.670917,0.23,-0.54,0.72,16.85,3.30,-34.00,5.65,-35.68,-136.66,1
D,2022-10-19 10:34:22.692198,0.21,-0.52,0.71,14.47,-1.28,-27.53,5.65,-35.68,-136.66,1
D,2022-10-19 10:34:22.712175,0.19,-0.52,0.69,15.44,-2.87,-22.40,9.64,-34.91,-129.31,1
D,2022-10-19 10:34:22.731763,0.18,-0.53,0.75,15.44,-6.16,-22.34,9.64,-34.91,-129.31,1
D,2022-10-19 10:34:22.751755,0.19,-0.60,0.76,19.23,-10.13,-19.47,11.62,-36.28,-126.53,1
D,2022-10-19 10:34:22.771743,0.20,-0.61,0.76,22.03,-16.05,-9.28,11.62,-36.28,-126.53,1
D,2022-10-19 10:34:22.791748,0.19,-0.63,0.74,17.76,-15.69,-7.93,12.48,-39.71,-119.69,1
D,2022-10-19 10:34:22.812417,0.21,-0.64,0.75,14.40,-16.36,-4.03,12.48,-39.71,-119.69,1
D,2022-10-19 10:34:22.832007,0.20,-0.64,0.75,13.24,-16.54,0.12,12.48,-39.71,-119.69,1
D,2022-10-19 10:34:22.852002,0.18,-0.64,0.79,14.77,-20.26,-2.08,12.40,-44.93,-118.98,1
D,2022-10-19 10:34:22.872004,0.20,-0.66,0.76,14.59,-19.65,-1.83,12.40,-44.93,-118.98,1
D,2022-10-19 10:34:22.892036,0.20,-0.68,0.77,10.56,-26.67,3.36,12.40,-44.93,-118.98,1
D,2022-10-19 10:34:22.912093,0.19,-0.63,0.80,8.12,-21.00,5.62,8.40,-49.94,-118.59,1
D,2022-10-19 10:34:22.922113,0.18,-0.60,0.82,4.27,-15.56,3.78,8.40,-49.94,-118.59,1
D,2022-10-19 10:34:22.943991,0.18,-0.59,0.86,-0.37,-9.16,2.87,1.28,-54.14,-120.08,1
D,2022-10-19 10:34:22.962792,0.21,-0.62,0.86,-1.77,-7.14,6.96,1.28,-54.14,-120.08,1
D,2022-10-19 10:34:22.982800,0.20,-0.61,0.85,0.24,-8.91,13.49,1.28,-54.14,-120.08,1
D,2022-10-19 10:34:23.003375,0.20,-0.62,0.84,1.89,-9.70,19.59,-8.48,-55.03,-122.16,1
D,2022-10-19 10:34:23.023816,0.18,-0.59,0.87,-1.89,-6.84,26.37,-8.48,-55.03,-122.16,1
D,2022-10-19 10:34:23.034031,0.19,-0.55,0.88,-7.69,-6.10,26.12,-8.48,-55.03,-122.16,1
D,2022-10-19 10:34:23.053582,0.18,-0.51,0.92,-14.47,-2.62,16.17,-20.47,-52.78,-123.27,1
D,2022-10-19 10:34:23.073551,0.17,-0.42,0.94,-18.92,-1.53,7.75,-20.47,-52.78,-123.27,1
D,2022-10-19 10:34:23.093561,0.17,-0.39,0.91,-14.04,-4.27,9.46,-30.90,-47.66,-124.83,1
D,2022-10-19 10:34:23.113537,0.16,-0.41,0.89,-9.09,-5.68,11.05,-30.90,-47.66,-124.83,1
D,2022-10-19 10:34:23.133534,0.17,-0.42,0.86,-9.34,-5.43,14.28,-30.90,-47.66,-124.83,1
D,2022-10-19 10:34:23.153793,0.13,-0.31,0.89,-8.36,-5.13,1.77,-36.73,-44.54,-127.65,1
D,2022-10-19 10:34:23.174197,0.14,-0.37,0.84,-2.20,-5.98,-6.84,-36.73,-44.54,-127.65,1
D,2022-10-19 10:34:23.194856,0.15,-0.42,0.83,0.79,-7.63,-9.22,-36.73,-44.54,-127.65,1
D,2022-10-19 10:34:23.214615,0.09,-0.49,0.82,9.09,0.18,-0.67,-37.01,-43.52,-125.96,1
D,2022-10-19 10:34:23.224611,-0.08,-0.57,0.76,16.24,13.43,7.93,-37.01,-43.52,-125.96,1
D,2022-10-19 10:34:23.244612,-0.02,-0.68,0.74,32.17,10.74,14.77,-35.31,-41.61,-127.45,1
D,2022-10-19 10:34:23.265377,0.00,-0.82,0.66,29.60,14.89,18.68,-35.31,-41.61,-127.45,1
D,2022-10-19 10:34:23.285098,0.02,-0.86,0.62,21.00,14.10,23.74,-35.31,-41.61,-127.45,1
D,2022-10-19 10:34:23.305098,0.08,-0.86,0.58,21.06,12.63,31.62,-31.81,-33.23,-123.35,1
D,2022-10-19 10:34:23.325324,0.18,-0.89,0.51,25.94,8.42,42.91,-31.81,-33.23,-123.35,1
D,2022-10-19 10:34:23.335364,0.27,-0.88,0.45,23.38,0.18,49.38,-31.81,-33.23,-123.35,1
D,2022-10-19 10:34:23.355350,0.34,-0.82,0.39,0.06,-6.96,47.49,-28.41,-20.04,-116.74,1
