h,2022-11-01 17:27:01.933054,-0.06,-0.50,0.76,-6.53,20.02,13.31,-87.41,88.12,-17.55,1
h,2022-11-01 17:27:01.952130,-0.09,-0.49,0.80,-11.84,25.63,18.37,-89.66,91.08,-20.67,1
h,2022-11-01 17:27:01.970209,-0.06,-0.48,0.78,-13.37,32.65,24.84,-89.66,91.08,-20.67,1
h,2022-11-01 17:27:01.988128,-0.10,-0.55,0.72,-19.59,33.08,27.89,-89.66,91.08,-20.67,1
h,2022-11-01 17:27:02.007014,-0.15,-0.55,0.65,-24.60,22.40,1.71,-92.58,95.56,-25.66,1
h,2022-11-01 17:27:02.025056,-0.15,-0.60,0.21,60.30,-0.18,17.15,-92.58,95.56,-25.66,1
h,2022-11-01 17:27:02.043069,-0.21,-0.49,0.27,3.48,38.57,19.90,-92.58,95.56,-25.66,1
h,2022-11-01 17:27:02.062090,-0.13,-0.76,0.84,-34.97,47.36,4.76,-92.36,96.20,-24.96,1
h,2022-11-01 17:27:02.080217,-0.07,-0.39,0.91,-42.85,-4.82,-39.86,-92.36,96.20,-24.96,1
h,2022-11-01 17:27:02.098342,-0.11,-0.28,0.79,-17.58,-55.79,-62.87,-92.36,96.20,-24.96,1
h,2022-11-01 17:27:02.117187,-0.14,-0.23,0.73,1.53,-79.28,-64.45,-95.41,91.44,-23.02,1
h,2022-11-01 17:27:02.135128,-0.23,-0.45,0.77,3.72,-72.20,-50.96,-95.41,91.44,-23.02,1
h,2022-11-01 17:27:02.154287,-0.23,-0.57,0.86,-1.46,-63.48,-40.83,-99.58,84.50,-12.87,1
h,2022-11-01 17:27:02.172266,-0.28,-0.60,0.89,-11.60,-56.15,-30.52,-99.58,84.50,-12.87,1
h,2022-11-01 17:27:02.190264,-0.34,-0.53,1.00,-30.58,-43.46,-17.88,-99.58,84.50,-12.87,1
h,2022-11-01 17:27:02.209149,-0.38,-0.36,1.19,-20.14,-0.12,10.86,-100.32,82.13,-10.06,1
h,2022-11-01 17:27:02.227163,-0.18,-0.56,1.74,-0.31,28.32,32.35,-100.32,82.13,-10.06,1
h,2022-11-01 17:27:02.244977,-0.21,-0.83,1.42,22.28,-22.40,17.82,-100.32,82.13,-10.06,1
h,2022-11-01 17:27:02.264191,-0.44,-0.30,0.83,21.06,-27.10,7.81,-100.48,83.26,-7.96,1
h,2022-11-01 17:27:02.282068,-0.32,-0.35,0.86,29.24,37.17,38.82,-100.48,83.26,-7.96,1
h,2022-11-01 17:27:02.300039,-0.22,-0.50,0.85,13.06,76.42,57.07,-100.48,83.26,-7.96,1
h,2022-11-01 17:27:02.319173,-0.15,-0.61,0.89,-1.28,74.83,41.87,-99.43,86.45,-13.89,1
h,2022-11-01 17:27:02.337054,-0.16,-0.47,0.81,-0.79,57.13,23.19,-99.43,86.45,-13.89,1
h,2022-11-01 17:27:02.356068,-0.16,-0.40,0.74,12.15,30.94,11.29,-99.62,88.18,-19.48,1
h,2022-11-01 17:27:02.374110,-0.17,-0.33,0.65,19.59,-0.06,5.80,-99.62,88.18,-19.48,1
h,2022-11-01 17:27:02.392178,-0.22,-0.21,0.39,31.37,-23.62,24.23,-99.62,88.18,-19.48,1
h,2022-11-01 17:27:02.410997,-0.20,-0.88,0.29,4.21,19.53,17.76,-100.21,89.45,-17.61,1
h,2022-11-01 17:27:02.429120,-0.13,-0.31,0.89,-37.60,37.23,-27.65,-100.21,89.45,-17.61,1
h,2022-11-01 17:27:02.447051,-0.13,-0.27,0.95,-23.93,4.82,-38.76,-100.21,89.45,-17.61,1
h,2022-11-01 17:27:02.466345,-0.12,-0.29,0.87,-0.43,-27.71,-49.68,-103.67,84.46,-20.31,1
h,2022-11-01 17:27:02.484076,-0.15,-0.38,0.78,25.94,-60.12,-69.03,-103.67,84.46,-20.31,1
h,2022-11-01 17:27:02.503167,-0.23,-0.54,0.88,35.58,-75.62,-74.04,-111.02,74.54,-11.65,1
h,2022-11-01 17:27:02.521042,-0.34,-0.62,0.88,33.02,-79.90,-66.83,-111.02,74.54,-11.65,1
h,2022-11-01 17:27:02.539056,-0.48,-0.63,0.98,7.26,-63.90,-41.02,-111.02,74.54,-11.65,1
h,2022-11-01 17:27:02.558302,-0.53,-0.51,1.13,-23.01,-31.37,-2.69,-113.64,70.26,-4.54,1
h,2022-11-01 17:27:02.576212,-0.29,-0.80,1.40,-15.63,-24.11,26.49,-113.64,70.26,-4.54,1
h,2022-11-01 17:27:02.594079,-0.85,-0.38,1.14,-12.33,27.10,27.04,-113.64,70.26,-4.54,1
h,2022-11-01 17:27:02.613194,-0.37,-0.36,1.08,42.79,64.51,40.65,-112.57,71.56,-8.28,1
h,2022-11-01 17:27:02.630901,-0.22,-0.66,0.96,57.31,64.88,52.67,-112.57,71.56,-8.28,1
h,2022-11-01 17:27:02.648992,-0.18,-0.72,0.91,36.50,54.44,39.98,-112.57,71.56,-8.28,1
