m,2022-10-16 18:53:01.048432,-0.11,0.31,1.21,-4.70,-7.08,-6.71,52.44,41.39,-15.17,1
m,2022-10-16 18:53:01.067151,0.24,0.29,0.89,73.18,-3.66,20.20,52.86,42.30,-14.12,1
m,2022-10-16 18:53:01.085044,0.13,0.18,0.72,18.80,19.96,8.67,52.86,42.30,-14.12,1
m,2022-10-16 18:53:01.104035,0.25,0.07,0.78,25.39,10.80,10.56,52.95,42.15,-14.10,1
m,2022-10-16 18:53:01.122211,-0.08,0.11,0.36,-15.14,7.26,-2.26,52.95,42.15,-14.10,1
m,2022-10-16 18:53:01.140441,0.22,0.15,0.82,-35.34,-28.32,-12.02,52.95,42.15,-14.10,1
m,2022-10-16 18:53:01.159212,0.23,0.05,0.83,-36.80,-37.54,-6.16,54.61,42.37,-15.04,1
m,2022-10-16 18:53:01.177233,0.20,0.22,0.85,-48.65,-30.40,-1.16,54.61,42.37,-15.04,1
m,2022-10-16 18:53:01.195210,0.21,0.30,0.85,-34.85,-28.50,6.90,54.61,42.37,-15.04,1
m,2022-10-16 18:53:01.214156,0.23,0.39,0.98,-23.93,-28.44,11.84,56.15,41.20,-19.13,1
m,2022-10-16 18:53:01.232205,0.26,0.48,1.04,-14.40,-21.24,11.84,56.15,41.20,-19.13,1
m,2022-10-16 18:53:01.250094,0.31,0.57,1.18,4.03,-6.10,4.52,56.15,41.20,-19.13,1
m,2022-10-16 18:53:01.269081,0.30,0.45,1.17,24.05,5.92,-1.40,57.68,40.44,-20.09,1
m,2022-10-16 18:53:01.287107,0.26,0.39,1.03,52.55,3.97,3.91,57.68,40.44,-20.09,1
m,2022-10-16 18:53:01.306121,0.25,0.36,1.03,78.55,-12.27,8.12,57.76,41.42,-18.74,1
m,2022-10-16 18:53:01.324282,0.36,0.48,0.71,-0.24,51.45,-14.47,57.76,41.42,-18.74,1
m,2022-10-16 18:53:01.342194,0.32,0.44,1.04,-7.57,29.60,-19.04,57.76,41.42,-18.74,1
m,2022-10-16 18:53:01.361188,0.22,0.40,0.93,-25.76,28.44,-32.47,55.64,42.43,-18.41,1
m,2022-10-16 18:53:01.379130,0.25,0.35,0.91,-26.55,18.43,-42.11,55.64,42.43,-18.41,1
m,2022-10-16 18:53:01.397113,0.25,0.30,0.88,-17.76,10.44,-36.50,55.64,42.43,-18.41,1
m,2022-10-16 18:53:01.416064,0.19,0.31,0.80,6.77,2.08,-28.75,52.36,44.31,-17.07,1
m,2022-10-16 18:53:01.434160,0.18,0.29,0.76,26.25,-3.11,-21.55,52.36,44.31,-17.07,1
m,2022-10-16 18:53:01.453095,0.16,0.14,0.70,24.29,-8.12,-21.06,49.19,46.03,-16.98,1
m,2022-10-16 18:53:01.471159,0.13,0.01,0.70,8.97,-30.64,-13.06,49.19,46.03,-16.98,1
m,2022-10-16 18:53:01.489057,0.17,0.07,0.71,17.40,-21.42,0.24,49.19,46.03,-16.98,1
m,2022-10-16 18:53:01.508149,0.14,0.23,0.74,2.62,-21.97,-0.37,47.44,47.33,-20.40,1
m,2022-10-16 18:53:01.526111,0.13,0.19,0.72,7.32,-25.27,-8.06,47.44,47.33,-20.40,1
m,2022-10-16 18:53:01.544110,0.14,0.05,0.77,8.06,-26.92,-12.76,47.44,47.33,-20.40,1
m,2022-10-16 18:53:01.563230,0.18,-0.00,0.81,-12.02,-28.26,-10.56,47.25,48.45,-21.74,1
m,2022-10-16 18:53:01.581114,0.20,0.06,0.91,-2.01,-26.25,0.49,47.25,48.45,-21.74,1
m,2022-10-16 18:53:01.599029,0.21,0.16,0.93,-4.82,-20.08,5.68,47.25,48.45,-21.74,1
m,2022-10-16 18:53:01.618150,0.21,0.26,1.01,-5.92,-19.04,5.92,48.43,48.79,-23.83,1
m,2022-10-16 18:53:01.636165,0.22,0.28,1.07,-7.39,-16.36,2.32,48.43,48.79,-23.83,1
m,2022-10-16 18:53:01.655055,0.28,0.35,1.19,-5.86,-10.56,2.62,49.99,48.95,-25.50,1
m,2022-10-16 18:53:01.673116,0.28,0.44,1.22,-6.29,0.18,-0.73,49.99,48.95,-25.50,1
m,2022-10-16 18:53:01.691000,0.22,0.41,1.07,5.86,7.02,-2.44,49.99,48.95,-25.50,1
m,2022-10-16 18:53:01.710011,0.24,0.44,1.11,53.34,-9.09,9.28,50.62,48.96,-24.65,1
m,2022-10-16 18:53:01.728005,0.43,0.24,0.76,19.71,50.05,-3.97,50.62,48.96,-24.65,1
m,2022-10-16 18:53:01.745939,0.25,0.31,1.06,14.34,35.52,-11.78,50.62,48.96,-24.65,1
m,2022-10-16 18:53:01.765120,0.20,0.17,0.86,-12.27,36.01,-25.76,48.02,49.30,-22.72,1
m,2022-10-16 18:53:01.783004,0.19,0.24,0.95,-19.53,19.41,-28.75,48.02,49.30,-22.72,1
m,2022-10-16 18:53:01.801107,0.22,0.25,0.86,-4.03,10.38,-23.07,48.02,49.30,-22.72,1
m,2022-10-16 18:53:01.820042,0.16,0.22,0.78,6.59,3.72,-22.09,44.20,49.68,-23.51,1
m,2022-10-16 18:53:01.838029,0.14,0.14,0.74,21.30,-2.99,-15.93,44.20,49.68,-23.51,1
m,2022-10-16 18:53:01.857097,0.12,0.01,0.69,31.86,-7.87,-8.85,41.37,49.73,-23.11,1
m,2022-10-16 18:53:01.875080,0.13,-0.01,0.72,26.98,-12.63,-3.42,41.37,49.73,-23.11,1
m,2022-10-16 18:53:01.893077,0.09,0.12,0.66,-23.68,-18.49,-17.58,41.37,49.73,-23.11,1
m,2022-10-16 18:53:01.912206,0.11,0.09,0.67,-29.24,-31.25,-28.63,40.12,49.82,-24.44,1
m,2022-10-16 18:53:01.930065,0.08,0.01,0.75,-37.17,-40.47,-30.21,40.12,49.82,-24.44,1
m,2022-10-16 18:53:01.948202,0.10,-0.01,0.91,-34.00,-46.81,-17.15,40.12,49.82,-24.44,1
m,2022-10-16 18:53:01.967004,0.15,0.09,0.97,-10.13,-45.78,8.06,39.17,50.82,-27.54,1
m,2022-10-16 18:53:01.984953,0.19,0.33,1.10,1.04,-41.44,15.26,39.17,50.82,-27.54,1
m,2022-10-16 18:53:02.003811,0.18,0.41,1.17,5.13,-32.35,13.85,40.60,50.93,-30.09,1
m,2022-10-16 18:53:02.021961,0.11,0.44,1.33,17.21,-20.51,7.26,40.60,50.93,-30.09,1
m,2022-10-16 18:53:02.039973,-0.06,0.47,1.39,47.36,23.99,-0.61,40.60,50.93,-30.09,1
m,2022-10-16 18:53:02.058899,0.07,0.35,1.17,57.74,57.01,-5.86,38.85,50.50,-30.30,1
m,2022-10-16 18:53:02.076958,0.22,0.25,1.05,46.14,69.21,-8.24,38.85,50.50,-30.30,1
m,2022-10-16 18:53:02.094864,0.29,0.17,0.97,20.94,69.15,-11.90,38.85,50.50,-30.30,1
m,2022-10-16 18:53:02.113976,0.34,0.07,0.88,5.00,60.42,-10.13,36.82,47.19,-28.89,1
m,2022-10-16 18:53:02.131779,0.36,0.01,0.82,1.22,37.29,0.43,36.82,47.19,-28.89,1
m,2022-10-16 18:53:02.149934,0.37,0.04,0.81,-2.62,22.89,8.30,36.82,47.19,-28.89,1
m,2022-10-16 18:53:02.168773,0.39,0.09,0.76,-0.98,11.35,16.54,35.08,44.78,-29.02,1
m,2022-10-16 18:53:02.186969,0.36,0.11,0.79,0.49,-0.18,19.65,35.08,44.78,-29.02,1
m,2022-10-16 18:53:02.205865,0.30,0.10,0.84,3.11,-6.84,21.73,34.90,44.41,-30.43,1
m,2022-10-16 18:53:02.224038,0.20,0.03,0.95,-0.06,-6.41,22.40,34.90,44.41,-30.43,1
m,2022-10-16 18:53:02.241925,0.18,0.11,0.99,0.37,-1.65,26.31,34.90,44.41,-30.43,1
m,2022-10-16 18:53:02.260671,0.19,0.23,0.99,10.56,1.83,25.57,34.25,45.32,-29.30,1
m,2022-10-16 18:53:02.278796,0.20,0.22,1.01,14.47,7.69,9.22,34.25,45.32,-29.30,1
m,2022-10-16 18:53:02.296894,0.25,0.11,0.97,2.50,11.90,-1.28,34.25,45.32,-29.30,1
