q,2022-11-04 13:46:28.116123,-7.973098,-7.494233,-1.058291,-0.472826,0.478181,-0.266303,-1.250467,21.397342,-2.246156,1
q,2022-11-04 13:46:28.212211,-1.623351,-8.935617,-7.551697,-1.055268,-0.553544,0.224792,10.003740,32.006107,-12.785810,1
q,2022-11-04 13:46:28.307861,-7.302687,-1.810109,-0.426190,-0.471495,-1.938542,1.784629,73.420303,34.343631,-48.205959,1
q,2022-11-04 13:46:28.403521,-9.969964,0.593792,2.260241,0.133585,-0.919334,1.627500,65.738861,96.377944,-40.776367,1
q,2022-11-04 13:46:28.499989,-10.156722,1.546733,3.280223,0.251432,-0.840104,0.527065,65.738861,96.377944,-40.776367,1
q,2022-11-04 13:46:28.595810,-11.875846,0.205912,2.298551,0.701513,0.344355,0.819884,37.156745,16.542482,-67.730232,1
q,2022-11-04 13:46:28.690850,-8.978714,-2.078273,0.316051,-0.255243,0.721198,-0.047388,20.900669,-9.529910,-56.153896,1
q,2022-11-04 13:46:28.787120,-6.517349,0.335205,1.925036,-0.250182,-0.383232,1.790754,-7.681443,2.697144,-135.633255,1
q,2022-11-04 13:46:28.882765,-11.957253,1.096600,3.605851,0.207356,-0.967272,-0.892821,1.786382,-8.271242,-63.583488,1
q,2022-11-04 13:46:28.979182,-8.839843,-4.276262,-1.364764,-0.049643,2.404874,-0.575900,1.786382,-8.271242,-63.583488,1
q,2022-11-04 13:46:29.075571,-0.885900,-2.130948,1.024770,0.313085,-0.459932,1.491810,25.187986,-24.274295,-41.985836,1
q,2022-11-04 13:46:29.170382,-13.187935,2.566715,6.565236,-0.028471,-2.077028,0.307883,82.173576,36.681159,-30.755056,1
q,2022-11-04 13:46:29.251485,-7.398460,1.417440,4.870054,0.246105,2.577582,0.195363,125.939933,83.611465,-35.765712,1
