x,2022-10-11 13:05:17.536893,-1.115755,8.715339,1.359976,0.029695,0.148336,0.476496,71.865272,75.174468,-39.371273,1
x,2022-10-11 13:05:17.632880,0.871534,10.410520,2.231510,-0.058191,-0.144350,0.366639,73.973785,73.405654,-44.143547,1
x,2022-10-11 13:05:17.728817,1.867572,9.883769,1.805320,0.349013,0.101065,-0.217801,72.919532,74.466941,-46.188808,1
x,2022-10-11 13:05:17.824738,0.756606,8.744071,1.359976,-0.234894,-0.486571,0.571306,77.136566,72.344375,-45.847930,1
x,2022-10-11 13:05:17.920720,-0.119716,10.448829,1.771800,-0.469256,0.151665,0.169296,77.136566,72.344375,-45.847930,1
x,2022-10-11 13:05:18.016669,2.595447,10.482350,2.130948,-0.101468,0.058187,0.189669,82.407852,78.004570,-38.689517,1
x,2022-10-11 13:05:18.112613,1.235471,9.773630,2.097428,-0.148873,0.039278,0.193664,81.177886,82.426597,-29.997159,1
x,2022-10-11 13:05:18.208528,1.532367,10.185454,2.303339,0.095343,-0.154070,0.033872,82.232147,81.011543,-30.338037,1
x,2022-10-11 13:05:18.288775,1.144487,9.357017,1.743068,0.394154,-0.406808,-0.010071,82.232147,81.011543,-30.338037,1
x,2022-10-11 13:05:18.384665,-1.489269,8.619565,1.666449,0.017311,-0.050472,-0.408220,83.286399,73.228775,-42.268726,1
x,2022-10-11 13:05:18.480621,1.039137,9.855037,1.422228,0.028230,-0.043015,0.067561,85.922050,68.452987,-49.938453,1
x,2022-10-11 13:05:18.576549,-0.732663,8.959560,1.565888,-0.025434,0.236621,-0.365076,84.867790,68.452987,-47.893192,1
x,2022-10-11 13:05:18.672513,3.457403,9.912501,2.360803,-0.561270,0.290019,0.487548,84.867790,68.452987,-47.893192,1
x,2022-10-11 13:05:18.768473,0.636890,10.290803,2.394324,-0.216252,-0.489234,-0.208479,83.989242,76.412635,-36.473819,1
