Q,2022-10-27 18:20:01.040370,-0.14,-0.56,0.69,-2.81,21.67,19.41,5.10,50.73,-33.47,1
Q,2022-10-27 18:20:01.060434,-0.12,-0.54,0.69,-0.61,15.38,21.00,5.10,50.73,-33.47,1
Q,2022-10-27 18:20:01.076370,-0.10,-0.55,0.68,-0.85,10.19,18.92,5.10,50.73,-33.47,1
Q,2022-10-27 18:20:01.095177,-0.08,-0.55,0.69,-6.29,7.75,16.91,6.57,51.28,-33.70,1
Q,2022-10-27 18:20:01.113295,-0.13,-0.59,0.74,-14.95,6.29,19.35,6.57,51.28,-33.70,1
Q,2022-10-27 18:20:01.132174,-0.21,-0.62,0.75,-19.84,9.95,28.32,7.56,51.55,-33.30,1
Q,2022-10-27 18:20:01.150316,-0.15,-0.67,0.74,-28.87,15.69,38.51,7.56,51.55,-33.30,1
Q,2022-10-27 18:20:01.169410,-0.22,-0.59,1.02,53.16,15.63,-11.11,7.56,51.55,-33.30,1
Q,2022-10-27 18:20:01.187176,-0.13,-0.45,0.76,6.53,12.57,-15.99,8.44,51.59,-33.61,1
Q,2022-10-27 18:20:01.205599,-0.14,-0.61,0.56,-18.98,18.37,33.26,8.44,51.59,-33.61,1
Q,2022-10-27 18:20:01.223637,-0.13,-0.29,0.65,-60.85,34.30,-1.89,8.44,51.59,-33.61,1
Q,2022-10-27 18:20:01.243389,-0.05,-0.36,0.79,-91.98,22.16,33.33,10.60,50.49,-34.58,1
Q,2022-10-27 18:20:01.262433,-0.07,-0.48,0.70,-42.48,-44.92,35.89,10.60,50.49,-34.58,1
Q,2022-10-27 18:20:01.280208,-0.10,-0.42,0.67,-40.71,-79.83,6.71,9.99,49.69,-36.56,1
Q,2022-10-27 18:20:01.299843,-0.12,-0.28,0.86,-33.14,-81.79,-2.93,9.99,49.69,-36.56,1
Q,2022-10-27 18:20:01.317074,-0.16,-0.21,0.96,-18.55,-81.48,-10.99,9.99,49.69,-36.56,1
Q,2022-10-27 18:20:01.336000,-0.20,-0.21,1.05,-3.17,-74.65,-19.53,6.67,50.52,-37.85,1
Q,2022-10-27 18:20:01.355217,-0.25,-0.27,1.12,10.99,-50.48,-29.72,6.67,50.52,-37.85,1
Q,2022-10-27 18:20:01.373698,-0.30,-0.38,1.22,30.70,-48.40,-33.75,6.67,50.52,-37.85,1
Q,2022-10-27 18:20:01.392301,-0.36,-0.50,1.16,45.59,-35.46,-42.42,3.04,51.17,-36.29,1
Q,2022-10-27 18:20:01.410676,-0.36,-0.57,1.08,42.24,-16.17,-42.05,3.04,51.17,-36.29,1
Q,2022-10-27 18:20:01.428647,-0.37,-0.62,0.97,39.18,1.28,-37.54,3.04,51.17,-36.29,1
Q,2022-10-27 18:20:01.447897,-0.37,-0.63,0.94,29.48,28.87,-32.65,-0.66,53.16,-36.11,1
Q,2022-10-27 18:20:01.467406,-0.35,-0.63,0.87,24.17,46.26,-25.76,-0.66,53.16,-36.11,1
Q,2022-10-27 18:20:01.485383,-0.33,-0.66,0.79,14.16,63.72,-12.57,-1.56,52.95,-35.71,1
Q,2022-10-27 18:20:01.503481,-0.27,-0.66,0.77,-4.88,82.52,3.48,-1.56,52.95,-35.71,1
Q,2022-10-27 18:20:01.522295,-0.21,-0.68,0.77,-30.70,90.88,32.47,-1.56,52.95,-35.71,1
Q,2022-10-27 18:20:01.541185,-0.18,-0.67,0.77,-36.74,76.90,44.68,1.54,51.55,-36.60,1
Q,2022-10-27 18:20:01.560709,-0.12,-0.62,0.72,-29.05,57.37,52.31,1.54,51.55,-36.60,1
Q,2022-10-27 18:20:01.577371,-0.10,-0.53,0.71,-26.37,38.39,57.19,1.54,51.55,-36.60,1
Q,2022-10-27 18:20:01.596685,-0.11,-0.41,0.68,-16.48,18.31,59.20,5.47,50.84,-36.84,1
Q,2022-10-27 18:20:01.614796,-0.11,-0.37,0.67,-18.92,-1.46,53.89,5.47,50.84,-36.84,1
Q,2022-10-27 18:20:01.633390,-0.13,-0.26,0.74,-21.12,-13.79,42.36,8.31,50.01,-37.66,1
Q,2022-10-27 18:20:01.652200,-0.25,-0.27,0.76,-26.79,-26.37,29.91,8.31,50.01,-37.66,1
Q,2022-10-27 18:20:01.669135,-0.40,-0.23,0.80,-6.84,-38.27,11.05,8.31,50.01,-37.66,1
Q,2022-10-27 18:20:01.688631,-0.38,-0.16,0.86,-5.86,-24.41,-1.83,8.39,47.90,-38.15,1
Q,2022-10-27 18:20:01.706059,-0.29,-0.11,0.95,20.20,-6.71,-13.85,8.39,47.90,-38.15,1
Q,2022-10-27 18:20:01.723811,-0.10,-0.23,0.90,47.85,-8.85,-14.16,8.39,47.90,-38.15,1
Q,2022-10-27 18:20:01.742773,0.02,-0.38,0.80,52.43,-14.04,-18.92,6.36,48.35,-38.42,1
Q,2022-10-27 18:20:01.762107,0.12,-0.50,0.83,36.68,-20.08,-20.51,6.36,48.35,-38.42,1
Q,2022-10-27 18:20:01.779210,0.11,-0.58,0.76,25.33,-35.22,-18.68,6.36,48.35,-38.42,1
Q,2022-10-27 18:20:01.798383,0.05,-0.63,0.77,10.74,-42.66,-14.59,3.36,49.35,-36.04,1
Q,2022-10-27 18:20:01.816398,-0.09,-0.64,0.86,-2.99,-44.37,-4.46,3.36,49.35,-36.04,1
Q,2022-10-27 18:20:01.835085,-0.18,-0.60,0.96,-13.00,-29.79,3.42,2.06,50.34,-36.67,1
Q,2022-10-27 18:20:01.854717,-0.17,-0.59,0.97,-11.66,-16.05,12.39,2.06,50.34,-36.67,1
Q,2022-10-27 18:20:01.872335,-0.16,-0.58,0.97,-21.30,-3.30,19.23,2.06,50.34,-36.67,1
Q,2022-10-27 18:20:01.892192,-0.21,-0.47,0.97,-27.34,5.25,15.08,2.77,50.34,-37.89,1
Q,2022-10-27 18:20:01.910413,-0.21,-0.34,0.95,-28.32,2.38,8.97,2.77,50.34,-37.89,1
Q,2022-10-27 18:20:01.928737,-1.47,0.24,1.13,-14.65,-9.89,-2.01,2.77,50.34,-37.89,1
Q,2022-10-27 18:20:01.948736,-0.22,-0.12,0.92,87.77,-15.50,10.99,3.47,51.98,-36.22,1
Q,2022-10-27 18:20:01.965739,-0.27,-0.63,0.65,45.41,-12.82,20.08,3.47,51.98,-36.22,1
Q,2022-10-27 18:20:01.983047,-0.16,-0.56,0.63,15.14,-4.70,-7.39,3.47,51.98,-36.22,1
Q,2022-10-27 18:20:02.002141,-0.23,-0.23,0.70,3.91,-18.31,-61.52,2.21,53.37,-35.12,1
Q,2022-10-27 18:20:02.019885,-0.18,-0.19,0.76,6.10,-18.86,-48.71,2.21,53.37,-35.12,1
Q,2022-10-27 18:20:02.039173,-0.20,-0.27,0.67,29.05,-36.56,-61.71,-2.40,53.20,-33.80,1
Q,2022-10-27 18:20:02.057663,-0.29,-0.40,0.67,40.47,-44.07,-65.80,-2.40,53.20,-33.80,1
Q,2022-10-27 18:20:02.076416,-0.42,-0.60,0.75,22.09,-40.71,-50.48,-2.40,53.20,-33.80,1
Q,2022-10-27 18:20:02.094315,-0.53,-0.80,1.06,-1.10,-28.08,-19.84,-6.45,53.42,-32.31,1
Q,2022-10-27 18:20:02.112183,-0.58,-1.11,1.56,1.04,-6.96,15.75,-6.45,53.42,-32.31,1
Q,2022-10-27 18:20:02.130362,-0.88,-0.79,0.86,-7.75,16.05,28.26,-6.45,53.42,-32.31,1
Q,2022-10-27 18:20:02.149053,-0.21,-0.67,0.70,-6.90,60.79,53.83,-5.64,52.65,-33.41,1
Q,2022-10-27 18:20:02.168390,-0.26,-0.35,1.00,-19.65,34.61,17.64,-5.64,52.65,-33.41,1
Q,2022-10-27 18:20:02.185230,-0.27,-0.36,0.90,8.12,20.81,13.49,-5.64,52.65,-33.41,1
Q,2022-10-27 18:20:02.204234,-0.33,-0.41,0.89,14.59,15.50,1.16,-3.53,52.22,-33.52,1
Q,2022-10-27 18:20:02.222602,-0.39,-0.40,0.89,9.22,15.38,-6.10,-3.53,52.22,-33.52,1
Q,2022-10-27 18:20:02.242176,-0.40,-0.36,0.90,7.69,26.00,-8.30,-3.60,51.50,-34.48,1
Q,2022-10-27 18:20:02.261283,-0.33,-0.40,0.83,15.69,30.40,-5.80,-3.60,51.50,-34.48,1
Q,2022-10-27 18:20:02.279014,-0.27,-0.43,0.79,17.27,31.31,-7.08,-3.60,51.50,-34.48,1
