L,2022-10-25 16:19:36.319948,0.56,0.31,0.82,-16.54,8.00,95.64,17.48,25.46,-41.17,1
L,2022-10-25 16:19:36.338832,0.43,0.55,0.79,-46.14,-7.81,85.69,16.30,26.75,-41.67,1
L,2022-10-25 16:19:36.357122,0.26,0.81,0.70,-75.01,-10.50,69.58,16.30,26.75,-41.67,1
L,2022-10-25 16:19:36.375001,0.24,1.07,0.75,-71.17,-6.23,53.16,16.30,26.75,-41.67,1
L,2022-10-25 16:19:36.393821,0.27,1.08,0.75,-32.84,-7.14,46.94,14.72,26.18,-41.64,1
L,2022-10-25 16:19:36.411851,0.16,1.09,0.77,-37.72,-12.21,27.34,14.72,26.18,-41.64,1
L,2022-10-25 16:19:36.429846,0.07,1.18,0.78,-31.25,-12.33,10.68,14.72,26.18,-41.64,1
L,2022-10-25 16:19:36.448751,0.06,1.09,0.78,3.48,-5.00,4.76,13.89,26.77,-42.13,1
L,2022-10-25 16:19:36.467385,0.17,0.80,0.75,40.28,1.95,4.39,13.89,26.77,-42.13,1
L,2022-10-25 16:19:36.485762,0.25,0.51,0.76,50.78,-0.12,1.53,13.32,29.11,-41.92,1
L,2022-10-25 16:19:36.504073,0.22,0.17,0.71,-3.36,-19.29,-13.98,13.32,29.11,-41.92,1
L,2022-10-25 16:19:36.522296,0.14,0.38,0.74,-64.82,-24.66,-23.07,13.32,29.11,-41.92,1
L,2022-10-25 16:19:36.540957,0.06,0.66,0.74,-86.91,-22.16,-22.40,12.37,28.41,-42.77,1
L,2022-10-25 16:19:36.559311,0.04,0.83,0.76,-57.62,-14.83,-15.81,12.37,28.41,-42.77,1
L,2022-10-25 16:19:36.577139,0.13,0.68,0.70,-15.20,-9.64,-11.96,12.37,28.41,-42.77,1
L,2022-10-25 16:19:36.595963,0.21,0.54,0.70,-15.01,-14.22,-23.99,11.65,28.00,-42.52,1
L,2022-10-25 16:19:36.614013,0.19,0.53,0.73,-22.34,-15.75,-28.50,11.65,28.00,-42.52,1
L,2022-10-25 16:19:36.632020,0.19,0.53,0.72,-33.08,-13.61,-27.95,11.65,28.00,-42.52,1
L,2022-10-25 16:19:36.651582,0.26,0.51,0.70,-42.30,-15.26,-21.06,10.62,26.99,-44.31,1
L,2022-10-25 16:19:36.670123,0.26,0.57,0.70,-34.18,-26.98,-6.10,10.62,26.99,-44.31,1
L,2022-10-25 16:19:36.688760,0.22,0.96,0.78,36.62,12.51,-17.94,9.62,27.33,-45.51,1
L,2022-10-25 16:19:36.707330,0.24,0.10,0.59,63.42,12.63,-5.19,9.62,27.33,-45.51,1
L,2022-10-25 16:19:36.724855,0.24,0.20,0.63,-36.44,18.25,-19.90,9.62,27.33,-45.51,1
L,2022-10-25 16:19:36.743970,0.12,0.82,0.89,-78.92,-17.58,-10.80,10.19,26.78,-44.42,1
L,2022-10-25 16:19:36.761972,0.17,0.41,0.63,-1.95,-40.28,23.01,10.19,26.78,-44.42,1
L,2022-10-25 16:19:36.779827,0.20,0.48,0.66,-0.24,-40.53,33.75,10.19,26.78,-44.42,1
L,2022-10-25 16:19:36.798855,0.27,0.37,0.64,19.35,-36.87,38.82,8.75,27.61,-44.34,1
L,2022-10-25 16:19:36.816998,0.16,0.51,0.69,6.47,-30.88,30.58,8.75,27.61,-44.34,1
L,2022-10-25 16:19:36.835381,0.24,0.55,0.74,7.45,-25.09,25.76,8.75,27.61,-44.34,1
L,2022-10-25 16:19:36.853855,0.27,0.71,0.79,-2.93,-14.16,11.72,8.09,29.21,-42.55,1
L,2022-10-25 16:19:36.872130,0.21,1.06,0.91,-5.37,-1.10,-14.65,8.09,29.21,-42.55,1
L,2022-10-25 16:19:36.891511,0.19,1.02,0.88,34.12,-0.73,-12.15,7.70,29.83,-43.25,1
L,2022-10-25 16:19:36.910294,0.16,0.89,0.89,59.45,-2.20,-6.84,7.70,29.83,-43.25,1
L,2022-10-25 16:19:36.927978,0.15,0.73,0.83,75.56,-6.41,-9.64,7.70,29.83,-43.25,1
L,2022-10-25 16:19:36.946830,0.13,0.57,0.78,42.54,-10.74,-37.96,6.51,31.84,-41.31,1
L,2022-10-25 16:19:36.965115,0.16,0.51,0.76,31.62,-10.80,-51.09,6.51,31.84,-41.31,1
L,2022-10-25 16:19:36.982977,0.04,0.61,0.80,19.90,-10.19,-57.80,6.51,31.84,-41.31,1
L,2022-10-25 16:19:37.001836,0.26,0.38,0.82,45.72,-6.96,-34.12,4.52,31.07,-40.99,1
L,2022-10-25 16:19:37.020290,0.23,0.30,0.85,41.87,-2.44,-15.20,4.52,31.07,-40.99,1
L,2022-10-25 16:19:37.037971,0.26,0.18,0.92,41.99,-2.75,11.72,4.52,31.07,-40.99,1
L,2022-10-25 16:19:37.056866,0.34,-0.25,0.90,-8.48,4.82,24.35,4.43,31.58,-41.42,1
L,2022-10-25 16:19:37.074832,0.16,0.22,1.00,-109.37,-1.95,0.18,4.43,31.58,-41.42,1
L,2022-10-25 16:19:37.093839,0.12,0.73,0.97,-104.06,-23.07,15.50,4.80,28.61,-41.88,1
L,2022-10-25 16:19:37.111984,-0.20,0.53,0.76,-19.65,8.42,41.81,4.80,28.61,-41.88,1
