o,2022-10-12 13:55:58.327760,0.01,-0.50,0.92,30.46,-11.35,-27.16,24.73,36.54,1.15,1
o,2022-10-12 13:55:58.345834,0.01,-0.54,0.93,38.76,-6.04,-26.25,24.73,36.54,1.15,1
o,2022-10-12 13:55:58.364731,0.01,-0.58,0.97,42.36,1.53,-29.54,24.67,35.82,-0.49,1
o,2022-10-12 13:55:58.382688,0.00,-0.70,0.92,42.30,6.53,-30.76,24.67,35.82,-0.49,1
o,2022-10-12 13:55:58.400731,0.00,-0.79,0.88,37.48,10.38,-29.17,24.67,35.82,-0.49,1
o,2022-10-12 13:55:58.419970,-0.00,-0.83,0.87,31.13,12.27,-24.41,24.67,34.94,-1.39,1
o,2022-10-12 13:55:58.437755,0.00,-0.85,0.87,17.15,18.25,-19.71,24.67,34.94,-1.39,1
o,2022-10-12 13:55:58.455880,-0.01,-0.89,0.80,3.30,21.73,-13.18,24.67,34.94,-1.39,1
o,2022-10-12 13:55:58.474832,-0.00,-0.89,0.82,-5.62,23.25,-6.16,25.78,32.93,-2.09,1
o,2022-10-12 13:55:58.492723,-0.01,-0.84,0.77,-15.14,27.71,1.10,25.78,32.93,-2.09,1
o,2022-10-12 13:55:58.510803,-0.00,-0.80,0.76,-24.48,46.08,7.63,25.78,32.93,-2.09,1
o,2022-10-12 13:55:58.529771,0.00,-0.77,0.72,-39.98,31.13,9.58,26.04,31.20,-3.03,1
o,2022-10-12 13:55:58.547710,0.02,-0.74,0.72,-44.37,27.28,14.89,26.04,31.20,-3.03,1
o,2022-10-12 13:55:58.566598,0.01,-0.69,0.70,-54.63,24.23,16.48,26.49,30.00,-2.83,1
o,2022-10-12 13:55:58.584659,0.01,-0.67,0.69,-61.77,20.57,16.72,26.49,30.00,-2.83,1
o,2022-10-12 13:55:58.602692,0.02,-0.65,0.65,-62.38,12.21,26.67,26.49,30.00,-2.83,1
o,2022-10-12 13:55:58.621782,0.02,-0.58,0.66,-51.76,2.87,36.38,25.79,29.68,-1.23,1
o,2022-10-12 13:55:58.639695,0.03,-0.54,0.69,-38.94,-6.29,49.99,25.79,29.68,-1.23,1
o,2022-10-12 13:55:58.657800,0.02,-0.37,0.70,-26.86,-14.22,60.49,25.79,29.68,-1.23,1
o,2022-10-12 13:55:58.676934,-0.11,-0.23,0.82,-36.93,-6.77,28.56,25.43,30.64,-1.26,1
o,2022-10-12 13:55:58.694854,-0.12,-0.13,0.95,-20.63,12.27,10.68,25.43,30.64,-1.26,1
o,2022-10-12 13:55:58.713731,-0.01,-0.18,0.89,10.93,23.01,3.11,25.05,31.57,-1.76,1
o,2022-10-12 13:55:58.731798,0.11,-0.24,0.85,36.38,22.46,-1.04,25.05,31.57,-1.76,1
o,2022-10-12 13:55:58.749678,0.16,-0.34,0.81,40.10,19.47,-10.99,25.05,31.57,-1.76,1
o,2022-10-12 13:55:58.768598,0.16,-0.45,0.84,27.65,13.79,-14.83,25.94,31.51,-2.61,1
o,2022-10-12 13:55:58.786780,0.16,-0.47,0.85,24.66,13.92,-15.93,25.94,31.51,-2.61,1
o,2022-10-12 13:55:58.804721,0.17,-0.53,0.85,19.10,15.20,-20.20,25.94,31.51,-2.61,1
o,2022-10-12 13:55:58.823602,0.20,-0.57,0.85,10.25,17.58,-23.25,26.82,31.24,-3.08,1
o,2022-10-12 13:55:58.842098,0.22,-0.61,0.89,0.43,15.32,-18.01,26.82,31.24,-3.08,1
o,2022-10-12 13:55:58.859881,0.27,-0.59,0.89,-0.31,10.74,-10.93,26.82,31.24,-3.08,1
o,2022-10-12 13:55:58.878750,0.24,-0.56,0.95,-1.83,7.45,-8.00,28.12,30.37,-3.22,1
o,2022-10-12 13:55:58.896673,0.19,-0.59,0.97,-2.69,8.85,-9.09,28.12,30.37,-3.22,1
o,2022-10-12 13:55:58.915567,0.15,-0.60,1.00,-9.64,16.11,-8.79,28.71,29.54,-3.97,1
o,2022-10-12 13:55:58.933936,0.13,-0.63,0.98,-11.54,21.36,-7.32,28.71,29.54,-3.97,1
o,2022-10-12 13:55:58.951743,0.16,-0.64,0.95,-14.40,24.29,-6.65,28.71,29.54,-3.97,1
o,2022-10-12 13:55:58.970710,0.18,-0.61,0.92,-26.61,27.47,-5.98,29.42,27.54,-4.47,1
o,2022-10-12 13:55:58.988922,0.18,-0.60,0.87,-26.18,27.95,-4.58,29.42,27.54,-4.47,1
o,2022-10-12 13:55:59.006759,0.18,-0.56,0.80,-22.58,24.84,-2.26,29.42,27.54,-4.47,1
o,2022-10-12 13:55:59.025716,0.17,-0.57,0.77,-15.44,22.09,-0.18,29.77,25.93,-4.58,1
o,2022-10-12 13:55:59.043636,0.19,-0.55,0.72,-9.64,21.12,4.15,29.77,25.93,-4.58,1
o,2022-10-12 13:55:59.062585,0.22,-0.51,0.67,-8.91,17.70,5.13,30.77,25.27,-5.83,1
o,2022-10-12 13:55:59.080707,0.21,-0.46,0.68,-8.54,11.60,4.03,30.77,25.27,-5.83,1
o,2022-10-12 13:55:59.098702,0.15,-0.45,0.70,-3.23,8.18,3.60,30.77,25.27,-5.83,1
o,2022-10-12 13:55:59.117412,0.16,-0.49,0.71,1.83,6.41,3.30,30.62,24.02,-5.68,1
o,2022-10-12 13:55:59.135713,0.15,-0.49,0.72,-3.17,4.64,0.79,30.62,24.02,-5.68,1
o,2022-10-12 13:55:59.153817,0.11,-0.47,0.78,-6.65,3.78,-1.95,30.62,24.02,-5.68,1
