h,2022-10-30 12:40:48.530977,0.32,0.20,1.23,-63.96,-36.32,69.40,1.29,26.10,-31.35,1
h,2022-10-30 12:40:48.547410,0.33,0.26,1.23,-59.75,-26.49,55.73,1.29,26.10,-31.35,1
h,2022-10-30 12:40:48.565920,0.30,0.33,1.26,-56.82,-12.63,47.91,1.29,26.10,-31.35,1
h,2022-10-30 12:40:48.585444,0.28,0.37,1.25,-44.92,-8.36,45.35,1.32,26.43,-30.10,1
h,2022-10-30 12:40:48.606781,0.27,0.34,1.19,-37.90,-3.66,41.50,1.32,26.43,-30.10,1
h,2022-10-30 12:40:48.622876,0.22,0.33,1.18,-51.82,3.78,31.98,2.15,26.82,-28.87,1
h,2022-10-30 12:40:48.641528,0.10,0.39,1.21,-63.78,14.59,15.81,2.15,26.82,-28.87,1
h,2022-10-30 12:40:48.658787,0.06,0.36,1.15,-48.46,17.52,7.57,2.15,26.82,-28.87,1
h,2022-10-30 12:40:48.677460,0.10,0.30,1.10,-38.27,17.94,1.83,2.45,26.62,-27.03,1
h,2022-10-30 12:40:48.698448,0.12,0.29,1.04,-39.18,19.47,-2.99,2.45,26.62,-27.03,1
h,2022-10-30 12:40:48.715068,0.11,0.28,1.00,-32.47,16.48,-10.13,2.45,26.62,-27.03,1
h,2022-10-30 12:40:48.734797,0.09,0.26,0.92,-35.64,15.63,-14.77,1.10,26.86,-25.76,1
h,2022-10-30 12:40:48.753378,0.10,0.18,1.02,-32.84,24.35,-15.32,1.10,26.86,-25.76,1
h,2022-10-30 12:40:48.772392,0.09,0.21,0.92,-27.40,18.55,-13.98,1.10,26.86,-25.76,1
h,2022-10-30 12:40:48.794476,0.11,0.13,0.90,-6.41,12.02,-6.65,-1.06,26.94,-25.01,1
h,2022-10-30 12:40:48.810391,0.16,0.05,0.89,2.81,9.89,-2.26,-1.06,26.94,-25.01,1
h,2022-10-30 12:40:48.830838,0.15,0.03,0.88,-1.10,10.62,-0.98,-2.98,26.83,-24.12,1
h,2022-10-30 12:40:48.850040,0.14,0.03,0.91,-10.31,13.31,2.14,-2.98,26.83,-24.12,1
h,2022-10-30 12:40:48.872377,0.15,0.09,0.92,-10.38,16.48,3.78,-2.98,26.83,-24.12,1
h,2022-10-30 12:40:48.888761,0.19,0.09,0.89,-11.96,16.78,0.92,-4.47,27.00,-22.69,1
h,2022-10-30 12:40:48.907164,0.23,0.14,0.88,-22.16,13.37,-6.84,-4.47,27.00,-22.69,1
h,2022-10-30 12:40:48.926166,0.25,0.19,0.90,-22.34,9.52,-6.96,-5.49,27.14,-23.22,1
h,2022-10-30 12:40:48.944623,0.26,0.21,0.88,-16.05,5.13,-4.21,-5.49,27.14,-23.22,1
h,2022-10-30 12:40:48.966255,0.25,0.16,0.86,-7.39,-1.22,-0.18,-5.49,27.14,-23.22,1
h,2022-10-30 12:40:48.983099,0.27,0.14,0.83,-4.27,-8.00,5.25,-6.79,27.89,-22.01,1
h,2022-10-30 12:40:49.002090,0.23,0.11,0.79,-15.75,-16.05,2.56,-6.79,27.89,-22.01,1
h,2022-10-30 12:40:49.021091,0.19,0.33,1.16,-12.94,3.66,-16.17,-6.79,27.89,-22.01,1
h,2022-10-30 12:40:49.043495,0.20,0.28,0.89,11.29,4.46,-5.86,-6.40,27.65,-21.86,1
h,2022-10-30 12:40:49.059011,0.23,0.14,0.82,-13.00,8.30,-2.14,-6.40,27.65,-21.86,1
h,2022-10-30 12:40:49.079939,0.06,0.24,0.90,-25.39,3.66,-5.37,-5.76,27.50,-21.98,1
h,2022-10-30 12:40:49.099170,0.15,0.15,0.82,13.49,-23.80,-7.75,-5.76,27.50,-21.98,1
h,2022-10-30 12:40:49.117836,0.13,0.13,0.79,10.31,-36.38,-3.60,-5.76,27.50,-21.98,1
h,2022-10-30 12:40:49.140989,0.13,0.13,0.80,13.00,-46.63,3.91,-4.90,27.70,-23.01,1
h,2022-10-30 12:40:49.156009,0.16,0.18,0.85,14.47,-57.37,8.61,-4.90,27.70,-23.01,1
h,2022-10-30 12:40:49.174350,0.13,0.17,0.90,21.73,-63.48,6.23,-4.90,27.70,-23.01,1
h,2022-10-30 12:40:49.194145,0.15,0.24,1.00,16.11,-40.89,2.69,-2.91,27.03,-21.37,1
h,2022-10-30 12:40:49.214990,0.21,0.16,1.03,15.81,-26.86,3.11,-2.91,27.03,-21.37,1
h,2022-10-30 12:40:49.233265,0.16,0.28,1.20,-8.85,-5.62,-0.92,-0.16,27.25,-22.13,1
h,2022-10-30 12:40:49.252125,0.17,0.22,1.17,-0.18,-2.62,4.03,-0.16,27.25,-22.13,1
h,2022-10-30 12:40:49.270144,0.15,0.21,1.15,-0.24,-0.98,7.08,-0.16,27.25,-22.13,1
h,2022-10-30 12:40:49.293773,0.10,0.18,1.11,4.15,-4.76,10.31,-0.24,27.94,-21.84,1
h,2022-10-30 12:40:49.308864,0.02,0.15,0.99,16.97,2.32,5.13,-0.24,27.94,-21.84,1
h,2022-10-30 12:40:49.326401,0.00,0.33,1.08,-2.20,38.76,6.10,-0.24,27.94,-21.84,1
h,2022-10-30 12:40:49.346827,0.16,0.11,0.95,41.02,36.01,8.67,-1.10,27.58,-23.03,1
h,2022-10-30 12:40:49.365425,0.22,0.10,0.94,24.66,34.42,-0.79,-1.10,27.58,-23.03,1
h,2022-10-30 12:40:49.386642,0.25,0.12,0.95,11.47,25.33,-2.08,-2.15,27.26,-23.19,1
h,2022-10-30 12:40:49.403213,0.27,0.11,0.91,6.65,14.53,0.67,-2.15,27.26,-23.19,1
h,2022-10-30 12:40:49.421723,0.25,0.11,0.87,3.42,9.16,3.42,-2.15,27.26,-23.19,1
h,2022-10-30 12:40:49.440721,0.25,0.07,0.84,-5.13,0.55,4.46,-3.16,27.72,-23.33,1
h,2022-10-30 12:40:49.458720,0.24,0.12,0.85,-21.24,-9.40,2.69,-3.16,27.72,-23.33,1
h,2022-10-30 12:40:49.478744,0.18,0.24,0.88,-36.32,-9.09,-0.18,-3.16,27.72,-23.33,1
h,2022-10-30 12:40:49.495631,0.02,0.49,1.21,-30.52,-5.13,10.38,-3.55,27.59,-21.09,1
h,2022-10-30 12:40:49.514375,0.15,0.20,0.91,57.19,-6.10,33.39,-3.55,27.59,-21.09,1
h,2022-10-30 12:40:49.533376,0.12,-0.21,0.80,37.23,5.92,4.21,-4.64,27.49,-21.48,1
h,2022-10-30 12:40:49.552560,0.10,0.32,1.00,-21.12,11.90,-29.05,-4.64,27.49,-21.48,1
h,2022-10-30 12:40:49.575559,0.13,0.21,0.88,0.85,4.15,-25.82,-4.64,27.49,-21.48,1
h,2022-10-30 12:40:49.590303,0.15,0.19,0.90,7.08,1.89,-21.48,-4.93,27.31,-22.58,1
h,2022-10-30 12:40:49.608297,0.12,0.14,0.87,17.82,0.18,-18.07,-4.93,27.31,-22.58,1
h,2022-10-30 12:40:49.626608,0.14,0.07,0.85,22.64,-0.73,-12.82,-4.93,27.31,-22.58,1
h,2022-10-30 12:40:49.645607,0.14,-0.01,0.86,18.07,-1.83,-9.16,-4.82,25.49,-22.45,1
h,2022-10-30 12:40:49.667207,0.13,-0.03,0.89,14.04,-2.81,-9.22,-4.82,25.49,-22.45,1
h,2022-10-30 12:40:49.684213,0.12,0.01,0.91,10.44,-9.34,-10.86,-4.31,25.73,-22.86,1
h,2022-10-30 12:40:49.702208,0.13,0.00,0.91,11.05,-21.06,-5.07,-4.31,25.73,-22.86,1
h,2022-10-30 12:40:49.721213,0.12,0.02,0.88,9.03,-27.59,0.31,-4.31,25.73,-22.86,1
h,2022-10-30 12:40:49.740210,0.14,0.10,0.94,-1.59,-25.21,1.65,-1.94,26.10,-23.28,1
h,2022-10-30 12:40:49.761801,0.14,0.11,0.96,-0.06,-24.41,2.93,-1.94,26.10,-23.28,1
h,2022-10-30 12:40:49.778408,0.15,0.17,1.01,2.87,-13.43,2.56,-1.94,26.10,-23.28,1
h,2022-10-30 12:40:49.799056,0.15,0.14,1.05,3.11,-7.26,2.50,-0.63,26.43,-22.52,1
h,2022-10-30 12:40:49.817448,0.14,0.09,1.05,4.52,-0.49,2.01,-0.63,26.43,-22.52,1
h,2022-10-30 12:40:49.840633,0.15,0.12,1.09,-3.17,5.49,0.06,0.23,26.34,-23.21,1
h,2022-10-30 12:40:49.855141,0.13,0.15,1.11,-10.31,9.28,0.31,0.23,26.34,-23.21,1
h,2022-10-30 12:40:49.873138,0.13,0.15,1.06,0.31,0.73,1.71,0.23,26.34,-23.21,1
h,2022-10-30 12:40:49.892276,0.12,0.15,1.01,5.92,-5.31,3.91,0.70,26.15,-23.40,1
h,2022-10-30 12:40:49.911122,0.12,0.16,0.98,13.12,-8.79,7.51,0.70,26.15,-23.40,1
h,2022-10-30 12:40:49.932435,0.10,0.11,0.94,15.08,-8.73,9.40,0.70,26.15,-23.40,1
h,2022-10-30 12:40:49.951004,0.10,0.12,0.93,11.23,-7.20,10.19,-0.62,26.34,-23.65,1
h,2022-10-30 12:40:49.969711,0.08,0.09,0.92,11.47,-4.46,11.84,-0.62,26.34,-23.65,1
h,2022-10-30 12:40:49.989442,0.01,0.17,0.92,12.33,2.20,14.59,-0.76,26.53,-24.55,1
h,2022-10-30 12:40:50.010211,-0.03,0.17,0.96,18.68,17.94,19.71,-0.76,26.53,-24.55,1
h,2022-10-30 12:40:50.025872,0.00,0.20,1.03,33.94,25.21,19.90,-0.76,26.53,-24.55,1
h,2022-10-30 12:40:50.043422,0.06,0.11,0.96,54.87,20.94,13.24,-0.37,26.20,-23.51,1
h,2022-10-30 12:40:50.062783,0.09,0.12,0.97,57.50,23.13,3.17,-0.37,26.20,-23.51,1
h,2022-10-30 12:40:50.082078,0.17,0.05,0.91,63.72,18.74,0.67,-0.37,26.20,-23.51,1
h,2022-10-30 12:40:50.103475,0.22,-0.03,0.91,50.48,14.95,-4.39,-0.21,26.37,-23.85,1
h,2022-10-30 12:40:50.121185,0.23,-0.03,0.90,19.90,5.68,-18.98,-0.21,26.37,-23.85,1
h,2022-10-30 12:40:50.141211,0.24,0.01,0.90,12.51,2.62,-23.07,0.06,25.48,-24.96,1
h,2022-10-30 12:40:50.158882,0.22,0.01,0.92,10.19,0.37,-21.24,0.06,25.48,-24.96,1
h,2022-10-30 12:40:50.179472,0.21,-0.01,0.96,11.54,-1.28,-16.60,0.06,25.48,-24.96,1
h,2022-10-30 12:40:50.197400,0.18,-0.05,0.99,10.93,-1.71,-12.57,-0.44,25.46,-23.55,1
h,2022-10-30 12:40:50.217656,0.16,-0.08,1.03,5.37,1.83,-13.61,-0.44,25.46,-23.55,1
