u,2022-11-03 13:20:31.880387,0.30,0.06,0.91,-24.35,-26.12,24.72,3.04,28.59,-32.08,1
u,2022-11-03 13:20:31.896160,0.26,0.01,0.90,-14.83,-10.25,31.74,3.04,28.59,-32.08,1
u,2022-11-03 13:20:31.911743,0.41,-0.04,0.93,-5.55,-4.33,15.26,3.30,28.19,-31.97,1
u,2022-11-03 13:20:31.943390,0.31,0.07,0.91,-11.78,-3.72,8.85,3.30,28.19,-31.97,1
u,2022-11-03 13:20:31.959020,0.29,0.03,0.89,-9.58,3.42,17.46,3.30,28.19,-31.97,1
u,2022-11-03 13:20:31.974715,0.33,-0.03,0.84,-10.74,15.44,26.43,2.60,28.32,-30.55,1
u,2022-11-03 13:20:31.990269,0.43,-0.20,0.80,-27.71,15.38,9.77,2.60,28.32,-30.55,1
u,2022-11-03 13:20:32.021917,0.33,-0.04,0.80,-64.21,9.95,-19.29,1.76,27.98,-31.46,1
u,2022-11-03 13:20:32.039663,0.28,0.51,0.98,-26.98,14.77,-21.61,1.76,27.98,-31.46,1
u,2022-11-03 13:20:32.053803,0.30,-0.02,0.75,-17.88,19.53,-2.44,1.76,27.98,-31.46,1
u,2022-11-03 13:20:32.069543,0.10,0.08,0.96,-47.55,15.99,-5.68,2.64,28.30,-32.14,1
u,2022-11-03 13:20:32.100681,0.18,0.24,0.89,-23.13,-16.42,8.61,2.64,28.30,-32.14,1
u,2022-11-03 13:20:32.116444,0.23,0.22,0.85,5.07,-33.26,16.66,3.70,27.82,-30.87,1
u,2022-11-03 13:20:32.139544,0.33,0.29,0.90,4.52,-44.80,29.91,3.70,27.82,-30.87,1
u,2022-11-03 13:20:32.148183,0.37,0.27,0.85,7.87,-39.73,30.33,3.70,27.82,-30.87,1
u,2022-11-03 13:20:32.179439,0.36,0.32,0.99,0.92,-32.23,11.78,4.69,28.75,-30.87,1
u,2022-11-03 13:20:32.195191,0.36,0.26,1.05,0.24,-33.26,1.53,4.69,28.75,-30.87,1
u,2022-11-03 13:20:32.210819,0.36,0.26,1.01,-8.79,-34.00,-12.70,4.69,28.75,-30.87,1
u,2022-11-03 13:20:32.242448,0.33,0.25,1.02,-15.14,-24.11,-21.06,3.88,28.39,-31.96,1
u,2022-11-03 13:20:32.258079,0.35,0.15,0.99,-9.03,-17.52,-30.33,3.88,28.39,-31.96,1
u,2022-11-03 13:20:32.273705,0.27,0.26,1.03,-1.10,-4.15,-30.33,2.45,28.36,-30.73,1
u,2022-11-03 13:20:32.289331,0.27,-0.04,0.96,23.38,12.33,-5.74,2.45,28.36,-30.73,1
u,2022-11-03 13:20:32.320573,0.29,-0.01,0.98,15.20,24.05,-9.95,1.92,28.23,-30.93,1
u,2022-11-03 13:20:32.339338,0.29,0.04,0.93,11.90,40.59,-9.70,1.92,28.23,-30.93,1
u,2022-11-03 13:20:32.352479,0.25,-0.03,0.89,20.39,54.87,-9.28,1.92,28.23,-30.93,1
u,2022-11-03 13:20:32.383733,0.22,0.03,0.89,-1.34,42.60,-8.24,1.97,28.12,-31.69,1
u,2022-11-03 13:20:32.399479,0.15,0.16,0.86,-6.35,23.07,-5.37,1.97,28.12,-31.69,1
u,2022-11-03 13:20:32.415091,0.17,0.19,0.83,-6.96,0.92,-0.43,1.37,27.21,-31.18,1
u,2022-11-03 13:20:32.439248,0.28,0.03,0.67,1.22,4.39,1.53,1.37,27.21,-31.18,1
u,2022-11-03 13:20:32.462500,0.27,-0.07,0.72,-12.94,19.10,-4.94,1.37,27.21,-31.18,1
u,2022-11-03 13:20:32.478254,0.12,0.20,0.97,-40.77,-30.52,-6.23,2.11,28.00,-32.90,1
u,2022-11-03 13:20:32.493858,0.20,0.18,0.84,-21.48,-48.34,11.05,2.11,28.00,-32.90,1
u,2022-11-03 13:20:32.509501,0.31,0.25,0.89,-23.62,-56.03,14.59,2.11,28.00,-32.90,1
u,2022-11-03 13:20:32.541121,0.36,0.37,0.90,8.48,-49.56,7.45,1.78,27.65,-32.13,1
u,2022-11-03 13:20:32.557159,0.37,0.43,0.90,25.09,-31.31,1.71,1.78,27.65,-32.13,1
u,2022-11-03 13:20:32.572854,0.36,0.43,1.01,43.58,-7.93,1.22,2.61,27.86,-32.20,1
u,2022-11-03 13:20:32.588622,0.32,0.20,1.13,76.48,4.52,4.52,2.61,27.86,-32.20,1
u,2022-11-03 13:20:32.619741,0.26,-0.23,1.02,52.67,1.83,-18.92,2.61,27.86,-32.20,1
u,2022-11-03 13:20:32.639459,0.30,-0.44,0.89,10.74,4.27,-48.95,1.98,28.82,-32.19,1
u,2022-11-03 13:20:32.651598,-0.04,-0.53,0.79,-92.59,21.36,-83.37,1.98,28.82,-32.19,1
u,2022-11-03 13:20:32.682853,-0.64,-0.15,0.84,-147.09,59.94,-95.09,2.10,26.88,-32.60,1
u,2022-11-03 13:20:32.698475,-0.21,0.24,0.92,-50.29,119.14,-57.01,2.10,26.88,-32.60,1
u,2022-11-03 13:20:32.714230,0.14,0.06,0.91,1.16,130.43,-10.93,2.10,26.88,-32.60,1
u,2022-11-03 13:20:32.739345,0.41,0.01,0.87,22.89,118.90,29.11,5.16,25.96,-33.59,1
u,2022-11-03 13:20:32.745993,0.45,-0.08,0.86,24.11,73.73,52.12,5.16,25.96,-33.59,1
u,2022-11-03 13:20:32.777247,0.48,-0.02,0.68,11.60,47.18,45.35,9.33,26.01,-33.78,1
u,2022-11-03 13:20:32.792997,0.49,-0.06,0.75,-2.81,39.06,37.84,9.33,26.01,-33.78,1
u,2022-11-03 13:20:32.808616,0.48,0.02,0.76,-29.54,24.11,39.43,9.33,26.01,-33.78,1
u,2022-11-03 13:20:32.840227,0.44,0.12,0.72,-44.25,23.38,49.68,14.09,25.84,-32.57,1
u,2022-11-03 13:20:32.855861,0.56,0.12,0.76,-56.40,26.55,48.46,14.09,25.84,-32.57,1
u,2022-11-03 13:20:32.871596,0.54,0.16,0.82,-87.34,28.56,34.12,19.29,24.29,-32.07,1
u,2022-11-03 13:20:32.887235,0.58,0.30,0.76,-121.70,28.69,23.44,19.29,24.29,-32.07,1
u,2022-11-03 13:20:32.918363,0.65,0.53,0.75,-137.33,27.65,15.08,19.29,24.29,-32.07,1
u,2022-11-03 13:20:32.939094,0.64,0.63,0.74,-128.54,26.12,17.46,25.22,21.24,-32.48,1
u,2022-11-03 13:20:32.950240,0.64,0.72,0.74,-102.42,23.93,27.53,25.22,21.24,-32.48,1
