B,2022-10-18 14:10:44.459076,0.18,-0.52,0.60,-22.40,-65.19,102.29,-15.78,-4.37,-64.53,1
B,2022-10-18 14:10:44.477940,0.10,-0.39,0.70,-55.42,-67.63,86.55,1.46,-13.77,-60.34,1
B,2022-10-18 14:10:44.495834,0.07,-0.20,0.82,-92.83,-67.81,70.62,1.46,-13.77,-60.34,1
B,2022-10-18 14:10:44.514973,-0.03,-0.05,0.92,-118.90,-64.88,60.73,10.71,-29.71,-64.22,1
B,2022-10-18 14:10:44.532809,-0.07,0.33,1.05,-107.91,-61.46,59.57,10.71,-29.71,-64.22,1
B,2022-10-18 14:10:44.550795,-0.08,0.52,1.19,-114.07,-51.39,36.99,0.00,0.00,0.00,1
B,2022-10-18 14:10:44.569761,-0.11,0.54,1.26,-111.39,-39.06,9.52,10.08,-42.02,-67.04,1
B,2022-10-18 14:10:44.587892,-0.15,0.45,1.38,-84.35,-27.53,1.59,10.08,-42.02,-67.04,1
B,2022-10-18 14:10:44.605803,-0.13,0.24,1.27,-42.97,-3.85,4.70,10.08,-42.02,-67.04,1
B,2022-10-18 14:10:44.624670,-0.12,0.13,1.13,-30.94,4.58,2.75,7.50,-48.00,-64.62,1
B,2022-10-18 14:10:44.642862,-0.08,0.10,1.11,-30.88,3.17,-4.82,7.50,-48.00,-64.62,1
B,2022-10-18 14:10:44.661728,-0.11,0.05,1.06,-35.52,0.37,-16.05,5.14,-51.01,-62.62,1
B,2022-10-18 14:10:44.679914,-0.12,0.03,1.09,-32.96,-2.01,-22.40,5.14,-51.01,-62.62,1
B,2022-10-18 14:10:44.697935,-0.08,-0.04,0.99,-22.89,-4.64,-10.62,5.14,-51.01,-62.62,1
B,2022-10-18 14:10:44.716824,-0.05,-0.15,0.85,12.63,-14.59,3.91,3.99,-53.10,-61.66,1
B,2022-10-18 14:10:44.735023,-0.05,-0.14,0.80,38.94,-34.24,16.91,3.99,-53.10,-61.66,1
B,2022-10-18 14:10:44.752880,-0.07,-0.08,0.89,39.86,-44.56,1.95,3.99,-53.10,-61.66,1
B,2022-10-18 14:10:44.771961,-0.10,-0.02,0.90,-18.31,-37.84,-21.06,5.32,-56.46,-61.29,1
B,2022-10-18 14:10:44.790025,-0.14,-0.05,0.98,-27.28,-38.64,-32.90,5.32,-56.46,-61.29,1
B,2022-10-18 14:10:44.807944,-0.15,-0.16,1.04,-6.29,-36.74,-21.91,5.32,-56.46,-61.29,1
B,2022-10-18 14:10:44.826749,-0.09,-0.12,1.05,31.74,-42.30,5.37,7.48,-59.27,-58.57,1
B,2022-10-18 14:10:44.844890,-0.11,-0.08,1.13,13.24,-26.12,1.04,7.48,-59.27,-58.57,1
B,2022-10-18 14:10:44.863917,-0.15,-0.07,1.13,-20.51,-4.33,-12.88,8.54,-61.22,-57.35,1
B,2022-10-18 14:10:44.881887,-0.06,-0.01,1.11,-17.76,4.94,-13.31,8.54,-61.22,-57.35,1
B,2022-10-18 14:10:44.899921,-0.08,-0.06,1.10,-43.46,18.86,-25.27,8.54,-61.22,-57.35,1
B,2022-10-18 14:10:44.919031,-0.03,-0.11,1.04,-64.33,35.10,-27.34,7.43,-59.90,-56.25,1
B,2022-10-18 14:10:44.936987,-0.01,-0.07,0.74,-71.90,24.17,-26.25,7.43,-59.90,-56.25,1
B,2022-10-18 14:10:44.954996,-0.16,-0.07,1.05,-31.37,-0.43,-13.00,7.43,-59.90,-56.25,1
B,2022-10-18 14:10:44.973656,-0.10,-0.01,0.84,11.60,1.34,1.46,7.08,-58.79,-55.35,1
B,2022-10-18 14:10:44.991805,-0.06,0.03,0.32,58.35,-90.27,10.68,7.08,-58.79,-55.35,1
B,2022-10-18 14:10:45.010799,-0.17,-0.11,0.69,84.23,-120.00,-1.22,11.82,-64.43,-55.71,1
B,2022-10-18 14:10:45.028944,-0.19,-0.14,0.97,53.34,-122.92,-17.27,11.82,-64.43,-55.71,1
B,2022-10-18 14:10:45.046968,-0.24,-0.10,1.01,38.27,-99.98,-18.49,11.82,-64.43,-55.71,1
B,2022-10-18 14:10:45.065974,-0.24,-0.14,1.09,40.65,-76.66,-14.65,18.08,-69.54,-55.53,1
B,2022-10-18 14:10:45.083854,-0.28,-0.25,1.20,42.42,-52.25,-1.89,18.08,-69.54,-55.53,1
B,2022-10-18 14:10:45.101885,-0.36,-0.26,1.29,28.32,-20.81,5.31,18.08,-69.54,-55.53,1
B,2022-10-18 14:10:45.120788,-0.28,-0.15,1.09,-0.43,11.17,0.85,21.01,-73.18,-57.15,1
B,2022-10-18 14:10:45.138765,-0.25,-0.33,1.38,0.55,3.54,-5.00,21.01,-73.18,-57.15,1
B,2022-10-18 14:10:45.156926,-0.31,-0.22,1.29,-7.87,60.85,15.14,21.01,-73.18,-57.15,1
B,2022-10-18 14:10:45.175734,-0.27,-0.16,1.18,-7.32,91.55,23.50,18.70,-72.55,-56.01,1
B,2022-10-18 14:10:45.193806,-0.17,-0.16,0.98,-12.70,108.40,17.76,18.70,-72.55,-56.01,1
B,2022-10-18 14:10:45.212793,-0.16,-0.15,0.86,-30.52,102.60,5.55,12.37,-67.21,-56.51,1
B,2022-10-18 14:10:45.230979,-0.13,-0.07,0.80,-56.82,77.94,-12.63,12.37,-67.21,-56.51,1
B,2022-10-18 14:10:45.248895,-0.14,0.12,0.68,-41.44,45.84,-19.29,12.37,-67.21,-56.51,1
B,2022-10-18 14:10:45.267702,-0.14,0.02,0.84,2.50,10.93,-23.19,8.51,-63.02,-58.08,1
B,2022-10-18 14:10:45.285617,-0.19,0.02,0.87,12.15,5.19,-27.83,8.51,-63.02,-58.08,1
B,2022-10-18 14:10:45.303893,-0.16,-0.01,0.86,12.82,7.69,-41.08,8.51,-63.02,-58.08,1
B,2022-10-18 14:10:45.322814,-0.13,-0.06,0.80,-2.26,2.75,-58.53,10.22,-62.35,-57.45,1
B,2022-10-18 14:10:45.340968,-0.09,-0.10,0.79,-3.60,-6.04,-59.69,10.22,-62.35,-57.45,1
B,2022-10-18 14:10:45.360106,-0.06,-0.15,0.84,-1.28,-16.85,-54.87,14.40,-61.60,-54.97,1
B,2022-10-18 14:10:45.377792,-0.04,-0.20,0.87,14.34,-25.70,-37.35,14.40,-61.60,-54.97,1
B,2022-10-18 14:10:45.395960,-0.05,-0.28,0.96,35.89,-29.30,-5.68,14.40,-61.60,-54.97,1
B,2022-10-18 14:10:45.414775,-0.09,-0.30,0.92,39.43,-22.64,2.93,18.33,-63.43,-54.82,1
B,2022-10-18 14:10:45.432846,-0.08,-0.39,0.95,29.97,-23.99,4.33,18.33,-63.43,-54.82,1
B,2022-10-18 14:10:45.450705,-0.05,-0.38,0.95,10.74,-21.30,10.99,18.33,-63.43,-54.82,1
B,2022-10-18 14:10:45.469757,-0.08,-0.35,1.00,11.72,-25.27,26.79,19.45,-66.52,-56.20,1
B,2022-10-18 14:10:45.487774,-0.17,-0.21,1.05,3.72,-13.73,34.24,19.45,-66.52,-56.20,1
B,2022-10-18 14:10:45.505782,-0.22,-0.08,1.03,-8.85,-0.55,23.07,19.45,-66.52,-56.20,1
B,2022-10-18 14:10:45.524817,-0.22,-0.01,1.00,-19.84,7.26,7.69,16.44,-68.46,-56.34,1
B,2022-10-18 14:10:45.542808,-0.23,0.10,1.02,-26.61,6.77,-4.27,16.44,-68.46,-56.34,1
B,2022-10-18 14:10:45.561847,-0.15,0.05,1.00,-1.46,0.31,-6.41,15.43,-67.49,-57.08,1
B,2022-10-18 14:10:45.579774,-0.15,-0.06,0.95,21.24,-3.11,7.39,15.43,-67.49,-57.08,1
B,2022-10-18 14:10:45.597829,-0.24,0.06,1.00,13.06,-6.04,-8.73,15.43,-67.49,-57.08,1
B,2022-10-18 14:10:45.616744,-0.22,-0.01,0.97,13.79,2.08,-25.88,16.42,-67.18,-56.21,1
B,2022-10-18 14:10:45.634793,-0.20,0.00,0.87,9.95,3.42,-41.69,16.42,-67.18,-56.21,1
B,2022-10-18 14:10:45.652814,-0.18,-0.03,0.90,10.62,-4.82,-48.65,16.42,-67.18,-56.21,1
B,2022-10-18 14:10:45.671821,-0.16,-0.12,0.92,13.49,-10.13,-54.14,22.08,-66.49,-53.87,1
B,2022-10-18 14:10:45.689778,-0.11,-0.27,0.86,25.21,-15.32,-49.01,22.08,-66.49,-53.87,1
B,2022-10-18 14:10:45.708071,-0.09,-0.44,0.87,35.03,-20.14,-34.18,22.08,-66.49,-53.87,1
B,2022-10-18 14:10:45.726735,-0.10,-0.51,0.90,21.18,-19.23,-6.16,28.65,-66.88,-52.20,1
B,2022-10-18 14:10:45.744762,-0.13,-0.46,0.88,3.48,-16.36,0.31,28.65,-66.88,-52.20,1
B,2022-10-18 14:10:45.763823,-0.11,-0.49,0.88,-6.77,-19.04,-0.67,32.41,-68.21,-52.91,1
B,2022-10-18 14:10:45.781883,-0.09,-0.52,0.90,-5.86,-23.07,12.63,32.41,-68.21,-52.91,1
B,2022-10-18 14:10:45.799967,-0.14,-0.47,0.95,-9.95,-19.35,45.78,32.41,-68.21,-52.91,1
B,2022-10-18 14:10:45.818895,-0.18,-0.32,0.99,-23.19,-7.08,58.11,29.17,-71.36,-53.91,1
B,2022-10-18 14:10:45.836748,-0.25,-0.12,0.99,-31.74,2.44,57.13,29.17,-71.36,-53.91,1
B,2022-10-18 14:10:45.854653,-0.31,0.04,0.98,-41.75,7.57,36.87,29.17,-71.36,-53.91,1
B,2022-10-18 14:10:45.873755,-0.32,0.16,1.00,-48.65,10.13,11.66,22.16,-72.30,-54.71,1
B,2022-10-18 14:10:45.891775,-0.32,0.34,1.05,-50.23,9.40,-2.62,22.16,-72.30,-54.71,1
B,2022-10-18 14:10:45.910762,-0.33,0.26,1.06,-7.39,5.80,2.44,20.17,-71.24,-54.50,1
B,2022-10-18 14:10:45.928617,-0.45,0.19,1.12,17.40,2.93,4.09,20.17,-71.24,-54.50,1
B,2022-10-18 14:10:45.946580,-0.42,0.06,1.02,55.66,15.50,7.87,20.17,-71.24,-54.50,1
B,2022-10-18 14:10:45.965780,-0.29,-0.09,0.94,67.14,13.92,-2.56,22.25,-71.64,-55.52,1
