a,2022-09-29 17:53:04.829295,0.44,0.64,0.93,-28.26,9.16,-16.36,9.55,91.41,37.54,1
a,2022-09-29 17:53:04.837400,0.43,0.61,0.94,-14.83,4.33,-11.60,9.55,91.41,37.54,1
a,2022-09-29 17:53:04.845728,0.43,0.53,0.91,2.20,0.00,-7.32,9.55,91.41,37.54,1
a,2022-09-29 17:53:04.855100,0.40,0.44,0.87,16.42,-2.93,-6.16,9.07,90.84,38.39,1
a,2022-09-29 17:53:04.863512,0.37,0.36,0.84,22.64,-1.77,-10.56,9.07,90.84,38.39,1
a,2022-09-29 17:53:04.870860,0.37,0.33,0.82,22.64,-1.77,-10.56,9.07,90.84,38.39,1
a,2022-09-29 17:53:04.879147,0.40,0.32,0.84,19.23,2.08,-13.85,9.07,90.84,38.39,1
a,2022-09-29 17:53:04.887457,0.42,0.30,0.86,16.54,5.00,-16.78,9.07,90.84,38.39,1
a,2022-09-29 17:53:04.895665,0.45,0.29,0.89,14.65,6.16,-18.31,9.07,90.84,38.39,1
a,2022-09-29 17:53:04.904953,0.48,0.28,0.89,14.04,6.59,-18.80,8.72,90.06,41.55,1
a,2022-09-29 17:53:04.913264,0.49,0.25,0.88,14.10,6.41,-19.71,8.72,90.06,41.55,1
a,2022-09-29 17:53:04.920495,0.50,0.23,0.86,14.10,6.41,-19.71,8.72,90.06,41.55,1
a,2022-09-29 17:53:04.928909,0.52,0.21,0.84,14.47,6.90,-20.02,8.72,90.06,41.55,1
a,2022-09-29 17:53:04.936934,0.54,0.17,0.81,16.48,7.75,-19.90,8.72,90.06,41.55,1
a,2022-09-29 17:53:04.945251,0.52,0.16,0.77,15.01,7.45,-21.00,8.72,90.06,41.55,1
a,2022-09-29 17:53:04.954455,0.53,0.15,0.75,10.25,7.32,-22.52,7.82,91.08,41.99,1
a,2022-09-29 17:53:04.962610,0.55,0.16,0.74,4.46,7.32,-23.13,7.82,91.08,41.99,1
a,2022-09-29 17:53:04.970920,0.59,0.15,0.73,0.37,5.68,-22.09,7.82,91.08,41.99,1
a,2022-09-29 17:53:04.979203,0.61,0.15,0.77,-0.55,1.34,-19.17,7.82,91.08,41.99,1
a,2022-09-29 17:53:04.987621,0.66,0.13,0.79,3.91,-5.00,-15.01,7.82,91.08,41.99,1
a,2022-09-29 17:53:04.995932,0.70,0.08,0.77,7.69,-12.08,-10.93,7.82,91.08,41.99,1
a,2022-09-29 17:53:05.005161,0.71,0.02,0.76,5.37,-19.04,-8.67,7.45,90.89,42.10,1
a,2022-09-29 17:53:05.013633,0.70,0.01,0.74,-20.08,-27.04,-9.34,7.45,90.89,42.10,1
a,2022-09-29 17:53:05.021142,0.67,0.02,0.77,-20.08,-27.04,-9.34,7.45,90.89,42.10,1
a,2022-09-29 17:53:05.029658,-1.44,0.11,0.64,-34.12,-27.89,-10.44,7.45,90.89,42.10,1
a,2022-09-29 17:53:05.038160,0.34,0.17,1.10,-26.86,-6.90,-4.88,7.45,90.89,42.10,1
a,2022-09-29 17:53:05.045521,0.57,0.38,0.97,-26.86,-6.90,-4.88,7.45,90.89,42.10,1
a,2022-09-29 17:53:05.054724,1.01,0.09,0.77,28.81,-2.75,0.98,6.96,91.10,42.75,1
a,2022-09-29 17:53:05.062863,0.49,-0.22,0.69,28.32,3.54,1.16,6.96,91.10,42.75,1
a,2022-09-29 17:53:05.070217,0.54,-0.07,0.60,28.32,3.54,1.16,6.96,91.10,42.75,1
a,2022-09-29 17:53:05.078454,0.64,0.13,0.68,-19.59,13.37,-4.15,6.96,91.10,42.75,1
a,2022-09-29 17:53:05.086765,0.58,0.09,0.70,-33.39,20.08,-0.85,6.96,91.10,42.75,1
a,2022-09-29 17:53:05.094928,0.58,0.04,0.69,-57.74,24.60,4.46,6.96,91.10,42.75,1
a,2022-09-29 17:53:05.104271,0.54,0.06,0.77,-84.23,27.16,8.42,7.48,90.95,43.91,1
a,2022-09-29 17:53:05.112415,0.58,0.13,0.78,-91.92,27.34,12.51,7.48,90.95,43.91,1
a,2022-09-29 17:53:05.120717,0.55,0.13,0.80,-97.23,25.70,17.88,7.48,90.95,43.91,1
a,2022-09-29 17:53:05.128935,0.51,0.12,0.79,-101.99,22.16,24.11,7.48,90.95,43.91,1
a,2022-09-29 17:53:05.137246,0.53,0.12,0.77,-98.94,19.78,25.09,7.48,90.95,43.91,1
a,2022-09-29 17:53:05.145509,0.51,0.14,0.73,-102.05,18.68,23.07,7.48,90.95,43.91,1
a,2022-09-29 17:53:05.154629,0.51,0.18,0.72,-110.23,18.62,19.53,7.03,90.82,43.92,1
a,2022-09-29 17:53:05.162897,0.47,0.28,0.72,-121.64,15.63,21.36,7.03,90.82,43.92,1
a,2022-09-29 17:53:05.170411,0.46,0.32,0.74,-121.64,15.63,21.36,7.03,90.82,43.92,1
a,2022-09-29 17:53:05.178399,0.45,0.38,0.73,-109.19,13.06,24.78,7.03,90.82,43.92,1
a,2022-09-29 17:53:05.186623,0.47,0.41,0.74,-98.08,9.09,30.21,7.03,90.82,43.92,1
a,2022-09-29 17:53:05.194964,0.44,0.40,0.72,-80.08,5.74,34.79,7.03,90.82,43.92,1
a,2022-09-29 17:53:05.204149,0.38,0.39,0.71,-64.21,2.08,39.06,7.37,88.75,44.68,1
a,2022-09-29 17:53:05.212638,0.34,0.47,0.74,-51.33,-2.08,44.01,7.37,88.75,44.68,1
a,2022-09-29 17:53:05.220867,0.37,0.50,0.78,-25.94,-7.02,49.01,7.37,88.75,44.68,1
a,2022-09-29 17:53:05.229216,0.33,0.49,0.78,6.10,-14.89,52.61,7.37,88.75,44.68,1
a,2022-09-29 17:53:05.237413,0.31,0.50,0.77,31.98,-22.58,51.27,7.37,88.75,44.68,1
a,2022-09-29 17:53:05.245619,0.30,0.55,0.79,43.27,-29.42,50.42,7.37,88.75,44.68,1
a,2022-09-29 17:53:05.254767,0.28,0.54,0.74,59.02,-39.67,50.35,8.65,87.00,44.46,1
a,2022-09-29 17:53:05.263017,0.26,0.46,0.74,33.45,-54.20,44.98,8.65,87.00,44.46,1
a,2022-09-29 17:53:05.270303,0.35,0.49,0.85,33.45,-54.20,44.98,8.65,87.00,44.46,1
a,2022-09-29 17:53:05.278678,0.42,0.54,0.81,30.94,-61.95,38.88,8.65,87.00,44.46,1
a,2022-09-29 17:53:05.286871,0.43,0.50,0.84,33.87,-64.64,30.70,8.65,87.00,44.46,1
a,2022-09-29 17:53:05.295262,0.45,0.47,0.82,30.40,-66.96,19.35,8.65,87.00,44.46,1
a,2022-09-29 17:53:05.304378,0.52,0.51,0.87,20.14,-65.98,6.96,10.57,87.26,40.10,1
a,2022-09-29 17:53:05.312693,0.56,0.55,0.90,15.99,-62.81,-14.83,10.57,87.26,40.10,1
a,2022-09-29 17:53:05.320114,0.60,0.55,0.87,15.99,-62.81,-14.83,10.57,87.26,40.10,1
a,2022-09-29 17:53:05.328578,0.60,0.52,0.90,29.48,-53.71,-23.13,10.57,87.26,40.10,1
a,2022-09-29 17:53:05.336785,0.61,0.47,0.83,43.82,-47.18,-29.66,10.57,87.26,40.10,1
a,2022-09-29 17:53:05.345068,0.55,0.43,0.76,52.49,-39.92,-34.06,10.57,87.26,40.10,1
a,2022-09-29 17:53:05.354496,0.58,0.39,0.81,50.35,-32.65,-37.41,10.31,88.57,37.98,1
a,2022-09-29 17:53:05.363018,0.55,0.34,0.81,42.11,-16.30,-50.60,10.31,88.57,37.98,1
a,2022-09-29 17:53:05.370374,0.58,0.34,0.82,42.11,-16.30,-50.60,10.31,88.57,37.98,1
a,2022-09-29 17:53:05.378695,0.59,0.37,0.82,34.61,-8.48,-57.62,10.31,88.57,37.98,1
a,2022-09-29 17:53:05.387063,0.62,0.35,0.82,35.71,-1.59,-59.20,10.31,88.57,37.98,1
a,2022-09-29 17:53:05.395263,0.65,0.36,0.81,38.57,5.62,-55.30,10.31,88.57,37.98,1
a,2022-09-29 17:53:05.404373,0.66,0.31,0.83,49.80,12.02,-44.56,9.69,90.65,37.02,1
a,2022-09-29 17:53:05.412602,0.65,0.23,0.84,63.29,22.77,-23.74,9.69,90.65,37.02,1
a,2022-09-29 17:53:05.419875,0.58,0.10,0.82,63.29,22.77,-23.74,9.69,90.65,37.02,1
a,2022-09-29 17:53:05.428271,0.59,-0.01,0.76,67.26,27.04,-20.63,9.69,90.65,37.02,1
a,2022-09-29 17:53:05.436634,0.72,-0.07,0.72,57.80,34.91,-25.45,9.69,90.65,37.02,1
a,2022-09-29 17:53:05.444895,0.65,-0.06,0.65,41.14,47.00,-33.87,9.69,90.65,37.02,1
a,2022-09-29 17:53:05.454121,0.61,0.00,0.70,15.63,57.56,-37.29,8.33,91.65,39.45,1
a,2022-09-29 17:53:05.462441,0.58,0.04,0.76,2.87,63.11,-23.74,8.33,91.65,39.45,1
a,2022-09-29 17:53:05.469861,0.52,0.06,0.81,2.87,63.11,-23.74,8.33,91.65,39.45,1
a,2022-09-29 17:53:05.478315,0.53,0.05,0.83,-3.97,59.57,-14.28,8.33,91.65,39.45,1
a,2022-09-29 17:53:05.486373,0.47,0.04,0.84,0.37,55.36,-8.30,8.33,91.65,39.45,1
a,2022-09-29 17:53:05.494594,0.47,0.04,0.83,1.46,49.93,-6.04,8.33,91.65,39.45,1
a,2022-09-29 17:53:05.503938,0.35,0.08,0.85,-4.09,43.27,-5.80,7.04,91.32,41.13,1
a,2022-09-29 17:53:05.512394,0.46,0.13,0.82,-10.86,35.64,-6.65,7.04,91.32,41.13,1
a,2022-09-29 17:53:05.520678,0.47,0.18,0.73,-13.49,29.85,-8.67,7.04,91.32,41.13,1
a,2022-09-29 17:53:05.527949,0.44,0.20,0.71,-13.49,29.85,-8.67,7.04,91.32,41.13,1
a,2022-09-29 17:53:05.536329,0.34,0.24,0.72,-33.75,26.43,-7.57,7.04,91.32,41.13,1
a,2022-09-29 17:53:05.544724,0.34,0.30,0.73,-37.17,22.71,-7.26,7.04,91.32,41.13,1
a,2022-09-29 17:53:05.554067,0.30,0.34,0.78,-34.42,17.40,-6.23,6.49,91.58,43.98,1
a,2022-09-29 17:53:05.562375,0.38,0.36,0.80,-24.48,10.62,-7.39,6.49,91.58,43.98,1
a,2022-09-29 17:53:05.569716,0.54,0.39,0.73,-24.48,10.62,-7.39,6.49,91.58,43.98,1
a,2022-09-29 17:53:05.578187,0.54,0.33,0.67,-18.55,4.46,-2.99,6.49,91.58,43.98,1
a,2022-09-29 17:53:05.586433,0.36,0.26,0.69,-26.55,6.10,1.77,6.49,91.58,43.98,1
a,2022-09-29 17:53:05.594733,0.23,0.34,0.84,-37.72,3.72,6.04,6.49,91.58,43.98,1
a,2022-09-29 17:53:05.604183,0.30,0.40,0.91,-27.95,-7.81,14.16,6.99,91.63,42.74,1
a,2022-09-29 17:53:05.612696,0.32,0.33,0.86,-6.41,-38.45,31.31,6.99,91.63,42.74,1
a,2022-09-29 17:53:05.619861,0.25,0.26,0.90,-6.41,-38.45,31.31,6.99,91.63,42.74,1
a,2022-09-29 17:53:05.628186,0.26,0.33,0.95,10.62,-50.54,35.40,6.99,91.63,42.74,1
a,2022-09-29 17:53:05.636492,0.38,0.35,0.97,31.92,-68.36,42.79,6.99,91.63,42.74,1
a,2022-09-29 17:53:05.644731,0.51,0.19,0.82,61.22,-83.25,47.06,6.99,91.63,42.74,1
a,2022-09-29 17:53:05.653859,0.51,0.03,0.73,63.60,-86.73,40.34,8.74,91.60,39.84,1
a,2022-09-29 17:53:05.662136,0.53,0.04,0.67,41.32,-85.45,13.00,8.74,91.60,39.84,1
a,2022-09-29 17:53:05.669440,0.48,0.12,0.70,41.32,-85.45,13.00,8.74,91.60,39.84,1
a,2022-09-29 17:53:05.677764,0.57,0.18,0.69,-0.98,-72.81,5.92,8.74,91.60,39.84,1
a,2022-09-29 17:53:05.686121,0.41,0.24,0.79,-22.22,-65.86,-0.67,8.74,91.60,39.84,1
a,2022-09-29 17:53:05.694365,0.49,0.32,0.84,-38.45,-60.85,-3.97,8.74,91.60,39.84,1
a,2022-09-29 17:53:05.703868,0.44,0.42,0.92,-39.43,-59.45,-4.76,9.67,92.18,35.96,1
a,2022-09-29 17:53:05.712131,0.53,0.50,0.95,-28.26,-61.16,13.18,9.67,92.18,35.96,1
a,2022-09-29 17:53:05.720452,0.53,0.52,0.96,-6.23,-60.18,1.77,9.67,92.18,35.96,1
a,2022-09-29 17:53:05.728676,0.48,0.45,0.90,16.24,-58.90,4.58,9.67,92.18,35.96,1
a,2022-09-29 17:53:05.736868,0.52,0.40,0.92,35.64,-57.19,5.13,9.67,92.18,35.96,1
a,2022-09-29 17:53:05.745138,0.59,0.38,0.91,53.89,-53.04,6.04,9.67,92.18,35.96,1
a,2022-09-29 17:53:05.754288,0.58,0.27,0.95,79.10,-46.69,3.72,9.44,93.55,33.52,1
a,2022-09-29 17:53:05.762791,0.53,0.14,0.87,103.64,-23.01,-5.80,9.44,93.55,33.52,1
a,2022-09-29 17:53:05.770138,0.41,0.03,0.76,103.64,-23.01,-5.80,9.44,93.55,33.52,1
a,2022-09-29 17:53:05.778452,0.19,0.01,0.69,83.86,0.67,-13.06,9.44,93.55,33.52,1
a,2022-09-29 17:53:05.786708,0.10,0.13,0.68,57.98,32.17,-17.46,9.44,93.55,33.52,1
a,2022-09-29 17:53:05.795002,0.15,0.25,0.77,53.16,62.99,-13.49,9.44,93.55,33.52,1
a,2022-09-29 17:53:05.804181,0.38,0.31,0.83,74.46,88.26,-4.94,9.77,94.92,35.06,1
a,2022-09-29 17:53:05.812259,0.55,0.12,0.80,122.31,111.51,9.40,9.77,94.92,35.06,1
a,2022-09-29 17:53:05.819291,0.62,0.03,0.80,122.31,111.51,9.40,9.77,94.92,35.06,1
a,2022-09-29 17:53:05.827532,0.64,-0.06,0.85,101.07,106.20,10.44,9.77,94.92,35.06,1
a,2022-09-29 17:53:05.835870,0.67,-0.02,0.95,62.68,91.92,4.76,9.77,94.92,35.06,1
a,2022-09-29 17:53:05.844071,0.62,0.11,1.08,23.44,71.29,-3.78,9.77,94.92,35.06,1
a,2022-09-29 17:53:05.853446,0.53,0.21,1.13,6.23,49.50,-9.77,10.94,96.52,34.16,1
a,2022-09-29 17:53:05.861615,0.46,0.31,1.09,9.09,30.27,-12.94,10.94,96.52,34.16,1
a,2022-09-29 17:53:05.869594,0.48,0.36,1.04,21.12,17.52,-12.27,0.00,0.00,ovf,1
a,2022-09-29 17:53:05.877563,0.55,0.32,0.94,41.69,11.90,-9.64,0.00,0.00,ovf,1
a,2022-09-29 17:53:05.885616,0.57,0.19,0.84,56.27,10.38,-6.84,0.00,0.00,ovf,1
a,2022-09-29 17:53:05.893595,0.57,0.09,0.79,54.81,10.99,-6.35,0.00,0.00,ovf,1
a,2022-09-29 17:53:05.902946,0.57,0.04,0.75,42.60,12.63,-8.97,10.24,96.98,34.80,1
a,2022-09-29 17:53:05.911227,0.59,0.01,0.72,27.59,16.78,-13.98,10.24,96.98,34.80,1
a,2022-09-29 17:53:05.919471,0.59,-0.01,0.69,13.12,22.22,-20.14,10.24,96.98,34.80,1
a,2022-09-29 17:53:05.927948,0.60,-0.01,0.71,-6.10,25.02,-25.94,10.24,96.98,34.80,1
a,2022-09-29 17:53:05.936352,0.61,0.01,0.74,-23.93,25.51,-30.15,10.24,96.98,34.80,1
a,2022-09-29 17:53:05.944715,0.61,0.06,0.77,-35.03,24.90,-32.35,10.24,96.98,34.80,1
a,2022-09-29 17:53:05.953870,0.62,0.10,0.83,-35.10,23.62,-32.17,9.45,99.12,31.95,1
a,2022-09-29 17:53:05.962237,0.68,0.09,0.84,-20.69,22.22,-26.06,9.45,99.12,31.95,1
a,2022-09-29 17:53:05.969488,0.70,0.03,0.79,-20.69,22.22,-26.06,9.45,99.12,31.95,1
a,2022-09-29 17:53:05.977801,0.67,-0.02,0.75,0.61,21.06,-21.91,9.45,99.12,31.95,1
a,2022-09-29 17:53:05.986283,0.65,-0.07,0.74,-1.34,17.64,-18.31,9.45,99.12,31.95,1
a,2022-09-29 17:53:05.994861,0.64,-0.10,0.72,-4.27,13.92,-16.11,9.45,99.12,31.95,1
a,2022-09-29 17:53:06.004245,0.64,-0.11,0.72,-7.14,12.15,-16.48,9.61,100.82,33.40,1
