t,2022-10-14 16:53:00.295240,0.10,1.16,-0.11,-51.51,8.24,-20.14,-12.04,36.67,26.01,1
t,2022-10-14 16:53:00.312948,0.11,1.09,0.01,-31.31,14.95,-13.49,-12.04,36.67,26.01,1
t,2022-10-14 16:53:00.330757,0.11,1.02,0.08,-17.58,13.00,-7.81,-12.04,36.67,26.01,1
t,2022-10-14 16:53:00.351354,0.13,0.99,0.07,-19.53,2.44,0.06,-11.50,36.51,29.17,1
t,2022-10-14 16:53:00.367842,0.10,0.94,0.01,-17.21,0.12,4.39,-11.50,36.51,29.17,1
t,2022-10-14 16:53:00.386612,0.07,0.95,0.01,-6.71,6.16,7.51,-10.66,36.35,29.08,1
t,2022-10-14 16:53:00.404636,0.06,0.94,0.05,-1.10,11.96,8.61,-10.66,36.35,29.08,1
t,2022-10-14 16:53:00.422843,0.03,0.91,0.10,-3.36,7.93,4.03,-10.66,36.35,29.08,1
t,2022-10-14 16:53:00.442885,0.02,0.95,0.06,-9.83,-2.20,-11.23,-9.83,36.69,28.43,1
t,2022-10-14 16:53:00.460842,0.07,1.00,-0.01,-6.90,-1.65,-16.42,-9.83,36.69,28.43,1
t,2022-10-14 16:53:00.478842,0.13,0.92,-0.00,1.59,6.04,-18.43,-9.83,36.69,28.43,1
t,2022-10-14 16:53:00.497843,0.16,0.94,0.04,-6.84,6.65,-18.74,-9.16,37.39,30.00,1
t,2022-10-14 16:53:00.515842,0.14,0.94,0.06,-22.52,-10.62,-6.04,-9.16,37.39,30.00,1
t,2022-10-14 16:53:00.533842,0.11,0.97,-0.02,-40.59,-33.63,7.08,-9.16,37.39,30.00,1
t,2022-10-14 16:53:00.555209,-0.05,1.34,-0.42,9.52,-21.30,1.46,-9.41,37.50,30.55,1
t,2022-10-14 16:53:00.570883,0.03,0.98,0.08,109.31,21.61,6.04,-9.41,37.50,30.55,1
t,2022-10-14 16:53:00.589450,0.10,0.80,0.37,71.23,-35.03,8.61,-8.79,37.71,29.41,1
t,2022-10-14 16:53:00.607842,0.10,1.15,-0.10,52.92,-88.75,-0.55,-8.79,37.71,29.41,1
t,2022-10-14 16:53:00.625217,0.12,0.99,-0.13,95.58,-57.31,8.00,-8.79,37.71,29.41,1
t,2022-10-14 16:53:00.644343,0.17,0.79,0.24,99.98,-52.49,-0.85,-10.78,38.62,26.57,1
t,2022-10-14 16:53:00.663683,0.07,0.96,0.21,57.13,-50.60,-15.32,-10.78,38.62,26.57,1
t,2022-10-14 16:53:00.680580,0.10,0.90,0.44,69.03,-22.09,-10.68,-10.78,38.62,26.57,1
t,2022-10-14 16:53:00.699373,0.16,0.79,0.73,41.32,12.70,0.43,-11.33,40.41,25.35,1
t,2022-10-14 16:53:00.717661,0.11,0.77,0.73,-32.04,-3.60,2.20,-11.33,40.41,25.35,1
t,2022-10-14 16:53:00.736850,-0.05,1.01,0.34,-66.89,-22.46,-8.73,-11.95,39.36,25.92,1
t,2022-10-14 16:53:00.755868,-0.16,1.04,0.06,-7.08,18.25,-28.38,-11.95,39.36,25.92,1
t,2022-10-14 16:53:00.772072,0.11,0.98,0.29,15.14,57.50,-17.21,-11.95,39.36,25.92,1
t,2022-10-14 16:53:00.791843,0.28,0.84,0.47,-3.30,51.51,-15.20,-11.02,40.28,26.27,1
t,2022-10-14 16:53:00.809224,0.26,0.93,0.28,-36.38,29.72,-17.88,-11.02,40.28,26.27,1
t,2022-10-14 16:53:00.827682,0.26,1.00,0.13,-35.40,24.29,-14.77,-11.02,40.28,26.27,1
t,2022-10-14 16:53:00.848278,0.28,0.95,0.14,-22.77,24.90,-8.91,-10.82,39.47,27.51,1
t,2022-10-14 16:53:00.864843,0.30,0.89,0.19,-16.66,0.79,-12.21,-10.82,39.47,27.51,1
t,2022-10-14 16:53:00.883059,0.26,0.91,0.08,-37.48,-4.94,-17.94,-10.82,39.47,27.51,1
t,2022-10-14 16:53:00.902866,0.21,0.89,0.05,-25.09,-8.24,-20.32,-10.42,40.31,28.71,1
t,2022-10-14 16:53:00.920847,0.21,0.85,0.11,-23.99,-11.66,-11.66,-10.42,40.31,28.71,1
t,2022-10-14 16:53:00.942023,-0.43,1.06,0.09,-16.05,-3.78,-14.04,-10.11,41.61,27.22,1
t,2022-10-14 16:53:00.959508,0.20,0.75,0.42,23.25,12.94,-8.85,-10.11,41.61,27.22,1
t,2022-10-14 16:53:00.977399,-0.11,0.75,0.56,-36.62,-4.70,-16.05,-10.11,41.61,27.22,1
t,2022-10-14 16:53:00.996842,0.08,1.14,0.10,-66.83,-32.59,12.27,-9.05,40.72,27.23,1
t,2022-10-14 16:53:01.014867,0.06,1.05,0.10,-9.09,-15.93,62.68,-9.05,40.72,27.23,1
t,2022-10-14 16:53:01.033240,0.07,0.98,0.10,41.93,-6.23,88.75,-9.05,40.72,27.23,1
t,2022-10-14 16:53:01.052869,0.13,0.80,0.21,84.90,-4.09,96.13,-9.07,38.96,28.48,1
t,2022-10-14 16:53:01.069544,0.13,0.84,0.26,64.27,-14.95,88.56,-9.07,38.96,28.48,1
t,2022-10-14 16:53:01.088596,0.13,0.91,0.26,47.12,-20.63,74.10,-9.20,36.33,28.72,1
t,2022-10-14 16:53:01.106843,0.12,0.95,0.24,27.71,-29.11,54.44,-9.20,36.33,28.72,1
t,2022-10-14 16:53:01.124699,0.08,1.04,0.11,21.61,-32.04,26.55,-9.20,36.33,28.72,1
t,2022-10-14 16:53:01.144867,0.04,1.13,0.12,26.06,-23.13,4.88,-9.36,35.93,26.75,1
t,2022-10-14 16:53:01.161220,0.07,1.06,0.30,35.89,-12.39,-6.53,-9.36,35.93,26.75,1
t,2022-10-14 16:53:01.179224,0.06,1.03,0.38,31.68,-22.34,-20.94,-9.36,35.93,26.75,1
t,2022-10-14 16:53:01.198843,0.06,1.02,0.38,20.39,-27.04,-28.32,-8.84,37.19,26.05,1
t,2022-10-14 16:53:01.216991,0.01,0.98,0.41,21.85,-11.78,-22.22,-8.84,37.19,26.05,1
t,2022-10-14 16:53:01.238364,-0.01,0.84,0.49,14.16,1.34,-10.99,-9.57,38.09,25.95,1
t,2022-10-14 16:53:01.254844,-0.01,0.83,0.46,-13.24,5.37,-9.70,-9.57,38.09,25.95,1
t,2022-10-14 16:53:01.272849,-0.34,0.94,0.29,-37.29,23.38,-33.94,-9.57,38.09,25.95,1
t,2022-10-14 16:53:01.291849,-0.22,1.02,0.17,-12.02,41.38,-40.83,-9.56,37.70,26.81,1
t,2022-10-14 16:53:01.309218,0.09,0.94,0.34,9.83,32.47,-47.00,-9.56,37.70,26.81,1
t,2022-10-14 16:53:01.329150,0.17,1.04,0.13,-1.71,4.15,-52.00,-9.56,37.70,26.81,1
t,2022-10-14 16:53:01.346864,0.25,1.07,0.08,11.60,-6.47,-45.17,-11.36,38.15,25.62,1
t,2022-10-14 16:53:01.364483,0.32,0.95,0.15,41.75,-20.81,-24.66,-11.36,38.15,25.62,1
t,2022-10-14 16:53:01.382742,0.33,0.80,0.22,42.85,-32.17,-16.60,-11.36,38.15,25.62,1
t,2022-10-14 16:53:01.401941,0.29,0.79,0.28,28.75,-37.90,-15.50,-12.49,39.15,24.35,1
t,2022-10-14 16:53:01.419896,0.23,0.83,0.32,15.63,-38.27,-11.72,-12.49,39.15,24.35,1
t,2022-10-14 16:53:01.439872,0.20,0.83,0.35,14.53,-32.65,-5.07,-13.85,40.71,22.02,1
t,2022-10-14 16:53:01.456593,0.11,0.82,0.43,0.18,-24.96,-1.89,-13.85,40.71,22.02,1
t,2022-10-14 16:53:01.474163,0.04,0.87,0.46,-10.13,-22.58,-5.98,-13.85,40.71,22.02,1
t,2022-10-14 16:53:01.493492,0.04,0.92,0.44,-12.02,-20.14,-9.52,-14.48,41.22,21.83,1
