c,2022-10-30 17:17:39.459099,0.12,-0.40,0.91,19.84,24.96,-20.08,-29.97,13.37,-85.27,1
c,2022-10-30 17:17:39.480234,0.19,-0.43,0.88,14.10,24.90,-19.90,-29.97,13.37,-85.27,1
c,2022-10-30 17:17:39.500196,0.13,-0.38,0.88,-3.97,20.14,-21.42,-31.27,14.18,-86.00,1
c,2022-10-30 17:17:39.520619,0.07,-0.36,0.90,-5.25,18.68,-22.77,-31.27,14.18,-86.00,1
c,2022-10-30 17:17:39.542636,0.07,-0.51,0.84,9.34,10.38,-17.15,-32.89,14.94,-84.41,1
c,2022-10-30 17:17:39.562024,0.09,-0.52,0.82,14.16,3.85,-6.35,-32.89,14.94,-84.41,1
c,2022-10-30 17:17:39.582320,0.03,-0.41,0.89,2.01,0.79,-7.39,-32.89,14.94,-84.41,1
c,2022-10-30 17:17:39.604211,0.01,-0.44,0.89,-6.23,7.57,-16.05,-33.59,15.23,-85.14,1
c,2022-10-30 17:17:39.623461,0.09,-0.46,0.85,-8.36,11.90,-17.33,-33.59,15.23,-85.14,1
c,2022-10-30 17:17:39.645537,0.11,-0.45,0.80,-10.31,10.38,-16.78,-34.52,15.81,-83.80,1
c,2022-10-30 17:17:39.666845,0.11,-0.48,0.77,-11.66,-3.30,-15.14,-34.52,15.81,-83.80,1
c,2022-10-30 17:17:39.686222,0.12,-0.49,0.80,-10.50,-9.16,-10.86,-34.52,15.81,-83.80,1
c,2022-10-30 17:17:39.710519,0.03,-0.48,0.88,-15.56,-7.51,-8.54,-35.03,15.88,-82.09,1
c,2022-10-30 17:17:39.729177,-0.00,-0.52,0.87,-12.88,-0.55,0.61,-35.03,15.88,-82.09,1
c,2022-10-30 17:17:39.751638,0.04,-0.52,0.85,-10.62,1.16,8.12,-34.55,16.65,-81.87,1
c,2022-10-30 17:17:39.772760,0.05,-0.51,0.90,8.97,5.43,7.63,-34.55,16.65,-81.87,1
c,2022-10-30 17:17:39.792824,0.00,-0.53,0.84,-7.45,10.19,12.39,-35.18,16.48,-81.15,1
c,2022-10-30 17:17:39.813389,0.01,-0.41,0.76,-3.11,-3.78,26.86,-35.18,16.48,-81.15,1
c,2022-10-30 17:17:39.832709,-0.01,-0.43,0.69,2.08,-12.27,32.47,-35.18,16.48,-81.15,1
c,2022-10-30 17:17:39.856001,-0.01,-0.34,0.69,5.00,-33.45,35.58,-33.91,15.99,-80.59,1
c,2022-10-30 17:17:39.874371,-0.00,-0.26,0.80,-8.00,-39.12,21.97,-33.91,15.99,-80.59,1
c,2022-10-30 17:17:39.897239,-0.02,-0.18,0.77,-19.53,-44.19,-2.87,-30.75,16.24,-81.86,1
c,2022-10-30 17:17:39.917307,0.02,-0.12,0.95,-10.50,-51.70,-12.70,-30.75,16.24,-81.86,1
c,2022-10-30 17:17:39.937544,0.02,-0.08,1.06,-3.85,-30.03,-19.96,-30.75,16.24,-81.86,1
c,2022-10-30 17:17:39.959496,0.01,-0.11,1.07,10.07,-13.55,-23.99,-28.80,17.00,-81.13,1
c,2022-10-30 17:17:39.981320,-0.00,-0.18,1.03,29.85,-1.71,-28.02,-28.80,17.00,-81.13,1
c,2022-10-30 17:17:40.001638,0.01,-0.36,1.03,11.29,8.67,-38.82,-27.34,16.70,-81.60,1
c,2022-10-30 17:17:40.023240,0.00,-0.46,1.04,17.03,9.64,-28.87,-27.34,16.70,-81.60,1
c,2022-10-30 17:17:40.044047,-0.00,-0.56,0.99,41.81,3.91,-3.17,-28.19,17.91,-83.48,1
c,2022-10-30 17:17:40.064377,-0.02,-0.61,0.93,43.46,1.53,5.98,-28.19,17.91,-83.48,1
c,2022-10-30 17:17:40.086024,-0.03,-0.67,0.84,28.14,-3.42,8.24,-28.19,17.91,-83.48,1
c,2022-10-30 17:17:40.104503,-0.03,-0.59,0.82,9.22,-5.62,4.09,-28.23,17.57,-82.35,1
c,2022-10-30 17:17:40.124731,-0.04,-0.46,0.85,-18.80,-1.59,-11.11,-28.23,17.57,-82.35,1
c,2022-10-30 17:17:40.146399,-0.03,-0.38,0.88,-24.66,2.38,-14.59,-27.87,17.57,-82.47,1
c,2022-10-30 17:17:40.164962,-0.03,-0.34,0.91,-10.13,2.20,-7.45,-27.87,17.57,-82.47,1
c,2022-10-30 17:17:40.186524,-0.03,-0.37,0.91,1.89,0.31,-0.92,-27.87,17.57,-82.47,1
