q,2022-10-14 10:38:51.813178,-0.01,-0.35,0.78,10.19,13.18,-13.43,-96.07,84.17,-85.21,1
q,2022-10-14 10:38:51.828804,0.02,-0.30,0.78,2.14,10.25,-14.40,-97.16,85.10,-88.53,1
q,2022-10-14 10:38:51.860055,-0.02,-0.26,0.82,2.26,4.52,-10.80,-97.16,85.10,-88.53,1
q,2022-10-14 10:38:51.875682,-0.02,-0.32,0.83,12.57,0.61,-5.92,-97.16,85.10,-88.53,1
q,2022-10-14 10:38:51.891326,-0.00,-0.33,0.82,-8.61,0.00,-13.00,-100.15,85.97,-91.30,1
q,2022-10-14 10:38:51.906955,-0.05,-0.26,0.92,-11.29,-0.61,-13.73,-100.15,85.97,-91.30,1
q,2022-10-14 10:38:51.922576,-0.05,-0.26,0.95,-5.92,2.01,-9.89,-106.37,85.53,-94.95,1
q,2022-10-14 10:38:51.953812,-0.96,-0.74,1.14,0.43,2.93,21.73,-106.37,85.53,-94.95,1
q,2022-10-14 10:38:51.969455,-0.00,-0.48,0.90,45.41,-10.99,18.68,-106.37,85.53,-94.95,1
q,2022-10-14 10:38:51.985086,-0.04,-0.31,0.95,5.37,-9.03,4.15,-106.93,88.95,-93.69,1
q,2022-10-14 10:38:52.000708,-0.04,-0.37,0.80,-11.11,15.01,5.07,-106.93,88.95,-93.69,1
q,2022-10-14 10:38:52.016337,-0.04,-0.46,0.98,-18.68,12.27,0.18,-106.93,88.95,-93.69,1
q,2022-10-14 10:38:52.047567,-0.04,-0.50,0.85,-31.19,17.88,11.41,-103.23,88.18,-95.35,1
q,2022-10-14 10:38:52.056373,-0.01,-0.44,0.78,-39.92,11.23,17.21,-103.23,88.18,-95.35,1
q,2022-10-14 10:38:52.072022,-0.00,-0.28,0.76,-36.74,-3.05,20.14,-95.04,88.18,-99.46,1
q,2022-10-14 10:38:52.103256,-0.01,-0.19,0.75,-19.23,-17.88,25.39,-95.04,88.18,-99.46,1
q,2022-10-14 10:38:52.118899,-0.03,-0.09,0.76,-23.25,-32.65,18.68,-95.04,88.18,-99.46,1
q,2022-10-14 10:38:52.134525,-0.04,-0.03,0.76,-14.71,-42.85,15.75,-93.93,89.54,-97.14,1
q,2022-10-14 10:38:52.150152,-0.06,0.08,0.84,-14.83,-47.49,8.91,-93.93,89.54,-97.14,1
q,2022-10-14 10:38:52.165779,-0.09,0.14,0.98,-7.51,-43.70,-1.10,-93.93,89.54,-97.14,1
q,2022-10-14 10:38:52.197011,-0.11,0.14,1.09,5.43,-29.11,-9.28,-103.70,89.59,-90.14,1
q,2022-10-14 10:38:52.212639,-0.10,0.03,1.18,16.11,-18.43,-11.17,-103.70,89.59,-90.14,1
q,2022-10-14 10:38:52.228263,-0.10,-0.07,1.23,17.82,-11.54,-16.54,-115.82,87.02,-80.54,1
q,2022-10-14 10:38:52.243908,-0.09,-0.12,1.29,18.07,-7.02,-19.23,-115.82,87.02,-80.54,1
q,2022-10-14 10:38:52.259537,-0.10,-0.24,1.30,16.11,1.53,-14.71,-115.82,87.02,-80.54,1
q,2022-10-14 10:38:52.275159,-0.11,-0.38,1.25,2.87,14.22,-14.65,-121.69,84.35,-78.74,1
q,2022-10-14 10:38:52.306409,-0.10,-0.37,1.21,-11.60,26.92,-15.93,-121.69,84.35,-78.74,1
q,2022-10-14 10:38:52.322036,-0.07,-0.31,1.10,-29.11,44.56,-21.73,-121.69,84.35,-78.74,1
q,2022-10-14 10:38:52.337667,-0.04,-0.32,0.87,-17.64,27.59,-10.19,-117.26,81.95,-89.86,1
q,2022-10-14 10:38:52.353288,-0.06,-0.29,0.80,-0.55,11.05,1.95,-117.26,81.95,-89.86,1
q,2022-10-14 10:38:52.368918,-0.05,-0.28,0.69,1.77,3.54,3.78,-107.92,83.04,-96.40,1
q,2022-10-14 10:38:52.400154,-0.03,-0.25,0.62,-5.25,-6.29,-3.05,-107.92,83.04,-96.40,1
q,2022-10-14 10:38:52.415774,-0.13,-0.24,0.74,-5.13,-16.85,-4.94,-107.92,83.04,-96.40,1
q,2022-10-14 10:38:52.431419,-0.11,-0.25,0.77,-33.51,12.08,-5.62,-106.08,82.12,-98.89,1
q,2022-10-14 10:38:52.447048,0.03,0.05,0.31,-46.08,-1.46,-18.37,-106.08,82.12,-98.89,1
q,2022-10-14 10:38:52.462672,-0.08,-0.07,0.67,-8.91,-35.03,-5.25,-106.08,82.12,-98.89,1
q,2022-10-14 10:38:52.493903,-0.09,-0.11,0.72,-0.55,-37.60,-5.37,-113.22,77.10,-96.13,1
q,2022-10-14 10:38:52.509547,-0.07,-0.04,0.79,3.78,-39.37,-2.20,-113.22,77.10,-96.13,1
q,2022-10-14 10:38:52.525178,-0.10,-0.04,0.86,27.10,-41.93,2.75,-129.13,73.29,-79.54,1
q,2022-10-14 10:38:52.540800,-0.13,-0.14,1.06,30.40,-39.61,-2.20,-129.13,73.29,-79.54,1
q,2022-10-14 10:38:52.556429,-0.13,-0.17,1.11,30.82,-36.68,-3.66,-129.13,73.29,-79.54,1
q,2022-10-14 10:38:52.587678,-0.16,-0.23,1.19,32.47,-34.79,-4.03,-140.03,67.02,-53.56,1
q,2022-10-14 10:38:52.603286,-0.17,-0.24,1.19,25.82,-23.25,-2.62,-140.03,67.02,-53.56,1
q,2022-10-14 10:38:52.618930,-0.19,-0.25,1.23,25.63,-14.16,0.43,-140.03,67.02,-53.56,1
q,2022-10-14 10:38:52.634559,-0.20,-0.33,1.27,24.35,-7.14,1.46,-140.84,61.45,-34.74,1
q,2022-10-14 10:38:52.650169,-0.16,-0.40,1.20,11.84,6.04,7.57,-140.84,61.45,-34.74,1
q,2022-10-14 10:38:52.681432,-0.11,-0.19,1.05,9.03,-11.90,1.16,-140.55,61.12,-32.12,1
q,2022-10-14 10:38:52.697059,-0.14,-0.10,1.05,24.66,-30.94,5.31,-140.55,61.12,-32.12,1
q,2022-10-14 10:38:52.712667,-0.42,-0.15,1.42,-11.23,33.14,-4.39,-140.55,61.12,-32.12,1
q,2022-10-14 10:38:52.728294,-0.13,-0.15,1.01,-22.64,54.57,-20.51,-144.24,63.68,-35.61,1
q,2022-10-14 10:38:52.759548,-0.12,-0.21,0.90,-15.01,40.95,-22.16,-144.24,63.68,-35.61,1
q,2022-10-14 10:38:52.775190,-0.14,-0.22,0.93,-10.01,32.04,-21.00,-146.70,62.76,-51.84,1
q,2022-10-14 10:38:52.790819,-0.09,-0.36,0.72,10.86,16.66,-7.57,-146.70,62.76,-51.84,1
