P,2022-11-09 12:38:06.612817,0.26,0.06,0.96,-2.01,-5.31,-2.08,2.21,54.63,-122.86,1
P,2022-11-09 12:38:06.630795,0.25,0.12,0.99,0.43,-4.21,-0.37,2.21,54.63,-122.86,1
P,2022-11-09 12:38:06.649811,0.28,0.14,0.96,3.11,-0.67,-3.78,0.57,54.71,-122.14,1
P,2022-11-09 12:38:06.667720,0.31,0.13,0.94,-0.98,1.95,-11.17,0.57,54.71,-122.14,1
P,2022-11-09 12:38:06.685774,0.33,0.11,0.92,-8.85,2.62,-11.29,0.57,54.71,-122.14,1
P,2022-11-09 12:38:06.704860,0.31,0.11,0.91,-5.86,1.59,-4.15,-1.37,54.86,-122.66,1
P,2022-11-09 12:38:06.722802,0.32,0.12,0.89,-4.76,-1.77,1.59,-1.37,54.86,-122.66,1
P,2022-11-09 12:38:06.741889,0.31,0.15,0.90,-4.03,-4.09,-1.95,-3.82,55.33,-124.13,1
P,2022-11-09 12:38:06.759895,0.29,0.16,0.89,-11.72,-2.87,-9.16,-3.82,55.33,-124.13,1
P,2022-11-09 12:38:06.777891,0.26,0.12,0.85,-12.27,-3.60,-11.05,-3.82,55.33,-124.13,1
P,2022-11-09 12:38:06.796841,0.25,0.12,0.80,-14.28,-9.03,-11.60,-7.39,56.43,-122.36,1
P,2022-11-09 12:38:06.814932,0.19,0.12,0.79,-17.15,-17.82,-13.67,-7.39,56.43,-122.36,1
P,2022-11-09 12:38:06.832715,-0.15,0.23,1.15,45.35,14.04,7.57,-7.39,56.43,-122.36,1
P,2022-11-09 12:38:06.851600,0.20,0.02,0.91,44.07,17.03,23.25,-9.47,58.45,-121.06,1
P,2022-11-09 12:38:06.869623,0.17,0.01,0.81,0.43,19.41,16.24,-9.47,58.45,-121.06,1
P,2022-11-09 12:38:06.887757,0.23,0.05,0.89,3.05,-44.13,-10.50,-9.47,58.45,-121.06,1
P,2022-11-09 12:38:06.906888,0.16,-0.00,0.69,15.08,-55.24,-6.71,-7.70,58.94,-119.43,1
P,2022-11-09 12:38:06.924848,0.12,0.00,0.63,-10.56,-74.58,2.08,-7.70,58.94,-119.43,1
P,2022-11-09 12:38:06.943887,0.17,0.14,0.92,-15.63,-91.06,6.77,-4.88,59.67,-113.49,1
P,2022-11-09 12:38:06.961884,0.16,0.18,0.99,-18.92,-83.25,4.15,-4.88,59.67,-113.49,1
P,2022-11-09 12:38:06.979876,0.21,0.24,1.11,-20.02,-78.55,-1.59,-4.88,59.67,-113.49,1
P,2022-11-09 12:38:06.998988,0.12,0.25,1.16,-26.49,-48.34,-3.42,-1.99,61.05,-110.14,1
P,2022-11-09 12:38:07.017017,0.12,0.24,1.19,-19.29,-41.26,-2.56,-1.99,61.05,-110.14,1
P,2022-11-09 12:38:07.034993,0.14,0.21,1.29,-5.13,-25.88,-1.28,-1.99,61.05,-110.14,1
P,2022-11-09 12:38:07.054021,0.16,0.12,1.29,-1.34,-2.81,-1.65,-1.10,61.27,-109.29,1
P,2022-11-09 12:38:07.071783,0.13,0.12,1.10,17.82,-14.10,-7.81,-1.10,61.27,-109.29,1
P,2022-11-09 12:38:07.090730,0.09,0.14,1.09,45.17,-32.53,-14.65,-1.89,60.73,-108.74,1
P,2022-11-09 12:38:07.108988,0.27,0.05,2.01,47.85,-27.16,-20.32,-1.89,60.73,-108.74,1
P,2022-11-09 12:38:07.126594,0.04,0.09,0.92,2.20,81.60,-9.22,-1.89,60.73,-108.74,1
P,2022-11-09 12:38:07.145676,0.07,0.15,0.96,-6.90,76.54,3.97,-2.64,59.17,-111.12,1
P,2022-11-09 12:38:07.163730,0.15,0.14,1.00,-33.02,63.66,7.14,-2.64,59.17,-111.12,1
P,2022-11-09 12:38:07.181709,0.13,0.21,0.90,-40.83,57.68,2.69,-2.64,59.17,-111.12,1
P,2022-11-09 12:38:07.200879,0.17,0.28,0.89,-24.23,46.75,-3.66,-3.87,57.45,-114.76,1
P,2022-11-09 12:38:07.218720,0.20,0.31,0.89,-12.57,33.63,-9.34,-3.87,57.45,-114.76,1
P,2022-11-09 12:38:07.236680,0.11,0.35,0.81,13.98,12.88,-4.58,-3.87,57.45,-114.76,1
P,2022-11-09 12:38:07.255608,0.09,0.34,0.82,29.85,16.11,-2.14,-8.31,56.75,-117.58,1
P,2022-11-09 12:38:07.273757,0.14,0.33,0.85,36.19,21.55,-4.88,-8.31,56.75,-117.58,1
P,2022-11-09 12:38:07.292773,0.08,0.34,0.78,27.83,22.83,-18.98,-11.56,55.37,-119.37,1
P,2022-11-09 12:38:07.310777,0.19,0.31,0.76,7.93,18.92,-59.69,-11.56,55.37,-119.37,1
P,2022-11-09 12:38:07.328746,0.14,0.10,0.78,4.09,9.83,-64.94,-11.56,55.37,-119.37,1
P,2022-11-09 12:38:07.347793,0.17,0.04,0.74,2.75,1.83,-65.00,-14.93,51.83,-124.34,1
P,2022-11-09 12:38:07.365883,0.14,-0.08,0.75,10.07,-6.77,-56.82,-14.93,51.83,-124.34,1
P,2022-11-09 12:38:07.383862,0.15,-0.26,0.75,9.83,-20.75,-36.68,-14.93,51.83,-124.34,1
P,2022-11-09 12:38:07.402977,0.14,-0.36,0.84,-5.92,-33.14,-19.71,-16.37,49.00,-121.69,1
P,2022-11-09 12:38:07.420982,0.19,-0.31,0.97,-38.82,-46.39,-13.24,-16.37,49.00,-121.69,1
P,2022-11-09 12:38:07.439984,0.26,-0.17,1.16,-40.16,-49.56,-2.32,-15.50,50.87,-118.27,1
P,2022-11-09 12:38:07.457967,0.21,-0.13,1.15,-24.11,-31.07,18.19,-15.50,50.87,-118.27,1
P,2022-11-09 12:38:07.475899,0.21,-0.00,1.12,-25.02,-11.90,35.64,-15.50,50.87,-118.27,1
P,2022-11-09 12:38:07.494805,0.20,0.05,1.13,-21.00,-3.97,54.20,-9.91,53.28,-115.16,1
P,2022-11-09 12:38:07.512667,0.20,0.17,1.08,-13.67,4.52,70.80,-9.91,53.28,-115.16,1
P,2022-11-09 12:38:07.530620,0.21,0.31,1.02,-9.16,10.93,68.24,-9.91,53.28,-115.16,1
P,2022-11-09 12:38:07.549605,0.16,0.47,0.99,-11.11,11.47,45.96,-3.94,56.04,-114.09,1
P,2022-11-09 12:38:07.567636,0.12,0.60,0.89,-29.72,5.43,11.84,-3.94,56.04,-114.09,1
P,2022-11-09 12:38:07.585818,0.13,0.51,0.95,-17.33,-5.19,-3.05,-3.94,56.04,-114.09,1
P,2022-11-09 12:38:07.604693,0.10,0.39,0.84,15.44,-1.65,23.32,-2.81,56.15,-114.87,1
P,2022-11-09 12:38:07.622750,0.10,0.26,0.87,30.64,-3.17,33.75,-2.81,56.15,-114.87,1
P,2022-11-09 12:38:07.641673,0.07,0.18,0.89,20.32,8.85,34.00,-1.79,57.25,-113.87,1
P,2022-11-09 12:38:07.659741,-0.04,0.27,0.80,3.78,14.34,16.97,-1.79,57.25,-113.87,1
P,2022-11-09 12:38:07.677787,-0.04,0.27,1.00,-10.80,5.19,-13.24,-1.79,57.25,-113.87,1
P,2022-11-09 12:38:07.696764,-0.06,0.27,1.05,3.30,12.08,-5.49,-2.27,57.95,-116.78,1
P,2022-11-09 12:38:07.714601,0.01,0.31,1.01,32.59,29.97,8.36,-2.27,57.95,-116.78,1
P,2022-11-09 12:38:07.732723,0.14,0.26,0.97,43.58,31.62,6.65,-2.27,57.95,-116.78,1
P,2022-11-09 12:38:07.751598,0.21,0.22,0.97,48.58,32.47,2.93,-2.64,57.74,-118.47,1
P,2022-11-09 12:38:07.769677,0.27,0.17,0.92,46.20,33.08,-2.93,-2.64,57.74,-118.47,1
P,2022-11-09 12:38:07.787763,0.32,0.14,0.90,20.87,26.31,-15.63,-2.64,57.74,-118.47,1
P,2022-11-09 12:38:07.806711,0.30,0.13,0.91,21.79,20.39,-24.11,-2.58,56.41,-120.91,1
P,2022-11-09 12:38:07.824666,0.32,0.12,0.94,24.60,16.48,-23.50,-2.58,56.41,-120.91,1
