V,2022-10-22 12:40:51.304253,0.04,-0.64,0.90,14.16,-55.18,20.94,75.62,73.60,-116.00,1
V,2022-10-22 12:40:51.335706,0.02,-0.62,0.97,3.17,-52.98,26.67,62.10,63.98,-118.54,1
V,2022-10-22 12:40:51.351342,0.04,-0.59,0.97,4.76,-47.12,41.93,62.10,63.98,-118.54,1
V,2022-10-22 12:40:51.367210,-0.02,-0.52,0.96,-2.38,-51.21,44.62,46.24,54.02,-118.57,1
V,2022-10-22 12:40:51.382861,-0.08,-0.41,1.06,-6.29,-51.27,55.54,46.24,54.02,-118.57,1
V,2022-10-22 12:40:51.398419,-0.01,-0.20,0.99,11.84,-37.78,77.70,46.24,54.02,-118.57,1
V,2022-10-22 12:40:51.429925,0.06,-0.19,0.97,4.15,-41.56,67.26,26.64,47.14,-112.57,1
V,2022-10-22 12:40:51.445780,-0.01,-0.23,0.99,-0.12,-46.51,61.28,26.64,47.14,-112.57,1
V,2022-10-22 12:40:51.461450,-0.08,-0.21,1.07,-14.28,-45.47,63.60,4.79,43.68,-101.59,1
V,2022-10-22 12:40:51.476846,-0.10,-0.13,1.10,-25.76,-43.21,64.64,4.79,43.68,-101.59,1
V,2022-10-22 12:40:51.508046,-0.15,-0.04,1.16,-35.03,-34.00,61.77,4.79,43.68,-101.59,1
V,2022-10-22 12:40:51.524285,-0.16,0.10,1.23,-30.94,-24.96,58.35,-14.70,44.26,-87.04,1
V,2022-10-22 12:40:51.540164,-0.15,0.07,1.21,-7.39,-19.47,60.73,-14.70,44.26,-87.04,1
V,2022-10-22 12:40:51.555767,-0.16,0.01,1.17,8.97,-16.48,57.92,-29.81,50.77,-74.83,1
V,2022-10-22 12:40:51.586784,-0.17,-0.07,1.12,3.17,-7.45,52.55,-29.81,50.77,-74.83,1
V,2022-10-22 12:40:51.602627,-0.10,-0.05,1.05,-9.28,-0.73,45.35,-29.81,50.77,-74.83,1
V,2022-10-22 12:40:51.623232,-0.06,0.02,1.02,-18.74,-4.33,32.23,-42.92,57.43,-70.41,1
V,2022-10-22 12:40:51.634467,-0.13,-0.04,1.07,-12.63,-1.65,24.96,-42.92,57.43,-70.41,1
V,2022-10-22 12:40:51.665726,-0.12,-0.08,1.05,-19.59,6.65,17.88,-52.21,63.42,-66.37,1
V,2022-10-22 12:40:51.681630,-0.08,-0.06,1.04,-14.89,11.23,15.44,-52.21,63.42,-66.37,1
V,2022-10-22 12:40:51.696962,-0.04,-0.03,1.02,-22.95,14.59,7.81,-52.21,63.42,-66.37,1
V,2022-10-22 12:40:51.728665,-0.05,-0.05,1.00,-10.19,11.66,4.27,-62.13,68.63,-66.72,1
V,2022-10-22 12:40:51.744296,-0.07,-0.11,0.99,-2.20,11.41,5.07,-62.13,68.63,-66.72,1
V,2022-10-22 12:40:51.760153,-0.10,-0.11,1.00,-10.56,14.10,0.61,-73.06,70.86,-69.20,1
V,2022-10-22 12:40:51.775789,-0.10,-0.08,1.01,-19.53,19.10,-4.76,-73.06,70.86,-69.20,1
V,2022-10-22 12:40:51.806784,-0.06,-0.07,0.98,-18.43,20.20,-3.97,-73.06,70.86,-69.20,1
V,2022-10-22 12:40:51.823470,-0.05,-0.11,0.98,-6.23,15.50,0.18,-82.67,71.42,-72.58,1
V,2022-10-22 12:40:51.838694,-0.06,-0.11,1.00,-3.05,12.57,0.67,-82.67,71.42,-72.58,1
V,2022-10-22 12:40:51.854379,-0.12,-0.13,1.03,-7.57,12.88,-3.60,-92.21,71.70,-77.61,1
V,2022-10-22 12:40:51.885575,-0.06,-0.11,0.98,-27.22,15.63,-6.96,-92.21,71.70,-77.61,1
V,2022-10-22 12:40:51.901334,-0.03,-0.07,0.94,-16.11,13.06,-3.23,-92.21,71.70,-77.61,1
V,2022-10-22 12:40:51.923537,0.01,-0.08,0.87,-1.83,9.46,2.93,-99.05,71.46,-86.99,1
V,2022-10-22 12:40:51.933279,0.01,-0.13,0.85,1.89,4.21,3.72,-99.05,71.46,-86.99,1
V,2022-10-22 12:40:51.964535,0.01,-0.10,0.84,-6.29,-0.06,-1.16,-106.90,71.95,-90.04,1
V,2022-10-22 12:40:51.980438,0.00,-0.06,0.84,-12.63,-4.27,-5.92,-106.90,71.95,-90.04,1
V,2022-10-22 12:40:51.995983,0.00,-0.07,0.84,-5.19,-9.64,-6.04,-106.90,71.95,-90.04,1
V,2022-10-22 12:40:52.023416,-0.05,-0.07,0.88,-1.28,-13.98,-6.71,-115.87,69.21,-88.23,1
V,2022-10-22 12:40:52.043058,-0.51,-0.17,0.94,5.31,-14.04,-0.67,-115.87,69.21,-88.23,1
V,2022-10-22 12:40:52.058948,-0.03,0.10,0.99,-55.48,11.35,-5.68,-120.36,68.03,-85.00,1
V,2022-10-22 12:40:52.074301,-0.04,0.04,0.99,-4.27,6.59,10.01,-120.36,68.03,-85.00,1
V,2022-10-22 12:40:52.105547,-0.05,-0.04,0.87,32.53,-1.89,16.17,-120.36,68.03,-85.00,1
V,2022-10-22 12:40:52.123677,-0.06,-0.15,0.79,21.18,-23.50,-1.95,-119.01,68.60,-83.92,1
V,2022-10-22 12:40:52.137292,-0.08,-0.16,0.77,-1.77,-24.29,-14.83,-119.01,68.60,-83.92,1
V,2022-10-22 12:40:52.153164,-0.07,-0.07,0.79,-28.87,-29.54,-15.99,-114.72,65.81,-71.29,1
V,2022-10-22 12:40:52.184163,-0.08,-0.02,0.86,-17.33,-35.16,-8.54,-114.72,65.81,-71.29,1
V,2022-10-22 12:40:52.199785,-0.09,-0.01,0.96,11.29,-40.83,-0.67,-114.72,65.81,-71.29,1
V,2022-10-22 12:40:52.215749,-0.10,-0.06,0.94,17.64,-43.58,-5.07,-106.16,64.58,-53.76,1
V,2022-10-22 12:40:52.231990,-0.13,-0.11,1.01,15.56,-45.96,-12.45,-106.16,64.58,-53.76,1
V,2022-10-22 12:40:52.263257,-0.14,-0.11,1.07,4.70,-38.57,-24.05,-106.16,64.58,-53.76,1
V,2022-10-22 12:40:52.279144,-0.16,-0.06,1.10,0.92,-34.36,-29.24,-92.90,58.91,-39.33,1
V,2022-10-22 12:40:52.294689,-0.18,-0.05,1.16,13.18,-24.84,-28.69,-92.90,58.91,-39.33,1
V,2022-10-22 12:40:52.326176,-0.17,-0.13,1.15,18.31,-18.43,-28.20,-81.48,52.29,-32.71,1
V,2022-10-22 12:40:52.341839,-0.17,-0.28,1.14,15.32,-5.92,-20.20,-81.48,52.29,-32.71,1
V,2022-10-22 12:40:52.357688,-0.14,-0.29,1.10,15.75,1.40,-6.16,-77.54,48.46,-32.81,1
V,2022-10-22 12:40:52.388684,-0.20,-0.22,1.18,4.58,-0.67,0.79,-77.54,48.46,-32.81,1
V,2022-10-22 12:40:52.404306,-0.21,-0.16,1.27,-9.03,9.95,0.37,-77.54,48.46,-32.81,1
V,2022-10-22 12:40:52.423626,-0.17,-0.03,1.18,-3.17,43.27,5.07,-82.42,48.28,-38.94,1
V,2022-10-22 12:40:52.436386,-0.14,-0.02,1.10,9.46,45.84,7.32,-82.42,48.28,-38.94,1
V,2022-10-22 12:40:52.467654,-0.14,-0.01,0.99,8.36,41.38,-2.81,-91.17,46.00,-57.95,1
V,2022-10-22 12:40:52.483316,-0.12,-0.01,0.99,3.36,41.75,-11.11,-91.17,46.00,-57.95,1
V,2022-10-22 12:40:52.499072,-0.09,-0.04,0.90,8.12,37.17,-14.34,-91.17,46.00,-57.95,1
V,2022-10-22 12:40:52.530517,-0.10,-0.05,0.89,22.16,30.58,-9.89,-92.98,40.86,-76.54,1
V,2022-10-22 12:40:52.546422,-0.08,-0.12,0.90,31.19,41.87,-21.24,-92.98,40.86,-76.54,1
V,2022-10-22 12:40:52.562032,-0.06,-0.21,0.82,38.39,42.42,-26.00,-88.81,35.47,-95.70,1
V,2022-10-22 12:40:52.593028,-0.09,-0.21,0.77,37.90,32.41,-29.05,-88.81,35.47,-95.70,1
V,2022-10-22 12:40:52.608647,-0.23,-0.33,0.81,18.43,23.56,-31.31,-88.81,35.47,-95.70,1
V,2022-10-22 12:40:52.624388,-0.08,-0.23,0.73,-22.64,10.74,-21.00,-79.43,30.49,-108.37,1
V,2022-10-22 12:40:52.655654,-0.06,-0.13,0.82,-47.42,-1.53,-22.40,-79.43,30.49,-108.37,1
V,2022-10-22 12:40:52.671280,0.03,-0.00,0.86,-34.06,-5.31,-22.64,-70.94,28.61,-108.29,1
V,2022-10-22 12:40:52.687177,0.02,0.01,0.88,-25.57,-8.36,-28.81,-70.94,28.61,-108.29,1
V,2022-10-22 12:40:52.702682,-0.01,0.00,0.93,-5.62,-15.56,-30.88,-61.79,25.73,-103.94,1
V,2022-10-22 12:40:52.734017,-0.07,-0.03,0.99,3.23,-15.99,-28.56,-61.79,25.73,-103.94,1
