M,2022-10-28 14:40:50.361011,0.19,0.11,1.01,-5.86,11.35,-6.47,-23.25,-9.34,-196.02,1
M,2022-10-28 14:40:50.379969,0.21,0.05,0.99,-9.09,15.44,-3.54,-23.49,-12.92,-197.14,1
M,2022-10-28 14:40:50.398006,0.23,0.07,0.96,-18.80,16.11,3.48,-23.49,-12.92,-197.14,1
M,2022-10-28 14:40:50.416039,0.21,0.07,1.01,-35.77,17.88,9.77,-23.49,-12.92,-197.14,1
M,2022-10-28 14:40:50.434917,0.25,0.18,0.90,-44.37,14.95,14.71,-20.75,-15.04,-196.50,1
M,2022-10-28 14:40:50.453065,0.22,0.27,0.88,-53.22,8.79,9.46,-20.75,-15.04,-196.50,1
M,2022-10-28 14:40:50.470887,0.19,0.32,0.91,-55.54,7.57,0.06,-20.75,-15.04,-196.50,1
M,2022-10-28 14:40:50.490019,0.14,0.37,0.87,-57.56,12.45,-10.07,-17.15,-17.99,-197.52,1
M,2022-10-28 14:40:50.508080,0.02,0.26,0.86,-67.14,5.68,-10.31,-17.15,-17.99,-197.52,1
M,2022-10-28 14:40:50.526991,0.07,0.34,0.83,-64.94,7.14,-4.52,-13.88,-21.70,-199.22,1
M,2022-10-28 14:40:50.544978,0.05,0.37,0.72,-62.56,2.69,-5.07,-13.88,-21.70,-199.22,1
M,2022-10-28 14:40:50.563245,-0.02,0.40,0.62,-58.04,-9.46,-9.89,-13.88,-21.70,-199.22,1
M,2022-10-28 14:40:50.582065,-0.11,0.30,0.61,23.74,-52.73,10.44,-13.67,-24.04,-200.72,1
M,2022-10-28 14:40:50.600008,-0.02,0.28,0.64,107.73,-89.90,42.91,-13.67,-24.04,-200.72,1
M,2022-10-28 14:40:50.617976,-0.03,0.33,0.86,143.98,-121.40,56.95,-13.67,-24.04,-200.72,1
M,2022-10-28 14:40:50.636835,0.10,0.30,0.97,140.81,-123.23,51.09,-23.00,-12.26,-200.88,1
M,2022-10-28 14:40:50.654744,0.14,0.33,1.05,78.06,-91.43,19.23,-23.00,-12.26,-200.88,1
M,2022-10-28 14:40:50.674215,-0.03,0.36,1.21,19.35,-60.36,-6.41,-33.62,-2.78,-200.55,1
M,2022-10-28 14:40:50.692167,-0.20,0.37,1.45,-1.65,-20.32,-20.20,-33.62,-2.78,-200.55,1
M,2022-10-28 14:40:50.709954,-0.08,0.38,1.20,5.25,20.63,-11.05,-33.62,-2.78,-200.55,1
M,2022-10-28 14:40:50.729049,-0.02,0.39,1.29,18.55,30.64,-0.73,-33.52,-2.87,-199.50,1
M,2022-10-28 14:40:50.746836,0.03,0.30,1.22,12.82,65.12,4.70,-33.52,-2.87,-199.50,1
M,2022-10-28 14:40:50.764947,0.06,0.34,1.12,-14.40,85.33,-0.49,-33.52,-2.87,-199.50,1
M,2022-10-28 14:40:50.783958,0.04,0.34,0.90,-58.96,96.37,-20.63,-26.05,-5.66,-200.60,1
M,2022-10-28 14:40:50.802051,0.04,0.25,0.84,-89.66,80.63,-38.51,-26.05,-5.66,-200.60,1
M,2022-10-28 14:40:50.819999,0.05,0.27,0.85,-53.22,55.42,-25.27,-26.05,-5.66,-200.60,1
M,2022-10-28 14:40:50.839023,0.13,0.27,0.85,-59.63,38.94,-27.47,-18.51,-15.41,-200.67,1
M,2022-10-28 14:40:50.856951,0.06,0.25,0.70,-60.85,28.63,-32.84,-18.51,-15.41,-200.67,1
M,2022-10-28 14:40:50.876063,0.04,0.24,0.61,-46.20,14.53,-29.42,-15.28,-22.57,-198.13,1
M,2022-10-28 14:40:50.893983,0.11,0.19,0.63,10.01,-10.68,-3.42,-15.28,-22.57,-198.13,1
M,2022-10-28 14:40:50.911956,0.04,0.32,0.71,13.98,-6.16,-0.92,-15.28,-22.57,-198.13,1
M,2022-10-28 14:40:50.931122,-0.09,0.39,0.57,22.52,-25.88,-16.48,-15.38,-23.29,-198.02,1
M,2022-10-28 14:40:50.948961,0.03,0.30,0.72,65.73,-59.20,-13.24,-15.38,-23.29,-198.02,1
M,2022-10-28 14:40:50.967002,0.09,0.31,0.83,67.75,-69.58,-9.83,-15.38,-23.29,-198.02,1
M,2022-10-28 14:40:50.985994,0.05,0.30,0.93,65.37,-62.44,-6.23,-22.23,-20.41,-199.56,1
M,2022-10-28 14:40:51.003925,-0.00,0.31,0.97,66.71,-62.07,-3.23,-22.23,-20.41,-199.56,1
M,2022-10-28 14:40:51.023084,-0.03,0.35,0.94,73.67,-56.76,-0.06,-31.77,-16.02,-198.35,1
M,2022-10-28 14:40:51.040755,0.01,0.25,1.08,78.31,-46.94,0.55,-31.77,-16.02,-198.35,1
M,2022-10-28 14:40:51.058871,0.04,0.18,1.14,50.48,-23.44,2.81,-31.77,-16.02,-198.35,1
M,2022-10-28 14:40:51.077858,0.06,0.13,1.15,34.00,-7.02,11.41,-39.76,-12.22,-199.82,1
M,2022-10-28 14:40:51.095744,0.02,0.14,1.10,27.77,5.07,20.75,-39.76,-12.22,-199.82,1
M,2022-10-28 14:40:51.113755,0.06,0.11,1.11,20.20,4.76,17.46,-39.76,-12.22,-199.82,1
M,2022-10-28 14:40:51.132733,0.02,0.05,1.08,10.38,7.63,11.90,-42.69,-11.11,-200.05,1
M,2022-10-28 14:40:51.150970,0.01,0.25,1.21,-14.89,19.96,-1.34,-42.69,-11.11,-200.05,1
M,2022-10-28 14:40:51.168845,0.01,0.23,1.20,-21.55,43.58,-11.29,-42.69,-11.11,-200.05,1
M,2022-10-28 14:40:51.187978,0.05,0.21,1.16,-47.24,57.25,-23.32,-41.35,-14.27,-200.48,1
M,2022-10-28 14:40:51.205832,0.07,0.25,1.06,-71.53,64.03,-32.41,-41.35,-14.27,-200.48,1
M,2022-10-28 14:40:51.225046,0.09,0.29,0.97,-82.28,59.57,-34.97,-32.84,-25.50,-201.60,1
M,2022-10-28 14:40:51.242997,0.11,0.30,0.88,-74.28,55.05,-36.13,-32.84,-25.50,-201.60,1
M,2022-10-28 14:40:51.260963,0.10,0.25,0.83,-64.64,49.44,-36.80,-32.84,-25.50,-201.60,1
M,2022-10-28 14:40:51.280000,0.15,0.20,0.73,-45.04,39.18,-30.88,-25.63,-35.29,-198.96,1
M,2022-10-28 14:40:51.298005,0.06,0.11,0.71,-1.83,14.47,-6.29,-25.63,-35.29,-198.96,1
M,2022-10-28 14:40:51.315917,0.17,0.05,0.74,26.43,-2.38,12.39,-25.63,-35.29,-198.96,1
M,2022-10-28 14:40:51.334976,0.11,0.10,0.78,24.90,-1.65,13.37,-23.06,-37.52,-197.58,1
M,2022-10-28 14:40:51.353022,-0.15,0.17,0.32,8.00,-8.30,-3.30,-23.06,-37.52,-197.58,1
M,2022-10-28 14:40:51.371957,0.10,0.15,0.74,77.64,-90.52,13.55,-27.40,-35.21,-198.65,1
M,2022-10-28 14:40:51.389902,0.15,0.20,0.90,95.83,-106.20,12.76,-27.40,-35.21,-198.65,1
M,2022-10-28 14:40:51.407868,0.04,0.11,0.94,90.33,-94.36,12.02,-27.40,-35.21,-198.65,1
M,2022-10-28 14:40:51.426981,0.03,0.18,1.08,67.75,-80.38,8.73,-39.70,-26.59,-198.50,1
M,2022-10-28 14:40:51.445166,-0.02,0.22,1.07,40.77,-54.75,-3.17,-39.70,-26.59,-198.50,1
M,2022-10-28 14:40:51.463075,-0.03,0.20,1.17,25.70,-26.86,-4.46,-39.70,-26.59,-198.50,1
M,2022-10-28 14:40:51.482048,-0.02,0.16,1.19,7.08,-11.29,-8.24,-49.23,-21.87,-198.05,1
M,2022-10-28 14:40:51.500044,0.00,0.19,1.13,-7.08,0.67,-6.23,-49.23,-21.87,-198.05,1
M,2022-10-28 14:40:51.517997,-0.02,0.19,1.08,-11.29,7.26,-0.92,-49.23,-21.87,-198.05,1
M,2022-10-28 14:40:51.536914,-0.07,0.20,1.10,-8.54,15.44,6.29,-50.96,-21.35,-198.94,1
M,2022-10-28 14:40:51.555141,-0.18,0.14,1.18,-22.34,39.12,-0.85,-50.96,-21.35,-198.94,1
M,2022-10-28 14:40:51.574049,-0.07,0.15,1.09,-38.88,67.08,14.65,-47.07,-22.96,-199.66,1
M,2022-10-28 14:40:51.592042,-0.03,0.26,0.98,-65.86,74.89,17.33,-47.07,-22.96,-199.66,1
M,2022-10-28 14:40:51.609917,-0.03,0.34,0.89,-67.87,58.53,11.29,-47.07,-22.96,-199.66,1
M,2022-10-28 14:40:51.628869,0.09,0.35,0.87,-24.72,45.84,3.72,-38.26,-29.69,-197.72,1
M,2022-10-28 14:40:51.647006,0.16,0.32,0.85,-12.45,31.01,-8.36,-38.26,-29.69,-197.72,1
M,2022-10-28 14:40:51.665006,0.19,0.29,0.88,-12.63,19.04,-23.38,-38.26,-29.69,-197.72,1
