M,2022-10-28 14:40:57.488452,0.16,0.19,0.92,-30.27,3.48,24.17,-60.16,1.54,-192.21,1
M,2022-10-28 14:40:57.507412,0.20,0.29,0.92,-27.59,3.48,26.18,-57.93,1.92,-194.56,1
M,2022-10-28 14:40:57.525389,0.15,0.29,0.92,-38.21,4.46,18.13,-57.93,1.92,-194.56,1
M,2022-10-28 14:40:57.543420,0.16,0.39,0.90,-53.53,10.99,10.74,-57.93,1.92,-194.56,1
M,2022-10-28 14:40:57.562466,0.13,0.37,0.85,-58.59,8.97,4.03,-53.09,1.20,-198.40,1
M,2022-10-28 14:40:57.580394,0.21,0.58,0.70,-43.88,5.07,10.74,-53.09,1.20,-198.40,1
M,2022-10-28 14:40:57.598648,0.16,0.61,0.71,-56.03,-8.36,-8.06,-53.09,1.20,-198.40,1
M,2022-10-28 14:40:57.617898,0.13,0.67,0.66,-53.96,-15.01,-22.34,-50.96,-1.48,-201.46,1
M,2022-10-28 14:40:57.635961,-0.14,0.51,0.87,-40.83,-25.02,-42.11,-50.96,-1.48,-201.46,1
M,2022-10-28 14:40:57.655595,0.08,0.36,0.68,63.78,14.04,-0.43,-53.03,-1.77,-203.31,1
M,2022-10-28 14:40:57.673722,-0.14,0.25,0.33,58.41,-22.34,8.79,-53.03,-1.77,-203.31,1
M,2022-10-28 14:40:57.691659,0.15,0.26,0.78,114.14,-97.60,53.28,-53.03,-1.77,-203.31,1
M,2022-10-28 14:40:57.710397,0.10,0.24,0.78,113.71,-117.80,61.40,-61.25,9.23,-191.41,1
M,2022-10-28 14:40:57.728386,0.10,0.33,1.00,69.70,-116.94,41.56,-61.25,9.23,-191.41,1
M,2022-10-28 14:40:57.746383,0.05,0.31,1.06,40.04,-91.43,22.46,-61.25,9.23,-191.41,1
M,2022-10-28 14:40:57.765493,-0.00,0.38,1.12,20.75,-63.90,15.87,-65.69,15.54,-176.67,1
M,2022-10-28 14:40:57.783770,-0.11,0.67,1.25,-11.17,-15.63,-7.63,-65.69,15.54,-176.67,1
M,2022-10-28 14:40:57.801851,-0.04,0.59,1.07,-9.34,2.50,-18.49,-65.69,15.54,-176.67,1
M,2022-10-28 14:40:57.820768,-0.04,0.51,1.08,38.94,-10.74,-0.43,-66.33,15.30,-172.01,1
M,2022-10-28 14:40:57.838483,-0.02,0.53,1.23,55.60,15.26,11.90,-66.33,15.30,-172.01,1
M,2022-10-28 14:40:57.857634,-0.06,0.52,1.19,41.02,66.53,-1.04,-65.76,19.03,-177.40,1
M,2022-10-28 14:40:57.875734,-0.01,0.26,1.01,13.98,98.21,-20.20,-65.76,19.03,-177.40,1
M,2022-10-28 14:40:57.893650,0.04,0.18,0.79,-29.97,101.56,-24.17,-65.76,19.03,-177.40,1
M,2022-10-28 14:40:57.912665,-0.01,0.14,0.84,-63.35,80.20,-20.57,-61.04,16.03,-192.11,1
M,2022-10-28 14:40:57.930707,0.05,0.29,0.81,-86.85,52.31,-31.68,-61.04,16.03,-192.11,1
M,2022-10-28 14:40:57.948647,0.08,0.40,0.80,-76.29,38.76,-39.55,-61.04,16.03,-192.11,1
M,2022-10-28 14:40:57.967374,0.01,0.34,0.65,-67.99,26.37,-44.13,-55.20,5.73,-202.22,1
M,2022-10-28 14:40:57.985664,0.09,0.29,0.67,-43.33,6.71,-31.49,-55.20,5.73,-202.22,1
M,2022-10-28 14:40:58.004740,0.09,0.30,0.69,-16.72,-4.64,-11.17,-54.46,-0.26,-204.31,1
M,2022-10-28 14:40:58.022992,-0.12,0.43,0.53,-8.48,-19.96,-14.59,-54.46,-0.26,-204.31,1
M,2022-10-28 14:40:58.041732,0.03,0.39,0.64,23.19,-51.51,-9.83,-54.46,-0.26,-204.31,1
M,2022-10-28 14:40:58.060586,0.09,0.41,0.84,26.86,-63.72,-3.36,-61.34,-0.90,-198.96,1
M,2022-10-28 14:40:58.078643,0.07,0.42,0.79,26.55,-56.70,-4.21,-61.34,-0.90,-198.96,1
M,2022-10-28 14:40:58.096460,0.07,0.38,0.89,42.72,-57.07,1.71,-61.34,-0.90,-198.96,1
M,2022-10-28 14:40:58.115224,0.09,0.46,1.03,52.06,-58.72,8.61,-69.19,1.97,-189.44,1
M,2022-10-28 14:40:58.133408,0.04,0.45,0.98,56.70,-45.59,12.33,-69.19,1.97,-189.44,1
M,2022-10-28 14:40:58.151388,0.05,0.37,1.02,72.08,-36.80,16.97,-69.19,1.97,-189.44,1
M,2022-10-28 14:40:58.170376,0.05,0.31,1.03,58.90,-21.48,18.43,-75.35,6.02,-177.89,1
M,2022-10-28 14:40:58.188396,0.03,0.35,1.10,41.56,-18.92,12.94,-75.35,6.02,-177.89,1
M,2022-10-28 14:40:58.207454,0.02,0.32,1.08,46.20,-10.74,9.83,-78.82,9.64,-172.23,1
M,2022-10-28 14:40:58.225417,0.03,0.34,1.07,54.14,-2.99,11.17,-78.82,9.64,-172.23,1
M,2022-10-28 14:40:58.243300,0.02,0.27,1.03,76.35,0.49,19.35,-78.82,9.64,-172.23,1
M,2022-10-28 14:40:58.262586,-0.03,0.26,1.14,79.65,0.79,11.72,-82.08,14.60,-170.80,1
M,2022-10-28 14:40:58.280433,-0.04,0.27,1.28,58.41,24.54,-6.04,-82.08,14.60,-170.80,1
M,2022-10-28 14:40:58.298439,0.01,0.21,1.06,12.63,65.67,-24.35,-82.08,14.60,-170.80,1
M,2022-10-28 14:40:58.317416,0.00,0.19,0.97,-26.92,72.88,-30.09,-83.46,13.37,-177.14,1
M,2022-10-28 14:40:58.335658,0.02,0.28,0.95,-53.41,66.96,-38.76,-83.46,13.37,-177.14,1
M,2022-10-28 14:40:58.354384,0.00,0.27,0.88,-56.21,58.78,-46.63,-80.44,3.16,-189.03,1
M,2022-10-28 14:40:58.372652,0.10,0.32,0.89,-53.71,47.67,-52.98,-80.44,3.16,-189.03,1
M,2022-10-28 14:40:58.390479,0.13,0.09,0.70,-41.02,38.33,-52.00,-80.44,3.16,-189.03,1
M,2022-10-28 14:40:58.409587,0.16,0.07,0.83,-17.82,15.01,-20.26,-78.72,-8.79,-195.20,1
M,2022-10-28 14:40:58.427462,0.18,-0.02,0.74,8.97,2.62,3.36,-78.72,-8.79,-195.20,1
M,2022-10-28 14:40:58.445594,0.12,0.06,0.84,17.15,-4.64,18.43,-78.72,-8.79,-195.20,1
M,2022-10-28 14:40:58.464588,0.09,0.13,0.79,-11.96,5.07,-0.79,-78.36,-10.18,-196.40,1
M,2022-10-28 14:40:58.482831,-0.05,0.17,0.45,-16.24,-30.21,-8.73,-78.36,-10.18,-196.40,1
M,2022-10-28 14:40:58.500373,0.09,0.20,0.73,51.15,-105.77,13.00,-78.36,-10.18,-196.40,1
M,2022-10-28 14:40:58.519297,0.12,0.31,0.74,71.96,-114.20,21.30,-83.45,-8.79,-187.10,1
M,2022-10-28 14:40:58.537640,-0.01,0.23,0.94,74.16,-101.07,19.47,-83.45,-8.79,-187.10,1
M,2022-10-28 14:40:58.556766,-0.02,0.23,1.04,61.77,-84.66,16.66,-90.83,-2.10,-168.12,1
M,2022-10-28 14:40:58.574651,-0.05,0.22,1.07,37.84,-42.42,10.38,-90.83,-2.10,-168.12,1
M,2022-10-28 14:40:58.592684,-0.05,0.18,1.16,17.94,-18.98,5.92,-90.83,-2.10,-168.12,1
M,2022-10-28 14:40:58.611471,-0.05,0.18,1.09,1.83,0.98,1.46,-92.54,-1.07,-159.31,1
M,2022-10-28 14:40:58.629779,-0.04,0.20,1.06,-6.65,5.49,-1.04,-92.54,-1.07,-159.31,1
M,2022-10-28 14:40:58.647654,-0.05,0.18,1.06,-5.49,11.72,3.78,-92.54,-1.07,-159.31,1
M,2022-10-28 14:40:58.666773,-0.14,0.22,1.10,-10.62,16.17,4.15,-92.14,-0.31,-158.02,1
M,2022-10-28 14:40:58.684644,-0.22,0.16,1.18,-13.55,34.55,7.63,-92.14,-0.31,-158.02,1
M,2022-10-28 14:40:58.703643,-0.07,0.20,0.97,-22.58,61.77,18.49,-88.60,-1.88,-161.33,1
M,2022-10-28 14:40:58.721651,-0.01,0.23,0.89,-12.57,50.05,20.87,-88.60,-1.88,-161.33,1
M,2022-10-28 14:40:58.739633,-0.04,0.26,0.96,-0.12,25.70,15.20,-88.60,-1.88,-161.33,1
M,2022-10-28 14:40:58.758416,0.04,0.26,0.96,6.16,22.95,6.77,-82.50,-5.13,-166.11,1
M,2022-10-28 14:40:58.776417,0.10,0.26,0.94,3.11,21.61,-4.15,-82.50,-5.13,-166.11,1
