C,2022-10-18 11:49:49.372494,0.20,-0.21,0.84,0.31,30.94,-22.77,3.05,116.31,-44.32,1
C,2022-10-18 11:49:49.388168,0.13,-0.16,0.94,-17.40,28.14,-25.63,3.05,116.31,-44.32,1
C,2022-10-18 11:49:49.404060,0.18,-0.13,0.97,-13.67,16.36,-20.87,5.11,114.01,-43.49,1
C,2022-10-18 11:49:49.435386,0.16,-0.14,0.89,-7.02,3.11,-13.00,5.11,114.01,-43.49,1
C,2022-10-18 11:49:49.451122,0.13,-0.13,0.85,-5.07,0.43,-2.69,5.62,112.40,-46.14,1
C,2022-10-18 11:49:49.466755,0.15,-0.19,0.87,-2.01,0.55,7.87,5.62,112.40,-46.14,1
C,2022-10-18 11:49:49.490963,0.04,-0.05,0.94,40.89,0.37,4.82,5.62,112.40,-46.14,1
C,2022-10-18 11:49:49.507215,0.10,-0.15,0.93,30.33,3.91,11.72,6.69,113.27,-45.10,1
C,2022-10-18 11:49:49.523177,0.11,-0.16,0.94,4.94,1.16,17.21,6.69,113.27,-45.10,1
C,2022-10-18 11:49:49.554324,0.09,-0.16,0.91,-14.16,-4.39,20.26,7.84,113.00,-44.15,1
C,2022-10-18 11:49:49.571825,0.08,-0.06,0.89,-18.43,-5.31,14.65,7.84,113.00,-44.15,1
C,2022-10-18 11:49:49.589954,0.07,0.05,0.89,-18.80,-6.71,20.14,7.84,113.00,-44.15,1
C,2022-10-18 11:49:49.606015,0.07,0.03,0.87,-17.58,-10.62,27.59,7.45,113.10,-43.40,1
C,2022-10-18 11:49:49.621890,0.05,0.01,0.88,-21.91,-10.74,26.25,7.45,113.10,-43.40,1
C,2022-10-18 11:49:49.639465,0.06,0.09,0.96,-22.83,-11.96,20.63,6.76,112.44,-43.53,1
C,2022-10-18 11:49:49.671009,0.06,0.08,0.94,-19.47,-18.13,24.29,6.76,112.44,-43.53,1
C,2022-10-18 11:49:49.686635,0.05,0.05,0.93,-22.64,-20.81,24.60,6.76,112.44,-43.53,1
C,2022-10-18 11:49:49.711819,0.04,0.08,0.97,-28.69,-20.26,18.98,5.77,112.41,-44.97,1
C,2022-10-18 11:49:49.727638,0.03,0.17,0.98,-26.12,-20.57,17.03,5.77,112.41,-44.97,1
C,2022-10-18 11:49:49.743448,0.02,0.15,0.99,-19.96,-21.18,17.15,5.77,112.41,-44.97,1
C,2022-10-18 11:49:49.759351,0.02,0.13,0.97,-17.58,-25.82,18.68,4.90,112.57,-45.08,1
C,2022-10-18 11:49:49.775007,0.01,0.12,0.96,-19.17,-27.40,16.78,4.90,112.57,-45.08,1
C,2022-10-18 11:49:49.806206,0.00,0.13,0.96,-19.17,-25.63,13.61,3.27,112.85,-47.53,1
C,2022-10-18 11:49:49.821829,-0.00,0.19,1.00,-21.61,-23.44,10.31,3.27,112.85,-47.53,1
C,2022-10-18 11:49:49.837452,-0.03,0.19,0.99,-16.91,-24.54,9.28,3.27,112.85,-47.53,1
C,2022-10-18 11:49:49.869640,-0.03,0.19,1.00,-14.34,-25.70,6.04,0.99,112.51,-47.68,1
C,2022-10-18 11:49:49.885447,-0.03,0.21,1.00,-12.15,-28.02,6.29,0.99,112.51,-47.68,1
C,2022-10-18 11:49:49.905354,-0.05,0.20,0.99,-7.14,-27.16,6.84,-1.06,113.27,-49.83,1
C,2022-10-18 11:49:49.921312,-0.06,0.19,1.00,-0.37,-20.75,4.70,-1.06,113.27,-49.83,1
C,2022-10-18 11:49:49.937296,-0.07,0.14,1.00,0.43,-16.85,2.50,-1.06,113.27,-49.83,1
C,2022-10-18 11:49:49.968647,-0.07,0.15,1.01,-4.33,-13.12,-2.50,-3.45,112.85,-49.76,1
C,2022-10-18 11:49:49.984336,-0.10,0.14,1.00,-8.97,-11.41,-8.79,-3.45,112.85,-49.76,1
C,2022-10-18 11:49:50.000185,-0.11,0.21,0.99,-12.27,-7.20,-19.29,-4.90,111.69,-51.51,1
C,2022-10-18 11:49:50.015826,-0.13,0.29,0.99,-9.64,4.70,-31.07,-4.90,111.69,-51.51,1
C,2022-10-18 11:49:50.046952,-0.16,0.42,1.04,-1.53,11.23,-32.59,-4.90,111.69,-51.51,1
C,2022-10-18 11:49:50.062572,-0.15,0.48,1.06,23.50,14.28,-18.68,-5.29,109.52,-51.76,1
C,2022-10-18 11:49:50.079260,-0.13,0.23,1.02,62.07,16.54,13.24,-5.29,109.52,-51.76,1
C,2022-10-18 11:49:50.095078,-0.06,0.18,1.00,72.27,20.14,22.03,-4.42,111.19,-52.81,1
C,2022-10-18 11:49:50.110727,0.02,-0.04,0.93,80.99,24.17,23.13,-4.42,111.19,-52.81,1
