y,2022-10-21 10:16:06.798046,0.26,-0.30,0.89,-65.98,-18.74,48.28,26.60,32.01,-19.58,1
y,2022-10-21 10:16:06.817112,0.27,-0.26,0.93,-55.36,-16.48,57.50,34.81,25.43,-18.08,1
y,2022-10-21 10:16:06.835057,0.31,-0.30,0.88,-26.61,-16.66,69.40,34.81,25.43,-18.08,1
y,2022-10-21 10:16:06.853343,0.32,-0.31,0.86,-27.71,-15.32,65.31,34.81,25.43,-18.08,1
y,2022-10-21 10:16:06.872144,0.36,-0.31,0.85,-31.62,-15.38,59.81,42.35,15.05,-17.69,1
y,2022-10-21 10:16:06.890048,0.41,-0.27,0.86,-48.58,-22.40,53.10,42.35,15.05,-17.69,1
y,2022-10-21 10:16:06.908082,0.35,-0.12,0.91,-67.63,-30.46,49.13,42.35,15.05,-17.69,1
y,2022-10-21 10:16:06.927124,0.29,-0.02,0.90,-63.17,-37.48,44.31,46.78,4.96,-17.71,1
y,2022-10-21 10:16:06.945148,0.24,0.16,0.97,-35.40,-37.17,40.65,46.78,4.96,-17.71,1
y,2022-10-21 10:16:06.962916,0.24,0.09,0.89,-13.31,-33.20,34.67,46.78,4.96,-17.71,1
y,2022-10-21 10:16:06.981961,0.22,0.12,0.97,-21.85,-25.94,26.79,49.11,-6.38,-18.88,1
y,2022-10-21 10:16:07.000027,0.22,0.13,0.97,-20.69,-24.96,25.45,49.11,-6.38,-18.88,1
y,2022-10-21 10:16:07.018975,0.18,0.17,1.04,-27.89,-21.18,24.41,50.96,-15.59,-16.75,1
y,2022-10-21 10:16:07.036971,0.17,0.19,1.06,-25.57,-18.43,11.84,50.96,-15.59,-16.75,1
y,2022-10-21 10:16:07.055060,0.11,0.22,1.12,-25.27,-14.04,-4.58,50.96,-15.59,-16.75,1
y,2022-10-21 10:16:07.074174,0.14,0.18,1.11,-13.43,-10.38,-12.76,52.49,-20.25,-17.03,1
y,2022-10-21 10:16:07.092041,0.10,0.12,1.09,-3.72,-8.73,-6.59,52.49,-20.25,-17.03,1
y,2022-10-21 10:16:07.110069,0.11,0.02,1.05,16.17,-11.84,15.01,52.49,-20.25,-17.03,1
y,2022-10-21 10:16:07.128984,0.12,-0.08,0.95,9.64,-8.12,9.70,52.66,-22.92,-15.60,1
y,2022-10-21 10:16:07.147285,0.14,-0.07,0.93,-1.65,-0.79,-2.99,52.66,-22.92,-15.60,1
y,2022-10-21 10:16:07.165033,0.23,-0.02,0.95,-8.42,5.13,-12.70,52.66,-22.92,-15.60,1
y,2022-10-21 10:16:07.183976,0.20,0.02,0.96,-13.61,7.14,-20.81,52.84,-24.63,-14.20,1
y,2022-10-21 10:16:07.201974,0.17,0.03,1.00,1.65,5.25,-5.31,52.84,-24.63,-14.20,1
y,2022-10-21 10:16:07.221061,0.17,-0.09,0.94,5.25,-3.66,0.67,53.11,-25.22,-12.85,1
y,2022-10-21 10:16:07.239166,0.09,-0.11,0.93,-2.44,-5.31,1.95,53.11,-25.22,-12.85,1
y,2022-10-21 10:16:07.257169,0.11,-0.11,0.94,-4.88,-3.23,1.71,53.11,-25.22,-12.85,1
y,2022-10-21 10:16:07.276082,0.17,-0.10,0.92,-4.94,0.31,-2.14,54.39,-25.93,-11.71,1
y,2022-10-21 10:16:07.294248,0.20,-0.08,0.93,-6.41,1.28,-6.16,54.39,-25.93,-11.71,1
y,2022-10-21 10:16:07.312163,0.04,-0.11,0.85,-7.75,-5.74,-5.31,54.39,-25.93,-11.71,1
y,2022-10-21 10:16:07.330946,0.16,0.03,0.96,-22.22,14.77,-1.16,55.85,-26.01,-10.69,1
y,2022-10-21 10:16:07.348967,0.15,-0.14,0.99,-19.59,15.26,1.28,55.85,-26.01,-10.69,1
y,2022-10-21 10:16:07.367078,0.17,-0.11,0.99,-26.18,12.70,-1.89,55.85,-26.01,-10.69,1
y,2022-10-21 10:16:07.386146,0.23,-0.03,0.96,3.72,-20.39,-1.22,55.27,-25.37,-10.45,1
y,2022-10-21 10:16:07.404312,0.16,-0.04,0.88,-2.50,-10.19,-4.82,55.27,-25.37,-10.45,1
y,2022-10-21 10:16:07.423050,0.16,0.00,0.91,-1.22,-8.91,-3.91,56.76,-25.60,-11.61,1
y,2022-10-21 10:16:07.440968,0.13,0.04,0.95,0.79,-8.00,-3.54,56.76,-25.60,-11.61,1
y,2022-10-21 10:16:07.459138,0.13,0.03,0.99,8.97,-9.46,0.92,56.76,-25.60,-11.61,1
y,2022-10-21 10:16:07.478066,0.15,-0.01,0.96,15.26,-14.28,2.93,58.19,-25.57,-13.85,1
y,2022-10-21 10:16:07.496084,0.16,-0.01,1.00,10.68,-6.16,-3.60,58.19,-25.57,-13.85,1
y,2022-10-21 10:16:07.514078,0.15,-0.00,1.01,8.97,-2.38,-12.57,58.19,-25.57,-13.85,1
y,2022-10-21 10:16:07.533192,0.14,0.10,1.08,-0.49,2.38,-24.60,59.74,-24.10,-13.60,1
y,2022-10-21 10:16:07.550978,0.20,0.11,1.02,1.28,4.70,-33.39,59.74,-24.10,-13.60,1
y,2022-10-21 10:16:07.569154,0.23,0.18,1.11,-7.32,9.77,-36.50,59.74,-24.10,-13.60,1
y,2022-10-21 10:16:07.587937,0.20,0.13,1.12,20.75,4.09,-7.69,60.75,-19.15,-14.01,1
y,2022-10-21 10:16:07.606070,0.22,-0.11,1.03,30.94,5.07,-2.99,60.75,-19.15,-14.01,1
y,2022-10-21 10:16:07.625154,0.21,-0.20,1.03,28.02,10.44,-13.55,61.78,-15.76,-12.05,1
y,2022-10-21 10:16:07.642993,0.23,-0.31,0.98,23.74,14.40,-20.94,61.78,-15.76,-12.05,1
y,2022-10-21 10:16:07.660991,0.26,-0.34,0.97,5.19,17.40,-22.46,61.78,-15.76,-12.05,1
y,2022-10-21 10:16:07.680069,0.22,-0.25,0.99,-11.47,8.85,1.40,60.71,-11.96,-11.96,1
y,2022-10-21 10:16:07.697992,0.19,-0.24,0.91,-16.60,2.26,17.58,60.71,-11.96,-11.96,1
y,2022-10-21 10:16:07.716158,0.12,-0.22,0.88,-20.20,-2.20,18.74,60.71,-11.96,-11.96,1
y,2022-10-21 10:16:07.734978,0.10,-0.16,0.84,-20.39,-2.81,10.56,58.37,-11.49,-11.13,1
y,2022-10-21 10:16:07.753182,0.07,-0.09,0.83,-17.21,-1.83,3.30,58.37,-11.49,-11.13,1
y,2022-10-21 10:16:07.771074,0.07,0.06,0.82,-0.55,-7.08,-5.86,58.37,-11.49,-11.13,1
y,2022-10-21 10:16:07.790201,0.16,-0.05,0.79,1.28,2.62,-1.83,57.78,-10.88,-11.41,1
y,2022-10-21 10:16:07.808197,0.15,-0.13,0.80,-11.72,12.94,-0.31,57.78,-10.88,-11.41,1
y,2022-10-21 10:16:07.827224,0.05,-0.16,0.91,-34.00,21.73,-2.26,58.59,-10.13,-9.79,1
y,2022-10-21 10:16:07.845059,0.09,-0.01,0.98,-16.11,0.79,-3.60,58.59,-10.13,-9.79,1
y,2022-10-21 10:16:07.862996,0.15,-0.12,0.83,1.10,-12.88,0.73,58.59,-10.13,-9.79,1
y,2022-10-21 10:16:07.882212,0.14,-0.08,0.89,-1.34,-9.89,-0.67,59.78,-10.45,-12.17,1
y,2022-10-21 10:16:07.899954,0.14,-0.08,0.91,2.81,-15.87,3.30,59.78,-10.45,-12.17,1
y,2022-10-21 10:16:07.917981,0.13,-0.07,0.91,3.05,-16.54,7.39,59.78,-10.45,-12.17,1
y,2022-10-21 10:16:07.937097,0.12,-0.05,0.93,5.80,-19.17,9.46,62.15,-12.77,-13.78,1
y,2022-10-21 10:16:07.954935,0.14,-0.08,0.91,13.79,-23.01,12.08,62.15,-12.77,-13.78,1
y,2022-10-21 10:16:07.972959,0.19,-0.13,0.93,2.69,-15.56,3.72,62.15,-12.77,-13.78,1
y,2022-10-21 10:16:07.992032,0.20,-0.11,0.99,-5.86,-7.14,0.37,64.00,-14.56,-15.81,1
y,2022-10-21 10:16:08.010042,0.22,-0.07,1.08,-7.14,-3.66,8.12,64.00,-14.56,-15.81,1
y,2022-10-21 10:16:08.029185,0.23,-0.03,1.11,-5.37,-2.08,15.14,65.30,-18.10,-17.49,1
y,2022-10-21 10:16:08.047201,0.22,-0.05,1.12,-1.71,-0.43,23.38,65.30,-18.10,-17.49,1
y,2022-10-21 10:16:08.065142,0.19,-0.04,1.12,2.14,-0.12,14.89,65.30,-18.10,-17.49,1
y,2022-10-21 10:16:08.084060,0.16,-0.01,1.08,-4.94,1.28,2.56,64.86,-21.75,-17.30,1
y,2022-10-21 10:16:08.102040,0.15,-0.01,1.04,-9.03,-0.79,6.65,64.86,-21.75,-17.30,1
y,2022-10-21 10:16:08.119928,0.12,0.06,1.02,-13.55,-2.50,9.16,64.86,-21.75,-17.30,1
y,2022-10-21 10:16:08.139066,0.06,0.10,1.00,-13.24,-3.42,7.75,63.56,-22.90,-17.77,1
y,2022-10-21 10:16:08.157076,0.09,0.22,0.96,6.96,-7.69,5.49,63.56,-22.90,-17.77,1
y,2022-10-21 10:16:08.174953,0.11,0.07,0.90,18.43,-8.91,13.43,63.56,-22.90,-17.77,1
y,2022-10-21 10:16:08.194080,0.11,-0.08,0.88,16.78,-5.37,18.37,62.15,-23.96,-17.91,1
y,2022-10-21 10:16:08.211982,0.10,-0.17,0.90,2.26,-1.22,14.89,62.15,-23.96,-17.91,1
y,2022-10-21 10:16:08.231051,0.11,-0.13,0.94,-15.99,2.08,7.63,63.99,-23.99,-17.86,1
y,2022-10-21 10:16:08.249168,0.12,0.02,1.00,-25.15,2.99,-0.06,63.99,-23.99,-17.86,1
y,2022-10-21 10:16:08.267089,0.09,0.13,1.04,-16.97,0.73,2.08,63.99,-23.99,-17.86,1
y,2022-10-21 10:16:08.286040,-0.01,0.18,1.04,0.43,-0.98,10.19,63.12,-23.03,-17.69,1
y,2022-10-21 10:16:08.304157,-0.08,0.22,1.04,23.32,3.23,17.46,63.12,-23.03,-17.69,1
y,2022-10-21 10:16:08.322097,-0.04,0.24,1.10,34.48,32.10,14.10,63.12,-23.03,-17.69,1
y,2022-10-21 10:16:08.340935,0.06,0.17,1.09,44.13,48.22,-8.24,61.65,-21.52,-18.98,1
