r,2022-10-14 16:20:38.508778,0.37,-0.57,0.72,4.09,2.81,-2.26,10.01,-28.38,13.72,1
r,2022-10-14 16:20:38.527364,0.39,-0.61,0.68,-2.32,0.55,-1.89,10.01,-28.38,13.72,1
r,2022-10-14 16:20:38.547259,0.37,-0.57,0.72,-4.76,-2.26,-0.49,8.15,-28.32,13.21,1
r,2022-10-14 16:20:38.566488,0.37,-0.56,0.73,-3.60,-2.44,-0.31,8.15,-28.32,13.21,1
r,2022-10-14 16:20:38.587627,0.41,-0.59,0.69,-9.40,-1.95,-1.04,4.38,-28.67,12.72,1
r,2022-10-14 16:20:38.605490,0.40,-0.55,0.70,-12.27,-5.25,0.92,4.38,-28.67,12.72,1
r,2022-10-14 16:20:38.624283,0.40,-0.55,0.70,-7.63,-7.08,2.32,4.38,-28.67,12.72,1
r,2022-10-14 16:20:38.643226,0.41,-0.58,0.67,-13.61,-9.58,-0.24,-0.77,-28.34,12.67,1
r,2022-10-14 16:20:38.662145,0.36,-0.52,0.72,-22.71,-12.82,-4.03,-0.77,-28.34,12.67,1
r,2022-10-14 16:20:38.683736,0.34,-0.48,0.74,-26.86,-13.85,-6.10,-7.07,-28.52,16.53,1
r,2022-10-14 16:20:38.701622,0.31,-0.43,0.75,-17.27,-13.98,-5.00,-7.07,-28.52,16.53,1
r,2022-10-14 16:20:38.719476,0.28,-0.41,0.79,-8.54,-11.72,-3.97,-7.07,-28.52,16.53,1
r,2022-10-14 16:20:38.738477,0.27,-0.40,0.78,-0.67,-7.51,-4.46,-11.60,-30.46,17.99,1
r,2022-10-14 16:20:38.757479,-0.02,-0.54,0.85,27.22,-6.29,11.60,-11.60,-30.46,17.99,1
r,2022-10-14 16:20:38.777017,0.26,-0.45,0.80,26.31,-4.64,12.57,-11.60,-30.46,17.99,1
r,2022-10-14 16:20:38.795352,0.29,-0.41,0.76,-3.48,5.31,-7.81,-12.07,-32.69,16.70,1
r,2022-10-14 16:20:38.812820,0.30,-0.46,0.73,-1.65,6.77,-15.14,-12.07,-32.69,16.70,1
r,2022-10-14 16:20:38.832034,0.31,-0.49,0.71,3.23,3.05,-8.91,-6.05,-36.49,17.69,1
r,2022-10-14 16:20:38.852495,0.30,-0.48,0.71,7.57,3.85,-8.18,-6.05,-36.49,17.69,1
r,2022-10-14 16:20:38.872642,0.34,-0.54,0.70,11.54,5.00,-5.68,-6.05,-36.49,17.69,1
r,2022-10-14 16:20:38.891218,0.29,-0.53,0.67,11.78,5.80,-1.22,2.82,-40.00,19.02,1
r,2022-10-14 16:20:38.908226,0.34,-0.56,0.72,8.54,3.91,-5.19,2.82,-40.00,19.02,1
r,2022-10-14 16:20:38.926562,0.33,-0.58,0.70,4.64,3.36,-5.07,2.82,-40.00,19.02,1
r,2022-10-14 16:20:38.945493,0.35,-0.58,0.70,2.56,1.89,-6.10,13.24,-43.41,20.18,1
r,2022-10-14 16:20:38.964530,0.33,-0.58,0.71,0.18,0.61,-3.97,13.24,-43.41,20.18,1
r,2022-10-14 16:20:38.984039,0.35,-0.56,0.74,0.12,-1.22,-3.66,23.95,-45.59,23.61,1
r,2022-10-14 16:20:39.002797,0.33,-0.55,0.73,0.55,-2.62,-3.36,23.95,-45.59,23.61,1
r,2022-10-14 16:20:39.022452,0.34,-0.55,0.74,2.38,-3.97,-3.66,23.95,-45.59,23.61,1
r,2022-10-14 16:20:39.042343,0.35,-0.57,0.75,2.08,-3.78,-4.27,33.31,-46.28,26.61,1
r,2022-10-14 16:20:39.059773,0.35,-0.55,0.72,0.49,-4.21,-3.97,33.31,-46.28,26.61,1
r,2022-10-14 16:20:39.077869,0.33,-0.56,0.74,0.61,-5.31,-3.11,33.31,-46.28,26.61,1
r,2022-10-14 16:20:39.097656,0.35,-0.55,0.77,8.30,-6.65,-2.69,42.92,-46.52,28.39,1
r,2022-10-14 16:20:39.116090,0.36,-0.59,0.78,8.48,-5.68,-1.77,42.92,-46.52,28.39,1
r,2022-10-14 16:20:39.136436,0.36,-0.58,0.78,7.57,-5.00,-0.12,51.23,-46.98,28.43,1
r,2022-10-14 16:20:39.153640,0.37,-0.57,0.82,12.51,-4.21,2.99,51.23,-46.98,28.43,1
r,2022-10-14 16:20:39.172733,0.39,-0.60,0.85,13.43,-3.60,2.87,51.23,-46.98,28.43,1
r,2022-10-14 16:20:39.191602,0.39,-0.61,0.84,18.37,-3.42,2.50,55.02,-48.27,27.73,1
r,2022-10-14 16:20:39.209536,0.35,-0.59,0.78,23.44,-8.73,-2.26,55.02,-48.27,27.73,1
r,2022-10-14 16:20:39.229823,0.34,-0.57,0.78,27.95,-15.56,-5.43,55.02,-48.27,27.73,1
r,2022-10-14 16:20:39.248273,0.75,-0.97,1.41,35.34,-13.61,-3.78,54.99,-49.01,24.41,1
r,2022-10-14 16:20:39.266342,0.31,-0.47,0.65,-34.55,11.60,2.08,54.99,-49.01,24.41,1
r,2022-10-14 16:20:39.285456,0.35,-0.57,0.83,1.34,-2.99,2.14,47.85,-49.87,24.30,1
r,2022-10-14 16:20:39.303928,0.34,-0.59,0.73,-9.28,5.74,-1.53,47.85,-49.87,24.30,1
r,2022-10-14 16:20:39.323239,0.34,-0.56,0.79,-10.07,5.19,-2.93,47.85,-49.87,24.30,1
r,2022-10-14 16:20:39.342443,0.32,-0.52,0.74,-13.18,9.83,-3.97,38.67,-49.79,22.88,1
r,2022-10-14 16:20:39.361377,0.29,-0.53,0.67,-2.99,7.81,-4.52,38.67,-49.79,22.88,1
r,2022-10-14 16:20:39.380537,0.33,-0.54,0.76,3.66,1.59,-4.27,32.37,-49.88,20.63,1
r,2022-10-14 16:20:39.398582,0.32,-0.53,0.71,-3.85,5.92,-5.80,32.37,-49.88,20.63,1
r,2022-10-14 16:20:39.419318,0.29,-0.54,0.69,-1.10,3.85,-5.55,32.37,-49.88,20.63,1
r,2022-10-14 16:20:39.438551,0.30,-0.52,0.70,2.08,3.66,-5.13,28.33,-49.95,18.05,1
r,2022-10-14 16:20:39.456710,0.30,-0.53,0.64,3.78,0.49,-5.49,28.33,-49.95,18.05,1
r,2022-10-14 16:20:39.476250,0.31,-0.54,0.65,22.03,-13.06,3.42,28.33,-49.95,18.05,1
r,2022-10-14 16:20:39.496228,0.32,-0.60,0.80,29.05,-10.93,6.53,28.69,-51.09,16.14,1
r,2022-10-14 16:20:39.513509,0.31,-0.56,0.60,-7.08,7.93,-4.64,28.69,-51.09,16.14,1
r,2022-10-14 16:20:39.532964,0.33,-0.66,0.59,13.00,-6.84,5.55,30.77,-52.21,15.58,1
r,2022-10-14 16:20:39.550511,0.32,-0.61,0.68,6.04,-6.04,6.23,30.77,-52.21,15.58,1
r,2022-10-14 16:20:39.569308,0.30,-0.57,0.70,0.61,-1.83,3.54,30.77,-52.21,15.58,1
r,2022-10-14 16:20:39.588653,0.31,-0.56,0.69,-12.21,6.96,-9.89,32.18,-52.53,15.64,1
r,2022-10-14 16:20:39.607647,0.29,-0.48,0.71,-9.28,7.08,-13.79,32.18,-52.53,15.64,1
r,2022-10-14 16:20:39.625631,0.31,-0.50,0.74,0.24,4.46,-16.30,32.18,-52.53,15.64,1
r,2022-10-14 16:20:39.645330,0.35,-0.56,0.73,8.79,4.33,-13.06,37.95,-52.20,18.44,1
r,2022-10-14 16:20:39.662527,0.35,-0.58,0.73,31.07,3.36,-1.53,37.95,-52.20,18.44,1
r,2022-10-14 16:20:39.682639,0.36,-0.65,0.71,21.79,2.93,3.60,44.98,-53.37,17.85,1
r,2022-10-14 16:20:39.699554,0.37,-0.72,0.69,18.07,2.56,5.00,44.98,-53.37,17.85,1
r,2022-10-14 16:20:39.717817,0.37,-0.73,0.70,4.15,0.55,5.55,44.98,-53.37,17.85,1
r,2022-10-14 16:20:39.737819,0.33,-0.64,0.71,-10.80,-1.34,1.46,46.41,-53.22,18.32,1
r,2022-10-14 16:20:39.756819,0.30,-0.60,0.72,-19.59,-1.65,-9.03,46.41,-53.22,18.32,1
r,2022-10-14 16:20:39.774595,0.19,-0.65,0.79,-14.04,1.71,-5.62,46.41,-53.22,18.32,1
r,2022-10-14 16:20:39.795620,0.18,-0.70,0.73,1.77,16.05,7.75,44.78,-50.84,19.58,1
r,2022-10-14 16:20:39.812437,0.28,-0.70,0.66,8.36,17.33,10.56,44.78,-50.84,19.58,1
r,2022-10-14 16:20:39.832197,0.27,-0.80,0.65,3.23,16.78,8.30,40.81,-42.35,16.28,1
r,2022-10-14 16:20:39.849513,0.33,-0.81,0.56,0.55,17.76,12.63,40.81,-42.35,16.28,1
r,2022-10-14 16:20:39.869236,0.36,-0.84,0.54,-7.93,13.31,14.28,40.81,-42.35,16.28,1
r,2022-10-14 16:20:39.887607,0.41,-0.82,0.45,-18.55,9.28,21.85,31.62,-29.60,9.57,1
r,2022-10-14 16:20:39.906335,0.44,-0.76,0.40,-21.24,1.89,26.92,31.62,-29.60,9.57,1
r,2022-10-14 16:20:39.924523,0.42,-0.71,0.42,-24.29,-7.75,30.40,31.62,-29.60,9.57,1
r,2022-10-14 16:20:39.944250,0.38,-0.72,0.46,-22.16,-29.97,35.40,20.59,-17.36,6.92,1
r,2022-10-14 16:20:39.963173,0.39,-0.69,0.50,-20.14,-19.29,39.86,20.59,-17.36,6.92,1
r,2022-10-14 16:20:39.982557,0.40,-0.66,0.48,-28.38,-20.14,39.43,14.77,-6.48,3.64,1
r,2022-10-14 16:20:40.000479,0.43,-0.63,0.46,-35.10,-26.86,39.25,14.77,-6.48,3.64,1
r,2022-10-14 16:20:40.018854,0.38,-0.59,0.54,-38.51,-33.81,41.87,14.77,-6.48,3.64,1
r,2022-10-14 16:20:40.037521,0.35,-0.56,0.62,-35.46,-37.23,47.36,13.53,4.55,0.42,1
r,2022-10-14 16:20:40.058164,0.38,-0.51,0.62,-40.10,-36.01,47.79,13.53,4.55,0.42,1
r,2022-10-14 16:20:40.076083,0.40,-0.44,0.63,-51.88,-36.93,43.09,13.53,4.55,0.42,1
r,2022-10-14 16:20:40.094462,0.41,-0.40,0.67,-53.71,-38.76,43.15,13.66,20.75,-4.60,1
r,2022-10-14 16:20:40.112298,0.42,-0.31,0.68,-53.65,-41.63,46.33,13.66,20.75,-4.60,1
r,2022-10-14 16:20:40.131342,0.40,-0.24,0.74,-51.33,-47.12,45.10,24.10,39.45,-5.71,1
