L,2022-10-26 17:33:34.501408,0.25,-0.12,0.83,3.91,-2.87,2.99,19.19,108.72,-159.14,1
L,2022-10-26 17:33:34.520385,0.30,-0.14,0.83,7.20,-6.47,12.57,17.50,109.14,-158.98,1
L,2022-10-26 17:33:34.538289,0.27,-0.05,0.83,0.24,-18.07,10.93,17.50,109.14,-158.98,1
L,2022-10-26 17:33:34.557367,0.18,0.01,0.93,-10.38,-22.34,-3.78,16.11,110.85,-158.45,1
L,2022-10-26 17:33:34.575386,0.13,-0.00,0.99,-17.58,-15.32,-15.01,16.11,110.85,-158.45,1
L,2022-10-26 17:33:34.593472,0.16,-0.01,0.97,-18.25,-5.37,-15.63,16.11,110.85,-158.45,1
L,2022-10-26 17:33:34.612492,0.20,-0.00,0.94,-10.93,-3.36,-5.80,13.99,112.19,-158.23,1
L,2022-10-26 17:33:34.630442,0.17,0.10,0.95,-10.13,-4.33,-5.68,13.99,112.19,-158.23,1
L,2022-10-26 17:33:34.648442,0.14,0.15,0.99,-10.99,-4.09,-13.55,13.99,112.19,-158.23,1
L,2022-10-26 17:33:34.667377,0.08,0.11,1.06,-14.10,1.28,-24.96,12.55,112.50,-159.52,1
L,2022-10-26 17:33:34.685283,0.14,0.03,0.99,-6.10,16.05,-20.26,12.55,112.50,-159.52,1
L,2022-10-26 17:33:34.703376,0.35,-0.08,0.88,6.10,8.18,-4.76,12.55,112.50,-159.52,1
L,2022-10-26 17:33:34.722504,0.33,-0.11,0.91,7.75,-3.97,8.36,10.63,111.69,-158.78,1
L,2022-10-26 17:33:34.740282,0.25,-0.07,0.94,4.76,-8.42,17.64,10.63,111.69,-158.78,1
L,2022-10-26 17:33:34.759200,0.20,0.02,0.94,0.98,-9.89,19.53,10.33,113.85,-159.67,1
L,2022-10-26 17:33:34.777510,0.11,0.08,0.94,-13.31,-10.13,-6.47,10.33,113.85,-159.67,1
L,2022-10-26 17:33:34.795472,-0.05,0.04,1.01,-6.84,-10.25,-11.47,10.33,113.85,-159.67,1
L,2022-10-26 17:33:34.814372,0.17,0.04,0.88,7.93,-6.04,-5.19,8.48,114.25,-159.90,1
L,2022-10-26 17:33:34.832352,0.18,-0.02,0.90,2.75,0.06,-4.39,8.48,114.25,-159.90,1
L,2022-10-26 17:33:34.850379,0.18,0.07,0.88,-7.93,10.01,-2.26,8.48,114.25,-159.90,1
L,2022-10-26 17:33:34.869291,0.15,0.04,0.68,-4.52,10.25,1.59,9.58,114.09,-159.39,1
L,2022-10-26 17:33:34.887200,0.09,0.05,0.74,12.70,-11.11,8.97,9.58,114.09,-159.39,1
L,2022-10-26 17:33:34.906252,0.16,0.01,0.87,19.04,-25.27,10.93,10.71,114.55,-156.62,1
L,2022-10-26 17:33:34.924436,0.16,-0.00,0.89,-2.56,-14.47,-1.77,10.71,114.55,-156.62,1
L,2022-10-26 17:33:34.942440,0.13,0.05,0.89,-6.84,-11.72,-8.06,10.71,114.55,-156.62,1
L,2022-10-26 17:33:34.961282,0.17,0.06,0.91,0.67,-15.75,-7.02,13.04,115.93,-155.98,1
L,2022-10-26 17:33:34.979317,0.13,0.03,0.95,5.92,-15.38,-2.26,13.04,115.93,-155.98,1
L,2022-10-26 17:33:34.997201,0.18,0.08,0.93,8.91,-16.66,2.26,13.04,115.93,-155.98,1
L,2022-10-26 17:33:35.016380,0.16,-0.00,0.92,18.86,-19.35,6.29,16.43,117.07,-154.41,1
L,2022-10-26 17:33:35.034471,0.16,-0.02,0.92,17.21,-9.89,6.53,16.43,117.07,-154.41,1
L,2022-10-26 17:33:35.052378,0.16,-0.01,1.00,19.23,-12.39,4.33,16.43,117.07,-154.41,1
L,2022-10-26 17:33:35.071469,0.18,-0.04,1.00,17.09,-9.52,2.20,20.70,118.10,-152.37,1
L,2022-10-26 17:33:35.089383,0.15,-0.03,1.19,16.11,-7.39,4.88,20.70,118.10,-152.37,1
L,2022-10-26 17:33:35.108450,0.17,-0.03,1.05,4.46,-4.09,2.14,22.96,118.98,-154.54,1
L,2022-10-26 17:33:35.126335,0.16,-0.01,1.02,0.00,-6.84,2.01,22.96,118.98,-154.54,1
L,2022-10-26 17:33:35.144290,0.18,0.03,1.10,6.84,-14.34,5.62,22.96,118.98,-154.54,1
L,2022-10-26 17:33:35.163296,0.18,0.00,1.11,7.32,-9.03,2.81,24.89,119.64,-153.77,1
L,2022-10-26 17:33:35.181448,0.16,-0.03,1.05,0.61,3.72,-1.34,24.89,119.64,-153.77,1
L,2022-10-26 17:33:35.199298,0.14,0.00,1.00,-2.20,4.46,-0.85,24.89,119.64,-153.77,1
L,2022-10-26 17:33:35.218350,0.14,0.01,1.00,-0.85,-0.61,1.40,25.10,119.86,-152.93,1
L,2022-10-26 17:33:35.236504,0.14,0.04,1.00,1.83,-5.92,5.37,25.10,119.86,-152.93,1
L,2022-10-26 17:33:35.255306,0.13,0.02,1.00,10.56,-14.34,12.39,23.73,120.92,-153.74,1
L,2022-10-26 17:33:35.273281,0.12,0.04,0.99,12.63,-16.17,15.56,23.73,120.92,-153.74,1
L,2022-10-26 17:33:35.291203,0.07,0.22,0.92,15.44,-14.53,17.82,23.73,120.92,-153.74,1
L,2022-10-26 17:33:35.310437,0.06,0.18,0.88,-15.44,3.54,-28.50,21.87,119.98,-154.47,1
L,2022-10-26 17:33:35.328345,0.11,0.05,0.97,-16.54,5.00,-46.02,21.87,119.98,-154.47,1
L,2022-10-26 17:33:35.346346,0.10,0.18,0.93,-14.22,6.23,-41.75,21.87,119.98,-154.47,1
L,2022-10-26 17:33:35.365277,0.11,0.09,1.00,5.62,8.42,-28.14,15.93,119.02,-157.09,1
L,2022-10-26 17:33:35.383281,0.15,-0.00,1.00,27.28,10.31,-5.25,15.93,119.02,-157.09,1
L,2022-10-26 17:33:35.401279,0.14,-0.04,0.98,40.34,11.90,10.25,15.93,119.02,-157.09,1
L,2022-10-26 17:33:35.420279,0.13,-0.13,0.96,24.60,9.28,-4.33,11.28,117.48,-157.32,1
L,2022-10-26 17:33:35.438288,0.16,-0.11,0.95,10.80,5.43,-18.74,11.28,117.48,-157.32,1
L,2022-10-26 17:33:35.457422,0.12,-0.20,0.98,0.67,3.72,-28.69,6.31,114.72,-158.78,1
L,2022-10-26 17:33:35.475490,0.12,-0.24,0.97,10.86,1.34,-12.45,6.31,114.72,-158.78,1
L,2022-10-26 17:33:35.493358,0.13,-0.32,0.92,32.10,-4.58,22.58,6.31,114.72,-158.78,1
L,2022-10-26 17:33:35.512287,0.12,-0.16,0.92,29.79,-7.93,34.24,4.65,114.40,-160.71,1
L,2022-10-26 17:33:35.530488,0.13,-0.21,0.94,20.20,-2.99,19.35,4.65,114.40,-160.71,1
L,2022-10-26 17:33:35.548506,0.13,-0.20,0.94,2.69,-0.06,2.56,4.65,114.40,-160.71,1
L,2022-10-26 17:33:35.567441,0.13,-0.17,0.94,-12.02,2.99,-28.14,5.46,114.12,-158.03,1
L,2022-10-26 17:33:35.585499,0.14,-0.07,0.96,-26.18,5.55,-23.38,5.46,114.12,-158.03,1
L,2022-10-26 17:33:35.604285,0.14,-0.02,0.98,-26.00,6.04,-21.91,5.03,112.84,-159.25,1
L,2022-10-26 17:33:35.622349,0.14,0.01,0.98,-19.35,5.49,-15.50,5.03,112.84,-159.25,1
L,2022-10-26 17:33:35.640289,0.14,-0.00,0.97,-9.64,5.00,-6.65,5.03,112.84,-159.25,1
L,2022-10-26 17:33:35.659166,0.12,-0.04,0.95,-0.24,6.47,3.36,4.60,113.21,-159.22,1
L,2022-10-26 17:33:35.677350,-0.04,-0.26,1.01,11.11,8.42,14.04,4.60,113.21,-159.22,1
L,2022-10-26 17:33:35.695178,-0.04,-0.19,1.02,38.15,12.76,39.67,4.60,113.21,-159.22,1
L,2022-10-26 17:33:35.714109,0.02,-0.28,0.95,19.47,29.85,18.80,7.45,113.96,-159.97,1
L,2022-10-26 17:33:35.732494,0.04,-0.48,0.99,-1.53,26.25,-3.42,7.45,113.96,-159.97,1
L,2022-10-26 17:33:35.750364,0.13,-0.47,0.88,-15.26,25.88,-2.81,7.45,113.96,-159.97,1
L,2022-10-26 17:33:35.769371,0.17,-0.46,0.85,-12.02,17.58,5.92,13.05,112.18,-161.19,1
L,2022-10-26 17:33:35.787282,0.18,-0.56,0.84,-2.87,10.19,21.91,13.05,112.18,-161.19,1
L,2022-10-26 17:33:35.806280,0.26,-0.62,0.82,5.25,9.03,59.20,22.67,112.98,-159.51,1
L,2022-10-26 17:33:35.824113,0.34,-0.64,0.78,4.76,1.53,62.13,22.67,112.98,-159.51,1
L,2022-10-26 17:33:35.842498,0.31,-0.57,0.79,-12.27,-4.46,58.78,22.67,112.98,-159.51,1
