p,2022-10-16 22:35:40.125556,0.35,-0.86,0.51,-24.23,23.07,-19.84,-14.21,78.23,0.48,1
p,2022-10-16 22:35:40.144607,0.32,-0.89,0.54,-20.75,13.92,-11.35,-15.04,78.20,0.59,1
p,2022-10-16 22:35:40.162670,0.31,-0.86,0.58,-9.34,5.25,-0.98,-15.04,78.20,0.59,1
p,2022-10-16 22:35:40.180510,0.33,-0.86,0.55,-7.93,3.78,-0.61,-15.04,78.20,0.59,1
p,2022-10-16 22:35:40.199494,0.33,-0.86,0.55,-22.03,2.93,-5.49,-16.70,78.21,1.92,1
p,2022-10-16 22:35:40.217548,0.25,-0.84,0.63,-24.90,-1.59,-1.95,-16.70,78.21,1.92,1
p,2022-10-16 22:35:40.235569,0.16,-0.78,0.69,-13.73,-2.38,9.40,-16.70,78.21,1.92,1
p,2022-10-16 22:35:40.254293,0.23,-0.71,0.65,5.86,0.06,13.85,-16.81,79.42,2.27,1
p,2022-10-16 22:35:40.272468,0.36,-0.74,0.61,-1.28,6.04,-3.85,-16.81,79.42,2.27,1
p,2022-10-16 22:35:40.290383,0.36,-0.80,0.64,-16.30,10.74,-2.99,-16.81,79.42,2.27,1
p,2022-10-16 22:35:40.309477,0.32,-0.69,0.65,-26.55,13.06,6.71,-18.46,80.20,3.08,1
p,2022-10-16 22:35:40.327298,0.34,-0.63,0.61,-30.88,11.29,6.41,-18.46,80.20,3.08,1
p,2022-10-16 22:35:40.346426,0.42,-0.60,0.60,-35.77,7.87,2.26,-20.31,81.54,0.23,1
p,2022-10-16 22:35:40.364538,0.41,-0.54,0.56,-54.44,2.93,-5.55,-20.31,81.54,0.23,1
p,2022-10-16 22:35:40.382464,0.37,-0.46,0.56,-62.62,-3.85,-14.10,-20.31,81.54,0.23,1
p,2022-10-16 22:35:40.401539,0.25,-0.45,0.58,-68.18,-8.48,-30.76,-21.36,80.86,0.45,1
p,2022-10-16 22:35:40.419479,0.05,-0.56,0.77,-16.36,-17.88,-22.52,-21.36,80.86,0.45,1
p,2022-10-16 22:35:40.437295,0.23,-0.54,0.66,23.32,0.79,6.16,-21.36,80.86,0.45,1
p,2022-10-16 22:35:40.456525,-0.06,-0.33,0.21,-23.62,8.36,0.12,-21.70,80.75,1.04,1
p,2022-10-16 22:35:40.474650,0.17,-0.44,0.53,-18.25,-32.47,-42.48,-21.70,80.75,1.04,1
p,2022-10-16 22:35:40.493490,0.16,-0.49,0.49,-6.41,-46.81,-62.26,-20.64,77.23,2.23,1
p,2022-10-16 22:35:40.511643,0.29,-0.61,0.60,-3.30,-52.43,-60.79,-20.64,77.23,2.23,1
p,2022-10-16 22:35:40.529409,0.17,-0.50,0.71,13.31,-45.72,-38.64,-20.64,77.23,2.23,1
p,2022-10-16 22:35:40.548485,0.24,-0.57,0.79,35.83,-46.88,-28.08,-17.92,73.57,3.15,1
p,2022-10-16 22:35:40.566507,0.19,-0.63,0.77,44.86,-33.45,-16.24,-17.92,73.57,3.15,1
p,2022-10-16 22:35:40.584462,0.22,-0.78,0.92,42.85,-26.31,-7.32,-17.92,73.57,3.15,1
p,2022-10-16 22:35:40.603478,0.23,-0.61,0.70,48.89,-24.29,-4.27,-14.81,73.56,3.10,1
p,2022-10-16 22:35:40.621454,0.19,-0.73,0.79,53.28,-10.56,2.99,-14.81,73.56,3.10,1
p,2022-10-16 22:35:40.639798,0.20,-0.84,0.82,45.72,-3.23,-0.06,-14.81,73.56,3.10,1
p,2022-10-16 22:35:40.658364,0.27,-0.96,0.88,24.05,4.27,-0.85,-13.43,73.67,3.67,1
p,2022-10-16 22:35:40.676437,0.20,-0.85,0.72,-10.01,10.31,1.59,-13.43,73.67,3.67,1
p,2022-10-16 22:35:40.695357,0.18,-0.73,0.74,-22.22,-0.06,-10.99,-12.89,72.77,2.51,1
p,2022-10-16 22:35:40.713692,0.18,-0.69,0.75,-18.19,-9.09,-20.14,-12.89,72.77,2.51,1
p,2022-10-16 22:35:40.731641,0.16,-0.71,0.75,-10.01,-17.09,-24.17,-12.89,72.77,2.51,1
p,2022-10-16 22:35:40.750574,0.19,-0.79,0.87,-2.26,-23.13,-8.18,-13.82,72.67,3.43,1
p,2022-10-16 22:35:40.768403,0.04,-0.50,0.48,-33.69,56.52,60.91,-13.82,72.67,3.43,1
p,2022-10-16 22:35:40.786524,0.18,-0.74,0.82,-17.88,30.21,26.79,-13.82,72.67,3.43,1
p,2022-10-16 22:35:40.805391,0.20,-0.69,0.69,-14.65,27.22,19.53,-14.53,73.00,4.82,1
p,2022-10-16 22:35:40.823472,0.20,-0.68,0.67,-16.60,22.71,5.62,-14.53,73.00,4.82,1
p,2022-10-16 22:35:40.841423,0.22,-0.71,0.74,-12.08,17.33,4.21,-14.53,73.00,4.82,1
p,2022-10-16 22:35:40.860468,0.19,-0.62,0.71,-19.65,30.52,19.53,-16.38,73.60,3.52,1
p,2022-10-16 22:35:40.878474,0.20,-0.57,0.67,-23.99,31.86,21.61,-16.38,73.60,3.52,1
p,2022-10-16 22:35:40.897389,0.14,-0.50,0.64,-20.26,21.36,12.02,-19.02,75.44,2.67,1
p,2022-10-16 22:35:40.915283,0.07,-0.44,0.58,-2.69,12.15,1.95,-19.02,75.44,2.67,1
p,2022-10-16 22:35:40.933392,0.17,-0.50,0.62,-2.50,19.78,1.89,-19.02,75.44,2.67,1
p,2022-10-16 22:35:40.952382,0.19,-0.53,0.68,-3.91,26.18,3.97,-22.06,76.75,2.92,1
p,2022-10-16 22:35:40.970386,0.19,-0.49,0.65,3.48,16.17,4.70,-22.06,76.75,2.92,1
p,2022-10-16 22:35:40.988387,0.19,-0.48,0.61,16.78,8.12,-0.43,-22.06,76.75,2.92,1
p,2022-10-16 22:35:41.007459,0.21,-0.51,0.67,-1.71,38.57,-11.84,-24.04,78.43,4.06,1
p,2022-10-16 22:35:41.025378,0.19,-0.48,0.66,-0.31,44.07,-18.19,-24.04,78.43,4.06,1
p,2022-10-16 22:35:41.044293,0.29,-0.55,0.55,4.94,35.34,-21.36,-27.25,79.33,0.70,1
p,2022-10-16 22:35:41.062339,0.26,-0.62,0.61,23.19,17.46,-13.73,-27.25,79.33,0.70,1
p,2022-10-16 22:35:41.080407,0.21,-0.51,0.65,26.55,10.86,-14.28,-27.25,79.33,0.70,1
p,2022-10-16 22:35:41.099333,0.21,-0.62,0.61,23.25,10.93,-21.18,-30.18,79.90,0.83,1
p,2022-10-16 22:35:41.117493,0.21,-0.65,0.56,21.55,12.39,-28.14,-30.18,79.90,0.83,1
p,2022-10-16 22:35:41.135473,0.30,-0.85,0.53,12.70,9.95,-35.77,-30.18,79.90,0.83,1
p,2022-10-16 22:35:41.154378,0.28,-0.80,0.47,21.79,-11.84,-21.42,-32.69,78.49,1.71,1
p,2022-10-16 22:35:41.172485,0.30,-0.88,0.51,26.00,-15.99,-16.48,-32.69,78.49,1.71,1
p,2022-10-16 22:35:41.190607,0.25,-0.86,0.37,25.15,-27.59,-7.57,-32.69,78.49,1.71,1
p,2022-10-16 22:35:41.209442,0.37,-1.00,0.62,29.42,-52.12,-5.55,-30.83,76.21,4.60,1
p,2022-10-16 22:35:41.227377,0.33,-1.00,0.66,18.68,-42.18,13.92,-30.83,76.21,4.60,1
p,2022-10-16 22:35:41.246396,0.33,-0.87,0.47,11.47,-60.55,29.97,-25.13,75.10,7.08,1
p,2022-10-16 22:35:41.264377,0.34,-0.85,0.48,5.86,-72.88,42.85,-25.13,75.10,7.08,1
p,2022-10-16 22:35:41.282513,0.09,-0.65,0.93,-1.22,-65.67,39.67,-25.13,75.10,7.08,1
p,2022-10-16 22:35:41.301392,0.11,-0.60,0.93,-6.65,-35.22,17.94,-17.41,74.80,8.70,1
p,2022-10-16 22:35:41.319346,0.10,-0.59,1.00,-30.21,-1.53,-11.17,-17.41,74.80,8.70,1
p,2022-10-16 22:35:41.337478,0.17,-0.50,0.88,-42.42,14.77,-24.48,-17.41,74.80,8.70,1
p,2022-10-16 22:35:41.356299,0.22,-0.57,0.78,-30.33,7.02,-22.52,-16.33,73.69,7.31,1
p,2022-10-16 22:35:41.374592,0.21,-0.55,0.75,-19.90,-4.88,-9.95,-16.33,73.69,7.31,1
p,2022-10-16 22:35:41.393442,0.20,-0.57,0.73,-3.05,-13.00,11.84,-17.04,74.78,6.45,1
p,2022-10-16 22:35:41.411113,0.15,-0.62,0.72,7.57,-12.82,23.01,-17.04,74.78,6.45,1
p,2022-10-16 22:35:41.429376,-0.04,-0.58,0.87,1.40,-4.82,24.54,-17.04,74.78,6.45,1
p,2022-10-16 22:35:41.448281,-0.21,-0.55,0.95,-7.69,22.09,19.59,-17.63,77.16,4.79,1
p,2022-10-16 22:35:41.466339,-0.01,-0.52,0.93,30.58,38.57,26.43,-17.63,77.16,4.79,1
p,2022-10-16 22:35:41.484292,0.16,-0.46,0.84,35.89,53.34,8.00,-17.63,77.16,4.79,1
p,2022-10-16 22:35:41.503198,0.24,-0.62,0.79,36.87,56.27,1.89,-22.25,79.74,1.88,1
p,2022-10-16 22:35:41.521209,0.30,-0.62,0.72,42.72,55.42,11.72,-22.25,79.74,1.88,1
p,2022-10-16 22:35:41.539275,0.37,-0.66,0.61,48.10,52.61,15.50,-22.25,79.74,1.88,1
