D,2022-10-19 14:48:42.594760,0.50,-0.29,0.84,-5.19,43.46,-52.73,48.34,-14.15,-73.18,1
D,2022-10-19 14:48:42.613198,0.50,-0.45,0.79,-7.20,22.40,-46.69,48.34,-14.15,-73.18,1
D,2022-10-19 14:48:42.635808,0.36,-0.53,0.77,-17.76,5.74,-38.21,34.02,-3.89,-74.87,1
D,2022-10-19 14:48:42.654454,0.12,-0.52,0.83,-33.57,-1.71,-24.78,34.02,-3.89,-74.87,1
D,2022-10-19 14:48:42.675233,0.07,-0.49,0.88,-41.99,1.59,-24.41,28.82,2.39,-76.38,1
D,2022-10-19 14:48:42.697221,0.00,-0.45,0.93,-44.19,-1.28,-22.58,28.82,2.39,-76.38,1
D,2022-10-19 14:48:42.713907,0.05,-0.33,0.99,-45.10,0.06,-18.07,28.82,2.39,-76.38,1
D,2022-10-19 14:48:42.735705,0.12,-0.20,0.99,-46.94,11.54,-24.66,27.71,3.12,-78.59,1
D,2022-10-19 14:48:42.757046,0.18,-0.13,1.00,-42.60,12.57,-28.50,27.71,3.12,-78.59,1
D,2022-10-19 14:48:42.776107,0.19,-0.11,0.97,-38.33,13.55,-16.11,26.37,1.66,-79.81,1
D,2022-10-19 14:48:42.795971,0.23,-0.07,0.87,-37.11,9.34,-12.27,26.37,1.66,-79.81,1
D,2022-10-19 14:48:42.815136,0.27,0.04,0.85,-35.46,1.53,-17.82,26.37,1.66,-79.81,1
D,2022-10-19 14:48:42.838732,0.24,-0.00,0.74,-33.57,-9.40,-31.86,26.46,2.15,-79.59,1
D,2022-10-19 14:48:42.856463,0.19,-0.03,0.67,-25.39,-41.44,-20.08,26.46,2.15,-79.59,1
D,2022-10-19 14:48:42.876842,-1.29,0.09,1.32,-11.78,-51.94,-18.07,29.00,5.18,-77.22,1
D,2022-10-19 14:48:42.898403,0.12,0.15,0.93,25.94,40.71,0.67,29.00,5.18,-77.22,1
D,2022-10-19 14:48:42.915662,0.14,-0.17,1.09,8.91,-55.60,-21.97,29.00,5.18,-77.22,1
D,2022-10-19 14:48:42.936598,0.07,-0.06,0.68,8.85,-14.22,-25.45,30.87,5.16,-77.04,1
D,2022-10-19 14:48:42.956489,0.04,-0.08,0.83,2.20,-33.87,-25.94,30.87,5.16,-77.04,1
D,2022-10-19 14:48:42.978512,0.04,-0.09,0.90,8.06,-14.71,-16.24,32.08,7.96,-80.74,1
D,2022-10-19 14:48:42.995923,0.09,-0.06,1.03,13.85,-14.47,-5.98,32.08,7.96,-80.74,1
D,2022-10-19 14:48:43.016876,0.13,-0.13,1.15,18.80,-11.41,-3.72,32.08,7.96,-80.74,1
D,2022-10-19 14:48:43.039645,0.14,-0.13,1.28,14.34,-11.54,2.26,32.98,10.35,-82.90,1
D,2022-10-19 14:48:43.057870,0.12,-0.08,1.30,6.29,-21.30,8.06,32.98,10.35,-82.90,1
D,2022-10-19 14:48:43.078985,0.12,-0.06,1.28,9.95,-25.70,16.97,32.63,11.93,-83.23,1
D,2022-10-19 14:48:43.100592,0.04,-0.05,1.16,13.18,-30.21,33.51,32.63,11.93,-83.23,1
D,2022-10-19 14:48:43.119953,-0.07,-0.03,1.54,15.20,-34.55,37.48,32.65,12.02,-83.69,1
D,2022-10-19 14:48:43.140307,0.09,-0.18,1.13,10.50,65.49,23.38,32.65,12.02,-83.69,1
D,2022-10-19 14:48:43.159284,0.16,-0.28,1.08,-13.37,65.37,7.69,32.65,12.02,-83.69,1
D,2022-10-19 14:48:43.182709,0.21,-0.28,0.90,-42.42,69.21,-0.73,28.91,9.03,-81.64,1
D,2022-10-19 14:48:43.201117,0.27,-0.09,0.80,-46.57,57.25,-2.62,28.91,9.03,-81.64,1
D,2022-10-19 14:48:43.224811,0.29,0.07,0.75,-34.97,30.76,-9.70,27.08,7.28,-82.52,1
D,2022-10-19 14:48:43.241761,0.34,0.10,0.70,-32.10,17.03,-18.80,27.08,7.28,-82.52,1
D,2022-10-19 14:48:43.259713,-0.30,0.18,0.93,-10.44,-53.53,6.59,27.08,7.28,-82.52,1
D,2022-10-19 14:48:43.279103,0.09,-0.05,0.92,24.23,-42.48,21.42,26.81,7.90,-81.64,1
D,2022-10-19 14:48:43.297410,-0.11,0.87,1.77,9.16,-12.15,9.64,26.81,7.90,-81.64,1
D,2022-10-19 14:48:43.319200,0.05,0.33,0.57,-4.46,84.78,-81.67,26.81,7.90,-81.64,1
D,2022-10-19 14:48:43.335510,0.11,0.25,0.85,26.18,1.46,-60.42,18.57,8.84,-83.25,1
D,2022-10-19 14:48:43.353635,0.06,0.08,0.75,54.81,-6.16,-35.71,18.57,8.84,-83.25,1
D,2022-10-19 14:48:43.374296,0.06,-0.23,0.72,67.99,-14.59,-23.44,5.60,10.77,-87.06,1
D,2022-10-19 14:48:43.393443,0.11,-0.38,0.67,53.89,-19.41,-21.73,5.60,10.77,-87.06,1
D,2022-10-19 14:48:43.412839,0.11,-0.67,0.67,36.87,-31.74,-24.90,5.60,10.77,-87.06,1
D,2022-10-19 14:48:43.434356,0.09,-0.75,0.65,25.27,-46.08,-21.48,-5.52,13.20,-90.32,1
D,2022-10-19 14:48:43.456359,0.13,-0.80,0.79,12.39,-53.34,1.04,-5.52,13.20,-90.32,1
D,2022-10-19 14:48:43.474866,0.13,-0.65,0.91,1.83,-44.86,21.36,-4.26,15.72,-87.94,1
D,2022-10-19 14:48:43.495312,0.12,-0.47,0.97,-18.25,-29.17,18.92,-4.26,15.72,-87.94,1
D,2022-10-19 14:48:43.515702,0.07,-0.29,1.13,-27.83,-26.49,12.63,-4.26,15.72,-87.94,1
D,2022-10-19 14:48:43.534527,0.13,-0.24,1.26,-36.87,-19.96,12.76,11.41,17.24,-84.96,1
D,2022-10-19 14:48:43.555388,0.07,0.06,1.28,-34.18,-11.11,20.14,11.41,17.24,-84.96,1
D,2022-10-19 14:48:43.577815,-0.04,0.79,1.48,-43.82,13.49,-25.76,30.40,13.31,-86.51,1
D,2022-10-19 14:48:43.594811,0.13,0.09,1.28,-14.28,10.86,26.73,30.40,13.31,-86.51,1
D,2022-10-19 14:48:43.613503,0.02,0.47,1.16,-2.62,-5.13,42.85,30.40,13.31,-86.51,1
D,2022-10-19 14:48:43.633972,0.00,0.21,1.04,16.42,-17.52,39.00,42.74,8.18,-82.09,1
D,2022-10-19 14:48:43.656801,-0.04,0.20,0.97,15.50,-25.39,29.17,42.74,8.18,-82.09,1
D,2022-10-19 14:48:43.674633,-0.01,0.16,1.09,18.86,-8.67,20.63,44.95,6.41,-81.47,1
D,2022-10-19 14:48:43.692859,-0.14,0.19,0.78,21.06,27.04,5.80,44.95,6.41,-81.47,1
D,2022-10-19 14:48:43.712206,-0.33,0.08,0.93,26.92,3.36,15.44,44.95,6.41,-81.47,1
D,2022-10-19 14:48:43.733581,-0.26,0.19,1.01,63.05,15.87,57.07,37.34,8.44,-79.82,1
D,2022-10-19 14:48:43.750819,-0.09,0.09,1.00,71.78,17.88,55.30,37.34,8.44,-79.82,1
D,2022-10-19 14:48:43.772689,-0.06,-0.00,1.02,65.55,27.40,29.79,21.95,7.82,-80.08,1
D,2022-10-19 14:48:43.794902,0.08,-0.19,0.98,36.07,62.81,-24.41,21.95,7.82,-80.08,1
D,2022-10-19 14:48:43.811547,0.26,-0.26,0.92,21.36,73.55,-40.28,21.95,7.82,-80.08,1
D,2022-10-19 14:48:43.831147,0.46,-0.32,0.87,6.41,59.45,-41.63,1.34,4.08,-82.43,1
D,2022-10-19 14:48:43.849236,0.46,-0.36,0.86,-2.99,42.11,-42.79,1.34,4.08,-82.43,1
D,2022-10-19 14:48:43.869152,0.41,-0.38,0.85,-8.85,26.92,-40.47,-14.32,0.50,-88.15,1
D,2022-10-19 14:48:43.891466,0.29,-0.50,0.86,-15.38,11.35,-34.91,-14.32,0.50,-88.15,1
D,2022-10-19 14:48:43.908280,0.21,-0.50,0.86,-20.94,6.10,-26.12,-14.32,0.50,-88.15,1
D,2022-10-19 14:48:43.928408,0.17,-0.53,0.86,-23.74,0.73,-22.89,-24.48,-0.99,-93.97,1
D,2022-10-19 14:48:43.950380,0.07,-0.47,0.96,-33.26,-4.27,-14.53,-24.48,-0.99,-93.97,1
D,2022-10-19 14:48:43.969580,0.08,-0.37,0.95,-32.29,-1.04,-5.13,-28.53,0.44,-96.98,1
