H,2022-11-05 17:37:26.663825,0.49,1.17,0.42,6.53,27.71,39.43,-17.32,-14.76,-60.52,1
H,2022-11-05 17:37:26.679955,0.47,1.13,0.34,36.87,36.87,35.52,-17.32,-14.76,-60.52,1
H,2022-11-05 17:37:26.695464,0.39,1.04,0.34,79.22,44.80,23.50,-17.32,-14.76,-60.52,1
H,2022-11-05 17:37:26.711100,0.46,0.99,0.34,82.95,55.18,18.37,-11.88,-10.13,-65.33,1
H,2022-11-05 17:37:26.726723,0.42,0.98,0.61,82.15,54.08,27.28,-11.88,-10.13,-65.33,1
H,2022-11-05 17:37:26.757969,0.35,0.78,0.67,87.10,38.15,42.72,-8.18,-4.20,-69.65,1
H,2022-11-05 17:37:26.773592,0.29,0.54,0.52,55.97,17.21,42.66,-8.18,-4.20,-69.65,1
H,2022-11-05 17:37:26.789615,0.31,0.48,0.44,21.36,16.36,21.24,-8.18,-4.20,-69.65,1
H,2022-11-05 17:37:26.805251,0.34,0.58,0.51,-11.41,17.58,0.55,-5.38,-0.56,-71.83,1
H,2022-11-05 17:37:26.836496,0.33,0.66,0.59,-54.50,6.90,6.41,-5.38,-0.56,-71.83,1
H,2022-11-05 17:37:26.852158,0.16,0.72,0.55,-61.71,2.50,20.02,-5.38,-0.56,-71.83,1
H,2022-11-05 17:37:26.867742,0.15,0.61,0.49,-50.54,0.55,23.07,-2.93,-1.49,-74.29,1
H,2022-11-05 17:37:26.883761,0.10,0.54,0.49,-47.97,-6.04,3.72,-2.93,-1.49,-74.29,1
H,2022-11-05 17:37:26.899395,0.16,0.66,0.41,-41.50,-10.80,-21.79,-0.26,-3.25,-74.69,1
H,2022-11-05 17:37:26.930642,0.27,0.72,0.40,-28.81,-10.56,-10.19,-0.26,-3.25,-74.69,1
H,2022-11-05 17:37:26.946265,0.30,0.60,0.45,-20.87,-15.81,9.28,-0.26,-3.25,-74.69,1
H,2022-11-05 17:37:26.961889,0.28,0.51,0.50,-23.74,-34.73,28.20,-0.82,-3.03,-77.97,1
H,2022-11-05 17:37:26.980520,0.21,1.19,0.08,23.50,3.54,-65.49,-0.82,-3.03,-77.97,1
H,2022-11-05 17:37:26.993530,-0.28,0.89,0.59,23.56,32.23,-36.01,-0.82,-3.03,-77.97,1
H,2022-11-05 17:37:27.024784,0.15,0.75,0.75,35.34,-1.71,33.26,0.67,-2.70,-78.52,1
H,2022-11-05 17:37:27.040416,0.25,0.74,0.67,42.91,-50.84,51.94,0.67,-2.70,-78.52,1
H,2022-11-05 17:37:27.056039,0.26,0.82,0.60,60.61,-61.77,52.98,-3.63,0.05,-78.26,1
H,2022-11-05 17:37:27.080908,0.24,0.84,0.59,73.18,-61.83,58.35,-3.63,0.05,-78.26,1
H,2022-11-05 17:37:27.103055,0.28,0.76,0.68,101.81,-46.88,58.47,-3.63,0.05,-78.26,1
H,2022-11-05 17:37:27.118808,0.25,0.77,0.83,85.51,-31.19,50.11,-8.15,6.47,-77.92,1
H,2022-11-05 17:37:27.134448,0.22,0.78,0.94,51.70,-24.54,45.53,-8.15,6.47,-77.92,1
H,2022-11-05 17:37:27.165546,0.18,0.71,0.83,19.59,-23.93,35.03,-10.78,9.62,-78.10,1
H,2022-11-05 17:37:27.181061,-0.11,0.51,0.57,14.65,-7.26,16.42,-10.78,9.62,-78.10,1
H,2022-11-05 17:37:27.196808,0.01,0.65,0.55,23.80,45.17,-26.86,-10.78,9.62,-78.10,1
H,2022-11-05 17:37:27.212438,0.34,0.47,0.63,35.10,103.82,-54.69,-7.50,10.38,-77.99,1
H,2022-11-05 17:37:27.243567,0.55,0.40,0.92,-1.53,96.68,-48.77,-7.50,10.38,-77.99,1
H,2022-11-05 17:37:27.259195,0.50,0.56,0.95,-47.67,44.13,-29.30,-7.50,10.38,-77.99,1
H,2022-11-05 17:37:27.281448,0.50,0.63,0.71,-67.14,-54.26,4.76,-3.91,8.80,-78.44,1
H,2022-11-05 17:37:27.291068,-0.06,1.27,0.42,0.31,-31.80,10.68,-3.91,8.80,-78.44,1
H,2022-11-05 17:37:27.322328,0.20,0.63,0.72,133.36,34.24,60.67,-6.02,10.52,-78.54,1
H,2022-11-05 17:37:27.338054,0.16,-0.12,1.02,117.19,17.46,44.01,-6.02,10.52,-78.54,1
H,2022-11-05 17:37:27.353688,0.19,0.26,0.85,-42.11,-47.73,-41.32,-6.02,10.52,-78.54,1
H,2022-11-05 17:37:27.385436,0.20,0.65,0.75,-40.04,-55.60,-48.40,-8.61,11.85,-77.25,1
H,2022-11-05 17:37:27.401074,0.18,0.79,0.64,-30.09,-48.83,-36.38,-8.61,11.85,-77.25,1
H,2022-11-05 17:37:27.416807,0.15,0.65,0.74,26.31,-4.94,8.18,-11.66,10.91,-77.29,1
H,2022-11-05 17:37:27.432392,0.18,0.45,0.90,49.32,9.77,29.72,-11.66,10.91,-77.29,1
H,2022-11-05 17:37:27.463566,0.19,0.40,0.92,40.22,2.69,5.68,-11.66,10.91,-77.29,1
H,2022-11-05 17:37:27.481699,0.21,0.38,0.92,0.79,-11.66,-6.90,-11.29,12.45,-77.19,1
H,2022-11-05 17:37:27.495213,0.21,0.49,0.82,-19.41,-12.63,-20.87,-11.29,12.45,-77.19,1
H,2022-11-05 17:37:27.510915,0.18,0.58,0.66,-28.69,0.37,-26.67,-12.04,11.39,-78.00,1
H,2022-11-05 17:37:27.526548,0.21,0.63,0.63,-18.25,36.62,-25.57,-12.04,11.39,-78.00,1
H,2022-11-05 17:37:27.557721,0.19,0.61,0.69,-5.98,54.75,-23.93,-12.04,11.39,-78.00,1
H,2022-11-05 17:37:27.573414,0.13,0.58,0.81,9.03,56.34,-21.67,-8.83,10.07,-78.44,1
H,2022-11-05 17:37:27.589566,0.10,0.66,0.78,24.60,15.32,-0.79,-8.83,10.07,-78.44,1
H,2022-11-05 17:37:27.605207,0.16,0.40,0.57,29.60,-3.36,13.67,-7.60,12.59,-77.88,1
H,2022-11-05 17:37:27.636446,0.19,0.25,0.49,2.93,4.33,7.57,-7.60,12.59,-77.88,1
H,2022-11-05 17:37:27.652069,0.18,0.17,0.55,-37.54,20.63,-8.85,-7.60,12.59,-77.88,1
H,2022-11-05 17:37:27.667693,0.11,0.75,0.93,-89.72,-18.01,-2.01,-6.76,8.51,-78.86,1
H,2022-11-05 17:37:27.683860,0.16,0.69,0.71,-8.36,-53.34,23.62,-6.76,8.51,-78.86,1
H,2022-11-05 17:37:27.699561,0.16,0.52,0.62,35.22,-61.10,33.33,-6.76,8.51,-78.86,1
H,2022-11-05 17:37:27.730736,0.16,0.59,0.60,31.49,-51.51,32.35,-11.40,9.99,-77.15,1
H,2022-11-05 17:37:27.746359,0.17,0.67,0.68,36.25,-37.11,29.30,-11.40,9.99,-77.15,1
H,2022-11-05 17:37:27.761986,0.19,0.69,0.72,34.55,-20.94,25.02,-13.98,11.72,-75.85,1
H,2022-11-05 17:37:27.782127,0.20,0.64,0.82,29.17,1.95,16.66,-13.98,11.72,-75.85,1
H,2022-11-05 17:37:27.809380,0.16,0.68,0.91,11.78,14.65,12.02,-13.98,11.72,-75.85,1
H,2022-11-05 17:37:27.824962,0.16,0.62,0.92,1.83,15.93,14.89,-15.91,13.27,-76.89,1
H,2022-11-05 17:37:27.840628,0.14,0.58,0.87,-23.44,11.66,18.68,-15.91,13.27,-76.89,1
H,2022-11-05 17:37:27.856209,0.10,0.64,0.79,-32.41,8.91,19.47,-15.91,13.27,-76.89,1
H,2022-11-05 17:37:27.887851,-0.14,0.53,0.74,-19.23,11.17,12.02,-15.86,11.68,-76.31,1
H,2022-11-05 17:37:27.903484,-0.18,0.62,0.66,18.31,39.49,-33.81,-15.86,11.68,-76.31,1
H,2022-11-05 17:37:27.919113,0.07,0.64,0.75,39.37,53.59,-45.23,-14.39,10.27,-77.12,1
H,2022-11-05 17:37:27.945475,0.20,0.68,0.84,38.82,50.17,-33.20,-14.39,10.27,-77.12,1
H,2022-11-05 17:37:27.961170,0.22,0.55,0.84,48.71,41.02,-15.38,-14.39,10.27,-77.12,1
H,2022-11-05 17:37:27.982309,0.28,0.37,0.76,28.26,21.42,-17.70,-13.17,11.07,-75.44,1
