f,2022-09-29 17:35:08.875873,0.38,0.79,0.34,106.51,-1.77,14.83,-18.42,78.99,45.39,1
f,2022-09-29 17:35:08.884179,0.42,0.83,0.26,120.06,-6.29,14.22,-18.42,78.99,45.39,1
f,2022-09-29 17:35:08.892386,0.42,0.85,0.26,138.85,-8.00,16.48,-18.42,78.99,45.39,1
f,2022-09-29 17:35:08.900881,0.43,0.81,0.28,148.13,-5.74,20.94,-18.42,78.99,45.39,1
f,2022-09-29 17:35:08.910199,0.43,0.75,0.29,163.57,-3.48,26.98,-18.69,80.16,44.60,1
f,2022-09-29 17:35:08.918559,0.41,0.73,0.34,190.73,-0.49,37.96,-18.69,80.16,44.60,1
f,2022-09-29 17:35:08.925839,0.50,0.68,0.52,190.73,-0.49,37.96,-18.69,80.16,44.60,1
f,2022-09-29 17:35:08.934415,0.53,0.59,0.63,157.29,-6.84,37.35,-18.69,80.16,44.60,1
f,2022-09-29 17:35:08.942716,0.55,0.56,0.60,116.58,-19.29,31.56,-18.69,80.16,44.60,1
f,2022-09-29 17:35:08.951033,0.56,0.55,0.55,91.86,-28.81,22.09,-18.69,80.16,44.60,1
f,2022-09-29 17:35:08.960559,0.55,0.57,0.52,63.17,-32.90,13.31,-19.36,82.59,45.00,1
f,2022-09-29 17:35:08.968854,0.49,0.61,0.51,7.69,-32.71,6.90,-19.36,82.59,45.00,1
f,2022-09-29 17:35:08.977242,0.41,0.67,0.50,-7.63,-28.14,6.59,-19.36,82.59,45.00,1
f,2022-09-29 17:35:08.985734,0.39,0.73,0.50,-16.30,-21.61,6.77,-19.36,82.59,45.00,1
f,2022-09-29 17:35:08.994350,0.42,0.75,0.51,-22.03,-18.01,6.47,-19.36,82.59,45.00,1
f,2022-09-29 17:35:09.002782,0.47,0.78,0.49,-24.17,-17.82,6.04,-19.36,82.59,45.00,1
f,2022-09-29 17:35:09.010416,0.47,0.78,0.49,-24.17,-17.82,6.04,-19.04,82.64,44.90,1
f,2022-09-29 17:35:09.018929,0.37,0.78,0.49,-44.13,-23.25,-1.16,-19.04,82.64,44.90,1
f,2022-09-29 17:35:09.027421,0.38,0.80,0.43,-47.42,-26.67,-4.46,-19.04,82.64,44.90,1
f,2022-09-29 17:35:09.036147,0.44,0.82,0.42,-48.28,-30.58,-6.90,-19.04,82.64,44.90,1
f,2022-09-29 17:35:09.044519,0.40,0.82,0.50,-46.02,-36.38,-7.02,-19.04,82.64,44.90,1
f,2022-09-29 17:35:09.051070,0.40,0.82,0.50,-46.02,-36.38,-7.02,-19.04,82.64,44.90,1
f,2022-09-29 17:35:09.060555,0.38,0.84,0.50,-36.13,-40.71,7.57,-19.26,83.45,43.88,1
f,2022-09-29 17:35:09.069058,0.29,0.84,0.48,-26.00,-35.89,20.57,-19.26,83.45,43.88,1
f,2022-09-29 17:35:09.077604,0.27,0.76,0.38,-16.42,-23.86,30.33,-19.26,83.45,43.88,1
f,2022-09-29 17:35:09.086203,0.35,0.84,0.54,-4.94,-16.11,36.07,-19.26,83.45,43.88,1
f,2022-09-29 17:35:09.092440,0.35,0.84,0.54,-4.94,-16.11,36.07,-19.26,83.45,43.88,1
f,2022-09-29 17:35:09.100798,0.36,0.87,0.49,7.02,-17.33,40.10,-19.26,83.45,43.88,1
f,2022-09-29 17:35:09.110169,-1.25,0.79,0.42,17.58,-20.81,42.72,-18.48,83.25,44.78,1
f,2022-09-29 17:35:09.118485,0.17,0.83,0.08,56.46,11.35,6.59,-18.48,83.25,44.78,1
f,2022-09-29 17:35:09.125906,0.30,1.07,0.37,56.46,11.35,6.59,-18.48,83.25,44.78,1
f,2022-09-29 17:35:09.134070,0.34,0.85,0.75,66.22,20.02,13.43,-18.48,83.25,44.78,1
f,2022-09-29 17:35:09.142434,0.36,0.56,0.71,50.72,12.88,19.59,-18.48,83.25,44.78,1
f,2022-09-29 17:35:09.150692,0.65,0.50,0.63,43.64,4.33,15.38,-18.48,83.25,44.78,1
f,2022-09-29 17:35:09.159884,0.35,0.44,0.64,39.79,4.88,2.08,-18.52,84.16,46.63,1
f,2022-09-29 17:35:09.168234,0.38,0.52,0.64,-7.57,6.65,-14.89,-18.52,84.16,46.63,1
f,2022-09-29 17:35:09.175821,0.36,0.66,0.55,-7.57,6.65,-14.89,-18.52,84.16,46.63,1
f,2022-09-29 17:35:09.184352,0.40,0.73,0.60,-21.61,10.80,-18.07,-18.52,84.16,46.63,1
f,2022-09-29 17:35:09.192772,0.37,0.76,0.61,-28.50,11.11,-15.99,-18.52,84.16,46.63,1
f,2022-09-29 17:35:09.200343,0.34,0.80,0.58,-28.50,11.11,-15.99,-18.52,84.16,46.63,1
f,2022-09-29 17:35:09.209851,0.31,0.78,0.57,-35.58,8.24,-11.17,-18.25,84.59,45.59,1
f,2022-09-29 17:35:09.218359,0.31,0.78,0.49,-28.93,8.54,-6.16,-18.25,84.59,45.59,1
f,2022-09-29 17:35:09.225850,0.34,0.76,0.46,-28.93,8.54,-6.16,-18.25,84.59,45.59,1
f,2022-09-29 17:35:09.234349,0.34,0.81,0.44,-25.70,9.58,-5.62,-18.25,84.59,45.59,1
f,2022-09-29 17:35:09.242853,0.33,0.82,0.41,-20.87,10.93,-2.62,-18.25,84.59,45.59,1
f,2022-09-29 17:35:09.250362,0.30,0.87,0.41,-20.87,10.93,-2.62,-18.25,84.59,45.59,1
f,2022-09-29 17:35:09.259825,0.29,0.89,0.42,-11.66,16.42,4.27,-17.65,84.06,46.62,1
f,2022-09-29 17:35:09.268214,0.28,0.84,0.39,-5.13,22.03,18.25,-17.65,84.06,46.62,1
f,2022-09-29 17:35:09.275427,0.28,0.80,0.43,-5.13,22.03,18.25,-17.65,84.06,46.62,1
f,2022-09-29 17:35:09.283820,0.28,0.84,0.48,-5.92,23.99,23.99,-17.65,84.06,46.62,1
f,2022-09-29 17:35:09.291902,0.27,0.70,0.51,1.83,23.99,31.01,-17.65,84.06,46.62,1
f,2022-09-29 17:35:09.300162,0.28,0.52,0.49,-0.31,17.94,31.56,-17.65,84.06,46.62,1
f,2022-09-29 17:35:09.309446,0.28,0.53,0.46,-21.55,7.57,22.77,-17.13,82.78,46.44,1
f,2022-09-29 17:35:09.317881,0.26,0.68,0.38,-41.93,-5.80,0.92,-17.13,82.78,46.44,1
f,2022-09-29 17:35:09.325417,0.23,0.81,0.34,-41.93,-5.80,0.92,-17.13,82.78,46.44,1
f,2022-09-29 17:35:09.333923,0.22,0.85,0.30,-48.10,-6.10,1.77,-17.13,82.78,46.44,1
f,2022-09-29 17:35:09.342216,0.23,0.85,0.31,-44.56,-5.00,7.14,-17.13,82.78,46.44,1
f,2022-09-29 17:35:09.350599,0.21,0.84,0.31,-39.43,-4.27,12.94,-17.13,82.78,46.44,1
f,2022-09-29 17:35:09.359876,0.20,0.85,0.30,-33.39,-3.17,18.13,-17.15,80.59,47.09,1
f,2022-09-29 17:35:09.368286,0.21,0.89,0.32,-12.27,-1.77,29.60,-17.15,80.59,47.09,1
f,2022-09-29 17:35:09.375839,0.19,0.85,0.35,-12.27,-1.77,29.60,-17.15,80.59,47.09,1
f,2022-09-29 17:35:09.384354,0.23,0.85,0.39,-7.14,-4.09,36.68,-17.15,80.59,47.09,1
f,2022-09-29 17:35:09.391850,0.25,0.87,0.39,-7.14,-4.09,36.68,-17.15,80.59,47.09,1
f,2022-09-29 17:35:09.400249,0.26,0.83,0.35,15.63,-9.89,38.82,-17.15,80.59,47.09,1
f,2022-09-29 17:35:09.409444,0.24,0.80,0.35,17.70,-12.15,38.94,-17.32,78.45,43.85,1
f,2022-09-29 17:35:09.417809,0.25,0.78,0.37,4.33,-17.46,33.08,-17.32,78.45,43.85,1
f,2022-09-29 17:35:09.425212,0.28,0.78,0.40,4.33,-17.46,33.08,-17.32,78.45,43.85,1
f,2022-09-29 17:35:09.433577,0.26,0.77,0.39,-2.62,-19.71,30.46,-17.32,78.45,43.85,1
f,2022-09-29 17:35:09.442057,0.30,0.79,0.44,-9.64,-20.14,28.56,-17.32,78.45,43.85,1
f,2022-09-29 17:35:09.450554,0.34,0.83,0.41,-15.01,-20.87,28.08,-17.32,78.45,43.85,1
f,2022-09-29 17:35:09.460071,0.37,0.86,0.39,-13.67,-17.33,26.43,-18.14,75.57,43.18,1
f,2022-09-29 17:35:09.468632,0.38,0.87,0.37,-1.83,-4.27,20.63,-18.14,75.57,43.18,1
f,2022-09-29 17:35:09.477059,0.34,0.90,0.40,7.26,-0.67,16.85,-18.14,75.57,43.18,1
f,2022-09-29 17:35:09.485435,0.30,0.97,0.46,20.45,0.49,15.69,-18.14,75.57,43.18,1
f,2022-09-29 17:35:09.493895,0.32,0.93,0.47,31.74,-0.61,14.53,-18.14,75.57,43.18,1
f,2022-09-29 17:35:09.500266,0.32,0.93,0.47,31.74,-0.61,14.53,-18.14,75.57,43.18,1
f,2022-09-29 17:35:09.509833,0.30,0.83,0.51,34.36,-2.81,11.66,-18.53,74.28,42.90,1
f,2022-09-29 17:35:09.517846,0.30,0.77,0.52,14.77,-10.07,0.49,0.00,0.00,ovf,1
f,2022-09-29 17:35:09.524840,0.26,0.71,0.56,14.77,-10.07,0.49,0.00,0.00,ovf,1
f,2022-09-29 17:35:09.532888,0.29,0.79,0.57,-9.95,-15.38,-3.85,0.00,0.00,ovf,1
f,2022-09-29 17:35:09.541065,0.33,0.89,0.53,-27.04,-19.65,-5.43,0.00,0.00,ovf,1
f,2022-09-29 17:35:09.549208,0.32,0.97,0.51,-33.20,-20.08,-5.62,0.00,0.00,ovf,1
f,2022-09-29 17:35:09.557301,0.32,1.03,0.45,-29.85,-18.98,-3.97,0.00,0.00,ovf,1
f,2022-09-29 17:35:09.566859,0.31,1.05,0.40,-20.39,-16.48,-1.04,-18.95,72.95,42.81,1
f,2022-09-29 17:35:09.575373,0.30,1.05,0.37,-9.28,-11.90,2.38,-18.95,72.95,42.81,1
f,2022-09-29 17:35:09.583785,0.29,1.06,0.35,3.72,-7.32,5.80,-18.95,72.95,42.81,1
f,2022-09-29 17:35:09.592208,0.25,1.00,0.33,18.86,-3.23,9.09,-18.95,72.95,42.81,1
f,2022-09-29 17:35:09.600367,0.24,0.96,0.40,25.63,0.18,28.38,-18.95,72.95,42.81,1
f,2022-09-29 17:35:09.608619,0.25,0.93,0.43,25.63,0.18,28.38,-19.57,73.22,42.21,1
f,2022-09-29 17:35:09.616872,0.20,0.83,0.47,40.71,0.61,18.31,-19.57,73.22,42.21,1
f,2022-09-29 17:35:09.625196,0.24,0.79,0.57,28.44,-2.87,20.14,-19.57,73.22,42.21,1
f,2022-09-29 17:35:09.633573,0.25,0.83,0.55,18.43,-8.06,19.17,-19.57,73.22,42.21,1
f,2022-09-29 17:35:09.641985,0.25,0.85,0.56,12.76,-12.45,17.46,-19.57,73.22,42.21,1
f,2022-09-29 17:35:09.650391,0.24,0.88,0.55,2.69,-15.50,17.33,-19.57,73.22,42.21,1
f,2022-09-29 17:35:09.659802,0.24,0.92,0.52,-3.54,-18.62,18.31,-20.40,73.68,41.69,1
f,2022-09-29 17:35:09.668233,0.21,0.92,0.50,13.00,-17.46,17.33,-20.40,73.68,41.69,1
f,2022-09-29 17:35:09.676626,0.14,0.86,0.44,25.51,-11.17,10.07,-20.40,73.68,41.69,1
f,2022-09-29 17:35:09.684990,0.06,0.78,0.32,39.86,4.46,-4.64,-20.40,73.68,41.69,1
f,2022-09-29 17:35:09.693374,0.03,0.74,0.29,49.07,22.95,-20.63,-20.40,73.68,41.69,1
f,2022-09-29 17:35:09.701776,0.13,0.75,0.33,55.66,40.22,-38.70,-20.40,73.68,41.69,1
f,2022-09-29 17:35:09.711025,0.26,0.75,0.38,69.52,55.48,-54.14,-19.62,75.10,42.33,1
f,2022-09-29 17:35:09.719374,0.45,0.79,0.51,95.28,69.89,-62.99,-19.62,75.10,42.33,1
f,2022-09-29 17:35:09.726773,0.45,0.79,0.51,110.23,76.23,-60.55,-19.62,75.10,42.33,1
f,2022-09-29 17:35:09.735524,0.50,0.60,0.78,74.65,65.37,-44.37,-19.62,75.10,42.33,1
f,2022-09-29 17:35:09.743749,0.66,0.54,0.83,15.87,42.85,-24.66,-19.62,75.10,42.33,1
f,2022-09-29 17:35:09.750134,0.66,0.54,0.83,15.87,42.85,-24.66,-19.62,75.10,42.33,1
f,2022-09-29 17:35:09.759606,0.76,0.57,0.78,-13.12,25.21,-14.59,-19.09,76.59,42.96,1
f,2022-09-29 17:35:09.768307,0.61,0.62,0.73,-61.52,-4.58,-3.72,-19.09,76.59,42.96,1
f,2022-09-29 17:35:09.776820,0.40,0.68,0.61,-63.84,-11.66,-2.14,-19.09,76.59,42.96,1
f,2022-09-29 17:35:09.785462,0.23,0.74,0.30,-58.96,-14.10,-4.70,-19.09,76.59,42.96,1
f,2022-09-29 17:35:09.791748,0.23,0.74,0.30,0.00,0.00,0.00,0.00,0.00,0.00,1
f,2022-09-29 17:35:09.799893,-0.01,0.91,0.25,-65.19,-9.58,-14.22,0.00,nan,0.00,1
f,2022-09-29 17:35:09.809380,0.02,1.09,0.32,-58.23,0.49,-19.65,-18.01,76.55,43.58,1
f,2022-09-29 17:35:09.817752,0.19,1.09,0.32,4.21,16.36,-6.96,-18.01,76.55,43.58,1
f,2022-09-29 17:35:09.824968,0.29,1.00,0.29,4.21,16.36,-6.96,-18.01,76.55,43.58,1
f,2022-09-29 17:35:09.833130,0.39,0.95,0.42,0.00,14.71,6.10,-18.01,76.55,43.58,1
f,2022-09-29 17:35:09.841584,0.43,0.86,0.51,-5.74,8.97,21.48,-18.01,76.55,43.58,1
f,2022-09-29 17:35:09.849871,0.48,0.74,0.51,-7.32,2.93,31.13,-18.01,76.55,43.58,1
f,2022-09-29 17:35:09.859406,0.38,0.67,0.50,-19.96,-6.71,35.71,-17.60,75.87,45.00,1
f,2022-09-29 17:35:09.868089,-0.09,0.56,0.48,-35.83,-18.25,-4.39,-17.60,75.87,45.00,1
f,2022-09-29 17:35:09.876729,0.06,1.21,0.12,-11.90,-13.55,-3.54,-17.60,75.87,45.00,1
f,2022-09-29 17:35:09.884919,0.21,1.51,0.30,32.59,-3.66,14.10,-17.60,75.87,45.00,1
f,2022-09-29 17:35:09.893127,0.26,1.20,0.30,55.66,1.04,27.65,-17.60,75.87,45.00,1
f,2022-09-29 17:35:09.901463,0.28,0.79,0.42,62.68,-2.44,24.48,-17.60,75.87,45.00,1
f,2022-09-29 17:35:09.910862,0.22,0.54,0.38,52.31,-12.39,6.23,-17.77,77.04,44.42,1
f,2022-09-29 17:35:09.919393,0.09,0.66,0.17,15.99,-24.11,-17.33,-17.77,77.04,44.42,1
f,2022-09-29 17:35:09.927932,0.16,0.97,0.16,-7.08,-27.34,-30.21,-17.77,77.04,44.42,1
f,2022-09-29 17:35:09.936299,0.18,1.08,0.18,-7.51,-24.78,-28.38,-17.77,77.04,44.42,1
f,2022-09-29 17:35:09.944741,0.24,1.04,0.27,5.19,-18.37,-16.85,-17.77,77.04,44.42,1
f,2022-09-29 17:35:09.953284,0.24,0.93,0.39,27.10,-12.21,-5.86,-17.77,77.04,44.42,1
f,2022-09-29 17:35:09.962599,0.27,0.84,0.43,45.41,-10.01,-2.62,-18.05,77.91,43.88,1
f,2022-09-29 17:35:09.970974,0.29,0.83,0.48,51.94,-10.31,-5.62,-18.05,77.91,43.88,1
f,2022-09-29 17:35:09.979450,0.31,0.84,0.52,58.17,-11.60,-9.34,-18.05,77.91,43.88,1
f,2022-09-29 17:35:09.987841,0.33,0.90,0.46,61.04,-12.21,-11.78,-18.05,77.91,43.88,1
f,2022-09-29 17:35:09.996223,0.32,0.85,0.56,65.61,-6.84,-7.69,-18.05,77.91,43.88,1
f,2022-09-29 17:35:10.004772,0.34,0.67,0.66,69.64,-1.95,-1.83,-18.05,77.91,43.88,1
f,2022-09-29 17:35:10.014237,0.32,0.48,0.76,55.11,-0.12,-0.55,-17.54,79.04,43.58,1
f,2022-09-29 17:35:10.022628,0.35,0.42,0.80,31.74,-2.20,-3.11,-17.54,79.04,43.58,1
f,2022-09-29 17:35:10.030965,0.36,0.43,0.82,9.89,-5.68,-7.08,-17.54,79.04,43.58,1
f,2022-09-29 17:35:10.039479,0.35,0.50,0.82,-16.30,-9.03,-11.78,-17.54,79.04,43.58,1
f,2022-09-29 17:35:10.048080,0.35,0.62,0.79,-37.05,-11.90,-14.65,-17.54,79.04,43.58,1
f,2022-09-29 17:35:10.056484,0.34,0.74,0.76,-45.59,-14.71,-15.20,-17.54,79.04,43.58,1
f,2022-09-29 17:35:10.065925,0.31,0.81,0.69,-42.79,-17.09,-13.98,-18.10,79.00,41.86,1
f,2022-09-29 17:35:10.074492,0.25,0.85,0.62,-39.61,-18.74,-11.96,-18.10,79.00,41.86,1
f,2022-09-29 17:35:10.083015,0.07,0.90,0.51,-31.74,-15.99,-9.70,-18.10,79.00,41.86,1
f,2022-09-29 17:35:10.091481,-0.02,0.93,0.41,-11.84,-4.03,-8.06,-18.10,79.00,41.86,1
f,2022-09-29 17:35:10.099479,-0.10,0.96,0.38,16.11,14.16,-7.32,0.00,0.00,ovf,1
f,2022-09-29 17:35:10.107493,-0.09,0.96,0.43,42.60,33.33,-5.92,0.00,0.00,ovf,1
f,2022-09-29 17:35:10.116959,-0.07,0.92,0.45,72.02,49.01,-4.64,-18.98,79.25,42.87,1
f,2022-09-29 17:35:10.125301,-0.01,0.84,0.53,103.15,68.30,-3.11,-18.98,79.25,42.87,1
f,2022-09-29 17:35:10.132713,0.14,0.75,0.60,103.15,68.30,-3.11,-18.98,79.25,42.87,1
f,2022-09-29 17:35:10.141026,0.27,0.68,0.68,128.54,65.67,-1.22,-18.98,79.25,42.87,1
f,2022-09-29 17:35:10.149397,0.23,0.58,0.73,135.74,56.46,-2.93,-18.98,79.25,42.87,1
f,2022-09-29 17:35:10.157770,0.50,0.46,0.72,128.85,46.26,-11.29,-18.98,79.25,42.87,1
f,2022-09-29 17:35:10.167106,0.69,0.39,0.53,58.04,35.46,-20.75,-20.57,80.93,41.89,1
f,2022-09-29 17:35:10.175631,0.75,0.46,0.47,-11.05,15.44,-35.46,-20.57,80.93,41.89,1
f,2022-09-29 17:35:10.183026,0.69,0.63,0.46,-11.05,15.44,-35.46,-20.57,80.93,41.89,1
f,2022-09-29 17:35:10.191777,0.55,0.76,0.41,-25.45,5.43,-36.80,-20.57,80.93,41.89,1
f,2022-09-29 17:35:10.200345,0.46,0.80,0.36,-28.08,-5.92,-22.64,-20.57,80.93,41.89,1
f,2022-09-29 17:35:10.207843,0.44,0.88,0.40,-28.08,-5.92,-22.64,-20.57,80.93,41.89,1
f,2022-09-29 17:35:10.217324,0.41,0.91,0.40,-4.39,-7.93,-12.39,-20.94,81.18,40.83,1
f,2022-09-29 17:35:10.225776,0.40,0.87,0.39,23.44,-9.09,4.58,-20.94,81.18,40.83,1
f,2022-09-29 17:35:10.233368,0.37,0.79,0.42,23.44,-9.09,4.58,-20.94,81.18,40.83,1
f,2022-09-29 17:35:10.241652,0.37,0.69,0.48,34.30,-8.00,7.14,-20.94,81.18,40.83,1
f,2022-09-29 17:35:10.248489,0.35,0.60,0.54,0.00,0.00,0.00,0.00,0.00,ovf,1
f,2022-09-29 17:35:10.256467,0.38,0.63,0.57,13.61,-13.06,-0.61,0.00,0.00,ovf,1
f,2022-09-29 17:35:10.266022,0.41,0.67,0.58,11.78,-15.69,-8.06,-21.67,81.09,41.59,1
