H,2022-10-20 14:18:13.585658,-0.25,-0.79,0.36,-7.93,-5.13,2.62,89.65,-78.82,-99.91,1
H,2022-10-20 14:18:13.609565,-0.27,-0.81,0.34,-8.00,-6.84,3.17,88.44,-81.09,-98.51,1
H,2022-10-20 14:18:13.626966,-0.22,-0.68,0.35,-4.76,-11.60,6.47,88.44,-81.09,-98.51,1
H,2022-10-20 14:18:13.647775,-0.23,-0.68,0.37,-3.91,-14.89,-0.06,89.84,-84.39,-99.28,1
H,2022-10-20 14:18:13.668972,-0.25,-0.69,0.39,2.81,-12.08,-6.65,89.84,-84.39,-99.28,1
H,2022-10-20 14:18:13.686332,-0.29,-0.72,0.47,27.77,15.87,14.10,89.84,-84.39,-99.28,1
H,2022-10-20 14:18:13.705910,-0.30,-0.77,0.43,29.11,8.36,15.20,91.96,-84.62,-98.68,1
H,2022-10-20 14:18:13.725939,-0.24,-0.68,0.38,16.85,0.37,0.67,91.96,-84.62,-98.68,1
H,2022-10-20 14:18:13.747544,-0.30,-0.84,0.43,16.54,-0.85,-9.28,94.87,-83.20,-100.23,1
H,2022-10-20 14:18:13.764959,-0.28,-0.73,0.39,15.20,0.79,-7.08,94.87,-83.20,-100.23,1
H,2022-10-20 14:18:13.783423,-0.27,-0.71,0.38,8.91,-4.21,-21.00,94.87,-83.20,-100.23,1
H,2022-10-20 14:18:13.805014,-0.27,-0.65,0.36,8.00,-8.00,-24.23,99.33,-78.70,-101.78,1
H,2022-10-20 14:18:13.825007,-0.27,-0.64,0.33,11.96,-19.23,-34.06,99.33,-78.70,-101.78,1
H,2022-10-20 14:18:13.847331,-0.34,-0.81,0.38,13.06,-25.21,-39.79,104.43,-69.79,-105.02,1
H,2022-10-20 14:18:13.867982,-0.42,-1.00,0.41,7.02,-24.05,-31.86,104.43,-69.79,-105.02,1
H,2022-10-20 14:18:13.886336,-0.42,-1.02,0.41,3.42,-19.41,-19.47,104.43,-69.79,-105.02,1
H,2022-10-20 14:18:13.909070,-0.43,-1.06,0.46,-3.42,-16.97,-13.24,107.01,-61.36,-109.94,1
H,2022-10-20 14:18:13.929613,-0.47,-1.12,0.51,-10.13,-13.18,-10.13,107.01,-61.36,-109.94,1
H,2022-10-20 14:18:13.949511,-0.54,-1.08,0.60,-14.95,-5.55,-4.15,106.52,-58.45,-111.85,1
H,2022-10-20 14:18:13.969677,-0.53,-1.07,0.64,-10.56,6.10,4.15,106.52,-58.45,-111.85,1
H,2022-10-20 14:18:13.990133,-0.44,-0.95,0.58,-7.69,18.01,10.99,105.60,-60.94,-109.58,1
H,2022-10-20 14:18:14.010513,-0.38,-0.92,0.51,-7.45,22.40,11.23,105.60,-60.94,-109.58,1
H,2022-10-20 14:18:14.032861,-0.30,-0.88,0.44,-5.92,21.55,11.29,105.60,-60.94,-109.58,1
H,2022-10-20 14:18:14.050464,-0.21,-0.86,0.38,-6.47,17.58,10.80,103.83,-65.66,-104.48,1
H,2022-10-20 14:18:14.071609,-0.19,-0.81,0.34,-13.24,4.33,7.69,103.83,-65.66,-104.48,1
H,2022-10-20 14:18:14.093345,-0.21,-0.74,0.37,-18.62,-1.89,2.44,101.48,-70.25,-103.03,1
H,2022-10-20 14:18:14.113764,-0.21,-0.69,0.38,-26.31,-7.20,-6.35,101.48,-70.25,-103.03,1
H,2022-10-20 14:18:14.134949,-1.11,-0.54,0.40,-32.53,-15.99,-21.61,101.48,-70.25,-103.03,1
H,2022-10-20 14:18:14.154469,-0.34,-0.66,0.51,0.06,-39.31,-15.93,103.43,-72.58,-100.95,1
H,2022-10-20 14:18:14.174835,-0.39,-0.63,0.74,10.07,-31.43,-6.16,103.43,-72.58,-100.95,1
H,2022-10-20 14:18:14.198134,-0.40,-0.68,0.42,8.18,45.17,-13.31,103.41,-72.11,-99.99,1
H,2022-10-20 14:18:14.217281,-0.34,-0.80,0.26,11.78,32.78,-12.88,103.41,-72.11,-99.99,1
H,2022-10-20 14:18:14.235184,-0.38,-0.83,0.46,16.78,12.45,-10.38,103.41,-72.11,-99.99,1
H,2022-10-20 14:18:14.256847,-0.43,-1.01,0.24,11.54,15.44,-11.23,103.71,-68.71,-96.67,1
H,2022-10-20 14:18:14.274622,-0.42,-1.03,0.33,12.51,0.55,-3.66,103.71,-68.71,-96.67,1
H,2022-10-20 14:18:14.297490,-0.44,-1.04,0.38,-1.28,7.45,-3.11,103.71,-69.46,-95.42,1
H,2022-10-20 14:18:14.317249,-0.45,-1.04,0.38,-9.03,14.83,0.49,103.71,-69.46,-95.42,1
H,2022-10-20 14:18:14.336192,-0.37,-0.91,0.33,-11.84,18.01,9.64,103.71,-69.46,-95.42,1
H,2022-10-20 14:18:14.359330,-0.35,-0.82,0.37,-14.59,13.24,6.71,100.50,-71.63,-92.77,1
H,2022-10-20 14:18:14.377223,-0.33,-0.71,0.44,-20.45,8.79,-0.37,100.50,-71.63,-92.77,1
H,2022-10-20 14:18:14.400329,-0.32,-0.65,0.46,-19.96,8.18,-3.54,96.00,-76.78,-91.66,1
H,2022-10-20 14:18:14.418523,-0.29,-0.52,0.45,-11.84,5.86,-4.27,96.00,-76.78,-91.66,1
H,2022-10-20 14:18:14.439306,-0.31,-0.56,0.46,-3.42,4.03,-6.41,94.06,-77.59,-91.93,1
H,2022-10-20 14:18:14.460988,-0.35,-0.66,0.49,18.80,2.62,10.44,94.06,-77.59,-91.93,1
H,2022-10-20 14:18:14.479721,-0.34,-0.72,0.47,31.25,2.20,24.29,94.06,-77.59,-91.93,1
H,2022-10-20 14:18:14.499277,-0.27,-0.61,0.40,24.54,0.31,9.64,95.02,-77.58,-92.27,1
H,2022-10-20 14:18:14.518754,-0.33,-0.76,0.40,10.25,-4.46,-17.21,95.02,-77.58,-92.27,1
H,2022-10-20 14:18:14.537588,-0.33,-0.74,0.40,6.16,-5.37,-19.65,99.68,-74.10,-92.26,1
H,2022-10-20 14:18:14.558028,-0.35,-0.75,0.40,10.56,-8.73,-22.77,99.68,-74.10,-92.26,1
H,2022-10-20 14:18:14.580721,-0.37,-0.78,0.43,16.05,-10.13,-18.31,99.68,-74.10,-92.26,1
H,2022-10-20 14:18:14.600654,-0.34,-0.73,0.39,21.91,-14.95,-15.87,104.99,-67.27,-95.97,1
H,2022-10-20 14:18:14.623244,-0.37,-0.79,0.42,18.49,-17.21,-20.14,104.99,-67.27,-95.97,1
H,2022-10-20 14:18:14.641562,-0.40,-0.85,0.43,17.52,-16.48,-21.24,108.61,-59.19,-98.61,1
H,2022-10-20 14:18:14.664879,-0.43,-0.93,0.45,14.59,-17.88,-21.42,108.61,-59.19,-98.61,1
H,2022-10-20 14:18:14.680414,-0.45,-0.98,0.48,3.78,-17.33,-18.68,108.61,-59.19,-98.61,1
H,2022-10-20 14:18:14.699900,-0.49,-1.05,0.49,-3.97,-15.14,-13.06,110.16,-53.10,-100.93,1
H,2022-10-20 14:18:14.719420,-0.48,-1.01,0.48,-10.44,-11.29,-5.68,110.16,-53.10,-100.93,1
H,2022-10-20 14:18:14.738854,-0.47,-0.97,0.48,-16.17,-5.62,-3.48,108.97,-52.10,-102.88,1
H,2022-10-20 14:18:14.757643,-0.45,-0.89,0.40,-19.23,-2.81,-4.82,108.97,-52.10,-102.88,1
H,2022-10-20 14:18:14.776763,-0.47,-0.91,0.46,-16.66,-6.53,-3.78,108.97,-52.10,-102.88,1
H,2022-10-20 14:18:14.796978,-0.50,-0.89,0.57,-9.34,-1.65,9.89,108.80,-52.67,-104.55,1
H,2022-10-20 14:18:14.814976,-0.51,-0.81,0.55,-5.92,7.57,17.03,108.80,-52.67,-104.55,1
H,2022-10-20 14:18:14.834673,-0.48,-0.75,0.55,-3.85,13.92,15.50,108.80,-52.67,-104.55,1
H,2022-10-20 14:18:14.853976,-0.41,-0.77,0.47,0.18,21.30,11.90,107.58,-55.79,-101.64,1
H,2022-10-20 14:18:14.875511,-0.37,-0.79,0.49,1.71,18.68,11.90,107.58,-55.79,-101.64,1
H,2022-10-20 14:18:14.894685,-0.37,-0.77,0.48,0.61,16.48,12.15,105.47,-59.25,-99.79,1
H,2022-10-20 14:18:14.915726,-0.37,-0.74,0.51,3.97,16.78,12.76,105.47,-59.25,-99.79,1
H,2022-10-20 14:18:14.937254,-0.33,-0.75,0.48,9.52,18.13,11.84,105.47,-59.25,-99.79,1
H,2022-10-20 14:18:14.957107,-0.30,-0.80,0.44,6.10,16.30,6.84,101.90,-61.27,-95.53,1
H,2022-10-20 14:18:14.977367,-0.30,-0.81,0.42,0.18,12.76,2.08,101.90,-61.27,-95.53,1
H,2022-10-20 14:18:14.995514,-0.35,-0.82,0.49,-3.97,9.09,0.98,99.26,-62.18,-94.51,1
H,2022-10-20 14:18:15.016507,-0.33,-0.81,0.48,-2.62,11.54,4.27,99.26,-62.18,-94.51,1
H,2022-10-20 14:18:15.034956,-0.29,-0.76,0.44,-3.48,11.78,1.46,99.26,-62.18,-94.51,1
H,2022-10-20 14:18:15.054961,-0.32,-0.84,0.43,-3.17,9.70,-1.65,96.64,-62.98,-91.66,1
H,2022-10-20 14:18:15.077820,-0.31,-0.85,0.42,-2.62,7.69,-0.12,96.64,-62.98,-91.66,1
H,2022-10-20 14:18:15.097179,-0.33,-0.83,0.43,-3.78,4.58,0.00,95.70,-63.07,-89.36,1
H,2022-10-20 14:18:15.118667,-0.32,-0.84,0.42,-2.56,4.33,2.87,95.70,-63.07,-89.36,1
H,2022-10-20 14:18:15.139906,-0.31,-0.82,0.43,-1.95,2.20,3.66,94.81,-64.01,-87.48,1
H,2022-10-20 14:18:15.160726,-0.32,-0.82,0.42,-0.98,1.89,3.78,94.81,-64.01,-87.48,1
H,2022-10-20 14:18:15.182010,-0.31,-0.80,0.42,-2.87,1.10,1.71,94.81,-64.01,-87.48,1
H,2022-10-20 14:18:15.200952,-0.30,-0.80,0.42,-3.91,1.04,0.12,93.27,-65.72,-87.38,1
H,2022-10-20 14:18:15.222315,-0.31,-0.80,0.43,-3.11,-1.59,1.40,93.27,-65.72,-87.38,1
H,2022-10-20 14:18:15.241534,-0.34,-0.82,0.44,-2.56,-2.56,2.99,93.37,-66.81,-87.06,1
H,2022-10-20 14:18:15.262631,-0.34,-0.79,0.45,-1.77,-2.32,3.78,93.37,-66.81,-87.06,1
