V,2022-11-09 13:24:06.246503,0.21,0.31,0.90,0.24,10.31,-10.44,35.91,15.36,-78.96,1
V,2022-11-09 13:24:06.265496,0.17,0.30,0.90,-2.20,10.62,-9.46,36.98,12.00,-80.96,1
V,2022-11-09 13:24:06.283471,0.17,0.30,0.89,-1.77,10.74,-7.69,36.98,12.00,-80.96,1
V,2022-11-09 13:24:06.301433,0.16,0.28,0.88,-1.83,11.17,-7.57,36.98,12.00,-80.96,1
V,2022-11-09 13:24:06.320372,0.16,0.25,0.86,-4.52,11.11,-5.68,37.35,9.91,-82.62,1
V,2022-11-09 13:24:06.338520,0.17,0.25,0.81,-5.74,9.77,-3.91,37.35,9.91,-82.62,1
V,2022-11-09 13:24:06.357361,0.18,0.25,0.77,-6.77,7.02,-1.46,37.16,7.32,-85.60,1
V,2022-11-09 13:24:06.375369,0.19,0.25,0.72,-8.00,2.69,1.04,37.16,7.32,-85.60,1
V,2022-11-09 13:24:06.393512,0.18,0.28,0.70,-11.17,-5.98,3.42,37.16,7.32,-85.60,1
V,2022-11-09 13:24:06.412477,0.12,0.32,0.68,-11.66,-10.99,1.83,34.31,4.75,-86.58,1
V,2022-11-09 13:24:06.430525,0.12,0.42,0.70,-23.19,9.28,-30.15,34.31,4.75,-86.58,1
V,2022-11-09 13:24:06.448350,0.15,0.35,0.80,-9.09,1.59,-27.16,34.31,4.75,-86.58,1
V,2022-11-09 13:24:06.467439,0.17,0.40,0.72,-9.40,-10.68,-16.48,31.71,4.48,-85.91,1
V,2022-11-09 13:24:06.485700,0.17,0.39,0.71,-2.75,-26.61,-7.45,31.71,4.48,-85.91,1
V,2022-11-09 13:24:06.504534,0.15,0.41,0.71,-0.18,-30.21,-4.21,30.49,5.10,-80.54,1
V,2022-11-09 13:24:06.522522,0.14,0.42,0.73,6.35,-33.69,-0.98,30.49,5.10,-80.54,1
V,2022-11-09 13:24:06.540697,0.14,0.40,0.77,7.75,-35.46,-0.43,30.49,5.10,-80.54,1
V,2022-11-09 13:24:06.559359,0.15,0.39,0.82,5.98,-34.97,0.06,30.77,5.90,-73.62,1
V,2022-11-09 13:24:06.577622,0.14,0.37,0.94,-0.18,-32.35,-2.38,30.77,5.90,-73.62,1
V,2022-11-09 13:24:06.595532,0.14,0.42,1.03,-5.00,-29.48,-3.54,30.77,5.90,-73.62,1
V,2022-11-09 13:24:06.614480,0.15,0.45,1.10,-1.40,-24.90,-1.28,34.13,7.54,-66.21,1
V,2022-11-09 13:24:06.632468,0.13,0.46,1.17,7.45,-16.72,1.77,34.13,7.54,-66.21,1
V,2022-11-09 13:24:06.650308,0.13,0.43,1.20,11.47,-10.25,3.60,34.13,7.54,-66.21,1
V,2022-11-09 13:24:06.669321,0.12,0.42,1.17,15.44,-6.29,5.80,38.07,8.28,-62.83,1
V,2022-11-09 13:24:06.687244,0.20,0.46,1.16,20.51,-10.01,7.32,38.07,8.28,-62.83,1
V,2022-11-09 13:24:06.706305,0.17,0.50,1.11,-10.31,5.31,-16.24,39.54,5.68,-63.98,1
V,2022-11-09 13:24:06.724493,0.17,0.49,1.06,6.59,14.28,-13.55,39.54,5.68,-63.98,1
V,2022-11-09 13:24:06.742367,0.17,0.47,1.02,6.77,19.23,-20.20,39.54,5.68,-63.98,1
V,2022-11-09 13:24:06.761338,0.16,0.44,0.98,6.16,22.46,-25.88,40.83,0.90,-68.84,1
V,2022-11-09 13:24:06.779337,0.15,0.40,0.93,7.02,22.40,-28.08,40.83,0.90,-68.84,1
V,2022-11-09 13:24:06.797323,0.15,0.36,0.89,8.61,19.17,-29.36,40.83,0.90,-68.84,1
V,2022-11-09 13:24:06.816550,0.12,0.29,0.83,5.68,17.09,-26.67,46.57,-4.65,-73.22,1
V,2022-11-09 13:24:06.834454,0.10,0.26,0.79,1.71,15.01,-22.22,46.57,-4.65,-73.22,1
V,2022-11-09 13:24:06.853459,0.07,0.23,0.74,0.67,11.78,-15.50,52.28,-6.77,-75.79,1
V,2022-11-09 13:24:06.871457,0.06,0.20,0.72,0.92,4.64,-5.55,52.28,-6.77,-75.79,1
V,2022-11-09 13:24:06.889447,0.04,0.19,0.70,-0.73,1.77,-0.67,52.28,-6.77,-75.79,1
V,2022-11-09 13:24:06.908406,0.04,0.18,0.72,-1.04,1.22,6.71,56.40,-6.24,-77.62,1
V,2022-11-09 13:24:06.926462,0.07,0.20,0.71,-4.39,3.72,10.99,56.40,-6.24,-77.62,1
V,2022-11-09 13:24:06.944695,-0.02,0.28,0.79,-10.01,-0.85,8.00,56.40,-6.24,-77.62,1
V,2022-11-09 13:24:06.963437,0.01,0.35,0.80,5.00,-1.95,8.54,57.28,-6.27,-76.82,1
V,2022-11-09 13:24:06.981357,0.10,0.36,0.82,9.09,-1.77,8.36,57.28,-6.27,-76.82,1
V,2022-11-09 13:24:06.999553,0.13,0.37,0.84,11.54,-5.43,8.91,57.28,-6.27,-76.82,1
V,2022-11-09 13:24:07.018414,0.17,0.37,0.86,9.64,-8.06,5.19,56.62,-3.19,-74.84,1
V,2022-11-09 13:24:07.036367,0.20,0.39,0.87,4.52,-12.70,1.53,56.62,-3.19,-74.84,1
V,2022-11-09 13:24:07.055371,0.22,0.44,0.90,11.29,-15.81,2.93,58.57,0.18,-73.89,1
