C,2022-10-21 12:43:35.259130,0.00,0.00,0.00,0.00,0.00,0.00,0.00,0.00,0.00,1
C,2022-10-21 12:43:35.278516,-0.01,0.41,0.88,-10.19,130.68,-106.93,41.14,23.38,-97.77,1
C,2022-10-21 12:43:35.296364,0.00,0.40,0.88,-0.55,-52.49,43.58,41.14,23.38,-97.77,1
C,2022-10-21 12:43:35.315455,0.00,0.41,0.88,-5.13,-5.00,-3.11,40.98,24.27,-98.27,1
C,2022-10-21 12:43:35.333731,-0.01,0.44,0.87,-7.75,-1.77,-6.71,40.98,24.27,-98.27,1
C,2022-10-21 12:43:35.351600,-0.02,0.45,0.88,-3.78,1.34,-6.41,40.98,24.27,-98.27,1
C,2022-10-21 12:43:35.370359,0.01,0.43,0.86,0.06,4.33,-6.90,40.00,25.34,-99.69,1
C,2022-10-21 12:43:35.388451,0.04,0.42,0.83,0.67,5.07,-6.04,40.00,25.34,-99.69,1
C,2022-10-21 12:43:35.406524,0.07,0.42,0.80,-1.16,2.44,-6.04,40.00,25.34,-99.69,1
C,2022-10-21 12:43:35.425709,0.07,0.45,0.79,-4.27,-1.53,-6.90,38.94,26.31,-101.11,1
C,2022-10-21 12:43:35.443536,0.04,0.44,0.82,-10.38,-6.04,-10.50,38.94,26.31,-101.11,1
C,2022-10-21 12:43:35.462585,0.03,0.43,0.84,-8.67,-5.43,-9.70,39.31,29.30,-101.46,1
C,2022-10-21 12:43:35.480648,0.03,0.44,0.84,-3.05,-3.54,-5.49,39.31,29.30,-101.46,1
C,2022-10-21 12:43:35.498565,0.03,0.46,0.83,3.78,-1.83,-0.12,39.31,29.30,-101.46,1
C,2022-10-21 12:43:35.517273,0.04,0.47,0.83,7.63,-1.59,0.49,40.59,32.35,-98.40,1
C,2022-10-21 12:43:35.535453,0.04,0.42,0.86,7.39,-2.38,-1.46,40.59,32.35,-98.40,1
C,2022-10-21 12:43:35.553450,0.03,0.41,0.88,13.18,10.31,12.02,40.59,32.35,-98.40,1
C,2022-10-21 12:43:35.572368,0.06,0.40,0.88,22.83,15.20,17.15,41.85,36.01,-98.43,1
C,2022-10-21 12:43:35.590358,0.05,0.41,0.90,22.22,5.80,13.55,41.85,36.01,-98.43,1
C,2022-10-21 12:43:35.609352,0.03,0.38,0.91,18.49,-2.20,12.02,42.42,36.93,-96.97,1
C,2022-10-21 12:43:35.627417,0.02,0.39,0.93,16.78,-9.89,10.86,42.42,36.93,-96.97,1
C,2022-10-21 12:43:35.645430,0.01,0.39,0.95,18.74,-19.17,11.17,42.42,36.93,-96.97,1
C,2022-10-21 12:43:35.664278,0.02,0.41,0.94,29.72,-28.63,11.72,42.33,37.60,-97.02,1
C,2022-10-21 12:43:35.682378,0.02,0.40,0.93,55.60,-40.22,10.80,42.33,37.60,-97.02,1
C,2022-10-21 12:43:35.700442,0.17,0.09,1.12,45.04,-35.77,9.70,42.33,37.60,-97.02,1
C,2022-10-21 12:43:35.719449,0.15,0.09,1.00,-22.52,-7.26,-1.16,41.19,38.55,-99.24,1
C,2022-10-21 12:43:35.737446,0.16,0.08,0.98,-63.54,4.70,-11.60,41.19,38.55,-99.24,1
C,2022-10-21 12:43:35.755562,0.17,0.12,0.87,-105.04,4.15,-20.20,41.19,38.55,-99.24,1
C,2022-10-21 12:43:35.774422,0.06,0.12,0.75,-113.04,-7.14,-15.87,41.41,31.09,-99.73,1
C,2022-10-21 12:43:35.792564,0.07,0.25,0.67,-108.52,-24.41,-4.52,41.41,31.09,-99.73,1
C,2022-10-21 12:43:35.811515,-0.05,0.42,0.61,-92.77,-39.79,6.35,48.07,17.90,-94.25,1
C,2022-10-21 12:43:35.829720,-0.15,0.51,0.56,-53.28,-51.88,10.31,48.07,17.90,-94.25,1
C,2022-10-21 12:43:35.847637,-0.16,0.44,0.49,-21.00,-56.82,11.54,48.07,17.90,-94.25,1
C,2022-10-21 12:43:35.866421,-0.16,0.34,0.48,12.02,-69.64,30.03,57.98,0.70,-84.63,1
C,2022-10-21 12:43:35.884558,-0.17,0.29,0.52,32.35,-88.13,53.59,57.98,0.70,-84.63,1
C,2022-10-21 12:43:35.902558,-0.24,0.50,0.48,33.33,-104.92,73.85,57.98,0.70,-84.63,1
C,2022-10-21 12:43:35.921513,-0.68,0.93,0.83,24.29,-106.32,57.74,74.54,-31.24,-82.46,1
C,2022-10-21 12:43:35.939532,-1.05,1.26,1.20,28.69,-85.14,11.84,74.54,-31.24,-82.46,1
C,2022-10-21 12:43:35.958559,-0.81,1.16,0.73,11.29,-53.04,-45.10,78.54,-45.64,-96.08,1
C,2022-10-21 12:43:35.976835,-0.66,0.91,0.84,88.01,-70.92,-56.03,78.54,-45.64,-96.08,1
C,2022-10-21 12:43:35.994845,-0.44,0.66,1.05,73.67,-44.62,-51.03,78.54,-45.64,-96.08,1
C,2022-10-21 12:43:36.013579,-0.34,0.51,0.88,77.51,-20.45,-32.29,76.71,-29.70,-103.96,1
C,2022-10-21 12:43:36.031640,-0.23,0.26,1.00,88.87,-12.33,-14.47,76.71,-29.70,-103.96,1
C,2022-10-21 12:43:36.049667,-0.07,0.15,0.89,75.87,-1.89,-16.17,76.71,-29.70,-103.96,1
C,2022-10-21 12:43:36.068549,-0.04,0.10,0.98,57.13,-3.23,-6.23,73.17,-11.63,-103.41,1
C,2022-10-21 12:43:36.086519,0.02,0.04,0.93,-0.79,13.43,-2.93,73.17,-11.63,-103.41,1
C,2022-10-21 12:43:36.104657,0.01,-0.00,0.73,-20.69,14.10,10.01,73.17,-11.63,-103.41,1
C,2022-10-21 12:43:36.123422,-0.26,0.40,0.86,0.43,2.93,16.30,70.81,-4.08,-101.65,1
C,2022-10-21 12:43:36.141578,-0.31,0.33,0.84,19.59,3.54,14.34,70.81,-4.08,-101.65,1
C,2022-10-21 12:43:36.160627,-0.39,0.38,0.80,12.21,8.24,17.27,71.26,-4.14,-99.99,1
C,2022-10-21 12:43:36.178445,-0.36,0.30,0.80,4.70,5.68,16.85,71.26,-4.14,-99.99,1
C,2022-10-21 12:43:36.196650,-0.72,0.73,0.74,-9.03,7.87,10.19,71.26,-4.14,-99.99,1
C,2022-10-21 12:43:36.215535,-0.72,0.70,0.75,9.03,-0.24,-28.08,70.19,-0.79,-100.26,1
C,2022-10-21 12:43:36.233525,-0.70,0.68,0.92,-22.34,19.65,-82.89,70.19,-0.79,-100.26,1
C,2022-10-21 12:43:36.251704,-0.89,0.33,1.01,-27.71,56.27,-73.18,70.19,-0.79,-100.26,1
C,2022-10-21 12:43:36.270365,-0.63,0.57,0.92,56.15,83.92,15.38,53.52,18.75,-100.59,1
C,2022-10-21 12:43:36.288328,-0.23,0.74,0.84,110.11,94.54,61.04,53.52,18.75,-100.59,1
C,2022-10-21 12:43:36.307269,0.09,0.44,0.78,83.50,99.24,28.69,25.78,32.35,-105.59,1
C,2022-10-21 12:43:36.325469,0.24,0.35,0.80,-4.09,84.59,-41.20,25.78,32.35,-105.59,1
C,2022-10-21 12:43:36.343528,0.16,0.23,0.92,-26.92,69.58,-65.73,25.78,32.35,-105.59,1
C,2022-10-21 12:43:36.362350,0.16,0.05,0.95,-22.22,63.54,-59.63,3.86,39.43,-115.76,1
C,2022-10-21 12:43:36.380557,0.26,-0.04,0.86,-20.20,62.68,-43.46,3.86,39.43,-115.76,1
C,2022-10-21 12:43:36.398650,0.39,-0.10,0.77,-17.94,35.83,-20.02,3.86,39.43,-115.76,1
