K,2022-10-28 18:04:53.117574,0.49,-0.45,0.77,-19.04,4.09,-5.62,-17.54,-37.43,-126.14,1
K,2022-10-28 18:04:53.141931,0.42,-0.42,0.78,-23.19,3.85,-5.19,-16.27,-37.63,-128.59,1
K,2022-10-28 18:04:53.158600,0.39,-0.48,0.73,-19.84,-1.59,-0.85,-16.27,-37.63,-128.59,1
K,2022-10-28 18:04:53.178835,0.42,-0.45,0.73,-14.65,-7.39,3.85,-17.47,-38.66,-130.33,1
K,2022-10-28 18:04:53.197649,0.43,-0.35,0.71,-12.21,-14.16,5.13,-17.47,-38.66,-130.33,1
K,2022-10-28 18:04:53.219839,0.35,-0.30,0.78,-12.63,-25.76,-0.98,-17.47,-38.66,-130.33,1
K,2022-10-28 18:04:53.237951,0.26,-0.28,0.88,-8.85,-29.24,-2.38,-20.31,-39.58,-132.46,1
K,2022-10-28 18:04:53.258321,0.23,-0.34,0.96,-3.91,-16.97,-12.82,-20.31,-39.58,-132.46,1
K,2022-10-28 18:04:53.279722,0.20,-0.54,0.93,-10.62,-4.88,-12.76,-22.29,-41.35,-133.96,1
K,2022-10-28 18:04:53.298608,0.21,-0.47,0.87,-22.71,4.09,5.00,-22.29,-41.35,-133.96,1
K,2022-10-28 18:04:53.318662,0.26,-0.34,0.85,-15.56,4.58,13.67,-22.29,-41.35,-133.96,1
K,2022-10-28 18:04:53.342553,0.33,-0.11,0.74,-16.72,4.64,3.36,-23.78,-42.29,-137.56,1
K,2022-10-28 18:04:53.359624,0.21,-0.08,0.94,-22.03,-12.45,-13.06,-23.78,-42.29,-137.56,1
K,2022-10-28 18:04:53.379708,0.23,-0.07,0.95,-18.55,3.11,-13.49,-26.32,-42.66,-137.17,1
K,2022-10-28 18:04:53.399672,0.27,-0.26,0.81,-28.20,12.94,-1.59,-26.32,-42.66,-137.17,1
K,2022-10-28 18:04:53.418773,-0.38,0.21,-0.06,-47.06,16.97,5.62,-26.32,-42.66,-137.17,1
K,2022-10-28 18:04:53.438853,0.22,-0.17,0.80,32.53,-32.78,-7.20,-27.19,-42.49,-135.35,1
K,2022-10-28 18:04:53.457320,0.27,-0.25,0.80,-1.83,-20.87,-9.09,-27.19,-42.49,-135.35,1
K,2022-10-28 18:04:53.477493,0.22,-0.28,0.81,-4.39,-20.20,-15.56,-26.99,-43.40,-130.66,1
K,2022-10-28 18:04:53.498036,0.22,-0.25,0.81,-5.80,-10.74,-12.39,-26.99,-43.40,-130.66,1
K,2022-10-28 18:04:53.519538,0.17,-0.17,0.62,4.03,-20.57,-9.70,-26.99,-43.40,-130.66,1
K,2022-10-28 18:04:53.542774,0.31,-0.35,1.12,10.80,-8.18,-2.93,-26.21,-43.51,-122.20,1
K,2022-10-28 18:04:53.559898,0.38,-0.20,1.06,-9.89,8.73,-4.52,-26.21,-43.51,-122.20,1
K,2022-10-28 18:04:53.578221,0.37,-0.28,1.01,-0.49,3.42,-8.42,-21.55,-43.98,-117.50,1
K,2022-10-28 18:04:53.598376,0.37,-0.33,1.12,-3.11,5.19,-9.16,-21.55,-43.98,-117.50,1
K,2022-10-28 18:04:53.617350,0.42,-0.38,1.09,-11.96,10.56,-7.93,-21.55,-43.98,-117.50,1
K,2022-10-28 18:04:53.640127,0.34,-0.31,1.12,-30.15,8.91,-7.57,-20.00,-43.07,-116.25,1
K,2022-10-28 18:04:53.658552,0.35,-0.18,1.04,-11.29,-7.14,-6.23,-20.00,-43.07,-116.25,1
K,2022-10-28 18:04:53.678443,0.30,-0.17,1.03,23.68,-33.33,1.65,-20.14,-43.04,-115.12,1
K,2022-10-28 18:04:53.698275,0.01,-0.40,1.28,75.93,-46.94,20.94,-20.14,-43.04,-115.12,1
K,2022-10-28 18:04:53.717855,-0.00,-0.03,1.48,96.44,-5.25,49.19,-20.14,-43.04,-115.12,1
K,2022-10-28 18:04:53.738057,0.39,-0.29,0.94,51.64,50.84,4.21,-18.42,-41.24,-120.17,1
K,2022-10-28 18:04:53.756204,0.40,-0.28,0.92,-11.84,57.50,-19.59,-18.42,-41.24,-120.17,1
K,2022-10-28 18:04:53.777287,0.40,-0.27,0.92,-21.85,49.32,-20.69,-16.59,-39.75,-125.26,1
K,2022-10-28 18:04:53.796518,0.48,-0.24,0.78,-6.96,39.61,-16.05,-16.59,-39.75,-125.26,1
K,2022-10-28 18:04:53.816708,0.50,-0.31,0.68,0.06,32.41,-17.33,-16.59,-39.75,-125.26,1
K,2022-10-28 18:04:53.838541,0.47,-0.29,0.69,-22.77,19.23,-28.44,-14.93,-40.08,-130.27,1
K,2022-10-28 18:04:53.858271,0.37,-0.37,0.71,-36.13,15.32,-33.33,-14.93,-40.08,-130.27,1
K,2022-10-28 18:04:53.875927,0.32,-0.48,0.65,-5.07,5.13,-10.93,-14.93,-40.08,-130.27,1
K,2022-10-28 18:04:53.893806,0.39,-0.43,0.54,-1.95,-7.32,-1.83,-14.61,-40.54,-132.47,1
K,2022-10-28 18:04:53.913896,0.38,-0.45,0.54,-0.79,-22.52,2.75,-14.61,-40.54,-132.47,1
K,2022-10-28 18:04:53.934746,0.35,-0.26,0.60,-8.12,-39.12,-2.56,-16.76,-41.38,-133.48,1
K,2022-10-28 18:04:53.956614,-2.59,-0.58,1.98,-17.76,-33.63,-10.19,-16.76,-41.38,-133.48,1
K,2022-10-28 18:04:53.976580,0.27,-0.18,0.88,8.85,16.54,-8.00,-16.76,-41.38,-133.48,1
K,2022-10-28 18:04:53.995601,0.37,-0.16,0.86,-68.05,24.35,-15.20,-18.02,-42.49,-133.06,1
K,2022-10-28 18:04:54.015010,0.34,-0.20,0.89,-53.22,20.69,-8.85,-18.02,-42.49,-133.06,1
K,2022-10-28 18:04:54.035271,0.37,-0.27,0.87,67.44,-34.67,36.32,-18.59,-43.44,-133.26,1
K,2022-10-28 18:04:54.055699,0.28,-0.43,0.64,51.64,-23.01,34.67,-18.59,-43.44,-133.26,1
K,2022-10-28 18:04:54.074499,0.28,-0.40,0.98,35.95,-22.03,29.91,-18.59,-43.44,-133.26,1
K,2022-10-28 18:04:54.095829,0.30,-0.44,0.64,-4.46,-3.36,13.49,-20.13,-42.48,-129.63,1
K,2022-10-28 18:04:54.115000,0.33,-0.29,0.93,-8.48,-7.75,11.84,-20.13,-42.48,-129.63,1
K,2022-10-28 18:04:54.136410,0.29,-0.17,1.03,-2.99,-9.34,13.06,-23.58,-43.27,-128.27,1
K,2022-10-28 18:04:54.155087,0.33,-0.17,0.96,14.53,-19.10,20.87,-23.58,-43.27,-128.27,1
K,2022-10-28 18:04:54.175047,0.35,-0.10,1.16,24.60,-22.77,21.79,-23.58,-43.27,-128.27,1
K,2022-10-28 18:04:54.196651,0.33,-0.19,0.99,5.13,-5.74,8.06,-25.29,-42.70,-124.66,1
K,2022-10-28 18:04:54.216271,0.33,-0.09,1.07,-5.19,0.92,-0.12,-25.29,-42.70,-124.66,1
K,2022-10-28 18:04:54.237129,0.30,-0.10,1.05,-14.65,9.95,-8.73,-26.04,-42.83,-123.49,1
K,2022-10-28 18:04:54.255931,0.34,-0.17,0.94,-13.49,3.66,-8.54,-26.04,-42.83,-123.49,1
K,2022-10-28 18:04:54.275391,0.30,-0.18,0.95,0.92,-5.31,-1.10,-26.10,-43.99,-123.41,1
K,2022-10-28 18:04:54.294137,0.28,-0.22,0.93,19.29,-10.74,9.77,-26.10,-43.99,-123.41,1
K,2022-10-28 18:04:54.313537,0.29,-0.26,0.88,29.85,-14.40,12.94,-26.10,-43.99,-123.41,1
K,2022-10-28 18:04:54.335820,0.27,-0.29,0.86,26.79,-11.72,13.49,-25.45,-43.40,-123.67,1
K,2022-10-28 18:04:54.356453,0.17,0.01,0.87,-15.75,6.41,-34.36,-25.45,-43.40,-123.67,1
K,2022-10-28 18:04:54.375807,0.23,-0.16,0.85,-29.17,9.46,-54.63,-22.75,-43.71,-122.07,1
K,2022-10-28 18:04:54.395047,0.25,-0.09,0.83,-4.09,5.25,-30.94,-22.75,-43.71,-122.07,1
K,2022-10-28 18:04:54.415256,0.27,-0.32,0.78,34.24,-4.70,-5.55,-22.75,-43.71,-122.07,1
K,2022-10-28 18:04:54.437354,0.26,-0.30,0.79,47.55,-7.08,10.62,-18.69,-43.08,-120.83,1
K,2022-10-28 18:04:54.455742,0.24,-0.35,0.86,32.71,-11.05,1.53,-18.69,-43.08,-120.83,1
K,2022-10-28 18:04:54.477678,0.26,-0.41,0.91,20.69,-10.01,-13.06,-13.68,-41.82,-118.36,1
K,2022-10-28 18:04:54.498160,0.37,-0.50,0.91,15.32,-4.21,-22.52,-13.68,-41.82,-118.36,1
K,2022-10-28 18:04:54.519548,0.37,-0.73,0.91,14.83,1.53,2.75,-13.68,-41.82,-118.36,1
K,2022-10-28 18:04:54.543190,0.33,-0.60,0.92,14.04,5.31,9.95,-9.99,-40.52,-116.78,1
K,2022-10-28 18:04:54.559508,0.30,-0.47,0.88,-2.93,6.71,-3.60,-9.99,-40.52,-116.78,1
K,2022-10-28 18:04:54.578341,0.28,-0.41,0.91,-21.85,2.87,-17.27,-10.19,-40.33,-117.31,1
K,2022-10-28 18:04:54.597082,0.28,-0.34,0.92,-28.69,-2.14,-25.21,-10.19,-40.33,-117.31,1
K,2022-10-28 18:04:54.617606,0.26,-0.26,0.94,-19.65,-11.78,-20.08,-10.19,-40.33,-117.31,1
K,2022-10-28 18:04:54.637588,0.25,-0.21,0.96,0.31,-17.58,-9.16,-11.17,-41.00,-117.61,1
