Y,2022-10-30 15:11:53.920180,-0.02,-0.13,0.90,-24.84,5.49,-22.22,-54.96,36.22,-149.22,1
Y,2022-10-30 15:11:53.940181,-0.08,-0.14,0.98,-32.90,0.31,-17.33,-54.96,36.22,-149.22,1
Y,2022-10-30 15:11:53.960180,-0.14,-0.17,1.02,-24.90,6.47,-8.91,-54.96,36.22,-149.22,1
Y,2022-10-30 15:11:53.980181,-0.11,-0.27,1.02,-15.20,7.69,-5.86,-57.92,35.33,-149.71,1
Y,2022-10-30 15:11:53.990180,-0.06,-0.25,1.00,-15.56,7.57,7.45,-57.92,35.33,-149.71,1
Y,2022-10-30 15:11:54.020392,-0.11,-0.12,1.03,-25.70,3.91,8.67,-57.87,35.08,-152.78,1
Y,2022-10-30 15:11:54.030517,-0.15,-0.04,1.08,-24.78,3.72,5.62,-57.87,35.08,-152.78,1
Y,2022-10-30 15:11:54.058277,-0.05,0.01,0.99,-2.26,13.79,8.30,-57.87,35.08,-152.78,1
Y,2022-10-30 15:11:54.068834,0.02,-0.06,0.90,4.46,12.76,9.70,-54.69,35.30,-155.48,1
Y,2022-10-30 15:11:54.091903,0.02,-0.07,0.84,-2.62,2.75,11.78,-54.69,35.30,-155.48,1
Y,2022-10-30 15:11:54.112513,-0.05,0.05,0.83,-31.92,-8.54,7.57,-53.54,35.45,-157.86,1
Y,2022-10-30 15:11:54.132644,-0.06,0.15,0.84,-47.06,-14.65,-0.24,-53.54,35.45,-157.86,1
Y,2022-10-30 15:11:54.154232,-0.25,0.41,1.14,-38.76,-14.40,0.55,-53.54,35.45,-157.86,1
Y,2022-10-30 15:11:54.174228,-0.12,-0.03,0.87,52.43,1.34,19.23,-54.46,36.35,-159.63,1
Y,2022-10-30 15:11:54.193185,-0.15,0.29,0.67,-0.61,-9.40,-16.78,-54.46,36.35,-159.63,1
Y,2022-10-30 15:11:54.213195,-0.14,0.15,0.75,1.83,-40.04,-34.79,-60.05,35.68,-156.52,1
Y,2022-10-30 15:11:54.233207,-0.15,0.22,0.76,11.66,-46.20,-26.12,-60.05,35.68,-156.52,1
Y,2022-10-30 15:11:54.254005,-0.16,0.25,0.74,56.70,-46.94,-24.48,-60.05,35.68,-156.52,1
Y,2022-10-30 15:11:54.275320,-0.16,0.01,0.93,77.27,-51.76,-28.08,-72.28,37.56,-147.49,1
Y,2022-10-30 15:11:54.285652,-0.16,-0.20,1.08,100.59,-47.79,-15.93,-72.28,37.56,-147.49,1
Y,2022-10-30 15:11:54.305725,-0.15,-0.36,1.28,95.34,-26.67,6.90,-72.28,37.56,-147.49,1
Y,2022-10-30 15:11:54.325650,-0.16,-0.49,1.30,33.14,-12.21,11.41,-83.19,40.87,-133.52,1
Y,2022-10-30 15:11:54.346255,-0.16,-0.44,1.25,-20.51,-0.61,10.86,-83.19,40.87,-133.52,1
Y,2022-10-30 15:11:54.366328,-0.24,-0.20,1.67,-66.04,-1.65,-3.48,-84.41,39.75,-133.17,1
Y,2022-10-30 15:11:54.386484,-0.67,0.08,1.40,-92.16,73.06,2.56,-84.41,39.75,-133.17,1
Y,2022-10-30 15:11:54.410385,-0.18,0.26,0.98,24.23,92.71,24.96,-84.41,39.75,-133.17,1
Y,2022-10-30 15:11:54.420948,0.09,0.03,0.88,35.16,49.62,-10.68,-74.37,41.02,-142.88,1
Y,2022-10-30 15:11:54.441020,0.07,-0.00,0.86,6.59,35.64,-18.07,-74.37,41.02,-142.88,1
Y,2022-10-30 15:11:54.461022,0.12,-0.00,0.79,-13.49,28.69,-21.91,-69.89,40.87,-147.23,1
Y,2022-10-30 15:11:54.481022,-0.03,-0.05,0.87,-15.69,2.75,-19.41,-69.89,40.87,-147.23,1
Y,2022-10-30 15:11:54.510950,-0.06,-0.01,0.85,-16.30,8.30,-16.91,-69.89,40.87,-147.23,1
Y,2022-10-30 15:11:54.530950,-0.06,-0.09,0.81,-1.95,1.59,-21.91,-70.72,40.45,-150.63,1
Y,2022-10-30 15:11:54.550948,-0.03,-0.16,0.74,-0.06,-8.06,-14.53,-70.72,40.45,-150.63,1
Y,2022-10-30 15:11:54.572655,-0.03,-0.20,0.71,-6.96,-24.11,-11.17,-76.00,41.44,-153.02,1
Y,2022-10-30 15:11:54.592665,-0.17,-0.03,1.04,37.96,3.42,5.43,-76.00,41.44,-153.02,1
Y,2022-10-30 15:11:54.612665,-0.12,-0.24,0.66,30.82,5.13,9.77,-78.74,44.19,-151.32,1
Y,2022-10-30 15:11:54.636944,-0.15,-0.38,0.76,-36.13,-26.92,-13.18,-78.74,44.19,-151.32,1
Y,2022-10-30 15:11:54.656947,-0.15,-0.35,0.78,-5.00,-63.48,40.77,-78.74,44.19,-151.32,1
Y,2022-10-30 15:11:54.676947,-0.15,-0.22,0.89,-1.04,-65.98,50.35,-80.86,43.29,-145.84,1
Y,2022-10-30 15:11:54.696944,-0.18,0.11,1.03,-14.95,-48.16,35.10,-80.86,43.29,-145.84,1
Y,2022-10-30 15:11:54.717055,-0.20,0.24,1.06,-47.18,-21.00,-4.09,-81.12,41.00,-140.72,1
Y,2022-10-30 15:11:54.746945,-0.16,0.34,1.19,-47.91,11.05,-31.19,-81.12,41.00,-140.72,1
Y,2022-10-30 15:11:54.758252,-0.15,0.27,1.11,-29.36,26.73,-20.02,-80.05,36.41,-141.44,1
Y,2022-10-30 15:11:54.778373,-0.15,0.10,1.01,22.46,14.71,-2.62,-80.05,36.41,-141.44,1
Y,2022-10-30 15:11:54.798368,-0.15,0.05,0.98,41.14,6.53,8.00,-80.05,36.41,-141.44,1
Y,2022-10-30 15:11:54.818582,-0.16,-0.05,0.92,50.17,3.42,9.83,-79.49,38.48,-141.76,1
Y,2022-10-30 15:11:54.838703,-0.17,-0.09,0.84,24.29,6.29,4.64,-79.49,38.48,-141.76,1
Y,2022-10-30 15:11:54.858595,-0.16,-0.08,0.89,8.91,-12.57,-11.35,-79.49,38.48,-141.76,1
Y,2022-10-30 15:11:54.878623,-0.19,0.03,0.76,-8.42,-22.89,-11.90,-80.71,39.77,-139.81,1
Y,2022-10-30 15:11:54.898596,-0.19,0.05,0.82,15.38,-30.40,-10.99,-80.71,39.77,-139.81,1
Y,2022-10-30 15:11:54.918595,-0.20,0.05,0.85,30.70,-33.51,-10.62,-84.88,38.07,-132.85,1
Y,2022-10-30 15:11:54.938607,-0.21,-0.00,0.91,39.55,-26.49,-7.93,-84.88,38.07,-132.85,1
Y,2022-10-30 15:11:54.958596,-0.22,-0.11,0.95,43.52,-16.60,-5.43,-84.88,38.07,-132.85,1
Y,2022-10-30 15:11:54.978639,-0.22,-0.16,0.93,17.76,-25.15,-7.63,-89.73,37.33,-124.35,1
Y,2022-10-30 15:11:54.998689,-0.23,-0.13,1.02,7.81,-24.84,-5.07,-89.73,37.33,-124.35,1
Y,2022-10-30 15:11:55.018674,-0.24,-0.16,1.18,-5.43,-12.63,-3.23,-92.20,34.14,-116.89,1
Y,2022-10-30 15:11:55.039535,-0.24,-0.19,1.22,-16.48,0.98,1.95,-92.20,34.14,-116.89,1
Y,2022-10-30 15:11:55.060379,-0.21,-0.08,1.06,-32.10,14.71,6.23,-92.00,31.97,-116.09,1
Y,2022-10-30 15:11:55.081848,-0.23,-0.17,1.30,-32.78,-0.61,4.21,-92.00,31.97,-116.09,1
Y,2022-10-30 15:11:55.101865,-0.66,0.24,1.24,-17.27,72.20,44.13,-92.00,31.97,-116.09,1
Y,2022-10-30 15:11:55.125183,-0.41,0.38,1.17,38.94,75.01,21.48,-87.62,35.07,-122.53,1
Y,2022-10-30 15:11:55.145338,-0.13,0.17,0.96,85.51,75.81,-14.40,-87.62,35.07,-122.53,1
Y,2022-10-30 15:11:55.165685,0.06,-0.08,0.78,63.11,42.48,-15.99,-81.35,38.28,-128.44,1
