D,2022-10-18 11:41:45.234227,0.36,-0.01,0.98,-13.43,-6.04,-16.66,8.65,11.21,-44.92,1
D,2022-10-18 11:41:45.249863,0.31,0.06,0.98,-31.13,-6.53,-14.59,8.65,11.21,-44.92,1
D,2022-10-18 11:41:45.272636,0.33,0.11,0.97,-22.40,-3.17,-2.75,6.85,9.13,-45.81,1
D,2022-10-18 11:41:45.288310,0.36,-0.01,0.93,-14.10,-1.77,18.86,6.85,9.13,-45.81,1
D,2022-10-18 11:41:45.304229,0.33,0.01,0.88,-34.42,-2.69,15.93,6.58,8.09,-47.74,1
D,2022-10-18 11:41:45.320854,0.30,0.09,0.87,-42.97,-4.70,8.73,6.58,8.09,-47.74,1
D,2022-10-18 11:41:45.352668,0.29,0.25,0.82,-46.26,-5.00,7.02,6.58,8.09,-47.74,1
D,2022-10-18 11:41:45.368801,0.30,0.30,0.80,-39.31,-5.37,8.73,5.75,6.75,-48.62,1
D,2022-10-18 11:41:45.384545,0.25,0.37,0.75,-34.24,-10.86,7.32,5.75,6.75,-48.62,1
D,2022-10-18 11:41:45.400228,0.18,0.44,0.71,-29.11,-10.62,6.59,5.26,6.34,-48.99,1
D,2022-10-18 11:41:45.434847,0.20,0.38,0.69,-12.51,-11.11,13.73,5.26,6.34,-48.99,1
D,2022-10-18 11:41:45.450540,-0.42,0.24,0.51,-3.48,-18.86,9.52,5.26,6.34,-48.99,1
D,2022-10-18 11:41:45.466971,0.10,0.75,0.94,12.88,14.65,-6.53,4.39,7.03,-49.43,1
D,2022-10-18 11:41:45.482737,0.12,0.08,0.71,23.19,-13.49,11.23,4.39,7.03,-49.43,1
D,2022-10-18 11:41:45.498361,0.15,0.31,0.69,9.77,-23.99,6.77,4.03,8.22,-47.71,1
D,2022-10-18 11:41:45.529483,0.16,0.25,0.68,3.97,-27.22,7.63,4.03,8.22,-47.71,1
D,2022-10-18 11:41:45.552769,0.20,0.28,0.76,-3.66,-23.80,3.11,4.03,8.22,-47.71,1
D,2022-10-18 11:41:45.568389,0.21,0.34,0.84,-7.81,-19.90,0.73,4.33,8.54,-45.87,1
D,2022-10-18 11:41:45.584131,0.23,0.39,0.91,-7.69,-18.49,0.55,4.33,8.54,-45.87,1
D,2022-10-18 11:41:45.599760,0.26,0.45,0.98,-11.96,-15.50,2.93,4.69,8.85,-43.40,1
D,2022-10-18 11:41:45.633105,0.28,0.43,1.03,-0.31,-10.01,11.96,4.69,8.85,-43.40,1
D,2022-10-18 11:41:45.649150,0.27,0.42,1.14,0.12,-5.00,12.76,4.69,8.85,-43.40,1
D,2022-10-18 11:41:45.665084,0.28,0.52,1.14,-0.49,-5.49,16.66,5.29,9.47,-43.35,1
D,2022-10-18 11:41:45.693317,0.29,0.50,1.07,13.79,1.59,22.77,5.29,9.47,-43.35,1
D,2022-10-18 11:41:45.712193,0.36,0.47,0.98,28.14,5.80,17.76,5.16,10.39,-42.38,1
D,2022-10-18 11:41:45.730850,0.20,0.34,1.06,35.83,27.22,9.16,5.16,10.39,-42.38,1
D,2022-10-18 11:41:45.748892,0.20,0.29,1.07,38.27,38.51,-5.74,5.16,10.39,-42.38,1
D,2022-10-18 11:41:45.768098,0.23,0.29,1.03,28.08,44.07,-14.40,5.71,10.66,-44.38,1
D,2022-10-18 11:41:45.787330,0.30,0.23,0.99,19.04,37.96,-10.38,5.71,10.66,-44.38,1
D,2022-10-18 11:41:45.806038,0.33,0.23,0.93,12.27,31.56,-7.08,5.71,10.66,-44.38,1
D,2022-10-18 11:41:45.826167,0.38,0.22,0.87,8.24,25.27,-2.50,6.79,10.01,-45.97,1
D,2022-10-18 11:41:45.842629,0.34,0.21,0.80,-2.14,20.14,-3.23,6.79,10.01,-45.97,1
D,2022-10-18 11:41:45.858387,0.32,0.25,0.77,-9.95,13.43,-3.36,6.80,10.30,-46.61,1
D,2022-10-18 11:41:45.874008,0.39,0.28,0.74,-29.36,-6.29,-0.18,6.80,10.30,-46.61,1
D,2022-10-18 11:41:45.889831,0.23,0.44,0.73,-37.90,-15.50,-0.12,6.80,10.30,-46.61,1
D,2022-10-18 11:41:45.921196,0.17,0.43,0.74,-28.32,-20.20,1.10,5.60,9.02,-48.29,1
D,2022-10-18 11:41:45.936822,0.17,0.42,0.73,-14.59,-21.97,-11.29,5.60,9.02,-48.29,1
D,2022-10-18 11:41:45.952758,0.15,0.69,1.12,27.04,-5.86,10.68,4.20,9.30,-47.74,1
D,2022-10-18 11:41:45.968571,0.21,-0.00,0.76,84.78,-5.37,18.19,4.20,9.30,-47.74,1
D,2022-10-18 11:41:45.999833,0.23,0.32,0.85,11.66,-6.04,-24.41,4.20,9.30,-47.74,1
D,2022-10-18 11:41:46.015869,0.25,0.34,0.81,-2.50,-8.12,-29.72,3.41,8.62,-48.50,1
D,2022-10-18 11:41:46.040251,0.24,0.43,0.79,1.40,-6.59,-33.08,3.41,8.62,-48.50,1
D,2022-10-18 11:41:46.056768,0.22,0.31,0.81,34.91,-5.62,-10.62,3.41,8.62,-48.50,1
D,2022-10-18 11:41:46.075503,0.22,0.14,0.84,52.67,-4.27,-1.46,3.05,8.40,-46.67,1
D,2022-10-18 11:41:46.091664,0.23,-0.02,0.87,49.50,-5.07,-1.65,3.05,8.40,-46.67,1
D,2022-10-18 11:41:46.108172,0.25,-0.07,0.90,12.63,-5.37,-8.91,2.59,8.42,-46.33,1
D,2022-10-18 11:41:46.123908,0.22,0.08,0.94,-8.91,-6.77,-14.95,2.59,8.42,-46.33,1
D,2022-10-18 11:41:46.155933,0.28,0.14,0.91,-9.16,-11.47,-12.39,2.59,8.42,-46.33,1
D,2022-10-18 11:41:46.171665,0.24,0.20,0.96,-10.38,-12.27,-6.41,1.90,7.58,-46.28,1
D,2022-10-18 11:41:46.187286,0.26,0.23,0.94,-12.27,-13.67,-7.45,1.90,7.58,-46.28,1
D,2022-10-18 11:41:46.202897,0.24,0.29,0.91,-13.37,-13.55,-6.84,1.55,7.56,-44.91,1
D,2022-10-18 11:41:46.234591,0.24,0.18,0.94,-4.39,-14.10,-1.28,1.55,7.56,-44.91,1
D,2022-10-18 11:41:46.250397,0.25,0.13,0.95,2.01,-14.47,2.75,1.55,7.56,-44.91,1
D,2022-10-18 11:41:46.266230,0.25,0.09,0.96,-3.78,-11.11,7.20,1.93,7.76,-44.07,1
D,2022-10-18 11:41:46.282415,0.25,0.10,0.94,-9.09,-9.22,10.50,1.93,7.76,-44.07,1
D,2022-10-18 11:41:46.313910,0.24,0.18,0.99,-14.40,-7.32,11.17,2.64,8.04,-43.09,1
D,2022-10-18 11:41:46.329648,0.23,0.17,0.97,-8.79,-8.12,20.08,2.64,8.04,-43.09,1
D,2022-10-18 11:41:46.345847,0.24,0.17,0.94,-7.75,-6.35,21.18,2.64,8.04,-43.09,1
D,2022-10-18 11:41:46.361442,0.26,0.23,0.96,-5.43,-0.92,26.73,3.61,9.81,-41.55,1
D,2022-10-18 11:41:46.392584,0.23,0.29,0.99,1.46,6.16,37.23,3.61,9.81,-41.55,1
D,2022-10-18 11:41:46.412624,0.22,0.32,1.01,4.70,6.41,33.63,5.30,13.10,-41.46,1
D,2022-10-18 11:41:46.428756,0.18,0.40,0.97,-8.91,6.35,14.40,5.30,13.10,-41.46,1
D,2022-10-18 11:41:46.444494,0.18,0.61,0.91,-8.42,5.98,15.63,5.30,13.10,-41.46,1
D,2022-10-18 11:41:46.460986,0.10,0.61,0.91,10.31,7.39,24.66,6.15,13.89,-41.47,1
D,2022-10-18 11:41:46.476695,0.09,0.53,0.90,33.14,11.35,21.48,6.15,13.89,-41.47,1
D,2022-10-18 11:41:46.507869,0.15,0.42,0.91,32.71,16.17,8.79,6.15,13.89,-41.47,1
D,2022-10-18 11:41:46.523587,0.14,0.43,0.92,19.78,15.56,-3.17,6.70,14.33,-42.05,1
D,2022-10-18 11:41:46.539257,0.16,0.47,0.91,9.40,15.75,-12.02,6.70,14.33,-42.05,1
