D,2022-10-18 11:42:46.829801,-0.03,-0.42,0.80,-35.10,-0.43,8.54,-16.60,-20.34,-51.75,1
D,2022-10-18 11:42:46.861333,-0.04,-0.36,0.79,-32.84,1.77,7.81,-16.60,-20.34,-51.75,1
D,2022-10-18 11:42:46.877278,-0.01,-0.34,0.83,-24.54,4.21,9.34,-18.04,-20.41,-53.47,1
D,2022-10-18 11:42:46.892981,0.00,-0.39,0.88,-13.12,-2.38,16.72,-18.04,-20.41,-53.47,1
D,2022-10-18 11:42:46.924146,-0.08,-0.40,0.86,-16.60,-5.31,14.59,-18.88,-21.01,-53.83,1
D,2022-10-18 11:42:46.942378,-0.12,-0.39,0.85,-25.15,-2.44,2.44,-18.88,-21.01,-53.83,1
D,2022-10-18 11:42:46.958059,-0.07,-0.23,0.86,-34.61,-0.12,-1.65,-18.88,-21.01,-53.83,1
D,2022-10-18 11:42:46.974069,-0.08,-0.23,0.84,-24.17,-3.11,1.89,-19.82,-22.79,-53.02,1
D,2022-10-18 11:42:47.007462,-0.11,-0.29,0.78,-25.45,-11.29,10.38,-19.82,-22.79,-53.02,1
D,2022-10-18 11:42:47.023101,-0.24,-0.34,0.77,-28.44,-15.69,10.25,-21.78,-23.10,-54.43,1
D,2022-10-18 11:42:47.038799,-0.02,-0.11,1.22,32.29,28.50,7.87,-21.78,-23.10,-54.43,1
D,2022-10-18 11:42:47.054421,-0.09,-0.28,0.69,24.90,-13.85,7.14,-21.78,-23.10,-54.43,1
D,2022-10-18 11:42:47.085612,-0.08,-0.26,0.69,-12.21,-23.19,-9.16,-21.70,-23.03,-52.91,1
D,2022-10-18 11:42:47.101325,-0.11,-0.17,0.70,-2.87,-27.53,-13.85,-21.70,-23.03,-52.91,1
D,2022-10-18 11:42:47.132751,-0.11,-0.30,0.87,4.70,-31.80,-13.98,-23.11,-25.90,-50.39,1
D,2022-10-18 11:42:47.148467,-0.11,-0.35,1.03,-1.28,-36.25,-10.31,-23.11,-25.90,-50.39,1
D,2022-10-18 11:42:47.164281,-0.14,-0.42,1.06,-11.29,-38.57,-7.39,-24.06,-29.08,-45.13,1
D,2022-10-18 11:42:47.194643,-0.18,-0.34,1.20,-19.17,-29.42,-2.99,-24.06,-29.08,-45.13,1
D,2022-10-18 11:42:47.215297,-0.24,-0.40,1.20,-10.99,-21.79,3.78,-24.06,-29.08,-45.13,1
D,2022-10-18 11:42:47.234268,-0.28,-0.36,1.18,-0.31,-6.90,4.52,-24.44,-30.52,-41.94,1
D,2022-10-18 11:42:47.252924,-0.18,-0.35,1.21,19.17,15.50,4.09,-24.44,-30.52,-41.94,1
D,2022-10-18 11:42:47.274355,-0.11,-0.38,1.14,24.05,20.57,7.93,-23.69,-28.37,-44.24,1
D,2022-10-18 11:42:47.293355,-0.06,-0.42,1.08,15.87,24.05,11.17,-23.69,-28.37,-44.24,1
D,2022-10-18 11:42:47.310225,-0.06,-0.37,0.98,4.09,24.41,8.79,-23.69,-28.37,-44.24,1
D,2022-10-18 11:42:47.330720,-0.08,-0.31,0.93,-2.14,27.65,6.90,-22.68,-26.48,-47.74,1
D,2022-10-18 11:42:47.346688,-0.01,-0.27,0.92,6.96,28.56,10.25,-22.68,-26.48,-47.74,1
D,2022-10-18 11:42:47.362399,0.03,-0.29,0.87,3.72,19.53,13.06,-22.81,-24.85,-50.11,1
D,2022-10-18 11:42:47.393572,-0.10,-0.25,0.83,-8.42,14.22,9.52,-22.81,-24.85,-50.11,1
D,2022-10-18 11:42:47.409570,-0.10,0.02,0.79,25.15,16.78,4.39,-22.81,-24.85,-50.11,1
D,2022-10-18 11:42:47.425574,-0.09,-0.08,0.85,35.64,13.31,9.22,-21.85,-22.41,-52.59,1
D,2022-10-18 11:42:47.449271,-0.07,-0.15,0.77,46.39,1.71,16.24,-21.85,-22.41,-52.59,1
D,2022-10-18 11:42:47.473127,-0.10,-0.41,0.74,42.24,4.82,10.07,-20.95,-20.03,-52.81,1
D,2022-10-18 11:42:47.492793,-0.07,-0.38,0.83,18.07,12.27,-5.80,-20.95,-20.03,-52.81,1
D,2022-10-18 11:42:47.510732,-0.07,-0.24,0.88,7.45,7.02,-14.47,-20.95,-20.03,-52.81,1
D,2022-10-18 11:42:47.532983,-0.06,-0.31,0.87,20.08,3.91,-13.12,-19.70,-20.51,-54.31,1
D,2022-10-18 11:42:47.552825,-0.05,-0.44,0.87,23.56,0.31,-15.99,-19.70,-20.51,-54.31,1
D,2022-10-18 11:42:47.574426,-0.06,-0.46,0.85,19.23,-1.77,-18.25,-18.44,-21.66,-53.44,1
D,2022-10-18 11:42:47.593922,-0.06,-0.49,0.84,3.91,-5.00,-18.37,-18.44,-21.66,-53.44,1
D,2022-10-18 11:42:47.608469,-0.08,-0.41,0.82,0.85,-5.92,-18.98,-18.44,-21.66,-53.44,1
D,2022-10-18 11:42:47.624194,-0.08,-0.39,0.81,8.24,-6.71,-12.15,-17.21,-23.05,-52.95,1
D,2022-10-18 11:42:47.656741,-0.09,-0.46,0.82,18.55,-9.34,-6.41,-17.21,-23.05,-52.95,1
D,2022-10-18 11:42:47.673446,-0.10,-0.45,0.82,17.15,-12.15,-7.63,-17.42,-24.83,-51.71,1
D,2022-10-18 11:42:47.689860,-0.09,-0.46,0.80,11.35,-14.59,-13.31,-17.42,-24.83,-51.71,1
D,2022-10-18 11:42:47.706103,-0.11,-0.43,0.80,8.18,-14.59,-19.78,-17.42,-24.83,-51.71,1
D,2022-10-18 11:42:47.722864,-0.11,-0.43,0.85,14.59,-14.59,-17.09,-17.50,-26.28,-49.39,1
D,2022-10-18 11:42:47.739434,-0.12,-0.51,0.88,21.67,-17.94,-6.77,-17.50,-26.28,-49.39,1
D,2022-10-18 11:42:47.771842,-0.14,-0.55,0.91,18.92,-17.88,-4.52,-18.31,-27.29,-48.17,1
D,2022-10-18 11:42:47.792982,-0.15,-0.63,0.89,6.41,-17.88,-1.77,-18.31,-27.29,-48.17,1
D,2022-10-18 11:42:47.811223,-0.16,-0.59,0.89,-0.37,-14.65,2.08,-18.31,-27.29,-48.17,1
D,2022-10-18 11:42:47.832269,-0.15,-0.54,0.93,-1.04,-14.65,8.67,-18.58,-28.37,-46.55,1
D,2022-10-18 11:42:47.850883,-0.16,-0.50,0.91,0.49,-15.50,17.09,-18.58,-28.37,-46.55,1
D,2022-10-18 11:42:47.870011,-0.15,-0.44,0.94,-3.72,-12.51,23.07,-18.58,-28.37,-46.55,1
D,2022-10-18 11:42:47.890468,-0.16,-0.44,0.90,-8.36,-12.45,29.42,-21.12,-26.95,-46.00,1
D,2022-10-18 11:42:47.909058,-0.14,-0.39,0.94,-15.08,-8.67,32.53,-21.12,-26.95,-46.00,1
D,2022-10-18 11:42:47.929509,-0.24,-0.31,0.93,-18.01,-5.74,24.96,-22.84,-25.48,-45.15,1
D,2022-10-18 11:42:47.947820,-0.33,-0.19,0.95,-6.47,4.46,18.07,-22.84,-25.48,-45.15,1
D,2022-10-18 11:42:47.963492,-0.24,-0.19,1.00,26.06,20.69,9.34,-22.84,-25.48,-45.15,1
D,2022-10-18 11:42:47.979134,-0.21,-0.33,0.97,36.87,22.52,2.56,-22.19,-24.10,-46.18,1
D,2022-10-18 11:42:47.994739,-0.20,-0.41,0.95,27.16,22.83,-5.31,-22.19,-24.10,-46.18,1
D,2022-10-18 11:42:48.025985,-0.13,-0.40,0.95,20.57,23.19,-10.01,-18.99,-22.86,-48.07,1
D,2022-10-18 11:42:48.041610,-0.09,-0.43,0.94,19.65,20.87,-10.07,-18.99,-22.86,-48.07,1
D,2022-10-18 11:42:48.057650,-0.10,-0.49,0.89,14.59,15.99,-8.79,-18.99,-22.86,-48.07,1
D,2022-10-18 11:42:48.074425,-0.05,-0.50,0.89,0.55,14.71,-10.01,-15.76,-21.85,-48.35,1
D,2022-10-18 11:42:48.106493,-0.06,-0.48,0.88,-10.80,13.31,-10.99,-15.76,-21.85,-48.35,1
