R,2022-10-25 14:36:07.527568,0.09,0.32,-0.07,-72.94,-1.83,-114.93,48.47,50.22,-56.34,1
R,2022-10-25 14:36:07.543213,0.10,0.05,-0.21,-98.02,33.02,-103.64,48.47,50.22,-56.34,1
R,2022-10-25 14:36:07.558838,0.02,-0.14,-0.53,-96.86,44.86,-95.89,28.43,80.40,-60.16,1
R,2022-10-25 14:36:07.574468,-0.04,-0.22,-0.73,-86.98,48.03,-88.81,28.43,80.40,-60.16,1
R,2022-10-25 14:36:07.605698,-0.09,-0.30,-0.82,-81.97,44.43,-82.03,12.55,86.90,-63.37,1
R,2022-10-25 14:36:07.621323,-0.12,-0.40,-0.91,-96.44,40.34,-58.04,12.55,86.90,-63.37,1
R,2022-10-25 14:36:07.636950,-0.18,-0.55,-1.04,-122.31,33.94,-34.42,12.55,86.90,-63.37,1
R,2022-10-25 14:36:07.652598,-0.27,-0.56,-1.08,-140.38,27.95,-14.77,8.17,81.52,-58.23,1
R,2022-10-25 14:36:07.668219,-0.35,-0.54,-1.30,-115.42,25.76,-5.31,8.17,81.52,-58.23,1
R,2022-10-25 14:36:07.699454,-0.52,-0.50,-1.44,-73.61,23.01,-11.11,8.17,81.52,-58.23,1
R,2022-10-25 14:36:07.715080,-0.58,-0.50,-1.49,-36.87,11.90,-12.70,6.62,80.41,-45.20,1
R,2022-10-25 14:36:07.730727,-0.50,-0.35,-1.46,-16.48,1.16,-0.49,6.62,80.41,-45.20,1
R,2022-10-25 14:36:07.746349,-0.54,-0.40,-1.26,-33.63,-21.79,19.78,3.66,80.87,-35.63,1
R,2022-10-25 14:36:07.761957,-0.35,-0.25,-1.02,-35.40,-16.36,29.60,3.66,80.87,-35.63,1
R,2022-10-25 14:36:07.793208,-0.38,-0.20,-1.00,-36.19,-17.03,26.37,3.66,80.87,-35.63,1
R,2022-10-25 14:36:07.808857,-0.45,-0.35,-1.14,-10.74,-6.90,12.88,2.37,81.98,-30.60,1
R,2022-10-25 14:36:07.824478,-0.49,-0.33,-1.13,-11.72,-17.40,24.29,2.37,81.98,-30.60,1
R,2022-10-25 14:36:07.840108,-0.51,-0.19,-1.16,-8.48,-27.10,30.21,3.10,83.33,-28.02,1
R,2022-10-25 14:36:07.863903,-0.40,-0.15,-1.07,-0.24,-28.75,26.25,3.10,83.33,-28.02,1
R,2022-10-25 14:36:07.879536,-0.31,-0.07,-1.03,-11.47,-23.19,24.23,3.10,83.33,-28.02,1
R,2022-10-25 14:36:07.895161,-0.32,-0.03,-1.04,-6.77,-17.09,14.16,7.47,84.01,-29.92,1
R,2022-10-25 14:36:07.926413,-0.27,-0.14,-1.03,1.65,-13.12,5.92,7.47,84.01,-29.92,1
R,2022-10-25 14:36:07.942040,-0.27,-0.10,-1.00,-5.68,-10.74,9.46,7.47,84.01,-29.92,1
R,2022-10-25 14:36:07.957684,-0.24,-0.06,-0.92,-18.01,-6.41,10.13,11.49,83.25,-32.51,1
R,2022-10-25 14:36:07.973313,-0.25,-0.06,-0.82,-22.83,-2.38,4.82,11.49,83.25,-32.51,1
R,2022-10-25 14:36:07.988935,-0.29,-0.06,-0.91,-16.11,5.80,-7.02,14.93,82.52,-33.39,1
R,2022-10-25 14:36:08.020170,-0.28,-0.20,-0.82,-18.68,3.54,-4.88,14.93,82.52,-33.39,1
R,2022-10-25 14:36:08.035795,-0.20,-0.15,-0.71,-27.04,6.59,4.52,14.93,82.52,-33.39,1
R,2022-10-25 14:36:08.051443,-0.15,-0.10,-0.49,-34.55,12.70,7.39,17.97,84.67,-31.63,1
R,2022-10-25 14:36:08.067065,-0.50,-0.45,-1.11,34.85,-35.16,2.87,17.97,84.67,-31.63,1
R,2022-10-25 14:36:08.082691,-0.18,-0.60,0.50,-3.23,-42.30,5.62,17.97,84.67,-31.63,1
R,2022-10-25 14:36:08.113925,-0.34,0.08,-0.85,22.64,60.55,32.47,16.67,87.57,-25.31,1
R,2022-10-25 14:36:08.129552,-0.25,-0.25,-0.62,25.88,60.67,3.48,16.67,87.57,-25.31,1
R,2022-10-25 14:36:08.145176,-0.25,-0.13,-0.51,35.46,93.44,0.55,16.67,87.57,-25.31,1
R,2022-10-25 14:36:08.160824,-0.31,0.02,-0.71,27.47,141.97,-4.03,-3.31,101.87,-9.39,1
R,2022-10-25 14:36:08.176446,-0.48,0.03,-1.04,8.67,155.27,-15.26,-3.31,101.87,-9.39,1
R,2022-10-25 14:36:08.207679,-0.69,-0.02,-1.42,-14.95,138.92,-33.57,-41.56,119.52,-7.80,1
R,2022-10-25 14:36:08.223305,-0.98,-0.25,-1.78,-33.45,54.57,-39.18,-41.56,119.52,-7.80,1
R,2022-10-25 14:36:08.238931,-1.12,-0.27,-1.94,8.61,-0.61,-12.70,-41.56,119.52,-7.80,1
R,2022-10-25 14:36:08.254575,-0.96,-0.17,-1.70,25.57,-63.11,-0.55,-48.61,119.47,-11.35,1
R,2022-10-25 14:36:08.270184,-0.66,-0.09,-1.30,27.16,-95.21,4.21,-48.61,119.47,-11.35,1
R,2022-10-25 14:36:08.301435,-0.38,0.02,-1.01,20.26,-86.67,3.11,-19.07,105.00,-11.10,1
R,2022-10-25 14:36:08.317061,-0.31,-0.04,-0.94,16.91,-75.74,-1.77,-19.07,105.00,-11.10,1
R,2022-10-25 14:36:08.332704,-0.29,-0.02,-0.85,8.42,-70.62,-2.50,-19.07,105.00,-11.10,1
R,2022-10-25 14:36:08.348330,-0.23,-0.05,-0.78,-7.93,-66.53,-3.05,3.59,90.44,-22.01,1
R,2022-10-25 14:36:08.379584,-0.16,-0.03,-0.68,-16.36,-57.07,-0.49,3.59,90.44,-22.01,1
R,2022-10-25 14:36:08.395191,-0.13,-0.08,-0.62,-19.65,-44.49,-0.92,3.59,90.44,-22.01,1
R,2022-10-25 14:36:08.410835,-0.10,-0.13,-0.60,-29.79,-15.81,-3.66,12.89,81.40,-34.80,1
R,2022-10-25 14:36:08.426461,-0.13,-0.17,-0.64,-28.26,-3.60,-1.40,12.89,81.40,-34.80,1
R,2022-10-25 14:36:08.442090,-0.20,-0.26,-0.68,-35.10,2.32,-0.49,16.53,79.79,-37.99,1
R,2022-10-25 14:36:08.473320,-0.26,-0.40,-0.78,-38.64,2.87,9.95,16.53,79.79,-37.99,1
R,2022-10-25 14:36:08.488947,-0.37,-0.40,-1.00,73.18,-1.53,-24.90,16.53,79.79,-37.99,1
R,2022-10-25 14:36:08.504590,-0.25,-0.58,-0.78,64.33,1.53,16.48,19.70,81.16,-37.78,1
R,2022-10-25 14:36:08.520219,-0.35,-0.21,-0.84,25.63,-5.98,36.01,19.70,81.16,-37.78,1
R,2022-10-25 14:36:08.535842,-0.25,-0.24,-0.71,26.37,0.06,25.02,19.70,81.16,-37.78,1
R,2022-10-25 14:36:08.551471,-0.28,-0.07,-0.69,34.85,20.14,28.20,21.31,86.71,-38.98,1
R,2022-10-25 14:36:08.582702,-0.31,0.02,-0.76,46.75,35.28,16.24,21.31,86.71,-38.98,1
R,2022-10-25 14:36:08.598349,-0.41,0.19,-0.99,50.54,41.93,2.62,21.47,98.21,-31.30,1
R,2022-10-25 14:36:08.613971,-0.46,0.40,-1.04,38.51,28.93,-9.64,21.47,98.21,-31.30,1
R,2022-10-25 14:36:08.629581,-0.46,0.44,-1.12,26.12,23.44,-13.73,21.47,98.21,-31.30,1
R,2022-10-25 14:36:08.645221,-0.48,0.42,-1.09,-2.26,16.91,-15.69,15.89,105.22,-20.58,1
R,2022-10-25 14:36:08.676456,-0.47,0.22,-1.13,-22.89,14.16,-22.40,15.89,105.22,-20.58,1
R,2022-10-25 14:36:08.692083,-0.46,-0.04,-1.12,-30.21,6.59,-20.32,15.89,105.22,-20.58,1
R,2022-10-25 14:36:08.707731,-0.42,-0.16,-1.08,-24.72,-0.24,-22.40,3.67,103.39,-13.00,1
R,2022-10-25 14:36:08.723352,-0.38,-0.31,-1.04,-20.26,-4.64,-19.23,3.67,103.39,-13.00,1
R,2022-10-25 14:36:08.738978,-0.37,-0.37,-0.96,-22.28,-6.53,-2.44,-0.68,98.89,-10.85,1
R,2022-10-25 14:36:08.770213,-0.36,-0.38,-0.90,-12.21,-0.24,9.09,-0.68,98.89,-10.85,1
R,2022-10-25 14:36:08.785853,-0.37,-0.19,-0.92,3.85,1.10,-2.56,-0.68,98.89,-10.85,1
R,2022-10-25 14:36:08.801482,-0.37,-0.11,-0.89,15.69,-7.08,-17.09,-0.78,98.89,-11.35,1
R,2022-10-25 14:36:08.817107,-0.35,-0.14,-0.81,5.92,0.61,23.25,-0.78,98.89,-11.35,1
R,2022-10-25 14:36:08.832737,-0.29,-0.24,-0.62,11.11,4.09,21.42,-0.78,98.89,-11.35,1
R,2022-10-25 14:36:08.863970,-0.25,-0.31,-0.51,10.50,22.40,27.40,-0.74,104.97,-10.06,1
R,2022-10-25 14:36:08.879593,-0.24,-0.34,-0.47,10.62,59.27,34.73,-0.74,104.97,-10.06,1
R,2022-10-25 14:36:08.895236,-0.39,-0.16,-0.73,18.86,70.68,26.49,-7.20,123.12,-7.06,1
R,2022-10-25 14:36:08.910863,-0.57,-0.03,-0.99,17.94,72.33,11.66,-7.20,123.12,-7.06,1
R,2022-10-25 14:36:08.926489,-1.02,0.05,-1.13,15.63,64.27,2.44,-7.20,123.12,-7.06,1
