n,2022-10-11 15:52:14.572125,-0.06,-0.41,-0.66,29.42,10.62,5.55,-40.12,-9.48,20.29,1
n,2022-10-11 15:52:14.604691,-0.08,-0.10,-0.68,15.01,20.81,-23.19,-40.12,-9.48,20.29,1
n,2022-10-11 15:52:14.621202,-0.19,-0.20,-0.79,5.13,38.09,-30.64,-40.12,-9.48,20.29,1
n,2022-10-11 15:52:14.636643,-0.02,-0.36,-0.71,11.11,90.33,-48.89,-40.65,-10.18,19.41,1
n,2022-10-11 15:52:14.671060,0.05,-0.43,-0.61,6.53,91.43,-42.05,-40.65,-10.18,19.41,1
n,2022-10-11 15:52:14.687182,-0.01,-0.63,-0.79,11.17,48.65,-31.62,-41.10,-11.44,18.68,1
n,2022-10-11 15:52:14.703172,-0.05,-0.58,-0.91,7.45,15.99,-31.13,-41.10,-11.44,18.68,1
n,2022-10-11 15:52:14.733294,-0.35,-0.64,-0.92,-1.34,-10.07,-5.31,-40.25,-11.06,18.33,1
n,2022-10-11 15:52:14.755470,-0.18,-0.83,-1.05,25.51,-57.92,25.57,-40.25,-11.06,18.33,1
n,2022-10-11 15:52:14.771536,0.01,-0.76,-1.16,48.28,-79.65,29.79,-40.25,-11.06,18.33,1
n,2022-10-11 15:52:14.787624,0.17,-0.69,-1.07,31.49,-48.10,37.78,-38.66,-11.80,19.63,1
n,2022-10-11 15:52:14.823197,0.29,-0.63,-0.93,11.11,-30.03,41.93,-38.66,-11.80,19.63,1
n,2022-10-11 15:52:14.835037,0.39,-0.50,-0.92,-0.79,-15.75,36.68,-39.89,-12.06,17.97,1
n,2022-10-11 15:52:14.861957,0.25,-0.42,-0.83,-23.68,3.23,33.63,-39.89,-12.06,17.97,1
n,2022-10-11 15:52:14.888467,0.09,-0.38,-0.82,-25.76,6.65,30.09,-41.26,-12.15,19.38,1
n,2022-10-11 15:52:14.902534,0.01,-0.35,-0.87,-23.68,-2.99,14.34,-41.26,-12.15,19.38,1
n,2022-10-11 15:52:14.918299,0.06,-0.35,-0.87,-30.46,-9.03,4.33,-41.26,-12.15,19.38,1
n,2022-10-11 15:52:14.949808,0.10,-0.41,-0.81,-47.24,-20.87,-3.05,-42.03,-12.15,20.21,1
n,2022-10-11 15:52:14.966285,0.20,-0.49,-0.72,-58.04,-9.89,6.23,-42.03,-12.15,20.21,1
n,2022-10-11 15:52:14.982207,0.17,-0.56,-0.69,-52.06,4.88,13.73,-41.30,-11.12,20.47,1
n,2022-10-11 15:52:15.013690,-0.33,-0.56,-0.50,-19.17,6.23,13.12,-41.30,-11.12,20.47,1
n,2022-10-11 15:52:15.033937,0.08,-0.30,-0.82,48.77,-33.87,-12.63,-41.21,-11.87,20.29,1
n,2022-10-11 15:52:15.045560,-0.13,-0.54,-1.06,0.61,6.59,14.53,-41.21,-11.87,20.29,1
n,2022-10-11 15:52:15.077483,0.01,-0.56,-0.82,-3.72,50.17,4.15,-41.21,-11.87,20.29,1
n,2022-10-11 15:52:15.095048,0.05,-0.62,-0.62,10.93,59.88,-17.40,-41.30,-12.51,20.53,1
n,2022-10-11 15:52:15.110864,0.10,-0.57,-0.62,27.16,49.38,-30.03,-41.30,-12.51,20.53,1
n,2022-10-11 15:52:15.134249,0.08,-0.56,-0.75,37.17,14.34,-31.01,-41.03,-12.95,18.98,1
n,2022-10-11 15:52:15.158039,0.09,-0.56,-1.06,21.79,-4.82,-18.74,-41.03,-12.95,18.98,1
n,2022-10-11 15:52:15.174341,0.11,-0.60,-1.14,-5.68,-14.59,-3.48,-41.03,-12.95,18.98,1
n,2022-10-11 15:52:15.191022,0.00,-0.78,-1.25,-10.86,-9.34,0.12,-39.69,-13.10,19.01,1
n,2022-10-11 15:52:15.224078,0.02,-0.87,-1.07,-2.99,23.50,-21.06,-39.69,-13.10,19.01,1
n,2022-10-11 15:52:15.239328,0.05,-0.77,-0.88,28.02,33.87,-37.11,-40.70,-13.71,19.35,1
n,2022-10-11 15:52:15.256417,0.13,-0.61,-0.66,-32.71,-73.36,66.10,-40.70,-13.71,19.35,1
n,2022-10-11 15:52:15.288807,-0.09,-0.77,-0.92,7.39,-33.87,52.55,-41.46,-13.66,18.73,1
n,2022-10-11 15:52:15.305498,-0.02,-0.65,-0.85,-3.60,-26.86,61.58,-41.46,-13.66,18.73,1
n,2022-10-11 15:52:15.321447,-0.01,-0.44,-0.64,13.55,-0.55,12.08,-41.46,-13.66,18.73,1
n,2022-10-11 15:52:15.338461,-0.03,-0.18,-0.67,30.76,1.89,-14.28,-43.62,-14.42,20.26,1
