y,2022-10-20 18:17:20.206771,-0.29,-0.51,0.79,-6.77,11.66,12.57,8.57,47.38,-49.67,1
y,2022-10-20 18:17:20.224650,-0.29,-0.49,0.80,-9.58,17.64,11.72,8.57,47.38,-49.67,1
y,2022-10-20 18:17:20.243675,-0.25,-0.46,0.79,-30.40,26.06,10.07,7.85,47.75,-51.50,1
y,2022-10-20 18:17:20.261664,-0.21,-0.42,0.71,-21.67,24.78,7.93,7.85,47.75,-51.50,1
y,2022-10-20 18:17:20.280577,-0.24,-0.37,0.62,-26.37,20.81,5.62,7.68,48.82,-53.96,1
y,2022-10-20 18:17:20.298728,-0.51,-0.29,0.96,1.16,-5.62,-12.02,7.68,48.82,-53.96,1
y,2022-10-20 18:17:20.316629,-0.32,-0.44,0.67,28.14,13.49,0.24,7.68,48.82,-53.96,1
y,2022-10-20 18:17:20.335598,-0.16,-0.18,0.31,-9.34,21.18,3.42,8.26,48.14,-53.17,1
y,2022-10-20 18:17:20.353793,-0.24,-0.31,0.52,-5.37,-22.16,-27.95,8.26,48.14,-53.17,1
y,2022-10-20 18:17:20.371785,-0.26,-0.25,0.65,4.46,-36.87,-27.47,8.26,48.14,-53.17,1
y,2022-10-20 18:17:20.390640,-0.29,-0.29,0.86,16.54,-41.26,-29.30,10.78,45.73,-49.41,1
y,2022-10-20 18:17:20.408763,-0.34,-0.44,1.13,36.56,-27.47,-17.52,10.78,45.73,-49.41,1
y,2022-10-20 18:17:20.427582,-0.35,-0.78,1.19,43.27,-20.26,-11.23,14.77,44.38,-43.51,1
y,2022-10-20 18:17:20.445580,-0.34,-0.91,1.17,25.09,-12.63,-8.00,14.77,44.38,-43.51,1
y,2022-10-20 18:17:20.463644,-0.45,-0.77,1.32,4.33,-10.01,-13.98,14.77,44.38,-43.51,1
y,2022-10-20 18:17:20.482554,-0.45,-0.73,1.33,-5.25,37.54,-7.51,9.55,46.18,-43.97,1
y,2022-10-20 18:17:20.500612,-0.30,-0.65,0.87,-0.24,55.36,2.20,9.55,46.18,-43.97,1
y,2022-10-20 18:17:20.518668,-0.26,-0.58,0.62,-8.42,52.25,1.77,9.55,46.18,-43.97,1
y,2022-10-20 18:17:20.537892,-0.24,-0.49,0.42,-16.60,40.59,-1.65,-2.25,49.74,-48.74,1
y,2022-10-20 18:17:20.555843,-0.24,-0.42,0.29,-19.04,24.84,-4.76,-2.25,49.74,-48.74,1
y,2022-10-20 18:17:20.573952,-0.22,-0.42,0.20,-19.59,-0.31,-5.00,-2.25,49.74,-48.74,1
y,2022-10-20 18:17:20.592889,-0.24,-0.17,0.15,-17.82,1.65,-4.46,-6.38,51.75,-52.84,1
y,2022-10-20 18:17:20.610953,-0.20,-0.29,0.14,-13.00,-24.41,-30.40,-6.38,51.75,-52.84,1
y,2022-10-20 18:17:20.629944,-0.22,-0.32,0.19,-8.42,-53.65,-36.62,-3.32,50.39,-48.40,1
y,2022-10-20 18:17:20.647885,-0.27,-0.37,0.48,11.35,-70.80,-35.34,-3.32,50.39,-48.40,1
y,2022-10-20 18:17:20.665852,-0.34,-0.58,0.69,21.79,-79.04,-32.59,-3.32,50.39,-48.40,1
y,2022-10-20 18:17:20.684679,-0.40,-0.74,0.84,25.27,-77.64,-25.09,11.82,45.74,-40.44,1
y,2022-10-20 18:17:20.702793,-0.44,-0.89,0.93,15.75,-77.45,-21.67,11.82,45.74,-40.44,1
y,2022-10-20 18:17:20.720880,-0.54,-0.90,1.12,-0.85,-71.41,-9.03,11.82,45.74,-40.44,1
y,2022-10-20 18:17:20.739965,-0.66,-0.77,1.32,-15.63,-56.46,-1.71,28.60,42.70,-44.42,1
y,2022-10-20 18:17:20.757666,-0.64,-0.66,1.33,-16.60,-33.33,11.29,28.60,42.70,-44.42,1
y,2022-10-20 18:17:20.776618,-0.64,-0.60,1.25,-19.41,-16.30,17.58,34.27,41.11,-48.50,1
y,2022-10-20 18:17:20.794558,-0.64,-0.54,1.19,-23.62,15.26,30.94,34.27,41.11,-48.50,1
y,2022-10-20 18:17:20.812484,-0.88,-0.43,1.08,-17.58,12.88,33.08,34.27,41.11,-48.50,1
y,2022-10-20 18:17:20.831461,-0.85,-0.49,1.10,14.65,2.44,33.26,31.01,41.02,-48.62,1
y,2022-10-20 18:17:20.849524,-0.86,-0.49,1.13,31.98,1.83,34.48,31.01,41.02,-48.62,1
y,2022-10-20 18:17:20.867483,-0.77,-0.48,1.11,54.63,5.55,38.70,31.01,41.02,-48.62,1
y,2022-10-20 18:17:20.886553,-0.62,-0.48,1.06,90.70,5.55,49.13,16.43,43.38,-46.83,1
y,2022-10-20 18:17:20.904517,-0.51,-0.55,1.05,105.90,-1.04,53.89,16.43,43.38,-46.83,1
y,2022-10-20 18:17:20.922753,-0.48,-0.63,1.05,117.74,-7.51,51.94,16.43,43.38,-46.83,1
y,2022-10-20 18:17:20.941574,-0.41,-0.78,1.05,123.17,-11.90,40.71,7.18,45.92,-48.06,1
y,2022-10-20 18:17:20.959607,-0.37,-0.92,1.01,99.12,-4.82,29.79,7.18,45.92,-48.06,1
y,2022-10-20 18:17:20.978576,-0.34,-1.02,0.98,77.82,19.41,34.85,4.22,49.33,-54.15,1
y,2022-10-20 18:17:20.996683,-0.35,-1.02,0.90,51.76,35.52,30.52,4.22,49.33,-54.15,1
y,2022-10-20 18:17:21.014737,-0.31,-1.03,0.85,38.82,53.83,32.23,4.22,49.33,-54.15,1
y,2022-10-20 18:17:21.033624,-0.26,-1.00,0.71,31.49,65.61,37.23,9.03,52.21,-64.77,1
y,2022-10-20 18:17:21.051529,-0.18,-0.89,0.56,27.65,72.63,46.88,9.03,52.21,-64.77,1
y,2022-10-20 18:17:21.069469,-0.11,-0.80,0.45,18.07,76.84,51.88,9.03,52.21,-64.77,1
y,2022-10-20 18:17:21.088467,-0.09,-0.73,0.39,3.23,78.49,50.66,17.40,52.08,-71.02,1
