K,2022-11-09 12:07:20.540564,-0.02,0.12,1.03,-24.60,20.45,3.36,4.48,28.86,-136.61,1
K,2022-11-09 12:07:20.559475,0.02,0.16,0.97,-27.10,19.90,5.25,8.69,27.73,-137.99,1
K,2022-11-09 12:07:20.577502,-0.01,0.22,0.93,-42.11,18.98,1.83,8.69,27.73,-137.99,1
K,2022-11-09 12:07:20.595410,-0.01,0.21,0.85,-44.01,20.39,0.98,8.69,27.73,-137.99,1
K,2022-11-09 12:07:20.614371,-0.00,0.20,0.78,-51.51,17.40,1.40,13.37,23.54,-139.65,1
K,2022-11-09 12:07:20.632509,-0.00,0.21,0.70,-57.50,10.80,5.43,13.37,23.54,-139.65,1
K,2022-11-09 12:07:20.650646,-0.00,0.27,0.62,-61.46,-4.39,8.00,13.37,23.54,-139.65,1
K,2022-11-09 12:07:20.669820,-0.42,0.60,1.27,-37.17,-6.41,-4.64,15.04,18.16,-139.60,1
K,2022-11-09 12:07:20.687393,-0.09,0.26,0.78,47.24,16.72,1.46,15.04,18.16,-139.60,1
K,2022-11-09 12:07:20.705533,-0.04,0.26,0.66,23.38,33.39,-13.55,15.04,18.16,-139.60,1
K,2022-11-09 12:07:20.724696,-0.05,0.21,0.81,-17.09,-22.64,-46.14,16.05,18.21,-140.38,1
K,2022-11-09 12:07:20.742745,-0.12,0.17,0.57,-21.00,-48.95,-17.94,16.05,18.21,-140.38,1
K,2022-11-09 12:07:20.761640,-0.09,0.18,0.55,-0.73,-65.80,3.23,10.18,18.20,-140.66,1
K,2022-11-09 12:07:20.779560,-0.08,0.33,0.81,19.71,-82.28,16.60,10.18,18.20,-140.66,1
K,2022-11-09 12:07:20.797548,-0.10,0.37,0.97,28.14,-69.09,16.24,10.18,18.20,-140.66,1
K,2022-11-09 12:07:20.816481,-0.08,0.40,1.06,9.64,-41.08,6.77,-1.87,20.37,-139.51,1
K,2022-11-09 12:07:20.834567,-0.10,0.54,1.29,11.23,-30.15,7.14,-1.87,20.37,-139.51,1
K,2022-11-09 12:07:20.852596,-0.10,0.56,1.43,24.54,-15.63,8.85,-1.87,20.37,-139.51,1
K,2022-11-09 12:07:20.871531,-0.11,0.44,1.41,37.48,1.95,13.37,-8.40,23.18,-137.38,1
K,2022-11-09 12:07:20.889467,-0.09,0.30,1.15,66.96,-13.92,31.07,-8.40,23.18,-137.38,1
K,2022-11-09 12:07:20.908513,-0.18,0.41,1.41,23.93,-13.61,1.28,-7.32,26.26,-138.11,1
K,2022-11-09 12:07:20.926752,-0.11,0.44,1.09,-25.21,40.41,-19.35,-7.32,26.26,-138.11,1
K,2022-11-09 12:07:20.944756,-0.10,0.43,1.03,-3.97,31.98,-18.13,-7.32,26.26,-138.11,1
K,2022-11-09 12:07:20.963757,-0.09,0.46,1.01,-6.71,31.07,-23.50,1.59,25.07,-140.71,1
K,2022-11-09 12:07:20.981429,-0.08,0.41,0.91,2.20,30.64,-32.71,1.59,25.07,-140.71,1
K,2022-11-09 12:07:20.999546,-0.08,0.33,0.84,21.91,21.61,-32.96,1.59,25.07,-140.71,1
K,2022-11-09 12:07:21.018389,-0.11,0.18,0.83,16.30,18.55,-38.09,11.57,26.40,-140.58,1
K,2022-11-09 12:07:21.036621,-0.11,0.11,0.77,-9.89,23.62,-33.63,11.57,26.40,-140.58,1
K,2022-11-09 12:07:21.054578,-0.11,0.05,0.67,-12.15,15.14,-19.59,11.57,26.40,-140.58,1
K,2022-11-09 12:07:21.073412,-0.14,0.01,0.69,4.64,3.11,-6.84,19.71,29.48,-141.42,1
K,2022-11-09 12:07:21.091616,-0.12,-0.05,0.76,40.22,-7.81,16.36,19.71,29.48,-141.42,1
K,2022-11-09 12:07:21.110403,-0.08,0.09,0.83,4.46,2.69,13.67,22.29,30.25,-141.15,1
K,2022-11-09 12:07:21.128615,-0.08,0.21,0.86,-44.56,17.94,-4.64,22.29,30.25,-141.15,1
K,2022-11-09 12:07:21.146599,-0.18,0.14,0.84,-13.00,-27.16,6.71,22.29,30.25,-141.15,1
K,2022-11-09 12:07:21.165436,-0.28,0.24,1.06,32.59,-32.23,26.43,18.91,29.49,-141.66,1
K,2022-11-09 12:07:21.183621,-0.18,0.21,0.96,34.85,-14.53,15.38,18.91,29.49,-141.66,1
K,2022-11-09 12:07:21.201414,-0.06,0.07,0.97,42.97,-19.59,14.95,18.91,29.49,-141.66,1
K,2022-11-09 12:07:21.220497,0.02,0.10,0.94,-0.98,-4.21,8.97,13.40,30.87,-139.03,1
K,2022-11-09 12:07:21.238659,0.05,0.16,0.91,-8.24,-2.87,12.57,13.40,30.87,-139.03,1
K,2022-11-09 12:07:21.257426,0.09,0.20,0.83,-14.47,-2.56,14.65,10.94,29.36,-138.07,1
K,2022-11-09 12:07:21.275585,0.10,0.27,0.82,-35.40,-2.93,10.19,10.94,29.36,-138.07,1
K,2022-11-09 12:07:21.293446,0.04,0.38,0.79,-50.29,-6.41,4.52,10.94,29.36,-138.07,1
K,2022-11-09 12:07:21.312570,0.02,0.44,0.67,-47.00,-15.44,3.23,7.95,24.54,-141.56,1
K,2022-11-09 12:07:21.330700,-0.17,0.79,1.14,-0.43,26.25,-30.64,7.95,24.54,-141.56,1
K,2022-11-09 12:07:21.348805,-0.06,0.42,0.61,52.31,-6.10,-17.03,7.95,24.54,-141.56,1
K,2022-11-09 12:07:21.367595,-0.07,0.43,0.66,34.42,-29.91,-32.90,6.41,23.80,-139.64,1
K,2022-11-09 12:07:21.385608,-0.13,0.39,0.68,19.41,-39.86,-35.58,6.41,23.80,-139.64,1
K,2022-11-09 12:07:21.403689,-0.14,0.31,0.73,8.97,-44.68,-33.57,6.41,23.80,-139.64,1
K,2022-11-09 12:07:21.422769,-0.16,0.25,0.85,-0.31,-44.13,-24.66,-0.99,24.98,-139.03,1
K,2022-11-09 12:07:21.440868,-0.16,0.24,1.00,-7.02,-37.84,-8.97,-0.99,24.98,-139.03,1
K,2022-11-09 12:07:21.459879,-0.20,0.17,1.26,-28.38,-26.06,10.74,-9.31,25.32,-133.56,1
K,2022-11-09 12:07:21.477883,-0.58,0.32,1.41,-31.19,-20.20,18.68,-9.31,25.32,-133.56,1
K,2022-11-09 12:07:21.495585,-0.44,0.48,1.43,13.00,0.12,11.84,-9.31,25.32,-133.56,1
K,2022-11-09 12:07:21.514557,-0.26,0.38,1.29,24.96,16.85,-8.18,-10.06,27.00,-129.38,1
K,2022-11-09 12:07:21.532569,-0.19,0.34,1.14,43.82,21.12,-9.64,-10.06,27.00,-129.38,1
K,2022-11-09 12:07:21.550611,-0.15,0.20,0.96,34.85,22.03,-15.99,-10.06,27.00,-129.38,1
K,2022-11-09 12:07:21.569635,-0.11,0.18,0.91,14.95,21.55,-20.69,-6.58,31.16,-127.55,1
K,2022-11-09 12:07:21.587537,-0.06,0.26,0.87,5.07,19.96,-21.91,-6.58,31.16,-127.55,1
K,2022-11-09 12:07:21.606607,-0.05,0.26,0.84,11.35,18.19,-19.90,-2.55,33.18,-127.22,1
K,2022-11-09 12:07:21.624600,-0.01,0.15,0.74,20.32,14.65,-16.72,-2.55,33.18,-127.22,1
K,2022-11-09 12:07:21.642676,0.01,0.11,0.72,17.76,8.54,-12.82,-2.55,33.18,-127.22,1
