T,2022-10-27 17:51:57.760903,-0.30,0.17,0.94,-4.52,9.03,12.33,21.30,-0.59,-17.14,1
T,2022-10-27 17:51:57.777836,-0.23,0.18,0.87,-1.28,11.35,21.48,21.30,-0.59,-17.14,1
T,2022-10-27 17:51:57.795915,-0.16,0.20,0.88,1.59,18.55,28.14,21.96,-1.40,-15.37,1
T,2022-10-27 17:51:57.814489,-0.20,0.23,0.93,-0.43,15.38,30.64,21.96,-1.40,-15.37,1
T,2022-10-27 17:51:57.832156,-0.19,0.29,0.93,-6.10,0.06,22.46,21.96,-1.40,-15.37,1
T,2022-10-27 17:51:57.853031,-0.20,0.42,0.87,-5.68,-16.17,8.30,22.36,-3.02,-15.99,1
T,2022-10-27 17:51:57.869835,-0.52,0.66,0.91,-1.89,-7.75,9.22,22.36,-3.02,-15.99,1
T,2022-10-27 17:51:57.888166,-0.26,0.79,0.92,2.56,14.34,33.69,23.63,-3.38,-15.93,1
T,2022-10-27 17:51:57.906572,-0.28,0.37,0.92,39.92,4.82,48.22,23.63,-3.38,-15.93,1
T,2022-10-27 17:51:57.924448,-0.30,-0.11,0.87,19.35,-3.23,-6.41,23.63,-3.38,-15.93,1
T,2022-10-27 17:51:57.943996,-0.27,0.38,0.83,-1.22,-10.07,-69.46,25.62,-2.87,-15.06,1
T,2022-10-27 17:51:57.963879,-0.24,0.55,0.83,17.82,-13.24,-78.92,25.62,-2.87,-15.06,1
T,2022-10-27 17:51:57.980461,-0.26,0.26,0.83,45.65,-12.39,-61.28,25.62,-2.87,-15.06,1
T,2022-10-27 17:51:57.999483,-0.28,0.01,0.86,40.77,-2.62,-51.94,29.88,-0.68,-14.93,1
T,2022-10-27 17:51:58.017451,-0.48,-0.07,1.07,16.91,0.12,-38.45,29.88,-0.68,-14.93,1
T,2022-10-27 17:51:58.035709,-0.46,-0.15,1.03,-7.81,8.30,-9.22,30.94,0.56,-15.55,1
T,2022-10-27 17:51:58.053608,-0.32,0.05,1.00,-30.15,20.32,8.48,30.94,0.56,-15.55,1
T,2022-10-27 17:51:58.073678,-0.20,0.11,1.00,-22.71,27.10,25.88,30.94,0.56,-15.55,1
T,2022-10-27 17:51:58.091160,-0.23,0.11,0.94,-10.56,28.75,39.67,28.86,1.10,-15.70,1
T,2022-10-27 17:51:58.109904,-0.06,0.18,0.89,-13.49,31.19,44.74,28.86,1.10,-15.70,1
T,2022-10-27 17:51:58.127819,-0.03,0.26,0.92,-10.62,25.09,41.75,28.86,1.10,-15.70,1
T,2022-10-27 17:51:58.145993,-0.10,0.30,0.88,-2.14,10.50,32.10,26.79,0.55,-15.23,1
T,2022-10-27 17:51:58.165242,-0.11,0.23,0.84,-0.18,1.59,23.86,26.79,0.55,-15.23,1
T,2022-10-27 17:51:58.182321,-0.08,0.28,0.81,-1.46,-1.83,11.90,26.79,0.55,-15.23,1
T,2022-10-27 17:51:58.201338,-0.10,0.31,0.82,1.28,-1.04,4.70,26.46,-0.38,-15.49,1
T,2022-10-27 17:51:58.219536,-0.14,0.36,0.85,11.72,-4.58,3.05,26.46,-0.38,-15.49,1
T,2022-10-27 17:51:58.238400,-0.67,0.24,0.85,25.09,-20.32,5.68,27.47,-2.17,-14.54,1
T,2022-10-27 17:51:58.256817,-0.27,-0.15,0.97,2.44,14.34,-3.91,27.47,-2.17,-14.54,1
T,2022-10-27 17:51:58.275382,-0.14,0.78,1.19,31.92,-3.54,13.92,27.47,-2.17,-14.54,1
T,2022-10-27 17:51:58.293233,-0.09,0.07,0.96,29.24,-41.75,25.88,28.22,-2.65,-15.72,1
T,2022-10-27 17:51:58.310812,-0.08,0.28,0.99,21.79,-95.76,36.44,28.22,-2.65,-15.72,1
T,2022-10-27 17:51:58.329300,-0.12,0.17,0.99,13.49,-150.15,56.21,28.22,-2.65,-15.72,1
T,2022-10-27 17:51:58.348321,-0.33,-0.03,0.66,-1.40,-175.29,46.14,28.06,-5.10,-19.69,1
T,2022-10-27 17:51:58.367494,-0.51,0.01,0.54,-3.36,-124.94,4.52,28.06,-5.10,-19.69,1
T,2022-10-27 17:51:58.384602,-0.80,0.14,0.74,-5.19,-71.17,-10.01,28.06,-5.10,-19.69,1
T,2022-10-27 17:51:58.403794,-1.19,0.15,0.93,-15.08,-14.34,-15.32,28.76,-7.21,-19.62,1
T,2022-10-27 17:51:58.421856,-0.94,0.21,0.86,-44.13,45.35,-20.57,28.76,-7.21,-19.62,1
T,2022-10-27 17:51:58.441817,-0.54,0.55,1.00,-49.19,90.45,-32.35,26.83,-5.14,-21.31,1
T,2022-10-27 17:51:58.461906,-0.32,0.56,1.12,-0.98,92.65,-21.67,26.83,-5.14,-21.31,1
T,2022-10-27 17:51:58.477910,-0.25,0.32,1.01,14.04,68.73,-12.82,26.83,-5.14,-21.31,1
T,2022-10-27 17:51:58.496519,-0.20,0.04,1.00,10.38,51.57,-21.12,26.49,-1.61,-19.35,1
T,2022-10-27 17:51:58.514578,-0.12,0.35,0.90,-15.93,31.31,-33.63,26.49,-1.61,-19.35,1
T,2022-10-27 17:51:58.532061,-0.12,0.34,0.81,-5.31,16.36,-24.54,26.49,-1.61,-19.35,1
T,2022-10-27 17:51:58.551083,-0.23,0.25,0.81,4.82,10.62,-16.85,27.43,1.18,-17.37,1
T,2022-10-27 17:51:58.570157,-0.38,0.20,0.78,7.14,19.90,-14.47,27.43,1.18,-17.37,1
T,2022-10-27 17:51:58.586839,-0.26,0.25,0.79,6.65,31.56,-13.55,27.43,1.18,-17.37,1
