C,2022-10-18 14:45:40.192034,0.12,-0.01,0.96,48.40,21.30,-8.97,-7.04,14.49,-68.04,1
C,2022-10-18 14:45:40.203403,0.05,-0.03,0.95,44.01,17.76,-7.20,-7.04,14.49,-68.04,1
C,2022-10-18 14:45:40.219033,0.05,-0.06,0.95,36.93,23.38,-3.23,-3.92,14.90,-70.45,1
C,2022-10-18 14:45:40.234656,0.08,-0.02,0.97,36.62,26.00,-3.30,-3.92,14.90,-70.45,1
C,2022-10-18 14:45:40.266816,0.11,-0.05,0.99,39.79,21.30,-4.64,-1.42,16.37,-70.30,1
C,2022-10-18 14:45:40.273704,0.08,-0.07,1.00,37.72,14.34,-10.62,-1.42,16.37,-70.30,1
C,2022-10-18 14:45:40.303844,0.02,-0.09,0.97,18.37,9.09,-16.66,-1.42,16.37,-70.30,1
C,2022-10-18 14:45:40.309315,0.04,-0.05,0.95,9.83,9.28,-15.20,1.29,15.81,-73.44,1
C,2022-10-18 14:45:40.340943,0.08,-0.03,0.94,9.70,10.93,-12.76,1.29,15.81,-73.44,1
C,2022-10-18 14:45:40.356598,0.07,-0.02,0.97,13.31,6.84,-9.28,1.29,15.81,-73.44,1
C,2022-10-18 14:45:40.372220,-0.01,-0.06,0.97,13.37,7.08,-10.38,3.04,15.50,-72.20,1
C,2022-10-18 14:45:40.391361,0.07,-0.02,0.98,5.43,11.60,-14.10,3.04,15.50,-72.20,1
C,2022-10-18 14:45:40.415161,0.09,-0.04,0.99,10.44,11.78,-6.59,5.05,14.76,-74.39,1
C,2022-10-18 14:45:40.430870,0.12,-0.11,0.98,11.84,8.79,3.17,5.05,14.76,-74.39,1
C,2022-10-18 14:45:40.457569,0.17,-0.15,0.93,13.24,2.81,12.88,5.05,14.76,-74.39,1
C,2022-10-18 14:45:40.467643,-0.05,-0.49,1.08,3.66,-3.78,15.08,5.80,14.48,-75.87,1
C,2022-10-18 14:45:40.488391,0.05,-0.00,0.88,-30.70,15.99,4.27,5.80,14.48,-75.87,1
C,2022-10-18 14:45:40.512297,0.08,-0.03,0.96,-3.60,15.63,21.91,5.80,14.48,-75.87,1
C,2022-10-18 14:45:40.526355,0.10,0.06,0.91,-2.14,10.74,22.89,6.47,12.77,-76.04,1
C,2022-10-18 14:45:40.541984,0.09,-0.05,0.87,14.95,11.72,38.45,6.47,12.77,-76.04,1
C,2022-10-18 14:45:40.567194,0.10,-0.12,0.88,20.57,10.44,47.42,6.71,14.69,-76.35,1
C,2022-10-18 14:45:40.589587,0.07,-0.11,0.92,0.92,0.18,42.05,6.71,14.69,-76.35,1
C,2022-10-18 14:45:40.609944,0.08,0.00,0.92,-10.19,-4.94,31.01,6.71,14.69,-76.35,1
C,2022-10-18 14:45:40.625648,0.06,0.07,0.90,-4.76,-8.54,31.98,4.54,15.20,-76.95,1
C,2022-10-18 14:45:40.641353,0.07,0.01,0.96,-0.31,-20.81,36.44,4.54,15.20,-76.95,1
C,2022-10-18 14:45:40.667227,0.08,-0.00,0.96,-9.09,-30.27,42.48,0.28,16.08,-76.40,1
C,2022-10-18 14:45:40.684065,0.05,0.02,0.96,-17.94,-37.66,46.63,0.28,16.08,-76.40,1
C,2022-10-18 14:45:40.697226,0.04,0.02,0.94,-24.96,-42.79,44.98,0.28,16.08,-76.40,1
C,2022-10-18 14:45:40.712928,0.02,0.06,0.99,-25.33,-44.37,32.17,-4.61,15.83,-76.46,1
C,2022-10-18 14:45:40.728547,-0.01,0.08,1.00,-21.91,-44.25,27.10,-4.61,15.83,-76.46,1
C,2022-10-18 14:45:40.744175,-0.02,0.08,0.97,-15.81,-40.89,20.57,-4.61,15.83,-76.46,1
C,2022-10-18 14:45:40.775441,-0.04,0.05,0.96,-8.36,-33.57,14.59,-9.66,15.22,-75.22,1
C,2022-10-18 14:45:40.791606,-0.04,0.00,0.99,-14.59,-25.33,-0.06,-9.66,15.22,-75.22,1
C,2022-10-18 14:45:40.807311,-0.04,0.05,1.00,-17.33,-19.59,-3.36,-9.66,15.22,-75.22,1
C,2022-10-18 14:45:40.822946,-0.05,0.09,1.03,-13.92,-14.22,-4.70,-12.04,14.78,-74.63,1
C,2022-10-18 14:45:40.854114,-0.06,0.08,1.05,-10.50,-12.08,-6.59,-12.04,14.78,-74.63,1
C,2022-10-18 14:45:40.869737,-0.06,0.05,1.06,-15.26,-14.71,-11.78,-13.34,12.90,-75.13,1
C,2022-10-18 14:45:40.889368,-0.07,0.03,1.04,-18.62,-15.08,-19.29,-13.34,12.90,-75.13,1
C,2022-10-18 14:45:40.901375,-0.07,0.05,1.00,-23.68,-13.79,-35.83,-13.34,12.90,-75.13,1
C,2022-10-18 14:45:40.932628,-0.04,0.14,0.93,-17.70,-5.37,-35.16,-13.39,10.27,-72.45,1
C,2022-10-18 14:45:40.948252,-0.04,0.10,0.97,2.56,1.65,-18.37,-13.39,10.27,-72.45,1
C,2022-10-18 14:45:40.963951,-0.06,-0.07,1.01,9.95,5.00,-9.58,-12.68,9.69,-74.30,1
C,2022-10-18 14:45:40.989658,-0.12,-0.16,1.01,-4.09,8.54,-33.94,-12.68,9.69,-74.30,1
C,2022-10-18 14:45:41.011393,-0.32,0.23,1.01,-25.51,12.88,-51.09,-12.68,9.69,-74.30,1
C,2022-10-18 14:45:41.027101,-0.24,0.26,0.98,-31.25,40.10,-3.72,-11.33,7.28,-73.73,1
C,2022-10-18 14:45:41.042722,0.00,0.27,1.11,-2.81,54.14,-0.79,-11.33,7.28,-73.73,1
C,2022-10-18 14:45:41.058263,0.08,0.17,1.11,9.52,43.09,-5.00,-6.63,7.59,-72.08,1
C,2022-10-18 14:45:41.089587,0.20,0.19,0.94,4.39,12.02,-18.43,-6.63,7.59,-72.08,1
