g,2022-11-01 15:17:15.329380,-0.09,-0.40,0.81,14.65,28.14,-19.35,23.68,103.74,-49.57,1
g,2022-11-01 15:17:15.360224,-0.09,-0.38,0.84,2.50,22.16,-27.65,23.68,103.74,-49.57,1
g,2022-11-01 15:17:15.380724,-0.14,-0.31,0.90,-1.40,19.04,-30.09,16.83,105.51,-48.71,1
g,2022-11-01 15:17:15.393487,-0.13,-0.32,0.91,11.60,15.38,-24.48,16.83,105.51,-48.71,1
g,2022-11-01 15:17:15.408146,-0.15,-0.51,0.84,19.04,3.85,-16.60,16.83,105.51,-48.71,1
g,2022-11-01 15:17:15.442074,-0.18,-0.51,0.77,13.43,2.01,-19.90,10.95,108.52,-46.24,1
g,2022-11-01 15:17:15.458786,-0.21,-0.50,0.74,2.87,4.82,-24.54,0.00,0.00,0.00,1
g,2022-11-01 15:17:15.471745,-0.27,-0.47,0.81,-2.87,4.88,-22.46,4.46,111.91,-44.97,1
g,2022-11-01 15:17:15.503008,-0.28,-0.49,0.83,-1.04,2.56,-18.07,4.46,111.91,-44.97,1
g,2022-11-01 15:17:15.521509,-0.31,-0.49,0.79,3.23,-1.22,-14.53,4.46,111.91,-44.97,1
g,2022-11-01 15:17:15.542397,-0.67,-0.44,0.86,2.14,-1.65,-12.33,1.03,114.72,-44.82,1
g,2022-11-01 15:17:15.562689,-0.30,-1.18,0.57,63.48,-17.76,34.97,1.03,114.72,-44.82,1
g,2022-11-01 15:17:15.583458,-0.30,-0.73,0.54,-7.69,-0.31,-2.62,0.28,114.62,-44.26,1
g,2022-11-01 15:17:15.599477,-0.26,-0.27,0.86,-41.20,18.55,-18.13,0.28,114.62,-44.26,1
g,2022-11-01 15:17:15.615376,-0.23,-0.13,0.97,-22.46,2.87,-0.98,0.28,114.62,-44.26,1
g,2022-11-01 15:17:15.635148,-0.27,-0.44,0.88,12.21,-12.27,13.85,0.85,114.56,-46.22,1
g,2022-11-01 15:17:15.663490,-0.29,-0.50,0.78,15.87,-6.77,7.20,0.85,114.56,-46.22,1
g,2022-11-01 15:17:15.686130,-0.30,-0.50,0.90,2.81,-0.12,5.25,1.83,114.16,-45.32,1
g,2022-11-01 15:17:15.702310,-0.28,-0.42,0.94,-4.70,-0.85,4.88,1.83,114.16,-45.32,1
g,2022-11-01 15:17:15.711584,-0.28,-0.42,0.93,1.95,-4.88,9.28,1.83,114.16,-45.32,1
g,2022-11-01 15:17:15.745481,-0.29,-0.43,0.91,5.62,-7.39,13.73,3.56,114.29,-43.95,1
g,2022-11-01 15:17:15.762615,-0.30,-0.47,0.88,6.41,-6.53,17.46,3.56,114.29,-43.95,1
g,2022-11-01 15:17:15.784479,-0.31,-0.44,0.88,-2.20,-2.01,12.57,6.63,113.28,-45.08,1
g,2022-11-01 15:17:15.804296,-0.30,-0.31,0.91,-7.87,4.27,8.18,6.63,113.28,-45.08,1
g,2022-11-01 15:17:15.823368,-0.29,-0.34,0.94,-4.52,6.29,13.37,6.63,113.28,-45.08,1
g,2022-11-01 15:17:15.842257,-0.29,-0.37,0.94,0.67,6.71,17.46,9.25,113.28,-46.74,1
g,2022-11-01 15:17:15.859789,-0.29,-0.38,0.91,2.99,8.67,16.11,9.25,113.28,-46.74,1
g,2022-11-01 15:17:15.887406,-0.29,-0.40,0.87,-2.08,13.00,14.16,11.34,112.73,-45.24,1
g,2022-11-01 15:17:15.907562,-0.27,-0.29,0.95,-11.54,21.97,4.58,11.34,112.73,-45.24,1
g,2022-11-01 15:17:15.924979,-0.25,-0.25,1.01,-1.28,21.55,3.66,11.34,112.73,-45.24,1
g,2022-11-01 15:17:15.948295,-0.24,-0.28,0.96,20.08,9.77,6.47,12.16,112.23,-46.42,1
g,2022-11-01 15:17:15.967200,-0.25,-0.41,0.78,24.90,8.97,4.82,12.16,112.23,-46.42,1
g,2022-11-01 15:17:15.985539,-0.23,-0.42,0.77,10.80,9.89,-1.46,11.43,113.00,-45.25,1
g,2022-11-01 15:17:16.001730,-0.23,-0.36,0.77,8.79,4.33,-1.46,11.43,113.00,-45.25,1
g,2022-11-01 15:17:16.020995,-0.24,-0.39,0.72,10.50,2.87,-0.18,11.43,113.00,-45.25,1
g,2022-11-01 15:17:16.047183,-0.24,-0.43,0.71,6.04,5.62,-0.85,9.61,112.87,-44.68,1
g,2022-11-01 15:17:16.063131,-0.22,-0.41,0.79,-7.57,9.16,-6.10,9.61,112.87,-44.68,1
g,2022-11-01 15:17:16.085541,-0.22,-0.36,0.85,-8.30,4.39,-7.69,7.07,113.35,-43.58,1
g,2022-11-01 15:17:16.095058,-0.22,-0.32,0.83,6.90,-7.32,-6.23,7.07,113.35,-43.58,1
g,2022-11-01 15:17:16.126315,-0.24,-0.43,0.75,17.52,-12.45,-4.33,7.07,113.35,-43.58,1
g,2022-11-01 15:17:16.144713,-0.25,-0.51,0.75,-0.61,-9.34,-9.28,3.36,114.29,-43.88,1
g,2022-11-01 15:17:16.163242,-0.23,-0.46,0.84,-10.62,-9.16,-11.96,3.36,114.29,-43.88,1
g,2022-11-01 15:17:16.190187,-0.24,-0.39,0.87,-0.67,-21.42,-9.22,0.59,115.27,-44.17,1
g,2022-11-01 15:17:16.208669,-0.26,-0.48,0.77,9.03,-27.40,-5.55,0.59,115.27,-44.17,1
g,2022-11-01 15:17:16.228913,-0.30,-0.46,0.78,-2.56,-22.89,-6.47,0.59,115.27,-44.17,1
g,2022-11-01 15:17:16.238528,-0.30,-0.42,0.85,-5.13,-19.29,-4.82,-2.26,116.00,-44.67,1
g,2022-11-01 15:17:16.272677,-0.30,-0.41,0.87,1.46,-21.30,-1.83,-2.26,116.00,-44.67,1
g,2022-11-01 15:17:16.292595,-0.33,-0.45,0.86,6.04,-19.96,-0.49,-3.96,116.72,-43.38,1
g,2022-11-01 15:17:16.302269,-0.34,-0.51,0.88,5.00,-15.44,0.61,-3.96,116.72,-43.38,1
g,2022-11-01 15:17:16.333877,-0.34,-0.48,0.93,-1.89,-10.31,0.37,-3.96,116.72,-43.38,1
g,2022-11-01 15:17:16.352850,-0.33,-0.49,0.94,-0.67,-10.56,1.59,-5.33,116.10,-43.16,1
g,2022-11-01 15:17:16.365670,-0.35,-0.50,0.90,2.99,-15.63,4.94,-5.33,116.10,-43.16,1
g,2022-11-01 15:17:16.381720,-0.37,-0.49,0.87,0.55,-14.16,6.65,-4.25,116.86,-43.87,1
g,2022-11-01 15:17:16.413514,-0.37,-0.46,0.89,-3.36,-6.59,5.80,-4.25,116.86,-43.87,1
g,2022-11-01 15:17:16.432051,-0.36,-0.39,0.95,-2.56,-5.13,7.69,-4.25,116.86,-43.87,1
g,2022-11-01 15:17:16.448633,-0.36,-0.39,0.94,4.27,-7.75,11.54,-2.43,116.35,-43.37,1
g,2022-11-01 15:17:16.464646,-0.36,-0.46,0.85,8.79,-8.61,15.87,-2.43,116.35,-43.37,1
g,2022-11-01 15:17:16.492959,-0.37,-0.49,0.82,2.20,-5.92,17.64,0.62,116.52,-43.92,1
g,2022-11-01 15:17:16.516480,-0.35,-0.45,0.85,-7.51,-0.98,19.47,0.62,116.52,-43.92,1
g,2022-11-01 15:17:16.532611,-0.36,-0.43,0.86,-11.60,0.49,15.01,0.62,116.52,-43.92,1
