U,2022-10-23 11:37:56.226710,-0.11,-0.16,0.83,13.00,-34.97,-4.33,109.84,-13.85,-113.57,1
U,2022-10-23 11:37:56.258646,-0.09,-0.16,0.77,12.51,-32.59,-6.65,109.84,-13.85,-113.57,1
U,2022-10-23 11:37:56.275060,-0.11,-0.19,0.80,2.62,-39.37,-12.02,110.21,-10.57,-122.39,1
U,2022-10-23 11:37:56.291101,-0.13,-0.10,0.86,7.20,-46.69,-8.54,110.21,-10.57,-122.39,1
U,2022-10-23 11:37:56.323264,-0.14,-0.11,0.88,24.72,-52.67,-4.88,108.22,-4.64,-135.13,1
U,2022-10-23 11:37:56.338968,-0.18,-0.21,0.93,30.15,-57.50,-6.71,108.22,-4.64,-135.13,1
U,2022-10-23 11:37:56.356705,-0.19,-0.21,0.96,19.59,-52.61,-10.50,108.22,-4.64,-135.13,1
U,2022-10-23 11:37:56.387013,-0.22,-0.18,1.02,21.18,-52.00,-11.35,103.67,2.86,-148.71,1
U,2022-10-23 11:37:56.402767,-0.28,-0.18,1.08,24.84,-51.76,-19.29,103.67,2.86,-148.71,1
U,2022-10-23 11:37:56.418670,-0.33,-0.17,1.15,25.09,-46.26,-25.15,97.77,11.02,-161.11,1
U,2022-10-23 11:37:56.451460,-0.34,-0.24,1.15,36.68,-23.19,-20.81,97.77,11.02,-161.11,1
U,2022-10-23 11:37:56.466893,-0.32,-0.30,1.11,52.86,-3.05,-9.16,96.47,17.19,-169.98,1
U,2022-10-23 11:37:56.483034,-0.31,-0.48,1.02,50.11,3.11,-4.94,96.47,17.19,-169.98,1
U,2022-10-23 11:37:56.514888,-0.30,-0.53,1.00,24.35,14.22,-7.08,96.47,17.19,-169.98,1
U,2022-10-23 11:37:56.536962,-0.27,-0.46,1.01,-0.85,23.13,-12.88,101.53,19.40,-172.03,1
U,2022-10-23 11:37:56.556776,-0.27,-0.37,0.98,-8.79,19.17,-8.67,101.53,19.40,-172.03,1
U,2022-10-23 11:37:56.580328,-0.28,-0.37,0.99,-9.16,23.50,-3.54,109.51,16.69,-168.98,1
U,2022-10-23 11:37:56.597100,-0.26,-0.32,0.95,-11.84,37.84,-0.61,109.51,16.69,-168.98,1
U,2022-10-23 11:37:56.613467,-0.22,-0.32,0.93,-7.32,39.98,-2.26,119.51,12.06,-162.21,1
U,2022-10-23 11:37:56.645894,-0.20,-0.32,0.91,-6.10,33.57,-1.95,119.51,12.06,-162.21,1
U,2022-10-23 11:37:56.661447,-0.20,-0.34,0.90,-3.66,28.69,4.21,119.51,12.06,-162.21,1
U,2022-10-23 11:37:56.678111,-0.20,-0.30,0.92,-12.15,31.56,4.52,129.17,8.20,-153.88,1
U,2022-10-23 11:37:56.709407,-0.21,-0.29,0.96,-21.06,38.70,-1.28,129.17,8.20,-153.88,1
U,2022-10-23 11:37:56.725141,-0.18,-0.22,0.97,-31.31,62.44,-3.17,137.37,3.45,-142.80,1
U,2022-10-23 11:37:56.741177,-0.21,-0.20,0.95,-28.38,67.87,-4.58,137.37,3.45,-142.80,1
U,2022-10-23 11:37:56.773307,-0.16,-0.23,0.90,12.15,52.25,2.75,144.06,1.04,-126.12,1
U,2022-10-23 11:37:56.789022,-0.10,-0.29,0.87,25.70,43.33,9.09,144.06,1.04,-126.12,1
U,2022-10-23 11:37:56.804877,-0.06,-0.27,0.81,19.04,33.20,4.39,144.06,1.04,-126.12,1
U,2022-10-23 11:37:56.821821,-0.02,-0.24,0.77,4.76,29.60,-4.52,145.07,1.23,-114.54,1
U,2022-10-23 11:37:56.853091,-0.02,-0.26,0.76,-0.55,12.88,-9.95,145.07,1.23,-114.54,1
U,2022-10-23 11:37:56.869922,-0.02,-0.23,0.77,-0.92,5.92,-7.75,144.93,3.81,-109.35,1
U,2022-10-23 11:37:56.885675,-0.01,-0.23,0.79,4.21,-1.40,-2.56,144.93,3.81,-109.35,1
U,2022-10-23 11:37:56.901676,-0.02,-0.24,0.82,-0.73,-5.00,-5.43,144.93,3.81,-109.35,1
U,2022-10-23 11:37:56.933612,-0.05,-0.26,0.88,-14.53,-6.84,-13.55,144.87,6.58,-106.82,1
U,2022-10-23 11:37:56.957324,-0.03,-0.23,0.92,-15.93,-8.36,-12.57,144.87,6.58,-106.82,1
U,2022-10-23 11:37:56.981825,-0.02,-0.20,0.95,-5.43,-8.67,-9.40,145.76,8.72,-108.63,1
U,2022-10-23 11:37:56.997970,-0.04,-0.26,0.98,2.99,-8.54,-5.19,145.76,8.72,-108.63,1
U,2022-10-23 11:37:57.014172,-0.05,-0.32,0.99,-0.61,-5.62,-5.86,147.63,11.57,-109.53,1
U,2022-10-23 11:37:57.030267,-0.03,-0.33,0.98,-7.93,-2.20,-5.92,147.63,11.57,-109.53,1
U,2022-10-23 11:37:57.058764,0.01,-0.31,0.95,-5.62,-1.89,-1.28,147.63,11.57,-109.53,1
U,2022-10-23 11:37:57.074832,-0.02,-0.29,0.96,-11.35,-2.56,1.77,150.02,13.01,-110.72,1
U,2022-10-23 11:37:57.107864,-0.03,-0.27,0.95,-10.86,-2.87,2.44,150.02,13.01,-110.72,1
U,2022-10-23 11:37:57.123996,-0.03,-0.28,0.92,-3.97,-2.14,4.39,154.09,12.08,-109.96,1
U,2022-10-23 11:37:57.140399,0.00,-0.27,0.85,6.41,-5.74,14.65,154.09,12.08,-109.96,1
U,2022-10-23 11:37:57.157157,-0.02,-0.25,0.79,2.50,-15.63,14.71,160.58,8.78,-112.73,1
U,2022-10-23 11:37:57.188594,-0.24,-0.06,1.01,19.84,-17.46,12.02,160.58,8.78,-112.73,1
U,2022-10-23 11:37:57.205090,-0.09,-0.45,0.91,68.66,4.52,28.02,160.58,8.78,-112.73,1
U,2022-10-23 11:37:57.221285,-0.11,-0.35,0.84,23.74,1.53,10.50,161.40,7.56,-115.34,1
U,2022-10-23 11:37:57.254125,-0.06,-0.25,0.82,-14.77,-12.63,-9.46,161.40,7.56,-115.34,1
U,2022-10-23 11:37:57.269585,-0.08,-0.19,0.76,-8.12,-22.16,-8.24,160.42,8.70,-118.88,1
U,2022-10-23 11:37:57.293726,-0.10,-0.20,0.74,0.61,-18.68,-5.98,160.42,8.70,-118.88,1
U,2022-10-23 11:37:57.309878,-0.13,-0.22,0.81,7.51,-29.54,-8.67,160.42,8.70,-118.88,1
U,2022-10-23 11:37:57.325873,-0.13,-0.21,0.87,14.40,-34.91,-5.19,157.42,11.45,-126.67,1
U,2022-10-23 11:37:57.359080,-0.13,-0.23,0.83,29.54,-41.08,-0.06,157.42,11.45,-126.67,1
U,2022-10-23 11:37:57.375277,-0.16,-0.26,0.86,25.82,-44.80,-5.00,150.37,15.12,-140.97,1
U,2022-10-23 11:37:57.391337,-0.18,-0.31,0.88,13.49,-46.26,-15.75,150.37,15.12,-140.97,1
U,2022-10-23 11:37:57.407720,-0.18,-0.31,0.89,2.69,-46.08,-21.12,140.17,20.76,-154.85,1
U,2022-10-23 11:37:57.439819,-0.20,-0.26,0.92,2.62,-48.16,-17.64,140.17,20.76,-154.85,1
