e,2022-10-31 17:55:51.642941,0.06,0.35,1.12,-23.13,6.10,-5.92,-7.98,35.30,-42.63,1
e,2022-10-31 17:55:51.658564,-0.00,0.30,1.09,-11.84,7.32,-3.91,-7.98,35.30,-42.63,1
e,2022-10-31 17:55:51.689811,0.02,0.28,1.10,-3.91,10.19,-2.87,-7.98,35.30,-42.63,1
e,2022-10-31 17:55:51.705553,0.07,0.14,1.03,6.53,10.31,-0.85,-7.87,35.74,-40.61,1
e,2022-10-31 17:55:51.721169,0.09,0.07,1.02,2.50,8.30,-1.89,-7.87,35.74,-40.61,1
e,2022-10-31 17:55:51.738229,0.05,0.08,1.01,-5.19,5.68,-4.39,-8.12,36.54,-41.14,1
e,2022-10-31 17:55:51.768372,0.09,0.11,0.99,-1.83,1.10,-2.93,-8.12,36.54,-41.14,1
e,2022-10-31 17:55:51.784110,0.07,0.17,0.98,0.79,-0.31,-2.38,-8.12,36.54,-41.14,1
e,2022-10-31 17:55:51.799734,0.06,0.15,0.94,5.07,2.38,-3.17,-8.80,37.22,-40.43,1
e,2022-10-31 17:55:51.830862,0.04,0.15,0.97,-1.46,5.13,-4.46,-8.80,37.22,-40.43,1
e,2022-10-31 17:55:51.848611,0.05,0.13,0.98,-1.65,9.95,-5.80,-9.17,37.83,-39.97,1
e,2022-10-31 17:55:51.862233,0.10,0.11,1.02,-8.06,13.06,-7.57,-9.17,37.83,-39.97,1
e,2022-10-31 17:55:51.877982,0.14,0.10,1.02,-2.20,6.71,-1.89,-9.17,37.83,-39.97,1
e,2022-10-31 17:55:51.909625,0.15,0.07,0.97,3.72,-1.83,2.26,-8.75,37.84,-39.83,1
e,2022-10-31 17:55:51.925255,0.10,0.08,0.95,-1.59,-7.75,7.26,-8.75,37.84,-39.83,1
e,2022-10-31 17:55:51.941001,0.11,0.03,0.94,-1.04,-8.24,8.91,-8.75,37.84,-39.83,1
e,2022-10-31 17:55:51.957701,0.12,0.02,0.94,-7.57,-11.84,4.46,-9.16,38.55,-39.75,1
e,2022-10-31 17:55:51.988457,0.07,0.07,0.92,-35.58,-15.93,-1.65,-9.16,38.55,-39.75,1
e,2022-10-31 17:55:52.006459,0.01,0.24,0.95,-44.98,-16.60,-4.46,-9.62,37.67,-39.23,1
e,2022-10-31 17:55:52.020086,-0.23,0.36,1.01,-16.36,-4.82,-2.50,-9.62,37.67,-39.23,1
e,2022-10-31 17:55:52.035837,0.10,0.28,1.07,24.84,7.32,8.42,-9.62,37.67,-39.23,1
e,2022-10-31 17:55:52.066965,0.06,0.08,0.97,17.76,2.14,12.02,-10.34,38.39,-39.12,1
e,2022-10-31 17:55:52.082731,0.05,0.11,0.93,8.73,-8.00,2.56,-10.34,38.39,-39.12,1
e,2022-10-31 17:55:52.098337,0.04,0.14,0.92,4.76,-6.84,-2.26,-10.45,38.28,-39.65,1
e,2022-10-31 17:55:52.129459,0.07,0.23,0.94,11.72,-5.86,-4.94,-10.45,38.28,-39.65,1
e,2022-10-31 17:55:52.145082,0.08,0.13,0.94,19.41,-4.82,-4.03,-10.45,38.28,-39.65,1
e,2022-10-31 17:55:52.160834,-0.01,0.20,0.99,16.60,-5.49,-5.43,-10.46,38.20,-39.04,1
e,2022-10-31 17:55:52.176437,0.10,0.07,0.92,27.59,-3.66,-9.89,-10.46,38.20,-39.04,1
e,2022-10-31 17:55:52.207575,0.08,0.15,1.01,22.28,1.22,-10.19,-10.89,38.50,-39.61,1
e,2022-10-31 17:55:52.225640,0.08,-0.03,0.95,28.08,2.44,-1.89,-10.89,38.50,-39.61,1
e,2022-10-31 17:55:52.239275,0.14,-0.13,0.98,10.93,5.37,-5.00,-10.89,38.50,-39.61,1
e,2022-10-31 17:55:52.255993,0.13,-0.03,1.00,-3.60,5.25,-12.08,-11.35,38.01,-38.75,1
e,2022-10-31 17:55:52.286752,0.12,0.01,1.05,9.46,-0.73,-0.92,-11.35,38.01,-38.75,1
e,2022-10-31 17:55:52.302375,0.10,-0.00,1.00,7.75,-2.99,-2.38,-11.69,38.17,-38.35,1
e,2022-10-31 17:55:52.318125,0.05,0.07,0.92,0.92,3.54,-15.32,-11.69,38.17,-38.35,1
e,2022-10-31 17:55:52.333755,0.07,0.25,1.04,3.30,12.27,-11.35,-11.69,38.17,-38.35,1
e,2022-10-31 17:55:52.364869,0.14,0.10,1.03,26.79,12.02,-2.62,-12.19,38.05,-38.89,1
e,2022-10-31 17:55:52.382836,0.15,0.00,0.98,49.62,2.14,10.19,-12.19,38.05,-38.89,1
e,2022-10-31 17:55:52.396463,0.09,-0.16,0.92,43.64,6.59,12.02,-12.19,38.05,-38.89,1
e,2022-10-31 17:55:52.412209,0.15,-0.19,0.92,18.13,17.94,1.40,-11.23,38.32,-38.76,1
e,2022-10-31 17:55:52.428766,0.11,-0.03,0.94,2.93,14.89,-2.93,-11.23,38.32,-38.76,1
e,2022-10-31 17:55:52.459502,0.19,-0.07,0.96,3.23,15.87,2.75,-11.71,38.98,-38.11,1
e,2022-10-31 17:55:52.477382,0.12,0.03,0.95,-1.53,9.16,7.93,-11.71,38.98,-38.11,1
e,2022-10-31 17:55:52.490892,0.13,-0.09,0.90,0.31,5.92,16.36,-11.71,38.98,-38.11,1
e,2022-10-31 17:55:52.522155,0.09,-0.05,0.90,-4.46,1.34,17.76,-11.43,39.17,-38.61,1
e,2022-10-31 17:55:52.537768,0.08,0.02,0.89,-6.84,-0.55,16.17,-11.43,39.17,-38.61,1
e,2022-10-31 17:55:52.554456,0.08,0.02,0.91,-3.11,-2.20,18.68,-11.15,39.54,-38.65,1
e,2022-10-31 17:55:52.569581,0.10,0.07,0.93,-2.26,-4.27,16.60,-11.15,39.54,-38.65,1
e,2022-10-31 17:55:52.600837,0.01,0.11,0.94,-4.76,-6.35,12.70,-11.15,39.54,-38.65,1
e,2022-10-31 17:55:52.616567,0.10,0.05,0.94,5.00,-3.78,11.35,-10.34,39.53,-37.96,1
e,2022-10-31 17:55:52.639720,0.04,0.07,0.93,-0.31,-9.22,12.15,-10.34,39.53,-37.96,1
e,2022-10-31 17:55:52.663987,0.10,0.06,0.94,4.27,-13.00,16.17,-10.38,39.99,-37.49,1
e,2022-10-31 17:55:52.679604,0.04,0.05,0.93,2.01,-11.78,11.54,-10.38,39.99,-37.49,1
e,2022-10-31 17:55:52.695337,0.07,0.01,0.93,-3.91,-13.24,7.75,-10.38,39.99,-37.49,1
e,2022-10-31 17:55:52.710973,0.02,0.10,0.97,-12.27,-15.38,4.64,-9.88,40.52,-36.90,1
e,2022-10-31 17:55:52.727303,0.02,0.13,0.96,-7.57,-21.73,5.55,-9.88,40.52,-36.90,1
e,2022-10-31 17:55:52.758052,-0.00,0.15,0.97,-3.42,-18.86,5.07,-10.01,41.15,-36.36,1
e,2022-10-31 17:55:52.773789,-0.02,0.20,1.01,2.08,-12.51,0.85,-10.01,41.15,-36.36,1
e,2022-10-31 17:55:52.789439,-0.00,0.18,1.07,10.50,-11.72,-0.61,-10.01,41.15,-36.36,1
e,2022-10-31 17:55:52.820562,0.01,0.12,1.06,18.80,-10.74,-2.20,-10.38,40.84,-36.11,1
e,2022-10-31 17:55:52.838086,0.00,0.05,1.04,16.85,-7.93,-6.10,-10.38,40.84,-36.11,1
e,2022-10-31 17:55:52.858366,0.02,0.04,1.05,16.91,-3.48,-9.95,-10.95,40.92,-36.40,1
e,2022-10-31 17:55:52.868002,0.06,-0.05,1.01,7.26,0.18,-16.54,-10.95,40.92,-36.40,1
e,2022-10-31 17:55:52.899768,0.05,-0.01,1.04,5.49,1.53,-15.32,-10.95,40.92,-36.40,1
e,2022-10-31 17:55:52.915544,0.09,-0.12,0.99,10.44,2.75,-8.91,-11.62,39.95,-37.38,1
e,2022-10-31 17:55:52.931142,-0.02,-0.06,1.01,4.27,4.46,-2.20,-11.62,39.95,-37.38,1
e,2022-10-31 17:55:52.963338,-0.08,-0.18,0.97,8.67,5.19,10.44,-11.62,39.45,-37.44,1
e,2022-10-31 17:55:52.980321,-0.08,-0.13,0.96,-3.05,11.66,12.70,-11.62,39.45,-37.44,1
e,2022-10-31 17:55:52.995348,-0.05,-0.03,0.96,-12.57,14.89,5.55,-11.62,39.45,-37.44,1
e,2022-10-31 17:55:53.010458,-0.05,0.14,0.97,-19.47,17.03,-4.33,-10.73,38.95,-37.74,1
e,2022-10-31 17:55:53.041714,0.04,0.25,0.97,2.44,19.96,-7.32,-10.73,38.95,-37.74,1
