T,2022-10-25 16:42:28.772487,0.17,-0.68,0.92,-10.01,5.86,-7.63,24.90,70.53,-116.36,1
T,2022-10-25 16:42:28.789847,0.22,-0.62,0.82,-26.67,8.85,-6.41,24.90,70.53,-116.36,1
T,2022-10-25 16:42:28.809735,0.34,-0.44,0.57,-40.89,4.09,-8.36,24.90,70.53,-116.36,1
T,2022-10-25 16:42:28.828004,0.37,-0.33,0.41,-41.69,-11.23,-11.54,25.24,70.81,-116.08,1
T,2022-10-25 16:42:28.846562,0.18,-0.26,0.43,-37.17,-31.86,-17.09,25.24,70.81,-116.08,1
T,2022-10-25 16:42:28.866812,0.07,-0.23,0.90,35.89,33.69,34.48,25.48,71.63,-117.07,1
T,2022-10-25 16:42:28.886801,0.05,-0.72,0.57,47.79,31.62,5.80,25.48,71.63,-117.07,1
T,2022-10-25 16:42:28.903349,0.10,-0.46,0.57,-24.84,1.65,-21.48,25.48,71.63,-117.07,1
T,2022-10-25 16:42:28.923449,0.09,-0.45,0.72,-21.55,-38.82,-28.14,23.85,71.02,-114.69,1
T,2022-10-25 16:42:28.941219,0.12,-0.44,0.85,-11.78,-36.44,-19.17,23.85,71.02,-114.69,1
T,2022-10-25 16:42:28.960361,0.17,-0.48,0.96,10.74,-23.19,-3.23,23.85,71.02,-114.69,1
T,2022-10-25 16:42:28.979335,0.19,-0.47,1.07,22.46,-13.79,3.54,23.73,69.47,-112.17,1
T,2022-10-25 16:42:28.997589,0.21,-0.56,1.21,12.27,-8.97,-5.25,23.73,69.47,-112.17,1
T,2022-10-25 16:42:29.016850,0.22,-0.51,1.21,3.42,-13.61,-10.25,23.39,69.37,-110.57,1
T,2022-10-25 16:42:29.034880,0.19,-0.54,1.18,12.15,-19.47,-10.38,23.39,69.37,-110.57,1
T,2022-10-25 16:42:29.053228,0.12,-0.51,1.21,38.21,-23.74,-3.78,23.39,69.37,-110.57,1
T,2022-10-25 16:42:29.072534,0.06,-0.61,0.95,15.99,24.66,12.21,22.13,71.23,-111.49,1
T,2022-10-25 16:42:29.090686,0.12,-0.72,0.90,13.79,24.60,10.80,22.13,71.23,-111.49,1
T,2022-10-25 16:42:29.108523,0.13,-0.62,0.87,-16.17,31.74,11.23,22.13,71.23,-111.49,1
T,2022-10-25 16:42:29.129033,0.23,-0.61,0.81,-31.37,36.80,16.91,23.06,69.51,-113.51,1
T,2022-10-25 16:42:29.148483,0.28,-0.50,0.72,-24.29,28.75,24.96,23.06,69.51,-113.51,1
T,2022-10-25 16:42:29.166079,0.28,-0.41,0.68,-19.04,20.63,28.69,26.11,67.70,-115.44,1
T,2022-10-25 16:42:29.185428,0.25,-0.42,0.66,-32.84,9.22,25.51,26.11,67.70,-115.44,1
T,2022-10-25 16:42:29.202775,0.33,-0.24,0.57,-57.68,-1.59,19.35,26.11,67.70,-115.44,1
T,2022-10-25 16:42:29.222598,0.22,-0.13,0.69,-73.00,-19.35,10.31,28.28,63.18,-119.37,1
T,2022-10-25 16:42:29.241494,0.13,0.15,0.76,-80.87,-28.32,-1.89,28.28,63.18,-119.37,1
T,2022-10-25 16:42:29.260221,0.17,0.31,1.22,58.35,-22.40,25.15,28.28,63.18,-119.37,1
T,2022-10-25 16:42:29.279559,-0.00,0.25,1.35,57.25,1.34,19.84,29.05,62.51,-119.13,1
T,2022-10-25 16:42:29.297438,0.13,0.20,1.13,-29.11,43.46,-34.24,29.05,62.51,-119.13,1
T,2022-10-25 16:42:29.316029,0.16,0.01,1.13,21.97,23.07,-42.97,26.51,69.02,-117.97,1
T,2022-10-25 16:42:29.336940,0.16,-0.46,0.91,46.02,22.28,-41.50,26.51,69.02,-117.97,1
T,2022-10-25 16:42:29.354842,0.18,-0.87,0.77,40.59,19.65,-40.59,26.51,69.02,-117.97,1
T,2022-10-25 16:42:29.374245,0.19,-0.97,0.73,21.55,10.93,-31.68,20.86,76.94,-117.36,1
T,2022-10-25 16:42:29.393154,0.11,-0.90,0.68,3.85,-6.04,-18.43,20.86,76.94,-117.36,1
T,2022-10-25 16:42:29.411874,-0.19,-0.95,0.91,-8.42,-13.43,-12.82,20.86,76.94,-117.36,1
T,2022-10-25 16:42:29.431331,-0.16,-0.79,0.89,20.20,0.43,17.82,17.64,78.61,-119.46,1
T,2022-10-25 16:42:29.450068,0.07,-0.62,0.64,46.14,3.23,30.09,17.64,78.61,-119.46,1
T,2022-10-25 16:42:29.471990,0.27,-0.35,0.72,38.33,-3.54,27.40,19.65,77.80,-118.43,1
T,2022-10-25 16:42:29.487821,0.25,-0.13,0.77,0.00,1.16,9.64,19.65,77.80,-118.43,1
