l,2022-10-04 11:38:29.494095,-0.01,1.07,0.06,4.88,-18.01,-10.07,-10.96,57.18,3.21,1
l,2022-10-04 11:38:29.525113,0.03,1.00,0.09,7.32,-24.41,-11.41,-4.36,55.26,3.80,1
l,2022-10-04 11:38:29.540735,-0.03,0.98,0.12,13.06,-24.72,-8.12,-4.36,55.26,3.80,1
l,2022-10-04 11:38:29.556395,-0.02,0.97,0.15,13.92,-21.79,-7.81,-4.36,55.26,3.80,1
l,2022-10-04 11:38:29.572412,0.00,0.97,0.18,6.23,-20.87,-10.80,2.34,53.55,7.15,1
l,2022-10-04 11:38:29.600097,0.01,0.94,0.21,6.71,-20.69,-10.19,2.34,53.55,7.15,1
l,2022-10-04 11:38:29.619063,0.01,0.92,0.25,3.60,-20.57,-9.52,2.34,53.55,7.15,1
l,2022-10-04 11:38:29.634689,0.03,0.87,0.28,9.22,-13.43,-1.40,8.29,52.60,8.26,1
l,2022-10-04 11:38:29.650741,0.03,0.84,0.31,12.39,-10.25,6.71,8.29,52.60,8.26,1
l,2022-10-04 11:38:29.666366,-0.00,0.85,0.32,9.09,-8.06,8.54,13.24,53.19,10.10,1
l,2022-10-04 11:38:29.681894,-0.05,0.85,0.32,4.09,-4.52,7.69,13.24,53.19,10.10,1
l,2022-10-04 11:38:29.697186,-0.01,0.89,0.26,-5.92,-2.75,9.64,13.24,53.19,10.10,1
l,2022-10-04 11:38:29.728417,-0.01,0.91,0.24,-3.97,-2.14,15.20,15.87,54.57,10.80,1
l,2022-10-04 11:38:29.744386,0.01,0.90,0.20,3.36,-0.43,21.42,15.87,54.57,10.80,1
l,2022-10-04 11:38:29.760025,0.00,0.90,0.16,9.70,0.61,30.27,15.87,54.57,10.80,1
l,2022-10-04 11:38:29.775584,-0.11,0.97,0.16,28.20,3.42,34.18,16.80,56.02,14.16,1
l,2022-10-04 11:38:29.806533,-0.00,0.95,0.10,27.71,3.23,27.10,16.80,56.02,14.16,1
l,2022-10-04 11:38:29.822145,-0.09,0.97,0.13,39.55,-2.32,28.63,20.04,57.53,15.89,1
l,2022-10-04 11:38:29.838213,-0.13,1.04,0.16,-53.22,24.60,-26.18,20.04,57.53,15.89,1
l,2022-10-04 11:38:29.853800,-0.11,1.15,0.17,-10.07,18.86,4.09,20.04,57.53,15.89,1
l,2022-10-04 11:38:29.869009,-0.08,1.15,0.23,19.10,16.66,11.47,23.39,56.82,17.60,1
l,2022-10-04 11:38:29.900252,-0.07,1.12,0.21,36.07,-6.71,9.83,23.39,56.82,17.60,1
l,2022-10-04 11:38:29.916211,-0.07,1.17,0.18,24.48,-17.40,-5.98,25.26,55.35,17.53,1
l,2022-10-04 11:38:29.931836,-0.08,1.19,0.16,11.60,-14.89,-27.34,25.26,55.35,17.53,1
l,2022-10-04 11:38:29.947147,-0.07,1.17,0.23,8.73,-11.84,-35.71,25.26,55.35,17.53,1
l,2022-10-04 11:38:29.978360,-0.04,1.18,0.28,9.46,-7.81,-39.55,26.01,54.69,17.24,1
l,2022-10-04 11:38:29.994349,0.01,1.20,0.32,9.22,-6.90,-56.40,26.01,54.69,17.24,1
l,2022-10-04 11:38:30.009939,-0.00,1.05,0.36,3.60,-4.46,-61.46,26.01,54.69,17.24,1
l,2022-10-04 11:38:30.025240,0.00,0.99,0.36,2.14,1.77,-55.66,20.87,53.58,19.32,1
l,2022-10-04 11:38:30.040855,0.01,0.93,0.35,4.09,10.13,-48.71,20.87,53.58,19.32,1
l,2022-10-04 11:38:30.072095,0.00,0.85,0.32,7.45,15.93,-43.58,13.39,50.81,17.02,1
l,2022-10-04 11:38:30.088150,-0.00,0.70,0.33,12.27,16.72,-36.13,13.39,50.81,17.02,1
l,2022-10-04 11:38:30.103759,-0.01,0.63,0.33,9.58,14.22,-27.10,13.39,50.81,17.02,1
l,2022-10-04 11:38:30.119320,-0.01,0.60,0.34,3.30,10.68,-20.02,5.26,47.02,15.53,1
l,2022-10-04 11:38:30.150193,-0.03,0.54,0.28,-8.61,6.65,-9.09,5.26,47.02,15.53,1
l,2022-10-04 11:38:30.165822,0.00,0.62,0.26,-20.87,-2.38,-3.97,5.26,47.02,15.53,1
l,2022-10-04 11:38:30.181884,-0.03,0.70,0.24,-30.76,10.07,-5.25,1.54,45.35,16.03,1
l,2022-10-04 11:38:30.197425,-0.05,0.65,0.21,-15.38,22.71,6.53,1.54,45.35,16.03,1
l,2022-10-04 11:38:30.228300,-0.04,0.67,0.19,-4.70,22.16,21.85,-1.04,47.31,15.31,1
l,2022-10-04 11:38:30.243921,-0.02,0.70,0.19,0.55,13.00,36.62,-1.04,47.31,15.31,1
l,2022-10-04 11:38:30.259876,-0.01,0.80,0.16,-3.78,8.24,40.59,-1.04,47.31,15.31,1
l,2022-10-04 11:38:30.275164,-0.02,0.90,0.12,-8.61,3.66,40.53,2.12,50.81,18.23,1
l,2022-10-04 11:38:30.290797,-0.02,0.97,0.11,-5.37,-3.05,42.97,2.12,50.81,18.23,1
l,2022-10-04 11:38:30.322028,-0.03,1.02,0.11,3.36,-4.94,43.95,9.24,53.82,18.46,1
l,2022-10-04 11:38:30.338103,-0.04,1.07,0.10,5.55,-6.16,43.76,9.24,53.82,18.46,1
l,2022-10-04 11:38:30.353713,-0.03,1.15,0.09,2.50,-6.71,42.60,9.24,53.82,18.46,1
l,2022-10-04 11:38:30.369302,-0.02,1.29,0.09,-13.61,-7.02,23.56,19.48,55.70,18.40,1
l,2022-10-04 11:38:30.384526,-0.02,1.43,0.09,-21.06,-6.29,5.74,19.48,55.70,18.40,1
l,2022-10-04 11:38:30.415756,-0.04,1.42,0.06,-16.24,-5.86,-4.64,19.48,55.70,18.40,1
l,2022-10-04 11:38:30.431677,-0.02,1.35,0.16,-2.32,-15.50,-11.11,29.16,55.58,18.25,1
l,2022-10-04 11:38:30.447439,-0.02,1.16,0.25,8.36,-13.24,-14.28,29.16,55.58,18.25,1
l,2022-10-04 11:38:30.462981,-0.04,0.96,0.34,14.95,-10.31,-12.57,34.73,54.76,18.77,1
l,2022-10-04 11:38:30.493862,-0.06,0.78,0.41,23.25,1.10,0.12,34.73,54.76,18.77,1
l,2022-10-04 11:38:30.509484,-0.07,0.55,0.49,21.73,10.31,11.41,34.73,54.76,18.77,1
l,2022-10-04 11:38:30.525114,0.00,0.61,0.38,10.50,16.48,12.94,34.52,53.54,17.81,1
l,2022-10-04 11:38:30.541040,-0.02,0.78,0.30,-41.69,-26.73,-30.09,34.52,53.54,17.81,1
l,2022-10-04 11:38:30.556361,-0.06,1.09,0.18,-77.15,-30.09,-34.36,36.30,54.80,17.55,1
l,2022-10-04 11:38:30.587601,-0.15,1.10,0.24,-30.52,-23.13,-18.62,36.30,54.80,17.55,1
