R,2022-10-25 12:40:38.488331,0.29,0.37,0.83,-6.47,-0.49,-11.54,-9.53,24.95,-24.18,1
R,2022-10-25 12:40:38.508690,0.29,0.38,0.81,-1.10,1.83,-7.14,-10.97,23.12,-24.50,1
R,2022-10-25 12:40:38.529816,0.31,0.40,0.75,-1.16,-0.43,-6.23,-10.97,23.12,-24.50,1
R,2022-10-25 12:40:38.547050,0.30,0.38,0.72,-1.04,-3.60,-4.64,-10.97,23.12,-24.50,1
R,2022-10-25 12:40:38.565132,0.29,0.37,0.69,-8.48,-9.95,-1.59,-12.26,22.03,-25.55,1
R,2022-10-25 12:40:38.583665,0.22,0.42,0.71,-20.63,-17.82,0.00,-12.26,22.03,-25.55,1
R,2022-10-25 12:40:38.606335,0.17,0.43,0.73,-7.69,-17.52,7.08,-12.26,22.03,-25.55,1
R,2022-10-25 12:40:38.623754,-0.44,0.46,0.79,8.30,-10.74,13.49,-13.70,21.08,-25.17,1
R,2022-10-25 12:40:38.640768,0.26,0.50,0.69,19.47,9.70,3.66,-13.70,21.08,-25.17,1
R,2022-10-25 12:40:38.660964,0.19,0.27,0.79,-18.62,7.26,0.31,-13.20,22.16,-24.32,1
R,2022-10-25 12:40:38.681947,0.21,0.47,0.73,-10.74,-3.78,5.74,-13.20,22.16,-24.32,1
R,2022-10-25 12:40:38.698458,0.22,0.42,0.69,-8.18,-8.67,8.79,-13.20,22.16,-24.32,1
R,2022-10-25 12:40:38.716874,0.21,0.46,0.70,-13.98,-12.45,9.64,-12.92,22.66,-24.10,1
R,2022-10-25 12:40:38.735505,0.20,0.49,0.70,-3.66,-17.21,15.56,-12.92,22.66,-24.10,1
R,2022-10-25 12:40:38.755090,0.20,0.44,0.73,-0.55,-20.81,18.31,-12.92,22.66,-24.10,1
R,2022-10-25 12:40:38.777169,0.24,0.47,0.79,-4.46,-22.71,20.26,-11.98,24.68,-22.11,1
R,2022-10-25 12:40:38.793900,0.24,0.48,0.80,-0.06,-23.01,19.29,-11.98,24.68,-22.11,1
R,2022-10-25 12:40:38.813003,0.28,0.55,0.85,4.76,-21.00,17.09,-10.57,26.48,-22.60,1
R,2022-10-25 12:40:38.832067,0.28,0.57,0.88,7.81,-16.91,14.53,-10.57,26.48,-22.60,1
R,2022-10-25 12:40:38.849802,0.30,0.57,0.91,9.34,-11.84,12.82,-10.57,26.48,-22.60,1
R,2022-10-25 12:40:38.870970,0.30,0.59,0.93,5.49,-3.05,8.18,-10.02,28.17,-21.83,1
R,2022-10-25 12:40:38.888274,0.30,0.59,0.91,-1.89,1.04,5.62,-10.02,28.17,-21.83,1
R,2022-10-25 12:40:38.907328,0.22,0.61,0.93,-4.64,0.79,4.64,-10.02,28.17,-21.83,1
R,2022-10-25 12:40:38.927500,0.21,0.59,0.92,8.73,-6.65,8.67,-10.00,28.36,-23.44,1
R,2022-10-25 12:40:38.947621,0.04,0.50,0.92,5.13,43.27,-17.03,-10.00,28.36,-23.44,1
R,2022-10-25 12:40:38.963705,0.21,0.59,0.92,16.78,46.81,-19.78,-9.78,27.43,-23.07,1
R,2022-10-25 12:40:38.983281,0.33,0.48,0.86,30.82,49.07,-21.67,-9.78,27.43,-23.07,1
R,2022-10-25 12:40:39.000712,0.40,0.39,0.83,19.29,47.30,-18.07,-9.78,27.43,-23.07,1
R,2022-10-25 12:40:39.024561,0.44,0.38,0.79,-14.77,36.13,-13.61,-9.67,25.37,-24.90,1
R,2022-10-25 12:40:39.040677,0.39,0.46,0.75,-27.40,26.86,-9.83,-9.67,25.37,-24.90,1
R,2022-10-25 12:40:39.058665,0.34,0.48,0.70,-22.71,15.20,-2.08,-9.67,25.37,-24.90,1
R,2022-10-25 12:40:39.078114,0.32,0.48,0.66,-18.49,0.85,6.47,-10.71,23.51,-23.73,1
R,2022-10-25 12:40:39.097220,0.29,0.51,0.63,-22.52,-6.29,7.45,-10.71,23.51,-23.73,1
R,2022-10-25 12:40:39.119516,-0.06,0.85,0.83,-20.08,-13.06,6.90,-12.63,22.31,-24.22,1
R,2022-10-25 12:40:39.136678,0.39,0.70,0.67,89.17,6.04,11.23,-12.63,22.31,-24.22,1
R,2022-10-25 12:40:39.156571,-0.06,0.67,0.65,-99.49,4.58,-55.05,-12.63,22.31,-24.22,1
R,2022-10-25 12:40:39.175068,0.37,0.67,0.83,-9.70,-1.04,-6.71,-12.95,20.70,-25.95,1
R,2022-10-25 12:40:39.197416,0.25,0.45,0.59,16.24,-9.83,-19.78,-12.95,20.70,-25.95,1
R,2022-10-25 12:40:39.214322,0.26,0.53,0.66,1.22,-23.50,-25.15,-13.05,20.35,-25.44,1
R,2022-10-25 12:40:39.231887,0.28,0.45,0.69,15.87,-23.01,-21.36,-13.05,20.35,-25.44,1
R,2022-10-25 12:40:39.251022,0.24,0.38,0.72,17.82,-20.39,-19.41,-13.05,20.35,-25.44,1
R,2022-10-25 12:40:39.273960,0.21,0.31,0.80,11.66,-17.46,-16.24,-12.76,19.58,-26.38,1
R,2022-10-25 12:40:39.290141,0.21,0.22,0.87,7.26,-10.44,-1.65,-12.76,19.58,-26.38,1
R,2022-10-25 12:40:39.310149,0.19,0.24,0.90,-11.23,-13.24,5.00,-12.76,19.58,-26.38,1
R,2022-10-25 12:40:39.327857,0.23,0.34,0.90,-22.77,-16.36,11.05,-13.20,19.87,-25.76,1
R,2022-10-25 12:40:39.345938,0.23,0.44,0.87,-18.62,-13.73,22.71,-13.20,19.87,-25.76,1
R,2022-10-25 12:40:39.367109,0.30,0.50,0.87,-8.91,-10.25,26.55,-12.04,21.89,-24.17,1
R,2022-10-25 12:40:39.385063,0.28,0.51,0.85,3.17,-5.92,27.83,-12.04,21.89,-24.17,1
R,2022-10-25 12:40:39.401375,0.30,0.53,0.85,11.84,-0.73,30.21,-12.04,21.89,-24.17,1
R,2022-10-25 12:40:39.421922,0.30,0.53,0.85,15.69,9.03,34.30,-11.89,23.63,-24.22,1
R,2022-10-25 12:40:39.440682,0.32,0.49,0.83,11.90,15.87,30.40,-11.89,23.63,-24.22,1
R,2022-10-25 12:40:39.463259,0.34,0.48,0.77,3.54,20.20,24.29,-11.89,23.63,-24.22,1
R,2022-10-25 12:40:39.479157,0.30,0.64,0.73,-12.70,16.42,11.05,-11.65,24.79,-22.68,1
R,2022-10-25 12:40:39.496848,0.28,0.61,0.66,-13.67,3.97,-4.52,-11.65,24.79,-22.68,1
R,2022-10-25 12:40:39.515771,0.23,0.84,0.58,-22.16,-6.16,-10.19,-11.65,24.79,-22.68,1
R,2022-10-25 12:40:39.535431,0.25,0.69,0.62,8.79,5.62,4.82,-11.28,24.60,-23.86,1
R,2022-10-25 12:40:39.557562,0.25,0.63,0.66,26.12,17.58,18.80,-11.28,24.60,-23.86,1
R,2022-10-25 12:40:39.573830,0.22,0.66,0.64,-4.46,-15.63,-3.17,-10.39,24.93,-23.54,1
R,2022-10-25 12:40:39.592713,0.23,0.47,0.68,4.88,-15.99,-1.95,-10.39,24.93,-23.54,1
R,2022-10-25 12:40:39.611524,0.17,0.61,0.61,-13.98,-28.26,-9.83,-10.39,24.93,-23.54,1
R,2022-10-25 12:40:39.633826,0.19,0.61,0.65,2.38,-32.17,-6.84,-10.82,25.04,-23.68,1
R,2022-10-25 12:40:39.649230,0.22,0.52,0.74,23.56,-29.17,-1.59,-10.82,25.04,-23.68,1
R,2022-10-25 12:40:39.669324,0.22,0.45,0.79,34.00,-28.20,-0.06,-9.92,25.46,-22.80,1
R,2022-10-25 12:40:39.689510,0.25,0.42,0.85,30.76,-24.05,-1.10,-9.92,25.46,-22.80,1
R,2022-10-25 12:40:39.713912,0.23,0.38,0.96,20.45,-17.33,-2.01,-9.92,25.46,-22.80,1
R,2022-10-25 12:40:39.731603,0.23,0.36,0.99,10.99,-5.43,1.28,-10.55,26.27,-24.43,1
R,2022-10-25 12:40:39.750443,0.23,0.41,0.99,2.87,-1.10,2.50,-10.55,26.27,-24.43,1
R,2022-10-25 12:40:39.773488,0.23,0.39,0.98,0.92,4.94,4.88,-10.17,26.68,-23.36,1
R,2022-10-25 12:40:39.789593,0.22,0.45,0.91,-9.52,-3.05,1.04,-10.17,26.68,-23.36,1
R,2022-10-25 12:40:39.807955,0.21,0.51,0.83,-7.69,-6.77,1.89,-10.17,26.68,-23.36,1
R,2022-10-25 12:40:39.827501,0.20,0.55,0.80,-5.37,-8.06,4.15,-10.02,26.05,-23.93,1
R,2022-10-25 12:40:39.846408,0.19,0.54,0.77,1.65,-7.02,7.45,-10.02,26.05,-23.93,1
R,2022-10-25 12:40:39.866971,0.18,0.54,0.76,12.02,-1.95,12.94,-10.02,26.05,-23.93,1
R,2022-10-25 12:40:39.884027,0.11,0.57,0.77,19.90,3.60,15.14,-10.74,26.79,-23.17,1
R,2022-10-25 12:40:39.902084,-0.06,0.64,0.93,39.43,36.62,12.57,-10.74,26.79,-23.17,1
