Y,2022-10-31 15:04:52.222349,-0.13,0.95,0.23,-10.19,3.05,-16.54,51.84,15.88,-18.65,1
Y,2022-10-31 15:04:52.247572,-0.10,0.91,0.26,-16.91,-4.70,-20.45,51.84,15.88,-18.65,1
Y,2022-10-31 15:04:52.261731,-0.14,0.92,0.22,-38.02,-10.38,-25.57,51.84,15.88,-18.65,1
Y,2022-10-31 15:04:52.282104,-0.17,1.01,0.13,-69.46,-13.92,-51.57,52.86,16.91,-18.88,1
Y,2022-10-31 15:04:52.302096,-0.11,1.13,0.17,-77.39,-10.86,-45.59,52.86,16.91,-18.88,1
Y,2022-10-31 15:04:52.322701,-0.02,1.11,0.19,-39.37,-8.67,-5.68,53.45,18.82,-18.14,1
Y,2022-10-31 15:04:52.342695,-0.11,0.78,0.16,66.65,5.43,17.21,53.45,18.82,-18.14,1
Y,2022-10-31 15:04:52.362694,-0.09,0.63,0.28,30.58,4.52,9.89,53.45,18.82,-18.14,1
Y,2022-10-31 15:04:52.382681,-0.14,0.65,0.26,-16.42,-0.79,-5.55,53.78,18.79,-18.68,1
Y,2022-10-31 15:04:52.403258,-0.20,1.24,0.18,52.67,-46.39,58.84,53.78,18.79,-18.68,1
Y,2022-10-31 15:04:52.423258,-0.12,0.78,0.00,145.69,-63.72,102.91,53.78,18.79,-18.68,1
Y,2022-10-31 15:04:52.443251,-0.15,0.72,0.05,125.92,-58.35,64.88,53.33,15.17,-21.35,1
Y,2022-10-31 15:04:52.462046,-0.20,0.83,0.28,63.17,-31.13,41.38,53.33,15.17,-21.35,1
Y,2022-10-31 15:04:52.482442,-0.25,0.98,0.34,24.90,-10.86,26.43,53.43,13.15,-23.85,1
Y,2022-10-31 15:04:52.502436,-0.25,1.08,0.43,5.86,18.62,6.71,53.43,13.15,-23.85,1
Y,2022-10-31 15:04:52.522427,-0.64,1.00,0.34,16.17,18.49,-9.52,53.43,13.15,-23.85,1
Y,2022-10-31 15:04:52.542611,-0.38,1.14,0.51,38.15,38.39,-40.22,53.89,13.60,-22.79,1
Y,2022-10-31 15:04:52.562600,0.07,0.82,0.52,17.58,18.80,-50.17,53.89,13.60,-22.79,1
Y,2022-10-31 15:04:52.582599,0.23,0.81,0.35,-12.15,-12.57,-55.05,52.28,16.92,-22.38,1
Y,2022-10-31 15:04:52.602586,0.16,0.86,0.16,-22.03,-41.44,-38.70,52.28,16.92,-22.38,1
Y,2022-10-31 15:04:52.622579,0.05,0.79,0.13,-13.79,-42.18,-19.35,52.28,16.92,-22.38,1
Y,2022-10-31 15:04:52.645166,-0.83,0.80,0.22,7.75,-21.12,11.60,52.82,18.79,-23.86,1
Y,2022-10-31 15:04:52.655343,-0.09,0.34,0.92,70.25,38.02,6.90,52.82,18.79,-23.86,1
Y,2022-10-31 15:04:52.675256,-0.14,0.66,0.72,4.58,2.44,-15.93,53.69,18.70,-22.91,1
Y,2022-10-31 15:04:52.696553,0.00,1.06,0.63,3.42,22.40,34.61,53.69,18.70,-22.91,1
Y,2022-10-31 15:04:52.716668,-0.06,0.46,0.54,27.28,47.06,104.31,53.69,18.70,-22.91,1
Y,2022-10-31 15:04:52.736672,-0.23,0.56,0.45,-15.75,35.89,65.25,54.22,15.83,-22.18,1
Y,2022-10-31 15:04:52.756656,-0.30,0.91,0.21,-14.53,-1.53,36.93,54.22,15.83,-22.18,1
Y,2022-10-31 15:04:52.776647,-0.32,0.96,0.17,-1.59,-10.68,13.49,54.39,12.93,-21.46,1
Y,2022-10-31 15:04:52.796562,-0.24,1.25,0.37,-13.00,-7.20,-24.11,54.39,12.93,-21.46,1
Y,2022-10-31 15:04:52.816635,-0.21,1.07,0.34,14.10,-9.77,2.01,54.39,12.93,-21.46,1
Y,2022-10-31 15:04:52.836547,-0.20,1.04,0.36,37.90,-8.12,19.29,54.48,12.40,-22.46,1
Y,2022-10-31 15:04:52.856541,-0.19,0.80,0.39,69.34,-14.47,56.40,54.48,12.40,-22.46,1
Y,2022-10-31 15:04:52.876539,-0.23,0.60,0.37,53.53,-22.16,57.92,54.11,11.24,-22.89,1
Y,2022-10-31 15:04:52.897977,-0.23,0.69,0.36,42.18,-34.42,63.23,54.11,11.24,-22.89,1
Y,2022-10-31 15:04:52.918004,-0.26,0.75,0.29,47.00,-26.00,76.84,54.11,11.24,-22.89,1
Y,2022-10-31 15:04:52.937963,-0.38,0.66,0.40,39.73,-4.88,74.22,54.58,6.84,-25.66,1
Y,2022-10-31 15:04:52.961758,-0.44,0.71,0.48,7.75,17.40,46.39,54.58,6.84,-25.66,1
Y,2022-10-31 15:04:52.978140,-0.50,1.01,0.49,-33.08,30.33,-0.67,55.24,3.93,-23.80,1
Y,2022-10-31 15:04:53.000026,-0.64,1.22,0.56,-33.75,29.72,-7.87,55.24,3.93,-23.80,1
Y,2022-10-31 15:04:53.011373,-0.76,1.09,0.52,-0.67,35.71,-35.77,55.24,3.93,-23.80,1
Y,2022-10-31 15:04:53.038385,-0.39,1.07,0.51,24.41,30.88,-51.51,54.28,5.76,-23.40,1
Y,2022-10-31 15:04:53.048368,-0.26,0.91,0.45,27.83,27.53,-51.45,54.28,5.76,-23.40,1
Y,2022-10-31 15:04:53.068362,-0.20,0.85,0.38,25.15,24.11,-49.32,54.28,5.76,-23.40,1
Y,2022-10-31 15:04:53.089156,-0.17,0.74,0.36,26.43,18.43,-44.86,53.19,11.40,-22.71,1
