O,2022-10-27 16:49:42.174125,-0.25,-0.74,0.78,-28.26,30.33,-11.23,-89.44,39.25,-61.78,1
O,2022-10-27 16:49:42.202676,-0.31,-0.70,0.74,-22.40,32.53,-9.95,-89.44,39.25,-61.78,1
O,2022-10-27 16:49:42.221330,-0.22,-0.74,0.74,-16.48,36.99,-2.99,-89.44,39.25,-61.78,1
O,2022-10-27 16:49:42.236961,-0.24,-0.84,0.71,-31.49,34.18,-4.15,-77.28,30.80,-53.67,1
O,2022-10-27 16:49:42.252576,-0.18,-0.64,0.82,-45.72,39.00,-11.35,-77.28,30.80,-53.67,1
O,2022-10-27 16:49:42.268309,-0.16,-0.60,0.88,-34.12,33.81,-11.29,-65.75,25.18,-48.52,1
O,2022-10-27 16:49:42.289623,-0.11,-0.59,0.83,-8.12,29.05,-6.29,-65.75,25.18,-48.52,1
O,2022-10-27 16:49:42.315675,-0.09,-0.66,0.82,-12.08,24.48,-3.78,-65.75,25.18,-48.52,1
O,2022-10-27 16:49:42.331419,-0.11,-0.70,0.77,-22.40,20.69,-5.62,-56.46,22.42,-42.07,1
O,2022-10-27 16:49:42.347038,-0.09,-0.65,0.80,-39.55,22.71,-11.60,-56.46,22.42,-42.07,1
O,2022-10-27 16:49:42.362612,-0.11,-0.54,0.83,-52.92,21.67,-17.52,-48.63,20.03,-40.14,1
O,2022-10-27 16:49:42.393797,-0.06,-0.46,0.84,-40.95,23.38,-18.92,-48.63,20.03,-40.14,1
O,2022-10-27 16:49:42.409896,-0.04,-0.47,0.91,-31.74,20.94,-17.33,-48.63,20.03,-40.14,1
O,2022-10-27 16:49:42.425645,-0.07,-0.48,0.82,-25.94,14.59,-16.05,-42.27,17.97,-39.90,1
O,2022-10-27 16:49:42.441161,-0.06,-0.57,0.87,-26.49,15.26,-22.40,-42.27,17.97,-39.90,1
O,2022-10-27 16:49:42.456784,-0.03,-0.55,0.96,-37.23,18.55,-27.47,-42.27,17.97,-39.90,1
O,2022-10-27 16:49:42.488017,-0.04,-0.50,0.98,-88.68,18.37,-34.85,-36.76,16.30,-37.72,1
O,2022-10-27 16:49:42.504188,-0.01,-0.43,1.09,-64.33,19.10,-31.86,-36.76,16.30,-37.72,1
O,2022-10-27 16:49:42.519859,-0.08,-0.44,1.01,-50.29,14.59,-28.93,-32.53,14.09,-37.11,1
O,2022-10-27 16:49:42.535440,-0.03,-0.39,1.00,-39.73,14.59,-29.42,-32.53,14.09,-37.11,1
O,2022-10-27 16:49:42.566701,0.01,-0.45,1.01,-31.74,12.02,-31.37,-32.53,14.09,-37.11,1
O,2022-10-27 16:49:42.582425,0.03,-0.40,0.97,-44.19,5.98,-31.86,-29.43,12.66,-36.91,1
O,2022-10-27 16:49:42.603068,0.01,-0.37,0.94,-57.92,3.48,-31.13,-29.43,12.66,-36.91,1
O,2022-10-27 16:49:42.614187,-0.00,-0.33,0.94,-77.51,5.86,-30.76,-29.43,12.66,-36.91,1
O,2022-10-27 16:49:42.645453,0.01,-0.32,0.94,-90.76,12.51,-35.28,-27.04,10.55,-37.22,1
O,2022-10-27 16:49:42.665590,0.02,-0.27,0.93,-108.83,18.55,-43.95,-27.04,10.55,-37.22,1
O,2022-10-27 16:49:42.677207,0.05,-0.12,0.98,-127.26,24.90,-47.97,-24.41,6.52,-37.38,1
O,2022-10-27 16:49:42.702965,0.07,-0.01,0.98,-129.39,24.17,-41.32,-24.41,6.52,-37.38,1
O,2022-10-27 16:49:42.708987,0.06,0.01,1.02,-122.50,23.19,-31.86,-24.41,6.52,-37.38,1
O,2022-10-27 16:49:42.740258,0.03,0.01,1.04,-102.42,21.00,-28.38,-21.50,2.54,-36.27,1
O,2022-10-27 16:49:42.755991,0.02,0.07,0.98,-91.06,24.54,-30.03,-21.50,2.54,-36.27,1
O,2022-10-27 16:49:42.771509,0.04,0.06,1.00,-84.23,31.68,-30.58,-19.85,-1.26,-35.51,1
O,2022-10-27 16:49:42.787128,0.05,0.10,0.94,-75.44,31.56,-31.31,-19.85,-1.26,-35.51,1
