y,2022-10-18 11:13:11.697926,0.01,0.25,0.92,-18.13,-0.12,-6.47,-1.38,-13.44,-78.82,1
y,2022-10-18 11:13:11.713686,0.00,0.28,0.92,-11.35,1.34,-4.27,-1.16,-14.92,-79.37,1
y,2022-10-18 11:13:11.744840,0.01,0.27,0.92,-9.09,0.49,-3.72,-1.16,-14.92,-79.37,1
y,2022-10-18 11:13:11.765801,0.01,0.30,0.91,-11.90,0.00,-5.62,-1.16,-14.92,-79.37,1
y,2022-10-18 11:13:11.785638,0.00,0.36,0.93,-4.70,2.62,-5.19,0.06,-16.75,-80.32,1
y,2022-10-18 11:13:11.804981,0.01,0.29,0.95,3.85,4.64,-1.83,0.06,-16.75,-80.32,1
y,2022-10-18 11:13:11.824864,0.04,0.24,0.94,2.62,5.43,-1.22,0.37,-17.29,-81.37,1
y,2022-10-18 11:13:11.844154,0.06,0.27,0.90,-6.35,2.99,-1.83,0.37,-17.29,-81.37,1
y,2022-10-18 11:13:11.862738,0.06,0.33,0.89,-7.32,2.50,-1.77,0.37,-17.29,-81.37,1
y,2022-10-18 11:13:11.882911,0.04,0.32,0.90,-4.82,3.11,0.24,1.27,-17.70,-81.03,1
y,2022-10-18 11:13:11.901453,0.03,0.34,0.93,-7.45,5.92,-2.32,1.27,-17.70,-81.03,1
y,2022-10-18 11:13:11.920413,0.03,0.33,0.94,-3.54,8.00,0.18,1.27,-17.70,-81.03,1
y,2022-10-18 11:13:11.935232,0.04,0.32,0.94,-0.24,7.63,3.05,2.27,-18.03,-83.12,1
y,2022-10-18 11:13:11.950967,0.06,0.29,0.90,-4.88,6.10,0.73,2.27,-18.03,-83.12,1
y,2022-10-18 11:13:11.966588,0.08,0.36,0.89,-8.61,5.49,-2.62,2.40,-18.99,-84.12,1
y,2022-10-18 11:13:11.998042,0.08,0.38,0.87,-5.68,4.46,-1.83,2.40,-18.99,-84.12,1
y,2022-10-18 11:13:12.013660,0.06,0.38,0.87,-5.55,4.15,-3.91,2.40,-18.99,-84.12,1
y,2022-10-18 11:13:12.029376,0.08,0.38,0.85,-5.07,2.14,-4.09,2.44,-19.59,-84.63,1
y,2022-10-18 11:13:12.045004,0.03,0.37,0.84,-3.66,-2.81,0.43,2.44,-19.59,-84.63,1
y,2022-10-18 11:13:12.076150,-0.18,0.32,0.86,-2.50,-4.94,3.97,2.73,-20.86,-84.53,1
y,2022-10-18 11:13:12.097004,0.05,0.46,0.83,35.71,6.53,-3.66,2.73,-20.86,-84.53,1
y,2022-10-18 11:13:12.112653,-0.01,0.26,0.96,26.12,3.30,1.10,2.73,-20.86,-84.53,1
y,2022-10-18 11:13:12.128455,0.02,0.30,0.82,5.55,-9.22,3.05,2.59,-19.26,-85.68,1
y,2022-10-18 11:13:12.144333,0.01,0.33,0.82,3.60,-14.10,4.52,2.59,-19.26,-85.68,1
y,2022-10-18 11:13:12.160160,0.02,0.33,0.83,7.93,-16.42,7.45,2.59,-19.26,-85.68,1
y,2022-10-18 11:13:12.192597,0.04,0.37,0.85,7.69,-19.71,6.84,0.05,-19.03,-85.00,1
y,2022-10-18 11:13:12.209357,0.04,0.39,0.91,7.45,-18.31,3.91,0.05,-19.03,-85.00,1
y,2022-10-18 11:13:12.225104,0.06,0.41,0.96,3.48,-15.63,1.71,-2.76,-18.20,-83.00,1
y,2022-10-18 11:13:12.240834,0.06,0.43,0.99,2.26,-13.43,-1.59,-2.76,-18.20,-83.00,1
y,2022-10-18 11:13:12.272175,0.07,0.45,1.03,5.07,-7.81,-3.97,-2.76,-18.20,-83.00,1
y,2022-10-18 11:13:12.287911,0.06,0.39,1.06,17.94,-4.82,-1.16,-5.10,-18.44,-81.85,1
y,2022-10-18 11:13:12.303534,0.06,0.29,1.08,20.20,-2.81,-1.46,-5.10,-18.44,-81.85,1
y,2022-10-18 11:13:12.319170,0.06,0.28,1.03,9.28,-1.46,-7.69,-4.85,-18.23,-82.01,1
y,2022-10-18 11:13:12.350403,0.04,0.34,0.99,-2.87,1.71,-14.65,-4.85,-18.23,-82.01,1
y,2022-10-18 11:13:12.366407,0.04,0.34,0.98,3.36,4.58,-11.41,-4.85,-18.23,-82.01,1
y,2022-10-18 11:13:12.383386,0.03,0.29,0.95,12.27,6.29,-6.04,-2.59,-19.17,-82.09,1
y,2022-10-18 11:13:12.402637,0.02,0.23,0.95,8.97,7.08,-5.86,-2.59,-19.17,-82.09,1
y,2022-10-18 11:13:12.418812,0.02,0.20,0.91,2.32,6.29,-4.64,0.78,-19.17,-83.53,1
y,2022-10-18 11:13:12.450303,0.01,0.21,0.87,-8.42,4.39,-4.39,0.78,-19.17,-83.53,1
y,2022-10-18 11:13:12.465965,0.00,0.29,0.83,-7.26,3.05,-3.48,0.78,-19.17,-83.53,1
y,2022-10-18 11:13:12.481710,-0.00,0.28,0.80,1.16,0.85,-0.55,1.20,-19.54,-83.09,1
y,2022-10-18 11:13:12.497320,0.00,0.27,0.78,8.42,-1.34,0.73,1.20,-19.54,-83.09,1
y,2022-10-18 11:13:12.529506,0.03,0.24,0.83,2.50,7.69,-1.46,2.21,-18.90,-83.33,1
y,2022-10-18 11:13:12.547112,0.00,0.27,0.91,-4.21,-1.46,-0.55,2.21,-18.90,-83.33,1
y,2022-10-18 11:13:12.566620,-0.00,0.29,0.83,0.24,-10.56,5.07,2.21,-18.90,-83.33,1
y,2022-10-18 11:13:12.585960,0.01,0.25,0.84,0.00,-11.60,7.45,0.50,-18.74,-83.50,1
y,2022-10-18 11:13:12.605701,0.01,0.26,0.84,-2.38,-14.83,6.84,0.50,-18.74,-83.50,1
y,2022-10-18 11:13:12.623788,0.00,0.31,0.86,0.79,-16.17,4.70,0.50,-18.74,-83.50,1
y,2022-10-18 11:13:12.643609,0.00,0.32,0.89,6.04,-15.99,5.43,-2.19,-18.97,-80.49,1
y,2022-10-18 11:13:12.662272,0.00,0.28,0.93,16.72,-16.36,10.01,-2.19,-18.97,-80.49,1
y,2022-10-18 11:13:12.677892,0.01,0.23,0.95,2.08,-16.11,10.99,-5.63,-17.91,-81.01,1
y,2022-10-18 11:13:12.693636,0.01,0.26,0.97,7.69,-15.08,8.42,-5.63,-17.91,-81.01,1
y,2022-10-18 11:13:12.709589,0.01,0.28,0.99,8.42,-11.11,8.12,-5.63,-17.91,-81.01,1
y,2022-10-18 11:13:12.740913,0.01,0.28,1.02,8.42,-7.69,8.18,-8.13,-16.77,-80.05,1
y,2022-10-18 11:13:12.761653,0.00,0.26,1.02,7.08,-4.52,9.09,-8.13,-16.77,-80.05,1
y,2022-10-18 11:13:12.777630,0.01,0.29,1.02,1.53,-3.23,8.30,-10.00,-16.25,-79.70,1
y,2022-10-18 11:13:12.793308,-0.00,0.33,1.01,-3.17,-1.46,9.03,-10.00,-16.25,-79.70,1
y,2022-10-18 11:13:12.820134,-0.01,0.33,0.97,-0.67,0.79,13.73,-10.00,-16.25,-79.70,1
y,2022-10-18 11:13:12.840604,0.00,0.27,0.96,1.95,4.52,15.38,-10.91,-14.79,-79.92,1
y,2022-10-18 11:13:12.856239,-0.01,0.36,0.95,-10.38,3.66,6.47,-10.91,-14.79,-79.92,1
y,2022-10-18 11:13:12.871995,-0.02,0.45,0.90,-12.94,2.87,1.34,-10.82,-15.03,-80.43,1
y,2022-10-18 11:13:12.887617,-0.05,0.46,0.92,-6.53,0.24,0.92,-10.82,-15.03,-80.43,1
y,2022-10-18 11:13:12.918737,-0.14,0.37,0.91,11.54,5.68,2.87,-10.82,-15.03,-80.43,1
y,2022-10-18 11:13:12.934449,-0.04,0.34,0.92,22.52,9.89,-2.87,-10.38,-14.33,-80.70,1
y,2022-10-18 11:13:12.950268,-0.03,0.35,0.93,17.15,6.23,-6.90,-10.38,-14.33,-80.70,1
y,2022-10-18 11:13:12.965856,-0.02,0.31,0.92,15.69,4.70,-5.98,-8.07,-13.26,-79.44,1
y,2022-10-18 11:13:12.997020,-0.03,0.29,0.92,11.72,3.78,-7.02,-8.07,-13.26,-79.44,1
y,2022-10-18 11:13:13.015675,0.01,0.31,0.92,3.85,1.16,-9.28,-8.07,-13.26,-79.44,1
y,2022-10-18 11:13:13.036247,0.01,0.36,0.93,6.47,0.37,-7.45,-7.39,-13.82,-78.60,1
y,2022-10-18 11:13:13.052373,0.04,0.31,0.92,8.61,-0.79,-6.23,-7.39,-13.82,-78.60,1
y,2022-10-18 11:13:13.074377,0.05,0.31,0.93,1.16,-2.50,-10.80,-7.39,-13.82,-78.60,1
y,2022-10-18 11:13:13.091268,0.05,0.34,0.94,2.14,-3.30,-9.77,-5.88,-14.31,-76.76,1
y,2022-10-18 11:13:13.110303,0.06,0.33,0.95,3.78,-3.11,-7.69,-5.88,-14.31,-76.76,1
y,2022-10-18 11:13:13.126046,0.04,0.31,0.96,2.38,-2.62,-9.28,-4.59,-14.62,-75.51,1
y,2022-10-18 11:13:13.141762,0.05,0.28,0.97,0.79,-2.01,-11.66,-4.59,-14.62,-75.51,1
y,2022-10-18 11:13:13.157957,0.03,0.28,0.97,1.40,-0.85,-12.33,-4.59,-14.62,-75.51,1
y,2022-10-18 11:13:13.190148,0.02,0.26,0.98,3.48,3.78,-13.67,-3.19,-15.44,-74.02,1
y,2022-10-18 11:13:13.206352,0.07,0.24,0.98,6.41,6.35,-13.73,-3.19,-15.44,-74.02,1
