P,2022-11-08 12:51:23.240389,0.36,-0.52,0.86,39.31,13.98,14.77,-16.35,9.73,-37.83,1
P,2022-11-08 12:51:23.256083,0.35,-0.42,0.88,9.34,22.83,14.53,-16.35,9.73,-37.83,1
P,2022-11-08 12:51:23.271837,0.40,-0.34,0.85,-7.14,27.04,14.22,-16.66,8.87,-38.11,1
P,2022-11-08 12:51:23.287595,0.46,-0.21,0.87,-1.16,24.48,17.03,-16.66,8.87,-38.11,1
P,2022-11-08 12:51:23.318722,0.42,-0.32,0.85,26.92,11.11,30.09,-16.81,7.43,-39.11,1
P,2022-11-08 12:51:23.334905,0.39,-0.38,0.84,26.06,8.79,32.78,-16.81,7.43,-39.11,1
P,2022-11-08 12:51:23.350655,0.35,-0.36,0.83,16.24,7.63,29.66,-16.81,7.43,-39.11,1
P,2022-11-08 12:51:23.367184,-0.17,-0.43,0.89,-0.12,4.46,12.57,-17.87,6.80,-39.99,1
P,2022-11-08 12:51:23.398458,0.31,-0.20,0.88,-22.28,7.75,3.36,-17.87,6.80,-39.99,1
P,2022-11-08 12:51:23.414083,0.14,-0.29,0.82,32.59,1.77,12.02,-18.12,6.84,-41.04,1
P,2022-11-08 12:51:23.429812,0.21,-0.34,0.87,35.46,-16.85,1.77,-18.12,6.84,-41.04,1
P,2022-11-08 12:51:23.445445,0.21,-0.36,0.88,43.27,-50.05,-13.31,-18.12,6.84,-41.04,1
P,2022-11-08 12:51:23.477092,0.28,-0.30,0.88,23.01,-76.29,-23.74,-17.66,7.98,-37.38,1
P,2022-11-08 12:51:23.492865,0.40,-0.33,0.91,7.39,-89.23,-25.57,-17.66,7.98,-37.38,1
P,2022-11-08 12:51:23.508477,0.44,-0.34,0.87,-20.81,-86.98,-21.79,-17.80,8.20,-34.44,1
P,2022-11-08 12:51:23.539600,0.39,-0.28,0.90,-20.81,-77.39,-17.21,-17.80,8.20,-34.44,1
P,2022-11-08 12:51:23.555225,0.36,-0.30,0.92,-4.09,-58.17,-9.46,-17.80,8.20,-34.44,1
P,2022-11-08 12:51:23.571468,0.40,-0.31,0.89,1.46,-46.08,-4.39,-17.88,8.56,-31.62,1
P,2022-11-08 12:51:23.587224,0.42,-0.36,0.73,2.32,-22.89,15.38,-17.88,8.56,-31.62,1
P,2022-11-08 12:51:23.618349,0.25,-0.20,1.08,-26.25,0.73,4.58,-17.37,8.73,-32.32,1
P,2022-11-08 12:51:23.634414,0.24,-0.55,0.97,-16.54,-10.56,4.21,-17.37,8.73,-32.32,1
P,2022-11-08 12:51:23.650211,0.76,-0.31,0.53,-49.93,9.58,-1.83,-17.37,8.73,-32.32,1
P,2022-11-08 12:51:23.682666,0.37,-0.04,1.00,-7.51,44.31,3.85,-17.68,8.19,-32.04,1
P,2022-11-08 12:51:23.698762,0.28,-0.22,0.90,57.92,59.39,36.62,-17.68,8.19,-32.04,1
P,2022-11-08 12:51:23.714573,0.29,-0.35,0.99,53.83,57.01,46.02,-18.09,8.68,-33.59,1
P,2022-11-08 12:51:23.730187,0.28,-0.36,0.93,35.40,49.32,42.11,-18.09,8.68,-33.59,1
P,2022-11-08 12:51:23.761304,0.42,-0.32,0.88,17.58,41.81,34.73,-18.09,8.68,-33.59,1
P,2022-11-08 12:51:23.778039,0.31,-0.27,0.90,18.49,40.59,32.04,-17.74,9.47,-35.67,1
P,2022-11-08 12:51:23.793787,0.32,-0.31,0.84,14.28,37.11,22.52,-17.74,9.47,-35.67,1
P,2022-11-08 12:51:23.809429,0.42,-0.25,0.87,10.44,30.82,16.91,-17.08,10.19,-37.35,1
P,2022-11-08 12:51:23.840549,0.26,-0.27,0.87,13.49,25.88,11.47,-17.08,10.19,-37.35,1
P,2022-11-08 12:51:23.856183,0.34,-0.29,0.80,0.06,19.71,-1.71,-17.08,10.19,-37.35,1
P,2022-11-08 12:51:23.871937,0.32,-0.26,0.79,-2.56,15.99,-8.30,-16.53,9.64,-37.43,1
P,2022-11-08 12:51:23.887703,0.35,-0.26,0.78,-2.26,12.51,-13.79,-16.53,9.64,-37.43,1
P,2022-11-08 12:51:23.921882,0.33,-0.24,0.79,2.38,13.85,-19.35,-15.67,8.14,-37.06,1
P,2022-11-08 12:51:23.937677,0.25,-0.32,0.75,17.88,11.35,-15.99,-15.67,8.14,-37.06,1
P,2022-11-08 12:51:23.953414,0.30,-0.42,0.81,23.93,4.88,-16.78,-15.67,8.14,-37.06,1
P,2022-11-08 12:51:23.969656,0.29,-0.50,0.81,20.75,-4.03,-23.07,-14.40,7.43,-35.71,1
P,2022-11-08 12:51:23.999248,0.23,-0.48,0.80,27.10,-10.99,-22.03,-14.40,7.43,-35.71,1
P,2022-11-08 12:51:24.015555,0.27,-0.52,0.88,35.71,-23.44,-17.09,-14.21,6.91,-34.62,1
P,2022-11-08 12:51:24.031306,0.33,-0.61,0.84,18.43,-38.39,-1.04,-14.21,6.91,-34.62,1
P,2022-11-08 12:51:24.046933,0.33,-0.57,0.80,-0.73,-42.66,9.03,-14.21,6.91,-34.62,1
P,2022-11-08 12:51:24.078630,0.37,-0.52,0.83,-19.78,-40.16,25.51,-14.66,8.69,-33.65,1
P,2022-11-08 12:51:24.094394,0.43,-0.50,0.82,-26.92,-33.81,38.09,-14.66,8.69,-33.65,1
P,2022-11-08 12:51:24.110014,0.45,-0.45,0.79,-34.18,-14.10,36.13,-15.82,9.55,-33.62,1
P,2022-11-08 12:51:24.138741,0.41,-0.32,0.86,-27.40,1.16,24.17,-15.82,9.55,-33.62,1
P,2022-11-08 12:51:24.154377,0.40,-0.20,0.88,-25.15,10.62,6.77,-15.82,9.55,-33.62,1
P,2022-11-08 12:51:24.173794,0.32,-0.20,0.94,-20.87,13.12,-13.67,-16.54,10.02,-34.06,1
P,2022-11-08 12:51:24.189894,0.32,-0.07,0.91,7.26,2.62,-7.45,-16.54,10.02,-34.06,1
P,2022-11-08 12:51:24.205504,0.31,-0.14,0.88,36.68,2.44,5.49,-16.54,10.02,-34.06,1
P,2022-11-08 12:51:24.236633,0.31,-0.27,0.80,67.75,8.67,14.53,-16.81,9.95,-34.09,1
P,2022-11-08 12:51:24.255729,-0.50,-0.98,0.74,35.34,61.65,-36.07,-16.81,9.95,-34.09,1
P,2022-11-08 12:51:24.271516,-0.25,-0.85,0.89,-38.21,114.75,-78.55,-14.37,9.73,-36.22,1
P,2022-11-08 12:51:24.287278,0.13,-0.45,0.99,-66.28,99.85,-46.88,-14.37,9.73,-36.22,1
