o,2022-10-16 17:59:39.593422,0.22,0.07,0.82,-6.29,-26.37,0.85,12.57,107.56,-29.57,1
o,2022-10-16 17:59:39.612522,0.18,0.08,0.85,-10.31,-29.66,-5.92,15.72,111.46,-28.82,1
o,2022-10-16 17:59:39.630526,0.13,0.11,0.95,-11.72,-25.33,-12.02,15.72,111.46,-28.82,1
o,2022-10-16 17:59:39.648496,0.13,0.11,1.00,-13.73,-16.97,-14.71,15.72,111.46,-28.82,1
o,2022-10-16 17:59:39.667536,0.20,0.18,0.94,-15.99,-9.46,-17.52,17.57,114.37,-30.68,1
o,2022-10-16 17:59:39.685515,0.18,0.06,0.92,-15.32,-13.37,-21.30,17.57,114.37,-30.68,1
o,2022-10-16 17:59:39.703488,0.18,0.06,0.95,-8.00,-17.27,-6.65,17.57,114.37,-30.68,1
o,2022-10-16 17:59:39.722396,0.15,-0.02,0.94,0.92,-22.03,-5.19,18.30,117.03,-32.28,1
o,2022-10-16 17:59:39.740421,0.16,0.02,1.01,1.40,-21.97,-3.48,18.30,117.03,-32.28,1
o,2022-10-16 17:59:39.758662,-0.55,-0.16,1.52,-15.01,-8.48,-10.44,18.30,117.03,-32.28,1
o,2022-10-16 17:59:39.777397,0.18,0.15,1.10,-0.55,21.24,-9.95,20.92,117.93,-33.54,1
o,2022-10-16 17:59:39.795473,0.25,0.02,1.03,-33.26,32.23,-18.37,20.92,117.93,-33.54,1
o,2022-10-16 17:59:39.814470,0.26,0.04,0.95,-48.58,41.26,-22.71,23.68,115.88,-35.72,1
o,2022-10-16 17:59:39.832449,0.34,0.01,0.91,-27.28,31.25,-19.04,23.68,115.88,-35.72,1
o,2022-10-16 17:59:39.850523,0.22,-0.09,0.65,-21.12,13.24,-3.97,23.68,115.88,-35.72,1
o,2022-10-16 17:59:39.869396,0.26,-0.15,0.57,-19.10,0.92,8.18,28.04,113.28,-36.74,1
o,2022-10-16 17:59:39.887515,0.16,-0.12,0.53,-17.27,-20.87,25.51,28.04,113.28,-36.74,1
o,2022-10-16 17:59:39.905364,0.02,0.11,0.81,-22.16,-40.95,26.55,28.04,113.28,-36.74,1
o,2022-10-16 17:59:39.924519,0.14,0.15,0.26,-6.84,-60.85,24.66,33.83,111.71,-36.46,1
o,2022-10-16 17:59:39.942361,0.04,0.45,0.84,-12.51,-88.44,18.74,33.83,111.71,-36.46,1
o,2022-10-16 17:59:39.961477,-0.09,0.56,1.05,-15.63,-77.94,-0.06,30.57,113.34,-34.68,1
o,2022-10-16 17:59:39.979684,-0.05,0.64,1.23,-1.53,-61.65,-16.78,30.57,113.34,-34.68,1
o,2022-10-16 17:59:39.997461,-0.02,0.69,1.30,31.07,-44.62,-26.43,30.57,113.34,-34.68,1
o,2022-10-16 17:59:40.016366,0.08,0.60,1.28,64.45,-22.83,-35.40,20.84,116.72,-31.96,1
o,2022-10-16 17:59:40.034437,0.02,0.26,1.28,73.67,-11.60,-40.34,20.84,116.72,-31.96,1
o,2022-10-16 17:59:40.052370,0.17,-0.10,1.13,63.23,12.08,-34.73,20.84,116.72,-31.96,1
o,2022-10-16 17:59:40.071502,0.22,-0.30,1.13,51.09,26.31,-19.53,11.62,119.74,-28.27,1
o,2022-10-16 17:59:40.089374,0.24,-0.17,1.09,19.17,47.61,-15.44,11.62,119.74,-28.27,1
o,2022-10-16 17:59:40.107470,0.32,-0.33,0.89,8.73,51.03,-17.27,11.62,119.74,-28.27,1
o,2022-10-16 17:59:40.126483,0.33,-0.36,1.14,-6.53,52.92,-9.89,9.23,119.21,-28.48,1
o,2022-10-16 17:59:40.144479,0.27,-0.23,0.91,-70.43,93.81,-7.39,9.23,119.21,-28.48,1
o,2022-10-16 17:59:40.163519,0.09,-0.11,0.54,-49.62,73.97,-9.40,14.62,115.66,-34.81,1
o,2022-10-16 17:59:40.181476,0.19,-0.18,0.62,-42.42,28.44,2.01,14.62,115.66,-34.81,1
o,2022-10-16 17:59:40.199269,0.21,-0.14,0.67,-60.12,11.05,14.10,14.62,115.66,-34.81,1
o,2022-10-16 17:59:40.218500,0.05,0.08,0.80,-44.68,-11.96,40.04,21.45,112.85,-39.01,1
o,2022-10-16 17:59:40.236294,0.05,0.10,0.59,-14.71,-25.82,57.80,21.45,112.85,-39.01,1
o,2022-10-16 17:59:40.254363,-0.11,0.27,0.98,-4.46,-41.63,60.91,21.45,112.85,-39.01,1
o,2022-10-16 17:59:40.273340,-0.46,0.78,1.36,25.21,-9.83,53.65,26.68,112.99,-37.56,1
o,2022-10-16 17:59:40.291461,-0.35,0.77,1.26,70.86,7.57,28.08,26.68,112.99,-37.56,1
o,2022-10-16 17:59:40.309351,-0.08,0.53,1.22,101.62,20.63,1.34,26.68,112.99,-37.56,1
o,2022-10-16 17:59:40.328346,0.14,0.44,1.17,85.75,39.79,-26.86,21.14,113.50,-27.98,1
o,2022-10-16 17:59:40.346257,0.32,0.17,0.84,79.53,64.64,-28.26,21.14,113.50,-27.98,1
o,2022-10-16 17:59:40.365464,0.41,-0.03,0.66,74.34,62.32,-30.40,8.94,110.78,-27.36,1
o,2022-10-16 17:59:40.383469,0.48,-0.14,0.61,52.86,54.08,-33.39,8.94,110.78,-27.36,1
o,2022-10-16 17:59:40.401346,0.52,-0.17,0.68,33.81,39.61,-35.89,8.94,110.78,-27.36,1
o,2022-10-16 17:59:40.420336,0.53,-0.22,0.72,20.08,19.84,-36.68,-2.43,107.37,-28.22,1
o,2022-10-16 17:59:40.438534,0.50,-0.26,0.80,8.97,5.19,-35.10,-2.43,107.37,-28.22,1
o,2022-10-16 17:59:40.456593,0.40,-0.25,0.92,-2.38,-1.34,-33.45,-2.43,107.37,-28.22,1
o,2022-10-16 17:59:40.475417,0.32,-0.23,1.00,-11.47,1.77,-32.10,-12.98,105.76,-29.25,1
o,2022-10-16 17:59:40.493603,0.30,-0.23,1.03,-5.31,2.87,-23.74,-12.98,105.76,-29.25,1
o,2022-10-16 17:59:40.512472,0.31,-0.26,1.07,-5.07,8.12,-18.13,-20.15,104.19,-32.45,1
o,2022-10-16 17:59:40.530519,0.33,-0.30,1.01,-9.70,14.16,-13.73,-20.15,104.19,-32.45,1
