q,2022-10-14 15:08:22.132426,-0.42,0.15,-1.29,37.66,-29.42,14.89,-17.59,-52.97,-2.10,1
q,2022-10-14 15:08:22.152047,-0.33,0.20,-1.18,33.51,-36.19,18.31,-17.59,-52.97,-2.10,1
q,2022-10-14 15:08:22.171094,-0.27,0.22,-1.07,17.76,-36.13,26.49,-15.08,-48.00,1.10,1
q,2022-10-14 15:08:22.189337,-0.19,0.17,-0.92,9.64,-32.23,30.03,-15.08,-48.00,1.10,1
q,2022-10-14 15:08:22.208283,-0.17,0.18,-0.86,8.54,-27.59,31.80,-15.08,-48.00,1.10,1
q,2022-10-14 15:08:22.227939,-0.10,0.26,-0.79,10.93,-20.39,30.03,-9.19,-40.66,5.69,1
q,2022-10-14 15:08:22.245713,-0.19,0.37,-0.87,6.23,-7.14,20.69,-9.19,-40.66,5.69,1
q,2022-10-14 15:08:22.266174,-0.25,0.41,-0.96,1.10,-7.32,10.38,-4.09,-38.22,13.81,1
q,2022-10-14 15:08:22.285253,-0.24,0.45,-0.93,-11.35,-11.60,0.79,-4.09,-38.22,13.81,1
q,2022-10-14 15:08:22.304675,-0.86,0.62,-0.90,-28.50,-2.87,-4.52,-4.09,-38.22,13.81,1
q,2022-10-14 15:08:22.323824,-0.32,0.25,-1.00,-1.40,10.44,-22.52,2.19,-35.88,21.33,1
q,2022-10-14 15:08:22.343410,-0.21,0.30,-0.90,-37.78,-17.70,-0.06,2.19,-35.88,21.33,1
q,2022-10-14 15:08:22.361287,-0.23,0.15,-0.74,-59.08,-16.85,1.46,2.19,-35.88,21.33,1
q,2022-10-14 15:08:22.381819,-0.21,0.20,-0.68,-68.48,-5.43,-0.98,5.05,-31.81,20.03,1
q,2022-10-14 15:08:22.403388,-0.20,0.09,-0.64,-52.92,25.45,-17.40,5.05,-31.81,20.03,1
q,2022-10-14 15:08:22.423039,-0.25,-0.07,-0.70,-44.13,42.42,-16.66,-0.56,-28.49,22.58,1
q,2022-10-14 15:08:22.441879,-0.28,-0.18,-0.84,-28.08,57.56,-11.35,-0.56,-28.49,22.58,1
q,2022-10-14 15:08:22.460984,-0.48,-0.31,-1.20,-11.60,50.96,-7.39,-0.56,-28.49,22.58,1
q,2022-10-14 15:08:22.481149,-0.61,-0.19,-1.35,12.21,26.18,-6.96,-15.72,-33.26,27.47,1
q,2022-10-14 15:08:22.499650,-0.48,-0.20,-1.23,16.91,16.48,-5.86,-15.72,-33.26,27.47,1
q,2022-10-14 15:08:22.519678,-0.53,-0.10,-1.29,3.60,19.71,6.29,-22.47,-33.74,28.76,1
q,2022-10-14 15:08:22.537460,-0.49,-0.02,-1.31,-2.50,6.84,25.63,-22.47,-33.74,28.76,1
q,2022-10-14 15:08:22.557432,-0.40,0.00,-1.13,-1.04,-19.35,31.37,-22.47,-33.74,28.76,1
q,2022-10-14 15:08:22.579421,-0.28,0.15,-0.90,13.00,-24.41,21.06,-15.63,-26.00,27.80,1
q,2022-10-14 15:08:22.597141,-0.25,0.24,-0.81,20.57,-14.28,7.32,-15.63,-26.00,27.80,1
q,2022-10-14 15:08:22.616096,-0.17,0.32,-0.66,16.36,2.44,-6.65,-7.89,-24.45,25.06,1
q,2022-10-14 15:08:22.635451,-0.27,0.19,-0.76,6.23,12.45,-14.47,-7.89,-24.45,25.06,1
q,2022-10-14 15:08:22.654953,-0.33,0.13,-0.85,4.94,-11.23,2.38,-7.89,-24.45,25.06,1
q,2022-10-14 15:08:22.674287,-0.20,-0.04,-0.18,-15.20,4.39,19.23,-6.82,-26.42,26.14,1
q,2022-10-14 15:08:22.692782,-0.21,0.08,-0.58,-29.72,65.67,17.46,-6.82,-26.42,26.14,1
q,2022-10-14 15:08:22.712349,-0.26,-0.04,-0.66,-7.51,78.12,-0.49,-6.82,-26.42,26.14,1
q,2022-10-14 15:08:22.732042,-0.32,-0.04,-0.73,27.71,80.75,-17.58,-31.40,-27.94,29.72,1
q,2022-10-14 15:08:22.751135,-0.57,-0.10,-1.13,31.25,72.69,-20.75,-31.40,-27.94,29.72,1
q,2022-10-14 15:08:22.771130,-0.70,-0.06,-1.36,36.38,55.54,-16.42,-65.70,-41.04,26.62,1
q,2022-10-14 15:08:22.789711,-0.75,0.11,-1.56,21.24,14.47,-6.90,-65.70,-41.04,26.62,1
q,2022-10-14 15:08:22.808230,-0.59,0.20,-1.32,2.32,-1.46,-8.91,-65.70,-41.04,26.62,1
q,2022-10-14 15:08:22.829530,-0.60,0.14,-1.22,-3.60,12.45,-10.01,-76.54,-42.46,25.46,1
q,2022-10-14 15:08:22.848191,-0.68,0.03,-1.23,23.62,1.04,-14.16,-76.54,-42.46,25.46,1
q,2022-10-14 15:08:22.867982,-0.53,0.03,-0.98,35.34,-16.24,-16.30,-65.21,-38.27,25.56,1
q,2022-10-14 15:08:22.886636,-0.46,0.05,-0.85,24.54,-21.91,-0.55,-65.21,-38.27,25.56,1
q,2022-10-14 15:08:22.906076,-0.25,0.23,-0.58,6.47,-17.09,8.42,-65.21,-38.27,25.56,1
q,2022-10-14 15:08:22.924866,-0.17,0.35,-0.50,-3.78,1.22,3.97,-48.80,-31.97,25.10,1
q,2022-10-14 15:08:22.944127,-0.37,0.19,-0.72,-9.77,16.54,-8.12,-48.80,-31.97,25.10,1
q,2022-10-14 15:08:22.964116,-0.42,0.12,-0.83,-13.98,-13.73,-0.61,-47.24,-31.45,26.59,1
q,2022-10-14 15:08:22.982556,-0.45,0.09,-0.89,-33.81,-27.65,6.65,-47.24,-31.45,26.59,1
q,2022-10-14 15:08:23.001583,-0.57,0.03,-1.06,-43.58,-32.29,11.54,-47.24,-31.45,26.59,1
q,2022-10-14 15:08:23.021696,-0.67,0.07,-1.14,-6.23,-66.65,4.64,-42.75,-28.74,29.81,1
q,2022-10-14 15:08:23.039561,-0.57,0.05,-0.98,19.78,-42.11,-21.06,-42.75,-28.74,29.81,1
q,2022-10-14 15:08:23.059157,-0.53,0.09,-1.07,41.02,-19.23,-28.69,-42.75,-28.74,29.81,1
q,2022-10-14 15:08:23.079375,-0.34,0.14,-0.88,42.91,-18.19,-24.84,-29.57,-31.81,25.22,1
q,2022-10-14 15:08:23.097884,-0.28,0.20,-0.80,34.97,-12.63,-18.68,-29.57,-31.81,25.22,1
q,2022-10-14 15:08:23.117636,-0.27,0.25,-0.78,26.55,-7.45,-16.78,-20.41,-33.72,16.28,1
q,2022-10-14 15:08:23.137335,-0.26,0.22,-0.75,17.40,-1.40,-14.59,-20.41,-33.72,16.28,1
q,2022-10-14 15:08:23.156042,-0.24,0.17,-0.74,12.57,2.14,-12.02,-20.41,-33.72,16.28,1
q,2022-10-14 15:08:23.175622,-0.27,0.16,-0.81,0.79,7.45,-6.16,-19.29,-36.36,11.63,1
q,2022-10-14 15:08:23.194719,-0.30,0.04,-0.88,-1.83,9.16,-3.78,-19.29,-36.36,11.63,1
