C,2022-10-18 15:29:05.390960,0.52,-0.31,0.96,1.04,7.51,-5.55,17.63,57.60,-122.16,1
C,2022-10-18 15:29:05.410078,0.43,-0.08,0.84,-43.03,26.43,-12.39,17.61,58.29,-123.78,1
C,2022-10-18 15:29:05.428197,0.47,-0.02,0.90,-22.03,20.08,-8.00,17.61,58.29,-123.78,1
C,2022-10-18 15:29:05.445972,0.51,-0.03,0.92,9.95,13.98,1.40,17.61,58.29,-123.78,1
C,2022-10-18 15:29:05.465025,0.49,-0.22,0.80,19.35,11.05,1.59,16.27,60.25,-127.60,1
C,2022-10-18 15:29:05.483120,0.52,-0.26,0.75,-0.06,9.34,0.24,16.27,60.25,-127.60,1
C,2022-10-18 15:29:05.501986,0.50,-0.26,0.73,-12.39,7.14,6.47,15.17,64.16,-133.80,1
C,2022-10-18 15:29:05.519976,0.48,-0.20,0.76,-33.94,1.04,14.04,15.17,64.16,-133.80,1
C,2022-10-18 15:29:05.537991,0.49,-0.08,0.82,-26.49,-5.62,19.10,15.17,64.16,-133.80,1
C,2022-10-18 15:29:05.556975,0.49,-0.12,0.78,-19.65,-8.73,23.13,13.46,70.42,-139.28,1
C,2022-10-18 15:29:05.575191,0.43,-0.07,0.78,-23.44,-10.99,25.51,13.46,70.42,-139.28,1
C,2022-10-18 15:29:05.593162,0.41,-0.07,0.74,-47.79,-8.54,14.40,13.46,70.42,-139.28,1
C,2022-10-18 15:29:05.612210,0.39,-0.00,0.72,-35.89,-22.52,22.34,14.27,78.21,-142.00,1
C,2022-10-18 15:29:05.629909,0.37,0.08,0.72,-14.95,-35.46,30.82,14.27,78.21,-142.00,1
C,2022-10-18 15:29:05.647990,0.29,0.13,0.79,-1.22,-42.72,32.96,14.27,78.21,-142.00,1
C,2022-10-18 15:29:05.666943,0.29,0.14,0.86,5.92,-46.88,27.83,16.48,84.35,-137.98,1
C,2022-10-18 15:29:05.685004,0.28,0.12,0.77,-28.99,-39.92,3.11,16.48,84.35,-137.98,1
C,2022-10-18 15:29:05.703986,0.29,0.07,0.82,-48.71,-46.39,-5.86,21.96,83.45,-130.38,1
C,2022-10-18 15:29:05.722007,0.36,0.20,0.94,-52.92,-48.52,-6.23,21.96,83.45,-130.38,1
C,2022-10-18 15:29:05.740186,0.34,0.25,0.92,-42.54,-44.92,-5.80,21.96,83.45,-130.38,1
C,2022-10-18 15:29:05.759057,0.33,0.26,0.93,-12.08,-45.72,4.82,29.38,76.17,-121.17,1
C,2022-10-18 15:29:05.776911,0.29,0.31,1.02,-5.07,-32.71,4.15,29.38,76.17,-121.17,1
C,2022-10-18 15:29:05.794982,0.27,0.39,1.12,-10.93,-16.97,-8.79,29.38,76.17,-121.17,1
C,2022-10-18 15:29:05.813960,0.28,0.32,1.08,6.96,-13.43,-19.35,34.90,66.42,-114.42,1
C,2022-10-18 15:29:05.832101,0.33,0.25,1.08,23.13,-18.37,-23.25,34.90,66.42,-114.42,1
C,2022-10-18 15:29:05.850967,0.34,0.24,1.10,35.64,-11.72,-26.67,36.69,54.83,-107.74,1
C,2022-10-18 15:29:05.868963,0.35,0.18,1.05,38.76,-9.95,-23.99,36.69,54.83,-107.74,1
C,2022-10-18 15:29:05.887009,0.35,0.05,0.98,40.95,-5.74,-24.90,36.69,54.83,-107.74,1
C,2022-10-18 15:29:05.905892,0.37,-0.07,0.94,24.66,0.67,-28.26,38.07,46.18,-102.89,1
C,2022-10-18 15:29:05.923987,0.39,-0.04,0.94,18.62,4.03,-26.18,38.07,46.18,-102.89,1
C,2022-10-18 15:29:05.941962,0.35,0.01,0.89,5.68,9.03,-34.00,38.07,46.18,-102.89,1
C,2022-10-18 15:29:05.961094,0.38,-0.13,0.89,-2.01,7.51,-35.64,40.61,40.67,-99.02,1
C,2022-10-18 15:29:05.979091,0.44,-0.17,0.88,-1.46,7.87,-19.84,40.61,40.67,-99.02,1
C,2022-10-18 15:29:05.996968,0.43,-0.19,0.91,14.34,6.47,21.73,40.61,40.67,-99.02,1
C,2022-10-18 15:29:06.015889,0.30,-0.02,0.97,16.66,23.62,39.18,40.80,39.53,-98.56,1
C,2022-10-18 15:29:06.033913,0.09,0.11,0.99,16.30,29.36,49.93,40.80,39.53,-98.56,1
C,2022-10-18 15:29:06.052816,0.18,0.20,1.02,13.06,31.19,18.92,43.04,42.00,-100.90,1
C,2022-10-18 15:29:06.070949,0.24,0.19,1.04,10.25,33.94,-13.73,43.04,42.00,-100.90,1
C,2022-10-18 15:29:06.089033,0.35,0.09,1.00,32.04,40.53,-12.08,43.04,42.00,-100.90,1
C,2022-10-18 15:29:06.107929,0.48,0.07,0.90,38.45,36.19,-8.91,49.30,45.07,-105.19,1
C,2022-10-18 15:29:06.125904,0.51,0.10,0.88,36.01,32.35,-12.45,49.30,45.07,-105.19,1
C,2022-10-18 15:29:06.143922,0.46,0.07,0.88,31.80,31.19,-22.64,49.30,45.07,-105.19,1
C,2022-10-18 15:29:06.162776,0.41,0.02,0.90,24.48,35.34,-33.14,52.97,47.53,-106.03,1
C,2022-10-18 15:29:06.181082,0.51,-0.04,0.85,27.83,39.37,-28.87,52.97,47.53,-106.03,1
C,2022-10-18 15:29:06.200024,0.57,-0.10,0.74,36.99,32.23,-21.12,54.90,51.73,-106.58,1
C,2022-10-18 15:29:06.218096,0.63,-0.21,0.70,32.90,18.13,-17.52,54.90,51.73,-106.58,1
C,2022-10-18 15:29:06.236029,0.54,-0.22,0.76,18.31,3.23,-15.87,54.90,51.73,-106.58,1
C,2022-10-18 15:29:06.254968,0.39,-0.20,0.89,17.52,1.46,-12.15,53.75,55.70,-104.25,1
C,2022-10-18 15:29:06.272940,0.38,-0.34,0.82,22.95,5.55,-11.96,53.75,55.70,-104.25,1
C,2022-10-18 15:29:06.290953,0.49,-0.37,0.73,9.34,8.00,-13.67,53.75,55.70,-104.25,1
C,2022-10-18 15:29:06.310169,0.53,-0.25,0.76,-9.77,7.20,-11.90,52.11,59.18,-106.48,1
C,2022-10-18 15:29:06.327958,0.50,-0.16,0.80,-16.97,3.60,-12.63,52.11,59.18,-106.48,1
C,2022-10-18 15:29:06.345983,0.51,-0.17,0.74,-2.87,-0.73,-8.79,52.11,59.18,-106.48,1
C,2022-10-18 15:29:06.365078,0.50,-0.20,0.73,-1.10,-4.39,-7.02,50.66,60.61,-106.27,1
C,2022-10-18 15:29:06.383241,0.44,-0.17,0.79,-5.43,-7.75,-8.79,50.66,60.61,-106.27,1
C,2022-10-18 15:29:06.402177,0.43,-0.17,0.84,-0.61,-11.35,-6.59,48.49,61.61,-104.37,1
