h,2022-10-01 12:46:21.904996,0.18,0.08,1.43,41.99,-16.17,13.67,-53.76,-110.08,-95.21,1
h,2022-10-01 12:46:21.920624,0.18,0.07,1.37,15.93,-1.95,9.09,-53.76,-110.08,-95.21,1
h,2022-10-01 12:46:21.951871,0.22,0.16,1.51,0.98,8.00,10.19,-49.77,-100.38,-98.56,1
h,2022-10-01 12:46:21.967497,0.15,0.21,1.16,-4.09,6.04,12.51,-49.77,-100.38,-98.56,1
h,2022-10-01 12:46:21.983124,0.15,0.17,1.11,26.79,-28.08,17.27,-49.32,-99.79,-99.72,1
h,2022-10-01 12:46:21.998755,0.12,0.15,1.05,44.74,-54.57,16.17,-49.32,-99.79,-99.72,1
h,2022-10-01 12:46:22.014376,0.06,0.16,1.03,58.65,-68.18,14.47,-49.32,-99.79,-99.72,1
h,2022-10-01 12:46:22.045626,-0.39,-0.39,-1.09,-277.16,260.50,-54.75,-47.22,-103.98,-99.07,1
h,2022-10-01 12:46:22.061283,0.75,1.10,2.08,27.77,5.92,3.48,-47.22,-103.98,-99.07,1
h,2022-10-01 12:46:22.076883,0.03,-0.03,0.81,-129.88,64.82,-41.14,-47.22,-103.98,-99.07,1
h,2022-10-01 12:46:22.092505,-0.09,0.09,0.44,-45.96,23.13,-14.53,-35.18,-109.51,-92.30,1
h,2022-10-01 12:46:22.116324,0.11,0.19,0.70,12.51,1.40,-5.92,-35.18,-109.51,-92.30,1
h,2022-10-01 12:46:22.131975,0.11,0.35,0.56,15.81,-1.10,-16.24,-23.61,-107.01,-93.46,1
h,2022-10-01 12:46:22.147598,0.04,-0.07,0.72,38.21,-9.28,-17.03,-23.61,-107.01,-93.46,1
h,2022-10-01 12:46:22.178848,0.00,0.04,0.46,49.01,-22.09,-17.64,-23.61,-107.01,-93.46,1
h,2022-10-01 12:46:22.194457,0.01,-0.14,0.74,46.08,-40.83,-18.01,-13.22,-96.19,-100.28,1
h,2022-10-01 12:46:22.210105,0.02,-0.05,0.78,41.32,-37.66,-6.77,-13.22,-96.19,-100.28,1
h,2022-10-01 12:46:22.225727,0.08,0.03,0.95,42.05,-30.58,1.71,-13.22,-96.19,-100.28,1
h,2022-10-01 12:46:22.241356,0.17,0.24,1.11,33.81,-19.04,2.69,-12.19,-85.91,-108.90,1
h,2022-10-01 12:46:22.272603,0.21,0.28,1.22,22.03,-6.35,2.87,-12.19,-85.91,-108.90,1
h,2022-10-01 12:46:22.288229,0.24,0.19,1.65,30.09,-13.79,12.15,-12.50,-75.77,-116.02,1
h,2022-10-01 12:46:22.303855,0.18,0.16,1.36,21.61,5.98,39.43,-12.50,-75.77,-116.02,1
h,2022-10-01 12:46:22.319486,0.14,0.32,1.21,33.51,-5.25,46.39,-12.50,-75.77,-116.02,1
h,2022-10-01 12:46:22.335106,-0.13,0.44,1.70,-2.62,-0.98,1.34,-12.17,-70.90,-120.17,1
h,2022-10-01 12:46:22.350733,0.08,0.40,1.39,-3.91,32.90,-23.50,-12.17,-70.90,-120.17,1
h,2022-10-01 12:46:22.381985,0.21,0.24,1.18,-17.09,42.85,-35.71,-12.17,-70.90,-120.17,1
h,2022-10-01 12:46:22.397611,0.33,0.12,0.99,-32.17,42.36,-36.56,-12.27,-65.38,-117.91,1
h,2022-10-01 12:46:22.413287,0.40,-0.15,0.79,-25.09,25.09,-27.16,-12.27,-65.38,-117.91,1
h,2022-10-01 12:46:22.428864,0.36,-0.13,0.77,-33.02,14.22,-17.15,-8.59,-61.76,-115.41,1
h,2022-10-01 12:46:22.444494,0.28,-0.04,0.79,-65.92,9.16,-16.97,-8.59,-61.76,-115.41,1
