m,2022-10-13 18:26:52.647494,-2.978539,8.954771,-2.763050,0.123341,-0.124157,-0.000695,108.061470,-38.736961,50.279331,1
m,2022-10-13 18:26:52.741247,-3.007271,8.844633,-2.504462,0.047040,0.002611,0.087590,108.237182,-34.314933,44.654861,1
m,2022-10-13 18:26:52.834895,-2.073484,9.471945,-2.882766,-0.070141,0.049484,0.072010,110.697120,-31.131074,44.313987,1
m,2022-10-13 18:26:52.928727,-2.312917,8.131124,-2.619390,0.191386,0.042160,0.040984,110.697120,-31.131074,44.313987,1
m,2022-10-13 18:26:53.022463,-1.417440,7.072832,-1.743068,-0.188121,0.008470,0.344190,111.224243,-26.355283,46.188808,1
m,2022-10-13 18:26:53.131764,-1.824475,12.100913,-4.166123,-0.215951,0.065196,0.138857,108.764312,-49.349826,41.757411,1
m,2022-10-13 18:26:53.225567,-1.446171,10.793612,-3.457403,0.260363,-0.087272,-0.449311,111.224243,-56.071311,38.007766,1
m,2022-10-13 18:26:53.319311,-1.067868,6.833400,-1.628140,0.372217,-0.368373,-0.144641,111.224243,-56.071311,38.007766,1
m,2022-10-13 18:26:53.413011,-2.437422,7.182971,-2.102216,-0.128199,-0.149990,0.480013,112.629920,-22.817663,38.689517,1
m,2022-10-13 18:26:53.522409,-2.245876,11.047410,-3.759088,-0.198907,-0.023222,0.156700,108.764312,-38.736961,25.395322,1
m,2022-10-13 18:26:53.616153,-1.781377,10.884596,-3.620217,0.206699,0.013264,-0.195242,107.885765,-48.465423,18.407348,1
m,2022-10-13 18:26:53.725439,-1.489269,7.676202,-2.145314,0.349313,-0.369837,-0.302702,107.885765,-48.465423,18.407348,1
m,2022-10-13 18:26:53.819260,-2.083062,6.910018,-1.786165,-0.214087,-0.162507,0.132465,107.710052,-23.878948,20.623046,1
m,2022-10-13 18:26:53.912993,-3.103044,10.491927,-3.562754,-0.176003,-0.070760,0.269753,98.924568,-30.600431,10.396743,1
m,2022-10-13 18:26:54.006736,-1.661661,10.204608,-2.533195,-0.423281,0.044823,-0.237986,89.611953,-50.234233,0.340877,1
