a,2022-11-02 11:31:35.280368,0.44,0.75,0.52,-17.70,-10.25,6.10,5.35,10.63,-36.38,1
a,2022-11-02 11:31:35.295991,0.50,0.80,0.50,-8.30,-10.80,15.87,5.35,10.63,-36.38,1
a,2022-11-02 11:31:35.311699,0.49,0.67,0.50,32.47,-7.69,28.75,5.02,10.93,-37.78,1
a,2022-11-02 11:31:35.339326,0.45,0.60,0.52,23.38,-11.17,19.10,5.02,10.93,-37.78,1
a,2022-11-02 11:31:35.358965,0.38,0.72,0.53,5.98,-15.01,4.33,5.02,10.93,-37.78,1
a,2022-11-02 11:31:35.374590,0.44,0.73,0.50,20.69,-6.23,-0.12,4.30,11.52,-36.13,1
a,2022-11-02 11:31:35.390282,0.47,0.67,0.53,23.93,1.95,2.08,4.30,11.52,-36.13,1
a,2022-11-02 11:31:35.405906,0.48,0.66,0.55,18.43,2.93,0.61,4.30,11.52,-36.13,1
a,2022-11-02 11:31:35.426183,0.48,0.66,0.57,16.85,-0.98,1.46,4.08,11.50,-37.39,1
a,2022-11-02 11:31:35.453225,0.48,0.64,0.54,14.59,-5.92,3.11,4.08,11.50,-37.39,1
a,2022-11-02 11:31:35.468860,0.46,0.62,0.53,8.42,-6.90,1.22,4.08,11.50,-37.39,1
a,2022-11-02 11:31:35.484557,0.43,0.63,0.53,7.69,-4.64,3.72,2.64,11.80,-36.43,1
a,2022-11-02 11:31:35.500188,0.49,0.62,0.51,13.31,3.42,12.88,2.64,11.80,-36.43,1
a,2022-11-02 11:31:35.521611,0.52,0.57,0.55,8.36,-3.54,19.84,2.28,12.07,-37.34,1
a,2022-11-02 11:31:35.539274,0.53,0.56,0.56,-0.12,-18.43,15.63,2.28,12.07,-37.34,1
a,2022-11-02 11:31:35.554976,0.50,0.57,0.54,-16.60,-36.38,1.65,2.28,12.07,-37.34,1
a,2022-11-02 11:31:35.586157,0.47,0.63,0.50,-30.52,-46.51,-12.51,0.95,12.92,-36.58,1
a,2022-11-02 11:31:35.601856,-0.55,1.12,0.59,-24.35,-31.07,-7.45,0.95,12.92,-36.58,1
a,2022-11-02 11:31:35.617479,0.48,0.75,0.43,42.18,26.18,1.53,-0.15,13.13,-36.38,1
a,2022-11-02 11:31:35.639600,0.45,0.60,0.75,5.25,30.21,5.25,-0.15,13.13,-36.38,1
a,2022-11-02 11:31:35.665128,0.44,0.60,0.77,-0.24,16.72,1.10,-0.15,13.13,-36.38,1
a,2022-11-02 11:31:35.680767,0.48,0.54,0.68,2.14,5.92,-0.73,-0.61,13.87,-34.99,1
a,2022-11-02 11:31:35.692540,0.32,0.56,0.54,-17.09,7.14,12.51,-0.61,13.87,-34.99,1
a,2022-11-02 11:31:35.723956,0.33,0.59,0.50,-12.45,11.90,36.56,-0.61,13.87,-34.99,1
a,2022-11-02 11:31:35.739508,0.38,0.42,0.46,12.27,17.76,53.10,-2.19,13.83,-36.15,1
a,2022-11-02 11:31:35.760600,0.20,0.35,0.53,2.08,11.96,46.26,-2.19,13.83,-36.15,1
a,2022-11-02 11:31:35.776590,0.21,0.54,0.54,-37.66,-15.26,22.09,-1.77,13.60,-35.03,1
a,2022-11-02 11:31:35.792343,0.19,0.70,0.44,-67.99,-31.01,4.82,-1.77,13.60,-35.03,1
a,2022-11-02 11:31:35.807882,0.23,0.83,0.38,-67.20,-39.98,1.16,-1.77,13.60,-35.03,1
a,2022-11-02 11:31:35.823505,0.25,0.88,0.30,-53.34,-41.26,7.26,-0.42,13.22,-34.68,1
a,2022-11-02 11:31:35.855165,0.24,0.95,0.32,-27.77,-34.61,1.83,-0.42,13.22,-34.68,1
a,2022-11-02 11:31:35.870806,0.34,1.11,0.30,-10.80,-30.88,4.39,1.37,11.93,-33.11,1
a,2022-11-02 11:31:35.886431,0.43,1.08,0.35,27.22,-22.40,6.04,1.37,11.93,-33.11,1
a,2022-11-02 11:31:35.902051,0.53,0.94,0.47,32.59,-14.65,-7.39,1.37,11.93,-33.11,1
a,2022-11-02 11:31:35.917667,0.49,0.85,0.55,36.44,-3.42,-12.02,2.47,12.21,-33.94,1
a,2022-11-02 11:31:35.949035,0.50,0.77,0.69,31.68,-3.23,-25.21,2.47,12.21,-33.94,1
a,2022-11-02 11:31:35.964708,0.54,0.87,0.70,11.60,-5.98,-32.65,2.47,12.21,-33.94,1
a,2022-11-02 11:31:35.980292,0.52,0.85,0.67,-14.04,-0.37,-36.80,1.82,12.27,-35.36,1
a,2022-11-02 11:31:35.995954,0.63,0.74,0.65,-0.79,8.00,-30.82,1.82,12.27,-35.36,1
a,2022-11-02 11:31:36.027159,0.34,0.58,0.63,-0.06,13.73,-42.42,0.17,12.37,-34.57,1
a,2022-11-02 11:31:36.043185,0.38,0.64,0.59,6.47,8.61,-21.61,0.17,12.37,-34.57,1
a,2022-11-02 11:31:36.058903,0.32,0.59,0.57,11.84,10.07,0.67,0.17,12.37,-34.57,1
a,2022-11-02 11:31:36.074511,0.29,0.50,0.53,14.40,2.01,15.69,-0.85,12.01,-36.62,1
a,2022-11-02 11:31:36.105687,0.36,0.26,0.39,1.95,-8.91,7.08,-0.85,12.01,-36.62,1
a,2022-11-02 11:31:36.121311,-0.44,0.31,0.57,-41.20,-0.24,-21.73,-0.85,12.01,-36.62,1
a,2022-11-02 11:31:36.140339,0.14,0.78,0.27,-50.60,-15.26,0.31,-0.63,11.80,-35.00,1
a,2022-11-02 11:31:36.155970,0.15,0.69,0.34,-2.69,-10.99,31.25,-0.63,11.80,-35.00,1
a,2022-11-02 11:31:36.171664,0.38,0.73,0.43,29.60,-7.45,44.13,1.06,11.78,-34.77,1
a,2022-11-02 11:31:36.202844,0.41,0.80,0.42,27.71,-9.16,33.20,1.06,11.78,-34.77,1
a,2022-11-02 11:31:36.218460,0.49,0.93,0.49,24.84,-12.08,19.17,1.06,11.78,-34.77,1
a,2022-11-02 11:31:36.240606,0.55,0.92,0.53,27.83,-14.71,-9.77,3.49,11.88,-34.57,1
a,2022-11-02 11:31:36.250125,0.56,0.99,0.59,22.71,-10.13,-25.09,3.49,11.88,-34.57,1
a,2022-11-02 11:31:36.266498,0.51,0.98,0.56,12.08,-4.94,-23.68,3.49,11.88,-34.57,1
a,2022-11-02 11:31:36.282154,0.50,0.77,0.72,27.47,10.13,-2.56,3.38,11.95,-34.56,1
a,2022-11-02 11:31:36.313492,0.42,0.56,0.74,-15.14,7.26,9.58,3.38,11.95,-34.56,1
a,2022-11-02 11:31:36.329834,0.04,0.57,0.60,-51.45,-5.13,-14.04,2.94,11.34,-36.58,1
a,2022-11-02 11:31:36.344877,-0.05,0.85,0.48,-21.18,19.17,-43.76,2.94,11.34,-36.58,1
a,2022-11-02 11:31:36.360520,0.23,0.80,0.46,42.85,69.27,-35.22,2.94,11.34,-36.58,1
a,2022-11-02 11:31:36.391761,0.41,0.71,0.66,56.52,74.95,-21.85,4.08,10.23,-38.35,1
a,2022-11-02 11:31:36.407385,0.52,0.58,0.62,56.95,54.14,-15.81,4.08,10.23,-38.35,1
a,2022-11-02 11:31:36.423015,0.64,0.43,0.53,42.11,25.45,-22.52,5.29,9.13,-37.98,1
a,2022-11-02 11:31:36.442451,0.67,0.45,0.45,-4.33,-8.48,-34.85,5.29,9.13,-37.98,1
a,2022-11-02 11:31:36.454460,0.62,0.60,0.44,-14.10,-18.86,-28.87,5.29,9.13,-37.98,1
a,2022-11-02 11:31:36.485725,0.58,0.66,0.43,-11.66,-25.02,-15.75,4.94,8.25,-40.56,1
a,2022-11-02 11:31:36.501352,0.52,0.65,0.43,4.76,-19.04,-0.55,4.94,8.25,-40.56,1
a,2022-11-02 11:31:36.516979,0.55,0.60,0.47,14.04,-11.96,4.27,4.94,8.25,-40.56,1
a,2022-11-02 11:31:36.541118,0.61,0.55,0.54,19.41,-8.91,7.93,4.79,8.81,-40.01,1
