Z,2022-10-31 13:54:43.690929,-0.06,0.17,0.87,-8.85,8.36,8.97,28.86,2.59,-76.75,1
Z,2022-10-31 13:54:43.706554,-0.11,0.22,0.99,-4.27,1.16,9.09,28.86,2.59,-76.75,1
Z,2022-10-31 13:54:43.727980,-0.12,0.21,0.99,3.17,8.48,4.94,28.93,2.53,-75.40,1
Z,2022-10-31 13:54:43.730492,-0.04,0.15,0.95,3.72,9.28,3.60,28.93,2.53,-75.40,1
Z,2022-10-31 13:54:43.761761,-0.04,0.14,0.95,-0.37,8.24,3.48,28.93,2.53,-75.40,1
Z,2022-10-31 13:54:43.777370,-0.08,0.15,0.97,-1.28,8.24,6.71,28.23,1.79,-75.49,1
Z,2022-10-31 13:54:43.793019,-0.07,0.16,0.95,-4.58,8.61,8.42,28.23,1.79,-75.49,1
Z,2022-10-31 13:54:43.808640,-0.04,0.22,0.93,-7.75,8.48,7.75,29.00,1.61,-75.20,1
Z,2022-10-31 13:54:43.824270,-0.01,0.27,0.92,-11.29,8.30,3.42,29.00,1.61,-75.20,1
Z,2022-10-31 13:54:43.855516,-0.03,0.26,0.96,-12.33,6.53,-0.79,29.00,1.61,-75.20,1
Z,2022-10-31 13:54:43.871143,-0.08,0.22,1.00,-9.09,7.26,0.61,28.42,1.49,-73.40,1
Z,2022-10-31 13:54:43.886788,-0.06,0.19,0.94,-8.91,9.95,4.64,28.42,1.49,-73.40,1
Z,2022-10-31 13:54:43.902400,-0.00,0.20,0.89,-9.83,7.20,7.26,28.42,1.49,-73.40,1
Z,2022-10-31 13:54:43.918022,0.01,0.24,0.85,-15.32,5.25,7.02,27.65,0.81,-73.01,1
Z,2022-10-31 13:54:43.949275,0.02,0.25,0.84,-19.65,0.85,4.82,27.65,0.81,-73.01,1
Z,2022-10-31 13:54:43.964887,0.02,0.29,0.86,-23.38,-6.10,2.87,27.80,0.83,-72.38,1
Z,2022-10-31 13:54:43.980507,-0.09,0.41,0.89,-21.18,-9.77,1.83,27.80,0.83,-72.38,1
Z,2022-10-31 13:54:43.996151,-0.10,0.41,1.02,20.45,1.04,1.46,27.80,0.83,-72.38,1
Z,2022-10-31 13:54:44.011777,-0.05,0.26,0.96,30.27,-2.69,17.76,28.15,0.99,-73.38,1
Z,2022-10-31 13:54:44.027407,-0.03,0.35,0.92,12.45,-5.25,-0.49,28.15,0.99,-73.38,1
Z,2022-10-31 13:54:44.043027,-0.03,0.52,0.93,-3.72,-2.32,-19.78,28.15,0.99,-73.38,1
Z,2022-10-31 13:54:44.074263,-0.02,0.51,0.92,-9.52,0.79,-41.81,27.20,1.89,-73.23,1
Z,2022-10-31 13:54:44.089889,-0.03,0.45,0.88,-1.22,0.31,-50.90,27.20,1.89,-73.23,1
Z,2022-10-31 13:54:44.105537,-0.05,0.30,0.87,19.47,-5.80,-48.65,24.13,3.91,-73.99,1
Z,2022-10-31 13:54:44.121159,-0.07,0.13,0.92,33.14,-7.14,-28.75,24.13,3.91,-73.99,1
Z,2022-10-31 13:54:44.152391,-0.07,0.05,0.95,41.87,-7.75,-14.77,24.13,3.91,-73.99,1
Z,2022-10-31 13:54:44.168035,-0.07,-0.01,0.94,32.29,-6.96,-6.96,22.19,4.92,-75.81,1
Z,2022-10-31 13:54:44.183666,-0.08,-0.10,0.97,14.53,-5.07,-7.87,22.19,4.92,-75.81,1
Z,2022-10-31 13:54:44.199288,-0.08,-0.10,0.99,-2.87,-0.85,-5.62,22.19,4.92,-75.81,1
Z,2022-10-31 13:54:44.214912,-0.05,0.05,0.95,-14.89,3.78,-2.87,21.06,5.35,-77.48,1
Z,2022-10-31 13:54:44.246164,-0.04,0.19,0.95,-36.74,6.96,-16.66,21.06,5.35,-77.48,1
Z,2022-10-31 13:54:44.261774,-0.03,0.24,0.94,-34.42,7.45,-18.86,21.31,6.08,-75.95,1
Z,2022-10-31 13:54:44.277418,-0.08,0.13,0.79,-23.86,6.35,-15.69,21.31,6.08,-75.95,1
Z,2022-10-31 13:54:44.293047,-0.03,0.26,0.99,8.48,-16.60,8.30,21.31,6.08,-75.95,1
Z,2022-10-31 13:54:44.308669,-0.05,0.18,0.88,1.59,-12.15,7.20,23.05,5.88,-75.31,1
Z,2022-10-31 13:54:44.339919,-0.06,0.16,0.89,0.49,-16.42,7.14,23.05,5.88,-75.31,1
Z,2022-10-31 13:54:44.355536,-0.07,0.15,0.88,-1.59,-19.47,9.40,23.05,5.88,-75.31,1
Z,2022-10-31 13:54:44.371155,-0.09,0.14,0.90,2.93,-23.74,12.57,25.49,6.74,-74.85,1
Z,2022-10-31 13:54:44.386800,-0.10,0.10,0.87,10.50,-29.91,20.39,25.49,6.74,-74.85,1
Z,2022-10-31 13:54:44.402425,-0.09,0.16,0.95,7.63,-33.94,24.72,25.49,6.74,-74.85,1
Z,2022-10-31 13:54:44.418051,-0.12,0.18,0.97,-13.49,-25.94,15.75,29.48,5.86,-74.04,1
Z,2022-10-31 13:54:44.449301,-0.11,0.24,0.99,-18.86,-20.57,16.30,29.48,5.86,-74.04,1
Z,2022-10-31 13:54:44.464916,-0.12,0.33,1.01,-14.59,-14.34,15.01,33.83,5.03,-74.51,1
Z,2022-10-31 13:54:44.480553,-0.10,0.39,0.98,-12.02,-4.88,10.80,33.83,5.03,-74.51,1
Z,2022-10-31 13:54:44.496181,-0.10,0.47,1.01,-13.18,0.67,-0.06,33.83,5.03,-74.51,1
Z,2022-10-31 13:54:44.511806,-0.11,0.45,1.02,-10.25,7.26,-8.18,36.27,5.10,-73.58,1
Z,2022-10-31 13:54:44.543059,-0.11,0.31,1.00,1.65,8.48,-5.68,36.27,5.10,-73.58,1
Z,2022-10-31 13:54:44.558666,-0.11,0.26,0.98,8.12,1.65,-1.59,36.27,5.10,-73.58,1
Z,2022-10-31 13:54:44.574310,-0.11,0.26,0.96,8.00,-4.52,-0.37,36.49,4.57,-73.85,1
Z,2022-10-31 13:54:44.589936,-0.12,0.25,0.94,9.16,-6.96,1.53,36.49,4.57,-73.85,1
Z,2022-10-31 13:54:44.605565,-0.13,0.23,0.93,7.32,-6.77,1.95,36.68,5.27,-74.84,1
Z,2022-10-31 13:54:44.621187,-0.14,0.21,0.91,3.85,-4.52,0.37,36.68,5.27,-74.84,1
Z,2022-10-31 13:54:44.652438,-0.13,0.21,0.92,-2.87,-0.85,-2.87,36.68,5.27,-74.84,1
Z,2022-10-31 13:54:44.668047,-0.13,0.23,0.92,-10.38,2.44,-4.82,36.54,4.99,-74.39,1
Z,2022-10-31 13:54:44.683695,-0.13,0.27,0.92,-14.89,6.35,-1.46,36.54,4.99,-74.39,1
Z,2022-10-31 13:54:44.699318,-0.09,0.40,0.84,-8.12,7.57,5.13,36.54,4.99,-74.39,1
Z,2022-10-31 13:54:44.714945,-0.07,0.62,0.84,-12.08,-13.18,-12.21,36.87,4.64,-73.11,1
Z,2022-10-31 13:54:44.746177,-0.06,0.81,0.84,-2.26,-17.52,-30.09,36.87,4.64,-73.11,1
Z,2022-10-31 13:54:44.761803,-0.06,0.79,0.85,12.70,-17.58,-59.57,35.90,7.58,-75.12,1
Z,2022-10-31 13:54:44.777445,-0.12,0.51,0.94,42.91,-21.00,-67.02,35.90,7.58,-75.12,1
Z,2022-10-31 13:54:44.793077,-0.23,0.24,1.06,51.88,-16.48,-59.88,35.90,7.58,-75.12,1
Z,2022-10-31 13:54:44.808699,-0.40,0.13,1.15,72.63,-9.52,-39.00,31.19,10.95,-74.90,1
Z,2022-10-31 13:54:44.839948,-0.18,-0.06,1.01,85.14,1.10,-20.51,31.19,10.95,-74.90,1
Z,2022-10-31 13:54:44.855599,-0.11,-0.16,0.98,55.18,1.46,-21.79,31.19,10.95,-74.90,1
Z,2022-10-31 13:54:44.871207,-0.13,-0.12,0.99,17.15,2.56,-21.91,26.25,9.46,-77.48,1
Z,2022-10-31 13:54:44.886829,-0.15,-0.00,0.97,-0.12,6.29,-14.53,26.25,9.46,-77.48,1
Z,2022-10-31 13:54:44.902454,-0.17,0.13,0.97,17.46,7.08,-5.86,22.96,6.67,-80.71,1
