A,2022-10-20 14:45:18.171018,-0.38,-0.51,0.65,13.24,43.64,-5.80,-14.28,27.70,-84.05,1
A,2022-10-20 14:45:18.191032,-0.32,-0.54,0.53,5.68,38.15,-9.16,-14.28,27.70,-84.05,1
A,2022-10-20 14:45:18.210058,-0.34,-0.57,0.51,-3.72,30.33,-12.27,-14.28,27.70,-84.05,1
A,2022-10-20 14:45:18.233679,-0.38,-0.56,0.49,2.32,17.76,-5.92,-15.23,20.57,-86.85,1
A,2022-10-20 14:45:18.252623,-0.36,-0.55,0.45,4.21,15.38,-5.43,-15.23,20.57,-86.85,1
A,2022-10-20 14:45:18.273207,-0.40,-0.56,0.25,-19.10,13.31,-12.45,-15.71,16.43,-90.76,1
A,2022-10-20 14:45:18.291067,-0.54,-0.57,0.65,2.50,-14.71,2.50,-15.71,16.43,-90.76,1
A,2022-10-20 14:45:18.311189,-0.35,-0.51,0.35,-3.48,-4.27,-12.76,-16.88,16.89,-91.32,1
A,2022-10-20 14:45:18.330282,-0.38,-0.48,0.44,-15.01,-10.07,-14.95,-16.88,16.89,-91.32,1
A,2022-10-20 14:45:18.353106,-0.35,-0.42,0.39,-6.23,-27.04,-9.46,-16.88,16.89,-91.32,1
A,2022-10-20 14:45:18.373816,-0.37,-0.37,0.48,-1.83,-48.83,-19.47,-21.22,21.12,-92.81,1
A,2022-10-20 14:45:18.395966,-0.42,-0.41,0.56,1.89,-58.23,-32.90,-21.22,21.12,-92.81,1
A,2022-10-20 14:45:18.416503,-0.55,-0.53,0.72,12.33,-56.70,-27.04,-33.98,28.27,-93.02,1
A,2022-10-20 14:45:18.436606,-0.63,-0.64,0.82,10.62,-44.86,-13.37,-33.98,28.27,-93.02,1
A,2022-10-20 14:45:18.456646,-0.71,-0.66,0.98,2.62,-30.03,-4.76,-33.98,28.27,-93.02,1
A,2022-10-20 14:45:18.478440,-0.72,-0.64,1.02,-6.29,-2.08,-0.55,-45.09,31.43,-87.44,1
A,2022-10-20 14:45:18.498890,-0.65,-0.66,0.89,-0.37,5.00,3.17,-45.09,31.43,-87.44,1
A,2022-10-20 14:45:18.519701,-0.72,-0.70,0.95,-2.01,10.86,-0.18,-46.95,31.38,-87.46,1
A,2022-10-20 14:45:18.540557,-0.78,-0.71,1.01,6.04,33.75,15.99,-46.95,31.38,-87.46,1
A,2022-10-20 14:45:18.558297,-0.63,-0.71,0.85,17.82,44.56,21.91,-46.95,31.38,-87.46,1
A,2022-10-20 14:45:18.580358,-0.47,-0.65,0.71,0.00,46.45,18.43,-36.23,28.60,-93.18,1
A,2022-10-20 14:45:18.599132,-0.41,-0.59,0.67,-7.93,42.24,16.66,-36.23,28.60,-93.18,1
A,2022-10-20 14:45:18.619735,-0.40,-0.49,0.63,-8.12,40.77,18.07,-23.40,23.06,-92.68,1
A,2022-10-20 14:45:18.641522,-0.32,-0.44,0.54,-6.35,42.18,17.15,-23.40,23.06,-92.68,1
A,2022-10-20 14:45:18.660437,-0.21,-0.33,0.40,-13.67,30.40,8.36,-23.40,23.06,-92.68,1
A,2022-10-20 14:45:18.681080,-0.17,-0.25,0.40,-15.14,12.45,-0.61,-15.69,17.98,-91.24,1
A,2022-10-20 14:45:18.702851,-0.58,-0.28,0.78,6.35,-33.51,-8.91,-15.69,17.98,-91.24,1
A,2022-10-20 14:45:18.722922,-0.32,-0.24,0.44,73.49,-23.99,11.66,-15.91,16.03,-90.43,1
A,2022-10-20 14:45:18.741683,-0.35,-0.29,0.51,-3.72,-16.66,-39.67,-15.91,16.03,-90.43,1
A,2022-10-20 14:45:18.762615,-0.37,-0.27,0.50,4.94,-26.55,-40.53,-21.20,17.19,-93.80,1
A,2022-10-20 14:45:18.783199,-0.39,-0.19,0.62,14.65,-36.32,-43.09,-21.20,17.19,-93.80,1
A,2022-10-20 14:45:18.803721,-0.46,-0.32,0.65,31.62,-36.93,-43.15,-21.20,17.19,-93.80,1
A,2022-10-20 14:45:18.823846,-0.52,-0.52,0.63,36.56,-30.27,-44.31,-36.08,17.87,-98.22,1
A,2022-10-20 14:45:18.841299,-0.66,-0.83,0.69,29.66,-22.83,-31.86,-36.08,17.87,-98.22,1
A,2022-10-20 14:45:18.863104,-0.77,-1.00,0.76,25.39,-17.09,-13.73,-51.42,15.03,-100.84,1
A,2022-10-20 14:45:18.888145,-0.80,-1.11,0.74,5.68,3.36,14.10,-51.42,15.03,-100.84,1
A,2022-10-20 14:45:18.903723,-0.77,-0.91,0.65,-18.55,12.45,20.57,-51.42,15.03,-100.84,1
A,2022-10-20 14:45:18.924193,-0.68,-0.81,0.72,-16.05,7.32,21.73,-51.11,15.30,-101.38,1
A,2022-10-20 14:45:18.946357,-0.61,-0.83,0.63,-8.12,6.65,36.56,-51.11,15.30,-101.38,1
A,2022-10-20 14:45:18.965713,-0.44,-0.75,0.56,-5.80,-0.06,53.71,-40.80,19.54,-99.22,1
A,2022-10-20 14:45:18.983565,-0.32,-0.62,0.52,-18.62,-6.47,43.70,-40.80,19.54,-99.22,1
A,2022-10-20 14:45:19.005388,-0.31,-0.53,0.56,-36.38,-11.47,31.80,-40.80,19.54,-99.22,1
A,2022-10-20 14:45:19.025937,-0.34,-0.31,0.70,-43.52,-13.31,24.72,-31.60,24.19,-94.41,1
A,2022-10-20 14:45:19.047924,-0.36,-0.16,0.78,-40.28,-2.81,5.19,-31.60,24.19,-94.41,1
A,2022-10-20 14:45:19.066900,-0.65,0.17,0.45,-26.61,3.17,-8.48,-28.30,28.75,-94.90,1
A,2022-10-20 14:45:19.086901,-0.45,-0.06,0.88,109.31,-29.54,14.71,-28.30,28.75,-94.90,1
A,2022-10-20 14:45:19.106990,-0.50,-0.19,0.78,58.59,-17.82,-20.94,-28.30,28.75,-94.90,1
A,2022-10-20 14:45:19.126913,-0.55,-0.35,0.82,40.04,1.83,-50.42,-31.77,27.16,-91.83,1
A,2022-10-20 14:45:19.147678,-0.55,-0.57,0.61,38.15,23.80,-47.06,-31.77,27.16,-91.83,1
A,2022-10-20 14:45:19.171728,-0.52,-0.76,0.43,37.78,23.74,-18.07,-37.92,19.89,-97.20,1
A,2022-10-20 14:45:19.188456,-0.55,-0.93,0.37,23.13,10.50,-3.85,-37.92,19.89,-97.20,1
A,2022-10-20 14:45:19.208681,-0.55,-0.89,0.45,-0.61,5.98,1.71,-37.92,19.89,-97.20,1
A,2022-10-20 14:45:19.231593,-0.53,-0.74,0.53,-28.14,6.77,-1.16,-39.04,17.54,-99.96,1
A,2022-10-20 14:45:19.249601,-0.49,-0.56,0.63,-32.71,6.04,-5.25,-39.04,17.54,-99.96,1
A,2022-10-20 14:45:19.270716,-0.49,-0.47,0.67,-13.12,4.52,-6.90,-38.61,17.08,-102.36,1
A,2022-10-20 14:45:19.292366,-0.51,-0.50,0.67,4.09,-0.12,-2.44,-38.61,17.08,-102.36,1
A,2022-10-20 14:45:19.314553,-0.51,-0.58,0.63,14.71,-3.85,2.44,-39.03,16.55,-102.80,1
A,2022-10-20 14:45:19.337774,-0.51,-0.60,0.65,-1.46,-1.83,-0.92,-39.03,16.55,-102.80,1
A,2022-10-20 14:45:19.355141,-0.54,-0.56,0.68,-9.03,0.37,-1.83,-39.03,16.55,-102.80,1
A,2022-10-20 14:45:19.379995,-0.58,-0.56,0.72,-8.48,5.00,2.26,-38.99,16.16,-102.71,1
A,2022-10-20 14:45:19.397296,-0.65,-0.53,0.81,-0.92,9.46,6.04,-38.99,16.16,-102.71,1
