r,2022-10-14 17:25:01.344915,0.31,-0.24,0.93,-7.08,-2.14,-9.40,-20.76,-50.17,-18.49,1
r,2022-10-14 17:25:01.360547,0.29,-0.26,0.93,-6.84,-1.10,-10.13,-16.09,-48.55,-15.42,1
r,2022-10-14 17:25:01.376176,0.34,-0.23,0.88,-10.31,1.89,-7.87,-16.09,-48.55,-15.42,1
r,2022-10-14 17:25:01.407405,0.33,-0.17,0.91,-9.64,-0.18,-5.80,-10.95,-47.62,-13.06,1
r,2022-10-14 17:25:01.423031,0.30,-0.18,0.93,-3.97,-0.37,-4.76,-10.95,-47.62,-13.06,1
r,2022-10-14 17:25:01.438677,0.27,-0.24,0.92,-1.83,0.49,-4.39,-10.95,-47.62,-13.06,1
r,2022-10-14 17:25:01.454305,0.31,-0.21,0.93,-4.82,3.05,-3.48,-8.20,-46.37,-10.22,1
r,2022-10-14 17:25:01.469928,0.34,-0.12,0.92,-9.34,7.14,-8.06,-8.20,-46.37,-10.22,1
r,2022-10-14 17:25:01.501160,0.40,-0.24,0.83,-3.17,3.11,-3.72,-5.03,-43.90,-10.75,1
r,2022-10-14 17:25:01.516788,0.45,-0.26,0.75,12.45,-16.91,10.74,-5.03,-43.90,-10.75,1
r,2022-10-14 17:25:01.532434,0.24,-0.26,0.89,-6.84,-16.91,7.20,-5.03,-43.90,-10.75,1
r,2022-10-14 17:25:01.548058,0.20,-0.29,0.95,-15.32,-4.70,7.08,-2.78,-44.70,-8.54,1
r,2022-10-14 17:25:01.563666,0.33,-0.29,0.89,-12.63,0.92,18.07,-2.78,-44.70,-8.54,1
r,2022-10-14 17:25:01.594916,0.36,-0.25,0.86,-29.36,-0.98,24.60,-2.78,-44.70,-8.54,1
r,2022-10-14 17:25:01.610564,0.36,-0.14,0.89,-40.41,0.37,27.95,-3.71,-46.85,-6.63,1
r,2022-10-14 17:25:01.626193,0.32,-0.05,0.92,-40.04,-0.61,26.86,-3.71,-46.85,-6.63,1
r,2022-10-14 17:25:01.641809,0.25,0.02,0.96,-21.18,1.28,14.10,-5.29,-50.42,-5.62,1
r,2022-10-14 17:25:01.673045,0.39,-0.02,0.93,-20.51,1.04,0.55,-5.29,-50.42,-5.62,1
r,2022-10-14 17:25:01.688673,0.33,0.07,0.94,-18.43,-2.62,-1.22,-5.29,-50.42,-5.62,1
r,2022-10-14 17:25:01.704315,0.28,-0.11,1.01,28.08,-5.00,11.66,-3.75,-51.84,-3.89,1
r,2022-10-14 17:25:01.719947,0.29,-0.18,0.83,6.90,-5.31,1.95,-3.75,-51.84,-3.89,1
r,2022-10-14 17:25:01.735570,0.28,0.24,0.86,-16.17,5.13,-9.40,-3.75,-51.84,-3.89,1
r,2022-10-14 17:25:01.766801,0.30,0.05,0.89,-13.73,9.03,-25.63,-2.03,-52.55,-2.42,1
r,2022-10-14 17:25:01.782430,0.30,0.02,0.91,-2.14,-10.80,-42.72,-2.03,-52.55,-2.42,1
r,2022-10-14 17:25:01.798077,0.30,-0.12,0.89,16.11,-23.80,-36.25,2.95,-50.24,-2.69,1
r,2022-10-14 17:25:01.813702,0.27,-0.17,0.84,21.97,-24.41,-23.74,2.95,-50.24,-2.69,1
r,2022-10-14 17:25:01.829331,0.25,-0.10,0.86,11.60,-24.23,-19.71,2.95,-50.24,-2.69,1
r,2022-10-14 17:25:01.860557,0.27,-0.10,0.87,9.46,-33.81,-15.32,7.12,-47.16,-2.44,1
r,2022-10-14 17:25:01.876183,0.24,-0.14,0.84,11.90,-42.48,-12.15,7.12,-47.16,-2.44,1
r,2022-10-14 17:25:01.891824,0.22,-0.23,0.88,7.75,-42.72,-4.27,7.12,-47.16,-2.44,1
r,2022-10-14 17:25:01.907453,0.26,-0.19,0.94,5.25,-41.08,0.98,10.34,-42.60,-1.75,1
r,2022-10-14 17:25:01.923084,0.22,-0.16,0.96,2.81,-29.17,7.63,10.34,-42.60,-1.75,1
r,2022-10-14 17:25:01.954313,0.22,-0.16,0.94,1.77,-26.00,5.74,12.74,-42.47,-3.48,1
r,2022-10-14 17:25:01.969939,0.21,-0.12,0.96,12.02,-32.90,13.92,12.74,-42.47,-3.48,1
r,2022-10-14 17:25:01.985571,0.23,-0.07,1.05,21.42,-34.79,19.84,12.74,-42.47,-3.48,1
r,2022-10-14 17:25:02.001213,0.22,-0.07,1.06,23.01,-13.06,10.99,14.99,-43.70,-3.27,1
r,2022-10-14 17:25:02.016838,0.22,-0.18,1.04,16.24,-5.86,8.30,14.99,-43.70,-3.27,1
r,2022-10-14 17:25:02.032469,0.21,-0.16,1.02,5.62,-3.91,5.13,14.99,-43.70,-3.27,1
r,2022-10-14 17:25:02.063695,0.20,-0.09,1.03,6.53,-6.04,3.30,14.77,-43.35,-3.16,1
r,2022-10-14 17:25:02.079323,0.19,-0.12,0.99,15.50,-12.76,8.00,14.77,-43.35,-3.16,1
r,2022-10-14 17:25:02.094968,0.17,-0.16,0.98,15.56,-8.79,5.92,15.93,-44.43,-4.92,1
r,2022-10-14 17:25:02.118640,0.08,-0.09,0.96,8.30,23.50,7.51,15.93,-44.43,-4.92,1
r,2022-10-14 17:25:02.126665,0.24,-0.10,1.01,-24.29,92.22,-5.43,15.93,-44.43,-4.92,1
r,2022-10-14 17:25:02.142317,0.28,-0.08,1.00,-31.56,65.43,-5.62,15.14,-44.76,-2.33,1
r,2022-10-14 17:25:02.173547,0.26,-0.06,0.91,-50.48,80.20,-15.38,15.14,-44.76,-2.33,1
r,2022-10-14 17:25:02.189174,0.27,-0.01,0.92,-45.90,60.55,-20.57,15.14,-44.76,-2.33,1
r,2022-10-14 17:25:02.204822,0.25,0.05,0.89,-29.79,47.12,-25.57,14.71,-42.98,-0.16,1
r,2022-10-14 17:25:02.220446,0.23,0.00,0.80,-3.85,37.05,-30.94,14.71,-42.98,-0.16,1
r,2022-10-14 17:25:02.236077,0.16,-0.27,0.67,52.61,-0.98,-13.00,14.71,-42.98,-0.16,1
r,2022-10-14 17:25:02.251698,0.24,-0.30,0.74,62.74,-27.16,9.34,18.43,-40.09,1.22,1
r,2022-10-14 17:25:02.282929,0.26,-0.27,0.82,22.64,-5.37,-5.25,18.43,-40.09,1.22,1
r,2022-10-14 17:25:02.298557,0.29,-0.15,0.89,-7.63,6.53,-11.84,19.52,-40.26,0.51,1
r,2022-10-14 17:25:02.314207,0.31,-0.11,0.94,-15.08,9.64,-10.68,19.52,-40.26,0.51,1
r,2022-10-14 17:25:02.329830,0.39,0.12,1.14,-29.05,-1.65,-39.31,19.52,-40.26,0.51,1
r,2022-10-14 17:25:02.345454,0.34,-0.10,0.90,5.92,-9.58,-38.02,19.76,-35.73,0.51,1
r,2022-10-14 17:25:02.361059,0.27,-0.13,0.84,19.59,-9.40,-22.22,19.76,-35.73,0.51,1
r,2022-10-14 17:25:02.392311,0.29,-0.31,0.87,-3.11,-3.42,-36.99,19.76,-35.73,0.51,1
r,2022-10-14 17:25:02.407954,0.27,-0.31,0.86,-9.58,-5.31,-19.41,21.81,-28.85,1.01,1
r,2022-10-14 17:25:02.423584,0.30,-0.24,0.93,-21.24,-5.13,-18.80,21.81,-28.85,1.01,1
r,2022-10-14 17:25:02.439215,0.27,-0.17,0.90,-18.31,-9.03,-14.47,21.31,-24.40,0.27,1
r,2022-10-14 17:25:02.470441,0.28,-0.17,0.94,-10.68,-25.45,-4.76,21.31,-24.40,0.27,1
r,2022-10-14 17:25:02.486068,0.30,-0.10,0.96,-7.14,-28.87,2.26,21.31,-24.40,0.27,1
r,2022-10-14 17:25:02.501719,0.28,-0.09,0.94,3.60,-28.14,4.27,21.33,-22.80,-1.62,1
r,2022-10-14 17:25:02.517344,0.26,-0.10,0.96,12.27,-24.96,3.42,21.33,-22.80,-1.62,1
r,2022-10-14 17:25:02.532966,0.25,-0.13,0.96,17.88,-21.73,2.81,21.33,-22.80,-1.62,1
r,2022-10-14 17:25:02.548593,0.24,-0.15,0.93,23.74,-20.57,3.78,22.01,-22.11,-1.68,1
r,2022-10-14 17:25:02.579822,0.23,-0.12,0.96,32.71,-24.05,6.29,22.01,-22.11,-1.68,1
r,2022-10-14 17:25:02.595449,0.22,-0.13,0.96,50.42,-33.63,11.17,22.01,-22.11,-1.68,1
r,2022-10-14 17:25:02.611095,0.15,-0.07,1.02,65.98,-22.28,17.03,24.21,-22.64,-3.06,1
r,2022-10-14 17:25:02.626727,0.04,-0.16,1.15,85.88,1.71,22.95,24.21,-22.64,-3.06,1
r,2022-10-14 17:25:02.642347,0.15,-0.28,1.08,85.33,32.90,23.86,24.18,-22.25,-6.03,1
r,2022-10-14 17:25:02.657953,0.20,-0.24,1.03,45.04,53.83,17.46,24.18,-22.25,-6.03,1
r,2022-10-14 17:25:02.689204,0.30,-0.30,0.89,14.59,51.03,11.11,24.18,-22.25,-6.03,1
r,2022-10-14 17:25:02.704852,0.28,-0.32,0.85,2.62,32.47,13.24,17.16,-17.10,-7.95,1
r,2022-10-14 17:25:02.720479,0.26,-0.28,0.85,3.85,29.54,16.24,17.16,-17.10,-7.95,1
r,2022-10-14 17:25:02.736105,0.32,-0.20,0.82,11.05,23.93,14.04,17.16,-17.10,-7.95,1
r,2022-10-14 17:25:02.751729,0.40,-0.17,0.82,29.85,10.07,12.94,10.89,-12.62,-8.19,1
r,2022-10-14 17:25:02.782959,0.51,-0.16,0.78,19.35,5.43,2.50,10.89,-12.62,-8.19,1
r,2022-10-14 17:25:02.798587,0.35,-0.20,0.84,-3.97,2.69,-17.70,9.70,-7.62,-10.67,1
r,2022-10-14 17:25:02.814238,0.29,-0.27,0.86,-10.31,1.46,-22.95,9.70,-7.62,-10.67,1
r,2022-10-14 17:25:02.829863,0.29,-0.34,0.84,-4.33,0.79,-16.72,9.70,-7.62,-10.67,1
r,2022-10-14 17:25:02.845486,0.30,-0.33,0.86,-0.18,-1.16,-8.24,11.58,-1.72,-10.51,1
r,2022-10-14 17:25:02.861092,0.29,-0.32,0.91,4.88,-4.70,-5.43,11.58,-1.72,-10.51,1
r,2022-10-14 17:25:02.892342,0.28,-0.30,0.93,6.96,-4.94,-4.21,11.58,-1.72,-10.51,1
r,2022-10-14 17:25:02.907985,0.28,-0.34,0.92,-12.94,5.62,-13.92,12.76,3.26,-10.30,1
r,2022-10-14 17:25:02.923613,0.26,-0.33,0.90,-1.28,0.98,-7.87,12.76,3.26,-10.30,1
r,2022-10-14 17:25:02.939242,0.33,-0.30,0.90,-5.13,3.66,-8.91,12.27,7.26,-10.50,1
r,2022-10-14 17:25:02.954847,0.32,-0.31,0.86,-5.00,3.91,-7.63,12.27,7.26,-10.50,1
r,2022-10-14 17:25:02.986105,0.28,-0.35,0.88,-3.05,2.14,-4.39,12.27,7.26,-10.50,1
r,2022-10-14 17:25:03.001740,0.35,-0.28,0.87,-11.54,6.41,-5.31,11.84,10.84,-11.29,1
r,2022-10-14 17:25:03.017372,0.35,-0.27,0.82,-17.03,6.35,-5.86,11.84,10.84,-11.29,1
r,2022-10-14 17:25:03.032997,0.32,-0.21,0.87,-15.81,0.98,-5.49,11.84,10.84,-11.29,1
r,2022-10-14 17:25:03.048626,0.29,-0.17,0.90,-9.64,-0.67,-7.14,12.66,14.73,-11.01,1
r,2022-10-14 17:25:03.079852,0.31,-0.28,0.85,0.98,-2.62,-4.52,12.66,14.73,-11.01,1
r,2022-10-14 17:25:03.095480,0.33,-0.34,0.84,8.97,-11.11,5.86,14.92,18.99,-12.94,1
r,2022-10-14 17:25:03.111107,0.28,-0.36,0.86,3.85,-12.33,8.36,14.92,18.99,-12.94,1
r,2022-10-14 17:25:03.126742,0.25,-0.36,0.84,-4.82,-9.58,7.26,14.92,18.99,-12.94,1
r,2022-10-14 17:25:03.142370,0.21,-0.42,0.86,-13.31,-8.91,13.18,18.65,22.99,-12.95,1
r,2022-10-14 17:25:03.158009,0.27,-0.37,0.88,-13.73,-10.62,21.00,18.65,22.99,-12.95,1
r,2022-10-14 17:25:03.189240,0.32,-0.31,0.91,-17.33,-7.81,24.84,18.65,22.99,-12.95,1
r,2022-10-14 17:25:03.204863,0.33,-0.30,0.87,-25.63,-4.52,23.01,22.20,22.33,-12.89,1
r,2022-10-14 17:25:03.220508,0.35,-0.26,0.81,-29.60,-7.63,20.02,22.20,22.33,-12.89,1
r,2022-10-14 17:25:03.236138,0.26,-0.24,0.93,-39.31,-8.24,25.82,22.20,22.33,-12.89,1
r,2022-10-14 17:25:03.251744,0.32,-0.09,0.96,-40.10,-3.54,28.75,27.98,20.39,-11.21,1
r,2022-10-14 17:25:03.267366,0.29,-0.10,0.95,-47.67,4.15,16.85,27.98,20.39,-11.21,1
r,2022-10-14 17:25:03.298617,0.27,-0.06,0.92,-51.57,5.13,4.39,33.74,18.65,-8.33,1
r,2022-10-14 17:25:03.314244,-0.49,-0.06,1.02,-14.65,3.42,-8.30,33.74,18.65,-8.33,1
r,2022-10-14 17:25:03.329895,0.29,-0.18,0.89,12.63,-4.58,0.67,33.74,18.65,-8.33,1
r,2022-10-14 17:25:03.345520,0.27,-0.11,0.90,4.21,-2.93,0.43,35.50,18.25,-9.81,1
r,2022-10-14 17:25:03.361142,0.27,-0.15,0.90,3.30,-0.18,2.93,35.50,18.25,-9.81,1
r,2022-10-14 17:25:03.376748,0.27,-0.16,0.90,-9.28,4.82,2.56,35.50,18.25,-9.81,1
r,2022-10-14 17:25:03.408004,0.27,-0.18,0.85,-16.05,8.91,-0.43,36.52,17.35,-9.66,1
r,2022-10-14 17:25:03.423640,0.29,-0.17,0.89,-18.49,16.17,-7.26,36.52,17.35,-9.66,1
r,2022-10-14 17:25:03.439253,0.26,0.18,1.21,-24.48,9.22,-35.71,36.52,17.35,-9.66,1
r,2022-10-14 17:25:03.454898,0.30,0.06,0.96,7.51,-17.33,-47.42,36.28,19.76,-11.68,1
r,2022-10-14 17:25:03.477453,0.27,-0.16,0.89,56.52,-30.27,-21.67,36.28,19.76,-11.68,1
r,2022-10-14 17:25:03.502091,0.24,-0.35,0.82,47.73,-25.39,-18.80,34.06,27.92,-16.22,1
r,2022-10-14 17:25:03.517725,0.22,-0.31,0.81,16.42,-16.42,-23.44,34.06,27.92,-16.22,1
r,2022-10-14 17:25:03.533363,0.25,-0.32,0.88,-4.21,-33.02,-30.15,34.06,27.92,-16.22,1
r,2022-10-14 17:25:03.548990,0.22,-0.29,0.83,-1.59,-45.35,-3.36,31.65,34.67,-19.08,1
r,2022-10-14 17:25:03.564610,0.21,-0.18,0.95,-9.58,-37.11,2.01,31.65,34.67,-19.08,1
r,2022-10-14 17:25:03.580222,0.21,-0.16,0.99,-8.42,-36.25,3.72,31.65,34.67,-19.08,1
r,2022-10-14 17:25:03.611472,0.20,-0.13,0.96,-12.15,-31.07,4.03,29.48,38.71,-21.96,1
r,2022-10-14 17:25:03.627106,0.20,-0.15,0.98,1.65,-33.51,9.16,29.48,38.71,-21.96,1
r,2022-10-14 17:25:03.642746,0.19,-0.17,1.03,1.16,-31.13,4.76,27.28,41.96,-24.33,1
r,2022-10-14 17:25:03.658373,0.19,-0.16,1.05,1.04,-23.44,0.67,27.28,41.96,-24.33,1
r,2022-10-14 17:25:03.673998,0.20,-0.14,1.10,7.39,-11.96,1.65,27.28,41.96,-24.33,1
r,2022-10-14 17:25:03.705229,0.19,-0.15,1.03,13.12,1.46,4.27,26.39,41.88,-24.58,1
r,2022-10-14 17:25:03.720855,0.17,-0.15,0.98,29.05,-2.14,4.46,26.39,41.88,-24.58,1
r,2022-10-14 17:25:03.736502,0.17,-0.14,0.98,34.79,-1.40,9.52,26.39,41.88,-24.58,1
r,2022-10-14 17:25:03.752131,0.07,-0.10,0.75,22.22,70.50,30.21,30.55,38.28,-22.25,1
r,2022-10-14 17:25:03.767754,0.25,-0.19,1.01,-2.01,86.91,-4.52,30.55,38.28,-22.25,1
r,2022-10-14 17:25:03.783384,0.25,-0.14,1.03,-50.35,79.28,-13.79,30.73,37.96,-19.52,1
r,2022-10-14 17:25:03.814609,0.28,-0.01,0.98,-72.33,82.34,-23.74,30.73,37.96,-19.52,1
r,2022-10-14 17:25:03.830249,0.29,-0.05,0.88,-50.54,66.53,-27.16,30.73,37.96,-19.52,1
r,2022-10-14 17:25:03.845883,0.26,-0.11,0.82,-9.52,45.41,-24.90,29.97,40.72,-22.14,1
r,2022-10-14 17:25:03.861513,0.30,-0.20,0.86,8.12,26.49,-26.18,29.97,40.72,-22.14,1
r,2022-10-14 17:25:03.877139,0.26,-0.18,0.87,-2.75,23.80,-34.48,29.97,40.72,-22.14,1
r,2022-10-14 17:25:03.892742,0.32,-0.17,0.90,21.97,7.14,-17.03,28.69,43.81,-22.96,1
r,2022-10-14 17:25:03.923991,0.25,-0.26,0.79,15.20,11.90,-16.17,28.69,43.81,-22.96,1
r,2022-10-14 17:25:03.939619,0.26,-0.34,0.76,24.60,2.62,-1.46,28.69,43.81,-22.96,1
r,2022-10-14 17:25:03.955261,0.34,-0.18,0.88,-1.28,8.12,-4.76,28.15,45.07,-22.40,1
r,2022-10-14 17:25:03.970891,0.33,-0.15,0.90,-2.87,7.75,-4.82,28.15,45.07,-22.40,1
r,2022-10-14 17:25:03.986515,0.31,0.02,0.95,-9.46,-1.83,-22.77,26.93,47.41,-22.60,1
r,2022-10-14 17:25:04.017748,0.34,-0.10,0.96,0.49,-20.57,-34.42,26.93,47.41,-22.60,1
r,2022-10-14 17:25:04.033374,0.30,-0.30,0.87,0.00,-12.27,-35.10,26.93,47.41,-22.60,1
r,2022-10-14 17:25:04.049022,0.32,-0.27,0.91,-19.78,-4.39,-32.90,20.73,54.96,-27.77,1
r,2022-10-14 17:25:04.064647,0.32,-0.26,0.95,-19.90,-4.03,-29.05,20.73,54.96,-27.77,1
r,2022-10-14 17:25:04.080273,0.32,-0.22,0.94,-11.60,-5.13,-15.20,20.73,54.96,-27.77,1
r,2022-10-14 17:25:04.095897,0.31,-0.24,0.93,0.12,-2.38,-3.36,16.47,59.53,-30.15,1
r,2022-10-14 17:25:04.127129,0.30,-0.13,0.94,2.26,-3.17,0.31,16.47,59.53,-30.15,1
r,2022-10-14 17:25:04.142770,0.30,-0.08,0.96,16.30,-6.29,8.73,18.30,58.51,-29.39,1
r,2022-10-14 17:25:04.158401,0.18,-0.13,1.00,53.41,-10.38,30.40,18.30,58.51,-29.39,1
r,2022-10-14 17:25:04.174028,0.02,-0.39,1.08,95.52,10.68,55.85,18.30,58.51,-29.39,1
r,2022-10-14 17:25:04.189659,0.21,-0.42,0.87,97.17,20.14,57.43,15.44,52.64,-25.78,1
r,2022-10-14 17:25:04.220885,0.28,-0.34,0.86,84.90,24.60,52.73,15.44,52.64,-25.78,1
r,2022-10-14 17:25:04.236515,0.30,-0.38,0.88,51.45,28.99,33.20,15.44,52.64,-25.78,1
r,2022-10-14 17:25:04.252158,0.37,-0.36,0.79,44.37,11.66,21.48,8.70,40.94,-20.79,1
r,2022-10-14 17:25:04.267784,0.29,-0.43,0.78,18.98,8.36,13.79,8.70,40.94,-20.79,1
r,2022-10-14 17:25:04.283411,0.30,-0.48,0.73,32.71,-0.55,23.25,8.70,40.94,-20.79,1
r,2022-10-14 17:25:04.314641,0.35,-0.56,0.66,32.71,-3.97,26.18,2.54,30.58,-18.46,1
r,2022-10-14 17:25:04.330269,0.34,-0.63,0.62,10.99,-11.84,27.16,2.54,30.58,-18.46,1
r,2022-10-14 17:25:04.345914,0.32,-0.60,0.66,-12.82,-16.11,25.45,-1.07,18.16,-19.17,1
r,2022-10-14 17:25:04.361542,0.29,-0.51,0.72,-26.67,-17.21,32.23,-1.07,18.16,-19.17,1
r,2022-10-14 17:25:04.377167,0.35,-0.39,0.78,-34.12,-18.37,36.07,-1.07,18.16,-19.17,1
r,2022-10-14 17:25:04.392791,0.32,-0.31,0.81,-21.61,-20.39,40.10,-4.38,4.35,-18.79,1
r,2022-10-14 17:25:04.424023,0.39,-0.34,0.75,-11.11,-24.29,40.22,-4.38,4.35,-18.79,1
r,2022-10-14 17:25:04.439650,0.37,-0.36,0.74,-7.75,-27.77,42.54,-4.38,4.35,-18.79,1
r,2022-10-14 17:25:04.455296,0.42,-0.34,0.73,-10.62,-30.76,44.80,-10.03,-7.75,-22.13,1
r,2022-10-14 17:25:04.470922,0.33,-0.33,0.77,-24.78,-32.84,46.63,-10.03,-7.75,-22.13,1
r,2022-10-14 17:25:04.486552,0.30,-0.22,0.85,-33.57,-30.94,45.96,-18.27,-17.46,-28.23,1
r,2022-10-14 17:25:04.517779,0.34,-0.13,0.86,-33.20,-27.83,44.56,-18.27,-17.46,-28.23,1
r,2022-10-14 17:25:04.533405,0.32,-0.13,0.87,-34.48,-26.06,39.12,-18.27,-17.46,-28.23,1
r,2022-10-14 17:25:04.549053,0.35,-0.15,0.86,-24.72,-29.11,43.64,-27.21,-21.52,-34.31,1
r,2022-10-14 17:25:04.564682,0.27,-0.16,0.85,-26.92,-28.75,41.87,-27.21,-21.52,-34.31,1
r,2022-10-14 17:25:04.580304,0.32,-0.15,0.82,-26.49,-28.69,41.44,-27.21,-21.52,-34.31,1
