L,2022-10-26 16:24:06.423351,0.12,-1.18,-0.58,-29.17,19.84,106.20,-15.01,42.49,8.35,1
L,2022-10-26 16:24:06.454651,0.26,-1.01,-0.33,-54.38,15.87,107.18,-7.14,45.36,4.50,1
L,2022-10-26 16:24:06.470794,0.46,-0.90,-0.23,-59.45,-12.33,106.32,-7.14,45.36,4.50,1
L,2022-10-26 16:24:06.489878,0.48,-0.84,-0.19,-55.48,-32.96,98.75,-7.14,45.36,4.50,1
L,2022-10-26 16:24:06.518292,0.45,-0.80,-0.12,-66.65,-62.68,76.42,3.43,46.79,3.71,1
L,2022-10-26 16:24:06.533970,0.58,-0.68,-0.01,-92.29,-68.91,59.69,3.43,46.79,3.71,1
L,2022-10-26 16:24:06.549751,0.52,-0.64,0.21,-121.34,-70.86,49.19,12.01,47.95,-2.51,1
L,2022-10-26 16:24:06.581103,0.58,-0.53,0.37,-127.69,-64.94,39.25,12.01,47.95,-2.51,1
L,2022-10-26 16:24:06.596975,0.53,-0.48,0.61,-109.80,-65.67,31.49,18.79,48.80,-9.18,1
L,2022-10-26 16:24:06.612846,0.55,-0.52,0.67,-93.51,-71.17,29.66,18.79,48.80,-9.18,1
L,2022-10-26 16:24:06.643854,0.61,-0.53,0.73,-82.21,-76.66,26.00,18.79,48.80,-9.18,1
L,2022-10-26 16:24:06.664077,0.50,-0.57,0.80,-70.43,-77.09,17.33,23.60,48.02,-15.12,1
L,2022-10-26 16:24:06.675843,0.36,-0.51,0.87,-70.68,-57.01,5.86,23.60,48.02,-15.12,1
L,2022-10-26 16:24:06.707151,0.38,-0.41,0.98,-55.97,-43.82,4.27,27.58,47.79,-17.86,1
L,2022-10-26 16:24:06.727043,0.32,-0.52,1.11,14.71,-55.73,21.30,27.58,47.79,-17.86,1
L,2022-10-26 16:24:06.738835,0.28,-0.83,0.89,61.46,-55.05,20.02,27.58,47.79,-17.86,1
L,2022-10-26 16:24:06.770164,0.28,-0.79,0.72,50.05,-25.39,12.94,31.21,47.36,-18.31,1
L,2022-10-26 16:24:06.785788,0.19,-0.73,0.76,23.68,7.14,31.92,31.21,47.36,-18.31,1
L,2022-10-26 16:24:06.801615,0.36,-0.79,0.77,26.92,19.29,37.48,34.39,46.14,-20.94,1
L,2022-10-26 16:24:06.820240,0.51,-0.73,0.81,18.80,21.91,33.87,34.39,46.14,-20.94,1
L,2022-10-26 16:24:06.849204,0.31,-0.66,0.75,23.07,22.89,27.65,34.39,46.14,-20.94,1
L,2022-10-26 16:24:06.865180,0.34,-0.57,0.50,37.05,57.80,34.91,36.65,44.68,-18.75,1
L,2022-10-26 16:24:06.881091,0.70,-0.73,0.58,17.70,80.69,45.35,36.65,44.68,-18.75,1
L,2022-10-26 16:24:06.912115,0.50,-0.74,0.77,-9.34,50.23,25.76,38.88,43.90,-17.44,1
L,2022-10-26 16:24:06.927743,0.48,-0.64,0.53,8.67,34.79,19.41,38.88,43.90,-17.44,1
L,2022-10-26 16:24:06.943562,0.51,-0.69,0.47,4.82,43.82,19.35,38.88,43.90,-17.44,1
L,2022-10-26 16:24:06.959115,0.65,-0.68,0.61,3.91,30.21,5.49,41.13,42.35,-13.93,1
L,2022-10-26 16:24:06.990224,0.26,-0.69,0.62,3.97,11.78,-4.64,41.13,42.35,-13.93,1
L,2022-10-26 16:24:07.009435,0.52,-0.96,0.40,31.49,22.09,8.97,41.91,41.94,-14.18,1
L,2022-10-26 16:24:07.022169,0.55,-0.78,0.41,9.03,18.01,1.65,41.91,41.94,-14.18,1
L,2022-10-26 16:24:07.053491,0.57,-0.65,0.45,-7.81,16.05,-2.20,41.91,41.94,-14.18,1
L,2022-10-26 16:24:07.069092,0.47,-0.62,0.46,-0.67,23.62,1.77,43.12,41.86,-12.16,1
L,2022-10-26 16:24:07.084901,0.49,-0.74,0.38,-0.31,21.91,10.44,43.12,41.86,-12.16,1
L,2022-10-26 16:24:07.115971,0.54,-0.78,0.38,-10.99,13.37,16.91,43.47,40.66,-12.30,1
L,2022-10-26 16:24:07.131576,0.41,-0.79,0.45,-34.00,8.06,9.83,43.47,40.66,-12.30,1
L,2022-10-26 16:24:07.147386,0.55,-0.73,0.54,-7.02,5.31,5.19,44.62,40.22,-12.93,1
L,2022-10-26 16:24:07.178612,0.55,-0.85,0.39,-4.21,0.67,-0.37,44.62,40.22,-12.93,1
L,2022-10-26 16:24:07.194309,0.53,-0.74,0.36,-29.36,5.68,-8.85,44.62,40.22,-12.93,1
L,2022-10-26 16:24:07.210106,0.55,-0.68,0.51,-26.73,8.61,-7.51,43.96,40.43,-13.20,1
L,2022-10-26 16:24:07.241149,0.54,-0.64,0.56,-33.94,5.92,-5.31,43.96,40.43,-13.20,1
L,2022-10-26 16:24:07.257268,0.54,-0.63,0.53,-28.32,-1.71,-4.33,43.62,40.99,-14.92,1
L,2022-10-26 16:24:07.273159,0.54,-0.63,0.49,-6.10,-3.66,-2.87,43.62,40.99,-14.92,1
L,2022-10-26 16:24:07.304183,0.57,-0.48,0.21,32.53,-12.51,-14.04,43.62,40.99,-14.92,1
L,2022-10-26 16:24:07.319910,0.45,-0.66,0.34,-5.68,-0.18,-3.85,42.98,40.84,-14.16,1
L,2022-10-26 16:24:07.335638,0.50,-0.63,0.55,-23.99,2.26,-1.16,42.98,40.84,-14.16,1
L,2022-10-26 16:24:07.366694,0.44,-0.64,0.67,-18.98,-0.49,2.20,42.09,41.56,-14.95,1
L,2022-10-26 16:24:07.382310,0.48,-0.62,0.58,5.19,-8.48,4.76,42.09,41.56,-14.95,1
L,2022-10-26 16:24:07.398125,0.46,-0.68,0.42,7.63,-11.11,2.14,42.09,41.56,-14.95,1
L,2022-10-26 16:24:07.413767,0.50,-0.74,0.50,-3.72,-6.65,2.50,42.72,42.43,-15.48,1
L,2022-10-26 16:24:07.444738,0.58,-0.65,0.53,-6.71,-4.03,0.24,42.72,42.43,-15.48,1
L,2022-10-26 16:24:07.460418,0.40,-0.73,0.70,-0.12,-7.20,2.38,42.65,43.12,-17.42,1
L,2022-10-26 16:24:07.476243,0.53,-0.60,0.48,16.66,-18.62,13.49,42.65,43.12,-17.42,1
L,2022-10-26 16:24:07.507280,0.47,-0.75,0.44,14.34,-13.79,4.33,42.65,43.12,-17.42,1
L,2022-10-26 16:24:07.522910,0.31,-0.73,0.63,6.65,-11.05,0.31,41.82,44.06,-16.81,1
L,2022-10-26 16:24:07.547873,0.31,-0.73,0.69,-3.23,-4.76,7.39,41.82,44.06,-16.81,1
L,2022-10-26 16:24:07.570349,0.46,-0.61,0.50,5.86,-8.67,4.27,41.86,44.17,-17.57,1
L,2022-10-26 16:24:07.586046,0.41,-0.78,0.62,4.70,-14.04,-2.81,41.86,44.17,-17.57,1
L,2022-10-26 16:24:07.601947,0.47,-0.72,0.45,6.10,-9.95,-2.93,41.86,44.17,-17.57,1
L,2022-10-26 16:24:07.632983,0.40,-0.85,0.63,-4.76,-3.11,-2.08,41.08,45.69,-18.58,1
L,2022-10-26 16:24:07.648607,0.55,-0.63,0.58,-2.99,-5.98,-4.27,41.08,45.69,-18.58,1
L,2022-10-26 16:24:07.679789,0.32,-0.78,0.59,9.58,-12.45,-8.67,39.97,47.05,-19.34,1
L,2022-10-26 16:24:07.695469,0.46,-0.72,0.51,-12.45,0.43,-2.38,39.97,47.05,-19.34,1
L,2022-10-26 16:24:07.720593,0.44,-0.70,0.62,-8.97,-0.18,-4.82,40.80,47.27,-20.97,1
L,2022-10-26 16:24:07.727395,0.45,-0.61,0.59,-6.35,-3.78,-5.37,40.80,47.27,-20.97,1
L,2022-10-26 16:24:07.758717,0.53,-0.68,0.47,0.49,-7.57,-5.37,40.80,47.27,-20.97,1
L,2022-10-26 16:24:07.776349,0.50,-0.70,0.44,-6.90,-8.61,-8.24,38.82,48.73,-21.80,1
L,2022-10-26 16:24:07.793232,0.45,-0.71,0.60,-16.48,-1.28,-5.80,38.82,48.73,-21.80,1
L,2022-10-26 16:24:07.822781,0.55,-0.57,0.58,-12.82,-3.23,-5.13,38.42,49.07,-22.62,1
L,2022-10-26 16:24:07.838417,0.53,-0.62,0.64,6.71,-2.14,7.51,38.42,49.07,-22.62,1
L,2022-10-26 16:24:07.855562,0.47,-0.87,0.59,14.89,-0.43,11.54,38.42,49.07,-22.62,1
L,2022-10-26 16:24:07.873816,0.48,-0.76,0.53,-0.31,5.43,6.35,38.81,49.55,-21.11,1
L,2022-10-26 16:24:07.902180,0.49,-0.65,0.60,10.31,6.84,3.85,38.81,49.55,-21.11,1
L,2022-10-26 16:24:07.918014,0.45,-0.55,0.56,24.05,3.60,7.20,39.00,49.44,-20.80,1
L,2022-10-26 16:24:07.933669,0.46,-0.69,0.46,23.19,6.04,6.96,39.00,49.44,-20.80,1
L,2022-10-26 16:24:07.949289,0.46,-0.74,0.45,10.99,11.23,6.59,39.00,49.44,-20.80,1
L,2022-10-26 16:24:07.980312,0.48,-0.68,0.61,5.43,10.86,3.91,39.20,49.69,-20.86,1
L,2022-10-26 16:24:07.998831,0.48,-0.76,0.56,29.42,4.27,3.85,39.20,49.69,-20.86,1
L,2022-10-26 16:24:08.012110,0.47,-0.76,0.46,27.59,4.88,3.66,39.07,49.27,-19.85,1
L,2022-10-26 16:24:08.043407,0.47,-0.75,0.47,17.15,6.90,2.38,39.07,49.27,-19.85,1
L,2022-10-26 16:24:08.059415,0.48,-0.69,0.56,11.72,7.63,0.55,39.07,49.27,-19.85,1
L,2022-10-26 16:24:08.075324,0.34,-0.78,0.48,14.34,4.70,1.28,39.53,50.24,-18.31,1
L,2022-10-26 16:24:08.106333,0.48,-0.52,0.67,-13.67,31.68,-19.59,39.53,50.24,-18.31,1
L,2022-10-26 16:24:08.121983,0.53,-0.86,0.43,23.93,7.26,1.34,38.21,50.61,-17.99,1
L,2022-10-26 16:24:08.145128,0.50,-0.78,0.27,-7.75,9.58,-1.95,38.21,50.61,-17.99,1
L,2022-10-26 16:24:08.170461,0.49,-0.65,0.57,-17.40,14.71,-0.31,38.29,50.99,-17.97,1
L,2022-10-26 16:24:08.186139,0.47,-0.71,0.57,7.20,3.78,4.64,38.29,50.99,-17.97,1
L,2022-10-26 16:24:08.201879,0.43,-0.66,0.55,3.60,13.85,-3.23,38.29,50.99,-17.97,1
L,2022-10-26 16:24:08.217591,0.51,-0.67,0.69,13.92,26.92,-9.40,37.95,50.99,-19.04,1
L,2022-10-26 16:24:08.248583,0.48,-0.89,0.24,35.16,4.15,-2.01,37.95,50.99,-19.04,1
L,2022-10-26 16:24:08.264363,0.52,-0.76,0.35,18.62,8.73,-3.72,37.62,51.28,-16.67,1
L,2022-10-26 16:24:08.280075,0.35,-0.89,0.24,10.19,9.34,-1.22,37.62,51.28,-16.67,1
L,2022-10-26 16:24:08.311137,0.49,-0.53,0.75,-10.93,44.13,-17.70,37.62,51.28,-16.67,1
L,2022-10-26 16:24:08.326846,0.45,-0.89,0.41,40.59,12.33,-5.98,37.65,51.79,-15.76,1
L,2022-10-26 16:24:08.342507,0.50,-0.80,0.32,20.45,26.31,-16.72,37.65,51.79,-15.76,1
L,2022-10-26 16:24:08.373590,0.50,-0.74,0.37,18.68,24.90,-11.17,36.82,52.75,-15.10,1
L,2022-10-26 16:24:08.389233,0.45,-0.84,0.33,13.67,26.00,-8.06,36.82,52.75,-15.10,1
L,2022-10-26 16:24:08.405075,0.47,-0.77,0.47,14.65,34.67,-15.93,36.82,52.75,-15.10,1
L,2022-10-26 16:24:08.436098,0.50,-0.84,0.38,42.48,20.75,-10.44,35.84,53.38,-13.56,1
L,2022-10-26 16:24:08.451813,0.52,-0.81,0.29,31.49,14.22,-9.34,35.84,53.38,-13.56,1
L,2022-10-26 16:24:08.467531,0.45,-0.95,0.03,36.50,0.00,-2.87,35.28,53.26,-12.07,1
L,2022-10-26 16:24:08.498524,0.48,-0.74,0.37,0.18,15.38,-1.71,35.28,53.26,-12.07,1
L,2022-10-26 16:24:08.514204,0.50,-0.79,0.55,25.63,2.62,3.17,35.28,53.26,-12.07,1
L,2022-10-26 16:24:08.530016,0.48,-0.84,0.37,42.11,-8.67,-14.59,35.21,53.43,-10.96,1
L,2022-10-26 16:24:08.561050,0.54,-0.56,0.81,-12.76,50.84,-21.00,35.21,53.43,-10.96,1
L,2022-10-26 16:24:08.584079,0.40,-1.26,-0.18,72.69,-24.72,9.64,34.56,53.70,-9.67,1
L,2022-10-26 16:24:08.602169,0.51,-0.76,0.23,17.52,1.28,-5.92,34.56,53.70,-9.67,1
L,2022-10-26 16:24:08.609445,0.47,-0.86,0.29,12.33,-2.93,-1.16,34.08,53.69,-8.41,1
L,2022-10-26 16:24:08.640712,0.47,-0.81,0.32,8.06,-2.81,-3.05,34.08,53.69,-8.41,1
L,2022-10-26 16:24:08.656588,0.48,-0.79,0.40,18.98,-9.28,-0.85,34.08,53.69,-8.41,1
L,2022-10-26 16:24:08.671992,0.47,-0.83,0.31,28.14,-14.77,2.44,33.58,54.48,-9.02,1
L,2022-10-26 16:24:08.703603,0.46,-0.86,0.24,26.86,-14.77,2.69,33.58,54.48,-9.02,1
L,2022-10-26 16:24:08.719298,0.46,-0.87,0.24,26.61,-9.34,-0.73,33.23,54.33,-7.47,1
L,2022-10-26 16:24:08.734898,0.45,-0.83,0.26,25.27,-6.47,-1.10,33.23,54.33,-7.47,1
L,2022-10-26 16:24:08.750534,0.46,-0.84,0.34,26.79,-6.41,-0.12,33.23,54.33,-7.47,1
L,2022-10-26 16:24:08.781762,0.47,-0.87,0.28,34.55,-13.67,-0.98,33.52,54.41,-6.67,1
L,2022-10-26 16:24:08.797380,0.46,-0.89,0.29,35.28,-17.27,-2.26,33.52,54.41,-6.67,1
