T,2022-11-09 13:38:10.638424,0.19,-0.16,0.93,19.10,23.68,-5.62,-10.77,3.38,-61.52,1
T,2022-11-09 13:38:10.658861,0.22,-0.20,1.09,-10.44,24.72,-10.62,-10.77,3.38,-61.52,1
T,2022-11-09 13:38:10.681485,0.21,-0.02,0.99,-21.97,20.39,-5.55,-8.54,1.39,-62.32,1
T,2022-11-09 13:38:10.702312,0.23,0.01,0.95,-10.01,24.23,12.57,-8.54,1.39,-62.32,1
T,2022-11-09 13:38:10.723920,0.25,-0.22,0.90,-43.21,20.45,22.89,-8.54,1.39,-62.32,1
T,2022-11-09 13:38:10.746452,0.23,0.00,0.89,-79.53,14.95,13.79,-8.34,-0.22,-64.03,1
T,2022-11-09 13:38:10.768085,0.12,0.31,0.84,-87.28,9.83,12.21,-8.34,-0.22,-64.03,1
T,2022-11-09 13:38:10.791501,0.23,0.36,0.82,-57.07,5.62,6.77,-8.61,-2.99,-63.07,1
T,2022-11-09 13:38:10.813547,-0.10,0.51,0.62,-46.63,12.94,-11.29,-8.61,-2.99,-63.07,1
T,2022-11-09 13:38:10.834851,0.22,0.27,1.02,42.11,16.24,3.85,-8.81,-4.08,-63.22,1
T,2022-11-09 13:38:10.857909,0.26,0.59,0.84,14.04,-8.36,-62.81,-8.81,-4.08,-63.22,1
T,2022-11-09 13:38:10.879579,0.23,0.90,0.86,2.56,-10.74,-63.05,-8.81,-4.08,-63.22,1
T,2022-11-09 13:38:10.902395,0.22,0.25,0.92,86.67,-7.81,-14.95,-8.02,-5.53,-62.72,1
T,2022-11-09 13:38:10.923788,0.22,-0.21,0.96,35.28,-13.67,-37.23,-8.02,-5.53,-62.72,1
T,2022-11-09 13:38:10.946071,0.18,0.07,0.98,-9.64,-9.89,-37.41,-6.65,-6.09,-61.43,1
T,2022-11-09 13:38:10.967496,0.16,-0.01,0.99,-1.16,-1.71,7.69,-6.65,-6.09,-61.43,1
T,2022-11-09 13:38:10.987854,0.15,-0.17,1.00,0.85,4.76,31.86,-5.32,-7.08,-61.13,1
T,2022-11-09 13:38:11.008373,-0.09,0.11,0.96,-25.27,24.29,27.47,-5.32,-7.08,-61.13,1
T,2022-11-09 13:38:11.027428,0.13,0.16,1.08,19.53,33.75,55.97,-5.32,-7.08,-61.13,1
T,2022-11-09 13:38:11.049692,0.40,0.07,1.01,42.30,22.09,75.13,-4.93,-5.36,-61.24,1
T,2022-11-09 13:38:11.073986,0.35,0.09,0.89,24.35,10.62,63.05,-4.93,-5.36,-61.24,1
T,2022-11-09 13:38:11.095317,0.42,0.39,0.88,3.05,1.83,34.85,-5.60,-2.59,-61.93,1
T,2022-11-09 13:38:11.116563,0.60,0.17,0.79,17.27,-19.78,22.58,-5.60,-2.59,-61.93,1
T,2022-11-09 13:38:11.138678,0.43,0.04,0.69,-20.32,-37.84,3.17,-7.70,-3.77,-63.26,1
T,2022-11-09 13:38:11.158908,0.19,0.20,1.24,69.58,40.16,0.79,-7.70,-3.77,-63.26,1
T,2022-11-09 13:38:11.181058,0.07,-0.50,1.34,-12.88,-17.76,-16.42,-7.70,-3.77,-63.26,1
T,2022-11-09 13:38:11.202480,0.12,0.08,0.79,-111.57,-70.50,-18.13,-7.98,-3.32,-62.52,1
T,2022-11-09 13:38:11.221424,0.10,0.33,0.64,-73.97,-75.01,6.77,-7.98,-3.32,-62.52,1
T,2022-11-09 13:38:11.242477,0.15,0.46,0.65,-8.12,-58.59,15.50,-12.46,-4.94,-60.52,1
T,2022-11-09 13:38:11.261926,0.12,0.43,0.77,27.47,-34.48,18.55,-12.46,-4.94,-60.52,1
T,2022-11-09 13:38:11.284049,0.17,0.19,1.08,35.95,-7.02,14.89,-12.46,-4.94,-60.52,1
T,2022-11-09 13:38:11.307573,0.17,0.36,1.14,14.77,-5.80,6.59,-15.45,-4.02,-58.46,1
T,2022-11-09 13:38:11.327576,0.17,0.32,1.15,12.02,5.92,2.01,-15.45,-4.02,-58.46,1
T,2022-11-09 13:38:11.350717,0.16,0.25,1.15,-3.23,9.46,-0.06,-16.02,-3.33,-59.11,1
T,2022-11-09 13:38:11.373485,0.10,0.45,1.10,-8.61,1.89,5.43,-16.02,-3.33,-59.11,1
T,2022-11-09 13:38:11.395679,0.09,0.28,0.59,19.29,0.55,23.19,-16.28,-2.86,-59.72,1
