P,2022-10-22 11:12:06.761047,0.18,0.14,0.91,-10.62,7.14,9.46,78.76,5.05,-102.27,1
P,2022-10-22 11:12:06.780003,0.20,0.09,0.89,-8.12,5.31,8.85,78.81,5.66,-97.60,1
P,2022-10-22 11:12:06.797261,0.21,0.10,0.89,-9.34,2.87,9.95,78.81,5.66,-97.60,1
P,2022-10-22 11:12:06.815662,0.22,0.13,0.85,-12.21,1.95,13.18,78.81,5.66,-97.60,1
P,2022-10-22 11:12:06.834962,0.22,0.23,0.86,-18.37,-2.50,9.58,79.68,4.44,-95.13,1
P,2022-10-22 11:12:06.853250,0.17,0.28,0.89,-19.04,-8.67,-1.65,79.68,4.44,-95.13,1
P,2022-10-22 11:12:06.871231,0.19,0.25,0.88,-15.56,-5.92,-5.19,82.89,4.47,-93.66,1
P,2022-10-22 11:12:06.889748,0.22,0.19,0.82,-9.52,-6.84,-4.52,82.89,4.47,-93.66,1
P,2022-10-22 11:12:06.908142,0.21,0.16,0.80,-9.64,-14.22,-2.20,82.89,4.47,-93.66,1
P,2022-10-22 11:12:06.926749,-0.50,0.24,1.11,4.39,-6.53,-3.91,89.00,5.03,-95.62,1
P,2022-10-22 11:12:06.944378,0.14,0.22,0.89,31.01,10.19,8.97,89.00,5.03,-95.62,1
P,2022-10-22 11:12:06.962267,0.07,0.05,0.60,15.63,9.03,7.87,89.00,5.03,-95.62,1
P,2022-10-22 11:12:06.982370,0.13,0.19,0.88,-11.05,-7.69,-9.58,89.25,4.75,-94.56,1
P,2022-10-22 11:12:06.999557,0.12,0.18,0.81,-13.61,-17.70,-10.19,89.25,4.75,-94.56,1
P,2022-10-22 11:12:07.018320,0.11,0.19,0.79,-6.71,-21.00,-8.42,90.31,5.14,-100.65,1
P,2022-10-22 11:12:07.037164,0.11,0.18,0.79,1.83,-22.58,-5.07,90.31,5.14,-100.65,1
P,2022-10-22 11:12:07.054768,0.09,0.17,0.81,9.28,-19.41,0.92,90.31,5.14,-100.65,1
P,2022-10-22 11:12:07.073326,0.09,0.12,0.82,16.17,-22.46,7.08,92.48,2.72,-111.08,1
P,2022-10-22 11:12:07.091979,0.12,0.15,0.91,4.21,-26.18,2.44,92.48,2.72,-111.08,1
P,2022-10-22 11:12:07.109276,0.11,0.16,0.97,8.73,-27.04,5.80,92.48,2.72,-111.08,1
P,2022-10-22 11:12:07.128215,0.10,0.16,1.05,18.92,-25.21,11.35,91.93,0.45,-123.24,1
P,2022-10-22 11:12:07.146696,0.12,0.14,1.08,16.66,-19.78,12.08,91.93,0.45,-123.24,1
P,2022-10-22 11:12:07.164077,0.13,0.12,1.12,8.00,-10.99,10.44,91.93,0.45,-123.24,1
P,2022-10-22 11:12:07.183870,0.12,0.19,1.17,-1.40,-4.64,6.41,88.79,-2.62,-132.07,1
P,2022-10-22 11:12:07.201409,0.11,0.24,1.19,-6.59,0.00,2.62,88.79,-2.62,-132.07,1
P,2022-10-22 11:12:07.220116,0.11,0.28,1.17,-11.84,4.46,-4.21,87.89,-3.47,-133.73,1
P,2022-10-22 11:12:07.238699,0.12,0.22,1.06,10.50,-7.02,-5.00,87.89,-3.47,-133.73,1
P,2022-10-22 11:12:07.256483,0.10,0.20,1.05,17.03,-19.10,-5.68,87.89,-3.47,-133.73,1
P,2022-10-22 11:12:07.275970,0.03,0.25,1.20,-8.12,12.70,-3.91,89.09,-3.54,-133.25,1
P,2022-10-22 11:12:07.294094,0.12,0.24,1.05,-13.61,55.05,8.97,89.09,-3.54,-133.25,1
P,2022-10-22 11:12:07.311272,0.13,0.13,1.06,-3.36,41.38,-0.92,89.09,-3.54,-133.25,1
P,2022-10-22 11:12:07.331065,0.13,0.17,1.07,-4.58,33.63,-5.00,92.38,-3.02,-124.07,1
P,2022-10-22 11:12:07.348661,0.13,0.14,0.98,-6.96,36.44,-4.09,92.38,-3.02,-124.07,1
P,2022-10-22 11:12:07.367230,0.16,0.16,0.94,-6.16,28.99,-5.62,93.31,-1.04,-111.88,1
P,2022-10-22 11:12:07.385660,0.16,0.20,0.90,-4.03,22.22,-6.53,93.31,-1.04,-111.88,1
P,2022-10-22 11:12:07.403788,0.15,0.21,0.86,-4.27,17.27,-8.97,93.31,-1.04,-111.88,1
P,2022-10-22 11:12:07.423040,0.11,0.30,0.80,-0.49,9.77,-13.31,91.81,2.78,-102.17,1
P,2022-10-22 11:12:07.440052,0.12,0.35,0.79,0.55,7.87,-22.22,91.81,2.78,-102.17,1
P,2022-10-22 11:12:07.458193,0.14,0.34,0.80,-0.12,10.13,-27.65,91.81,2.78,-102.17,1
P,2022-10-22 11:12:07.477422,0.14,0.25,0.76,6.59,7.26,-29.36,88.99,6.98,-93.98,1
P,2022-10-22 11:12:07.495753,0.13,0.15,0.77,5.92,2.01,-30.09,88.99,6.98,-93.98,1
P,2022-10-22 11:12:07.513177,0.15,0.12,0.77,7.02,-0.92,-25.51,88.99,6.98,-93.98,1
P,2022-10-22 11:12:07.532844,0.14,0.16,0.83,-0.12,-2.38,-28.50,86.13,10.31,-92.09,1
P,2022-10-22 11:12:07.551229,0.16,0.17,0.84,17.76,-6.04,-21.97,86.13,10.31,-92.09,1
P,2022-10-22 11:12:07.570701,0.15,0.12,0.86,19.90,-9.89,-22.46,86.80,12.35,-95.31,1
P,2022-10-22 11:12:07.588497,0.19,0.15,0.84,15.44,-12.08,-25.70,86.80,12.35,-95.31,1
P,2022-10-22 11:12:07.606835,0.13,0.02,0.94,11.23,-16.97,-28.08,86.80,12.35,-95.31,1
P,2022-10-22 11:12:07.625164,0.15,-0.03,0.97,2.26,-17.82,-23.99,87.88,15.66,-103.15,1
P,2022-10-22 11:12:07.643467,0.15,-0.01,0.98,2.87,-15.75,-6.35,87.88,15.66,-103.15,1
P,2022-10-22 11:12:07.661849,0.13,0.01,1.00,7.26,-15.63,0.49,87.88,15.66,-103.15,1
P,2022-10-22 11:12:07.680186,0.17,-0.02,0.98,10.19,-14.04,3.60,89.49,16.59,-109.13,1
P,2022-10-22 11:12:07.698495,0.15,-0.02,0.98,-3.11,-13.37,0.98,89.49,16.59,-109.13,1
P,2022-10-22 11:12:07.717712,0.14,-0.02,1.04,-14.22,-13.79,1.89,89.27,15.98,-115.03,1
P,2022-10-22 11:12:07.735628,0.12,0.02,1.05,-5.13,-10.31,12.57,89.27,15.98,-115.03,1
P,2022-10-22 11:12:07.754070,0.15,0.07,1.03,-0.67,-4.76,21.00,89.27,15.98,-115.03,1
P,2022-10-22 11:12:07.772149,0.16,0.05,1.03,6.47,0.06,28.08,91.14,11.95,-118.51,1
P,2022-10-22 11:12:07.789813,0.15,0.09,1.02,8.54,1.59,31.31,91.14,11.95,-118.51,1
P,2022-10-22 11:12:07.808705,0.16,0.18,1.01,-1.28,1.40,22.95,91.14,11.95,-118.51,1
P,2022-10-22 11:12:07.827019,0.14,0.21,1.00,-6.23,1.83,16.17,91.87,6.80,-119.93,1
P,2022-10-22 11:12:07.845326,0.14,0.21,0.98,-0.67,2.32,17.70,91.87,6.80,-119.93,1
P,2022-10-22 11:12:07.863658,0.13,0.18,0.97,3.78,1.77,19.29,91.87,6.80,-119.93,1
P,2022-10-22 11:12:07.882658,0.13,0.16,0.98,5.00,4.27,25.94,93.02,2.17,-119.26,1
P,2022-10-22 11:12:07.900659,0.13,0.25,0.92,2.32,3.11,23.32,93.02,2.17,-119.26,1
P,2022-10-22 11:12:07.919846,0.12,0.29,0.94,0.00,1.46,13.31,93.12,-1.16,-118.52,1
P,2022-10-22 11:12:07.938128,0.10,0.25,0.92,5.00,3.17,9.03,93.12,-1.16,-118.52,1
P,2022-10-22 11:12:07.957587,0.07,0.25,0.97,22.83,7.26,7.45,93.12,-1.16,-118.52,1
P,2022-10-22 11:12:07.976008,0.05,0.14,0.95,39.43,10.13,7.75,92.47,-1.94,-116.42,1
P,2022-10-22 11:12:07.995007,0.05,0.02,0.93,41.26,12.63,4.64,92.47,-1.94,-116.42,1
P,2022-10-22 11:12:08.014132,0.03,-0.09,1.00,30.76,12.70,-6.23,92.47,-1.94,-116.42,1
P,2022-10-22 11:12:08.032176,0.03,-0.33,1.06,27.22,14.59,-5.55,88.56,-1.18,-114.60,1
P,2022-10-22 11:12:08.051056,0.11,-0.60,1.01,31.62,17.27,6.90,88.56,-1.18,-114.60,1
P,2022-10-22 11:12:08.069326,0.15,-0.76,0.97,16.36,17.40,23.74,79.65,-3.50,-115.56,1
P,2022-10-22 11:12:08.087504,0.16,-0.73,0.93,-13.79,10.25,50.96,79.65,-3.50,-115.56,1
P,2022-10-22 11:12:08.105660,0.13,-0.52,0.93,-24.72,7.02,64.88,79.65,-3.50,-115.56,1
P,2022-10-22 11:12:08.124869,0.15,-0.43,0.90,-24.41,7.39,78.31,68.18,-9.84,-117.86,1
P,2022-10-22 11:12:08.143188,0.18,-0.31,0.85,-28.20,7.32,90.88,68.18,-9.84,-117.86,1
P,2022-10-22 11:12:08.160987,0.20,-0.18,0.79,-39.86,3.66,98.27,68.18,-9.84,-117.86,1
P,2022-10-22 11:12:08.179281,0.14,0.03,0.80,-63.29,-3.60,101.44,55.37,-13.53,-119.85,1
P,2022-10-22 11:12:08.197662,0.11,0.38,0.77,-78.25,-1.83,96.07,55.37,-13.53,-119.85,1
P,2022-10-22 11:12:08.216174,0.12,0.54,0.71,-83.37,0.00,82.82,45.67,-16.05,-125.89,1
P,2022-10-22 11:12:08.234525,0.18,0.62,0.64,-86.06,-1.28,68.73,45.67,-16.05,-125.89,1
