n,2022-10-13 17:27:12.251135,-0.07,0.02,1.03,-3.97,3.91,-4.09,0.34,22.20,-43.73,1
n,2022-10-13 17:27:12.269990,-0.05,-0.02,1.00,1.22,2.50,2.32,0.76,21.97,-44.62,1
n,2022-10-13 17:27:12.287929,-0.01,-0.05,0.98,5.19,0.98,8.91,0.76,21.97,-44.62,1
n,2022-10-13 17:27:12.306288,-0.01,-0.01,0.95,-3.48,-2.75,9.34,0.76,21.97,-44.62,1
n,2022-10-13 17:27:12.325213,-0.09,0.04,0.98,-24.72,-1.71,-5.86,2.04,21.02,-45.53,1
n,2022-10-13 17:27:12.342935,-0.08,0.11,0.96,-14.53,4.94,-3.11,2.04,21.02,-45.53,1
n,2022-10-13 17:27:12.360960,-0.08,0.05,0.98,4.94,6.29,11.23,2.04,21.02,-45.53,1
n,2022-10-13 17:27:12.379841,0.01,0.04,0.91,19.96,6.77,26.79,3.06,20.89,-45.95,1
n,2022-10-13 17:27:12.398076,0.04,-0.03,0.90,-5.25,-0.18,11.41,3.06,20.89,-45.95,1
n,2022-10-13 17:27:12.416114,-0.00,0.03,0.89,-28.99,-2.32,-4.58,3.06,20.89,-45.95,1
n,2022-10-13 17:27:12.435152,-0.02,0.12,0.88,-34.97,-2.75,-7.63,4.10,20.07,-46.13,1
n,2022-10-13 17:27:12.453168,-0.03,0.17,0.87,-25.94,-2.50,-3.42,4.10,20.07,-46.13,1
n,2022-10-13 17:27:12.471979,-0.02,0.18,0.85,-9.22,-2.01,5.68,3.80,18.88,-48.72,1
n,2022-10-13 17:27:12.490070,0.04,0.11,0.78,13.24,-10.44,17.46,3.80,18.88,-48.72,1
n,2022-10-13 17:27:12.508102,-0.31,0.09,1.12,2.26,-0.43,-0.37,3.80,18.88,-48.72,1
n,2022-10-13 17:27:12.526905,-0.00,0.14,0.67,-5.07,26.31,-10.68,3.47,18.68,-48.27,1
n,2022-10-13 17:27:12.545051,-0.05,0.01,0.77,2.32,-2.56,-8.91,3.47,18.68,-48.27,1
n,2022-10-13 17:27:12.563059,-0.05,0.18,0.77,10.80,-16.72,0.24,3.47,18.68,-48.27,1
n,2022-10-13 17:27:12.581851,-0.10,0.19,0.79,14.95,-26.12,4.09,2.40,18.97,-45.56,1
n,2022-10-13 17:27:12.599959,-0.08,0.19,0.89,18.37,-25.94,5.13,2.40,18.97,-45.56,1
n,2022-10-13 17:27:12.619097,-0.08,0.14,0.99,28.69,-25.39,6.65,-1.79,21.78,-44.25,1
n,2022-10-13 17:27:12.637099,-0.09,0.03,1.11,22.83,-19.17,5.13,-1.79,21.78,-44.25,1
n,2022-10-13 17:27:12.654962,-0.08,0.02,1.21,9.03,-14.10,0.67,-1.79,21.78,-44.25,1
n,2022-10-13 17:27:12.674192,-0.09,0.02,1.30,-2.38,-9.95,-3.05,-3.80,23.44,-41.96,1
n,2022-10-13 17:27:12.692303,-0.08,0.05,1.24,-16.36,-0.31,-6.10,-3.80,23.44,-41.96,1
n,2022-10-13 17:27:12.710147,-0.06,0.14,1.10,-13.37,-5.86,-5.92,-3.80,23.44,-41.96,1
n,2022-10-13 17:27:12.728911,-0.09,0.18,1.31,9.64,-29.30,2.50,-4.52,22.44,-42.46,1
n,2022-10-13 17:27:12.747015,-0.15,0.19,1.14,-0.31,16.17,8.30,-4.52,22.44,-42.46,1
n,2022-10-13 17:27:12.764948,-0.09,0.18,1.13,7.39,29.11,5.43,-4.52,22.44,-42.46,1
n,2022-10-13 17:27:12.783904,-0.09,0.10,1.03,16.85,21.97,9.16,-2.15,22.12,-43.35,1
n,2022-10-13 17:27:12.801954,-0.09,0.07,1.08,0.12,20.94,1.28,-2.15,22.12,-43.35,1
n,2022-10-13 17:27:12.821112,-0.10,0.08,0.97,-13.85,18.80,-10.07,1.32,21.86,-45.85,1
n,2022-10-13 17:27:12.839062,-0.08,0.13,0.89,-30.82,18.74,-21.79,1.32,21.86,-45.85,1
n,2022-10-13 17:27:12.857119,-0.08,0.17,0.82,-28.26,12.45,-21.85,1.32,21.86,-45.85,1
n,2022-10-13 17:27:12.875927,-0.10,0.22,0.81,-16.11,6.41,-14.40,3.27,18.99,-48.02,1
n,2022-10-13 17:27:12.894049,-0.09,0.19,0.76,4.64,6.16,-10.13,3.27,18.99,-48.02,1
n,2022-10-13 17:27:12.911821,-0.08,0.09,0.74,16.11,3.60,-4.70,3.27,18.99,-48.02,1
n,2022-10-13 17:27:12.931110,-0.07,-0.05,0.73,20.94,-2.69,-1.28,3.67,20.03,-48.12,1
n,2022-10-13 17:27:12.949052,-0.07,-0.08,0.77,6.59,-8.42,-5.80,3.67,20.03,-48.12,1
n,2022-10-13 17:27:12.967958,-0.08,0.00,0.75,-17.46,-15.87,-22.95,1.21,20.45,-47.36,1
n,2022-10-13 17:27:12.986116,-0.08,0.10,0.75,-11.66,-21.61,-23.38,1.21,20.45,-47.36,1
n,2022-10-13 17:27:13.004120,-0.09,0.09,0.77,2.56,-26.55,-14.04,1.21,20.45,-47.36,1
n,2022-10-13 17:27:13.023013,-0.09,0.10,0.80,23.07,-26.25,1.65,-2.01,21.18,-46.29,1
n,2022-10-13 17:27:13.041037,-0.09,0.04,0.83,40.16,-30.09,12.02,-2.01,21.18,-46.29,1
n,2022-10-13 17:27:13.058940,-0.11,-0.02,1.01,25.39,-29.05,6.53,-2.01,21.18,-46.29,1
n,2022-10-13 17:27:13.078046,-0.13,-0.00,1.10,13.31,-27.04,0.98,-5.86,23.72,-43.97,1
n,2022-10-13 17:27:13.096143,-0.13,0.01,1.12,1.40,-24.17,-2.01,-5.86,23.72,-43.97,1
n,2022-10-13 17:27:13.114110,-0.14,0.06,1.17,-6.41,-20.02,-3.66,-5.86,23.72,-43.97,1
n,2022-10-13 17:27:13.133235,-0.16,0.09,1.16,-9.95,-6.47,-0.85,-8.51,24.56,-41.91,1
n,2022-10-13 17:27:13.151107,-0.16,0.12,1.13,-7.69,3.11,4.09,-8.51,24.56,-41.91,1
n,2022-10-13 17:27:13.169908,-0.17,0.16,1.08,-1.28,11.90,11.90,-8.62,25.27,-41.14,1
n,2022-10-13 17:27:13.187988,-0.41,0.22,1.16,21.00,15.32,40.53,-8.62,25.27,-41.14,1
n,2022-10-13 17:27:13.205934,-0.37,0.29,1.06,60.73,32.96,28.14,-8.62,25.27,-41.14,1
n,2022-10-13 17:27:13.224949,-0.15,0.08,1.05,51.76,37.78,10.99,-7.18,28.65,-40.52,1
n,2022-10-13 17:27:13.242935,-0.06,0.04,1.02,28.14,41.08,-5.07,-7.18,28.65,-40.52,1
n,2022-10-13 17:27:13.261045,-0.06,0.01,0.99,17.33,35.71,-13.67,-7.18,28.65,-40.52,1
n,2022-10-13 17:27:13.280082,-0.08,0.02,0.94,1.40,29.11,-26.73,-4.37,28.76,-39.48,1
n,2022-10-13 17:27:13.298006,0.02,0.05,0.87,-10.31,14.22,-27.59,-4.37,28.76,-39.48,1
n,2022-10-13 17:27:13.316958,0.00,0.07,0.89,-0.55,2.20,-18.31,-4.69,27.70,-42.15,1
n,2022-10-13 17:27:13.335209,-0.04,0.09,0.92,8.61,-3.36,-11.29,-4.69,27.70,-42.15,1
n,2022-10-13 17:27:13.352941,-0.07,0.10,0.96,9.52,-2.62,-13.55,-4.69,27.70,-42.15,1
n,2022-10-13 17:27:13.372027,-0.03,-0.06,0.98,7.81,0.37,-21.30,-6.41,28.00,-40.97,1
n,2022-10-13 17:27:13.390114,-0.00,-0.11,1.01,-4.70,1.65,-24.84,-6.41,28.00,-40.97,1
n,2022-10-13 17:27:13.408209,0.02,-0.07,0.99,-11.96,1.77,-20.87,-6.41,28.00,-40.97,1
n,2022-10-13 17:27:13.427109,0.01,-0.01,1.01,-13.55,-0.31,-16.72,-7.13,26.46,-41.52,1
n,2022-10-13 17:27:13.445007,-0.03,0.02,1.02,-6.04,1.16,-7.57,-7.13,26.46,-41.52,1
n,2022-10-13 17:27:13.463137,-0.02,0.01,0.99,2.69,1.95,-2.32,-7.13,26.46,-41.52,1
n,2022-10-13 17:27:13.481999,-0.01,-0.06,0.97,2.01,1.71,-2.08,-7.56,25.49,-42.18,1
n,2022-10-13 17:27:13.500274,-0.01,-0.13,0.95,-10.99,-0.12,-6.96,-7.56,25.49,-42.18,1
n,2022-10-13 17:27:13.519180,-0.06,-0.09,0.98,-22.52,-1.40,-12.27,-7.63,24.13,-42.88,1
n,2022-10-13 17:27:13.537254,-0.07,0.01,0.95,-35.52,-0.31,-15.87,-7.63,24.13,-42.88,1
