n,2022-10-13 17:27:25.832599,-0.27,0.11,0.94,-4.58,3.30,-8.61,-3.21,31.67,-0.37,1
n,2022-10-13 17:27:25.851576,-0.31,0.15,0.95,-3.36,5.49,-7.45,-3.99,32.81,-2.00,1
n,2022-10-13 17:27:25.869623,-0.27,0.15,0.93,2.14,9.64,-6.23,-3.99,32.81,-2.00,1
n,2022-10-13 17:27:25.887569,-0.17,0.08,0.85,4.21,9.58,-4.94,-3.99,32.81,-2.00,1
n,2022-10-13 17:27:25.906550,-0.15,0.02,0.85,1.04,-0.06,0.49,-4.75,33.13,-1.27,1
n,2022-10-13 17:27:25.924639,-0.21,0.06,0.87,-3.60,-5.19,4.46,-4.75,33.13,-1.27,1
n,2022-10-13 17:27:25.943699,-0.26,0.13,0.89,-14.10,-5.00,-0.92,-3.88,33.70,-1.44,1
n,2022-10-13 17:27:25.961621,-0.26,0.18,0.89,-15.26,-3.17,-3.17,-3.88,33.70,-1.44,1
n,2022-10-13 17:27:25.979702,-0.26,0.21,0.88,-8.24,-0.61,-1.16,-3.88,33.70,-1.44,1
n,2022-10-13 17:27:25.998710,-0.22,0.17,0.88,-3.60,-0.18,1.28,-3.66,34.73,-2.27,1
n,2022-10-13 17:27:26.016624,-0.19,0.13,0.85,-6.96,-2.75,0.43,-3.66,34.73,-2.27,1
n,2022-10-13 17:27:26.034615,-0.18,0.10,0.79,-15.32,-6.16,-5.13,-3.66,34.73,-2.27,1
n,2022-10-13 17:27:26.053600,-0.15,0.15,0.71,-24.05,-15.81,-10.80,-2.69,35.27,-1.82,1
n,2022-10-13 17:27:26.071492,-0.40,0.36,0.93,7.39,-0.06,7.08,-2.69,35.27,-1.82,1
n,2022-10-13 17:27:26.089432,-0.19,0.13,0.67,11.11,2.87,-2.62,-2.69,35.27,-1.82,1
n,2022-10-13 17:27:26.108440,-0.22,0.12,0.67,14.40,-11.66,1.10,-1.49,35.06,-1.05,1
n,2022-10-13 17:27:26.126458,-0.22,0.09,0.71,31.74,-25.51,19.35,-1.49,35.06,-1.05,1
n,2022-10-13 17:27:26.145279,-0.27,0.14,0.83,24.90,-40.89,18.25,2.34,36.49,2.94,1
n,2022-10-13 17:27:26.163341,-0.30,0.17,0.86,16.78,-43.27,11.84,2.34,36.49,2.94,1
n,2022-10-13 17:27:26.181333,-0.39,0.15,1.00,7.32,-45.04,6.29,2.34,36.49,2.94,1
n,2022-10-13 17:27:26.200352,-0.40,0.21,1.07,-2.62,-33.63,2.44,4.76,37.51,4.74,1
n,2022-10-13 17:27:26.218408,-0.42,0.21,1.21,-4.64,-21.91,0.55,4.76,37.51,4.74,1
n,2022-10-13 17:27:26.236359,-0.49,0.24,1.29,-5.86,-9.03,0.79,4.76,37.51,4.74,1
n,2022-10-13 17:27:26.255470,-0.38,0.16,1.18,-12.63,8.12,-1.65,6.82,38.85,6.37,1
n,2022-10-13 17:27:26.273558,-0.31,0.13,1.03,-11.72,-2.81,-2.08,6.82,38.85,6.37,1
n,2022-10-13 17:27:26.292444,-0.38,0.20,1.04,-10.13,-21.18,-8.73,6.38,38.88,5.46,1
n,2022-10-13 17:27:26.310331,-0.42,0.36,1.02,-23.68,20.08,-12.21,6.38,38.88,5.46,1
n,2022-10-13 17:27:26.328352,-0.34,0.31,1.00,-10.74,27.10,-8.73,6.38,38.88,5.46,1
n,2022-10-13 17:27:26.347281,-0.37,0.33,1.02,8.79,19.23,0.43,5.25,37.57,3.22,1
n,2022-10-13 17:27:26.365215,-0.40,0.35,1.04,19.84,22.64,3.17,5.25,37.57,3.22,1
n,2022-10-13 17:27:26.383320,-0.35,0.21,0.93,13.55,34.30,-5.07,5.25,37.57,3.22,1
n,2022-10-13 17:27:26.402451,-0.26,0.11,0.81,-2.69,30.40,-16.24,1.57,38.24,1.49,1
n,2022-10-13 17:27:26.420378,-0.28,0.15,0.82,-12.39,20.81,-18.55,1.57,38.24,1.49,1
n,2022-10-13 17:27:26.438560,-0.27,0.24,0.76,-16.78,17.40,-18.62,1.57,38.24,1.49,1
n,2022-10-13 17:27:26.457742,-0.27,0.27,0.73,-9.89,12.33,-13.92,-2.33,37.87,-0.89,1
n,2022-10-13 17:27:26.475419,-0.26,0.24,0.68,12.39,9.70,-6.71,-2.33,37.87,-0.89,1
n,2022-10-13 17:27:26.494482,-0.23,0.07,0.66,24.05,6.29,-3.48,-5.33,38.72,-1.88,1
n,2022-10-13 17:27:26.512442,-0.25,0.04,0.69,24.90,1.77,-0.06,-5.33,38.72,-1.88,1
n,2022-10-13 17:27:26.530573,-0.25,0.10,0.73,18.19,-3.23,-10.38,-5.33,38.72,-1.88,1
n,2022-10-13 17:27:26.549607,-0.25,0.07,0.76,7.14,-6.35,-16.72,-7.03,40.55,-2.45,1
n,2022-10-13 17:27:26.567565,-0.24,0.06,0.74,6.65,-12.63,-14.59,-7.03,40.55,-2.45,1
n,2022-10-13 17:27:26.585542,-0.27,0.09,0.83,9.52,-20.87,-8.36,-7.03,40.55,-2.45,1
n,2022-10-13 17:27:26.604613,-0.30,0.12,0.86,12.94,-21.85,-1.65,-8.12,42.37,-1.28,1
n,2022-10-13 17:27:26.622585,-0.29,0.11,0.84,18.25,-25.70,4.52,-8.12,42.37,-1.28,1
n,2022-10-13 17:27:26.641407,-0.30,0.09,0.84,15.99,-30.82,2.69,-7.98,44.08,2.17,1
n,2022-10-13 17:27:26.659442,-0.32,0.07,0.85,10.99,-34.06,-0.06,-7.98,44.08,2.17,1
n,2022-10-13 17:27:26.677418,-0.35,0.10,0.90,4.94,-34.85,-1.34,-7.98,44.08,2.17,1
n,2022-10-13 17:27:26.696610,-0.37,0.14,0.92,-14.28,-33.81,-2.01,-6.19,46.12,4.86,1
n,2022-10-13 17:27:26.714634,-0.40,0.17,0.99,-4.03,-30.82,-3.78,-6.19,46.12,4.86,1
n,2022-10-13 17:27:26.732645,-0.42,0.15,1.05,-4.15,-26.12,-4.88,-6.19,46.12,4.86,1
n,2022-10-13 17:27:26.751630,-0.46,0.15,1.10,-0.37,-18.19,-1.16,-4.41,47.52,8.20,1
n,2022-10-13 17:27:26.769530,-0.48,0.18,1.17,-1.46,-7.20,3.36,-4.41,47.52,8.20,1
n,2022-10-13 17:27:26.787326,-0.35,0.21,1.02,-3.30,10.31,5.37,-4.41,47.52,8.20,1
n,2022-10-13 17:27:26.806399,-0.36,0.17,0.97,12.39,-5.13,10.01,-4.60,48.75,7.69,1
n,2022-10-13 17:27:26.824433,-0.67,0.20,1.28,19.59,-11.23,12.94,-4.60,48.75,7.69,1
n,2022-10-13 17:27:26.843260,-0.50,0.37,1.06,2.20,40.47,10.74,-5.33,48.66,8.57,1
n,2022-10-13 17:27:26.861594,-0.46,0.14,0.96,18.07,43.88,-0.12,-5.33,48.66,8.57,1
n,2022-10-13 17:27:26.879769,-0.37,0.01,0.97,23.07,31.62,-0.12,-5.33,48.66,8.57,1
n,2022-10-13 17:27:26.898553,-0.30,0.03,0.91,-2.75,28.44,-10.38,-8.02,47.78,5.46,1
n,2022-10-13 17:27:26.916435,-0.33,0.16,0.90,-21.30,24.17,-16.54,-8.02,47.78,5.46,1
n,2022-10-13 17:27:26.935027,-0.33,0.28,0.86,-4.64,21.67,-16.72,-8.02,47.78,5.46,1
n,2022-10-13 17:27:26.953328,-0.27,0.30,0.84,2.32,20.94,-11.41,-10.41,45.46,1.98,1
n,2022-10-13 17:27:26.971418,-0.24,0.25,0.79,16.36,16.78,-5.68,-10.41,45.46,1.98,1
n,2022-10-13 17:27:26.990342,-0.25,0.17,0.81,23.25,11.05,-3.91,-14.31,45.31,1.10,1
n,2022-10-13 17:27:27.008451,-0.27,0.09,0.82,23.44,6.96,-5.37,-14.31,45.31,1.10,1
n,2022-10-13 17:27:27.026366,-0.28,0.02,0.86,16.11,5.55,-7.32,-14.31,45.31,1.10,1
n,2022-10-13 17:27:27.045446,-0.28,-0.02,0.87,6.16,3.05,-10.74,-16.44,45.35,0.01,1
n,2022-10-13 17:27:27.063643,-0.28,0.03,0.89,-9.28,0.98,-16.24,-16.44,45.35,0.01,1
