y,2022-10-17 13:17:26.563076,0.32,0.09,0.80,-17.52,-5.92,1.53,22.58,52.29,-64.05,1
y,2022-10-17 13:17:26.571167,0.38,0.08,0.67,-28.81,-22.77,-2.44,24.41,52.54,-64.92,1
y,2022-10-17 13:17:26.586817,0.17,0.17,0.91,-46.51,-34.85,-17.76,24.41,52.54,-64.92,1
y,2022-10-17 13:17:26.602447,0.21,0.40,0.96,3.48,2.62,-8.24,24.41,52.54,-64.92,1
y,2022-10-17 13:17:26.633681,0.23,0.09,0.88,29.60,8.67,7.02,25.46,53.28,-65.16,1
y,2022-10-17 13:17:26.649302,0.20,0.27,0.77,11.29,-5.74,-8.42,25.46,53.28,-65.16,1
y,2022-10-17 13:17:26.664951,0.16,0.12,0.76,-3.36,-12.70,-12.94,25.46,53.28,-65.16,1
y,2022-10-17 13:17:26.680571,0.17,0.15,0.68,-6.04,-18.62,-13.31,25.17,53.43,-65.47,1
y,2022-10-17 13:17:26.696199,0.18,0.23,0.76,-7.93,-25.09,-14.71,25.17,53.43,-65.47,1
y,2022-10-17 13:17:26.727434,0.18,0.26,0.87,20.87,-22.16,-3.78,25.17,53.43,-65.47,1
y,2022-10-17 13:17:26.743060,0.27,0.20,0.92,35.22,-18.49,-1.28,24.23,54.28,-69.20,1
y,2022-10-17 13:17:26.758702,0.30,0.15,1.09,32.96,-14.95,-4.15,24.23,54.28,-69.20,1
y,2022-10-17 13:17:26.774328,0.34,0.15,1.17,28.32,-4.33,-6.59,23.23,54.83,-71.80,1
y,2022-10-17 13:17:26.789957,0.35,0.06,1.24,23.80,3.60,-6.16,23.23,54.83,-71.80,1
y,2022-10-17 13:17:26.805579,0.31,0.04,1.23,25.94,4.76,-1.83,23.23,54.83,-71.80,1
y,2022-10-17 13:17:26.836813,0.40,0.09,1.23,12.02,5.68,-7.26,21.26,56.63,-71.72,1
y,2022-10-17 13:17:26.852439,0.33,0.06,1.16,-36.32,14.89,-25.76,21.26,56.63,-71.72,1
y,2022-10-17 13:17:26.868087,0.32,0.13,1.07,-53.47,20.51,-25.09,21.26,56.63,-71.72,1
y,2022-10-17 13:17:26.883709,0.23,0.12,0.95,-48.89,21.73,-21.30,19.24,57.19,-70.32,1
y,2022-10-17 13:17:26.899334,0.26,0.09,0.92,-32.59,19.23,-15.32,19.24,57.19,-70.32,1
y,2022-10-17 13:17:26.930569,0.22,0.12,0.84,-28.20,16.91,-11.41,17.32,58.64,-69.51,1
y,2022-10-17 13:17:26.946194,0.21,0.08,0.80,-0.55,6.90,-5.31,17.32,58.64,-69.51,1
y,2022-10-17 13:17:26.961839,0.17,0.05,0.78,1.89,2.75,-1.22,17.32,58.64,-69.51,1
y,2022-10-17 13:17:26.977446,0.17,-0.00,0.74,4.33,-0.98,0.43,16.48,58.67,-69.65,1
y,2022-10-17 13:17:26.993090,0.19,-0.01,0.73,-0.55,-6.65,3.11,16.48,58.67,-69.65,1
y,2022-10-17 13:17:27.008716,0.22,0.02,0.80,-21.00,-0.79,-1.71,16.48,58.67,-69.65,1
y,2022-10-17 13:17:27.039950,0.14,0.12,0.74,-10.56,-10.86,-0.43,16.49,58.72,-70.00,1
y,2022-10-17 13:17:27.055576,0.16,0.06,0.81,3.30,-18.37,7.08,16.49,58.72,-70.00,1
y,2022-10-17 13:17:27.071220,0.19,0.06,0.81,4.15,-14.40,9.16,16.49,58.72,-70.00,1
y,2022-10-17 13:17:27.086846,0.22,0.07,0.84,12.39,-14.34,14.71,18.46,57.29,-70.95,1
y,2022-10-17 13:17:27.102475,0.22,0.07,0.89,22.58,-14.89,21.61,18.46,57.29,-70.95,1
y,2022-10-17 13:17:27.133721,0.22,0.11,0.92,14.71,-11.78,18.13,20.29,55.46,-72.11,1
y,2022-10-17 13:17:27.149330,0.25,0.13,0.92,8.36,-10.56,14.40,20.29,55.46,-72.11,1
y,2022-10-17 13:17:27.164956,0.24,0.19,0.97,6.23,-7.81,10.07,20.29,55.46,-72.11,1
y,2022-10-17 13:17:27.180601,0.25,0.20,0.98,10.50,-7.69,9.34,22.11,53.75,-74.04,1
y,2022-10-17 13:17:27.196227,0.25,0.20,1.03,12.51,-6.29,9.09,22.11,53.75,-74.04,1
y,2022-10-17 13:17:27.211856,0.26,0.23,1.03,11.35,-3.54,5.68,22.11,53.75,-74.04,1
y,2022-10-17 13:17:27.243086,0.26,0.22,1.03,6.35,-2.14,0.85,23.23,51.87,-75.65,1
y,2022-10-17 13:17:27.258712,0.26,0.21,1.04,4.15,-3.54,-0.55,23.23,51.87,-75.65,1
y,2022-10-17 13:17:27.274356,0.26,0.16,1.05,6.35,-3.54,2.50,24.05,50.95,-76.03,1
y,2022-10-17 13:17:27.289985,0.25,0.13,1.04,6.77,-2.32,2.38,24.05,50.95,-76.03,1
y,2022-10-17 13:17:27.305607,0.24,0.15,1.03,-2.01,-0.37,-2.75,24.05,50.95,-76.03,1
y,2022-10-17 13:17:27.321233,0.25,0.11,1.03,-0.85,-0.85,-1.71,24.24,50.37,-75.48,1
y,2022-10-17 13:17:27.352467,0.24,0.06,1.03,7.45,2.56,7.08,24.24,50.37,-75.48,1
y,2022-10-17 13:17:27.368093,0.24,0.05,0.98,13.98,7.32,15.69,24.24,50.37,-75.48,1
y,2022-10-17 13:17:27.383737,0.22,0.05,0.98,11.23,8.30,12.76,25.55,49.02,-76.22,1
y,2022-10-17 13:17:27.399364,0.23,0.21,0.94,2.69,7.26,9.83,25.55,49.02,-76.22,1
y,2022-10-17 13:17:27.414989,0.25,0.31,1.02,-9.40,3.11,-3.17,25.55,49.02,-76.22,1
y,2022-10-17 13:17:27.430613,0.23,0.43,1.01,-3.78,2.38,8.97,27.06,47.97,-74.91,1
y,2022-10-17 13:17:27.461859,0.22,0.71,1.13,18.92,15.87,25.15,27.06,47.97,-74.91,1
y,2022-10-17 13:17:27.477474,-0.07,0.94,1.27,-15.81,33.26,-4.15,26.78,49.29,-73.71,1
y,2022-10-17 13:17:27.493100,0.18,0.76,1.04,71.84,44.56,-2.32,26.78,49.29,-73.71,1
y,2022-10-17 13:17:27.508745,0.33,0.47,0.85,74.83,35.95,-12.82,26.78,49.29,-73.71,1
y,2022-10-17 13:17:27.524373,0.37,0.26,0.76,43.21,18.62,-30.15,19.20,54.03,-70.12,1
y,2022-10-17 13:17:27.539996,0.29,0.11,0.89,15.32,8.61,-48.83,19.20,54.03,-70.12,1
y,2022-10-17 13:17:27.571230,0.36,-0.11,0.83,7.63,10.07,-52.67,19.20,54.03,-70.12,1
y,2022-10-17 13:17:27.586874,0.37,-0.38,0.78,11.90,8.24,-41.63,10.27,55.63,-70.95,1
