F,2022-11-06 17:47:07.928976,0.47,-0.79,0.55,11.54,-17.76,0.85,-4.70,68.95,-98.07,1
F,2022-11-06 17:47:07.947562,0.57,-0.75,0.47,19.17,-15.99,8.18,-4.70,68.95,-98.07,1
F,2022-11-06 17:47:07.967971,0.58,-0.75,0.45,13.67,-18.25,6.71,-7.71,68.66,-99.66,1
F,2022-11-06 17:47:07.986124,0.58,-0.92,0.53,19.17,-26.37,21.12,-7.71,68.66,-99.66,1
F,2022-11-06 17:47:08.004553,0.55,-0.52,0.66,32.47,-31.13,28.56,-7.71,68.66,-99.66,1
F,2022-11-06 17:47:08.024277,0.53,-0.48,0.74,-0.06,-15.87,11.84,-14.29,75.34,-99.40,1
F,2022-11-06 17:47:08.044139,0.56,-0.54,0.65,-29.97,1.77,-0.37,-14.29,75.34,-99.40,1
F,2022-11-06 17:47:08.063957,0.50,-0.51,0.57,-53.71,7.51,-9.52,-20.31,78.05,-104.11,1
F,2022-11-06 17:47:08.083248,0.50,-0.41,0.55,-75.87,-1.65,-23.25,-20.31,78.05,-104.11,1
F,2022-11-06 17:47:08.101759,0.30,-0.45,0.68,-53.83,-20.81,-17.70,-20.31,78.05,-104.11,1
F,2022-11-06 17:47:08.122683,0.47,-0.54,0.61,82.15,-18.86,9.46,-27.56,76.33,-108.06,1
F,2022-11-06 17:47:08.141232,0.13,-0.44,0.42,50.90,-16.91,6.16,-27.56,76.33,-108.06,1
F,2022-11-06 17:47:08.160754,0.29,-0.44,0.46,42.05,-21.42,-26.55,-26.90,73.45,-102.75,1
F,2022-11-06 17:47:08.179056,0.38,-0.57,0.33,35.46,-29.79,-32.10,-26.90,73.45,-102.75,1
F,2022-11-06 17:47:08.198625,0.44,-0.62,0.40,30.09,-31.19,-28.02,-26.90,73.45,-102.75,1
F,2022-11-06 17:47:08.218603,0.49,-0.58,0.48,40.34,-32.84,-17.58,-22.02,63.01,-93.76,1
F,2022-11-06 17:47:08.238016,0.39,-0.69,0.53,22.77,-17.03,-3.97,-22.02,63.01,-93.76,1
F,2022-11-06 17:47:08.258025,0.53,-0.74,0.72,16.60,-19.53,-9.95,-22.02,63.01,-93.76,1
F,2022-11-06 17:47:08.275259,0.56,-0.78,0.86,3.91,-8.61,-4.70,-13.55,55.82,-86.94,1
F,2022-11-06 17:47:08.293827,0.52,-0.83,0.77,4.03,-4.21,-4.64,-13.55,55.82,-86.94,1
F,2022-11-06 17:47:08.314312,0.61,-0.87,0.80,-13.31,-6.10,-8.36,-7.57,52.17,-86.44,1
F,2022-11-06 17:47:08.332584,0.54,-0.82,0.66,-30.03,-12.94,4.09,-7.57,52.17,-86.44,1
F,2022-11-06 17:47:08.350372,0.32,-0.84,1.09,-26.92,-2.56,10.93,-7.57,52.17,-86.44,1
F,2022-11-06 17:47:08.369366,0.37,-0.70,0.81,25.27,25.76,45.96,-8.33,54.02,-85.97,1
F,2022-11-06 17:47:08.388970,0.49,-0.79,0.72,35.16,37.41,32.29,-8.33,54.02,-85.97,1
F,2022-11-06 17:47:08.405373,0.50,-0.85,0.57,29.30,41.20,30.27,-8.33,54.02,-85.97,1
F,2022-11-06 17:47:08.424331,0.57,-0.81,0.47,-3.23,39.31,33.33,-7.07,63.05,-90.03,1
F,2022-11-06 17:47:08.442841,0.65,-0.63,0.36,-17.21,31.25,31.49,-7.07,63.05,-90.03,1
F,2022-11-06 17:47:08.460798,0.63,-0.51,0.34,-28.69,19.17,22.22,-7.03,74.28,-94.59,1
F,2022-11-06 17:47:08.480943,0.61,-0.42,0.30,-48.71,6.84,5.00,-7.03,74.28,-94.59,1
F,2022-11-06 17:47:08.499553,0.53,-0.40,0.40,-79.90,-13.55,-17.88,-7.03,74.28,-94.59,1
F,2022-11-06 17:47:08.521239,0.44,-0.35,0.57,-73.61,-27.34,-22.46,-14.67,77.77,-101.01,1
F,2022-11-06 17:47:08.544402,0.34,-0.30,0.74,-73.85,-24.96,-35.40,-14.67,77.77,-101.01,1
F,2022-11-06 17:47:08.560889,0.28,-0.22,0.95,-56.27,-7.87,-37.96,-26.55,73.62,-105.58,1
F,2022-11-06 17:47:08.579142,0.16,-0.40,0.97,-18.25,5.92,-14.71,-26.55,73.62,-105.58,1
F,2022-11-06 17:47:08.598204,0.33,-0.39,0.78,66.89,26.67,-2.08,-26.55,73.62,-105.58,1
F,2022-11-06 17:47:08.618958,0.40,-0.57,0.71,59.20,32.41,-14.10,-21.28,68.82,-105.70,1
F,2022-11-06 17:47:08.638171,0.48,-0.65,0.55,34.12,32.53,-20.94,-21.28,68.82,-105.70,1
F,2022-11-06 17:47:08.659617,0.49,-0.71,0.43,13.24,20.14,-8.91,-9.06,62.17,-105.47,1
F,2022-11-06 17:47:08.678785,0.47,-0.72,0.39,18.92,5.49,-5.37,-9.06,62.17,-105.47,1
F,2022-11-06 17:47:08.697517,0.44,-0.83,0.35,27.40,-7.63,0.24,-9.06,62.17,-105.47,1
F,2022-11-06 17:47:08.717001,0.41,-0.86,0.32,39.79,-6.59,10.99,-4.14,60.16,-102.48,1
F,2022-11-06 17:47:08.734781,0.47,-0.86,0.23,30.46,-13.67,8.36,-4.14,60.16,-102.48,1
F,2022-11-06 17:47:08.753895,0.43,-0.86,0.29,-3.42,-21.73,9.89,-4.14,60.16,-102.48,1
F,2022-11-06 17:47:08.774597,0.46,-0.65,0.45,-17.76,-25.45,7.75,-5.38,62.67,-98.82,1
F,2022-11-06 17:47:08.793123,0.47,-0.61,0.52,-24.96,-28.26,1.10,-5.38,62.67,-98.82,1
F,2022-11-06 17:47:08.813719,0.52,-0.56,0.55,-23.68,-30.52,0.37,-9.64,64.69,-94.63,1
F,2022-11-06 17:47:08.832864,0.60,-0.43,0.66,-39.43,-28.63,-4.09,-9.64,64.69,-94.63,1
F,2022-11-06 17:47:08.850220,0.60,-0.42,0.71,-51.21,-26.98,-16.54,-9.64,64.69,-94.63,1
F,2022-11-06 17:47:08.869642,0.59,-0.34,0.79,-68.66,-23.13,-32.96,-17.22,62.67,-90.78,1
F,2022-11-06 17:47:08.887501,0.38,-0.41,1.27,-82.58,-14.71,-42.85,-17.22,62.67,-90.78,1
F,2022-11-06 17:47:08.906531,0.43,-0.39,0.99,44.56,12.82,12.33,-17.22,62.67,-90.78,1
F,2022-11-06 17:47:08.926171,0.33,-0.48,1.11,96.01,-1.28,10.01,-21.28,58.06,-89.77,1
F,2022-11-06 17:47:08.944511,0.35,-0.53,1.01,43.33,30.52,-24.35,-21.28,58.06,-89.77,1
F,2022-11-06 17:47:08.964564,0.41,-0.56,0.85,0.85,43.52,-38.33,-12.26,52.09,-92.57,1
F,2022-11-06 17:47:08.982194,0.40,-0.67,0.67,-8.48,42.79,-33.26,-12.26,52.09,-92.57,1
F,2022-11-06 17:47:09.001672,0.47,-0.71,0.48,8.61,23.44,-15.99,-12.26,52.09,-92.57,1
F,2022-11-06 17:47:09.022141,0.47,-0.90,0.12,46.26,1.89,3.85,1.45,47.20,-92.85,1
F,2022-11-06 17:47:09.040860,0.47,-0.95,0.02,65.43,-22.77,17.52,1.45,47.20,-92.85,1
F,2022-11-06 17:47:09.062005,0.39,-0.76,0.49,-6.84,-11.05,1.28,3.16,48.40,-91.82,1
F,2022-11-06 17:47:09.081475,0.28,-0.77,0.33,-63.29,0.73,-6.96,3.16,48.40,-91.82,1
F,2022-11-06 17:47:09.102413,0.19,-0.72,0.95,-68.97,-0.49,-2.20,3.16,48.40,-91.82,1
F,2022-11-06 17:47:09.120167,0.12,-0.41,1.09,7.93,25.09,30.52,3.98,48.86,-90.83,1
F,2022-11-06 17:47:09.140998,0.34,-0.38,0.85,57.80,40.04,30.33,3.98,48.86,-90.83,1
