F,2022-11-06 17:47:57.414820,0.33,-0.60,0.73,0.73,-8.24,3.36,45.72,47.66,-82.02,1
F,2022-11-06 17:47:57.433502,0.25,-0.62,0.79,-11.41,-3.48,-0.12,45.72,47.66,-82.02,1
F,2022-11-06 17:47:57.451791,0.28,-0.60,0.78,-13.79,-0.55,3.66,45.72,47.66,-82.02,1
F,2022-11-06 17:47:57.471635,0.30,-0.59,0.77,-15.44,0.06,3.60,44.90,46.77,-79.92,1
F,2022-11-06 17:47:57.490315,0.31,-0.60,0.74,-14.95,-1.40,7.69,44.90,46.77,-79.92,1
F,2022-11-06 17:47:57.509631,0.28,-0.52,0.79,-10.13,-6.59,13.98,44.90,46.77,-79.92,1
F,2022-11-06 17:47:57.529793,0.24,-0.50,0.85,-17.82,-0.67,9.03,41.61,45.54,-78.03,1
F,2022-11-06 17:47:57.548201,0.29,-0.49,0.81,-11.60,4.27,8.85,41.61,45.54,-78.03,1
F,2022-11-06 17:47:57.568817,0.34,-0.52,0.73,-12.57,2.01,9.34,38.96,44.86,-76.34,1
F,2022-11-06 17:47:57.588799,0.31,-0.48,0.68,-16.17,-3.23,11.90,38.96,44.86,-76.34,1
F,2022-11-06 17:47:57.606313,0.31,-0.43,0.64,-15.08,-12.51,5.43,38.96,44.86,-76.34,1
F,2022-11-06 17:47:57.626479,0.26,-0.39,0.62,-23.68,-15.93,-7.51,35.24,44.15,-75.33,1
F,2022-11-06 17:47:57.645532,0.22,-0.37,0.63,-33.51,-19.71,-14.47,35.24,44.15,-75.33,1
F,2022-11-06 17:47:57.666718,-0.42,-0.50,1.08,12.33,19.59,5.86,35.66,40.15,-70.69,1
F,2022-11-06 17:47:57.685517,0.27,-0.56,0.70,53.59,-0.24,14.16,35.66,40.15,-70.69,1
F,2022-11-06 17:47:57.704083,0.13,-0.36,0.66,18.98,-11.60,-2.20,35.66,40.15,-70.69,1
F,2022-11-06 17:47:57.723545,0.19,-0.45,0.71,-3.36,-18.07,-16.24,40.05,37.89,-71.79,1
F,2022-11-06 17:47:57.742567,0.19,-0.36,0.64,-12.15,-19.04,-18.62,40.05,37.89,-71.79,1
F,2022-11-06 17:47:57.761953,0.15,-0.39,0.66,-5.31,-23.01,-19.78,40.05,37.89,-71.79,1
F,2022-11-06 17:47:57.781491,0.19,-0.38,0.70,10.38,-28.75,-17.33,49.88,34.66,-73.12,1
F,2022-11-06 17:47:57.800608,0.23,-0.46,0.81,10.86,-26.79,-16.85,49.88,34.66,-73.12,1
F,2022-11-06 17:47:57.819892,0.20,-0.52,0.90,4.88,-26.25,-19.59,60.07,33.76,-81.76,1
F,2022-11-06 17:47:57.841202,0.22,-0.54,0.98,-0.61,-23.93,-21.91,60.07,33.76,-81.76,1
F,2022-11-06 17:47:57.858062,0.26,-0.59,1.00,2.62,-23.19,-18.92,60.07,33.76,-81.76,1
F,2022-11-06 17:47:57.877538,0.26,-0.64,1.05,5.49,-20.81,-13.43,63.21,35.42,-90.66,1
F,2022-11-06 17:47:57.897241,0.22,-0.68,1.12,-11.47,-13.24,-8.06,63.21,35.42,-90.66,1
F,2022-11-06 17:47:57.917688,0.15,-0.67,1.20,-21.18,-3.30,-3.60,63.26,36.61,-92.59,1
F,2022-11-06 17:47:57.935992,-0.06,-0.69,1.38,14.95,42.24,23.01,63.26,36.61,-92.59,1
F,2022-11-06 17:47:57.957164,0.33,-0.58,0.91,37.96,55.60,27.71,63.26,36.61,-92.59,1
F,2022-11-06 17:47:57.976176,0.39,-0.66,0.81,32.04,41.38,22.46,61.00,37.92,-87.92,1
F,2022-11-06 17:47:57.992773,0.37,-0.56,0.83,15.26,30.94,22.16,61.00,37.92,-87.92,1
F,2022-11-06 17:47:58.010974,0.34,-0.46,0.85,0.24,31.01,16.54,61.00,37.92,-87.92,1
F,2022-11-06 17:47:58.030206,0.30,-0.44,0.75,6.53,30.21,16.66,56.97,39.34,-81.23,1
F,2022-11-06 17:47:58.047899,0.28,-0.50,0.66,18.98,20.14,17.58,56.97,39.34,-81.23,1
F,2022-11-06 17:47:58.067001,0.33,-0.50,0.58,7.32,16.60,18.37,51.16,40.69,-79.50,1
F,2022-11-06 17:47:58.086772,0.32,-0.45,0.63,-16.78,4.82,15.08,51.16,40.69,-79.50,1
F,2022-11-06 17:47:58.106928,0.26,-0.44,0.72,-25.27,1.10,8.73,51.16,40.69,-79.50,1
F,2022-11-06 17:47:58.125059,0.23,-0.45,0.78,-20.81,0.55,8.67,45.94,40.60,-75.56,1
F,2022-11-06 17:47:58.144067,0.27,-0.39,0.80,-12.70,3.48,9.28,45.94,40.60,-75.56,1
F,2022-11-06 17:47:58.164450,0.23,-0.46,0.75,-17.46,5.92,4.46,41.63,39.86,-73.32,1
F,2022-11-06 17:47:58.182907,0.28,-0.45,0.75,-25.09,2.32,0.98,41.63,39.86,-73.32,1
F,2022-11-06 17:47:58.201546,0.28,-0.33,0.80,-43.82,-3.11,-5.25,41.63,39.86,-73.32,1
F,2022-11-06 17:47:58.221511,-0.35,-0.26,1.08,-41.02,-8.79,-7.93,38.01,38.39,-71.14,1
F,2022-11-06 17:47:58.239928,0.25,-0.11,0.93,26.43,3.72,9.58,38.01,38.39,-71.14,1
F,2022-11-06 17:47:58.258554,0.25,-0.12,0.95,12.88,18.37,-21.24,38.01,38.39,-71.14,1
F,2022-11-06 17:47:58.279585,0.25,-0.21,0.89,25.02,15.93,-29.17,35.45,38.22,-70.09,1
F,2022-11-06 17:47:58.298093,0.26,-0.36,0.84,36.80,10.80,-28.32,35.45,38.22,-70.09,1
F,2022-11-06 17:47:58.317109,0.26,-0.43,0.72,38.09,8.24,-24.17,36.94,36.38,-67.42,1
F,2022-11-06 17:47:58.336027,0.27,-0.70,0.63,35.77,3.60,-17.76,36.94,36.38,-67.42,1
F,2022-11-06 17:47:58.357577,0.27,-0.79,0.64,24.23,-1.16,-12.88,36.94,36.38,-67.42,1
F,2022-11-06 17:47:58.375064,0.26,-0.80,0.62,0.18,-1.89,-10.19,39.04,34.46,-65.54,1
F,2022-11-06 17:47:58.391967,0.25,-0.76,0.64,-14.16,-0.43,-6.77,39.04,34.46,-65.54,1
F,2022-11-06 17:47:58.411948,0.18,-0.71,0.64,-23.01,-2.14,-5.92,39.76,33.42,-64.67,1
F,2022-11-06 17:47:58.431270,0.15,-0.73,0.73,6.23,-11.41,19.47,39.76,33.42,-64.67,1
F,2022-11-06 17:47:58.449990,0.25,-0.53,0.69,8.91,-11.96,16.36,39.76,33.42,-64.67,1
F,2022-11-06 17:47:58.469487,0.28,-0.52,0.67,-4.88,-14.04,11.29,41.28,36.44,-67.98,1
F,2022-11-06 17:47:58.490414,0.29,-0.48,0.70,-8.18,-21.24,10.62,41.28,36.44,-67.98,1
F,2022-11-06 17:47:58.505799,0.26,-0.46,0.78,-3.42,-27.28,10.44,41.28,36.44,-67.98,1
F,2022-11-06 17:47:58.529021,0.27,-0.43,0.84,6.04,-26.37,11.78,43.64,38.21,-69.21,1
F,2022-11-06 17:47:58.544310,0.31,-0.42,0.83,7.32,-22.22,8.79,43.64,38.21,-69.21,1
F,2022-11-06 17:47:58.566861,0.32,-0.45,0.81,-4.27,-18.86,0.00,46.28,38.73,-73.08,1
F,2022-11-06 17:47:58.583672,0.33,-0.45,0.81,-10.86,-21.36,-0.06,46.28,38.73,-73.08,1
F,2022-11-06 17:47:58.604174,0.33,-0.37,0.85,-15.87,-23.50,-0.92,46.28,38.73,-73.08,1
F,2022-11-06 17:47:58.627061,0.30,-0.31,0.92,-21.85,-20.94,-6.71,48.33,36.57,-74.65,1
F,2022-11-06 17:47:58.644280,0.27,-0.33,0.90,-23.62,-14.53,-11.96,48.33,36.57,-74.65,1
F,2022-11-06 17:47:58.663113,-0.27,-0.51,1.43,8.61,5.37,-0.85,51.98,33.90,-74.54,1
F,2022-11-06 17:47:58.681605,0.24,-0.43,0.85,49.80,1.04,17.70,51.98,33.90,-74.54,1
F,2022-11-06 17:47:58.700514,0.19,-0.37,0.95,34.30,-2.56,2.44,51.98,33.90,-74.54,1
F,2022-11-06 17:47:58.720106,0.23,-0.31,1.01,-6.65,13.92,-23.62,52.93,34.24,-76.05,1
F,2022-11-06 17:47:58.738754,0.23,-0.29,0.91,-3.72,19.71,-25.70,52.93,34.24,-76.05,1
F,2022-11-06 17:47:58.757933,0.23,-0.39,0.82,22.77,13.43,-17.76,52.93,34.24,-76.05,1
F,2022-11-06 17:47:58.776866,0.23,-0.57,0.73,51.33,2.62,-6.10,54.98,33.42,-71.80,1
F,2022-11-06 17:47:58.796288,0.22,-0.62,0.75,33.45,-1.34,-6.96,54.98,33.42,-71.80,1
F,2022-11-06 17:47:58.814855,0.21,-0.74,0.71,-1.71,5.00,-19.71,57.04,33.20,-70.80,1
F,2022-11-06 17:47:58.833105,0.24,-0.79,0.64,-14.47,1.71,-15.14,57.04,33.20,-70.80,1
F,2022-11-06 17:47:58.852662,0.20,-0.66,0.75,-23.56,-6.65,-1.65,57.04,33.20,-70.80,1
F,2022-11-06 17:47:58.872262,0.14,-0.52,0.87,-42.18,-3.11,-6.90,57.35,32.01,-69.53,1
F,2022-11-06 17:47:58.891804,0.02,-0.50,1.10,-17.70,-1.16,3.48,57.35,32.01,-69.53,1
F,2022-11-06 17:47:58.910414,0.17,-0.26,1.05,27.53,17.40,15.14,54.42,34.90,-70.61,1
F,2022-11-06 17:47:58.929273,0.27,-0.24,0.99,35.16,24.48,6.41,54.42,34.90,-70.61,1
