U,2022-10-26 17:14:17.181931,0.35,0.29,0.87,2.01,0.24,-2.56,42.10,88.43,-172.49,1
U,2022-10-26 17:14:17.199484,0.35,0.28,0.88,1.95,-1.10,-2.26,42.10,88.43,-172.49,1
U,2022-10-26 17:14:17.217534,0.34,0.30,0.89,-0.31,-1.22,-0.85,42.10,88.43,-172.49,1
U,2022-10-26 17:14:17.238618,0.32,0.31,0.88,2.56,-1.28,1.71,41.55,88.42,-171.36,1
U,2022-10-26 17:14:17.257791,0.32,0.31,0.86,4.70,0.49,3.36,41.55,88.42,-171.36,1
U,2022-10-26 17:14:17.276834,0.32,0.28,0.86,7.08,1.59,3.72,41.65,88.04,-171.23,1
U,2022-10-26 17:14:17.296336,0.34,0.26,0.85,3.97,2.14,3.36,41.65,88.04,-171.23,1
U,2022-10-26 17:14:17.313872,0.35,0.25,0.84,-0.55,0.85,5.19,41.65,88.04,-171.23,1
U,2022-10-26 17:14:17.335810,0.36,0.27,0.84,-5.86,0.43,4.39,41.65,88.11,-171.63,1
U,2022-10-26 17:14:17.353182,0.38,0.28,0.84,-8.18,-1.16,1.53,41.65,88.11,-171.63,1
U,2022-10-26 17:14:17.371964,0.35,0.28,0.87,-13.37,-4.03,-3.66,41.65,88.11,-171.63,1
U,2022-10-26 17:14:17.391654,0.35,0.32,0.87,-13.43,-5.00,-3.36,41.85,87.62,-170.17,1
U,2022-10-26 17:14:17.411115,0.31,0.33,0.89,-13.24,-5.43,-3.30,41.85,87.62,-170.17,1
U,2022-10-26 17:14:17.432623,0.30,0.34,0.89,-5.25,-3.54,-0.92,42.66,87.10,-171.84,1
U,2022-10-26 17:14:17.449572,0.30,0.26,0.82,12.45,-3.42,1.95,42.66,87.10,-171.84,1
U,2022-10-26 17:14:17.467575,0.31,0.28,0.88,8.61,-4.70,7.81,42.66,87.10,-171.84,1
U,2022-10-26 17:14:17.487107,0.33,0.30,0.88,-4.94,-3.54,0.18,42.24,87.13,-172.58,1
U,2022-10-26 17:14:17.505588,0.33,0.32,0.86,2.99,-5.25,5.68,42.24,87.13,-172.58,1
U,2022-10-26 17:14:17.527728,0.33,0.32,0.87,0.92,-5.43,5.37,42.13,87.54,-169.86,1
U,2022-10-26 17:14:17.543419,0.32,0.34,0.88,-3.30,-5.37,4.15,42.13,87.54,-169.86,1
U,2022-10-26 17:14:17.563495,0.29,0.31,0.88,-2.44,-5.62,7.08,42.13,87.54,-169.86,1
