n,2022-11-05 11:10:34.670877,0.40,-0.65,0.60,-13.37,-28.87,25.70,1.09,-62.34,-157.43,1
n,2022-11-05 11:10:34.690696,0.44,-0.67,0.68,-18.86,-28.44,27.89,3.32,-62.11,-159.16,1
n,2022-11-05 11:10:34.709885,0.41,-0.61,0.67,-44.80,-14.95,31.37,3.32,-62.11,-159.16,1
n,2022-11-05 11:10:34.728718,0.34,-0.64,0.72,-54.08,-7.14,27.22,3.32,-62.11,-159.16,1
n,2022-11-05 11:10:34.748652,0.28,-0.57,0.72,-54.87,-2.75,31.80,6.57,-64.89,-161.98,1
n,2022-11-05 11:10:34.768193,0.30,-0.33,0.74,-50.48,1.83,21.18,6.57,-64.89,-161.98,1
n,2022-11-05 11:10:34.788095,0.29,-0.25,0.79,-45.72,2.69,2.62,12.23,-68.07,-163.35,1
n,2022-11-05 11:10:34.806684,0.20,-0.19,0.83,-43.88,8.48,-35.89,12.23,-68.07,-163.35,1
n,2022-11-05 11:10:34.825786,0.24,-0.38,0.75,115.60,33.63,8.97,12.23,-68.07,-163.35,1
n,2022-11-05 11:10:34.845742,0.02,-0.17,0.63,22.89,36.25,21.55,15.03,-67.02,-162.66,1
n,2022-11-05 11:10:34.864585,0.11,-0.38,0.55,25.63,-13.24,-58.23,15.03,-67.02,-162.66,1
n,2022-11-05 11:10:34.883839,0.23,-0.48,0.68,62.56,-71.23,-82.09,15.03,-67.02,-162.66,1
n,2022-11-05 11:10:34.903499,0.40,-0.68,0.93,95.28,-97.78,-95.89,10.25,-59.77,-164.20,1
n,2022-11-05 11:10:34.922890,0.36,-0.77,0.88,50.11,-79.35,-76.11,10.25,-59.77,-164.20,1
n,2022-11-05 11:10:34.942528,0.27,-0.81,0.94,27.77,-58.96,-51.45,4.28,-54.14,-164.89,1
n,2022-11-05 11:10:34.961674,0.25,-0.81,0.99,0.37,-31.13,-20.63,4.28,-54.14,-164.89,1
n,2022-11-05 11:10:34.980991,0.15,-0.62,0.81,1.95,-15.81,-1.40,4.28,-54.14,-164.89,1
n,2022-11-05 11:10:35.000669,0.23,-0.80,1.23,24.41,-17.33,-3.54,3.37,-53.58,-165.44,1
n,2022-11-05 11:10:35.019051,0.21,-0.57,1.10,-17.33,57.56,64.94,3.37,-53.58,-165.44,1
n,2022-11-05 11:10:35.038606,-0.02,-0.57,0.94,-32.96,138.49,100.40,10.46,-58.72,-163.06,1
n,2022-11-05 11:10:35.057762,0.18,-0.29,0.63,-88.99,159.18,67.08,10.46,-58.72,-163.06,1
n,2022-11-05 11:10:35.076722,0.13,-0.25,0.44,-62.56,133.12,24.23,10.46,-58.72,-163.06,1
n,2022-11-05 11:10:35.096429,0.17,-0.46,0.55,53.65,41.14,-11.17,18.29,-62.94,-159.70,1
n,2022-11-05 11:10:35.115665,0.19,-0.47,0.63,74.34,14.34,-20.39,18.29,-62.94,-159.70,1
n,2022-11-05 11:10:35.134615,0.19,-0.51,0.48,74.40,3.78,-32.47,18.29,-62.94,-159.70,1
n,2022-11-05 11:10:35.155027,0.17,-0.65,0.44,63.78,-29.85,-48.58,17.98,-59.53,-155.73,1
n,2022-11-05 11:10:35.174280,0.18,-0.65,0.49,56.95,-56.58,-61.65,17.98,-59.53,-155.73,1
n,2022-11-05 11:10:35.194065,0.27,-0.71,0.67,32.04,-73.36,-75.93,12.67,-53.66,-157.28,1
n,2022-11-05 11:10:35.212940,0.28,-0.77,0.79,19.23,-86.24,-76.72,12.67,-53.66,-157.28,1
n,2022-11-05 11:10:35.231264,0.24,-0.74,0.79,10.86,-87.22,-70.62,12.67,-53.66,-157.28,1
n,2022-11-05 11:10:35.251627,0.19,-0.79,0.83,2.50,-80.20,-59.02,6.20,-50.46,-159.18,1
n,2022-11-05 11:10:35.270983,0.12,-0.71,0.83,-17.58,-60.61,-40.41,6.20,-50.46,-159.18,1
n,2022-11-05 11:10:35.290890,0.01,-0.78,1.01,-28.69,-37.41,-26.98,3.96,-51.10,-163.55,1
n,2022-11-05 11:10:35.309981,-0.06,-0.66,1.09,-8.06,25.76,24.35,3.96,-51.10,-163.55,1
n,2022-11-05 11:10:35.328497,-0.00,-0.57,0.91,9.40,48.71,55.05,3.96,-51.10,-163.55,1
