B,2022-11-06 14:34:05.736597,-3.941057,8.150279,-0.737452,0.651593,-1.683804,2.770287,5.716423,-50.706306,-60.473426,1
B,2022-11-06 14:34:05.831569,-7.671413,8.092815,-0.991250,0.382477,1.769436,0.347573,-26.081178,-44.233161,-38.357429,1
B,2022-11-06 14:34:05.929247,1.968134,7.431981,-1.144487,-0.697851,-0.531570,-0.220222,-31.797599,-48.548591,-44.231990,1
B,2022-11-06 14:34:06.024125,-7.015368,11.440079,0.234644,-0.443781,0.595897,0.012143,-31.797599,-48.548591,-44.231990,1
B,2022-11-06 14:34:06.119859,-4.951461,12.115279,2.150103,2.542466,0.037290,3.554068,-13.933780,-64.371833,-51.488800,1
B,2022-11-06 14:34:06.216837,3.706413,5.138219,0.550694,1.433110,-1.768893,0.411357,-36.442192,-40.277351,-40.085243,1
B,2022-11-06 14:34:06.311523,-5.990598,10.424886,-3.184451,-2.317477,1.508576,0.345576,-24.473434,-49.088020,-26.089963,1
B,2022-11-06 14:34:06.408721,-0.957729,7.235646,-0.258587,0.899404,-1.120004,-0.821306,-24.473434,-49.088020,-26.089963,1
B,2022-11-06 14:34:06.504237,-6.646643,6.842977,-1.134909,-1.553005,-1.114278,0.969564,-20.364755,-55.381355,-28.681680,1
B,2022-11-06 14:34:06.599242,-1.249837,12.977235,1.484481,0.101243,0.633581,1.571980,-16.613353,-64.192024,-46.478145,1
