n,2022-10-11 12:19:30.886634,0.44,-0.17,0.82,-25.39,-3.05,-18.43,30.80,98.38,-30.52,1
n,2022-10-11 12:19:30.905912,0.43,-0.17,0.81,-17.21,-3.91,-11.29,28.27,101.17,-28.58,1
n,2022-10-11 12:19:30.925014,0.31,-0.18,0.85,-28.32,-12.51,-13.43,28.27,101.17,-28.58,1
n,2022-10-11 12:19:30.942008,0.23,-0.23,0.94,-29.72,-14.71,-12.82,28.27,101.17,-28.58,1
n,2022-10-11 12:19:30.961008,0.24,-0.21,0.88,-21.97,-13.06,-5.62,25.68,104.30,-26.79,1
n,2022-10-11 12:19:30.979858,0.25,-0.14,0.82,-19.90,-16.66,0.31,25.68,104.30,-26.79,1
n,2022-10-11 12:19:30.998849,0.13,-0.06,0.76,-23.25,-19.59,0.06,25.33,108.33,-25.67,1
n,2022-10-11 12:19:31.016223,0.09,0.04,1.12,50.78,-20.75,0.00,25.33,108.33,-25.67,1
n,2022-10-11 12:19:31.034222,-0.24,-0.31,-0.42,0.73,51.27,9.16,25.33,108.33,-25.67,1
n,2022-10-11 12:19:31.053418,0.22,-0.07,0.83,22.71,-0.98,4.70,24.96,109.51,-24.61,1
n,2022-10-11 12:19:31.071719,0.11,-0.14,0.70,-20.39,11.35,4.82,24.96,109.51,-24.61,1
n,2022-10-11 12:19:31.089983,0.16,-0.01,0.79,-12.27,-8.61,-1.10,24.96,109.51,-24.61,1
n,2022-10-11 12:19:31.107971,0.19,-0.03,0.76,3.60,-14.16,3.23,25.17,108.78,-25.16,1
n,2022-10-11 12:19:31.126829,0.18,-0.03,0.85,10.99,-10.19,1.59,25.17,108.78,-25.16,1
n,2022-10-11 12:19:31.145675,0.19,-0.05,0.88,22.46,-3.66,1.22,26.53,105.00,-25.43,1
n,2022-10-11 12:19:31.163140,0.21,-0.02,0.93,18.92,-3.54,2.87,26.53,105.00,-25.43,1
n,2022-10-11 12:19:31.180979,0.23,-0.05,0.97,20.81,-5.00,2.69,26.53,105.00,-25.43,1
n,2022-10-11 12:19:31.199947,0.27,-0.12,1.05,18.86,-4.94,4.46,27.75,101.86,-25.66,1
n,2022-10-11 12:19:31.218833,0.28,-0.12,1.10,13.92,-2.56,10.25,27.75,101.86,-25.66,1
n,2022-10-11 12:19:31.236555,0.31,-0.08,1.14,9.52,1.28,10.07,27.75,101.86,-25.66,1
n,2022-10-11 12:19:31.255895,0.35,-0.13,1.22,6.04,7.75,7.51,28.00,98.60,-26.94,1
n,2022-10-11 12:19:31.273431,0.26,-0.06,1.07,2.99,10.38,6.10,28.00,98.60,-26.94,1
n,2022-10-11 12:19:31.291854,0.25,-0.07,1.04,15.99,-7.26,5.49,28.00,98.60,-26.94,1
n,2022-10-11 12:19:31.309960,0.25,-0.10,1.02,20.63,-28.20,3.85,28.16,99.43,-25.40,1
n,2022-10-11 12:19:31.327969,-0.10,-0.29,0.07,-53.77,49.68,-10.74,28.16,99.43,-25.40,1
n,2022-10-11 12:19:31.347406,0.37,0.08,1.17,-5.07,17.21,-10.07,28.11,101.27,-25.88,1
n,2022-10-11 12:19:31.365578,0.24,0.02,0.93,-13.79,32.10,-4.15,28.11,101.27,-25.88,1
n,2022-10-11 12:19:31.383971,0.24,-0.03,0.96,-3.60,29.54,-5.49,28.11,101.27,-25.88,1
n,2022-10-11 12:19:31.402221,0.15,-0.05,0.79,7.87,19.53,-4.88,25.83,105.22,-22.64,1
n,2022-10-11 12:19:31.420457,0.16,-0.01,0.81,9.03,16.78,-5.49,25.83,105.22,-22.64,1
n,2022-10-11 12:19:31.439094,0.24,-0.00,0.89,8.30,16.36,-6.10,25.83,105.22,-22.64,1
n,2022-10-11 12:19:31.457137,0.20,-0.01,0.80,1.77,20.75,-9.58,22.72,109.63,-21.30,1
n,2022-10-11 12:19:31.475227,0.17,-0.14,0.74,18.49,16.78,-6.53,22.72,109.63,-21.30,1
n,2022-10-11 12:19:31.494411,0.22,-0.14,0.76,37.96,9.09,-0.67,18.51,111.68,-18.68,1
n,2022-10-11 12:19:31.511933,0.22,-0.13,0.79,37.96,7.02,0.43,18.51,111.68,-18.68,1
n,2022-10-11 12:19:31.531127,0.22,-0.12,0.81,28.63,6.59,-5.55,18.51,111.68,-18.68,1
n,2022-10-11 12:19:31.549004,0.23,-0.13,0.77,8.79,3.05,-23.19,16.44,111.87,-16.99,1
n,2022-10-11 12:19:31.567424,0.22,-0.12,0.80,-5.43,-2.01,-32.10,16.44,111.87,-16.99,1
n,2022-10-11 12:19:31.585590,0.22,-0.03,0.84,-9.77,-5.19,-38.82,16.44,111.87,-16.99,1
n,2022-10-11 12:19:31.604682,0.26,-0.18,0.84,-5.92,-10.25,-40.16,14.94,110.19,-16.06,1
n,2022-10-11 12:19:31.622852,0.23,-0.20,0.82,19.29,-7.75,-16.48,14.94,110.19,-16.06,1
n,2022-10-11 12:19:31.640529,0.24,-0.25,0.85,29.42,-6.23,-2.01,14.94,110.19,-16.06,1
n,2022-10-11 12:19:31.659065,0.25,-0.26,0.85,25.51,-5.74,3.05,15.05,106.76,-13.44,1
n,2022-10-11 12:19:31.677111,0.27,-0.23,0.94,16.60,-6.23,3.36,15.05,106.76,-13.44,1
n,2022-10-11 12:19:31.696462,0.31,-0.19,0.93,11.35,-6.90,0.49,17.54,102.39,-14.49,1
n,2022-10-11 12:19:31.714824,0.34,-0.21,1.09,4.21,-6.53,-1.10,17.54,102.39,-14.49,1
n,2022-10-11 12:19:31.732483,0.37,-0.17,1.14,2.75,-6.23,-0.06,17.54,102.39,-14.49,1
n,2022-10-11 12:19:31.751555,0.39,-0.17,1.15,5.00,-5.19,4.88,19.35,99.99,-13.53,1
n,2022-10-11 12:19:31.769640,0.37,-0.19,1.16,8.67,-2.87,12.63,19.35,99.99,-13.53,1
n,2022-10-11 12:19:31.787118,0.32,-0.21,1.04,5.25,-14.89,15.81,19.35,99.99,-13.53,1
n,2022-10-11 12:19:31.806925,0.24,-0.31,0.91,-24.11,-32.84,2.08,20.21,99.48,-12.82,1
n,2022-10-11 12:19:31.825077,0.12,-0.35,0.88,-84.29,-45.41,-30.70,20.21,99.48,-12.82,1
