n,2022-10-14 18:19:31.693366,0.18,-1.02,0.04,-12.02,2.87,7.14,5.80,48.74,69.86,1
n,2022-10-14 18:19:31.724833,0.21,-1.02,0.01,0.12,2.56,10.44,5.80,48.74,69.86,1
n,2022-10-14 18:19:31.740570,0.28,-1.00,-0.06,3.97,7.20,9.28,4.91,48.83,69.98,1
n,2022-10-14 18:19:31.756208,0.28,-0.99,-0.05,-5.98,10.99,6.53,4.91,48.83,69.98,1
n,2022-10-14 18:19:31.787716,0.27,-0.97,-0.02,-10.38,17.33,7.14,4.91,48.83,69.98,1
n,2022-10-14 18:19:31.803349,0.34,-0.93,-0.00,-8.36,18.92,10.07,4.05,48.79,71.51,1
n,2022-10-14 18:19:31.819065,0.39,-0.95,-0.02,-3.23,6.53,9.03,4.05,48.79,71.51,1
n,2022-10-14 18:19:31.850222,0.33,-0.97,-0.08,-9.89,-0.18,1.95,3.21,49.55,71.50,1
n,2022-10-14 18:19:31.865962,0.30,-0.90,-0.02,-13.18,-2.08,0.55,3.21,49.55,71.50,1
n,2022-10-14 18:19:31.883937,0.30,-0.93,-0.10,-1.22,-1.95,1.34,2.73,50.33,72.72,1
n,2022-10-14 18:19:31.913187,0.30,-0.90,-0.03,-13.00,7.75,-2.87,2.73,50.33,72.72,1
n,2022-10-14 18:19:31.934476,0.31,-0.88,0.02,-9.70,6.59,-6.90,2.73,50.33,72.72,1
n,2022-10-14 18:19:31.944919,0.30,-0.90,-0.02,0.06,-2.99,-15.75,2.80,50.26,72.72,1
n,2022-10-14 18:19:31.976187,0.14,-0.84,0.36,57.01,-24.96,0.06,2.80,50.26,72.72,1
n,2022-10-14 18:19:31.991838,0.27,-0.99,-0.57,155.94,-47.91,12.57,3.93,45.54,75.16,1
n,2022-10-14 18:19:32.007550,0.20,-0.94,-0.51,48.52,-20.26,5.80,3.93,45.54,75.16,1
n,2022-10-14 18:19:32.023155,0.22,-1.09,-0.31,-36.80,46.26,-35.03,3.93,45.54,75.16,1
n,2022-10-14 18:19:32.054305,0.29,-0.77,0.06,-47.67,38.70,-32.78,2.86,45.09,75.63,1
n,2022-10-14 18:19:32.070034,0.22,-0.80,0.00,-35.71,16.78,-26.67,2.86,45.09,75.63,1
n,2022-10-14 18:19:32.085655,0.18,-0.90,-0.02,-8.36,0.12,-23.68,1.99,47.95,74.72,1
n,2022-10-14 18:19:32.117221,0.27,-0.96,-0.06,9.22,-5.13,-22.16,1.99,47.95,74.72,1
n,2022-10-14 18:19:32.132965,0.29,-1.02,-0.13,16.72,-5.19,-20.14,1.81,47.92,75.40,1
n,2022-10-14 18:19:32.164103,0.28,-1.12,-0.10,4.88,-0.18,-13.37,1.81,47.92,75.40,1
n,2022-10-14 18:19:32.179727,0.33,-1.08,-0.08,3.97,-2.01,-6.10,1.81,47.92,75.40,1
n,2022-10-14 18:19:32.195456,0.31,-1.12,-0.10,0.00,-7.20,9.83,1.64,48.07,75.94,1
n,2022-10-14 18:19:32.211089,0.22,-1.19,-0.14,6.96,-5.43,1.59,1.64,48.07,75.94,1
n,2022-10-14 18:19:32.242224,0.22,-1.12,-0.12,26.67,-1.22,-15.01,1.65,47.94,75.46,1
n,2022-10-14 18:19:32.273470,0.22,-0.54,0.21,13.12,-1.59,-1.28,1.65,47.94,75.46,1
n,2022-10-14 18:19:32.289108,0.28,-1.03,-0.06,12.45,-13.85,35.71,2.19,47.00,75.33,1
n,2022-10-14 18:19:32.305757,0.23,-1.14,-0.16,15.14,-4.27,43.88,2.19,47.00,75.33,1
n,2022-10-14 18:19:32.336772,0.19,-1.04,-0.13,6.65,5.19,28.26,2.19,47.00,75.33,1
n,2022-10-14 18:19:32.352421,0.23,-1.06,-0.08,5.49,7.75,16.85,2.04,45.73,76.51,1
n,2022-10-14 18:19:32.368169,0.24,-0.91,-0.04,-7.75,22.83,11.23,2.04,45.73,76.51,1
n,2022-10-14 18:19:32.400202,0.17,-0.87,0.03,7.02,29.24,6.65,0.43,45.37,75.05,1
n,2022-10-14 18:19:32.415215,0.24,-0.86,-0.05,36.68,29.24,-0.67,0.43,45.37,75.05,1
n,2022-10-14 18:19:32.431879,0.20,-0.84,-0.21,57.86,13.37,-6.16,-1.93,43.49,77.22,1
n,2022-10-14 18:19:32.464151,0.15,-0.84,-0.27,27.95,13.37,-7.26,-1.93,43.49,77.22,1
n,2022-10-14 18:19:32.479163,0.12,-0.85,-0.34,8.97,8.12,-14.47,-1.93,43.49,77.22,1
n,2022-10-14 18:19:32.494930,0.13,-0.89,-0.23,-35.83,19.53,-34.24,-3.33,43.16,78.64,1
n,2022-10-14 18:19:32.526042,0.27,-0.79,-0.08,-27.28,17.15,-41.08,-3.33,43.16,78.64,1
n,2022-10-14 18:19:32.541769,0.18,-0.86,-0.12,15.56,-0.61,-38.09,-4.98,44.59,77.66,1
n,2022-10-14 18:19:32.557416,0.22,-0.85,-0.16,33.02,-5.13,-28.87,-4.98,44.59,77.66,1
n,2022-10-14 18:19:32.588623,0.23,-0.93,-0.24,22.89,-4.94,-15.44,-5.91,44.12,78.16,1
n,2022-10-14 18:19:32.605530,0.24,-1.09,-0.30,17.94,-3.66,-4.88,-5.91,44.12,78.16,1
n,2022-10-14 18:19:32.623003,0.27,-1.12,-0.26,8.61,1.22,-0.98,-5.91,44.12,78.16,1
n,2022-10-14 18:19:32.636515,0.28,-1.11,-0.21,6.65,-0.92,4.82,-5.85,43.44,78.36,1
n,2022-10-14 18:19:32.668836,0.24,-1.14,-0.27,3.72,-4.88,10.38,-5.85,43.44,78.36,1
n,2022-10-14 18:19:32.683956,0.19,-1.10,-0.25,-0.37,-0.18,-0.85,-5.85,43.51,78.82,1
n,2022-10-14 18:19:32.699672,0.18,-1.00,-0.19,-21.55,1.83,-5.92,-5.85,43.51,78.82,1
n,2022-10-14 18:19:32.730834,0.17,-0.80,0.01,-31.25,-5.00,-1.34,-5.85,43.51,78.82,1
n,2022-10-14 18:19:32.746461,-0.08,-0.89,-0.03,10.50,-25.70,33.14,-5.21,44.95,76.75,1
n,2022-10-14 18:19:32.762194,0.10,-1.02,-0.36,64.82,-21.85,42.91,-5.21,44.95,76.75,1
n,2022-10-14 18:19:32.793330,0.22,-1.04,-0.33,44.62,-6.35,41.56,-5.53,41.89,77.88,1
n,2022-10-14 18:19:32.809056,0.29,-1.00,-0.20,3.97,-2.08,37.66,-5.53,41.89,77.88,1
