J,2022-10-18 15:16:26.976779,-0.37,0.68,1.84,80.63,35.77,37.54,16.78,-3.49,-121.68,1
J,2022-10-18 15:16:26.994691,0.36,0.13,1.08,142.21,52.49,36.93,16.78,-3.49,-121.68,1
J,2022-10-18 15:16:27.012727,0.75,-0.25,0.62,126.89,63.60,30.94,16.78,-3.49,-121.68,1
J,2022-10-18 15:16:27.031884,0.88,-0.34,0.53,22.64,85.45,-22.28,22.62,-12.57,-114.55,1
J,2022-10-18 15:16:27.049898,0.92,-0.36,0.51,-35.89,60.55,-41.56,22.62,-12.57,-114.55,1
J,2022-10-18 15:16:27.067928,0.57,-0.51,0.56,-14.71,18.98,-45.78,22.62,-12.57,-114.55,1
J,2022-10-18 15:16:27.087021,0.33,-0.75,0.63,-2.56,9.58,-30.46,27.59,-22.13,-107.35,1
J,2022-10-18 15:16:27.104874,0.68,-0.87,0.30,-0.37,36.32,-7.81,27.59,-22.13,-107.35,1
J,2022-10-18 15:16:27.122892,0.97,-0.82,-0.16,-22.89,38.21,0.49,27.59,-22.13,-107.35,1
J,2022-10-18 15:16:27.142125,0.87,-0.76,0.02,-44.37,-28.75,-2.50,32.42,-29.04,-96.36,1
J,2022-10-18 15:16:27.159884,0.54,-0.67,0.25,-26.86,-61.52,2.81,32.42,-29.04,-96.36,1
J,2022-10-18 15:16:27.179088,0.51,-0.53,0.10,-21.42,-82.52,-0.43,34.83,-37.82,-96.85,1
J,2022-10-18 15:16:27.197095,-0.75,-0.49,1.65,-24.11,-60.42,-5.68,34.83,-37.82,-96.85,1
J,2022-10-18 15:16:27.214789,0.60,-0.58,1.04,19.35,-15.99,9.89,34.83,-37.82,-96.85,1
J,2022-10-18 15:16:27.233929,0.41,-0.05,0.86,15.93,-30.88,18.62,36.95,-42.26,-98.23,1
J,2022-10-18 15:16:27.251864,0.41,0.51,1.24,22.95,14.04,-61.34,36.95,-42.26,-98.23,1
J,2022-10-18 15:16:27.269795,0.42,0.02,1.10,114.87,39.79,-95.76,36.95,-42.26,-98.23,1
J,2022-10-18 15:16:27.288806,0.48,-1.11,0.18,111.51,56.58,-90.52,42.87,-43.54,-89.17,1
J,2022-10-18 15:16:27.306782,0.02,-1.92,0.09,60.91,7.87,-5.43,42.87,-43.54,-89.17,1
J,2022-10-18 15:16:27.325805,0.44,-1.60,-0.04,-2.20,36.19,44.68,42.77,-41.65,-83.69,1
J,2022-10-18 15:16:27.343816,0.93,-0.82,0.08,-90.39,66.41,56.64,42.77,-41.65,-83.69,1
J,2022-10-18 15:16:27.361882,1.08,-0.03,0.16,-112.92,30.94,45.23,42.77,-41.65,-83.69,1
J,2022-10-18 15:16:27.380807,1.01,0.37,0.48,-40.16,-71.72,-22.22,39.03,-40.47,-91.41,1
J,2022-10-18 15:16:27.398691,0.50,0.03,1.32,6.59,46.02,-37.90,39.03,-40.47,-91.41,1
J,2022-10-18 15:16:27.416605,-0.66,0.33,0.28,32.35,-0.49,7.51,0.00,0.00,0.00,1
J,2022-10-18 15:16:27.436005,0.45,-0.36,0.67,109.01,-86.79,-52.73,42.46,-44.12,-94.98,1
J,2022-10-18 15:16:27.453858,0.08,-0.53,0.24,84.72,-118.77,-85.82,42.46,-44.12,-94.98,1
J,2022-10-18 15:16:27.471972,0.44,-0.72,0.49,57.19,-109.13,-94.85,42.46,-44.12,-94.98,1
J,2022-10-18 15:16:27.490814,0.39,-0.66,0.65,38.57,-88.38,-77.27,44.96,-38.72,-103.92,1
J,2022-10-18 15:16:27.508860,0.55,-1.03,0.71,42.97,-82.46,-33.08,44.96,-38.72,-103.92,1
J,2022-10-18 15:16:27.527833,0.57,-1.27,0.57,6.23,-47.24,6.77,44.02,-34.75,-111.80,1
