M,2022-11-08 15:07:43.737657,2.518829,10.769668,-0.919420,0.008253,-0.272362,1.534073,-17.863821,-18.340579,-77.751548,1
M,2022-11-08 15:07:43.833747,3.375996,8.360979,-0.952941,-0.555147,-0.940159,0.693434,-18.042459,-21.397342,-79.997703,1
M,2022-11-08 15:07:43.929649,1.417440,6.215664,-0.124505,-2.403409,0.382120,-0.698622,-21.615222,-26.072391,-80.688827,1
M,2022-11-08 15:07:44.025618,6.402421,14.940581,2.485308,-1.773429,0.805835,0.521258,-21.615222,-26.072391,-80.688827,1
M,2022-11-08 15:07:44.121585,1.331244,7.398460,-2.399112,3.813302,-1.453358,0.336964,-5.180508,-22.835819,-122.156318,1
M,2022-11-08 15:07:44.217450,3.002482,7.618738,-0.205912,-0.120246,-0.681696,1.086922,-14.648333,-27.690677,-85.008354,1
M,2022-11-08 15:07:44.313214,4.247530,12.474427,0.589004,-2.222445,0.327791,-0.259060,-23.044328,-24.274295,-92.783508,1
M,2022-11-08 15:07:44.409362,1.450960,11.550218,0.646467,2.062247,-1.285976,0.091683,-21.079307,-25.892581,-108.506599,1
M,2022-11-08 15:07:44.505093,2.111793,8.485484,-2.016021,1.331332,-1.432319,0.938981,-21.079307,-25.892581,-108.506599,1
M,2022-11-08 15:07:44.601191,2.451787,8.509427,-2.365592,0.113183,-0.775041,1.139387,-31.976238,-19.958866,-72.395332,1
M,2022-11-08 15:07:44.696965,4.051196,5.511733,-0.742240,-0.715738,-0.450530,0.140021,-36.442192,-15.823246,-64.965736,1
M,2022-11-08 15:07:44.792973,3.098255,12.962869,2.250664,-2.160259,1.279486,-0.201535,-34.119895,-21.397342,-90.710136,1
M,2022-11-08 15:07:44.888643,-0.210700,9.409692,-2.154891,1.746791,-0.408052,-1.038313,-19.114288,-15.643436,-84.835578,1
