Y,2022-10-30 19:02:07.227994,0.19,-0.10,0.90,-28.56,-5.13,-3.85,32.84,-5.05,-110.05,1
Y,2022-10-30 19:02:07.246941,0.19,-0.07,0.88,-21.79,-6.29,-1.10,32.96,-5.64,-108.74,1
Y,2022-10-30 19:02:07.264864,0.20,-0.04,0.86,-21.18,-7.57,-1.28,32.96,-5.64,-108.74,1
Y,2022-10-30 19:02:07.282987,0.15,-0.04,0.89,-25.45,-11.84,-4.21,32.96,-5.64,-108.74,1
Y,2022-10-30 19:02:07.301885,0.13,-0.01,0.91,-29.11,-11.72,-5.19,33.44,-5.73,-108.67,1
Y,2022-10-30 19:02:07.319918,0.18,0.03,0.84,-28.81,-12.21,-5.86,33.44,-5.73,-108.67,1
Y,2022-10-30 19:02:07.337891,0.23,0.12,0.82,-36.19,-17.82,-13.00,33.44,-5.73,-108.67,1
Y,2022-10-30 19:02:07.356730,0.14,0.18,0.75,-41.69,-21.97,-20.14,34.17,-6.09,-108.45,1
Y,2022-10-30 19:02:07.374829,0.09,0.36,1.00,26.18,-7.26,-2.50,34.17,-6.09,-108.45,1
Y,2022-10-30 19:02:07.392774,0.15,-0.13,0.88,73.18,-0.43,30.15,34.17,-6.09,-108.45,1
Y,2022-10-30 19:02:07.411817,0.11,-0.10,0.87,12.94,15.69,20.81,34.47,-7.36,-107.68,1
Y,2022-10-30 19:02:07.429725,0.09,0.22,0.92,-91.06,-17.82,-37.90,34.47,-7.36,-107.68,1
Y,2022-10-30 19:02:07.448718,0.05,0.09,0.76,-60.00,-35.40,-48.28,32.89,-5.29,-108.87,1
Y,2022-10-30 19:02:07.466789,0.07,0.14,0.78,-43.58,-40.71,-47.61,32.89,-5.29,-108.87,1
Y,2022-10-30 19:02:07.484728,0.10,0.21,0.87,37.96,-34.61,-16.85,32.89,-5.29,-108.87,1
Y,2022-10-30 19:02:07.503827,0.14,0.03,1.07,54.81,-14.71,-2.56,33.00,-4.20,-113.29,1
Y,2022-10-30 19:02:07.521747,0.16,-0.06,1.16,46.26,-2.62,7.75,33.00,-4.20,-113.29,1
Y,2022-10-30 19:02:07.539796,0.16,-0.14,1.17,20.94,-1.53,8.12,33.00,-4.20,-113.29,1
Y,2022-10-30 19:02:07.558916,0.25,-0.18,1.23,-0.73,-3.78,6.77,33.22,-4.27,-114.20,1
Y,2022-10-30 19:02:07.576646,0.25,-0.22,1.22,0.12,6.10,20.69,33.22,-4.27,-114.20,1
Y,2022-10-30 19:02:07.595855,0.18,-0.10,1.12,7.32,-4.39,21.67,34.38,-6.41,-114.64,1
Y,2022-10-30 19:02:07.613761,0.16,0.01,1.11,22.46,-27.95,6.96,34.38,-6.41,-114.64,1
Y,2022-10-30 19:02:07.631641,0.16,0.03,1.20,43.46,-55.18,3.17,34.38,-6.41,-114.64,1
Y,2022-10-30 19:02:07.650860,-0.03,-0.02,0.73,-99.55,115.84,-36.56,35.72,-6.51,-113.28,1
Y,2022-10-30 19:02:07.668861,0.08,0.12,0.89,-21.97,48.58,-50.05,35.72,-6.51,-113.28,1
Y,2022-10-30 19:02:07.686785,0.15,0.14,0.98,-29.24,27.59,-38.39,35.72,-6.51,-113.28,1
Y,2022-10-30 19:02:07.705716,0.16,0.09,0.88,-1.95,28.32,-29.48,37.07,-3.83,-105.43,1
Y,2022-10-30 19:02:07.723754,0.07,-0.06,0.77,66.41,2.44,1.71,37.07,-3.83,-105.43,1
Y,2022-10-30 19:02:07.741730,0.05,-0.34,0.68,60.91,-6.04,1.16,37.07,-3.83,-105.43,1
Y,2022-10-30 19:02:07.760546,0.06,-0.39,0.73,63.90,-28.38,14.47,39.28,-2.70,-102.39,1
Y,2022-10-30 19:02:07.778777,0.06,-0.29,0.78,25.45,-31.25,8.42,39.28,-2.70,-102.39,1
Y,2022-10-30 19:02:07.797753,0.07,-0.22,0.79,-29.54,-4.76,-15.81,39.31,-2.25,-103.11,1
Y,2022-10-30 19:02:07.815911,0.00,-0.16,0.85,-84.05,29.79,-26.73,39.31,-2.25,-103.11,1
Y,2022-10-30 19:02:07.833880,-0.21,-0.22,1.08,-34.73,12.70,-2.62,39.31,-2.25,-103.11,1
Y,2022-10-30 19:02:07.852629,0.01,-0.23,0.86,22.58,18.07,29.36,37.85,-3.38,-104.32,1
Y,2022-10-30 19:02:07.870637,0.28,-0.20,0.98,11.60,21.79,25.82,37.85,-3.38,-104.32,1
Y,2022-10-30 19:02:07.888750,0.49,-0.15,0.85,-29.97,-0.12,16.17,37.85,-3.38,-104.32,1
Y,2022-10-30 19:02:07.907545,0.57,0.19,0.67,-55.36,-11.17,2.38,35.39,-4.39,-106.77,1
Y,2022-10-30 19:02:07.925726,0.55,0.30,0.56,-62.99,-32.71,-11.23,35.39,-4.39,-106.77,1
Y,2022-10-30 19:02:07.944750,0.38,0.27,0.60,-62.56,-60.42,-16.97,34.89,-7.10,-110.73,1
Y,2022-10-30 19:02:07.962724,-0.26,0.65,1.20,-53.65,84.47,-35.22,34.89,-7.10,-110.73,1
Y,2022-10-30 19:02:07.980827,0.17,0.17,1.14,97.23,-53.04,-0.43,34.89,-7.10,-110.73,1
Y,2022-10-30 19:02:07.999748,0.09,-0.20,0.81,63.96,-74.83,-8.54,34.16,-4.42,-113.37,1
Y,2022-10-30 19:02:08.017845,0.03,-0.05,0.83,2.38,-70.50,-35.34,34.16,-4.42,-113.37,1
Y,2022-10-30 19:02:08.036003,0.08,-0.02,0.88,-9.64,-61.95,-37.17,34.16,-4.42,-113.37,1
Y,2022-10-30 19:02:08.054709,0.05,0.04,1.02,-9.03,-35.34,-18.43,31.14,-2.94,-117.40,1
Y,2022-10-30 19:02:08.072724,0.08,0.10,1.08,1.22,-21.67,-1.53,31.14,-2.94,-117.40,1
Y,2022-10-30 19:02:08.090636,0.07,0.10,1.11,22.09,-22.40,13.12,31.14,-2.94,-117.40,1
Y,2022-10-30 19:02:08.109613,0.06,0.08,1.23,43.95,-18.43,34.91,30.51,-3.61,-120.02,1
Y,2022-10-30 19:02:08.127543,0.08,0.11,1.17,67.87,4.52,58.23,30.51,-3.61,-120.02,1
Y,2022-10-30 19:02:08.146545,0.08,-0.06,1.02,99.61,10.44,65.12,32.89,-6.70,-121.03,1
Y,2022-10-30 19:02:08.164791,-0.00,-0.21,0.94,78.00,-5.07,44.80,32.89,-6.70,-121.03,1
Y,2022-10-30 19:02:08.182901,-0.11,-0.15,1.09,-27.95,-3.85,-25.45,32.89,-6.70,-121.03,1
Y,2022-10-30 19:02:08.201773,-0.61,-0.35,1.27,-66.65,76.60,-31.68,33.20,-5.51,-120.12,1
Y,2022-10-30 19:02:08.219726,0.11,-0.45,0.90,23.68,88.93,17.58,33.20,-5.51,-120.12,1
Y,2022-10-30 19:02:08.237540,0.18,-0.43,0.88,19.47,67.20,28.20,33.20,-5.51,-120.12,1
Y,2022-10-30 19:02:08.256644,0.12,-0.52,0.87,9.64,46.02,23.62,31.51,-4.09,-115.58,1
Y,2022-10-30 19:02:08.274858,0.21,-0.55,0.85,-0.12,43.52,35.10,31.51,-4.09,-115.58,1
Y,2022-10-30 19:02:08.293641,0.30,-0.48,0.80,-2.44,25.39,49.44,28.11,-3.52,-116.49,1
Y,2022-10-30 19:02:08.311728,0.30,-0.39,0.80,-14.16,15.26,55.91,28.11,-3.52,-116.49,1
